#MEDIUM_PROPERTIES_DISTRIBUTED
$MSH_TYPE
	 GROUNDWATER_FLOW	
$MMP_TYPE
	 PERMEABILITY	
$DIS_TYPE
	 NEAREST_VALUE	
;hj
$CONVERSION_FACTOR
2e-8;2e-6;2e-13
$DATA
0.0 0 0.0 0.0125980519061456
0.0 0 0.01 0.042428298119622176
0.0 0 0.02 0.07650325042755593
0.0 0 0.03 0.16144531245830956
0.0 0 0.04 0.04374137650118062
0.0 0 0.05 0.03683400064372206
0.0 0 0.06 0.04485212639361297
0.0 0 0.07 0.05032673561571064
0.0 0 0.08 0.08498434898258203
0.0 0 0.09 0.01560203235125559
0.0 0 0.1 0.012949032178890502
0.0 0 0.11 0.043070502022058234
0.0 0 0.12 0.007383554032490854
0.0 0 0.13 0.0060840718818927254
0.0 0 0.14 0.015358075739277773
0.0 0 0.15 0.011354106939137543
0.0 0 0.16 0.005524958270999322
0.0 0 0.17 0.001159141613579168
0.0 0 0.18 0.0008393435851426834
0.0 0 0.19 0.005351937134373022
0.0 0 0.2 0.011176970130780199
0.0 0 0.21 0.018120292471282128
0.0 0 0.22 0.05202535091739289
0.0 0 0.23 0.007854671323457752
0.0 0 0.24 0.00636293579913282
0.0 0 0.25 0.026067030014860045
0.0 0 0.26 0.007339711557539662
0.0 0 0.27 0.0005026073105587769
0.0 0 0.28 0.00010796928755500111
0.0 0 0.29 0.00038169506811843807
0.0 0 0.3 0.0010114831771537445
0.0 0 0.31 0.00027816414925686676
0.0 0 0.32 0.00013294940350173045
0.0 0 0.33 0.00013657522901545008
0.0 0 0.34 0.00014364569261681516
0.0 0 0.35000000000000003 0.0006356532493862593
0.0 0 0.36 0.0031581443611161655
0.0 0 0.37 0.0031637316239329855
0.0 0 0.38 0.0010623688790876663
0.0 0 0.39 0.008666712430144078
0.0 0 0.4 0.003084503961910182
0.0 0 0.41000000000000003 0.0005145776224506647
0.0 0 0.42 0.0060887794018119
0.0 0 0.43 0.003979134246509315
0.0 0 0.44 0.07952899819140892
0.0 0 0.45 0.18679901186134765
0.0 0 0.46 0.24252056604293595
0.0 0 0.47000000000000003 4.741885617296439
0.0 0 0.48 0.57187882563222
0.0 0 0.49 0.33670260197953883
0.0 0 0.5 0.21720499408097851
0.01 0 0.0 0.007978123929272489
0.01 0 0.01 0.005383312101920343
0.01 0 0.02 0.009689723213793648
0.01 0 0.03 0.012337305511031186
0.01 0 0.04 0.003660302559250596
0.01 0 0.05 0.05056773672288147
0.01 0 0.06 0.4489577189716941
0.01 0 0.07 0.06512800499073854
0.01 0 0.08 0.061669965425166985
0.01 0 0.09 0.5217320914663645
0.01 0 0.1 0.11226990499988701
0.01 0 0.11 0.008861640131131374
0.01 0 0.12 0.005258081245741505
0.01 0 0.13 0.03215237025302413
0.01 0 0.14 0.019483575377382135
0.01 0 0.15 0.006866795011335021
0.01 0 0.16 0.0006778222945834682
0.01 0 0.17 0.0005649841581691321
0.01 0 0.18 0.0022120933357406597
0.01 0 0.19 0.0002867435406826476
0.01 0 0.2 0.011773676821819718
0.01 0 0.21 0.015191292830680835
0.01 0 0.22 0.0024974647031219457
0.01 0 0.23 0.04979808133979557
0.01 0 0.24 0.00865555324411774
0.01 0 0.25 0.0018118594513134325
0.01 0 0.26 0.0195440919943364
0.01 0 0.27 0.016030672619330603
0.01 0 0.28 0.0077593875946712285
0.01 0 0.29 0.003410533447570182
0.01 0 0.3 0.0006376516170130922
0.01 0 0.31 0.0006494258264890861
0.01 0 0.32 0.0002327480765312101
0.01 0 0.33 0.00043911680373829725
0.01 0 0.34 0.00015404110677776924
0.01 0 0.35000000000000003 5.8810300111679995e-05
0.01 0 0.36 0.00039125110669012696
0.01 0 0.37 0.003373879119917573
0.01 0 0.38 0.017828153367398618
0.01 0 0.39 0.001193471441112832
0.01 0 0.4 0.00034565209542917856
0.01 0 0.41000000000000003 0.0002976802973669467
0.01 0 0.42 0.000787164064041114
0.01 0 0.43 0.0006977689691911272
0.01 0 0.44 0.0001134409712285104
0.01 0 0.45 0.0012153944616495073
0.01 0 0.46 0.035253861839769626
0.01 0 0.47000000000000003 2.1645104611750257
0.01 0 0.48 15.46618503430233
0.01 0 0.49 1.1298613383136418
0.01 0 0.5 0.04163352839912873
0.02 0 0.0 0.004949657855367825
0.02 0 0.01 0.008339035142681018
0.02 0 0.02 0.008388582251567571
0.02 0 0.03 0.00421297339089783
0.02 0 0.04 0.0690506632641388
0.02 0 0.05 0.10667702646521005
0.02 0 0.06 0.010240820149683067
0.02 0 0.07 0.23153193487681992
0.02 0 0.08 0.0658189251266287
0.02 0 0.09 0.003608623979502777
0.02 0 0.1 0.01681323024025703
0.02 0 0.11 0.0075462695808039305
0.02 0 0.12 0.0027150838301502256
0.02 0 0.13 0.004295986464602705
0.02 0 0.14 0.00497586465391766
0.02 0 0.15 0.0026269060498707087
0.02 0 0.16 0.0012834865449990749
0.02 0 0.17 0.0012628281852745983
0.02 0 0.18 0.0006076895772143605
0.02 0 0.19 0.002585588628995291
0.02 0 0.2 0.010471624983817217
0.02 0 0.21 0.008397979397407187
0.02 0 0.22 0.04123059606486408
0.02 0 0.23 0.007709139163375397
0.02 0 0.24 0.0046196551349146865
0.02 0 0.25 0.03718720001373123
0.02 0 0.26 0.006582731586194458
0.02 0 0.27 0.0023163261903208247
0.02 0 0.28 0.005921773107197601
0.02 0 0.29 0.005128882852653691
0.02 0 0.3 0.0024786675282703133
0.02 0 0.31 0.0002891640068621564
0.02 0 0.32 0.00012586644706415005
0.02 0 0.33 0.0007654016929863905
0.02 0 0.34 0.00016848925623052746
0.02 0 0.35000000000000003 7.100706357639103e-05
0.02 0 0.36 0.00024206431596859404
0.02 0 0.37 0.0014498925021645102
0.02 0 0.38 0.003184025807365475
0.02 0 0.39 0.00011718254417433206
0.02 0 0.4 0.00011316510881213208
0.02 0 0.41000000000000003 0.0010971594775065641
0.02 0 0.42 0.0006148535088612685
0.02 0 0.43 0.0005372450592855223
0.02 0 0.44 0.0005753888992299183
0.02 0 0.45 0.00013366925300108132
0.02 0 0.46 0.0005213301204175594
0.02 0 0.47000000000000003 0.015241598476924795
0.02 0 0.48 0.07223987583839249
0.02 0 0.49 0.013053351111902063
0.02 0 0.5 0.004603608938404001
0.03 0 0.0 0.009658289274261598
0.03 0 0.01 0.020704924515426666
0.03 0 0.02 0.008450730154507122
0.03 0 0.03 0.10340542211633201
0.03 0 0.04 0.4805294617111015
0.03 0 0.05 0.024713367938878482
0.03 0 0.06 0.07350948957811569
0.03 0 0.07 0.0725657597405614
0.03 0 0.08 0.019250807123343993
0.03 0 0.09 0.013424724337880316
0.03 0 0.1 0.000621231782945564
0.03 0 0.11 0.0012357316825133426
0.03 0 0.12 0.000894349001098695
0.03 0 0.13 0.0004895951459481261
0.03 0 0.14 0.0004932016608753951
0.03 0 0.15 0.00016991697433341703
0.03 0 0.16 0.00020300617120128767
0.03 0 0.17 0.0007470705993753582
0.03 0 0.18 0.001013075969348562
0.03 0 0.19 7.344042262690277e-05
0.03 0 0.2 0.0006496779646202491
0.03 0 0.21 0.012563961353400986
0.03 0 0.22 0.005014529018554262
0.03 0 0.23 0.0016064764554374557
0.03 0 0.24 0.0038640294842773744
0.03 0 0.25 0.0028546898668478896
0.03 0 0.26 0.00163646133637595
0.03 0 0.27 0.002798269488489066
0.03 0 0.28 0.0007282014388922316
0.03 0 0.29 0.0009609809054569627
0.03 0 0.3 0.00030160344900394763
0.03 0 0.31 0.0002915164236208119
0.03 0 0.32 0.00044224560611728404
0.03 0 0.33 6.344067183390442e-05
0.03 0 0.34 7.727760595115167e-05
0.03 0 0.35000000000000003 0.0005274305488798489
0.03 0 0.36 0.0013563843481370656
0.03 0 0.37 0.000967031750389428
0.03 0 0.38 0.000530677721310876
0.03 0 0.39 0.0005520640102713655
0.03 0 0.4 0.004432313924586173
0.03 0 0.41000000000000003 0.003039439605178621
0.03 0 0.42 0.0017412905670927408
0.03 0 0.43 0.0005143469333921917
0.03 0 0.44 0.0002844747105520754
0.03 0 0.45 0.0019471186985760502
0.03 0 0.46 0.00011998144563711594
0.03 0 0.47000000000000003 4.334046707315586e-05
0.03 0 0.48 0.0009803509031777148
0.03 0 0.49 0.002598347358400008
0.03 0 0.5 0.011404725675889122
0.04 0 0.0 0.0006395182144376937
0.04 0 0.01 0.027226133118281388
0.04 0 0.02 0.024963221546451277
0.04 0 0.03 0.002861035891139263
0.04 0 0.04 0.010573175183071663
0.04 0 0.05 0.018669623796638467
0.04 0 0.06 0.0019975743367106292
0.04 0 0.07 0.0018055171528615888
0.04 0 0.08 0.004817836738052826
0.04 0 0.09 0.0005585581483520532
0.04 0 0.1 0.00016436462550096855
0.04 0 0.11 0.002098734669859489
0.04 0 0.12 0.0016691728038720822
0.04 0 0.13 0.0006605865118504394
0.04 0 0.14 0.0003472696624325054
0.04 0 0.15 0.0017592686802561316
0.04 0 0.16 0.0217479462056027
0.04 0 0.17 0.0001579838497620229
0.04 0 0.18 7.629714926848134e-05
0.04 0 0.19 0.0010384056789861566
0.04 0 0.2 0.00022847895673317557
0.04 0 0.21 0.0006576647146634907
0.04 0 0.22 0.00549020881076242
0.04 0 0.23 0.00966559979543945
0.04 0 0.24 0.0013939464355484182
0.04 0 0.25 0.0007947916182264042
0.04 0 0.26 0.0035903558130121107
0.04 0 0.27 0.00032016072867626266
0.04 0 0.28 0.0005418719189935826
0.04 0 0.29 0.0026439148549599932
0.04 0 0.3 0.00017349938766292729
0.04 0 0.31 0.00014980141354835636
0.04 0 0.32 0.00011216199638181818
0.04 0 0.33 4.617649012864394e-05
0.04 0 0.34 5.903366001256945e-05
0.04 0 0.35000000000000003 0.00010353841886121117
0.04 0 0.36 0.00046774263939536575
0.04 0 0.37 0.004110954454815747
0.04 0 0.38 0.04620077139835147
0.04 0 0.39 0.1869792107533934
0.04 0 0.4 0.6692125832852829
0.04 0 0.41000000000000003 0.5584668044567115
0.04 0 0.42 0.022708994916107256
0.04 0 0.43 0.0010991846037785716
0.04 0 0.44 0.0010165847922269091
0.04 0 0.45 0.0004914542820839753
0.04 0 0.46 0.0011152084189099392
0.04 0 0.47000000000000003 0.007670529298660262
0.04 0 0.48 0.022879246287032622
0.04 0 0.49 0.31211771712798303
0.04 0 0.5 0.1522632739900925
0.05 0 0.0 0.07278618792214951
0.05 0 0.01 0.0044812348172512135
0.05 0 0.02 0.0045838395873896084
0.05 0 0.03 0.011181802701509992
0.05 0 0.04 0.0013553308489114132
0.05 0 0.05 0.00028811814399971614
0.05 0 0.06 0.00026492650844911757
0.05 0 0.07 0.00020562079571144866
0.05 0 0.08 1.0281909406108205e-05
0.05 0 0.09 3.393205032623904e-05
0.05 0 0.1 0.0004181054526263574
0.05 0 0.11 0.0008350972302151081
0.05 0 0.12 0.00032943896119822744
0.05 0 0.13 0.00014698739171904656
0.05 0 0.14 0.00036738617957259267
0.05 0 0.15 0.0007060481674237077
0.05 0 0.16 0.0002485046259636566
0.05 0 0.17 4.546903610559477e-05
0.05 0 0.18 3.984633886792349e-05
0.05 0 0.19 3.431884856113058e-05
0.05 0 0.2 0.00017897080574047567
0.05 0 0.21 0.00047278091993525667
0.05 0 0.22 0.0005976187507134888
0.05 0 0.23 0.0011671253019672433
0.05 0 0.24 0.002086626602198124
0.05 0 0.25 0.0022296818437691256
0.05 0 0.26 0.0017425770721671576
0.05 0 0.27 0.0015813272022903438
0.05 0 0.28 0.0017019837846210968
0.05 0 0.29 0.002936574326675002
0.05 0 0.3 0.0006707550866946821
0.05 0 0.31 0.0004142931908520661
0.05 0 0.32 5.432462658020312e-05
0.05 0 0.33 7.986500401906478e-05
0.05 0 0.34 0.0005372423955464713
0.05 0 0.35000000000000003 0.0009897758817070013
0.05 0 0.36 0.016414169533686625
0.05 0 0.37 0.010703109586432476
0.05 0 0.38 0.06297985160180121
0.05 0 0.39 0.9191289951236332
0.05 0 0.4 1.456730431217646
0.05 0 0.41000000000000003 0.3257576550715665
0.05 0 0.42 0.022222849396674148
0.05 0 0.43 0.015874396149299357
0.05 0 0.44 0.004095963778161026
0.05 0 0.45 0.0013792676330122533
0.05 0 0.46 0.008013827557571188
0.05 0 0.47000000000000003 0.049326863231717026
0.05 0 0.48 0.3400715616630307
0.05 0 0.49 0.7902500767988258
0.05 0 0.5 0.018722040882378242
0.06 0 0.0 0.004486026250001571
0.06 0 0.01 0.0019692223105570905
0.06 0 0.02 0.014337990559857915
0.06 0 0.03 0.0023789576809202856
0.06 0 0.04 0.00011546306935673509
0.06 0 0.05 5.002218614922916e-05
0.06 0 0.06 4.570309518151305e-05
0.06 0 0.07 0.00022572801719052252
0.06 0 0.08 8.423488189775515e-05
0.06 0 0.09 0.00014890020227877258
0.06 0 0.1 0.0004435429629367209
0.06 0 0.11 8.612547934874069e-05
0.06 0 0.12 0.00012156514618377139
0.06 0 0.13 8.365702234288443e-05
0.06 0 0.14 3.372904965824007e-05
0.06 0 0.15 7.971997432729178e-05
0.06 0 0.16 0.0004848947975784004
0.06 0 0.17 0.00036710442014368816
0.06 0 0.18 0.00019306379121848335
0.06 0 0.19 0.002718227651056539
0.06 0 0.2 0.005848727932949448
0.06 0 0.21 0.0014996371946000401
0.06 0 0.22 0.004290735782403454
0.06 0 0.23 0.004704319526515715
0.06 0 0.24 0.0033950036152945824
0.06 0 0.25 0.0009954694715374741
0.06 0 0.26 0.00015865151046765984
0.06 0 0.27 0.00047111708595807774
0.06 0 0.28 0.0002153051753778165
0.06 0 0.29 0.00014752165977596003
0.06 0 0.3 0.00038633352510250064
0.06 0 0.31 7.707186828253431e-05
0.06 0 0.32 4.001959365786639e-05
0.06 0 0.33 0.00011623687968039698
0.06 0 0.34 0.00025398802325778884
0.06 0 0.35000000000000003 0.000960438936359647
0.06 0 0.36 0.0010908088174606963
0.06 0 0.37 0.0017051248358368528
0.06 0 0.38 0.009076108041864211
0.06 0 0.39 0.006306152777231172
0.06 0 0.4 0.044908074996498966
0.06 0 0.41000000000000003 0.3443872840203933
0.06 0 0.42 0.05266356838338271
0.06 0 0.43 0.029133441047454387
0.06 0 0.44 0.084110113087842
0.06 0 0.45 0.08392282107226268
0.06 0 0.46 0.1407787802908309
0.06 0 0.47000000000000003 0.08572556866747547
0.06 0 0.48 0.026502275576379193
0.06 0 0.49 0.09987797855960696
0.06 0 0.5 0.12040981921046215
0.07 0 0.0 0.005701104388469538
0.07 0 0.01 0.004687818181921175
0.07 0 0.02 0.0010855610145173952
0.07 0 0.03 0.004376210881228751
0.07 0 0.04 0.010634392825506734
0.07 0 0.05 0.0006613081211171706
0.07 0 0.06 0.0004932272937970152
0.07 0 0.07 0.0015706533209033527
0.07 0 0.08 0.0007775850229218156
0.07 0 0.09 0.00043517774776950037
0.07 0 0.1 4.558678640449492e-05
0.07 0 0.11 0.00016974609732999237
0.07 0 0.12 0.00014114110113062605
0.07 0 0.13 4.945135748369499e-05
0.07 0 0.14 0.0006118160739269845
0.07 0 0.15 0.00047190481007951637
0.07 0 0.16 0.0009169776142165175
0.07 0 0.17 0.017619712621883103
0.07 0 0.18 0.04909979027127315
0.07 0 0.19 0.018809651768695028
0.07 0 0.2 0.012384740992378802
0.07 0 0.21 0.01853166741074859
0.07 0 0.22 0.04085438956191116
0.07 0 0.23 0.002851500938709147
0.07 0 0.24 0.000886995227615725
0.07 0 0.25 0.0006890416950426926
0.07 0 0.26 0.00011683647107707103
0.07 0 0.27 0.0001821091325460467
0.07 0 0.28 7.57260994598304e-05
0.07 0 0.29 0.0008133450263979502
0.07 0 0.3 0.0016680167408000142
0.07 0 0.31 0.002752298510360847
0.07 0 0.32 0.008437682534828786
0.07 0 0.33 0.000802534077257516
0.07 0 0.34 0.0010229960035554085
0.07 0 0.35000000000000003 0.00034447613415604757
0.07 0 0.36 0.0002462748584365113
0.07 0 0.37 0.0008307943753495316
0.07 0 0.38 0.0005691623568140381
0.07 0 0.39 0.0029616092885106577
0.07 0 0.4 0.02822204496371315
0.07 0 0.41000000000000003 0.01223214839984977
0.07 0 0.42 0.021546233304635818
0.07 0 0.43 0.13750914317002252
0.07 0 0.44 0.37654236526177254
0.07 0 0.45 0.15197084540637745
0.07 0 0.46 0.03693735871554935
0.07 0 0.47000000000000003 0.1818219788388395
0.07 0 0.48 0.10147144958662699
0.07 0 0.49 0.04541063734994253
0.07 0 0.5 0.017294535441457214
0.08 0 0.0 0.006875439875465425
0.08 0 0.01 0.022248995019533615
0.08 0 0.02 0.00728121345650513
0.08 0 0.03 0.021852418494072698
0.08 0 0.04 0.018005524034648578
0.08 0 0.05 0.040883289632019766
0.08 0 0.06 0.003673661141485352
0.08 0 0.07 6.135385385580582e-05
0.08 0 0.08 1.4566863884548846e-05
0.08 0 0.09 2.9567213232773767e-05
0.08 0 0.1 0.0004433831167029834
0.08 0 0.11 0.0005303031068307211
0.08 0 0.12 0.0008385052045215032
0.08 0 0.13 0.008759094210791499
0.08 0 0.14 0.005202984281308735
0.08 0 0.15 0.016589277373672794
0.08 0 0.16 0.12300408573556224
0.08 0 0.17 0.030547645428340237
0.08 0 0.18 0.21611755808678748
0.08 0 0.19 0.35809302880495747
0.08 0 0.2 0.06017257092232579
0.08 0 0.21 0.01932363144314503
0.08 0 0.22 0.00112339680418199
0.08 0 0.23 0.00042661851241784473
0.08 0 0.24 0.00035025082918629057
0.08 0 0.25 0.00011641545608438292
0.08 0 0.26 4.024597709827439e-05
0.08 0 0.27 0.00032937467775926257
0.08 0 0.28 0.0007933440749122338
0.08 0 0.29 0.00010658544184946326
0.08 0 0.3 0.001230413815540833
0.08 0 0.31 0.009983896878929165
0.08 0 0.32 0.0012645722988173715
0.08 0 0.33 0.0003361979469936346
0.08 0 0.34 0.0003766284598373285
0.08 0 0.35000000000000003 0.0005018008519702507
0.08 0 0.36 0.000600584746057466
0.08 0 0.37 0.0012758690413210887
0.08 0 0.38 0.006773560131816152
0.08 0 0.39 0.05068143337418018
0.08 0 0.4 0.057842537634391
0.08 0 0.41000000000000003 0.05437437428882378
0.08 0 0.42 0.5804111218940263
0.08 0 0.43 0.3494377889366385
0.08 0 0.44 0.5797826366715944
0.08 0 0.45 0.5248077974786898
0.08 0 0.46 0.06986102513978389
0.08 0 0.47000000000000003 0.8342052041150884
0.08 0 0.48 1.001326789081174
0.08 0 0.49 0.46031943730765273
0.08 0 0.5 0.014197897968855868
0.09 0 0.0 0.10690930573315302
0.09 0 0.01 0.027846815761304856
0.09 0 0.02 0.06081403868562464
0.09 0 0.03 0.11237017247181046
0.09 0 0.04 0.035446652398622804
0.09 0 0.05 0.01442649999586908
0.09 0 0.06 0.0001285689882239955
0.09 0 0.07 6.0512416646301945e-05
0.09 0 0.08 0.0008495250782665453
0.09 0 0.09 0.0004745435941530919
0.09 0 0.1 3.628755699781503e-05
0.09 0 0.11 0.00035338131186599803
0.09 0 0.12 0.0031293777426576533
0.09 0 0.13 0.0012816050593029594
0.09 0 0.14 0.04071554386770265
0.09 0 0.15 0.27654339258847327
0.09 0 0.16 0.021048000562660936
0.09 0 0.17 0.034511104084025565
0.09 0 0.18 0.21350693265926085
0.09 0 0.19 0.15980760640198927
0.09 0 0.2 0.35921924690741236
0.09 0 0.21 0.04521116251859567
0.09 0 0.22 0.043166971548541655
0.09 0 0.23 0.04699107005496157
0.09 0 0.24 0.0010972145466819519
0.09 0 0.25 0.004099144975863123
0.09 0 0.26 0.018296688534440678
0.09 0 0.27 0.009175045721192106
0.09 0 0.28 0.011193083373428414
0.09 0 0.29 0.016160396884217415
0.09 0 0.3 0.018728721788385257
0.09 0 0.31 0.018157314248239027
0.09 0 0.32 0.001089726217175674
0.09 0 0.33 0.0005734398422184539
0.09 0 0.34 0.0034099970175551016
0.09 0 0.35000000000000003 0.007364149528179548
0.09 0 0.36 0.020639472192440594
0.09 0 0.37 0.003991402754403618
0.09 0 0.38 0.013136488068375977
0.09 0 0.39 0.03162566623813706
0.09 0 0.4 0.0340647662624699
0.09 0 0.41000000000000003 0.08383564553603762
0.09 0 0.42 0.07491280245678256
0.09 0 0.43 0.0560881957401385
0.09 0 0.44 0.014023635449771494
0.09 0 0.45 0.021704932312626213
0.09 0 0.46 0.015859835934254145
0.09 0 0.47000000000000003 0.12780033245693642
0.09 0 0.48 2.244184033697666
0.09 0 0.49 0.6790709544937332
0.09 0 0.5 0.04213913222001858
0.1 0 0.0 0.0939761019357913
0.1 0 0.01 0.13940066179983185
0.1 0 0.02 0.09323142315798118
0.1 0 0.03 0.03454940406586044
0.1 0 0.04 0.0043793329027043484
0.1 0 0.05 0.0013098435544655832
0.1 0 0.06 0.0010758452626574856
0.1 0 0.07 0.003082753604456974
0.1 0 0.08 0.002357365326782632
0.1 0 0.09 0.002672854829452493
0.1 0 0.1 0.001236423814103045
0.1 0 0.11 2.158587722227827e-05
0.1 0 0.12 0.000295502684937897
0.1 0 0.13 0.024496369057879518
0.1 0 0.14 0.03558619729714633
0.1 0 0.15 0.08097705830523273
0.1 0 0.16 0.1544917315336355
0.1 0 0.17 0.33541873489010493
0.1 0 0.18 5.660965952170746
0.1 0 0.19 16.594338839469327
0.1 0 0.2 2.653344074852116
0.1 0 0.21 0.6940833471599633
0.1 0 0.22 1.5234697524256053
0.1 0 0.23 0.5902217814667888
0.1 0 0.24 0.049005655824387
0.1 0 0.25 0.030749622412277466
0.1 0 0.26 0.02247714501083871
0.1 0 0.27 0.20239941598286196
0.1 0 0.28 0.14200573239360592
0.1 0 0.29 0.018837672713422113
0.1 0 0.3 0.05879412252347914
0.1 0 0.31 0.04041008030074029
0.1 0 0.32 0.07250709413999369
0.1 0 0.33 0.07062273418237909
0.1 0 0.34 0.014128837657608872
0.1 0 0.35000000000000003 0.012053044425702994
0.1 0 0.36 0.009627904888952935
0.1 0 0.37 0.01759197118907689
0.1 0 0.38 0.026666037225568488
0.1 0 0.39 0.025683382642348443
0.1 0 0.4 0.07947520979201345
0.1 0 0.41000000000000003 0.040130293865859125
0.1 0 0.42 0.2066819970720076
0.1 0 0.43 0.3374709136701244
0.1 0 0.44 0.0014580208306432699
0.1 0 0.45 0.002848566477519228
0.1 0 0.46 0.08569616338192095
0.1 0 0.47000000000000003 0.013954285298935803
0.1 0 0.48 0.006838933565496579
0.1 0 0.49 0.03963475726132299
0.1 0 0.5 0.07013243205833725
0.11 0 0.0 0.012358738787410927
0.11 0 0.01 0.10670567960542891
0.11 0 0.02 0.13982961072867284
0.11 0 0.03 0.2420129316236237
0.11 0 0.04 0.3020866304678494
0.11 0 0.05 0.35425975579779034
0.11 0 0.06 1.1889640374622419
0.11 0 0.07 0.12179332828188558
0.11 0 0.08 0.03941570003553477
0.11 0 0.09 0.011222711745893664
0.11 0 0.1 0.0002120034849168921
0.11 0 0.11 0.005831371170646135
0.11 0 0.12 0.06632665859018784
0.11 0 0.13 0.023334565113902438
0.11 0 0.14 0.03405124608397343
0.11 0 0.15 0.027759180446575403
0.11 0 0.16 0.28375495555849395
0.11 0 0.17 3.285764409413472
0.11 0 0.18 17.29056394806315
0.11 0 0.19 11.70547195575394
0.11 0 0.2 19.254063121716968
0.11 0 0.21 3.774926282020109
0.11 0 0.22 0.16772307920966747
0.11 0 0.23 0.4986599963736702
0.11 0 0.24 0.24499474341135088
0.11 0 0.25 0.2831078601288811
0.11 0 0.26 6.433788807610326
0.11 0 0.27 3.54087536325542
0.11 0 0.28 0.06320319213869044
0.11 0 0.29 0.12315626543762113
0.11 0 0.3 0.3265278969568257
0.11 0 0.31 0.2344600824873037
0.11 0 0.32 0.4004983549832762
0.11 0 0.33 0.3315744568543226
0.11 0 0.34 0.19174937854222723
0.11 0 0.35000000000000003 0.0038316318080716333
0.11 0 0.36 0.0007702945310496701
0.11 0 0.37 0.009890129213321367
0.11 0 0.38 0.0545782179818554
0.11 0 0.39 0.024581169668504054
0.11 0 0.4 0.027114172042172934
0.11 0 0.41000000000000003 0.04045948245490096
0.11 0 0.42 0.034345839354788986
0.11 0 0.43 0.0045711996148228426
0.11 0 0.44 0.0005490018749192459
0.11 0 0.45 0.0015319921962228178
0.11 0 0.46 0.0001627689472780559
0.11 0 0.47000000000000003 0.0002923169657312239
0.11 0 0.48 0.0009358649624512616
0.11 0 0.49 9.879398481676799e-05
0.11 0 0.5 0.0001796222728701793
0.12 0 0.0 0.02158439273086069
0.12 0 0.01 0.013732662642200919
0.12 0 0.02 0.003969266939949582
0.12 0 0.03 0.02447957310462479
0.12 0 0.04 0.13615137848476883
0.12 0 0.05 0.34969841457416734
0.12 0 0.06 0.2357190830676207
0.12 0 0.07 0.3965206386125435
0.12 0 0.08 0.19582034168536236
0.12 0 0.09 0.05739592586309699
0.12 0 0.1 0.4207296661051433
0.12 0 0.11 0.6281172764089675
0.12 0 0.12 0.7978706572274624
0.12 0 0.13 10.32060726722087
0.12 0 0.14 15.746680105511752
0.12 0 0.15 3.9097863384783627
0.12 0 0.16 17.28731100862678
0.12 0 0.17 13.580552013350363
0.12 0 0.18 17.659358179942842
0.12 0 0.19 14.81306220812437
0.12 0 0.2 11.315404497987403
0.12 0 0.21 87.12802242832306
0.12 0 0.22 2.590330656123653
0.12 0 0.23 0.6036408611027423
0.12 0 0.24 1.780024211245599
0.12 0 0.25 1.1830988402066624
0.12 0 0.26 2.0411457674660873
0.12 0 0.27 0.8310616482627512
0.12 0 0.28 0.40853442308531945
0.12 0 0.29 0.1537871222319622
0.12 0 0.3 0.057937934174301556
0.12 0 0.31 0.12731543870603226
0.12 0 0.32 0.08516032457742384
0.12 0 0.33 0.05058593735169285
0.12 0 0.34 0.08338030501840264
0.12 0 0.35000000000000003 0.07680861928301488
0.12 0 0.36 0.11267043223987354
0.12 0 0.37 0.03764670645591188
0.12 0 0.38 0.01738202226205822
0.12 0 0.39 0.019439627630572217
0.12 0 0.4 0.02976263722786215
0.12 0 0.41000000000000003 0.04500637122920011
0.12 0 0.42 0.0036366853244181206
0.12 0 0.43 0.0009562522621720642
0.12 0 0.44 0.00025087279580561977
0.12 0 0.45 2.446054755697535e-05
0.12 0 0.46 6.196244629030174e-05
0.12 0 0.47000000000000003 4.1138358162513216e-05
0.12 0 0.48 1.6850525154913116e-05
0.12 0 0.49 0.00020905894169776952
0.12 0 0.5 0.00011469369585408092
0.13 0 0.0 0.08761786032064842
0.13 0 0.01 0.026205035628391868
0.13 0 0.02 0.012306268646311914
0.13 0 0.03 0.0026356306183189138
0.13 0 0.04 0.0066387212186099
0.13 0 0.05 0.02959129723086931
0.13 0 0.06 0.004917452930379763
0.13 0 0.07 0.02849756734432046
0.13 0 0.08 0.21748389915548147
0.13 0 0.09 0.821239889480215
0.13 0 0.1 2.0844996390892163
0.13 0 0.11 3.252198578324223
0.13 0 0.12 14.427649625628685
0.13 0 0.13 17.27433740801935
0.13 0 0.14 39.478619045014405
0.13 0 0.15 39.652852344645375
0.13 0 0.16 6.635828427871226
0.13 0 0.17 1.1988162412863879
0.13 0 0.18 0.6229764494496185
0.13 0 0.19 1.264423087613914
0.13 0 0.2 18.312893591130308
0.13 0 0.21 32.22982204783835
0.13 0 0.22 22.621761725456114
0.13 0 0.23 63.61858837512985
0.13 0 0.24 20.912030306386683
0.13 0 0.25 2.5342825461521556
0.13 0 0.26 0.40622170659512347
0.13 0 0.27 1.0221063394967
0.13 0 0.28 4.1230654155260975
0.13 0 0.29 4.38638596978361
0.13 0 0.3 1.1216166995959669
0.13 0 0.31 0.2113479388728238
0.13 0 0.32 0.038938247537912966
0.13 0 0.33 0.015107156461160096
0.13 0 0.34 0.016970033746887665
0.13 0 0.35000000000000003 0.015542123980338671
0.13 0 0.36 0.02358876387926722
0.13 0 0.37 0.0043304087909317385
0.13 0 0.38 0.021289715619396982
0.13 0 0.39 0.006267946272901235
0.13 0 0.4 0.00019162717479487683
0.13 0 0.41000000000000003 0.000766325470366274
0.13 0 0.42 0.00047184986753392316
0.13 0 0.43 0.00010818416538081578
0.13 0 0.44 2.6981894114208017e-05
0.13 0 0.45 7.038547544569736e-05
0.13 0 0.46 9.105650130841883e-05
0.13 0 0.47000000000000003 3.530897622850458e-05
0.13 0 0.48 5.751863985465542e-05
0.13 0 0.49 5.463817416391875e-05
0.13 0 0.5 4.178811570053062e-05
0.14 0 0.0 0.027879602344554263
0.14 0 0.01 0.03694632793988948
0.14 0 0.02 0.009284309133701549
0.14 0 0.03 0.0008745427679006023
0.14 0 0.04 0.0021569687952749197
0.14 0 0.05 0.008185390497890199
0.14 0 0.06 0.007977323738146126
0.14 0 0.07 0.03837705821155255
0.14 0 0.08 0.05514526092945962
0.14 0 0.09 0.13438189769068087
0.14 0 0.1 3.158337008631626
0.14 0 0.11 22.68407518327859
0.14 0 0.12 25.9947866087902
0.14 0 0.13 5.004017928500174
0.14 0 0.14 18.082271615297987
0.14 0 0.15 10.02389276953829
0.14 0 0.16 2.275749389809921
0.14 0 0.17 0.7675457035878682
0.14 0 0.18 0.40365473593364526
0.14 0 0.19 1.4265694048348672
0.14 0 0.2 0.16376982662460415
0.14 0 0.21 1.246416516284192
0.14 0 0.22 49.91689333881357
0.14 0 0.23 19.131913581633786
0.14 0 0.24 23.751716981605114
0.14 0 0.25 8.885824131579454
0.14 0 0.26 1.5936500080369893
0.14 0 0.27 3.4038144626171163
0.14 0 0.28 0.6019304839517916
0.14 0 0.29 0.5081003352730168
0.14 0 0.3 0.9384990877400001
0.14 0 0.31 0.26232459969849353
0.14 0 0.32 1.9631686240608746
0.14 0 0.33 0.33852985794893103
0.14 0 0.34 0.0033868687504974384
0.14 0 0.35000000000000003 0.0012142447569304115
0.14 0 0.36 0.0016872848375543215
0.14 0 0.37 0.001007079567481595
0.14 0 0.38 0.0027070403811399204
0.14 0 0.39 0.004109922297001463
0.14 0 0.4 0.0008070919195793928
0.14 0 0.41000000000000003 0.000709294518364308
0.14 0 0.42 0.0001948246003917463
0.14 0 0.43 0.0006159573622525587
0.14 0 0.44 0.002652468789112212
0.14 0 0.45 0.0008482398600280627
0.14 0 0.46 0.0038092448764778155
0.14 0 0.47000000000000003 0.0033253532636666762
0.14 0 0.48 0.0001853893659916255
0.14 0 0.49 2.7696727734112098e-05
0.14 0 0.5 2.577640970780189e-05
0.15 0 0.0 0.009874587652356402
0.15 0 0.01 0.04610038781428862
0.15 0 0.02 0.0350669644295607
0.15 0 0.03 0.0035346011668783567
0.15 0 0.04 0.001201323936396873
0.15 0 0.05 0.06568052715136588
0.15 0 0.06 4.913634787859809
0.15 0 0.07 3.3861366817076117
0.15 0 0.08 0.6098180976446659
0.15 0 0.09 0.19794670726419875
0.15 0 0.1 0.21601909713389442
0.15 0 0.11 2.3648376437109833
0.15 0 0.12 4.077163156070673
0.15 0 0.13 2.5954685964569473
0.15 0 0.14 4.866167187069111
0.15 0 0.15 2.6635336828297027
0.15 0 0.16 8.191096241334202
0.15 0 0.17 3.126611975751444
0.15 0 0.18 0.16710586331480876
0.15 0 0.19 0.5945470135144639
0.15 0 0.2 5.2512892377738805
0.15 0 0.21 2.8741940596841893
0.15 0 0.22 15.462883082969537
0.15 0 0.23 45.158688130373214
0.15 0 0.24 7.243021603946443
0.15 0 0.25 22.256269260852832
0.15 0 0.26 19.001369986443066
0.15 0 0.27 9.924832214379263
0.15 0 0.28 6.214169967987054
0.15 0 0.29 1.7592427620546292
0.15 0 0.3 0.242389166646574
0.15 0 0.31 0.694554687888912
0.15 0 0.32 3.8776854717348113
0.15 0 0.33 0.2246341748528439
0.15 0 0.34 0.1600650984020208
0.15 0 0.35000000000000003 0.00574547665392735
0.15 0 0.36 0.0003583523559604263
0.15 0 0.37 0.0008332298242623904
0.15 0 0.38 0.00022387274887017398
0.15 0 0.39 0.0005683473318100202
0.15 0 0.4 0.0005193213933235365
0.15 0 0.41000000000000003 0.0005208914787556831
0.15 0 0.42 0.006503990170753097
0.15 0 0.43 0.00045480685123937704
0.15 0 0.44 0.0002377124125783441
0.15 0 0.45 0.015078720977009522
0.15 0 0.46 0.011694901385264593
0.15 0 0.47000000000000003 0.023032373081653044
0.15 0 0.48 0.0036427879011792885
0.15 0 0.49 0.0010347499301360445
0.15 0 0.5 0.0022393199964037807
0.16 0 0.0 1.2544580583685239
0.16 0 0.01 0.11883530745605578
0.16 0 0.02 0.016385866490238266
0.16 0 0.03 0.0496733239367022
0.16 0 0.04 0.020668215371046458
0.16 0 0.05 0.1464904035581312
0.16 0 0.06 1.8631644453080107
0.16 0 0.07 1.0006400325969023
0.16 0 0.08 0.3315733486987298
0.16 0 0.09 0.5842887218566091
0.16 0 0.1 1.553711885339307
0.16 0 0.11 0.7144246153710686
0.16 0 0.12 11.819351574862166
0.16 0 0.13 162.73553681971848
0.16 0 0.14 57.764006555196275
0.16 0 0.15 6.6759683860172565
0.16 0 0.16 3.663838979937158
0.16 0 0.17 0.653092685695445
0.16 0 0.18 0.2851941165122348
0.16 0 0.19 1.53667577888182
0.16 0 0.2 5.69435076079356
0.16 0 0.21 34.211472715947544
0.16 0 0.22 5.926844780621932
0.16 0 0.23 3.3804984796716933
0.16 0 0.24 1.8001798280745307
0.16 0 0.25 0.2744764736260438
0.16 0 0.26 0.3431108129292164
0.16 0 0.27 0.2609688534980738
0.16 0 0.28 0.22478095625261757
0.16 0 0.29 0.3698432541640038
0.16 0 0.3 1.5239315158149926
0.16 0 0.31 0.17506543802302213
0.16 0 0.32 0.009061576578186176
0.16 0 0.33 0.02467235900181739
0.16 0 0.34 0.01837595581325627
0.16 0 0.35000000000000003 0.0020687973078753205
0.16 0 0.36 0.0011430118981670383
0.16 0 0.37 0.00024723828920258207
0.16 0 0.38 0.00015567679149818252
0.16 0 0.39 0.0008883932956206109
0.16 0 0.4 0.001833566506069621
0.16 0 0.41000000000000003 0.004178183977179796
0.16 0 0.42 0.001259712104225286
0.16 0 0.43 0.0016733238118000213
0.16 0 0.44 0.019384994315468203
0.16 0 0.45 0.012228320518545313
0.16 0 0.46 0.007778301394655691
0.16 0 0.47000000000000003 0.016747496386467057
0.16 0 0.48 0.009510297459631561
0.16 0 0.49 0.007278448396682129
0.16 0 0.5 0.002790853208226069
0.17 0 0.0 0.31490305935700996
0.17 0 0.01 0.4463662502373539
0.17 0 0.02 0.40818857507412926
0.17 0 0.03 0.11382686236716556
0.17 0 0.04 0.048392887384317365
0.17 0 0.05 0.32070965130634665
0.17 0 0.06 0.07065277598368615
0.17 0 0.07 0.029207634554633786
0.17 0 0.08 0.033927256683685326
0.17 0 0.09 0.10232833413066968
0.17 0 0.1 1.8626049638220532
0.17 0 0.11 1.119507911455422
0.17 0 0.12 0.8723023061726067
0.17 0 0.13 1.8104222945908957
0.17 0 0.14 6.850021604043438
0.17 0 0.15 2.970918531102244
0.17 0 0.16 0.4807948032448155
0.17 0 0.17 2.565863252917062
0.17 0 0.18 0.6558758463929829
0.17 0 0.19 0.48075947118014156
0.17 0 0.2 21.477644657241484
0.17 0 0.21 3.502264117946136
0.17 0 0.22 2.0025259992780096
0.17 0 0.23 8.902852156349532
0.17 0 0.24 2.901426616057861
0.17 0 0.25 7.8853034681322045
0.17 0 0.26 0.13960118076878267
0.17 0 0.27 0.009837038451959101
0.17 0 0.28 0.2905056063042001
0.17 0 0.29 0.4706550366275337
0.17 0 0.3 0.1607539195722796
0.17 0 0.31 0.30370372136387425
0.17 0 0.32 0.0601703872783256
0.17 0 0.33 0.0006222020126937946
0.17 0 0.34 0.0005375030044932127
0.17 0 0.35000000000000003 0.0009324090478093162
0.17 0 0.36 0.0002013442394810607
0.17 0 0.37 0.00014450779439775988
0.17 0 0.38 0.0009267917863081403
0.17 0 0.39 0.0013307452478700547
0.17 0 0.4 0.0002892071580354309
0.17 0 0.41000000000000003 0.00011428964550032155
0.17 0 0.42 0.00045124553099261676
0.17 0 0.43 0.018553149325950664
0.17 0 0.44 0.015871816517365484
0.17 0 0.45 0.013987231798950749
0.17 0 0.46 0.007196330302695811
0.17 0 0.47000000000000003 0.003355616805827559
0.17 0 0.48 0.0034073897306299552
0.17 0 0.49 0.002044544792714546
0.17 0 0.5 0.007997321667543997
0.18 0 0.0 0.03741179835289734
0.18 0 0.01 0.6751443747441346
0.18 0 0.02 0.039212403045898826
0.18 0 0.03 0.038364371073947134
0.18 0 0.04 0.11597391665551461
0.18 0 0.05 0.0019445516932725506
0.18 0 0.06 0.0009272439052404299
0.18 0 0.07 0.0015551650488957098
0.18 0 0.08 0.0012109564697907363
0.18 0 0.09 0.0032214174899380774
0.18 0 0.1 0.005114685173501885
0.18 0 0.11 0.0029343707309757404
0.18 0 0.12 0.056537228543362184
0.18 0 0.13 0.16766012656984425
0.18 0 0.14 0.21250374534900565
0.18 0 0.15 2.4682314942514645
0.18 0 0.16 3.246662669718943
0.18 0 0.17 2.551131624769083
0.18 0 0.18 8.739668393428476
0.18 0 0.19 3.059461400551642
0.18 0 0.2 0.6820425162685829
0.18 0 0.21 3.846415650414745
0.18 0 0.22 0.7514956064342576
0.18 0 0.23 0.12335890905163417
0.18 0 0.24 0.2420604475375724
0.18 0 0.25 0.2796649136190052
0.18 0 0.26 0.16051191621678812
0.18 0 0.27 0.1258227934848748
0.18 0 0.28 0.01825512204076377
0.18 0 0.29 0.004806736025219326
0.18 0 0.3 0.08323892075762031
0.18 0 0.31 0.08313954952669707
0.18 0 0.32 0.05552096246658141
0.18 0 0.33 0.015237948701816906
0.18 0 0.34 0.01332011100272172
0.18 0 0.35000000000000003 0.10820899830047603
0.18 0 0.36 0.03293938921492142
0.18 0 0.37 0.04474141812171384
0.18 0 0.38 0.016877687776225097
0.18 0 0.39 0.001938498815496415
0.18 0 0.4 0.0041105865121533105
0.18 0 0.41000000000000003 0.0015503171966320631
0.18 0 0.42 0.0010744129338254272
0.18 0 0.43 0.008070152737643044
0.18 0 0.44 0.0014091072149815481
0.18 0 0.45 0.0010695064136080228
0.18 0 0.46 0.005423694394897885
0.18 0 0.47000000000000003 0.0141377029884414
0.18 0 0.48 0.09574666207379892
0.18 0 0.49 0.009312376112603535
0.18 0 0.5 0.0012095406799745544
0.19 0 0.0 0.04180995185283196
0.19 0 0.01 0.04027009925573936
0.19 0 0.02 0.05521229538785809
0.19 0 0.03 0.037650946070511865
0.19 0 0.04 0.003965049483836728
0.19 0 0.05 0.0018031817318090084
0.19 0 0.06 0.002178940832709632
0.19 0 0.07 0.0002431166822197415
0.19 0 0.08 0.0005652384219491132
0.19 0 0.09 0.0015483544462186452
0.19 0 0.1 0.0006157083689083805
0.19 0 0.11 0.0016325241656659957
0.19 0 0.12 0.006826612449282965
0.19 0 0.13 0.10306124545167612
0.19 0 0.14 0.3273570740547041
0.19 0 0.15 0.08129482056573635
0.19 0 0.16 0.08225582878359988
0.19 0 0.17 0.03398824112518579
0.19 0 0.18 0.12683813055062299
0.19 0 0.19 0.5438933291605014
0.19 0 0.2 0.30025851464259273
0.19 0 0.21 0.26857589687281186
0.19 0 0.22 0.08418663639710044
0.19 0 0.23 0.0944781714462373
0.19 0 0.24 0.06509114234308194
0.19 0 0.25 0.33685570933319936
0.19 0 0.26 2.6433342562344313
0.19 0 0.27 0.4068530333427659
0.19 0 0.28 0.11648012976167194
0.19 0 0.29 0.11251999011168001
0.19 0 0.3 0.03457801393343198
0.19 0 0.31 0.042057596124946674
0.19 0 0.32 0.18287644282237694
0.19 0 0.33 0.07570226055090382
0.19 0 0.34 0.04980055359361829
0.19 0 0.35000000000000003 0.016541234006740492
0.19 0 0.36 0.006352205371710853
0.19 0 0.37 0.0028004352244811862
0.19 0 0.38 0.00038024398909552233
0.19 0 0.39 0.0002828496681037337
0.19 0 0.4 0.000670918998181347
0.19 0 0.41000000000000003 0.0012160208055693451
0.19 0 0.42 0.001495475060115803
0.19 0 0.43 0.0014149487089799768
0.19 0 0.44 0.0005894231133569005
0.19 0 0.45 0.0019560100689446722
0.19 0 0.46 0.026825343916933923
0.19 0 0.47000000000000003 0.8033863869572673
0.19 0 0.48 0.1731931546040036
0.19 0 0.49 0.010554880410867348
0.19 0 0.5 0.046811848726806375
0.2 0 0.0 0.018941045315999445
0.2 0 0.01 0.006711646278816796
0.2 0 0.02 0.003787195450566711
0.2 0 0.03 0.002085847994352448
0.2 0 0.04 0.0005665606556888649
0.2 0 0.05 0.00028391772031043165
0.2 0 0.06 0.00013208740869546096
0.2 0 0.07 0.0005052595875318025
0.2 0 0.08 0.009246142455639211
0.2 0 0.09 0.019805771667532616
0.2 0 0.1 0.07869934973246959
0.2 0 0.11 0.041977393335161005
0.2 0 0.12 0.11595904030300012
0.2 0 0.13 0.22078383923762276
0.2 0 0.14 0.017619578845707196
0.2 0 0.15 0.0065234488246791065
0.2 0 0.16 0.008475370480626247
0.2 0 0.17 0.007914843914989002
0.2 0 0.18 0.05055028782302878
0.2 0 0.19 0.10380985221669889
0.2 0 0.2 0.04071563911245339
0.2 0 0.21 0.3724914000463476
0.2 0 0.22 0.04803851187495091
0.2 0 0.23 0.03512013804104394
0.2 0 0.24 0.6647404539077095
0.2 0 0.25 1.876115859117372
0.2 0 0.26 1.669352381880349
0.2 0 0.27 0.16444125783209945
0.2 0 0.28 0.11748901716699543
0.2 0 0.29 0.06509257751554104
0.2 0 0.3 0.15750564838088046
0.2 0 0.31 0.1078249807777853
0.2 0 0.32 0.013835086368936543
0.2 0 0.33 0.07491008227509045
0.2 0 0.34 0.14713509300123614
0.2 0 0.35000000000000003 0.02149240642233796
0.2 0 0.36 0.0035631176863349747
0.2 0 0.37 0.0016904925884519756
0.2 0 0.38 0.005570914494462885
0.2 0 0.39 0.003317653089972453
0.2 0 0.4 0.00027944178842112896
0.2 0 0.41000000000000003 0.0005849736246927309
0.2 0 0.42 0.0005425127305470868
0.2 0 0.43 0.0038523331364477254
0.2 0 0.44 0.10996917449557685
0.2 0 0.45 0.20819977739070497
0.2 0 0.46 0.2577154910126796
0.2 0 0.47000000000000003 0.02646907679214438
0.2 0 0.48 0.042407233947976124
0.2 0 0.49 0.28310197972267304
0.2 0 0.5 0.02110579096952333
0.21 0 0.0 0.07590110684501541
0.21 0 0.01 0.001988481222137818
0.21 0 0.02 0.0016452792986753394
0.21 0 0.03 0.0028213644985259512
0.21 0 0.04 0.0037994853069876246
0.21 0 0.05 0.008326536678453738
0.21 0 0.06 0.006008512699409926
0.21 0 0.07 0.0038891737139637996
0.21 0 0.08 0.007806706073197986
0.21 0 0.09 0.05528368696980063
0.21 0 0.1 0.3797350516783137
0.21 0 0.11 0.4459596296663973
0.21 0 0.12 0.2952373129799457
0.21 0 0.13 0.07140385515646477
0.21 0 0.14 0.005974623584658395
0.21 0 0.15 0.0007357895294031609
0.21 0 0.16 0.002663732928000393
0.21 0 0.17 0.028250809757102733
0.21 0 0.18 0.058101609854582584
0.21 0 0.19 0.2645012207818284
0.21 0 0.2 0.5576646866377708
0.21 0 0.21 0.9412107206626148
0.21 0 0.22 0.9103834685341787
0.21 0 0.23 0.19096263145569603
0.21 0 0.24 0.26749325816215447
0.21 0 0.25 1.355098303621693
0.21 0 0.26 0.260029753955045
0.21 0 0.27 0.05507425219837236
0.21 0 0.28 0.07491599447457752
0.21 0 0.29 0.044295077325717004
0.21 0 0.3 0.035826331133184224
0.21 0 0.31 0.023013312357229226
0.21 0 0.32 0.02992348717881848
0.21 0 0.33 0.05699024602954346
0.21 0 0.34 0.005714983492396701
0.21 0 0.35000000000000003 0.0015301053768035204
0.21 0 0.36 0.0217760301447795
0.21 0 0.37 0.0109465045552155
0.21 0 0.38 0.0059515807072043235
0.21 0 0.39 0.007267482311582669
0.21 0 0.4 0.002474300730745218
0.21 0 0.41000000000000003 0.001885014157607873
0.21 0 0.42 0.0006487171580206736
0.21 0 0.43 0.022034404906867738
0.21 0 0.44 0.09985179714396135
0.21 0 0.45 0.18627809169903856
0.21 0 0.46 0.4218215762163155
0.21 0 0.47000000000000003 0.04871036208230845
0.21 0 0.48 0.20193334614785927
0.21 0 0.49 0.1600236586658161
0.21 0 0.5 0.06307412266310043
0.22 0 0.0 0.0341933126652267
0.22 0 0.01 0.009865929297110205
0.22 0 0.02 0.004559651115787286
0.22 0 0.03 0.01731721117861011
0.22 0 0.04 0.18405035811057657
0.22 0 0.05 0.0776208768927838
0.22 0 0.06 0.011346275148483525
0.22 0 0.07 0.002540116876479401
0.22 0 0.08 0.0025256074076792294
0.22 0 0.09 0.0018519242986839704
0.22 0 0.1 0.0043290818735223285
0.22 0 0.11 0.18591008928334884
0.22 0 0.12 13.504500028107794
0.22 0 0.13 2.4136813849450576
0.22 0 0.14 0.31994937188835076
0.22 0 0.15 0.08579213530160827
0.22 0 0.16 0.03749582354245931
0.22 0 0.17 0.34136039560076986
0.22 0 0.18 0.07355610501636393
0.22 0 0.19 0.034258014169357885
0.22 0 0.2 0.05430330481835368
0.22 0 0.21 0.0811826432022041
0.22 0 0.22 0.028302893759921035
0.22 0 0.23 0.009268710132060858
0.22 0 0.24 0.039165843196156354
0.22 0 0.25 0.024261591452453712
0.22 0 0.26 0.043875764995039354
0.22 0 0.27 0.34736190016343216
0.22 0 0.28 0.12337117224555186
0.22 0 0.29 0.0807340597391334
0.22 0 0.3 0.0799589115975446
0.22 0 0.31 0.01609922929932785
0.22 0 0.32 0.24086812323710285
0.22 0 0.33 0.23451357891845173
0.22 0 0.34 0.05375385582824478
0.22 0 0.35000000000000003 0.057129515567904
0.22 0 0.36 0.03579936990494013
0.22 0 0.37 0.12890004185080678
0.22 0 0.38 0.021979529960207553
0.22 0 0.39 0.023573463020311103
0.22 0 0.4 0.018296463076920396
0.22 0 0.41000000000000003 0.0072363705996635625
0.22 0 0.42 0.012988618432270192
0.22 0 0.43 0.008661699953487331
0.22 0 0.44 0.009483911446809368
0.22 0 0.45 0.0036535765494719076
0.22 0 0.46 0.011302507276781016
0.22 0 0.47000000000000003 0.03430237212909184
0.22 0 0.48 0.006519915560514367
0.22 0 0.49 0.0014165526942279594
0.22 0 0.5 0.0012476507524716435
0.23 0 0.0 0.33191704595316146
0.23 0 0.01 0.3336385308649337
0.23 0 0.02 0.12921839981938046
0.23 0 0.03 0.23303320145168815
0.23 0 0.04 0.03291206427254504
0.23 0 0.05 0.005987743634927853
0.23 0 0.06 0.02059009041012293
0.23 0 0.07 0.01003459879321424
0.23 0 0.08 0.0102745589570595
0.23 0 0.09 0.003109563049906594
0.23 0 0.1 0.001673213417429653
0.23 0 0.11 0.031112353275797675
0.23 0 0.12 0.051030833030338764
0.23 0 0.13 0.36027837171698446
0.23 0 0.14 2.201488320141653
0.23 0 0.15 0.18311035527249053
0.23 0 0.16 0.20908901769046392
0.23 0 0.17 0.1796655942458336
0.23 0 0.18 0.029408503038233995
0.23 0 0.19 0.01653241479424544
0.23 0 0.2 0.0021859393985077867
0.23 0 0.21 0.002526054935338361
0.23 0 0.22 0.02841346050208411
0.23 0 0.23 0.0732430851670806
0.23 0 0.24 0.032578025009782206
0.23 0 0.25 0.03564429839433367
0.23 0 0.26 0.10189718883625914
0.23 0 0.27 0.7285720221361918
0.23 0 0.28 7.100078681887864
0.23 0 0.29 1.2970146755743601
0.23 0 0.3 0.2260089473905864
0.23 0 0.31 0.6006170067858253
0.23 0 0.32 0.6680681112995969
0.23 0 0.33 0.8115401429373006
0.23 0 0.34 2.099708446785998
0.23 0 0.35000000000000003 0.29417406045477396
0.23 0 0.36 0.25990297665423795
0.23 0 0.37 0.08154085094997986
0.23 0 0.38 0.0005786371310511334
0.23 0 0.39 0.0009156379415216357
0.23 0 0.4 0.001968877377630758
0.23 0 0.41000000000000003 0.0006408288987214243
0.23 0 0.42 0.0008033116388423206
0.23 0 0.43 0.0007966394799712758
0.23 0 0.44 0.003040902111064716
0.23 0 0.45 0.005123708170893812
0.23 0 0.46 0.0006270869451001888
0.23 0 0.47000000000000003 0.0009774592046898054
0.23 0 0.48 0.0009705899029423491
0.23 0 0.49 0.0008023034346495391
0.23 0 0.5 0.0071870475034882765
0.24 0 0.0 0.08585926756969053
0.24 0 0.01 0.06101952834293976
0.24 0 0.02 0.08998707519736379
0.24 0 0.03 0.006555005535162689
0.24 0 0.04 0.0002761756229284169
0.24 0 0.05 0.0020014776316756478
0.24 0 0.06 0.016173152348749626
0.24 0 0.07 0.02362176500983991
0.24 0 0.08 0.00476484373003411
0.24 0 0.09 0.0008062184351940511
0.24 0 0.1 0.0019381564448008167
0.24 0 0.11 0.001079029995133066
0.24 0 0.12 0.004971849636545248
0.24 0 0.13 0.001444407990921984
0.24 0 0.14 0.004761214595564571
0.24 0 0.15 0.20327927531300968
0.24 0 0.16 0.02305550216699048
0.24 0 0.17 0.05140135822977811
0.24 0 0.18 0.03368874705110817
0.24 0 0.19 0.0026186889363443784
0.24 0 0.2 0.003980655080823872
0.24 0 0.21 0.010520145826077302
0.24 0 0.22 0.0033830342743932586
0.24 0 0.23 0.018175098114694643
0.24 0 0.24 0.07631251688840168
0.24 0 0.25 0.007086925406214708
0.24 0 0.26 0.019009621303567863
0.24 0 0.27 0.10825351457804643
0.24 0 0.28 0.7286753816146289
0.24 0 0.29 3.0745004740108395
0.24 0 0.3 2.365099168569728
0.24 0 0.31 1.7318965507929136
0.24 0 0.32 5.769183189825749
0.24 0 0.33 4.012617800268999
0.24 0 0.34 0.6480421717357722
0.24 0 0.35000000000000003 0.46441903416806696
0.24 0 0.36 0.11881391815669738
0.24 0 0.37 0.015532952807459734
0.24 0 0.38 0.007017024419891242
0.24 0 0.39 0.0059687194369010856
0.24 0 0.4 0.0004892668227777017
0.24 0 0.41000000000000003 0.0015722430441826218
0.24 0 0.42 0.0023852907501841197
0.24 0 0.43 0.000261784433379945
0.24 0 0.44 0.0008502228433416345
0.24 0 0.45 0.0002934863809344371
0.24 0 0.46 5.145505656489356e-05
0.24 0 0.47000000000000003 1.3487945640907188e-05
0.24 0 0.48 3.462809842759045e-05
0.24 0 0.49 0.0004403583697048132
0.24 0 0.5 0.0010993562657592086
0.25 0 0.0 0.010276750028840155
0.25 0 0.01 0.001069876824078424
0.25 0 0.02 0.00012195655443750697
0.25 0 0.03 0.00012114078216294415
0.25 0 0.04 0.0013446485526947213
0.25 0 0.05 0.002545711397479719
0.25 0 0.06 0.0008370643531912844
0.25 0 0.07 0.0005798893286201094
0.25 0 0.08 0.00015020458767776038
0.25 0 0.09 4.137389238010397e-05
0.25 0 0.1 0.0011106849411132143
0.25 0 0.11 0.0026728155858032863
0.25 0 0.12 0.00039621606830686674
0.25 0 0.13 0.00068576967509852
0.25 0 0.14 0.0012171738861054171
0.25 0 0.15 0.0012193832974051796
0.25 0 0.16 0.001161006484397321
0.25 0 0.17 0.007382305430255416
0.25 0 0.18 0.01082202906086315
0.25 0 0.19 0.009302352769811931
0.25 0 0.2 0.009033269930903047
0.25 0 0.21 0.0022799412217539405
0.25 0 0.22 0.021085137838358494
0.25 0 0.23 0.04403245417410156
0.25 0 0.24 0.03424249739151731
0.25 0 0.25 1.2043262882369434
0.25 0 0.26 0.7514215727330465
0.25 0 0.27 0.25502544895709073
0.25 0 0.28 0.7026607937984467
0.25 0 0.29 0.46615275997818295
0.25 0 0.3 1.9996255098240578
0.25 0 0.31 3.920129779387224
0.25 0 0.32 3.7785155517824096
0.25 0 0.33 0.4091206023574611
0.25 0 0.34 0.011808515226043342
0.25 0 0.35000000000000003 0.010962681710595031
0.25 0 0.36 0.02099307694571146
0.25 0 0.37 0.033143195157879946
0.25 0 0.38 0.013618088900605334
0.25 0 0.39 0.002110754348318708
0.25 0 0.4 0.0033001238514038566
0.25 0 0.41000000000000003 0.0032226309494985624
0.25 0 0.42 0.0012878960093098755
0.25 0 0.43 0.006251473376906746
0.25 0 0.44 0.0075847295618435805
0.25 0 0.45 0.01822674722347219
0.25 0 0.46 0.011417747387368244
0.25 0 0.47000000000000003 0.0006891795014028417
0.25 0 0.48 0.0003901043190947266
0.25 0 0.49 9.131581615664592e-05
0.25 0 0.5 0.0002201098987846038
0.26 0 0.0 7.476129058833794e-05
0.26 0 0.01 0.0006660592179720527
0.26 0 0.02 0.0008886132912177341
0.26 0 0.03 0.0008674864633869779
0.26 0 0.04 0.005501034616821293
0.26 0 0.05 0.001570110893433557
0.26 0 0.06 0.0005772640602801206
0.26 0 0.07 4.4421659827856436e-05
0.26 0 0.08 1.5128861095093582e-05
0.26 0 0.09 5.838552044136849e-05
0.26 0 0.1 0.000113125146192001
0.26 0 0.11 0.00014695026554586359
0.26 0 0.12 0.0010051287579192641
0.26 0 0.13 0.0006305639596614015
0.26 0 0.14 0.0005045977296262508
0.26 0 0.15 0.005524970105476791
0.26 0 0.16 0.005015977224391585
0.26 0 0.17 0.010974142787437942
0.26 0 0.18 0.029128469637985235
0.26 0 0.19 0.04467759054610336
0.26 0 0.2 0.04076457618341556
0.26 0 0.21 0.04880503872263547
0.26 0 0.22 0.03369207970759173
0.26 0 0.23 0.09950299500658089
0.26 0 0.24 0.774657970172736
0.26 0 0.25 0.9250223817068337
0.26 0 0.26 2.7579787790010086
0.26 0 0.27 0.7447755619087455
0.26 0 0.28 0.07548880785160848
0.26 0 0.29 0.07729560935592993
0.26 0 0.3 0.08287375090385408
0.26 0 0.31 0.03385719259599908
0.26 0 0.32 0.26016807993295743
0.26 0 0.33 0.06803300055156514
0.26 0 0.34 0.008707501606827695
0.26 0 0.35000000000000003 0.16663133237963954
0.26 0 0.36 0.3925897810551749
0.26 0 0.37 1.3254242482967424
0.26 0 0.38 0.2285472580869811
0.26 0 0.39 0.050863059097103196
0.26 0 0.4 0.017847704348654802
0.26 0 0.41000000000000003 0.0024079401856225476
0.26 0 0.42 0.01825707707639502
0.26 0 0.43 0.01684532753113918
0.26 0 0.44 0.006779305369338076
0.26 0 0.45 0.014279693919155819
0.26 0 0.46 0.004584308905325013
0.26 0 0.47000000000000003 0.001517336054018118
0.26 0 0.48 0.0007673384491643527
0.26 0 0.49 1.704344929230532e-05
0.26 0 0.5 1.7882896863514033e-05
0.27 0 0.0 0.0026577655169245343
0.27 0 0.01 0.00721121436143223
0.27 0 0.02 0.007104660803517665
0.27 0 0.03 0.010762279374444465
0.27 0 0.04 0.006221291444515875
0.27 0 0.05 0.0014677668255386352
0.27 0 0.06 0.0006996492779466311
0.27 0 0.07 0.00043708849250905397
0.27 0 0.08 0.0024474721278267618
0.27 0 0.09 0.0007319440499686104
0.27 0 0.1 0.0001673851214849284
0.27 0 0.11 0.0003559703485329881
0.27 0 0.12 8.222009397451774e-05
0.27 0 0.13 0.0003144676601580574
0.27 0 0.14 0.00043804823827327407
0.27 0 0.15 0.0006502591120051378
0.27 0 0.16 0.01617882350284314
0.27 0 0.17 0.008946704161232156
0.27 0 0.18 0.009461997821009243
0.27 0 0.19 0.11074100146745527
0.27 0 0.2 0.11353874128933147
0.27 0 0.21 0.13655058142964135
0.27 0 0.22 1.142171243854559
0.27 0 0.23 9.708631097565243
0.27 0 0.24 3.0544821862989013
0.27 0 0.25 1.9089989370212999
0.27 0 0.26 7.085540252953949
0.27 0 0.27 0.3151284279481606
0.27 0 0.28 0.012404486580229935
0.27 0 0.29 0.0034442213787286226
0.27 0 0.3 0.007945529826531988
0.27 0 0.31 0.025867714518374586
0.27 0 0.32 0.006313133580420675
0.27 0 0.33 0.006128915179521419
0.27 0 0.34 0.015470478098845997
0.27 0 0.35000000000000003 0.016842566317272382
0.27 0 0.36 0.04751430089932575
0.27 0 0.37 0.07219353182379704
0.27 0 0.38 0.020836505563131786
0.27 0 0.39 0.014786433048665022
0.27 0 0.4 0.009968648357157526
0.27 0 0.41000000000000003 0.003784391290304552
0.27 0 0.42 0.0009049933327112635
0.27 0 0.43 0.0007458666880501148
0.27 0 0.44 0.0008325156515826002
0.27 0 0.45 5.64433634787301e-05
0.27 0 0.46 2.292334221985829e-05
0.27 0 0.47000000000000003 0.0003218995152044649
0.27 0 0.48 0.0003760600609350302
0.27 0 0.49 0.0001579480288801706
0.27 0 0.5 0.00013346972276788855
0.28 0 0.0 0.007614830512745207
0.28 0 0.01 0.0034874697632205597
0.28 0 0.02 0.002372438122684395
0.28 0 0.03 0.00034540264041741357
0.28 0 0.04 7.373060412670973e-05
0.28 0 0.05 7.02686252262048e-05
0.28 0 0.06 0.00021918394929278218
0.28 0 0.07 0.0007410885197333009
0.28 0 0.08 0.0004291007708293584
0.28 0 0.09 0.0003104395588103638
0.28 0 0.1 0.01130685450698525
0.28 0 0.11 0.001803411677189566
0.28 0 0.12 2.404996967868108e-05
0.28 0 0.13 2.5671735456560844e-05
0.28 0 0.14 6.039468285914127e-05
0.28 0 0.15 0.00039959922127498943
0.28 0 0.16 0.0012367988667482436
0.28 0 0.17 0.0031659188631031885
0.28 0 0.18 0.012802195814494542
0.28 0 0.19 0.08165916495749925
0.28 0 0.2 0.35324308455645426
0.28 0 0.21 0.6875592661130601
0.28 0 0.22 0.08675827183538931
0.28 0 0.23 0.28662866852571195
0.28 0 0.24 3.0872212287441445
0.28 0 0.25 0.7326463128088044
0.28 0 0.26 0.31005866911710284
0.28 0 0.27 0.009846410503708217
0.28 0 0.28 0.0048797352409840665
0.28 0 0.29 0.006824315135463203
0.28 0 0.3 0.06333494674475475
0.28 0 0.31 1.3610750505219025
0.28 0 0.32 0.3075612466607892
0.28 0 0.33 0.18577808226019502
0.28 0 0.34 0.06813626003305658
0.28 0 0.35000000000000003 0.03742616431300318
0.28 0 0.36 0.00838877378306369
0.28 0 0.37 0.011319589828912947
0.28 0 0.38 0.218337656103217
0.28 0 0.39 0.024718800241399025
0.28 0 0.4 0.002539350271371435
0.28 0 0.41000000000000003 0.00684495175448017
0.28 0 0.42 0.0007357067515808398
0.28 0 0.43 0.0003684531523054958
0.28 0 0.44 0.0001232282789500817
0.28 0 0.45 7.486970611988542e-06
0.28 0 0.46 2.4998294720832164e-05
0.28 0 0.47000000000000003 6.613309039023632e-06
0.28 0 0.48 9.4142685356902e-06
0.28 0 0.49 4.826508454183536e-06
0.28 0 0.5 8.922131223989761e-07
0.29 0 0.0 0.0025315684640693503
0.29 0 0.01 0.0006830219334238682
0.29 0 0.02 0.00012352283670784064
0.29 0 0.03 0.00012961347956179446
0.29 0 0.04 0.0014440645687650185
0.29 0 0.05 0.0006186637646381485
0.29 0 0.06 0.0002992655975371316
0.29 0 0.07 0.00037319981953064186
0.29 0 0.08 0.0004691702605464529
0.29 0 0.09 0.002058841130898869
0.29 0 0.1 0.0014671600970534672
0.29 0 0.11 0.0005062615460332115
0.29 0 0.12 0.00014453129006151036
0.29 0 0.13 3.576616393586055e-05
0.29 0 0.14 6.566585090982887e-05
0.29 0 0.15 0.00018927657887613935
0.29 0 0.16 0.0001017026488472035
0.29 0 0.17 0.00033009872980658764
0.29 0 0.18 0.0030814448942291495
0.29 0 0.19 0.030261995418177735
0.29 0 0.2 0.016515065652130862
0.29 0 0.21 0.0035984773149922316
0.29 0 0.22 0.01558330324221509
0.29 0 0.23 0.01207871398186339
0.29 0 0.24 0.09950084512047118
0.29 0 0.25 1.0915794018953733
0.29 0 0.26 0.09906903099504438
0.29 0 0.27 0.00837501426156237
0.29 0 0.28 0.0021036660491343434
0.29 0 0.29 0.0024413431610876024
0.29 0 0.3 0.024724055928142304
0.29 0 0.31 0.05312393143239844
0.29 0 0.32 0.03632561538101647
0.29 0 0.33 0.25907208515037355
0.29 0 0.34 0.67172387003608
0.29 0 0.35000000000000003 0.0604383084573265
0.29 0 0.36 0.008086056244451722
0.29 0 0.37 0.010995764902203175
0.29 0 0.38 0.04583004964963418
0.29 0 0.39 0.024286015164216784
0.29 0 0.4 0.0029625792107385316
0.29 0 0.41000000000000003 0.003522153135662652
0.29 0 0.42 0.0020051800149849196
0.29 0 0.43 0.0017111402159537795
0.29 0 0.44 0.0010233476265335047
0.29 0 0.45 0.00036203237241762157
0.29 0 0.46 0.0004546502551116764
0.29 0 0.47000000000000003 0.00010192772633084629
0.29 0 0.48 7.671077300742175e-05
0.29 0 0.49 1.1687010925441594e-05
0.29 0 0.5 6.977098527556096e-06
0.3 0 0.0 0.00017785393344045734
0.3 0 0.01 0.00011854634064692548
0.3 0 0.02 7.686553033255942e-05
0.3 0 0.03 0.00021275052683458222
0.3 0 0.04 0.0014676333219038212
0.3 0 0.05 0.0003566188029180752
0.3 0 0.06 0.0004284994637459007
0.3 0 0.07 0.00025187326841573805
0.3 0 0.08 0.0004438535340863367
0.3 0 0.09 0.00024545057509481344
0.3 0 0.1 6.75866501903763e-05
0.3 0 0.11 0.00027564377410686336
0.3 0 0.12 0.00035994016663966176
0.3 0 0.13 0.0004125467223483813
0.3 0 0.14 0.0008218616175624183
0.3 0 0.15 0.0002691582158153707
0.3 0 0.16 2.4876183145734906e-05
0.3 0 0.17 3.891664344628585e-05
0.3 0 0.18 0.0003537997077151615
0.3 0 0.19 0.0010419599532838846
0.3 0 0.2 0.00013245013126995798
0.3 0 0.21 0.00014662157808962564
0.3 0 0.22 0.000648105283967534
0.3 0 0.23 0.001047098760389409
0.3 0 0.24 0.008764538456243755
0.3 0 0.25 0.03116364635563168
0.3 0 0.26 0.07401269729138384
0.3 0 0.27 0.014799636473385303
0.3 0 0.28 0.021390955565774698
0.3 0 0.29 0.09827535671407664
0.3 0 0.3 0.003948907915345711
0.3 0 0.31 0.000911349677012164
0.3 0 0.32 0.10540959871731106
0.3 0 0.33 0.5401063928666671
0.3 0 0.34 0.31953736145417744
0.3 0 0.35000000000000003 1.2828424987385725
0.3 0 0.36 0.10227906860578635
0.3 0 0.37 0.09938054884187977
0.3 0 0.38 0.020521028756735803
0.3 0 0.39 0.0016337198984968148
0.3 0 0.4 0.001412300542322374
0.3 0 0.41000000000000003 0.0007563549129060709
0.3 0 0.42 0.001824606570537883
0.3 0 0.43 0.0007587272351498902
0.3 0 0.44 0.0006412450270622119
0.3 0 0.45 0.00047962937618254765
0.3 0 0.46 0.0003949316430868266
0.3 0 0.47000000000000003 0.00013246434131420324
0.3 0 0.48 1.9374720458513324e-05
0.3 0 0.49 4.946896711690666e-05
0.3 0 0.5 0.00010737818215989843
#STOP
