#MEDIUM_PROPERTIES_DISTRIBUTED
$MSH_TYPE
	 GROUNDWATER_FLOW	
$MMP_TYPE
	 PERMEABILITY	
$DIS_TYPE
	 NEAREST_VALUE	
;hj
$CONVERSION_FACTOR
2e-8;2e-6;2e-13
$DATA
0.0 0 0.0 0.1216809619607693
0.0 0 0.01 0.08640735368862533
0.0 0 0.02 0.2416739183635766
0.0 0 0.03 0.3532742291090024
0.0 0 0.04 0.3686238392457917
0.0 0 0.05 0.2360810302199724
0.0 0 0.06 0.1065111056811056
0.0 0 0.07 0.11271607598057246
0.0 0 0.08 0.13043961008771623
0.0 0 0.09 0.13791992093236063
0.0 0 0.1 0.19239359885809978
0.0 0 0.11 0.6836589223732142
0.0 0 0.12 0.7803780738783264
0.0 0 0.13 0.8006239994520862
0.0 0 0.14 0.851231284380169
0.0 0 0.15 0.6567097194783686
0.0 0 0.16 1.0713777799477784
0.0 0 0.17 0.39753145003670454
0.0 0 0.18 0.33230677370965156
0.0 0 0.19 0.7754184083988492
0.0 0 0.2 0.3032881637581922
0.0 0 0.21 0.11328891927142885
0.0 0 0.22 0.2200754627708315
0.0 0 0.23 0.13802048522878524
0.0 0 0.24 0.0630066633081157
0.0 0 0.25 0.07251046627539379
0.0 0 0.26 0.15141569348375392
0.0 0 0.27 0.29692846972437587
0.0 0 0.28 0.3140429956770327
0.0 0 0.29 0.15850500030046452
0.0 0 0.3 0.1421692685204563
0.0 0 0.31 0.07207351414788271
0.0 0 0.32 0.016696022608327147
0.0 0 0.33 0.015587138081381983
0.0 0 0.34 0.00473090929502483
0.0 0 0.35000000000000003 0.006711228934733429
0.0 0 0.36 0.006919301542153762
0.0 0 0.37 0.00278857859967183
0.0 0 0.38 0.004209655986632222
0.0 0 0.39 0.00411593836744915
0.0 0 0.4 0.0015612387119086771
0.0 0 0.41000000000000003 0.0009383408923991476
0.0 0 0.42 0.0012471795292129562
0.0 0 0.43 0.0003959970682438307
0.0 0 0.44 0.0004405427758945461
0.0 0 0.45 0.0008663042918537067
0.0 0 0.46 0.0008094498905120294
0.0 0 0.47000000000000003 0.0015021328749524675
0.0 0 0.48 0.0018573218142560852
0.0 0 0.49 0.005709915296586235
0.0 0 0.5 0.011522372794520376
0.01 0 0.0 0.008454124135577732
0.01 0 0.01 0.01346712152852037
0.01 0 0.02 0.00879754414706197
0.01 0 0.03 0.018505354685424805
0.01 0 0.04 0.06167710889487596
0.01 0 0.05 0.029023829980919232
0.01 0 0.06 0.048095147267689015
0.01 0 0.07 0.06071702489274598
0.01 0 0.08 0.04226079500622485
0.01 0 0.09 0.04927207831811267
0.01 0 0.1 0.057627639805934945
0.01 0 0.11 0.07272279892037257
0.01 0 0.12 0.07015412713735066
0.01 0 0.13 0.10186482689769703
0.01 0 0.14 0.07767265569164306
0.01 0 0.15 0.1161818034774093
0.01 0 0.16 0.10899287784006347
0.01 0 0.17 0.18254878707721836
0.01 0 0.18 0.31776407753730174
0.01 0 0.19 0.21316841753268043
0.01 0 0.2 0.3887268533915798
0.01 0 0.21 0.2601248951518857
0.01 0 0.22 0.09010752680196941
0.01 0 0.23 0.06952643448545535
0.01 0 0.24 0.026602040564344412
0.01 0 0.25 0.013158039398709858
0.01 0 0.26 0.05537015379558703
0.01 0 0.27 0.08682537758223138
0.01 0 0.28 0.08451222303357052
0.01 0 0.29 0.17580054510265866
0.01 0 0.3 0.21856559828030045
0.01 0 0.31 0.06793059711462977
0.01 0 0.32 0.03166691842042886
0.01 0 0.33 0.01330780772018158
0.01 0 0.34 0.008595078018494294
0.01 0 0.35000000000000003 0.0056645581389933
0.01 0 0.36 0.0034290529875345087
0.01 0 0.37 0.020206950535061975
0.01 0 0.38 0.029312885797362107
0.01 0 0.39 0.042139477181974444
0.01 0 0.4 0.11405309762460605
0.01 0 0.41000000000000003 0.1125926992756339
0.01 0 0.42 0.07346992941849081
0.01 0 0.43 0.02880554612436916
0.01 0 0.44 0.00991540998223314
0.01 0 0.45 0.005469438345934312
0.01 0 0.46 0.004789680239459936
0.01 0 0.47000000000000003 0.0013580060216214203
0.01 0 0.48 0.0015734049058052579
0.01 0 0.49 0.008880850873084519
0.01 0 0.5 0.010130440399370721
0.02 0 0.0 0.01957174704371401
0.02 0 0.01 0.01935213561965052
0.02 0 0.02 0.011583161064684835
0.02 0 0.03 0.008935174788178717
0.02 0 0.04 0.00912568212016111
0.02 0 0.05 0.009685289424841974
0.02 0 0.06 0.0035678871421150897
0.02 0 0.07 0.003574928612774901
0.02 0 0.08 0.018672441300394225
0.02 0 0.09 0.00744423027676124
0.02 0 0.1 0.008426746517501508
0.02 0 0.11 0.01986149767568714
0.02 0 0.12 0.02072983943792993
0.02 0 0.13 0.014102434691898832
0.02 0 0.14 0.008053399523086143
0.02 0 0.15 0.00693360476975517
0.02 0 0.16 0.004018758629518616
0.02 0 0.17 0.0028735177340469603
0.02 0 0.18 0.0011275749835376598
0.02 0 0.19 0.0018934053053362462
0.02 0 0.2 0.0020938485175926148
0.02 0 0.21 0.0018920695629216827
0.02 0 0.22 0.002672733803642751
0.02 0 0.23 0.001504799189237195
0.02 0 0.24 0.0012537446008353003
0.02 0 0.25 0.001082821610838713
0.02 0 0.26 0.0005485880110475626
0.02 0 0.27 0.0007796533127428555
0.02 0 0.28 0.0009546646386864532
0.02 0 0.29 0.0006709131311032141
0.02 0 0.3 0.0021818130205747727
0.02 0 0.31 0.006493877981722057
0.02 0 0.32 0.009409352776481465
0.02 0 0.33 0.016280847433910364
0.02 0 0.34 0.030576649550268866
0.02 0 0.35000000000000003 0.024353056135192248
0.02 0 0.36 0.032320054381927636
0.02 0 0.37 0.02280106475573406
0.02 0 0.38 0.029874655131074596
0.02 0 0.39 0.08232017607760839
0.02 0 0.4 0.06021664181170806
0.02 0 0.41000000000000003 0.14033632905885296
0.02 0 0.42 0.17972355489885056
0.02 0 0.43 0.08671384422193607
0.02 0 0.44 0.09246401127533682
0.02 0 0.45 0.048756038988221166
0.02 0 0.46 0.015123527255800066
0.02 0 0.47000000000000003 0.007896385331695165
0.02 0 0.48 0.00916170707224908
0.02 0 0.49 0.007526560009473079
0.02 0 0.5 0.009786062666298867
0.03 0 0.0 0.008736305213264505
0.03 0 0.01 0.011094890058684945
0.03 0 0.02 0.013440358642714386
0.03 0 0.03 0.03614554253720063
0.03 0 0.04 0.04772470007515575
0.03 0 0.05 0.04658476752799848
0.03 0 0.06 0.038404431428481316
0.03 0 0.07 0.030433806326048033
0.03 0 0.08 0.009706533706808008
0.03 0 0.09 0.005531332030315443
0.03 0 0.1 0.0050818625047194515
0.03 0 0.11 0.003125773729461729
0.03 0 0.12 0.00853434224260686
0.03 0 0.13 0.0045160263906095
0.03 0 0.14 0.005339189307339178
0.03 0 0.15 0.007193433838802468
0.03 0 0.16 0.0037625461491088167
0.03 0 0.17 0.00192269797721643
0.03 0 0.18 0.0016414657718265377
0.03 0 0.19 0.002279736047238553
0.03 0 0.2 0.0016728205580389289
0.03 0 0.21 0.0019014775370064427
0.03 0 0.22 0.0014841941997670144
0.03 0 0.23 0.00248544122673655
0.03 0 0.24 0.0017908863031230228
0.03 0 0.25 0.001115727911235878
0.03 0 0.26 0.004209597970966147
0.03 0 0.27 0.004746120552764239
0.03 0 0.28 0.0016487746181215732
0.03 0 0.29 0.0020175901691996683
0.03 0 0.3 0.0018069186640709627
0.03 0 0.31 0.0011066616039978909
0.03 0 0.32 0.000737440345761135
0.03 0 0.33 0.0005905520804328977
0.03 0 0.34 0.0010324357035121116
0.03 0 0.35000000000000003 0.0018839414011134635
0.03 0 0.36 0.0016020253539706906
0.03 0 0.37 0.0018025762339627023
0.03 0 0.38 0.0031746300827742474
0.03 0 0.39 0.0018359987550525857
0.03 0 0.4 0.001546265115063505
0.03 0 0.41000000000000003 0.001073613334287364
0.03 0 0.42 0.0011292299310696821
0.03 0 0.43 0.0027690997088028377
0.03 0 0.44 0.0014107397197160741
0.03 0 0.45 0.0020342410076132156
0.03 0 0.46 0.005689466984960519
0.03 0 0.47000000000000003 0.0024767879363085097
0.03 0 0.48 0.004080055300465021
0.03 0 0.49 0.015869378465453183
0.03 0 0.5 0.024776227716815678
0.04 0 0.0 0.08567910710901404
0.04 0 0.01 0.044904387456298864
0.04 0 0.02 0.03603711311238678
0.04 0 0.03 0.01909789486442765
0.04 0 0.04 0.025064232906513932
0.04 0 0.05 0.0667868020170715
0.04 0 0.06 0.042639052761905084
0.04 0 0.07 0.07649254023949002
0.04 0 0.08 0.1068101791798589
0.04 0 0.09 0.06453226061431068
0.04 0 0.1 0.024663429338935384
0.04 0 0.11 0.028303240785988178
0.04 0 0.12 0.015099004234992762
0.04 0 0.13 0.008762658726215013
0.04 0 0.14 0.012235926269729311
0.04 0 0.15 0.005215809454507834
0.04 0 0.16 0.010421955103912946
0.04 0 0.17 0.00906517557354122
0.04 0 0.18 0.008021592428981495
0.04 0 0.19 0.011940915259875657
0.04 0 0.2 0.024464021128314497
0.04 0 0.21 0.034066219853788646
0.04 0 0.22 0.027351689534160756
0.04 0 0.23 0.03931220467799597
0.04 0 0.24 0.05500733251371989
0.04 0 0.25 0.09119749787128144
0.04 0 0.26 0.06978872480220272
0.04 0 0.27 0.09473219369857754
0.04 0 0.28 0.13479761053757144
0.04 0 0.29 0.06026850441521256
0.04 0 0.3 0.10522490014269177
0.04 0 0.31 0.11860591943375871
0.04 0 0.32 0.041010256603321846
0.04 0 0.33 0.0653363370405327
0.04 0 0.34 0.07111624987646205
0.04 0 0.35000000000000003 0.03307434435153775
0.04 0 0.36 0.03370194397641622
0.04 0 0.37 0.04790966116623357
0.04 0 0.38 0.029729404068034256
0.04 0 0.39 0.028503596990642602
0.04 0 0.4 0.02817702253793089
0.04 0 0.41000000000000003 0.030892491656295783
0.04 0 0.42 0.042068135462688006
0.04 0 0.43 0.028449386300467873
0.04 0 0.44 0.04035308904361187
0.04 0 0.45 0.04690990245746009
0.04 0 0.46 0.016882647910788327
0.04 0 0.47000000000000003 0.021385206697412045
0.04 0 0.48 0.0187674493127157
0.04 0 0.49 0.01824735494255706
0.04 0 0.5 0.03651771959306469
0.05 0 0.0 0.021674978940380833
0.05 0 0.01 0.043749140291322874
0.05 0 0.02 0.03351013821521615
0.05 0 0.03 0.019958022171588045
0.05 0 0.04 0.03747491925204199
0.05 0 0.05 0.031390601145927434
0.05 0 0.06 0.045185667066704266
0.05 0 0.07 0.07731977114909142
0.05 0 0.08 0.11944011549724073
0.05 0 0.09 0.20287817415482914
0.05 0 0.1 0.09471309529054012
0.05 0 0.11 0.1911385708644268
0.05 0 0.12 0.3291284731261291
0.05 0 0.13 0.2374461956587957
0.05 0 0.14 0.12726961133747305
0.05 0 0.15 0.37374570930357437
0.05 0 0.16 0.25653517189688463
0.05 0 0.17 0.05892777887631707
0.05 0 0.18 0.08347906321572121
0.05 0 0.19 0.042302076776969046
0.05 0 0.2 0.03075385169944571
0.05 0 0.21 0.01596832388260077
0.05 0 0.22 0.009760038989647397
0.05 0 0.23 0.011865461696482745
0.05 0 0.24 0.01614471522469123
0.05 0 0.25 0.017195001882951193
0.05 0 0.26 0.01777038759676367
0.05 0 0.27 0.028523562924742365
0.05 0 0.28 0.017295930672168645
0.05 0 0.29 0.011679358625349625
0.05 0 0.3 0.00889565764890667
0.05 0 0.31 0.006069030822990949
0.05 0 0.32 0.006257256937007879
0.05 0 0.33 0.001941481978317241
0.05 0 0.34 0.0031330011340847197
0.05 0 0.35000000000000003 0.006942843552755327
0.05 0 0.36 0.0025072201265221726
0.05 0 0.37 0.0023002724400343153
0.05 0 0.38 0.004092978731798853
0.05 0 0.39 0.002682229260642925
0.05 0 0.4 0.0017156577881202477
0.05 0 0.41000000000000003 0.0026638857960304273
0.05 0 0.42 0.003767547723665602
0.05 0 0.43 0.009755733875019825
0.05 0 0.44 0.010958359535057879
0.05 0 0.45 0.009130857914252262
0.05 0 0.46 0.016585547845048294
0.05 0 0.47000000000000003 0.014563189344630462
0.05 0 0.48 0.013293182447321989
0.05 0 0.49 0.034009173749406214
0.05 0 0.5 0.02624552428137096
0.06 0 0.0 0.09792675774136424
0.06 0 0.01 0.05950999427360483
0.06 0 0.02 0.07549922846118735
0.06 0 0.03 0.07948313163324233
0.06 0 0.04 0.049012297058477455
0.06 0 0.05 0.09184126708093722
0.06 0 0.06 0.14988832905513552
0.06 0 0.07 0.0616891267053037
0.06 0 0.08 0.0839013198307021
0.06 0 0.09 0.06041799208602983
0.06 0 0.1 0.04811019203635778
0.06 0 0.11 0.037790916301263355
0.06 0 0.12 0.019607167749279283
0.06 0 0.13 0.02173590789279938
0.06 0 0.14 0.01128768337348674
0.06 0 0.15 0.009140867528581564
0.06 0 0.16 0.008159910328141938
0.06 0 0.17 0.011550209989796039
0.06 0 0.18 0.009112727699267223
0.06 0 0.19 0.021706680547147042
0.06 0 0.2 0.02864611670283618
0.06 0 0.21 0.010155946033850484
0.06 0 0.22 0.017193676745068737
0.06 0 0.23 0.014013174217224858
0.06 0 0.24 0.015066106811480826
0.06 0 0.25 0.03547985512281937
0.06 0 0.26 0.08034714785265787
0.06 0 0.27 0.2224770933853066
0.06 0 0.28 0.4013885129663618
0.06 0 0.29 0.6909070206539869
0.06 0 0.3 0.8500841675795253
0.06 0 0.31 0.8311944173867892
0.06 0 0.32 0.2678825519435571
0.06 0 0.33 0.25210821685470847
0.06 0 0.34 0.4971133936948398
0.06 0 0.35000000000000003 0.23979823089691493
0.06 0 0.36 0.4190696678400872
0.06 0 0.37 0.37128250212671504
0.06 0 0.38 0.31018854953329805
0.06 0 0.39 0.2548217613514291
0.06 0 0.4 0.09707647260978133
0.06 0 0.41000000000000003 0.07849544964796396
0.06 0 0.42 0.1704124511363268
0.06 0 0.43 0.17560663410755628
0.06 0 0.44 0.1514998294538853
0.06 0 0.45 0.26949275928797595
0.06 0 0.46 0.2279100059629762
0.06 0 0.47000000000000003 0.18474325200482208
0.06 0 0.48 0.11824332908166779
0.06 0 0.49 0.0903966075239242
0.06 0 0.5 0.131839148191804
0.07 0 0.0 0.4502226173015644
0.07 0 0.01 0.5366123343332816
0.07 0 0.02 0.13174417052309437
0.07 0 0.03 0.04408576373996599
0.07 0 0.04 0.09134360000867028
0.07 0 0.05 0.09976443154341583
0.07 0 0.06 0.09172132847106941
0.07 0 0.07 0.21533440023029307
0.07 0 0.08 0.38085019511289486
0.07 0 0.09 0.47813428206036984
0.07 0 0.1 0.5398529174203076
0.07 0 0.11 0.27052645872209424
0.07 0 0.12 0.5393395574502392
0.07 0 0.13 0.25936299623178155
0.07 0 0.14 0.10253150361870228
0.07 0 0.15 0.12801403910976455
0.07 0 0.16 0.08928473794466558
0.07 0 0.17 0.06866229059846647
0.07 0 0.18 0.06303821339081578
0.07 0 0.19 0.08955848400791862
0.07 0 0.2 0.09923512473229491
0.07 0 0.21 0.1374078583381566
0.07 0 0.22 0.06761656916748326
0.07 0 0.23 0.08302483242506674
0.07 0 0.24 0.2419779288090333
0.07 0 0.25 0.0987653050986028
0.07 0 0.26 0.09630292928675731
0.07 0 0.27 0.14784944154843285
0.07 0 0.28 0.1855810023297538
0.07 0 0.29 0.19351338916401278
0.07 0 0.3 0.10566714974389343
0.07 0 0.31 0.12827483495795913
0.07 0 0.32 0.07784040760402296
0.07 0 0.33 0.04523353734195083
0.07 0 0.34 0.037982025349092376
0.07 0 0.35000000000000003 0.09496408247838264
0.07 0 0.36 0.09074156912291166
0.07 0 0.37 0.13551047919283485
0.07 0 0.38 0.4659308798706942
0.07 0 0.39 0.18350913670369784
0.07 0 0.4 0.202768794609553
0.07 0 0.41000000000000003 0.15650087471836943
0.07 0 0.42 0.06083801570661726
0.07 0 0.43 0.04471266161541859
0.07 0 0.44 0.040929000818587725
0.07 0 0.45 0.02437842303351908
0.07 0 0.46 0.03266027266903488
0.07 0 0.47000000000000003 0.049545445690841274
0.07 0 0.48 0.04499344393982971
0.07 0 0.49 0.03879158030370738
0.07 0 0.5 0.020757715021256073
0.08 0 0.0 0.20085247923866895
0.08 0 0.01 0.09779718315454314
0.08 0 0.02 0.0849248674928262
0.08 0 0.03 0.07596457701523492
0.08 0 0.04 0.031392154581328456
0.08 0 0.05 0.03949762826188328
0.08 0 0.06 0.03753355575045809
0.08 0 0.07 0.01669194382914011
0.08 0 0.08 0.024767866552320116
0.08 0 0.09 0.04838840017240931
0.08 0 0.1 0.054176747749026796
0.08 0 0.11 0.1864843326440753
0.08 0 0.12 0.5156758139963862
0.08 0 0.13 0.7578256039480786
0.08 0 0.14 1.8329913032416376
0.08 0 0.15 1.933462115214714
0.08 0 0.16 3.958845381886072
0.08 0 0.17 2.9721665005089997
0.08 0 0.18 2.3860078833161045
0.08 0 0.19 5.638697728203823
0.08 0 0.2 2.8047160743736916
0.08 0 0.21 0.9116573646103033
0.08 0 0.22 0.9772819969311292
0.08 0 0.23 0.9989156410058655
0.08 0 0.24 0.3872004710517269
0.08 0 0.25 0.40877505095484945
0.08 0 0.26 0.44770244753031097
0.08 0 0.27 0.31670614646512074
0.08 0 0.28 0.6674528722744428
0.08 0 0.29 0.3037046932075547
0.08 0 0.3 0.23695094182227172
0.08 0 0.31 0.22801328003269722
0.08 0 0.32 0.09798119241767908
0.08 0 0.33 0.08026127963252648
0.08 0 0.34 0.09053269918548437
0.08 0 0.35000000000000003 0.24573783761781878
0.08 0 0.36 0.22548961263350065
0.08 0 0.37 0.33513007937399397
0.08 0 0.38 0.5240023629007278
0.08 0 0.39 0.9991783106186818
0.08 0 0.4 0.40127569454338524
0.08 0 0.41000000000000003 0.21966044073977828
0.08 0 0.42 0.6935262239652374
0.08 0 0.43 0.19954083354655083
0.08 0 0.44 0.06299601045399553
0.08 0 0.45 0.05597528315787888
0.08 0 0.46 0.03730026193769058
0.08 0 0.47000000000000003 0.022724244925226872
0.08 0 0.48 0.018791535977078975
0.08 0 0.49 0.014579572330078805
0.08 0 0.5 0.02787368093078492
0.09 0 0.0 0.33615946487811627
0.09 0 0.01 0.6207774132982163
0.09 0 0.02 0.31891630378368274
0.09 0 0.03 0.25786657078088804
0.09 0 0.04 0.6858731356563674
0.09 0 0.05 0.6161492830956139
0.09 0 0.06 0.36872839200320856
0.09 0 0.07 0.24365697805487543
0.09 0 0.08 0.07188003123908078
0.09 0 0.09 0.05583247340191818
0.09 0 0.1 0.05082438731070501
0.09 0 0.11 0.01659098544198268
0.09 0 0.12 0.01793841034650489
0.09 0 0.13 0.04423771358985827
0.09 0 0.14 0.018466878117233815
0.09 0 0.15 0.018531565324810248
0.09 0 0.16 0.03639946692686055
0.09 0 0.17 0.04187265862543477
0.09 0 0.18 0.07114120217173896
0.09 0 0.19 0.07130798175011382
0.09 0 0.2 0.13270179569473678
0.09 0 0.21 0.1465879005109078
0.09 0 0.22 0.06655940998182741
0.09 0 0.23 0.09659926327896919
0.09 0 0.24 0.08984743270725017
0.09 0 0.25 0.046384570308821406
0.09 0 0.26 0.06056877170418271
0.09 0 0.27 0.1506631444875083
0.09 0 0.28 0.24394991139851038
0.09 0 0.29 0.591504499908104
0.09 0 0.3 1.4433407710377582
0.09 0 0.31 0.7917749286333987
0.09 0 0.32 1.6680071399272456
0.09 0 0.33 1.0547144371665391
0.09 0 0.34 0.6724367498084514
0.09 0 0.35000000000000003 0.6639475081231173
0.09 0 0.36 0.43758376002684346
0.09 0 0.37 0.532842169618646
0.09 0 0.38 0.42444625394208907
0.09 0 0.39 0.48914365919670555
0.09 0 0.4 0.3646877252858605
0.09 0 0.41000000000000003 0.6599051425040887
0.09 0 0.42 0.47889907283571087
0.09 0 0.43 0.4811855198956236
0.09 0 0.44 0.49239113200141793
0.09 0 0.45 0.33974144680569623
0.09 0 0.46 0.9755782093272147
0.09 0 0.47000000000000003 0.9678630229990582
0.09 0 0.48 0.7764445441433881
0.09 0 0.49 1.733817396434321
0.09 0 0.5 2.0226001436318515
0.1 0 0.0 0.3683022439964315
0.1 0 0.01 0.4548290636329031
0.1 0 0.02 0.360971568119717
0.1 0 0.03 0.8516124788300048
0.1 0 0.04 1.2946889933976575
0.1 0 0.05 2.722191413725334
0.1 0 0.06 1.903485571801662
0.1 0 0.07 0.9815103635904918
0.1 0 0.08 1.7727081863010954
0.1 0 0.09 0.9813990077315063
0.1 0 0.1 0.45983189549139536
0.1 0 0.11 0.901451043226636
0.1 0 0.12 1.3810246459431443
0.1 0 0.13 1.279370968288576
0.1 0 0.14 1.9361436164087604
0.1 0 0.15 1.7963946499292545
0.1 0 0.16 1.5996693976804992
0.1 0 0.17 2.1236945496533157
0.1 0 0.18 0.8614633980693603
0.1 0 0.19 1.1658916226589393
0.1 0 0.2 2.1412864233121
0.1 0 0.21 1.3922008639211187
0.1 0 0.22 2.2711370092721834
0.1 0 0.23 3.43315712772764
0.1 0 0.24 2.658295407059805
0.1 0 0.25 1.83980568830672
0.1 0 0.26 0.6694110921744785
0.1 0 0.27 0.9967419414575022
0.1 0 0.28 1.725589219371583
0.1 0 0.29 1.3159447612137711
0.1 0 0.3 1.5675796808132436
0.1 0 0.31 6.416725058089002
0.1 0 0.32 10.917630310246516
0.1 0 0.33 7.317730168955954
0.1 0 0.34 18.45260504050294
0.1 0 0.35000000000000003 14.972301179047266
0.1 0 0.36 18.31664810967518
0.1 0 0.37 7.921839989481718
0.1 0 0.38 6.028476168892849
0.1 0 0.39 7.54711145930799
0.1 0 0.4 3.2122103929370978
0.1 0 0.41000000000000003 2.394167914242237
0.1 0 0.42 2.3193813402147545
0.1 0 0.43 2.315392785256548
0.1 0 0.44 1.2039959658492796
0.1 0 0.45 2.521773357187408
0.1 0 0.46 3.442266543531151
0.1 0 0.47000000000000003 4.664046781289239
0.1 0 0.48 9.373359286649894
0.1 0 0.49 4.140735768382343
0.1 0 0.5 5.543289082756602
0.11 0 0.0 0.170745173043929
0.11 0 0.01 0.24175220731800393
0.11 0 0.02 0.8977169480924644
0.11 0 0.03 1.1332562330146876
0.11 0 0.04 4.0400203089687885
0.11 0 0.05 12.529553142340987
0.11 0 0.06 12.00551207087188
0.11 0 0.07 15.911172497624513
0.11 0 0.08 7.178388313197202
0.11 0 0.09 8.19096998515981
0.11 0 0.1 10.739557932218558
0.11 0 0.11 3.8886637582923056
0.11 0 0.12 6.340344920043519
0.11 0 0.13 11.920011463186754
0.11 0 0.14 9.195815062168146
0.11 0 0.15 8.950166895262205
0.11 0 0.16 14.056348974758432
0.11 0 0.17 8.496354688462338
0.11 0 0.18 6.940608444821867
0.11 0 0.19 4.18385056731273
0.11 0 0.2 1.5491656152129367
0.11 0 0.21 1.401759502222319
0.11 0 0.22 0.9753500138370402
0.11 0 0.23 1.0863851743646
0.11 0 0.24 1.3855243285404137
0.11 0 0.25 1.0066713919862078
0.11 0 0.26 2.273900131184933
0.11 0 0.27 4.095960561543393
0.11 0 0.28 1.9228483913289065
0.11 0 0.29 2.59580483304265
0.11 0 0.3 1.8391411280424357
0.11 0 0.31 1.501304865853983
0.11 0 0.32 2.2948683414839954
0.11 0 0.33 4.730490392792334
0.11 0 0.34 5.895993078497589
0.11 0 0.35000000000000003 14.5789857678623
0.11 0 0.36 18.20714699036035
0.11 0 0.37 4.720808185688179
0.11 0 0.38 4.754642825363545
0.11 0 0.39 1.3234509348719659
0.11 0 0.4 0.4296237531120925
0.11 0 0.41000000000000003 0.17111341169415803
0.11 0 0.42 0.11901709703246095
0.11 0 0.43 0.08292574151167538
0.11 0 0.44 0.025181625382566877
0.11 0 0.45 0.022805392698312197
0.11 0 0.46 0.028896585563259088
0.11 0 0.47000000000000003 0.017166812543319823
0.11 0 0.48 0.005904715000932754
0.11 0 0.49 0.01477035661296553
0.11 0 0.5 0.030990943369431402
0.12 0 0.0 2.1775333158636325
0.12 0 0.01 1.670493126242526
0.12 0 0.02 1.0752138587024673
0.12 0 0.03 1.161361655853599
0.12 0 0.04 2.6653734346811815
0.12 0 0.05 3.815129634484002
0.12 0 0.06 5.35091894477632
0.12 0 0.07 4.548861254601833
0.12 0 0.08 6.847322215546293
0.12 0 0.09 11.012536392772812
0.12 0 0.1 4.46174142600136
0.12 0 0.11 7.911130764833185
0.12 0 0.12 7.359491979101478
0.12 0 0.13 6.433362639602684
0.12 0 0.14 6.4770760448983165
0.12 0 0.15 1.6227728417855654
0.12 0 0.16 1.1239819053163898
0.12 0 0.17 0.9146308866100782
0.12 0 0.18 0.2094723631939905
0.12 0 0.19 0.07579780131608807
0.12 0 0.2 0.24355313409296533
0.12 0 0.21 0.23355624632369645
0.12 0 0.22 0.23132914732190862
0.12 0 0.23 0.6372638144450865
0.12 0 0.24 0.9985117272610428
0.12 0 0.25 1.0667675398052152
0.12 0 0.26 0.8997974341668389
0.12 0 0.27 1.0789502890368483
0.12 0 0.28 1.7728887514368439
0.12 0 0.29 0.6879543694961228
0.12 0 0.3 0.44765121897116594
0.12 0 0.31 0.8293589018618566
0.12 0 0.32 0.531052793258634
0.12 0 0.33 0.7069441043807159
0.12 0 0.34 0.6475881762746404
0.12 0 0.35000000000000003 0.5540032706363565
0.12 0 0.36 0.5103523347080582
0.12 0 0.37 0.40834907693018746
0.12 0 0.38 0.08942899240916187
0.12 0 0.39 0.05984608393669613
0.12 0 0.4 0.07657841968726216
0.12 0 0.41000000000000003 0.021670986856974814
0.12 0 0.42 0.030153149622972112
0.12 0 0.43 0.0398397218598612
0.12 0 0.44 0.0586233341204316
0.12 0 0.45 0.09382754907697566
0.12 0 0.46 0.09290134696372354
0.12 0 0.47000000000000003 0.10557739356366534
0.12 0 0.48 0.07052421996598812
0.12 0 0.49 0.07077461411248967
0.12 0 0.5 0.11557504272367128
0.13 0 0.0 0.18996755341463903
0.13 0 0.01 0.21707412790686556
0.13 0 0.02 0.2661861387632243
0.13 0 0.03 0.12167669100848388
0.13 0 0.04 0.15172832127768837
0.13 0 0.05 0.16060100847780145
0.13 0 0.06 0.11385810784394705
0.13 0 0.07 0.10501921599798024
0.13 0 0.08 0.1855560844369004
0.13 0 0.09 0.13377354009457276
0.13 0 0.1 0.1595781119430311
0.13 0 0.11 0.2608832422630781
0.13 0 0.12 0.32088684843619836
0.13 0 0.13 0.7305407420178561
0.13 0 0.14 0.3891736841365155
0.13 0 0.15 0.7544262794304429
0.13 0 0.16 0.6503108725069586
0.13 0 0.17 0.26301276830138476
0.13 0 0.18 0.2500403558057898
0.13 0 0.19 0.13930381993934826
0.13 0 0.2 0.09594169242527158
0.13 0 0.21 0.1471822958671142
0.13 0 0.22 0.1787963293515706
0.13 0 0.23 0.1311949225306947
0.13 0 0.24 0.3654261431113428
0.13 0 0.25 0.3636767922781253
0.13 0 0.26 0.37784943043999114
0.13 0 0.27 0.9683322727412788
0.13 0 0.28 0.6873769273276255
0.13 0 0.29 0.29687066001899304
0.13 0 0.3 0.24858531894075203
0.13 0 0.31 0.15291399999309274
0.13 0 0.32 0.16878486079604585
0.13 0 0.33 0.09834604416936903
0.13 0 0.34 0.10598621855401828
0.13 0 0.35000000000000003 0.3983025003341414
0.13 0 0.36 0.3025949106647219
0.13 0 0.37 0.23353026333859028
0.13 0 0.38 0.35644682022388696
0.13 0 0.39 0.42014256971082725
0.13 0 0.4 0.1905827443275251
0.13 0 0.41000000000000003 0.20715514537806348
0.13 0 0.42 0.2291322797230292
0.13 0 0.43 0.31166333910513205
0.13 0 0.44 0.5609267712799821
0.13 0 0.45 0.3748253796969896
0.13 0 0.46 0.7942786421738832
0.13 0 0.47000000000000003 0.6916699608465087
0.13 0 0.48 0.23686866251508185
0.13 0 0.49 0.2789457412448809
0.13 0 0.5 0.2679542025084855
0.14 0 0.0 1.2128449359345146
0.14 0 0.01 1.7245896525817945
0.14 0 0.02 1.4006467818406658
0.14 0 0.03 1.354923220860389
0.14 0 0.04 0.3808125322086951
0.14 0 0.05 0.34752897039180203
0.14 0 0.06 0.49196668982277275
0.14 0 0.07 0.16258525766992576
0.14 0 0.08 0.22613689646049245
0.14 0 0.09 0.48370399666187636
0.14 0 0.1 0.4718284963194227
0.14 0 0.11 0.20715061359331444
0.14 0 0.12 0.2766027125069244
0.14 0 0.13 0.19737646990399665
0.14 0 0.14 0.12616723550563588
0.14 0 0.15 0.0956922935239489
0.14 0 0.16 0.0698430458747733
0.14 0 0.17 0.3354257279570215
0.14 0 0.18 0.23446518912533615
0.14 0 0.19 0.34983627132795203
0.14 0 0.2 1.1053830817327968
0.14 0 0.21 1.2551823397824813
0.14 0 0.22 1.088080958871746
0.14 0 0.23 0.8369678103189866
0.14 0 0.24 0.5319371236332496
0.14 0 0.25 0.6463406762117273
0.14 0 0.26 1.074161277323253
0.14 0 0.27 0.7654964910622876
0.14 0 0.28 1.2418729768679189
0.14 0 0.29 1.3147213153107875
0.14 0 0.3 0.7655860797579251
0.14 0 0.31 0.985882364132962
0.14 0 0.32 0.8015300943901431
0.14 0 0.33 0.7664366977931325
0.14 0 0.34 1.7208301878405872
0.14 0 0.35000000000000003 1.510018363191532
0.14 0 0.36 3.718958054627288
0.14 0 0.37 5.438362585351669
0.14 0 0.38 2.964201853865928
0.14 0 0.39 4.79546716501457
0.14 0 0.4 5.054691591620097
0.14 0 0.41000000000000003 2.933735903932096
0.14 0 0.42 4.534124033357699
0.14 0 0.43 12.621533027018184
0.14 0 0.44 14.863083104223742
0.14 0 0.45 27.008631765391314
0.14 0 0.46 35.33898933205266
0.14 0 0.47000000000000003 13.35259086264319
0.14 0 0.48 7.763847291481878
0.14 0 0.49 3.166104866960733
0.14 0 0.5 2.043633283927263
0.15 0 0.0 6.177859269963714
0.15 0 0.01 7.237448641442724
0.15 0 0.02 9.928316550420718
0.15 0 0.03 5.245423095050478
0.15 0 0.04 3.620631043631365
0.15 0 0.05 3.5032601396301315
0.15 0 0.06 0.8510588138681987
0.15 0 0.07 0.7337324181835748
0.15 0 0.08 0.4541418788736997
0.15 0 0.09 0.17589814601513767
0.15 0 0.1 0.19622007456298254
0.15 0 0.11 0.1491968307827416
0.15 0 0.12 0.22454417511793595
0.15 0 0.13 0.20160426079220561
0.15 0 0.14 0.16427266895113465
0.15 0 0.15 0.07290776554937302
0.15 0 0.16 0.07162355815260618
0.15 0 0.17 0.027739189909354027
0.15 0 0.18 0.015304352451600445
0.15 0 0.19 0.030474336512560367
0.15 0 0.2 0.041241514261781596
0.15 0 0.21 0.23700445712876286
0.15 0 0.22 0.20064595338070676
0.15 0 0.23 0.19765590761696458
0.15 0 0.24 0.62886787791841
0.15 0 0.25 0.36857381101138387
0.15 0 0.26 0.14789572823862082
0.15 0 0.27 0.2936775983598165
0.15 0 0.28 0.355635509577007
0.15 0 0.29 0.18342995234042336
0.15 0 0.3 0.2597628373117327
0.15 0 0.31 0.39168463358013683
0.15 0 0.32 0.4703710529149227
0.15 0 0.33 0.470196285827755
0.15 0 0.34 0.3800952127279306
0.15 0 0.35000000000000003 1.2083385152304786
0.15 0 0.36 1.8406815718898295
0.15 0 0.37 1.2775664434423772
0.15 0 0.38 2.047630839671446
0.15 0 0.39 1.178079687267266
0.15 0 0.4 0.8690193158675793
0.15 0 0.41000000000000003 0.5501193721230813
0.15 0 0.42 0.22882593489857056
0.15 0 0.43 0.5888092515849344
0.15 0 0.44 2.392076005050456
0.15 0 0.45 2.219397326699593
0.15 0 0.46 3.4579407577591796
0.15 0 0.47000000000000003 9.613767387261106
0.15 0 0.48 5.873857515107751
0.15 0 0.49 2.696511168342464
0.15 0 0.5 3.610092563887177
0.16 0 0.0 0.6320094109914056
0.16 0 0.01 0.5277089571935284
0.16 0 0.02 0.7393538812177108
0.16 0 0.03 0.5029879399968803
0.16 0 0.04 0.12754645609115622
0.16 0 0.05 0.07410118327750852
0.16 0 0.06 0.08237272367035173
0.16 0 0.07 0.029676472300953695
0.16 0 0.08 0.01177963048777937
0.16 0 0.09 0.03132853086712008
0.16 0 0.1 0.017021790645518092
0.16 0 0.11 0.024429501804788117
0.16 0 0.12 0.060017840280435816
0.16 0 0.13 0.05869793771150453
0.16 0 0.14 0.11387016332236649
0.16 0 0.15 0.12200804352879974
0.16 0 0.16 0.1342669060826732
0.16 0 0.17 0.11229127962322644
0.16 0 0.18 0.20719492129139425
0.16 0 0.19 0.20323883513374272
0.16 0 0.2 0.537420766659057
0.16 0 0.21 1.0492714199472755
0.16 0 0.22 1.3216156033165887
0.16 0 0.23 2.292232108844786
0.16 0 0.24 1.1981982493064425
0.16 0 0.25 2.8420373854527625
0.16 0 0.26 2.743269894392434
0.16 0 0.27 1.0124078552060667
0.16 0 0.28 1.9302686860422318
0.16 0 0.29 2.2508825321691397
0.16 0 0.3 1.4169759997874625
0.16 0 0.31 2.126606481529666
0.16 0 0.32 2.09092449623567
0.16 0 0.33 0.7982909791079634
0.16 0 0.34 0.8162886686776634
0.16 0 0.35000000000000003 0.7341529030512549
0.16 0 0.36 0.32757759648002455
0.16 0 0.37 0.4333794120179931
0.16 0 0.38 0.43579021961878384
0.16 0 0.39 0.8240420354301609
0.16 0 0.4 0.8689384888221794
0.16 0 0.41000000000000003 0.6201611645668744
0.16 0 0.42 1.5127749142457887
0.16 0 0.43 1.41309631089236
0.16 0 0.44 0.6337280465530031
0.16 0 0.45 0.557470377163165
0.16 0 0.46 0.31883382956395795
0.16 0 0.47000000000000003 0.18892305086667344
0.16 0 0.48 0.22147367088605083
0.16 0 0.49 0.24789880482850407
0.16 0 0.5 0.45932573347792155
0.17 0 0.0 6.298337283135094
0.17 0 0.01 8.28258998693658
0.17 0 0.02 9.34447695383272
0.17 0 0.03 4.424731324984114
0.17 0 0.04 3.0220755267020607
0.17 0 0.05 2.9271624988677742
0.17 0 0.06 2.8569124589804917
0.17 0 0.07 2.527276942661629
0.17 0 0.08 2.4259231851240313
0.17 0 0.09 4.048037552728553
0.17 0 0.1 6.982169400904644
0.17 0 0.11 5.692948409840483
0.17 0 0.12 3.387398592619844
0.17 0 0.13 11.411113980140444
0.17 0 0.14 3.08580997834299
0.17 0 0.15 0.9087341767470333
0.17 0 0.16 1.0200440099913648
0.17 0 0.17 0.4791317882247039
0.17 0 0.18 0.29067246741903485
0.17 0 0.19 0.2687106937307373
0.17 0 0.2 0.540285183728933
0.17 0 0.21 0.5362832699058405
0.17 0 0.22 0.4116267481597443
0.17 0 0.23 0.1298410394208028
0.17 0 0.24 0.1154960782153541
0.17 0 0.25 0.07857929071842383
0.17 0 0.26 0.01866901047706937
0.17 0 0.27 0.024979630569059653
0.17 0 0.28 0.027135581679980293
0.17 0 0.29 0.05814685855171553
0.17 0 0.3 0.15086874674807765
0.17 0 0.31 0.12762001927907404
0.17 0 0.32 0.2640801198981721
0.17 0 0.33 0.2418159060032649
0.17 0 0.34 0.0896441221235692
0.17 0 0.35000000000000003 0.06346406796714878
0.17 0 0.36 0.09445193558586354
0.17 0 0.37 0.05691520460584979
0.17 0 0.38 0.06962512839501732
0.17 0 0.39 0.17616832511135894
0.17 0 0.4 0.22682519817486121
0.17 0 0.41000000000000003 0.5511850846869136
0.17 0 0.42 0.5473872528793019
0.17 0 0.43 1.3022681040811466
0.17 0 0.44 2.8213649721669554
0.17 0 0.45 1.0726312926309451
0.17 0 0.46 0.7114500542581097
0.17 0 0.47000000000000003 0.9520398691876967
0.17 0 0.48 0.4608580291805223
0.17 0 0.49 0.3909035640059353
0.17 0 0.5 0.4638319648392373
0.18 0 0.0 4.074443704351954
0.18 0 0.01 3.727335876500597
0.18 0 0.02 2.457226053400505
0.18 0 0.03 2.72932362320687
0.18 0 0.04 2.215431772210736
0.18 0 0.05 2.1372294559639076
0.18 0 0.06 5.1740319101836025
0.18 0 0.07 4.963318093468247
0.18 0 0.08 4.634807361001177
0.18 0 0.09 5.052445229890941
0.18 0 0.1 6.2438408857875745
0.18 0 0.11 8.578412221114384
0.18 0 0.12 12.030360164470236
0.18 0 0.13 10.5197891592049
0.18 0 0.14 10.216188349946394
0.18 0 0.15 10.033186461667983
0.18 0 0.16 1.6559073543638563
0.18 0 0.17 1.0783038736119217
0.18 0 0.18 0.4567250917760007
0.18 0 0.19 0.26308757625874074
0.18 0 0.2 0.41934602989773695
0.18 0 0.21 0.3821355111777679
0.18 0 0.22 0.43364923040994563
0.18 0 0.23 0.5502353476680167
0.18 0 0.24 0.6915858375440153
0.18 0 0.25 0.36182580278955634
0.18 0 0.26 0.19756654165292992
0.18 0 0.27 0.08886861862239749
0.18 0 0.28 0.08598544814666473
0.18 0 0.29 0.12233752648448457
0.18 0 0.3 0.05965729604861695
0.18 0 0.31 0.2542202295864629
0.18 0 0.32 0.5125944562211207
0.18 0 0.33 0.33648901242761026
0.18 0 0.34 0.9326857779106154
0.18 0 0.35000000000000003 1.3274331634185565
0.18 0 0.36 1.326198931968252
0.18 0 0.37 0.877646391302492
0.18 0 0.38 0.7223665282133723
0.18 0 0.39 0.3788936327659932
0.18 0 0.4 0.28788754135090694
0.18 0 0.41000000000000003 0.11758529898075666
0.18 0 0.42 0.11299200333176847
0.18 0 0.43 0.2752592377057571
0.18 0 0.44 0.21313189048743422
0.18 0 0.45 0.2970159973818231
0.18 0 0.46 0.2631069258809644
0.18 0 0.47000000000000003 0.32830879581929634
0.18 0 0.48 0.4890553993311398
0.18 0 0.49 0.16947189997911744
0.18 0 0.5 0.11530126308325322
0.19 0 0.0 2.658377099341226
0.19 0 0.01 0.8925783438881765
0.19 0 0.02 0.9403757868042194
0.19 0 0.03 0.2535135034709203
0.19 0 0.04 0.13863628887309506
0.19 0 0.05 0.27962524429810787
0.19 0 0.06 0.4937804612136106
0.19 0 0.07 0.5904342922251008
0.19 0 0.08 0.5174488335802195
0.19 0 0.09 0.6238189449274815
0.19 0 0.1 1.065474725784692
0.19 0 0.11 0.3891406982524829
0.19 0 0.12 0.2985276099121273
0.19 0 0.13 0.6031907114887797
0.19 0 0.14 0.6886027611359241
0.19 0 0.15 0.4297857162297165
0.19 0 0.16 0.7913594308713476
0.19 0 0.17 0.9241213388457519
0.19 0 0.18 0.5721337269774712
0.19 0 0.19 0.8298662385488963
0.19 0 0.2 0.37676389494321216
0.19 0 0.21 0.45034181540067925
0.19 0 0.22 0.597703856903568
0.19 0 0.23 0.4065885373485323
0.19 0 0.24 0.638986751529238
0.19 0 0.25 0.858444893390675
0.19 0 0.26 0.48785833035242376
0.19 0 0.27 0.1439999961076338
0.19 0 0.28 0.09899721284006774
0.19 0 0.29 0.08299248899236639
0.19 0 0.3 0.056824572294147654
0.19 0 0.31 0.040108812869201364
0.19 0 0.32 0.06340841161104221
0.19 0 0.33 0.37395786515842555
0.19 0 0.34 0.2362272222679953
0.19 0 0.35000000000000003 0.5860797161734285
0.19 0 0.36 1.8259589147515487
0.19 0 0.37 1.0846730985665045
0.19 0 0.38 1.7395706515292195
0.19 0 0.39 1.7379432390626002
0.19 0 0.4 1.2177640379902448
0.19 0 0.41000000000000003 1.0900407724523276
0.19 0 0.42 1.7396647438366926
0.19 0 0.43 0.688627835604339
0.19 0 0.44 0.47755170688113346
0.19 0 0.45 0.25970668863431584
0.19 0 0.46 0.14015348914716763
0.19 0 0.47000000000000003 0.17737747365289436
0.19 0 0.48 0.12332979908259097
0.19 0 0.49 0.21508437493058002
0.19 0 0.5 0.3483005964615514
0.2 0 0.0 1.3131489219060213
0.2 0 0.01 1.0835187766847505
0.2 0 0.02 0.2069581893759086
0.2 0 0.03 0.14664406932715332
0.2 0 0.04 0.13254599130663675
0.2 0 0.05 0.06611402447203191
0.2 0 0.06 0.1120109475098202
0.2 0 0.07 0.13832317641615813
0.2 0 0.08 0.13056591552606497
0.2 0 0.09 0.2554049780096433
0.2 0 0.1 0.30715014062488805
0.2 0 0.11 0.27197430349922114
0.2 0 0.12 0.2004505336925324
0.2 0 0.13 0.1270803812605192
0.2 0 0.14 0.08028458199422511
0.2 0 0.15 0.020230864294550073
0.2 0 0.16 0.010765883748328497
0.2 0 0.17 0.013774347728389822
0.2 0 0.18 0.015417840543559554
0.2 0 0.19 0.014237144501643793
0.2 0 0.2 0.05972371984431638
0.2 0 0.21 0.1169653237313476
0.2 0 0.22 0.05803807742532465
0.2 0 0.23 0.11896413615289238
0.2 0 0.24 0.09166610303177886
0.2 0 0.25 0.029730225205560495
0.2 0 0.26 0.016765417923262693
0.2 0 0.27 0.007887368686745671
0.2 0 0.28 0.009857812884167053
0.2 0 0.29 0.011775337726150612
0.2 0 0.3 0.010830613606210846
0.2 0 0.31 0.011229103217799272
0.2 0 0.32 0.022911110451455965
0.2 0 0.33 0.023300271291172417
0.2 0 0.34 0.018471395632535956
0.2 0 0.35000000000000003 0.03119015289720483
0.2 0 0.36 0.0234555830831347
0.2 0 0.37 0.045190041051804686
0.2 0 0.38 0.012434794490497785
0.2 0 0.39 0.010266462075665986
0.2 0 0.4 0.01904693245783369
0.2 0 0.41000000000000003 0.006054544447975179
0.2 0 0.42 0.005692984473113646
0.2 0 0.43 0.011418777595765333
0.2 0 0.44 0.010878125533613022
0.2 0 0.45 0.005036824833870486
0.2 0 0.46 0.007200596179034439
0.2 0 0.47000000000000003 0.006810108522747428
0.2 0 0.48 0.008781352185536434
0.2 0 0.49 0.006759263595647173
0.2 0 0.5 0.006537807935872362
0.21 0 0.0 3.084077348230681
0.21 0 0.01 2.4983747961619214
0.21 0 0.02 2.977336710117018
0.21 0 0.03 1.8294084665545476
0.21 0 0.04 1.1733648710064424
0.21 0 0.05 2.6450146376434382
0.21 0 0.06 2.7967825484555373
0.21 0 0.07 3.159627569581974
0.21 0 0.08 3.9055228277993366
0.21 0 0.09 1.9732386695097826
0.21 0 0.1 2.5258151017390196
0.21 0 0.11 2.0326311841621703
0.21 0 0.12 0.5149217844021365
0.21 0 0.13 0.4602961349192714
0.21 0 0.14 0.42906200482078755
0.21 0 0.15 0.29024879119515745
0.21 0 0.16 0.2273347881382905
0.21 0 0.17 0.3441486862486406
0.21 0 0.18 0.8693099955939086
0.21 0 0.19 1.2717471749717126
0.21 0 0.2 1.1500328531660724
0.21 0 0.21 1.6417231005976833
0.21 0 0.22 3.208692837970758
0.21 0 0.23 1.9648132903104163
0.21 0 0.24 1.8638654778040946
0.21 0 0.25 2.5365640840040484
0.21 0 0.26 1.117835101661785
0.21 0 0.27 1.3955991108800325
0.21 0 0.28 1.8289011986411798
0.21 0 0.29 1.0806226328985344
0.21 0 0.3 1.402273462336274
0.21 0 0.31 0.8545596214943274
0.21 0 0.32 0.9400109073100206
0.21 0 0.33 1.0170642657454967
0.21 0 0.34 1.110516493037768
0.21 0 0.35000000000000003 1.1509448518985566
0.21 0 0.36 1.7034480821753366
0.21 0 0.37 0.9206340146011636
0.21 0 0.38 0.3568546415812456
0.21 0 0.39 0.2966853573194983
0.21 0 0.4 0.0343142494254417
0.21 0 0.41000000000000003 0.023596596039402062
0.21 0 0.42 0.011009319409149109
0.21 0 0.43 0.004524054985003202
0.21 0 0.44 0.0058176735526406145
0.21 0 0.45 0.005186198074581815
0.21 0 0.46 0.007633462432270766
0.21 0 0.47000000000000003 0.01372716898458882
0.21 0 0.48 0.011558483532029757
0.21 0 0.49 0.004530083312313911
0.21 0 0.5 0.003851093970139342
0.22 0 0.0 0.4348184974068397
0.22 0 0.01 0.31713210728759
0.22 0 0.02 0.16469953611611732
0.22 0 0.03 0.20264065183088276
0.22 0 0.04 0.19974698510303554
0.22 0 0.05 0.41972721692077325
0.22 0 0.06 1.6477266355887243
0.22 0 0.07 4.010122585791311
0.22 0 0.08 6.8160935502136075
0.22 0 0.09 29.387165187244516
0.22 0 0.1 42.69786333525536
0.22 0 0.11 15.13270645262459
0.22 0 0.12 13.804718299255985
0.22 0 0.13 6.8119489059045994
0.22 0 0.14 3.154340524125977
0.22 0 0.15 1.5107404884848832
0.22 0 0.16 0.7598402125788153
0.22 0 0.17 1.647322981000842
0.22 0 0.18 1.5323167923177408
0.22 0 0.19 0.8642632097018174
0.22 0 0.2 0.9921644926975061
0.22 0 0.21 1.0420725159766209
0.22 0 0.22 0.46087493162685766
0.22 0 0.23 0.29348856854494565
0.22 0 0.24 0.160674010099605
0.22 0 0.25 0.07591774524037288
0.22 0 0.26 0.058419045273581445
0.22 0 0.27 0.029794543503108478
0.22 0 0.28 0.023156448853895437
0.22 0 0.29 0.05478988140724803
0.22 0 0.3 0.022657452334700814
0.22 0 0.31 0.012440546333901924
0.22 0 0.32 0.027607182926125847
0.22 0 0.33 0.025904293718630962
0.22 0 0.34 0.025776286622882883
0.22 0 0.35000000000000003 0.017205610340011945
0.22 0 0.36 0.037228033508802695
0.22 0 0.37 0.03597458137694173
0.22 0 0.38 0.014414402601393435
0.22 0 0.39 0.0063501365189489786
0.22 0 0.4 0.008993749379736748
0.22 0 0.41000000000000003 0.005193181487974039
0.22 0 0.42 0.0019995749358522543
0.22 0 0.43 0.006412434093409758
0.22 0 0.44 0.0047581866306498685
0.22 0 0.45 0.01144779431301874
0.22 0 0.46 0.0336875215098406
0.22 0 0.47000000000000003 0.027985563902255116
0.22 0 0.48 0.03845952469490513
0.22 0 0.49 0.029050703877173588
0.22 0 0.5 0.011273109682884737
0.23 0 0.0 0.3006386020294765
0.23 0 0.01 0.14471800103838978
0.23 0 0.02 0.45968422874022097
0.23 0 0.03 0.6345625688905521
0.23 0 0.04 0.9893940267093125
0.23 0 0.05 1.5742535758455893
0.23 0 0.06 0.872512858835753
0.23 0 0.07 1.3158236352114963
0.23 0 0.08 1.431805181111376
0.23 0 0.09 0.9658129484520631
0.23 0 0.1 1.8205038915717644
0.23 0 0.11 5.346989586965416
0.23 0 0.12 4.090786478823885
0.23 0 0.13 4.085305658472128
0.23 0 0.14 6.021730909730111
0.23 0 0.15 1.3825089499932066
0.23 0 0.16 0.7688341848075744
0.23 0 0.17 0.4256467821364166
0.23 0 0.18 0.30689037532911606
0.23 0 0.19 0.29658278986907577
0.23 0 0.2 0.22856170045381058
0.23 0 0.21 0.40088296673658835
0.23 0 0.22 0.3549382254074778
0.23 0 0.23 0.16158529831055687
0.23 0 0.24 0.09659863917296448
0.23 0 0.25 0.04769096110352615
0.23 0 0.26 0.017528743480807712
0.23 0 0.27 0.03604735931574764
0.23 0 0.28 0.07610955238797071
0.23 0 0.29 0.07054526633450374
0.23 0 0.3 0.13580572112813336
0.23 0 0.31 0.25756338643292453
0.23 0 0.32 0.12647484360095745
0.23 0 0.33 0.16872163850682836
0.23 0 0.34 0.10829126100943856
0.23 0 0.35000000000000003 0.07146767906805752
0.23 0 0.36 0.13751681658537038
0.23 0 0.37 0.09852932542361377
0.23 0 0.38 0.09629236152845853
0.23 0 0.39 0.0939802954628735
0.23 0 0.4 0.1598828485105409
0.23 0 0.41000000000000003 0.12437358632725415
0.23 0 0.42 0.11913616634246973
0.23 0 0.43 0.14787679452399358
0.23 0 0.44 0.3135350834150642
0.23 0 0.45 0.3211118871749807
0.23 0 0.46 0.16577124162418866
0.23 0 0.47000000000000003 0.5095411358513489
0.23 0 0.48 0.18416613739969762
0.23 0 0.49 0.04951922185861482
0.23 0 0.5 0.08186211771569668
0.24 0 0.0 2.2571701576634164
0.24 0 0.01 3.188995441090842
0.24 0 0.02 4.9887929898216115
0.24 0 0.03 4.3341993261725715
0.24 0 0.04 4.773673024857036
0.24 0 0.05 2.9966209062346083
0.24 0 0.06 6.912057114933369
0.24 0 0.07 4.93986558124803
0.24 0 0.08 2.3336113926734825
0.24 0 0.09 4.772253347089591
0.24 0 0.1 2.4863025726587353
0.24 0 0.11 1.6389515881323138
0.24 0 0.12 1.2874257949131112
0.24 0 0.13 0.8155315732415143
0.24 0 0.14 0.64016684452208
0.24 0 0.15 0.7281206506087258
0.24 0 0.16 0.34591499959284616
0.24 0 0.17 0.31219234616904856
0.24 0 0.18 1.0879033152202469
0.24 0 0.19 0.4084560869075481
0.24 0 0.2 0.4455187757612259
0.24 0 0.21 0.8775570114169642
0.24 0 0.22 0.824013087048498
0.24 0 0.23 0.303581912441841
0.24 0 0.24 0.06883681058263222
0.24 0 0.25 0.03531844990354967
0.24 0 0.26 0.01883563504546116
0.24 0 0.27 0.007145900807987712
0.24 0 0.28 0.009219321508556826
0.24 0 0.29 0.031148673261304136
0.24 0 0.3 0.042964923969075565
0.24 0 0.31 0.07760501655369015
0.24 0 0.32 0.1740668806993425
0.24 0 0.33 0.13567560773527285
0.24 0 0.34 0.0642959105531327
0.24 0 0.35000000000000003 0.04301433206055762
0.24 0 0.36 0.011779504131222033
0.24 0 0.37 0.013262663130189855
0.24 0 0.38 0.011546118940683888
0.24 0 0.39 0.008337461887341888
0.24 0 0.4 0.02156884469754641
0.24 0 0.41000000000000003 0.02842403897311569
0.24 0 0.42 0.02546472842354412
0.24 0 0.43 0.017392528718672674
0.24 0 0.44 0.01659234439065538
0.24 0 0.45 0.011777321106227083
0.24 0 0.46 0.009329421314478522
0.24 0 0.47000000000000003 0.0035800000050260493
0.24 0 0.48 0.0017184174558803548
0.24 0 0.49 0.0016542709286188502
0.24 0 0.5 0.00038850027067449785
0.25 0 0.0 11.627379236490818
0.25 0 0.01 3.3654032329575303
0.25 0 0.02 2.6468418067378012
0.25 0 0.03 4.323960902872019
0.25 0 0.04 2.7590514178351073
0.25 0 0.05 3.6551107026274434
0.25 0 0.06 5.768633360375247
0.25 0 0.07 4.3445146646976305
0.25 0 0.08 7.210352604786403
0.25 0 0.09 3.2465913074838793
0.25 0 0.1 2.3875670431552294
0.25 0 0.11 1.8015165925043262
0.25 0 0.12 0.6599937601584523
0.25 0 0.13 1.3440108133677102
0.25 0 0.14 0.9485235324385073
0.25 0 0.15 0.9037376717207073
0.25 0 0.16 1.6317525258932712
0.25 0 0.17 2.8370015599717564
0.25 0 0.18 1.9655222874947471
0.25 0 0.19 2.609223535781173
0.25 0 0.2 3.489549922502039
0.25 0 0.21 2.6957421425359507
0.25 0 0.22 4.025260274904367
0.25 0 0.23 0.9696711048438533
0.25 0 0.24 0.49206968264328177
0.25 0 0.25 0.2947210701561836
0.25 0 0.26 0.09964617658443466
0.25 0 0.27 0.06505130669121079
0.25 0 0.28 0.05902511411402542
0.25 0 0.29 0.04711056040148157
0.25 0 0.3 0.04737910244422071
0.25 0 0.31 0.03639910540173489
0.25 0 0.32 0.0352661265432948
0.25 0 0.33 0.04581598324891239
0.25 0 0.34 0.026914097287492597
0.25 0 0.35000000000000003 0.016017959038797956
0.25 0 0.36 0.03470024041193962
0.25 0 0.37 0.03703512289990218
0.25 0 0.38 0.014362323242057181
0.25 0 0.39 0.026052819324165442
0.25 0 0.4 0.030053041921214968
0.25 0 0.41000000000000003 0.0274141270965076
0.25 0 0.42 0.019310974655537376
0.25 0 0.43 0.02266633421759229
0.25 0 0.44 0.0734036392830805
0.25 0 0.45 0.07497289781583082
0.25 0 0.46 0.049942340283532095
0.25 0 0.47000000000000003 0.05466263523626645
0.25 0 0.48 0.03945573568674288
0.25 0 0.49 0.012982601534304824
0.25 0 0.5 0.00931088773189624
0.26 0 0.0 0.04237420357123296
0.26 0 0.01 0.023408007690144957
0.26 0 0.02 0.012281628934975414
0.26 0 0.03 0.017610543611435433
0.26 0 0.04 0.021607563261936604
0.26 0 0.05 0.01658081689219444
0.26 0 0.06 0.033931382623983625
0.26 0 0.07 0.07523157748546143
0.26 0 0.08 0.03703517388543981
0.26 0 0.09 0.018690316226989193
0.26 0 0.1 0.022545730340553086
0.26 0 0.11 0.009175970932381868
0.26 0 0.12 0.009550884295969233
0.26 0 0.13 0.004940885633579127
0.26 0 0.14 0.0071687637859313485
0.26 0 0.15 0.022139727946933654
0.26 0 0.16 0.008876579006995646
0.26 0 0.17 0.017025937261617906
0.26 0 0.18 0.03678869048346721
0.26 0 0.19 0.047187237606554466
0.26 0 0.2 0.052171240390084486
0.26 0 0.21 0.210193173783774
0.26 0 0.22 0.3380388280598662
0.26 0 0.23 0.32425916116942227
0.26 0 0.24 0.34873919340171095
0.26 0 0.25 0.22810321782719475
0.26 0 0.26 0.3878471686853633
0.26 0 0.27 0.2524553257139072
0.26 0 0.28 0.23277526988041447
0.26 0 0.29 0.39185323887499784
0.26 0 0.3 0.4793868222353462
0.26 0 0.31 1.009676875531381
0.26 0 0.32 1.6588661608236472
0.26 0 0.33 1.402236878885402
0.26 0 0.34 2.2605288679412654
0.26 0 0.35000000000000003 2.463993882853081
0.26 0 0.36 1.1779231768538942
0.26 0 0.37 0.9533224277407026
0.26 0 0.38 1.1359255822334584
0.26 0 0.39 0.46936908602265315
0.26 0 0.4 0.546852305403991
0.26 0 0.41000000000000003 0.809533031837048
0.26 0 0.42 0.4138394643120979
0.26 0 0.43 0.7393580419137382
0.26 0 0.44 1.083968071587899
0.26 0 0.45 0.6351531506580614
0.26 0 0.46 0.29281525697607236
0.26 0 0.47000000000000003 0.09460672419489789
0.26 0 0.48 0.03791601936374699
0.26 0 0.49 0.01174309250982614
0.26 0 0.5 0.005897151745642026
0.27 0 0.0 0.4701735025503908
0.27 0 0.01 0.14681766718175618
0.27 0 0.02 0.20635234641570646
0.27 0 0.03 0.2034733290656727
0.27 0 0.04 0.06624216236910113
0.27 0 0.05 0.11392023935089625
0.27 0 0.06 0.1824097336623858
0.27 0 0.07 0.17884144115869333
0.27 0 0.08 0.18165714542474395
0.27 0 0.09 0.14635664446309737
0.27 0 0.1 0.08495188617489036
0.27 0 0.11 0.04636452565770085
0.27 0 0.12 0.03169028038676629
0.27 0 0.13 0.026751495182602218
0.27 0 0.14 0.06020786199582788
0.27 0 0.15 0.03488712888360682
0.27 0 0.16 0.07171568647350436
0.27 0 0.17 0.05655506954411651
0.27 0 0.18 0.02429937109371199
0.27 0 0.19 0.03432150958355844
0.27 0 0.2 0.017140131776865936
0.27 0 0.21 0.03397255223729316
0.27 0 0.22 0.09417838952749426
0.27 0 0.23 0.11957703107568833
0.27 0 0.24 0.1225014069208901
0.27 0 0.25 0.6623648392401605
0.27 0 0.26 0.8260190041852687
0.27 0 0.27 0.31247467913368426
0.27 0 0.28 0.5200901983856159
0.27 0 0.29 0.638104697463422
0.27 0 0.3 0.7564972589984257
0.27 0 0.31 0.6723420741819635
0.27 0 0.32 0.8983958837048466
0.27 0 0.33 2.0043603203206524
0.27 0 0.34 1.0173536527418805
0.27 0 0.35000000000000003 0.696056734405185
0.27 0 0.36 1.0142064818938419
0.27 0 0.37 0.909434689456887
0.27 0 0.38 0.7530945008384324
0.27 0 0.39 0.9316547079883212
0.27 0 0.4 0.9428048918921409
0.27 0 0.41000000000000003 0.8177266901898294
0.27 0 0.42 0.9736476886788156
0.27 0 0.43 0.413529690512166
0.27 0 0.44 0.5901498466392556
0.27 0 0.45 1.2000676723153059
0.27 0 0.46 0.4099116877198276
0.27 0 0.47000000000000003 0.314529171612079
0.27 0 0.48 0.5945260687357865
0.27 0 0.49 0.4421159443993304
0.27 0 0.5 0.3507721313709773
0.28 0 0.0 1.1548118265989877
0.28 0 0.01 0.5140354403222696
0.28 0 0.02 0.1058860385361243
0.28 0 0.03 0.05869623160487484
0.28 0 0.04 0.05151920922792684
0.28 0 0.05 0.011349292953034234
0.28 0 0.06 0.01228552775372074
0.28 0 0.07 0.04907289867502377
0.28 0 0.08 0.02559137341427358
0.28 0 0.09 0.026166648031504515
0.28 0 0.1 0.031908258890667764
0.28 0 0.11 0.02017620984911881
0.28 0 0.12 0.0106449959493658
0.28 0 0.13 0.007535236745903151
0.28 0 0.14 0.005382707824260525
0.28 0 0.15 0.006043795574295747
0.28 0 0.16 0.009676986768434264
0.28 0 0.17 0.006561081215198046
0.28 0 0.18 0.0154373913377219
0.28 0 0.19 0.009270941948543176
0.28 0 0.2 0.010534133404285766
0.28 0 0.21 0.007126725635821757
0.28 0 0.22 0.0016687520073982711
0.28 0 0.23 0.0015834181196182947
0.28 0 0.24 0.001010071242802186
0.28 0 0.25 0.0011948563696720137
0.28 0 0.26 0.0038613169668444782
0.28 0 0.27 0.012856965115418348
0.28 0 0.28 0.019729283542012456
0.28 0 0.29 0.073892936686844
0.28 0 0.3 0.1534615740153757
0.28 0 0.31 0.07527784747045527
0.28 0 0.32 0.09170451721674569
0.28 0 0.33 0.049021092080297014
0.28 0 0.34 0.03270237089928505
0.28 0 0.35000000000000003 0.04491298837270232
0.28 0 0.36 0.043732529385888175
0.28 0 0.37 0.10469626290031678
0.28 0 0.38 0.1212539313669049
0.28 0 0.39 0.14523849643914122
0.28 0 0.4 0.20912870599425656
0.28 0 0.41000000000000003 0.16597697598319333
0.28 0 0.42 0.08638107680008482
0.28 0 0.43 0.15877720379938004
0.28 0 0.44 0.2711758392003708
0.28 0 0.45 0.1280930951240769
0.28 0 0.46 0.13243404612550116
0.28 0 0.47000000000000003 0.12360082348876045
0.28 0 0.48 0.11983517601486177
0.28 0 0.49 0.13896439046658107
0.28 0 0.5 0.10880358885495088
0.29 0 0.0 0.09559310137949108
0.29 0 0.01 0.07597806964268003
0.29 0 0.02 0.07391117224431018
0.29 0 0.03 0.07490355122368701
0.29 0 0.04 0.0368199992093246
0.29 0 0.05 0.05446662997871222
0.29 0 0.06 0.1253758279960206
0.29 0 0.07 0.182022843064451
0.29 0 0.08 0.3359719670844734
0.29 0 0.09 0.29094856293386584
0.29 0 0.1 0.27344236629286917
0.29 0 0.11 0.5033735524351202
0.29 0 0.12 0.11748788879404659
0.29 0 0.13 0.07515999368142297
0.29 0 0.14 0.11881720185269061
0.29 0 0.15 0.08636356129590772
0.29 0 0.16 0.03340214139780992
0.29 0 0.17 0.03357609191355992
0.29 0 0.18 0.03192046787185105
0.29 0 0.19 0.02130222672850659
0.29 0 0.2 0.016073569451483215
0.29 0 0.21 0.006414220032912294
0.29 0 0.22 0.014640334879962495
0.29 0 0.23 0.0066868947991329
0.29 0 0.24 0.003935014624448582
0.29 0 0.25 0.01256529896470911
0.29 0 0.26 0.012060320393033683
0.29 0 0.27 0.011682723156213378
0.29 0 0.28 0.014325848882844723
0.29 0 0.29 0.023146413761779595
0.29 0 0.3 0.039193620545539015
0.29 0 0.31 0.05161277059205831
0.29 0 0.32 0.041886766885440234
0.29 0 0.33 0.06151956985647841
0.29 0 0.34 0.14239401523556314
0.29 0 0.35000000000000003 0.08307729373141143
0.29 0 0.36 0.16739151563762414
0.29 0 0.37 0.23981806414558396
0.29 0 0.38 0.2737505142811294
0.29 0 0.39 0.3400996093437326
0.29 0 0.4 0.12388487780383724
0.29 0 0.41000000000000003 0.168225667265601
0.29 0 0.42 0.19017899509055372
0.29 0 0.43 0.16012828672389232
0.29 0 0.44 0.3169745753829641
0.29 0 0.45 1.2852468823148817
0.29 0 0.46 1.180943801111742
0.29 0 0.47000000000000003 1.6046380662716506
0.29 0 0.48 3.7667474545958375
0.29 0 0.49 1.8084464121632031
0.29 0 0.5 0.7731659224852931
0.3 0 0.0 0.027651902267000823
0.3 0 0.01 0.025156136543922843
0.3 0 0.02 0.027865483238046565
0.3 0 0.03 0.0284966284599674
0.3 0 0.04 0.05863037351087013
0.3 0 0.05 0.06541264856795462
0.3 0 0.06 0.08909524120135788
0.3 0 0.07 0.21556069600400518
0.3 0 0.08 0.15298299887609026
0.3 0 0.09 0.11189444258545836
0.3 0 0.1 0.15923144449141172
0.3 0 0.11 0.07893474148209363
0.3 0 0.12 0.09069657275604769
0.3 0 0.13 0.12267810551146993
0.3 0 0.14 0.06380589916239361
0.3 0 0.15 0.09537635445643033
0.3 0 0.16 0.05693385551408594
0.3 0 0.17 0.025449637729953626
0.3 0 0.18 0.014283384711720568
0.3 0 0.19 0.01123300710709606
0.3 0 0.2 0.007390616263297424
0.3 0 0.21 0.008309036207486914
0.3 0 0.22 0.0074903267558981725
0.3 0 0.23 0.009107239730027418
0.3 0 0.24 0.02266582259274423
0.3 0 0.25 0.01421821311160814
0.3 0 0.26 0.02314447515559676
0.3 0 0.27 0.014190349282677957
0.3 0 0.28 0.005130687656634445
0.3 0 0.29 0.013661513405678116
0.3 0 0.3 0.007536051739830464
0.3 0 0.31 0.003115929258460336
0.3 0 0.32 0.0049494067109224285
0.3 0 0.33 0.00758704885465824
0.3 0 0.34 0.004961078340025703
0.3 0 0.35000000000000003 0.006628797998265363
0.3 0 0.36 0.019282122439311905
0.3 0 0.37 0.0260209115583661
0.3 0 0.38 0.04543169857667358
0.3 0 0.39 0.02204627583558415
0.3 0 0.4 0.028257699579173835
0.3 0 0.41000000000000003 0.015185090210076456
0.3 0 0.42 0.004914113329135126
0.3 0 0.43 0.005730791499780115
0.3 0 0.44 0.004031228022753989
0.3 0 0.45 0.005730021094288509
0.3 0 0.46 0.008521206992550275
0.3 0 0.47000000000000003 0.012360034541940592
0.3 0 0.48 0.025563616903514334
0.3 0 0.49 0.06574599859219311
0.3 0 0.5 0.025395492492620818
#STOP
