#MEDIUM_PROPERTIES_DISTRIBUTED
$MSH_TYPE
	 GROUNDWATER_FLOW	
$MMP_TYPE
	 PERMEABILITY	
$DIS_TYPE
	 NEAREST_VALUE	
;hj
$CONVERSION_FACTOR
2e-8;2e-6;2e-13
$DATA
0.0 0 0.0 1.8085109320833028
0.0 0 0.01 5.849056139143236
0.0 0 0.02 5.329869076089622
0.0 0 0.03 5.139996907331675
0.0 0 0.04 3.9298482391457084
0.0 0 0.05 5.319606580666205
0.0 0 0.06 13.305362399327354
0.0 0 0.07 15.156338876514855
0.0 0 0.08 6.43801571069775
0.0 0 0.09 13.283170661482707
0.0 0 0.1 13.77358155777843
0.0 0 0.11 10.380075947324105
0.0 0 0.12 4.152112849915326
0.0 0 0.13 2.084685813612644
0.0 0 0.14 2.503341468037003
0.0 0 0.15 1.6949307433547662
0.0 0 0.16 1.2887165838055017
0.0 0 0.17 2.125867161654556
0.0 0 0.18 1.601709623527938
0.0 0 0.19 1.1801543220706483
0.0 0 0.2 1.4177148143672085
0.0 0 0.21 1.134911732302139
0.0 0 0.22 3.504301340807814
0.0 0 0.23 2.2131676081322578
0.0 0 0.24 1.670810572384883
0.0 0 0.25 2.1480999086895944
0.0 0 0.26 0.6771076693929189
0.0 0 0.27 0.3832958749801271
0.0 0 0.28 0.45878293968813844
0.0 0 0.29 0.285847387060765
0.0 0 0.3 0.38169345198152965
0.0 0 0.31 0.7892496921306745
0.0 0 0.32 0.1899885502372376
0.0 0 0.33 0.2825345701440336
0.0 0 0.34 0.16772621980128882
0.0 0 0.35000000000000003 0.15298410477115856
0.0 0 0.36 0.13653505726886184
0.0 0 0.37 0.13045466023879285
0.0 0 0.38 0.2904702887575213
0.0 0 0.39 0.24559637997742986
0.0 0 0.4 0.30577763787872003
0.0 0 0.41000000000000003 0.35285161151074274
0.0 0 0.42 0.14904573828710996
0.0 0 0.43 0.10120402450181452
0.0 0 0.44 0.2570252346811689
0.0 0 0.45 0.2501737110085016
0.0 0 0.46 0.0918164469958221
0.0 0 0.47000000000000003 0.05729116935342329
0.0 0 0.48 0.15061796433057187
0.0 0 0.49 0.20968542989320957
0.0 0 0.5 0.19901850333841156
0.01 0 0.0 2.149127896654202
0.01 0 0.01 2.9102103167632616
0.01 0 0.02 6.1378261689925715
0.01 0 0.03 14.355950662428336
0.01 0 0.04 10.370844813415292
0.01 0 0.05 2.9390035895442543
0.01 0 0.06 8.589527044916037
0.01 0 0.07 2.9022500482317533
0.01 0 0.08 1.8842845904604406
0.01 0 0.09 2.357177542734743
0.01 0 0.1 6.291139383442901
0.01 0 0.11 4.47067995636848
0.01 0 0.12 4.833685526309424
0.01 0 0.13 2.7368977021052263
0.01 0 0.14 1.7135450818283813
0.01 0 0.15 0.8437130372730072
0.01 0 0.16 0.5179502215136086
0.01 0 0.17 0.6048939486157411
0.01 0 0.18 0.500027300724335
0.01 0 0.19 1.064138751605976
0.01 0 0.2 0.8644889026439263
0.01 0 0.21 0.8363791174040187
0.01 0 0.22 2.0571754709257326
0.01 0 0.23 2.1598709919325882
0.01 0 0.24 1.0420818572539956
0.01 0 0.25 0.8740503619157793
0.01 0 0.26 0.8262821054117432
0.01 0 0.27 1.0444604659820147
0.01 0 0.28 0.8298762548492907
0.01 0 0.29 0.5020936573003766
0.01 0 0.3 0.5523494979048064
0.01 0 0.31 0.4103614646415809
0.01 0 0.32 0.4377792307958843
0.01 0 0.33 0.35921906317491614
0.01 0 0.34 0.22174167444143475
0.01 0 0.35000000000000003 0.3234680892540903
0.01 0 0.36 0.6708456645030293
0.01 0 0.37 0.27391996005053276
0.01 0 0.38 0.37710011709543034
0.01 0 0.39 0.27782382875813744
0.01 0 0.4 0.4110203062635517
0.01 0 0.41000000000000003 0.6357847142109476
0.01 0 0.42 0.2829482859395882
0.01 0 0.43 0.12734238129915315
0.01 0 0.44 0.0917983561650603
0.01 0 0.45 0.1558012932550079
0.01 0 0.46 0.2105766478042295
0.01 0 0.47000000000000003 0.12667337624984973
0.01 0 0.48 0.14026694647294033
0.01 0 0.49 0.20751299339425527
0.01 0 0.5 0.1953552577624604
0.02 0 0.0 5.205300649055195
0.02 0 0.01 6.506503691638888
0.02 0 0.02 6.8334116387554085
0.02 0 0.03 8.500332797707465
0.02 0 0.04 6.09101403665949
0.02 0 0.05 2.9038497834290142
0.02 0 0.06 2.07756017465739
0.02 0 0.07 1.9173910631231221
0.02 0 0.08 1.7557399903888948
0.02 0 0.09 1.4147349136989356
0.02 0 0.1 1.1164785670315163
0.02 0 0.11 1.7831652073651116
0.02 0 0.12 2.2314779549017394
0.02 0 0.13 0.8471019798408437
0.02 0 0.14 1.21932041551918
0.02 0 0.15 1.603628320127297
0.02 0 0.16 1.3863424107110898
0.02 0 0.17 1.0388042103167257
0.02 0 0.18 0.8658333118374941
0.02 0 0.19 0.6430007671074384
0.02 0 0.2 0.46321151640357144
0.02 0 0.21 2.0155067500641595
0.02 0 0.22 2.8680830119907794
0.02 0 0.23 2.028845159490786
0.02 0 0.24 0.9643692372166885
0.02 0 0.25 1.5908596660936487
0.02 0 0.26 0.820583333049051
0.02 0 0.27 0.4393456712146507
0.02 0 0.28 1.0723444088140597
0.02 0 0.29 0.44653834079102955
0.02 0 0.3 0.3467184062572649
0.02 0 0.31 0.5558559969326075
0.02 0 0.32 1.082320291190142
0.02 0 0.33 0.3885865600920629
0.02 0 0.34 0.36136427949294603
0.02 0 0.35000000000000003 0.23261570887492947
0.02 0 0.36 0.32434912777556313
0.02 0 0.37 0.5243767444329515
0.02 0 0.38 0.6435308807022281
0.02 0 0.39 1.7395805077295956
0.02 0 0.4 0.6458619506660964
0.02 0 0.41000000000000003 0.6324054609148416
0.02 0 0.42 0.2611854895988591
0.02 0 0.43 0.18442042684249588
0.02 0 0.44 0.20431218614123203
0.02 0 0.45 0.3691336123218529
0.02 0 0.46 0.17516673164748367
0.02 0 0.47000000000000003 0.11929509402330866
0.02 0 0.48 0.18440000348921545
0.02 0 0.49 0.07378960424732016
0.02 0 0.5 0.08275102473574167
0.03 0 0.0 3.3540093800741833
0.03 0 0.01 6.5752587308772705
0.03 0 0.02 9.576822288776057
0.03 0 0.03 3.502818974323776
0.03 0 0.04 3.1741090103488228
0.03 0 0.05 2.3679267877166734
0.03 0 0.06 0.965030043513055
0.03 0 0.07 1.4498434842357237
0.03 0 0.08 0.9802790232495433
0.03 0 0.09 1.1915779385071865
0.03 0 0.1 1.255847276899577
0.03 0 0.11 1.104978140799429
0.03 0 0.12 1.5186349204803509
0.03 0 0.13 1.5350720102615305
0.03 0 0.14 0.4633582729432038
0.03 0 0.15 0.37655355227829257
0.03 0 0.16 0.6534265606201763
0.03 0 0.17 0.624639398354595
0.03 0 0.18 1.0631508793975815
0.03 0 0.19 1.0852651579534853
0.03 0 0.2 0.8336141172292407
0.03 0 0.21 1.6077918643657114
0.03 0 0.22 1.1887236112120296
0.03 0 0.23 0.9027654596320009
0.03 0 0.24 0.4749616558693219
0.03 0 0.25 0.4968991972494878
0.03 0 0.26 0.8751653148876933
0.03 0 0.27 0.5347386027457631
0.03 0 0.28 0.37679979914534734
0.03 0 0.29 0.8735380268561813
0.03 0 0.3 0.7300492348497108
0.03 0 0.31 0.4474324128020723
0.03 0 0.32 0.4665327616459611
0.03 0 0.33 0.9899604986545597
0.03 0 0.34 1.171756031971234
0.03 0 0.35000000000000003 1.0341335293386202
0.03 0 0.36 1.2486891362325863
0.03 0 0.37 0.6031491951023494
0.03 0 0.38 0.20752951977872358
0.03 0 0.39 0.2021664804806336
0.03 0 0.4 0.24589300399158956
0.03 0 0.41000000000000003 0.4530349693114769
0.03 0 0.42 0.4658628902516319
0.03 0 0.43 0.29284247995626833
0.03 0 0.44 0.3082996622391264
0.03 0 0.45 0.16186355614905767
0.03 0 0.46 0.07296135490386711
0.03 0 0.47000000000000003 0.15470862853357506
0.03 0 0.48 0.3089562487661296
0.03 0 0.49 0.318318557202458
0.03 0 0.5 0.3433347611565438
0.04 0 0.0 1.4355728901229063
0.04 0 0.01 2.924271481055597
0.04 0 0.02 6.447311060419444
0.04 0 0.03 1.4792819442908098
0.04 0 0.04 0.6595664398974875
0.04 0 0.05 1.0638492426171626
0.04 0 0.06 1.4848876886222948
0.04 0 0.07 1.4523919592278651
0.04 0 0.08 0.6889065236613444
0.04 0 0.09 1.0551576154364612
0.04 0 0.1 1.2083211626138952
0.04 0 0.11 0.942045955780442
0.04 0 0.12 1.1291997697313725
0.04 0 0.13 0.9837483811990598
0.04 0 0.14 0.5107330632538737
0.04 0 0.15 0.7428912979468056
0.04 0 0.16 0.4731676826267284
0.04 0 0.17 0.31563508476198376
0.04 0 0.18 0.4980171841059047
0.04 0 0.19 0.35999303449961656
0.04 0 0.2 0.35783481025282704
0.04 0 0.21 0.5394507841230897
0.04 0 0.22 0.9933950887863302
0.04 0 0.23 0.7353362905829167
0.04 0 0.24 0.8156234300933642
0.04 0 0.25 0.31766716023997627
0.04 0 0.26 0.9296852937501986
0.04 0 0.27 0.6872308091890373
0.04 0 0.28 0.4153158184059837
0.04 0 0.29 0.6113846878017397
0.04 0 0.3 0.6361669938076596
0.04 0 0.31 1.1587875965607248
0.04 0 0.32 0.8227020913339439
0.04 0 0.33 0.5651376888547127
0.04 0 0.34 0.6145200230905644
0.04 0 0.35000000000000003 0.628310455224417
0.04 0 0.36 0.3293558185077483
0.04 0 0.37 0.5150469568276248
0.04 0 0.38 0.6195933546795108
0.04 0 0.39 0.29456149111098195
0.04 0 0.4 0.3211032468814568
0.04 0 0.41000000000000003 0.27151813457706103
0.04 0 0.42 0.32242146267051225
0.04 0 0.43 0.13389952652038664
0.04 0 0.44 0.08060569147335613
0.04 0 0.45 0.2033167073486688
0.04 0 0.46 0.39087480852516804
0.04 0 0.47000000000000003 0.23441565859635488
0.04 0 0.48 0.2733935547653217
0.04 0 0.49 0.21836549882472023
0.04 0 0.5 0.18672401229604932
0.05 0 0.0 0.9315262988817363
0.05 0 0.01 1.0261106029549611
0.05 0 0.02 2.4623709930977213
0.05 0 0.03 2.9052759132728565
0.05 0 0.04 1.7688760073482368
0.05 0 0.05 2.0375865439457366
0.05 0 0.06 4.228291098385556
0.05 0 0.07 2.840432685968213
0.05 0 0.08 1.4279595040637731
0.05 0 0.09 1.4252877950242209
0.05 0 0.1 0.6074845047833705
0.05 0 0.11 1.0050285949521405
0.05 0 0.12 1.430409319750173
0.05 0 0.13 0.594885243684644
0.05 0 0.14 0.5237537525942665
0.05 0 0.15 0.40740401406482096
0.05 0 0.16 0.27534790836989365
0.05 0 0.17 0.13441085804433614
0.05 0 0.18 0.23308364564440884
0.05 0 0.19 0.3387180265793002
0.05 0 0.2 0.3312185646883587
0.05 0 0.21 0.21762106739247333
0.05 0 0.22 0.3884574311416645
0.05 0 0.23 0.3612582479435744
0.05 0 0.24 0.5292587270054039
0.05 0 0.25 0.5616197499201063
0.05 0 0.26 0.4416386577743523
0.05 0 0.27 0.9929226271192204
0.05 0 0.28 0.4672954550051186
0.05 0 0.29 0.45101645400914475
0.05 0 0.3 0.37951310670705996
0.05 0 0.31 0.6743752414215108
0.05 0 0.32 0.6234493894699151
0.05 0 0.33 0.5044003832413888
0.05 0 0.34 0.6121219993000141
0.05 0 0.35000000000000003 0.846993054597164
0.05 0 0.36 0.9734476807756632
0.05 0 0.37 0.6394101385843076
0.05 0 0.38 0.6306102796984228
0.05 0 0.39 0.896210292103342
0.05 0 0.4 0.5983068553892047
0.05 0 0.41000000000000003 0.2122526823869774
0.05 0 0.42 0.3327991885774866
0.05 0 0.43 0.35151837995684193
0.05 0 0.44 0.13422848403617602
0.05 0 0.45 0.10323522232061243
0.05 0 0.46 0.17129426940149672
0.05 0 0.47000000000000003 0.19047605353586305
0.05 0 0.48 0.30930641228095657
0.05 0 0.49 0.23877819419360474
0.05 0 0.5 0.6824338905905727
0.06 0 0.0 2.9676422326217544
0.06 0 0.01 3.4082112090134915
0.06 0 0.02 2.7866688092830962
0.06 0 0.03 4.984901622287157
0.06 0 0.04 7.004136889304737
0.06 0 0.05 3.4180948385839667
0.06 0 0.06 4.064896389280824
0.06 0 0.07 1.8638001288433026
0.06 0 0.08 0.9135096868479418
0.06 0 0.09 0.38788705198117596
0.06 0 0.1 0.2662665296848639
0.06 0 0.11 0.6269555959360592
0.06 0 0.12 0.44031960753546595
0.06 0 0.13 0.26005572477187616
0.06 0 0.14 0.2257954862808701
0.06 0 0.15 0.18684178342275054
0.06 0 0.16 0.22909325240339037
0.06 0 0.17 0.2963331921655304
0.06 0 0.18 0.20552834696557742
0.06 0 0.19 0.2900959581565015
0.06 0 0.2 0.12830256330165207
0.06 0 0.21 0.13993266157535464
0.06 0 0.22 0.11108443858557518
0.06 0 0.23 0.13221334680916205
0.06 0 0.24 0.3810717005663448
0.06 0 0.25 0.47090820322951965
0.06 0 0.26 0.3073260018521695
0.06 0 0.27 0.5772569656262987
0.06 0 0.28 0.290794603259668
0.06 0 0.29 0.6449431951516662
0.06 0 0.3 1.7537654687241568
0.06 0 0.31 0.7716788708361405
0.06 0 0.32 0.48948067032528547
0.06 0 0.33 0.24663697105222082
0.06 0 0.34 0.47803234489915714
0.06 0 0.35000000000000003 0.9158220949249136
0.06 0 0.36 0.5722396437929619
0.06 0 0.37 0.3263352416017636
0.06 0 0.38 0.3895728750466951
0.06 0 0.39 0.41306591495898537
0.06 0 0.4 0.8813984970554131
0.06 0 0.41000000000000003 0.9203396699489076
0.06 0 0.42 0.31169554206801114
0.06 0 0.43 0.2464523001510387
0.06 0 0.44 0.3304610356793251
0.06 0 0.45 0.3166057789232438
0.06 0 0.46 0.15122244213627964
0.06 0 0.47000000000000003 0.23040916806561249
0.06 0 0.48 0.3381141464632281
0.06 0 0.49 0.4447001227037482
0.06 0 0.5 0.43249617540268837
0.07 0 0.0 3.6896622294574604
0.07 0 0.01 2.8606897725787492
0.07 0 0.02 2.6566340603729746
0.07 0 0.03 4.468388431124612
0.07 0 0.04 2.4908639748048396
0.07 0 0.05 3.688660127980895
0.07 0 0.06 4.584174413750891
0.07 0 0.07 1.4663023212076856
0.07 0 0.08 1.125624087078132
0.07 0 0.09 0.6194520972092655
0.07 0 0.1 0.2758931755609107
0.07 0 0.11 0.1411921438114483
0.07 0 0.12 0.23213121782076213
0.07 0 0.13 0.11905153718883232
0.07 0 0.14 0.12260126472676472
0.07 0 0.15 0.09958932268740923
0.07 0 0.16 0.14131491229332063
0.07 0 0.17 0.15073150738414476
0.07 0 0.18 0.13955689952585154
0.07 0 0.19 0.35589446882297393
0.07 0 0.2 0.16156768991267315
0.07 0 0.21 0.20383793663244917
0.07 0 0.22 0.31951291553884753
0.07 0 0.23 0.23712047450829982
0.07 0 0.24 0.18479538426227818
0.07 0 0.25 0.1497164427899772
0.07 0 0.26 0.23033367486376766
0.07 0 0.27 0.21039799780462737
0.07 0 0.28 0.3266163390626346
0.07 0 0.29 0.4273830232878889
0.07 0 0.3 0.8508046120184484
0.07 0 0.31 0.3897400594297862
0.07 0 0.32 0.43041401867391094
0.07 0 0.33 0.35330717100950787
0.07 0 0.34 0.4279311488798279
0.07 0 0.35000000000000003 0.5173284888244344
0.07 0 0.36 0.2645777501232547
0.07 0 0.37 0.5318194373509896
0.07 0 0.38 0.7012707606491564
0.07 0 0.39 0.6243799945609385
0.07 0 0.4 0.3513052624491783
0.07 0 0.41000000000000003 0.34828934354517743
0.07 0 0.42 0.3665494886228752
0.07 0 0.43 0.46316817932390814
0.07 0 0.44 0.47043337048975237
0.07 0 0.45 0.4009484016080615
0.07 0 0.46 0.44888012175752684
0.07 0 0.47000000000000003 0.24607170381998794
0.07 0 0.48 0.13873253440244904
0.07 0 0.49 0.20728961179849342
0.07 0 0.5 0.28036323962134985
0.08 0 0.0 3.338035025718101
0.08 0 0.01 1.960374840417877
0.08 0 0.02 3.2838918355089493
0.08 0 0.03 3.735078777227127
0.08 0 0.04 3.3985882354768018
0.08 0 0.05 2.5374953738010753
0.08 0 0.06 1.4821170892831197
0.08 0 0.07 0.9575440130136682
0.08 0 0.08 0.5756781824563488
0.08 0 0.09 0.3105294150133085
0.08 0 0.1 0.2883570076242949
0.08 0 0.11 0.25153935623100593
0.08 0 0.12 0.1688967311282926
0.08 0 0.13 0.15505446062445052
0.08 0 0.14 0.35364770463671624
0.08 0 0.15 0.31091359754006154
0.08 0 0.16 0.09284017616476715
0.08 0 0.17 0.10595852564438099
0.08 0 0.18 0.15053468093196615
0.08 0 0.19 0.2660650112927728
0.08 0 0.2 0.3148580601443008
0.08 0 0.21 0.4196876962903752
0.08 0 0.22 0.5178658312472318
0.08 0 0.23 0.24943620269460992
0.08 0 0.24 0.3390617873436216
0.08 0 0.25 0.5393527803584385
0.08 0 0.26 0.2896818439252285
0.08 0 0.27 0.24083089858023018
0.08 0 0.28 0.2414651806366578
0.08 0 0.29 0.20556903609433003
0.08 0 0.3 0.3029617495700442
0.08 0 0.31 0.24069479808880354
0.08 0 0.32 0.16964907239499485
0.08 0 0.33 0.39012526532792324
0.08 0 0.34 0.6822560921262418
0.08 0 0.35000000000000003 0.587859968704263
0.08 0 0.36 0.4785667483556125
0.08 0 0.37 0.2807784045513007
0.08 0 0.38 0.4613982268194201
0.08 0 0.39 0.40655678558756847
0.08 0 0.4 0.1771211360258534
0.08 0 0.41000000000000003 0.3146054353210036
0.08 0 0.42 0.4364966430743048
0.08 0 0.43 0.29042394909001656
0.08 0 0.44 0.33317000601651237
0.08 0 0.45 0.27081423218234385
0.08 0 0.46 0.4323897087839912
0.08 0 0.47000000000000003 0.9892494485592073
0.08 0 0.48 0.5540558167028338
0.08 0 0.49 0.44251551221277763
0.08 0 0.5 0.543052786586885
0.09 0 0.0 0.635087680292885
0.09 0 0.01 0.8964809859033767
0.09 0 0.02 0.8662814055458744
0.09 0 0.03 1.2386598412106882
0.09 0 0.04 1.3830757457978509
0.09 0 0.05 0.7875313740676448
0.09 0 0.06 0.6781023208398091
0.09 0 0.07 1.0988936381840113
0.09 0 0.08 0.3815598010467208
0.09 0 0.09 0.34932692910425794
0.09 0 0.1 0.3257659851588147
0.09 0 0.11 0.658925556926233
0.09 0 0.12 0.48904697533629
0.09 0 0.13 0.33653161154940786
0.09 0 0.14 0.30813550282719004
0.09 0 0.15 0.5877914686452035
0.09 0 0.16 0.17032910147297645
0.09 0 0.17 0.16053068616220745
0.09 0 0.18 0.32226292122504563
0.09 0 0.19 0.3038972085943783
0.09 0 0.2 0.6009681447302915
0.09 0 0.21 0.6762462378342353
0.09 0 0.22 1.2154212273172345
0.09 0 0.23 0.7149714405071762
0.09 0 0.24 0.5731279338043616
0.09 0 0.25 0.36797645342702634
0.09 0 0.26 0.29977827896298676
0.09 0 0.27 0.16870997701216886
0.09 0 0.28 0.09870824194491405
0.09 0 0.29 0.3143940276222395
0.09 0 0.3 0.5453451425443511
0.09 0 0.31 0.4431256793407528
0.09 0 0.32 0.1342825069447489
0.09 0 0.33 0.10166245844556894
0.09 0 0.34 0.15843470580046864
0.09 0 0.35000000000000003 0.26986229837139214
0.09 0 0.36 0.12166299504130272
0.09 0 0.37 0.2107479947200178
0.09 0 0.38 0.5542494861788636
0.09 0 0.39 0.4876091792950784
0.09 0 0.4 0.37433563234279377
0.09 0 0.41000000000000003 0.455572482220903
0.09 0 0.42 0.1842018129147423
0.09 0 0.43 0.18167201439129985
0.09 0 0.44 0.5379795542617372
0.09 0 0.45 0.5835038645320195
0.09 0 0.46 0.5993190249131817
0.09 0 0.47000000000000003 0.5516415076026747
0.09 0 0.48 0.38687616175816875
0.09 0 0.49 0.4356081756744628
0.09 0 0.5 0.44991536323677633
0.1 0 0.0 0.34073075240058504
0.1 0 0.01 0.3318836977999161
0.1 0 0.02 0.32078833931926054
0.1 0 0.03 0.433979247640316
0.1 0 0.04 0.5724345840814788
0.1 0 0.05 1.0912886850667178
0.1 0 0.06 0.9956659888611777
0.1 0 0.07 0.923418803111513
0.1 0 0.08 0.9474532945304622
0.1 0 0.09 0.690888057116861
0.1 0 0.1 0.4091448211246059
0.1 0 0.11 0.5219350652584177
0.1 0 0.12 0.8650588292763206
0.1 0 0.13 0.5982878733568273
0.1 0 0.14 0.8262500923185524
0.1 0 0.15 0.4704169007842106
0.1 0 0.16 0.5911442732430479
0.1 0 0.17 0.32199740843775565
0.1 0 0.18 0.45028157764815674
0.1 0 0.19 1.1823915044166196
0.1 0 0.2 3.344344603279759
0.1 0 0.21 2.3398134769581276
0.1 0 0.22 1.6459336784910534
0.1 0 0.23 1.2103873618320253
0.1 0 0.24 0.3606717792301283
0.1 0 0.25 0.384854243374167
0.1 0 0.26 0.27776051336623214
0.1 0 0.27 0.19023311533014065
0.1 0 0.28 0.10456162254421289
0.1 0 0.29 0.11061476548907595
0.1 0 0.3 0.18054341777223007
0.1 0 0.31 0.4849304480949627
0.1 0 0.32 0.469233926834342
0.1 0 0.33 0.1308539976463781
0.1 0 0.34 0.16790119602929843
0.1 0 0.35000000000000003 0.20923854074411685
0.1 0 0.36 0.1901780344574438
0.1 0 0.37 0.25131245238920175
0.1 0 0.38 0.2058609068314227
0.1 0 0.39 0.21263707702791124
0.1 0 0.4 0.1941993676383925
0.1 0 0.41000000000000003 0.15755407921985073
0.1 0 0.42 0.2894107530885078
0.1 0 0.43 0.23253955355839567
0.1 0 0.44 0.3002156818328926
0.1 0 0.45 0.30890455603678774
0.1 0 0.46 0.37533062972151676
0.1 0 0.47000000000000003 0.3017365184331298
0.1 0 0.48 0.3235606969284809
0.1 0 0.49 0.2824951181397504
0.1 0 0.5 0.8081072639872023
0.11 0 0.0 0.35354167102116885
0.11 0 0.01 0.2668912187613753
0.11 0 0.02 0.23465388071065438
0.11 0 0.03 0.18628196247627735
0.11 0 0.04 0.22833590935657916
0.11 0 0.05 0.31607133793928577
0.11 0 0.06 0.2941761456548277
0.11 0 0.07 0.46660627625821366
0.11 0 0.08 1.455075734992712
0.11 0 0.09 1.3129027534262685
0.11 0 0.1 0.661163148927518
0.11 0 0.11 0.5028352342355213
0.11 0 0.12 0.8309356692720357
0.11 0 0.13 1.361189407847551
0.11 0 0.14 1.7094513929511852
0.11 0 0.15 0.8774056735401308
0.11 0 0.16 0.5213567861225155
0.11 0 0.17 1.081643753241928
0.11 0 0.18 2.1697872277133605
0.11 0 0.19 1.3135498929804303
0.11 0 0.2 0.8567187146089661
0.11 0 0.21 1.0380572988030186
0.11 0 0.22 0.40736055328955767
0.11 0 0.23 0.5881988022265091
0.11 0 0.24 1.1284852358394666
0.11 0 0.25 0.6205624894537934
0.11 0 0.26 0.2214809357327318
0.11 0 0.27 0.2036657130209496
0.11 0 0.28 0.2651216381283342
0.11 0 0.29 0.21888449804175963
0.11 0 0.3 0.17818936896064172
0.11 0 0.31 0.25713548803626357
0.11 0 0.32 0.5507505315778267
0.11 0 0.33 0.30625526967777716
0.11 0 0.34 0.2857960382294187
0.11 0 0.35000000000000003 0.11347095386086155
0.11 0 0.36 0.15137583453088888
0.11 0 0.37 0.40288891939210547
0.11 0 0.38 0.6210774916816253
0.11 0 0.39 0.274424733709813
0.11 0 0.4 0.14642711500754918
0.11 0 0.41000000000000003 0.13564306065938256
0.11 0 0.42 0.2634752438991984
0.11 0 0.43 0.26857938761768657
0.11 0 0.44 0.3912163977846269
0.11 0 0.45 0.7063983260308415
0.11 0 0.46 0.3366190382926769
0.11 0 0.47000000000000003 1.6965874896147644
0.11 0 0.48 1.7325795426548192
0.11 0 0.49 0.7276738020849296
0.11 0 0.5 0.3339676857874223
0.12 0 0.0 0.359286248450934
0.12 0 0.01 0.28071344482636823
0.12 0 0.02 0.10584203026940359
0.12 0 0.03 0.13570720783218318
0.12 0 0.04 0.1694111289090673
0.12 0 0.05 0.2711039450900386
0.12 0 0.06 0.1945559232728555
0.12 0 0.07 0.16069724094622476
0.12 0 0.08 0.7138981316382305
0.12 0 0.09 0.6633315810066499
0.12 0 0.1 0.6639921292677142
0.12 0 0.11 0.6012482788780903
0.12 0 0.12 0.708798322741856
0.12 0 0.13 0.9743052163302177
0.12 0 0.14 1.4893022478280942
0.12 0 0.15 1.7955024921709157
0.12 0 0.16 0.8266363629405095
0.12 0 0.17 1.011132506560882
0.12 0 0.18 0.48985321705644824
0.12 0 0.19 0.44027290159287213
0.12 0 0.2 0.8167893800454707
0.12 0 0.21 1.46513684897934
0.12 0 0.22 0.9001105017015926
0.12 0 0.23 0.8681958827292081
0.12 0 0.24 0.9069741417174983
0.12 0 0.25 0.44732495016622803
0.12 0 0.26 0.2946240928569145
0.12 0 0.27 0.13184964616458525
0.12 0 0.28 0.17358349730655157
0.12 0 0.29 0.30897234444468086
0.12 0 0.3 0.20689587999028453
0.12 0 0.31 0.26030265419022247
0.12 0 0.32 0.20679465061538793
0.12 0 0.33 0.2127369633262533
0.12 0 0.34 0.4368421973966162
0.12 0 0.35000000000000003 0.45397344200975487
0.12 0 0.36 0.28666400417501536
0.12 0 0.37 0.5617677707518266
0.12 0 0.38 0.40660929528004375
0.12 0 0.39 0.2551492531711065
0.12 0 0.4 0.2269479458118874
0.12 0 0.41000000000000003 0.28447896579413445
0.12 0 0.42 0.5323298034097587
0.12 0 0.43 0.37405757805542705
0.12 0 0.44 0.19127932509202314
0.12 0 0.45 0.2661379183874315
0.12 0 0.46 0.22490495500615387
0.12 0 0.47000000000000003 0.6385144541175738
0.12 0 0.48 1.2777403432401682
0.12 0 0.49 1.8608729591250057
0.12 0 0.5 1.0577440150340225
0.13 0 0.0 0.3991147415758854
0.13 0 0.01 0.5240227160918457
0.13 0 0.02 0.870319276861574
0.13 0 0.03 0.3772270594795791
0.13 0 0.04 0.23255457134990037
0.13 0 0.05 0.18501376015090318
0.13 0 0.06 0.13756174086095416
0.13 0 0.07 0.14794315559375085
0.13 0 0.08 0.4106486400348777
0.13 0 0.09 0.44738929433082963
0.13 0 0.1 0.5649466379857663
0.13 0 0.11 0.9146340646820965
0.13 0 0.12 0.5892857233254366
0.13 0 0.13 0.857074390812507
0.13 0 0.14 0.6074773811738425
0.13 0 0.15 0.7307079330368603
0.13 0 0.16 1.4087476808195825
0.13 0 0.17 1.7455146290589918
0.13 0 0.18 0.9088186595131633
0.13 0 0.19 0.5843997374016868
0.13 0 0.2 0.7475127614450523
0.13 0 0.21 0.6917008568382356
0.13 0 0.22 0.5431451478750199
0.13 0 0.23 0.3146749035167554
0.13 0 0.24 0.4585190245002312
0.13 0 0.25 0.580284937179203
0.13 0 0.26 0.39965577313454104
0.13 0 0.27 0.3595673307213365
0.13 0 0.28 0.29679463343078466
0.13 0 0.29 0.12909026246250227
0.13 0 0.3 0.10223633064360413
0.13 0 0.31 0.18682584729697504
0.13 0 0.32 0.4323747615287863
0.13 0 0.33 0.41698440711513346
0.13 0 0.34 0.44060423700689605
0.13 0 0.35000000000000003 0.4013172802991326
0.13 0 0.36 0.326921031546117
0.13 0 0.37 0.23016078456939798
0.13 0 0.38 0.24595300631299458
0.13 0 0.39 0.3288659121667516
0.13 0 0.4 0.25493105614002853
0.13 0 0.41000000000000003 0.31156238587039237
0.13 0 0.42 0.3025300867870696
0.13 0 0.43 0.2724812890426881
0.13 0 0.44 0.1775577939286151
0.13 0 0.45 0.1083341009746759
0.13 0 0.46 0.2920698558089765
0.13 0 0.47000000000000003 0.6679775138006322
0.13 0 0.48 0.66533222699575
0.13 0 0.49 0.7368697266418599
0.13 0 0.5 1.3560504389186068
0.14 0 0.0 0.3461096657610392
0.14 0 0.01 0.5201323986762686
0.14 0 0.02 0.5370042494700887
0.14 0 0.03 0.220351722212096
0.14 0 0.04 0.4746195913978866
0.14 0 0.05 0.7905126126923835
0.14 0 0.06 0.4443224482217898
0.14 0 0.07 0.9016369147658103
0.14 0 0.08 1.5595377297334845
0.14 0 0.09 1.5615626618586327
0.14 0 0.1 0.6692962913266152
0.14 0 0.11 0.8224596703453593
0.14 0 0.12 0.4906199220741051
0.14 0 0.13 0.2872123999913134
0.14 0 0.14 0.28184025270969376
0.14 0 0.15 0.621517868758687
0.14 0 0.16 0.4276373315320107
0.14 0 0.17 0.27541774599953445
0.14 0 0.18 1.0546659890477073
0.14 0 0.19 0.7589601120041001
0.14 0 0.2 0.7161347441499298
0.14 0 0.21 0.6881094357472834
0.14 0 0.22 0.7325692346024879
0.14 0 0.23 0.2762438544397394
0.14 0 0.24 0.3853855208524516
0.14 0 0.25 0.40508857964417355
0.14 0 0.26 0.2690283004434329
0.14 0 0.27 0.26649706636034126
0.14 0 0.28 0.4002193051343968
0.14 0 0.29 0.30433102024300773
0.14 0 0.3 0.13504549112654804
0.14 0 0.31 0.15936477635176094
0.14 0 0.32 0.2844025936754598
0.14 0 0.33 0.2771195774766409
0.14 0 0.34 0.12570575645195423
0.14 0 0.35000000000000003 0.20054887064985957
0.14 0 0.36 0.18410511423229056
0.14 0 0.37 0.2870495872356932
0.14 0 0.38 0.2422702585212384
0.14 0 0.39 0.17538157535952473
0.14 0 0.4 0.1570001300249612
0.14 0 0.41000000000000003 0.14118664172881334
0.14 0 0.42 0.23956095959997656
0.14 0 0.43 0.4442881073229758
0.14 0 0.44 0.5995428805155765
0.14 0 0.45 0.25840692980296237
0.14 0 0.46 0.5947107998913934
0.14 0 0.47000000000000003 0.5014491744195511
0.14 0 0.48 0.5211966877668895
0.14 0 0.49 0.5263277694212692
0.14 0 0.5 0.6737864339267656
0.15 0 0.0 0.7178114093074719
0.15 0 0.01 0.7122572413074072
0.15 0 0.02 0.5167379591791234
0.15 0 0.03 1.1487510239951404
0.15 0 0.04 1.048469083538374
0.15 0 0.05 0.9883266412913436
0.15 0 0.06 0.2532685281240725
0.15 0 0.07 0.23506178831629257
0.15 0 0.08 0.7288337671765531
0.15 0 0.09 0.8618056083167189
0.15 0 0.1 0.8102930971963087
0.15 0 0.11 0.5742625591472772
0.15 0 0.12 0.704637287648936
0.15 0 0.13 0.4736139296909977
0.15 0 0.14 0.5313849265845069
0.15 0 0.15 0.48073991960561535
0.15 0 0.16 0.6415926695742916
0.15 0 0.17 0.4163734154540697
0.15 0 0.18 0.2947937741152239
0.15 0 0.19 0.8473665790084836
0.15 0 0.2 1.0697610732457292
0.15 0 0.21 0.6211122117361337
0.15 0 0.22 0.17899684712536626
0.15 0 0.23 0.31919884112690877
0.15 0 0.24 0.22610411028483768
0.15 0 0.25 0.11691097187116407
0.15 0 0.26 0.11372103900432882
0.15 0 0.27 0.1403678121429265
0.15 0 0.28 0.0707670408357777
0.15 0 0.29 0.04339527371680332
0.15 0 0.3 0.07040901772067713
0.15 0 0.31 0.14080338511131751
0.15 0 0.32 0.23335680715250745
0.15 0 0.33 0.3625411132253409
0.15 0 0.34 0.3990614439813662
0.15 0 0.35000000000000003 0.1777831006620427
0.15 0 0.36 0.05537625815849432
0.15 0 0.37 0.13405020635315326
0.15 0 0.38 0.1291384512391251
0.15 0 0.39 0.11410039479557123
0.15 0 0.4 0.30561215294427296
0.15 0 0.41000000000000003 0.21059182511582808
0.15 0 0.42 0.27167934263700944
0.15 0 0.43 0.4531856812187266
0.15 0 0.44 0.5563504243087422
0.15 0 0.45 0.307691222277577
0.15 0 0.46 0.37307979186097484
0.15 0 0.47000000000000003 0.6591527470468684
0.15 0 0.48 0.9587506017356484
0.15 0 0.49 0.8966811764262443
0.15 0 0.5 0.6891705925726321
0.16 0 0.0 0.4820216807307411
0.16 0 0.01 0.42772042915515046
0.16 0 0.02 0.5041424180526513
0.16 0 0.03 0.2212725841387825
0.16 0 0.04 0.15318278479075859
0.16 0 0.05 0.9449038844632386
0.16 0 0.06 0.9228234615436864
0.16 0 0.07 0.5057413298240943
0.16 0 0.08 0.8066539178290348
0.16 0 0.09 0.6071340326114393
0.16 0 0.1 0.9756635619343158
0.16 0 0.11 1.3640689408324123
0.16 0 0.12 3.2663905591035065
0.16 0 0.13 3.1979956411882005
0.16 0 0.14 0.7555516548535597
0.16 0 0.15 0.7473918271814648
0.16 0 0.16 1.7798865363999583
0.16 0 0.17 0.5400469779793658
0.16 0 0.18 0.2627821129388039
0.16 0 0.19 0.259091065883516
0.16 0 0.2 0.18987852391131968
0.16 0 0.21 0.4236654611358896
0.16 0 0.22 0.38367544294727757
0.16 0 0.23 0.19833041492483722
0.16 0 0.24 0.14858270309461594
0.16 0 0.25 0.14156985978349237
0.16 0 0.26 0.09096318469159012
0.16 0 0.27 0.10187049203522483
0.16 0 0.28 0.1212542754888838
0.16 0 0.29 0.08571420630566086
0.16 0 0.3 0.08039076191777582
0.16 0 0.31 0.1419314080918111
0.16 0 0.32 0.2602333969089048
0.16 0 0.33 0.12832131956770315
0.16 0 0.34 0.23357385656123167
0.16 0 0.35000000000000003 0.18476009484103859
0.16 0 0.36 0.17192821424990298
0.16 0 0.37 0.13013488137923918
0.16 0 0.38 0.1614287333061518
0.16 0 0.39 0.17021813518825465
0.16 0 0.4 0.1544286070829736
0.16 0 0.41000000000000003 0.18790410958258505
0.16 0 0.42 0.2669307099926109
0.16 0 0.43 0.5056130469577085
0.16 0 0.44 0.3297354833550856
0.16 0 0.45 0.6220976846129577
0.16 0 0.46 0.200315752439718
0.16 0 0.47000000000000003 0.19953755979059995
0.16 0 0.48 0.15617595788676678
0.16 0 0.49 0.57707241513763
0.16 0 0.5 1.7598094576045038
0.17 0 0.0 0.9360458646181573
0.17 0 0.01 0.7261220657704228
0.17 0 0.02 0.47193176496225864
0.17 0 0.03 0.5069714771894834
0.17 0 0.04 0.6031773555303895
0.17 0 0.05 0.40648636956831535
0.17 0 0.06 0.9057491090254732
0.17 0 0.07 1.038303944065059
0.17 0 0.08 1.0830798009188753
0.17 0 0.09 0.6803658299272798
0.17 0 0.1 1.294863097007645
0.17 0 0.11 1.6104520521725723
0.17 0 0.12 1.413744516360624
0.17 0 0.13 1.4570878427224219
0.17 0 0.14 1.061821435598839
0.17 0 0.15 1.2092879527276452
0.17 0 0.16 0.7381424601497771
0.17 0 0.17 0.536685143003295
0.17 0 0.18 0.33389549719783285
0.17 0 0.19 0.17103790971817356
0.17 0 0.2 0.3954913828992809
0.17 0 0.21 0.6094388994856587
0.17 0 0.22 0.6376876151100894
0.17 0 0.23 0.7331201749770371
0.17 0 0.24 0.30935809913095846
0.17 0 0.25 0.18939058135091935
0.17 0 0.26 0.176717179985343
0.17 0 0.27 0.19553587495937202
0.17 0 0.28 0.2580178496842611
0.17 0 0.29 0.23494659589377903
0.17 0 0.3 0.159633190953146
0.17 0 0.31 0.20058856103790074
0.17 0 0.32 0.14194905082172626
0.17 0 0.33 0.14500662605687395
0.17 0 0.34 0.24836075427623727
0.17 0 0.35000000000000003 0.13144955520063875
0.17 0 0.36 0.2309264765399365
0.17 0 0.37 0.4034114458924994
0.17 0 0.38 0.44894906590712064
0.17 0 0.39 0.33736837275514403
0.17 0 0.4 0.2998745732404521
0.17 0 0.41000000000000003 0.27795170340361697
0.17 0 0.42 0.2542111309867652
0.17 0 0.43 0.2150412351671432
0.17 0 0.44 0.1412994032843156
0.17 0 0.45 0.14817097591667847
0.17 0 0.46 0.2403825593485443
0.17 0 0.47000000000000003 0.62337661879599
0.17 0 0.48 0.38566636906209245
0.17 0 0.49 0.3496804168027414
0.17 0 0.5 0.7381663593040141
0.18 0 0.0 1.050963878014915
0.18 0 0.01 0.913744750710091
0.18 0 0.02 1.377136035268702
0.18 0 0.03 1.2643847410726612
0.18 0 0.04 1.1322490921217536
0.18 0 0.05 1.1748817634752713
0.18 0 0.06 0.8869169371146713
0.18 0 0.07 0.8321134794751261
0.18 0 0.08 0.9013351290125681
0.18 0 0.09 1.1530082089958884
0.18 0 0.1 0.8587432405517633
0.18 0 0.11 1.7427509437969946
0.18 0 0.12 0.9615738976560475
0.18 0 0.13 1.2197255435497836
0.18 0 0.14 1.033485746720069
0.18 0 0.15 0.8249838561144784
0.18 0 0.16 0.8281922905981486
0.18 0 0.17 0.5422106912190672
0.18 0 0.18 0.2537543742882502
0.18 0 0.19 0.34882518704114024
0.18 0 0.2 0.5348086296749387
0.18 0 0.21 0.29352494894308784
0.18 0 0.22 0.2843014500843832
0.18 0 0.23 0.2520282465764882
0.18 0 0.24 0.2097526346406855
0.18 0 0.25 0.36933087637284884
0.18 0 0.26 0.3569923313159479
0.18 0 0.27 0.4487535421404203
0.18 0 0.28 0.5592559655309174
0.18 0 0.29 0.1801085000914618
0.18 0 0.3 0.2987911676641556
0.18 0 0.31 0.27398900077882365
0.18 0 0.32 0.2333783412594875
0.18 0 0.33 0.610311869047446
0.18 0 0.34 0.44319495297655626
0.18 0 0.35000000000000003 0.36319783116108206
0.18 0 0.36 0.49100100464792373
0.18 0 0.37 0.5128676311960997
0.18 0 0.38 0.455189643795113
0.18 0 0.39 0.774460498314865
0.18 0 0.4 0.6449292944283405
0.18 0 0.41000000000000003 0.4370602285263248
0.18 0 0.42 0.16237007180156196
0.18 0 0.43 0.11062838177855693
0.18 0 0.44 0.14816718332988268
0.18 0 0.45 0.13365394931583396
0.18 0 0.46 0.18930749118152346
0.18 0 0.47000000000000003 0.193573052658946
0.18 0 0.48 0.1808085398775386
0.18 0 0.49 0.2069069918873238
0.18 0 0.5 0.3579396821405242
0.19 0 0.0 1.124971325251705
0.19 0 0.01 1.4409502781875319
0.19 0 0.02 2.1752170078049113
0.19 0 0.03 1.8687572602442992
0.19 0 0.04 2.1251138148959954
0.19 0 0.05 4.387302922193344
0.19 0 0.06 5.204594998437692
0.19 0 0.07 2.782640162898744
0.19 0 0.08 0.9721556955668148
0.19 0 0.09 1.246571483908067
0.19 0 0.1 1.066618623114008
0.19 0 0.11 0.8512589408559614
0.19 0 0.12 0.528249707073101
0.19 0 0.13 0.6265625135794859
0.19 0 0.14 0.4675739848785644
0.19 0 0.15 0.22178025827158898
0.19 0 0.16 0.2831780682666592
0.19 0 0.17 0.2785533234209486
0.19 0 0.18 0.22673816151649723
0.19 0 0.19 0.10583686987952107
0.19 0 0.2 0.1889773334134504
0.19 0 0.21 0.4568662722622492
0.19 0 0.22 1.2393649533142228
0.19 0 0.23 0.4636088880484406
0.19 0 0.24 0.3806483005604451
0.19 0 0.25 0.3558224159161652
0.19 0 0.26 0.3452132667971391
0.19 0 0.27 0.4577905715007029
0.19 0 0.28 0.605833355231391
0.19 0 0.29 0.6887969394045808
0.19 0 0.3 0.7638125668573474
0.19 0 0.31 0.7184037322069018
0.19 0 0.32 0.48745613978965263
0.19 0 0.33 0.9864374953918476
0.19 0 0.34 0.2775060530541207
0.19 0 0.35000000000000003 0.8165729723932258
0.19 0 0.36 2.1167390531888906
0.19 0 0.37 2.7417845095232276
0.19 0 0.38 1.584155843770174
0.19 0 0.39 0.6124323835940066
0.19 0 0.4 0.8199240226937976
0.19 0 0.41000000000000003 0.4301820763670479
0.19 0 0.42 0.1694061410311076
0.19 0 0.43 0.14206140220062916
0.19 0 0.44 0.3020229954412538
0.19 0 0.45 0.21840941601336503
0.19 0 0.46 0.24114924156816372
0.19 0 0.47000000000000003 0.12332444747332849
0.19 0 0.48 0.16917845373045506
0.19 0 0.49 0.5786887819152692
0.19 0 0.5 1.1447897890961913
0.2 0 0.0 1.852933443181054
0.2 0 0.01 6.206110038450795
0.2 0 0.02 4.633354260161033
0.2 0 0.03 5.980907683206392
0.2 0 0.04 2.9270038355920787
0.2 0 0.05 0.720708202307502
0.2 0 0.06 0.9268640278419372
0.2 0 0.07 1.2526278704037983
0.2 0 0.08 1.1452119935987677
0.2 0 0.09 0.6274642120012327
0.2 0 0.1 1.3021444846894683
0.2 0 0.11 0.7625940765177711
0.2 0 0.12 0.4992844027830162
0.2 0 0.13 0.5406166912134056
0.2 0 0.14 0.7264685436916739
0.2 0 0.15 0.4726609298196305
0.2 0 0.16 0.24560367991699894
0.2 0 0.17 0.7711273440359594
0.2 0 0.18 0.8360083747903028
0.2 0 0.19 0.34594278514419374
0.2 0 0.2 0.1470539787910719
0.2 0 0.21 0.16681479328404983
0.2 0 0.22 0.21305682326469938
0.2 0 0.23 0.48096741354711925
0.2 0 0.24 0.5733730612953044
0.2 0 0.25 0.6166120852172962
0.2 0 0.26 1.007858098629844
0.2 0 0.27 0.6216703208516189
0.2 0 0.28 0.5730641131345988
0.2 0 0.29 0.5664640415397793
0.2 0 0.3 0.6173440628701985
0.2 0 0.31 0.8914392175415433
0.2 0 0.32 0.9846244999151954
0.2 0 0.33 2.595402206755907
0.2 0 0.34 2.1294505745872585
0.2 0 0.35000000000000003 0.9694158599926631
0.2 0 0.36 1.2588834579241508
0.2 0 0.37 1.310923455375995
0.2 0 0.38 0.994621907950546
0.2 0 0.39 0.6271503483078412
0.2 0 0.4 1.0136657398406352
0.2 0 0.41000000000000003 0.7075443913507278
0.2 0 0.42 0.4983692974730419
0.2 0 0.43 0.20410477596091067
0.2 0 0.44 0.26194267642680114
0.2 0 0.45 0.48051988905473425
0.2 0 0.46 0.7570478774965032
0.2 0 0.47000000000000003 0.8825308108365418
0.2 0 0.48 0.7529009406944333
0.2 0 0.49 0.44146780454689294
0.2 0 0.5 0.5749793711004736
0.21 0 0.0 1.793025271379456
0.21 0 0.01 2.3307279532014173
0.21 0 0.02 1.6007699215053308
0.21 0 0.03 1.348592125853699
0.21 0 0.04 1.666229486064044
0.21 0 0.05 2.1067778470371126
0.21 0 0.06 1.2952603391381907
0.21 0 0.07 1.3217217056251587
0.21 0 0.08 1.312227898405014
0.21 0 0.09 0.9441414375423146
0.21 0 0.1 1.1236360837371064
0.21 0 0.11 0.5351828244494192
0.21 0 0.12 0.6105651461968717
0.21 0 0.13 0.9066746077475708
0.21 0 0.14 0.9209703623289978
0.21 0 0.15 0.8768876342664217
0.21 0 0.16 0.45121584400606585
0.21 0 0.17 0.23853519875917506
0.21 0 0.18 0.42818476047154036
0.21 0 0.19 0.3494732250494533
0.21 0 0.2 0.31910687354924827
0.21 0 0.21 0.39374557123476817
0.21 0 0.22 0.15578287638062682
0.21 0 0.23 0.43370460180448994
0.21 0 0.24 0.4746362989882757
0.21 0 0.25 0.3490204205368815
0.21 0 0.26 0.28242959048666655
0.21 0 0.27 0.4713735189903796
0.21 0 0.28 1.3894383308473046
0.21 0 0.29 1.4775606035945323
0.21 0 0.3 1.3747481843908564
0.21 0 0.31 0.8237385666491837
0.21 0 0.32 0.657988881607304
0.21 0 0.33 0.8795441738657404
0.21 0 0.34 2.3874966503211064
0.21 0 0.35000000000000003 0.8289635349863217
0.21 0 0.36 1.270334877768162
0.21 0 0.37 1.7997508068807282
0.21 0 0.38 1.407515077518409
0.21 0 0.39 1.6359400384596754
0.21 0 0.4 0.5728622607810309
0.21 0 0.41000000000000003 0.5055526061677997
0.21 0 0.42 0.2777651772906067
0.21 0 0.43 0.7675279083262051
0.21 0 0.44 0.6735419468149632
0.21 0 0.45 0.6133533526884042
0.21 0 0.46 0.3316225438840548
0.21 0 0.47000000000000003 0.43650584410632576
0.21 0 0.48 0.7373584231109512
0.21 0 0.49 0.42513553001933413
0.21 0 0.5 0.4640297003451331
0.22 0 0.0 1.3642160247316664
0.22 0 0.01 1.9541360715022564
0.22 0 0.02 2.692378178805869
0.22 0 0.03 0.9433970054730688
0.22 0 0.04 2.2731583502989574
0.22 0 0.05 2.458961458557122
0.22 0 0.06 1.933250563476185
0.22 0 0.07 1.3011253118927892
0.22 0 0.08 0.795588695673071
0.22 0 0.09 0.9486123061422337
0.22 0 0.1 1.0625754738072197
0.22 0 0.11 0.4106816010238631
0.22 0 0.12 0.3642177084486689
0.22 0 0.13 0.2812466267683525
0.22 0 0.14 0.2518126417369997
0.22 0 0.15 0.5637181250117895
0.22 0 0.16 0.9471103755049058
0.22 0 0.17 1.0434984052163547
0.22 0 0.18 0.9886159882018094
0.22 0 0.19 0.27944571873722585
0.22 0 0.2 0.40511126767759514
0.22 0 0.21 0.6939883574794584
0.22 0 0.22 0.2500960742403964
0.22 0 0.23 0.691707320872733
0.22 0 0.24 0.7181389805526057
0.22 0 0.25 0.4111771898618805
0.22 0 0.26 0.2605104716331498
0.22 0 0.27 0.24248487915885863
0.22 0 0.28 0.35381965711376284
0.22 0 0.29 0.5002320698417827
0.22 0 0.3 0.9060393561103571
0.22 0 0.31 1.390515503909109
0.22 0 0.32 1.6861906641084325
0.22 0 0.33 2.18784508966334
0.22 0 0.34 2.5568077299434777
0.22 0 0.35000000000000003 1.1025894590923664
0.22 0 0.36 1.9237729734323805
0.22 0 0.37 1.12481320930782
0.22 0 0.38 0.6433842325469669
0.22 0 0.39 1.6300424024243128
0.22 0 0.4 2.8400618212486304
0.22 0 0.41000000000000003 2.0963837383689423
0.22 0 0.42 0.6984074336776525
0.22 0 0.43 0.6334512598212014
0.22 0 0.44 0.6761771017543
0.22 0 0.45 0.6827940232977673
0.22 0 0.46 0.5302083316583381
0.22 0 0.47000000000000003 0.6597857263089533
0.22 0 0.48 0.7586762937367786
0.22 0 0.49 0.9174012155821256
0.22 0 0.5 0.8319770516400659
0.23 0 0.0 0.7298348135687921
0.23 0 0.01 0.9943267751587908
0.23 0 0.02 1.2717120172791185
0.23 0 0.03 1.6624279079334818
0.23 0 0.04 2.3639357855686045
0.23 0 0.05 1.832474000389617
0.23 0 0.06 0.9268691504241745
0.23 0 0.07 1.3055550137271352
0.23 0 0.08 0.9211063402851039
0.23 0 0.09 1.167259736964721
0.23 0 0.1 0.5437100113582206
0.23 0 0.11 0.461618341843727
0.23 0 0.12 0.34449796386231923
0.23 0 0.13 0.4447047255568955
0.23 0 0.14 0.7027027992551924
0.23 0 0.15 0.4624621147546845
0.23 0 0.16 0.21989870792349542
0.23 0 0.17 0.43576009740175964
0.23 0 0.18 0.6756004882256195
0.23 0 0.19 0.41202935185854667
0.23 0 0.2 0.39763162390754103
0.23 0 0.21 0.6073683836776042
0.23 0 0.22 0.5399327315774559
0.23 0 0.23 0.5185590471794916
0.23 0 0.24 1.0615059927361825
0.23 0 0.25 0.7771602805167366
0.23 0 0.26 0.4551067911367235
0.23 0 0.27 0.2660395949442152
0.23 0 0.28 0.6487514539466563
0.23 0 0.29 0.5690558596420167
0.23 0 0.3 0.6856487761765899
0.23 0 0.31 1.7160578129450434
0.23 0 0.32 1.4522138655704993
0.23 0 0.33 1.642467476016502
0.23 0 0.34 2.4540154533193115
0.23 0 0.35000000000000003 3.8080657126492277
0.23 0 0.36 2.200999149200355
0.23 0 0.37 1.7392221309656701
0.23 0 0.38 1.314973455628198
0.23 0 0.39 1.1928057149116433
0.23 0 0.4 1.8970959695384118
0.23 0 0.41000000000000003 2.9779477362911666
0.23 0 0.42 1.9445898592651893
0.23 0 0.43 0.7907969472337798
0.23 0 0.44 1.3969952450829577
0.23 0 0.45 2.1801711298142803
0.23 0 0.46 1.118492862563855
0.23 0 0.47000000000000003 0.41695933172516125
0.23 0 0.48 0.31336337904892747
0.23 0 0.49 0.25619164297251357
0.23 0 0.5 0.2809623167801603
0.24 0 0.0 1.262437005895549
0.24 0 0.01 0.98102099618837
0.24 0 0.02 1.6155770979011994
0.24 0 0.03 2.9208464345869527
0.24 0 0.04 2.073340631872977
0.24 0 0.05 1.9974881693949258
0.24 0 0.06 1.6279858202631508
0.24 0 0.07 0.9178300366735593
0.24 0 0.08 0.4965517359179836
0.24 0 0.09 0.7160912993168959
0.24 0 0.1 0.7925929392033205
0.24 0 0.11 0.6546870245416802
0.24 0 0.12 0.2192369418370073
0.24 0 0.13 0.4554685809034021
0.24 0 0.14 0.6710539464579172
0.24 0 0.15 0.2619291853719495
0.24 0 0.16 0.23779687382548761
0.24 0 0.17 0.1977164651940153
0.24 0 0.18 0.4805249050946777
0.24 0 0.19 0.8368422534348874
0.24 0 0.2 0.8917340824455919
0.24 0 0.21 0.8561784747352114
0.24 0 0.22 1.247605023090153
0.24 0 0.23 0.7193873766889863
0.24 0 0.24 2.1351328261317124
0.24 0 0.25 1.2833529972889557
0.24 0 0.26 0.6987047177203524
0.24 0 0.27 1.006894085427161
0.24 0 0.28 0.3234815739097773
0.24 0 0.29 0.5890782375218251
0.24 0 0.3 1.079155510817319
0.24 0 0.31 1.7703611227868359
0.24 0 0.32 1.2839765773453742
0.24 0 0.33 2.8860644584941255
0.24 0 0.34 2.39977534405618
0.24 0 0.35000000000000003 3.0718571930576
0.24 0 0.36 2.2100772885303575
0.24 0 0.37 1.5866114814835846
0.24 0 0.38 2.54812017329448
0.24 0 0.39 2.1081624990682832
0.24 0 0.4 3.311919781547286
0.24 0 0.41000000000000003 1.782548729965744
0.24 0 0.42 1.5218153699908468
0.24 0 0.43 1.314207846415199
0.24 0 0.44 0.37447291394947346
0.24 0 0.45 0.10644522795627305
0.24 0 0.46 0.24235391813210858
0.24 0 0.47000000000000003 0.3320699191204256
0.24 0 0.48 0.24147722031509655
0.24 0 0.49 0.16997425069078506
0.24 0 0.5 0.23065578938209788
0.25 0 0.0 1.0532551225159914
0.25 0 0.01 0.935834861010556
0.25 0 0.02 0.917023684724347
0.25 0 0.03 1.4359765436323713
0.25 0 0.04 1.8829382821075373
0.25 0 0.05 0.8855030256660704
0.25 0 0.06 0.9679308876165069
0.25 0 0.07 0.5821703023134781
0.25 0 0.08 0.635670192614578
0.25 0 0.09 0.21930727718061688
0.25 0 0.1 0.3406075185073669
0.25 0 0.11 1.331911113406973
0.25 0 0.12 0.6726481655072595
0.25 0 0.13 0.40260188194737057
0.25 0 0.14 0.6009527526426807
0.25 0 0.15 0.5300932400691855
0.25 0 0.16 0.24352357852400017
0.25 0 0.17 0.3378941522521181
0.25 0 0.18 0.7320354364587666
0.25 0 0.19 0.8415426148492468
0.25 0 0.2 0.5312542368709365
0.25 0 0.21 0.9087298751387134
0.25 0 0.22 1.721931779716683
0.25 0 0.23 1.3830813477135824
0.25 0 0.24 2.5763428590512154
0.25 0 0.25 1.6934987957008665
0.25 0 0.26 1.3379418695046292
0.25 0 0.27 2.02854631084851
0.25 0 0.28 1.513523357825783
0.25 0 0.29 2.2461494195840914
0.25 0 0.3 2.733743812951162
0.25 0 0.31 2.720099518271835
0.25 0 0.32 3.861916617422529
0.25 0 0.33 2.692487964423661
0.25 0 0.34 2.246169785951582
0.25 0 0.35000000000000003 4.61948442597709
0.25 0 0.36 2.842573344449872
0.25 0 0.37 0.8064739701005184
0.25 0 0.38 1.8757635730405102
0.25 0 0.39 3.1999435707438924
0.25 0 0.4 3.3991260543653636
0.25 0 0.41000000000000003 1.822621887024725
0.25 0 0.42 1.2965951734792462
0.25 0 0.43 1.1943831293477019
0.25 0 0.44 0.4115777590042299
0.25 0 0.45 0.12922010488000651
0.25 0 0.46 0.1402219686742494
0.25 0 0.47000000000000003 0.1481398725985832
0.25 0 0.48 0.1803491812554934
0.25 0 0.49 0.2938442747602623
0.25 0 0.5 0.2638601417609755
0.26 0 0.0 0.2925883983763323
0.26 0 0.01 0.4075820066720898
0.26 0 0.02 0.38050907806179185
0.26 0 0.03 0.6359097367374754
0.26 0 0.04 1.0896717688358468
0.26 0 0.05 0.8934048808701769
0.26 0 0.06 0.8081727947695215
0.26 0 0.07 1.2397276833274806
0.26 0 0.08 0.5748531336352385
0.26 0 0.09 0.18448050199941007
0.26 0 0.1 0.15964587233187488
0.26 0 0.11 0.20318482971639282
0.26 0 0.12 0.5187656955241751
0.26 0 0.13 0.29386898734169975
0.26 0 0.14 0.34486411722570337
0.26 0 0.15 0.4264089402978173
0.26 0 0.16 0.6606750748102552
0.26 0 0.17 0.7080381527237893
0.26 0 0.18 0.44056423453760163
0.26 0 0.19 0.6431666390735689
0.26 0 0.2 0.6381395112081442
0.26 0 0.21 1.6283056675184089
0.26 0 0.22 2.4757903725139854
0.26 0 0.23 2.52995890594759
0.26 0 0.24 0.7712981308758813
0.26 0 0.25 1.4238910259371027
0.26 0 0.26 3.494626263035597
0.26 0 0.27 3.7592739964035164
0.26 0 0.28 3.1119149086297115
0.26 0 0.29 1.4672657209674087
0.26 0 0.3 2.0418838421935823
0.26 0 0.31 1.774620458264664
0.26 0 0.32 3.294206802395592
0.26 0 0.33 2.226319152122645
0.26 0 0.34 1.6370415106173906
0.26 0 0.35000000000000003 2.367142237942898
0.26 0 0.36 3.9070717124788654
0.26 0 0.37 4.846018219713533
0.26 0 0.38 1.8774342459926723
0.26 0 0.39 1.0687448003664333
0.26 0 0.4 0.8987552445991202
0.26 0 0.41000000000000003 2.840479774447014
0.26 0 0.42 1.067833845962727
0.26 0 0.43 0.6231512195176755
0.26 0 0.44 0.5515682143703396
0.26 0 0.45 0.2467097531768369
0.26 0 0.46 0.21443872604475367
0.26 0 0.47000000000000003 0.19620536452095586
0.26 0 0.48 0.31162526322186707
0.26 0 0.49 0.35346177995768996
0.26 0 0.5 0.6179314840815914
0.27 0 0.0 0.3681583123885356
0.27 0 0.01 0.5060126966161351
0.27 0 0.02 1.0841459916337264
0.27 0 0.03 1.2428607372077112
0.27 0 0.04 1.2671496346141065
0.27 0 0.05 0.45706166421746286
0.27 0 0.06 0.4123641399643292
0.27 0 0.07 0.47596352986452206
0.27 0 0.08 0.2338209317760178
0.27 0 0.09 0.21164943521713497
0.27 0 0.1 0.13549836614438263
0.27 0 0.11 0.07988973167229357
0.27 0 0.12 0.17365097399545307
0.27 0 0.13 0.20105046871097246
0.27 0 0.14 0.41639727149067185
0.27 0 0.15 0.36027145992290743
0.27 0 0.16 0.2803666092990818
0.27 0 0.17 0.8614289964717782
0.27 0 0.18 0.5468405086476875
0.27 0 0.19 0.5471903231418195
0.27 0 0.2 0.5757246262836864
0.27 0 0.21 0.637963196459698
0.27 0 0.22 0.8988619081527465
0.27 0 0.23 1.7743857653759936
0.27 0 0.24 0.7820124663343334
0.27 0 0.25 0.8045446791473745
0.27 0 0.26 1.314887447969417
0.27 0 0.27 1.4507428467359944
0.27 0 0.28 1.0640048422386983
0.27 0 0.29 0.8615656877801602
0.27 0 0.3 3.6464191736886447
0.27 0 0.31 4.380865828444384
0.27 0 0.32 4.244144548000958
0.27 0 0.33 6.339409774273269
0.27 0 0.34 5.1591682592544705
0.27 0 0.35000000000000003 1.6501949180381001
0.27 0 0.36 1.3409122999632037
0.27 0 0.37 1.4173763166708542
0.27 0 0.38 2.2306650330699394
0.27 0 0.39 1.0672329624277996
0.27 0 0.4 0.5975249077736874
0.27 0 0.41000000000000003 2.0643102287098913
0.27 0 0.42 2.3111739932172446
0.27 0 0.43 1.3263339055181917
0.27 0 0.44 0.6648777421612309
0.27 0 0.45 0.7739518271977266
0.27 0 0.46 1.1255472809376177
0.27 0 0.47000000000000003 1.1908169321539621
0.27 0 0.48 1.1890529174755173
0.27 0 0.49 2.71992528490091
0.27 0 0.5 1.6566144812124077
0.28 0 0.0 0.877804351059178
0.28 0 0.01 0.9029828990935764
0.28 0 0.02 1.7184279025396345
0.28 0 0.03 2.4120934682717614
0.28 0 0.04 1.438198612647503
0.28 0 0.05 0.7810451378916541
0.28 0 0.06 0.7027892811525713
0.28 0 0.07 0.45607403132417923
0.28 0 0.08 0.21139367776602833
0.28 0 0.09 0.3146163192154758
0.28 0 0.1 0.2553030054526969
0.28 0 0.11 0.27914041907492304
0.28 0 0.12 0.3174179764554588
0.28 0 0.13 0.22254867527872713
0.28 0 0.14 0.3061341027443923
0.28 0 0.15 0.2000622189176325
0.28 0 0.16 0.0636243925380131
0.28 0 0.17 0.13533574569678825
0.28 0 0.18 0.22081221694650224
0.28 0 0.19 0.23814787375309215
0.28 0 0.2 0.45711445890999103
0.28 0 0.21 0.38857454130379193
0.28 0 0.22 1.4051990030502575
0.28 0 0.23 1.0713296386112667
0.28 0 0.24 0.525456959726801
0.28 0 0.25 0.38019927998609193
0.28 0 0.26 1.220748063232331
0.28 0 0.27 1.5667344381930939
0.28 0 0.28 1.711698147727308
0.28 0 0.29 2.0663089816738105
0.28 0 0.3 2.651220177231569
0.28 0 0.31 2.68779663463574
0.28 0 0.32 1.6280436185265692
0.28 0 0.33 2.258379288761233
0.28 0 0.34 1.7168165923742271
0.28 0 0.35000000000000003 2.3690900377044124
0.28 0 0.36 2.1215599500711755
0.28 0 0.37 1.1708203423630135
0.28 0 0.38 1.8970452026610174
0.28 0 0.39 2.717655668106288
0.28 0 0.4 1.3794124623589001
0.28 0 0.41000000000000003 2.151941458061949
0.28 0 0.42 7.914792612859116
0.28 0 0.43 11.787948912663094
0.28 0 0.44 5.631646581941297
0.28 0 0.45 3.9526908672280863
0.28 0 0.46 4.050298700669163
0.28 0 0.47000000000000003 1.9408814842898658
0.28 0 0.48 1.130505210830328
0.28 0 0.49 1.9042497972713481
0.28 0 0.5 2.1539552122847527
0.29 0 0.0 1.452094248853776
0.29 0 0.01 1.4420806790976661
0.29 0 0.02 1.9060221882023436
0.29 0 0.03 2.710257124668017
0.29 0 0.04 2.512812319970403
0.29 0 0.05 1.0291734878274497
0.29 0 0.06 0.5071774800767539
0.29 0 0.07 1.0705137767765518
0.29 0 0.08 0.8337836071312054
0.29 0 0.09 0.5205376795483543
0.29 0 0.1 0.19754248510111594
0.29 0 0.11 0.21631420249430072
0.29 0 0.12 0.16026891899598297
0.29 0 0.13 0.2367606909154851
0.29 0 0.14 0.4898130015918294
0.29 0 0.15 0.21274633262269899
0.29 0 0.16 0.10456638312017454
0.29 0 0.17 0.15087449594123967
0.29 0 0.18 0.3413201550694605
0.29 0 0.19 0.2600360921932417
0.29 0 0.2 0.3450261296224028
0.29 0 0.21 0.1483401996630125
0.29 0 0.22 0.18357470536531223
0.29 0 0.23 0.3024117795468806
0.29 0 0.24 0.23023778708756287
0.29 0 0.25 0.4352159282863952
0.29 0 0.26 0.6611598655740909
0.29 0 0.27 0.8947976605796839
0.29 0 0.28 0.45675239278865193
0.29 0 0.29 0.8441299536560749
0.29 0 0.3 0.8555052240665881
0.29 0 0.31 2.1937615537264192
0.29 0 0.32 1.9533029216885303
0.29 0 0.33 1.8561233422199699
0.29 0 0.34 2.209930173239889
0.29 0 0.35000000000000003 1.2646917358609184
0.29 0 0.36 1.4822627413584188
0.29 0 0.37 1.7879443037118028
0.29 0 0.38 1.2130914624983613
0.29 0 0.39 1.706482474563835
0.29 0 0.4 3.3563691259869497
0.29 0 0.41000000000000003 3.013747695671701
0.29 0 0.42 4.1132641285872165
0.29 0 0.43 3.6935155926257193
0.29 0 0.44 3.783876292226975
0.29 0 0.45 2.5483916362356815
0.29 0 0.46 2.3654196240128496
0.29 0 0.47000000000000003 2.182118356896148
0.29 0 0.48 1.9362222074119375
0.29 0 0.49 0.7082204712657779
0.29 0 0.5 1.1019718169470816
0.3 0 0.0 3.053847073907247
0.3 0 0.01 2.0752191404375195
0.3 0 0.02 1.8273881200253212
0.3 0 0.03 1.0663229893291772
0.3 0 0.04 1.012521875891363
0.3 0 0.05 1.3944958021547709
0.3 0 0.06 1.5391943836288815
0.3 0 0.07 1.523029651493894
0.3 0 0.08 1.098903114489356
0.3 0 0.09 0.8236509451592496
0.3 0 0.1 0.5357091299140098
0.3 0 0.11 0.47660135284230043
0.3 0 0.12 0.30349034255599033
0.3 0 0.13 0.36274562647113856
0.3 0 0.14 0.22646866631710602
0.3 0 0.15 0.2573668109614811
0.3 0 0.16 0.5640472787159507
0.3 0 0.17 0.4832558592072145
0.3 0 0.18 0.32883797785287977
0.3 0 0.19 0.2946300989788418
0.3 0 0.2 0.27806747078129557
0.3 0 0.21 0.2210150510897879
0.3 0 0.22 0.1626347195654408
0.3 0 0.23 0.18854928175018387
0.3 0 0.24 0.33334116008642845
0.3 0 0.25 0.45501636667395745
0.3 0 0.26 0.8035130144554412
0.3 0 0.27 0.9262693543485566
0.3 0 0.28 0.3653602596347733
0.3 0 0.29 0.5026147645579198
0.3 0 0.3 0.6895925577075014
0.3 0 0.31 0.5142637464692579
0.3 0 0.32 0.6877414775273025
0.3 0 0.33 1.0029785571955383
0.3 0 0.34 1.3249485785205914
0.3 0 0.35000000000000003 1.2555669273085739
0.3 0 0.36 2.031232014275903
0.3 0 0.37 1.8330748369913605
0.3 0 0.38 0.8266622690516274
0.3 0 0.39 0.6195096254244213
0.3 0 0.4 0.8422648656863189
0.3 0 0.41000000000000003 0.7812940817664394
0.3 0 0.42 1.6613444846833545
0.3 0 0.43 3.3898048905621607
0.3 0 0.44 4.456572710058896
0.3 0 0.45 3.5710240062617626
0.3 0 0.46 2.8535329147073276
0.3 0 0.47000000000000003 1.995599238802674
0.3 0 0.48 0.49044305765112484
0.3 0 0.49 0.6479816705916671
0.3 0 0.5 0.8697886673953038
#STOP
