#MEDIUM_PROPERTIES_DISTRIBUTED
$MSH_TYPE
	 GROUNDWATER_FLOW	
$MMP_TYPE
	 PERMEABILITY	
$DIS_TYPE
	 NEAREST_VALUE	
;hj
$CONVERSION_FACTOR
2e-8;2e-6;2e-13
$DATA
0.0 0 0.0 0.1667551215181576
0.0 0 0.01 0.1736511968927371
0.0 0 0.02 0.17071902094843222
0.0 0 0.03 0.218313072892927
0.0 0 0.04 0.15539142171825998
0.0 0 0.05 0.19189051084306616
0.0 0 0.06 0.21227096592675915
0.0 0 0.07 0.21139618444955868
0.0 0 0.08 0.35922061865105964
0.0 0 0.09 0.3348344980043415
0.0 0 0.1 0.4221802785347566
0.0 0 0.11 0.46853191560310903
0.0 0 0.12 0.5398967320676507
0.0 0 0.13 0.7842699923088972
0.0 0 0.14 1.0453478473233193
0.0 0 0.15 1.0673512972033576
0.0 0 0.16 1.1242802603100637
0.0 0 0.17 0.7590380279872663
0.0 0 0.18 0.6574110211957805
0.0 0 0.19 0.7887764068214217
0.0 0 0.2 0.6126882048791752
0.0 0 0.21 0.6699287675838239
0.0 0 0.22 0.4609715118391409
0.0 0 0.23 0.319168108529054
0.0 0 0.24 0.32800366909391876
0.0 0 0.25 0.20519126402737356
0.0 0 0.26 0.2534984014695663
0.0 0 0.27 0.21005479282426792
0.0 0 0.28 0.14828373389910277
0.0 0 0.29 0.14789556663067555
0.0 0 0.3 0.06684113023992622
0.0 0 0.31 0.06106266983643502
0.0 0 0.32 0.050817369351435784
0.0 0 0.33 0.059108748472172276
0.0 0 0.34 0.09181162269065801
0.0 0 0.35000000000000003 0.09690168505618255
0.0 0 0.36 0.1194068458920815
0.0 0 0.37 0.1365868677025836
0.0 0 0.38 0.11491387959267851
0.0 0 0.39 0.12345213877568575
0.0 0 0.4 0.1107536397738071
0.0 0 0.41000000000000003 0.10603791105772682
0.0 0 0.42 0.12618806750116032
0.0 0 0.43 0.13795934413755623
0.0 0 0.44 0.14184255236955748
0.0 0 0.45 0.1575238933932823
0.0 0 0.46 0.10157028154126005
0.0 0 0.47000000000000003 0.1126184331718251
0.0 0 0.48 0.08569512824920777
0.0 0 0.49 0.08459522023993307
0.0 0 0.5 0.12743944097088616
0.01 0 0.0 0.13184043173989637
0.01 0 0.01 0.1924030355669993
0.01 0 0.02 0.17056084441768732
0.01 0 0.03 0.1771790694271028
0.01 0 0.04 0.23730921232935848
0.01 0 0.05 0.24918713018540783
0.01 0 0.06 0.32793204562415906
0.01 0 0.07 0.3442226399277184
0.01 0 0.08 0.30162859462083447
0.01 0 0.09 0.28784217213233126
0.01 0 0.1 0.22218603352194727
0.01 0 0.11 0.19128248815472745
0.01 0 0.12 0.246498345428347
0.01 0 0.13 0.24845810198215054
0.01 0 0.14 0.3702367732385144
0.01 0 0.15 0.5116601061336074
0.01 0 0.16 0.4465426918644121
0.01 0 0.17 0.6707985499420436
0.01 0 0.18 0.4974673237650227
0.01 0 0.19 0.6028601829677656
0.01 0 0.2 0.563554707455922
0.01 0 0.21 0.36186715977975825
0.01 0 0.22 0.3591933537037073
0.01 0 0.23 0.18378269677881573
0.01 0 0.24 0.14454230323435596
0.01 0 0.25 0.16068791232134313
0.01 0 0.26 0.13947180949136556
0.01 0 0.27 0.2141460454974939
0.01 0 0.28 0.17161596023613626
0.01 0 0.29 0.17940054516446663
0.01 0 0.3 0.18623405302341883
0.01 0 0.31 0.17297061399646763
0.01 0 0.32 0.19721173825607574
0.01 0 0.33 0.20428565834120355
0.01 0 0.34 0.17697093279784262
0.01 0 0.35000000000000003 0.21083835227256262
0.01 0 0.36 0.19720802884614141
0.01 0 0.37 0.15444910800978512
0.01 0 0.38 0.13915536607221274
0.01 0 0.39 0.09291419986096608
0.01 0 0.4 0.10284427329003912
0.01 0 0.41000000000000003 0.10451446189499908
0.01 0 0.42 0.08515661355163087
0.01 0 0.43 0.11188871428187135
0.01 0 0.44 0.07749404581396316
0.01 0 0.45 0.08657689658588347
0.01 0 0.46 0.0966397334736595
0.01 0 0.47000000000000003 0.07923914848138428
0.01 0 0.48 0.12785339024535966
0.01 0 0.49 0.11191088353277173
0.01 0 0.5 0.16535087455953942
0.02 0 0.0 0.13427121320532595
0.02 0 0.01 0.13538017590621468
0.02 0 0.02 0.1894482385878488
0.02 0 0.03 0.2825881965984008
0.02 0 0.04 0.3217741272241153
0.02 0 0.05 0.42505347435284235
0.02 0 0.06 0.3670466367694946
0.02 0 0.07 0.43226799038939084
0.02 0 0.08 0.5156574627547853
0.02 0 0.09 0.3665703072944309
0.02 0 0.1 0.381457213054393
0.02 0 0.11 0.2946153885180596
0.02 0 0.12 0.2625077885611546
0.02 0 0.13 0.37125784768504133
0.02 0 0.14 0.27241084822699874
0.02 0 0.15 0.39897725510445053
0.02 0 0.16 0.2878905645518972
0.02 0 0.17 0.2414557190217281
0.02 0 0.18 0.24736807977788508
0.02 0 0.19 0.14179947273816018
0.02 0 0.2 0.1289969867887709
0.02 0 0.21 0.08928801133503039
0.02 0 0.22 0.06471209981250356
0.02 0 0.23 0.0695474916721588
0.02 0 0.24 0.057647010932706334
0.02 0 0.25 0.07005681900979557
0.02 0 0.26 0.07832014247861796
0.02 0 0.27 0.08296457968536014
0.02 0 0.28 0.12415106398468319
0.02 0 0.29 0.16452662152722472
0.02 0 0.3 0.17494453193990375
0.02 0 0.31 0.22865466643444152
0.02 0 0.32 0.23365642518485605
0.02 0 0.33 0.2821197097770204
0.02 0 0.34 0.37101749291365704
0.02 0 0.35000000000000003 0.2527856530449631
0.02 0 0.36 0.27543860213782045
0.02 0 0.37 0.1582574257834115
0.02 0 0.38 0.12592045360431478
0.02 0 0.39 0.11300707177274007
0.02 0 0.4 0.05656155720751239
0.02 0 0.41000000000000003 0.057687421538341735
0.02 0 0.42 0.05518510860099035
0.02 0 0.43 0.07877371043324125
0.02 0 0.44 0.16718502432044913
0.02 0 0.45 0.17255305570936602
0.02 0 0.46 0.30460303152074397
0.02 0 0.47000000000000003 0.32373068382640047
0.02 0 0.48 0.41863979914362787
0.02 0 0.49 0.5798405356965071
0.02 0 0.5 0.4705188622190911
0.03 0 0.0 0.07935708482349789
0.03 0 0.01 0.15453027202601757
0.03 0 0.02 0.14624442534698304
0.03 0 0.03 0.18103690985939247
0.03 0 0.04 0.16716668462815734
0.03 0 0.05 0.15380514864456066
0.03 0 0.06 0.254711278475869
0.03 0 0.07 0.23484701992583298
0.03 0 0.08 0.2999813985945921
0.03 0 0.09 0.3111028460151507
0.03 0 0.1 0.2487531071023455
0.03 0 0.11 0.3402265490566398
0.03 0 0.12 0.2218468991852819
0.03 0 0.13 0.2452034971072263
0.03 0 0.14 0.2625121100415805
0.03 0 0.15 0.22388527853422108
0.03 0 0.16 0.2760830252598369
0.03 0 0.17 0.20629396689679494
0.03 0 0.18 0.19642484566900567
0.03 0 0.19 0.19502334150402123
0.03 0 0.2 0.19429223937244153
0.03 0 0.21 0.2434921146610666
0.03 0 0.22 0.27382222140313034
0.03 0 0.23 0.22485670491632523
0.03 0 0.24 0.2585971335559255
0.03 0 0.25 0.24038890385107176
0.03 0 0.26 0.25888112529077745
0.03 0 0.27 0.3392910147984915
0.03 0 0.28 0.27355150060868116
0.03 0 0.29 0.28847927398061574
0.03 0 0.3 0.2758994972422969
0.03 0 0.31 0.23678094145103254
0.03 0 0.32 0.34032781827869846
0.03 0 0.33 0.18015367698134588
0.03 0 0.34 0.17397178336006702
0.03 0 0.35000000000000003 0.1384886422762433
0.03 0 0.36 0.11384475511417876
0.03 0 0.37 0.14593154313510623
0.03 0 0.38 0.0909810255091738
0.03 0 0.39 0.07992005098925956
0.03 0 0.4 0.07181976611721945
0.03 0 0.41000000000000003 0.07055758311623483
0.03 0 0.42 0.13206522430200207
0.03 0 0.43 0.14827436825618914
0.03 0 0.44 0.19856364755474704
0.03 0 0.45 0.27910494412866155
0.03 0 0.46 0.33926026119116304
0.03 0 0.47000000000000003 0.4721167772195223
0.03 0 0.48 0.5332606365736694
0.03 0 0.49 0.45300124750784615
0.03 0 0.5 0.4362410348654329
0.04 0 0.0 0.08609110336499144
0.04 0 0.01 0.0710010950810374
0.04 0 0.02 0.07309093061958406
0.04 0 0.03 0.054414368931557884
0.04 0 0.04 0.09160094222825467
0.04 0 0.05 0.09957177985913636
0.04 0 0.06 0.1567586381693932
0.04 0 0.07 0.2823394574713074
0.04 0 0.08 0.2996351863499431
0.04 0 0.09 0.3878589659199445
0.04 0 0.1 0.30243235087562126
0.04 0 0.11 0.22442237681964952
0.04 0 0.12 0.24632742137713343
0.04 0 0.13 0.23584472954651392
0.04 0 0.14 0.3167275054575525
0.04 0 0.15 0.3445862999232561
0.04 0 0.16 0.3705929714033647
0.04 0 0.17 0.45920438369941685
0.04 0 0.18 0.5296595450602137
0.04 0 0.19 0.4083837851744748
0.04 0 0.2 0.41159614942945394
0.04 0 0.21 0.24987093835876537
0.04 0 0.22 0.24660468903441882
0.04 0 0.23 0.31461526696850933
0.04 0 0.24 0.33449075260787675
0.04 0 0.25 0.5008972006706448
0.04 0 0.26 0.33844069615855554
0.04 0 0.27 0.2682138613091972
0.04 0 0.28 0.2822671619729122
0.04 0 0.29 0.21225809911289908
0.04 0 0.3 0.34937240200629066
0.04 0 0.31 0.26772551488838664
0.04 0 0.32 0.22194469619623486
0.04 0 0.33 0.2207348818860018
0.04 0 0.34 0.18774782042762606
0.04 0 0.35000000000000003 0.3234622216407034
0.04 0 0.36 0.34475164642053
0.04 0 0.37 0.38522399929856077
0.04 0 0.38 0.46326821184283257
0.04 0 0.39 0.42560969023265466
0.04 0 0.4 0.44665722772038874
0.04 0 0.41000000000000003 0.46877820579758717
0.04 0 0.42 0.3833275356881838
0.04 0 0.43 0.43813415452067134
0.04 0 0.44 0.46056679857890354
0.04 0 0.45 0.48455023598179875
0.04 0 0.46 0.5981385705118537
0.04 0 0.47000000000000003 0.48825546163683736
0.04 0 0.48 0.5090864946449778
0.04 0 0.49 0.5980041186535935
0.04 0 0.5 0.45830370707623314
0.05 0 0.0 0.05926826120053078
0.05 0 0.01 0.04608605931814384
0.05 0 0.02 0.06637835920180522
0.05 0 0.03 0.07017572924110187
0.05 0 0.04 0.07313990128059818
0.05 0 0.05 0.10484677698107606
0.05 0 0.06 0.13376119917253745
0.05 0 0.07 0.1693571431128354
0.05 0 0.08 0.20491601220438505
0.05 0 0.09 0.20535452504410978
0.05 0 0.1 0.2639892689886025
0.05 0 0.11 0.30669123962400996
0.05 0 0.12 0.29909422674020675
0.05 0 0.13 0.34012595903108095
0.05 0 0.14 0.349795464933598
0.05 0 0.15 0.4070059788651269
0.05 0 0.16 0.7102552602260154
0.05 0 0.17 0.6343844295114499
0.05 0 0.18 0.7264196021794356
0.05 0 0.19 0.5602806117416075
0.05 0 0.2 0.4720702174560363
0.05 0 0.21 0.7235929844087996
0.05 0 0.22 0.634912706802929
0.05 0 0.23 0.9603997941953806
0.05 0 0.24 0.737757552222229
0.05 0 0.25 0.4251064369428487
0.05 0 0.26 0.3691832846046721
0.05 0 0.27 0.2549333972143856
0.05 0 0.28 0.34995293038457587
0.05 0 0.29 0.4364077708113733
0.05 0 0.3 0.4165701424250278
0.05 0 0.31 0.47486067415701494
0.05 0 0.32 0.3084963240101772
0.05 0 0.33 0.29129150367955065
0.05 0 0.34 0.30199170532948605
0.05 0 0.35000000000000003 0.34473281583343973
0.05 0 0.36 0.49583489537216796
0.05 0 0.37 0.7944409364816356
0.05 0 0.38 0.8207544667404516
0.05 0 0.39 1.0064846407237906
0.05 0 0.4 0.7973588499799941
0.05 0 0.41000000000000003 0.7975741058859647
0.05 0 0.42 0.9842789013777938
0.05 0 0.43 0.8151841067619425
0.05 0 0.44 1.1455435499262352
0.05 0 0.45 1.0842772073997933
0.05 0 0.46 0.886259055712407
0.05 0 0.47000000000000003 1.035810341755568
0.05 0 0.48 0.5999439041745921
0.05 0 0.49 0.7390276478798212
0.05 0 0.5 0.6664340748508832
0.06 0 0.0 0.19417017118723218
0.06 0 0.01 0.1786273066357551
0.06 0 0.02 0.13949621769434367
0.06 0 0.03 0.12010717039765516
0.06 0 0.04 0.1272665550009482
0.06 0 0.05 0.132258506907633
0.06 0 0.06 0.1617666285921887
0.06 0 0.07 0.20016600387559746
0.06 0 0.08 0.22429053327560555
0.06 0 0.09 0.35924254637756
0.06 0 0.1 0.30056856184866654
0.06 0 0.11 0.2742990865873567
0.06 0 0.12 0.24944631074486012
0.06 0 0.13 0.1986431504267475
0.06 0 0.14 0.305408595595953
0.06 0 0.15 0.31943825775772744
0.06 0 0.16 0.42981616440535525
0.06 0 0.17 0.5397096943330204
0.06 0 0.18 0.37858446720498135
0.06 0 0.19 0.5192750494042917
0.06 0 0.2 0.41056330456980855
0.06 0 0.21 0.5516141142033001
0.06 0 0.22 0.7297593172039432
0.06 0 0.23 0.6976045914969279
0.06 0 0.24 0.7215799914833722
0.06 0 0.25 0.5573904139075708
0.06 0 0.26 0.5577417907729418
0.06 0 0.27 0.7977727701036635
0.06 0 0.28 0.8589051978093232
0.06 0 0.29 0.9962101929918477
0.06 0 0.3 0.9247232918639319
0.06 0 0.31 0.73912075114942
0.06 0 0.32 0.8072836673549454
0.06 0 0.33 1.0468572721426945
0.06 0 0.34 1.183378428336573
0.06 0 0.35000000000000003 1.6317786282108069
0.06 0 0.36 1.102340880043914
0.06 0 0.37 0.9849379536037653
0.06 0 0.38 0.81440760873957
0.06 0 0.39 0.5705492898506551
0.06 0 0.4 0.7944949957464782
0.06 0 0.41000000000000003 0.5496238890125518
0.06 0 0.42 0.6014556662291952
0.06 0 0.43 0.6679351533045234
0.06 0 0.44 0.612241265491188
0.06 0 0.45 0.9200936472058437
0.06 0 0.46 0.7460871471963294
0.06 0 0.47000000000000003 0.8947159215201125
0.06 0 0.48 1.2244167961704076
0.06 0 0.49 1.1384074948177356
0.06 0 0.5 1.5986695980666286
0.07 0 0.0 0.10904897769860264
0.07 0 0.01 0.08935094398608796
0.07 0 0.02 0.09890748218992372
0.07 0 0.03 0.10450720875944267
0.07 0 0.04 0.1042616518893279
0.07 0 0.05 0.15240076882344264
0.07 0 0.06 0.11333311249371157
0.07 0 0.07 0.13490615570891223
0.07 0 0.08 0.1060814634624119
0.07 0 0.09 0.09529581588189216
0.07 0 0.1 0.12278876859206436
0.07 0 0.11 0.11908614603072537
0.07 0 0.12 0.19669702426539393
0.07 0 0.13 0.24626568078510952
0.07 0 0.14 0.30295317276307177
0.07 0 0.15 0.5768329584687953
0.07 0 0.16 0.6045099747331047
0.07 0 0.17 0.8125492940924277
0.07 0 0.18 0.723574332741036
0.07 0 0.19 0.7332182872736754
0.07 0 0.2 0.9318046782311322
0.07 0 0.21 1.0378260080447677
0.07 0 0.22 1.1846252398818378
0.07 0 0.23 1.2865670213156748
0.07 0 0.24 1.2230349227208401
0.07 0 0.25 1.4245266476145735
0.07 0 0.26 1.6576792350092113
0.07 0 0.27 1.2270557389861811
0.07 0 0.28 1.1408578472764261
0.07 0 0.29 0.8754688175565726
0.07 0 0.3 0.9495202009617834
0.07 0 0.31 1.3494439860055834
0.07 0 0.32 1.1773318144645997
0.07 0 0.33 1.3604738349975394
0.07 0 0.34 0.854666287159631
0.07 0 0.35000000000000003 0.5761281709659325
0.07 0 0.36 0.7427180328417109
0.07 0 0.37 0.6579814216035602
0.07 0 0.38 1.3021298877021619
0.07 0 0.39 1.4088524675260674
0.07 0 0.4 1.579710457861809
0.07 0 0.41000000000000003 1.672563106173721
0.07 0 0.42 1.040378000443798
0.07 0 0.43 0.8963091562009144
0.07 0 0.44 0.6537488353380856
0.07 0 0.45 0.5254699680158406
0.07 0 0.46 0.7264703846807716
0.07 0 0.47000000000000003 0.7528184027021146
0.07 0 0.48 0.8028033955819263
0.07 0 0.49 0.7190263171689575
0.07 0 0.5 0.6668396404082961
0.08 0 0.0 0.09763657334427256
0.08 0 0.01 0.09539708601508695
0.08 0 0.02 0.07844292350245144
0.08 0 0.03 0.14217724832614367
0.08 0 0.04 0.15166341955880924
0.08 0 0.05 0.20903764565140392
0.08 0 0.06 0.24330486339821283
0.08 0 0.07 0.25814930717024737
0.08 0 0.08 0.48988213866997815
0.08 0 0.09 0.5816919530342912
0.08 0 0.1 0.6598376862041642
0.08 0 0.11 0.535218968998169
0.08 0 0.12 0.32055079889055194
0.08 0 0.13 0.2686176944579259
0.08 0 0.14 0.2371352770425402
0.08 0 0.15 0.2566866053255837
0.08 0 0.16 0.3037425368805419
0.08 0 0.17 0.34806442284685096
0.08 0 0.18 0.47591476591248616
0.08 0 0.19 0.6453219407914341
0.08 0 0.2 0.6165742784558703
0.08 0 0.21 0.6185045494495106
0.08 0 0.22 0.6891390463902496
0.08 0 0.23 0.6536864370609939
0.08 0 0.24 0.9444809406172182
0.08 0 0.25 0.6721725082693237
0.08 0 0.26 0.6592486012092292
0.08 0 0.27 0.5524876776721472
0.08 0 0.28 0.5151163048811325
0.08 0 0.29 0.8656461591858152
0.08 0 0.3 0.8390667058690763
0.08 0 0.31 1.0526508934668926
0.08 0 0.32 1.1943673441831164
0.08 0 0.33 0.9804099221097822
0.08 0 0.34 1.3697934202062754
0.08 0 0.35000000000000003 1.0961706097336292
0.08 0 0.36 1.4264210862069495
0.08 0 0.37 1.5776311176306983
0.08 0 0.38 1.6379674987038357
0.08 0 0.39 2.1787786986951154
0.08 0 0.4 1.8928126752871073
0.08 0 0.41000000000000003 1.3630103221575691
0.08 0 0.42 0.9955379492835856
0.08 0 0.43 0.7405802316314823
0.08 0 0.44 0.7431710087465384
0.08 0 0.45 0.8117110921668278
0.08 0 0.46 0.5642963099836344
0.08 0 0.47000000000000003 0.40173323865051946
0.08 0 0.48 0.23307137898028452
0.08 0 0.49 0.18483364458374454
0.08 0 0.5 0.27210239535346864
0.09 0 0.0 0.2633485374633208
0.09 0 0.01 0.31773297320223887
0.09 0 0.02 0.304866470323017
0.09 0 0.03 0.28519955380407724
0.09 0 0.04 0.31644225899482914
0.09 0 0.05 0.24277296284513986
0.09 0 0.06 0.27059816451941193
0.09 0 0.07 0.28297785520679214
0.09 0 0.08 0.3362052760766536
0.09 0 0.09 0.39048067919865515
0.09 0 0.1 0.5050173647067792
0.09 0 0.11 0.6088945342499567
0.09 0 0.12 0.8345717790689142
0.09 0 0.13 0.8515735728750248
0.09 0 0.14 1.0132048224030576
0.09 0 0.15 1.4140911410655375
0.09 0 0.16 1.6810432938042137
0.09 0 0.17 2.428886402699501
0.09 0 0.18 2.266622022633226
0.09 0 0.19 1.721968671717975
0.09 0 0.2 1.9837763864353066
0.09 0 0.21 1.7406260594003315
0.09 0 0.22 2.9861432957843808
0.09 0 0.23 2.61744400272014
0.09 0 0.24 2.3986127203712817
0.09 0 0.25 2.441991370343335
0.09 0 0.26 1.6173912624779212
0.09 0 0.27 1.648833875663449
0.09 0 0.28 1.1037417884997658
0.09 0 0.29 0.8519309122140136
0.09 0 0.3 0.8946594843005418
0.09 0 0.31 0.8851000889989481
0.09 0 0.32 1.3286284731653022
0.09 0 0.33 1.3475037405363723
0.09 0 0.34 1.1408045410453835
0.09 0 0.35000000000000003 1.084871117814175
0.09 0 0.36 1.0219592983875785
0.09 0 0.37 1.2829648041649995
0.09 0 0.38 1.8170679325576633
0.09 0 0.39 1.9572192757069997
0.09 0 0.4 1.6034187446966537
0.09 0 0.41000000000000003 1.2627773252955155
0.09 0 0.42 0.8211322123440916
0.09 0 0.43 0.9986839440044523
0.09 0 0.44 0.7389749479617461
0.09 0 0.45 0.6835577791952274
0.09 0 0.46 0.6159227947667725
0.09 0 0.47000000000000003 0.42595933117293466
0.09 0 0.48 0.5738686462603568
0.09 0 0.49 0.5610518019401237
0.09 0 0.5 0.6319299772544044
0.1 0 0.0 1.002574844304652
0.1 0 0.01 0.9258906427149931
0.1 0 0.02 1.0700320595852961
0.1 0 0.03 1.1129751408969297
0.1 0 0.04 1.065775252189573
0.1 0 0.05 0.9016183393445909
0.1 0 0.06 0.900227016891325
0.1 0 0.07 0.8852304620768454
0.1 0 0.08 1.4084240212473682
0.1 0 0.09 1.5737251038832623
0.1 0 0.1 2.130767993086653
0.1 0 0.11 2.177828406468105
0.1 0 0.12 1.68237803582107
0.1 0 0.13 2.2461740674021202
0.1 0 0.14 2.2724667362832833
0.1 0 0.15 2.9650848655906934
0.1 0 0.16 2.82088985528751
0.1 0 0.17 1.821061774753376
0.1 0 0.18 1.902763499570715
0.1 0 0.19 1.4090239546562486
0.1 0 0.2 1.8034243722812278
0.1 0 0.21 2.076198858300829
0.1 0 0.22 1.836249923489365
0.1 0 0.23 2.321187943726488
0.1 0 0.24 2.008731339889232
0.1 0 0.25 2.2217624502209383
0.1 0 0.26 1.807287997983207
0.1 0 0.27 1.5043410080609136
0.1 0 0.28 1.560055731852308
0.1 0 0.29 1.8177054142443507
0.1 0 0.3 2.130041117263954
0.1 0 0.31 2.80885125909003
0.1 0 0.32 2.5862350506108607
0.1 0 0.33 2.005502990692063
0.1 0 0.34 1.5126953733882684
0.1 0 0.35000000000000003 0.9817152966117884
0.1 0 0.36 0.8700564422082353
0.1 0 0.37 0.854777042975737
0.1 0 0.38 0.7898657172249903
0.1 0 0.39 1.1327669618233613
0.1 0 0.4 0.8830435802456817
0.1 0 0.41000000000000003 1.2731313903415369
0.1 0 0.42 1.3467981139735543
0.1 0 0.43 1.2243668164976904
0.1 0 0.44 1.4148166922031684
0.1 0 0.45 0.9663410822728223
0.1 0 0.46 1.073969130962486
0.1 0 0.47000000000000003 0.9276619573219753
0.1 0 0.48 0.7521911449571679
0.1 0 0.49 0.8424344990401463
0.1 0 0.5 0.5747364200971579
0.11 0 0.0 1.2692370939490516
0.11 0 0.01 1.6170863369204194
0.11 0 0.02 1.5399966931922655
0.11 0 0.03 1.3155943967065995
0.11 0 0.04 1.4253904291109323
0.11 0 0.05 1.111841064786563
0.11 0 0.06 1.545356258822402
0.11 0 0.07 1.5063692791608236
0.11 0 0.08 1.2468904176343405
0.11 0 0.09 1.2569404804278725
0.11 0 0.1 0.7834205867328499
0.11 0 0.11 1.0218581514262357
0.11 0 0.12 1.0746605184686109
0.11 0 0.13 1.4753378404619155
0.11 0 0.14 1.8666638572552179
0.11 0 0.15 1.3563960734407172
0.11 0 0.16 1.3342052060706198
0.11 0 0.17 1.2953074250819336
0.11 0 0.18 1.5129257574296964
0.11 0 0.19 2.1862134869239873
0.11 0 0.2 2.2170417298513407
0.11 0 0.21 2.35910625586841
0.11 0 0.22 1.8042474326168545
0.11 0 0.23 1.5458473206100654
0.11 0 0.24 1.4391781448626337
0.11 0 0.25 1.6254980751063421
0.11 0 0.26 1.5149734194289528
0.11 0 0.27 1.7389733912694159
0.11 0 0.28 1.3285832084382723
0.11 0 0.29 1.1813024099811624
0.11 0 0.3 1.2938682872967078
0.11 0 0.31 1.1274268224989663
0.11 0 0.32 1.1654459041512617
0.11 0 0.33 0.6602062213551535
0.11 0 0.34 0.44501394255121635
0.11 0 0.35000000000000003 0.4177894941467917
0.11 0 0.36 0.33168761112303136
0.11 0 0.37 0.5296032242709318
0.11 0 0.38 0.5384728445325815
0.11 0 0.39 0.6878378822126524
0.11 0 0.4 1.0050281614518
0.11 0 0.41000000000000003 1.1059084195444777
0.11 0 0.42 1.8695041462839714
0.11 0 0.43 1.75282386995006
0.11 0 0.44 2.0880441593587524
0.11 0 0.45 2.3836016606827597
0.11 0 0.46 2.335688690613067
0.11 0 0.47000000000000003 2.632113597218893
0.11 0 0.48 2.728673088137098
0.11 0 0.49 2.603852306098069
0.11 0 0.5 2.9038524575308036
0.12 0 0.0 1.0453225197634235
0.12 0 0.01 0.7495159532285892
0.12 0 0.02 0.9576607718830418
0.12 0 0.03 0.8813928011143003
0.12 0 0.04 1.0769684208096373
0.12 0 0.05 1.2103433429204067
0.12 0 0.06 0.8365805619021396
0.12 0 0.07 0.843419775119794
0.12 0 0.08 0.4752063411401421
0.12 0 0.09 0.4676043244580586
0.12 0 0.1 0.46149203297053304
0.12 0 0.11 0.49302886575943405
0.12 0 0.12 0.6325783592986178
0.12 0 0.13 0.6310319495546509
0.12 0 0.14 0.5665805893414174
0.12 0 0.15 0.5645853540445104
0.12 0 0.16 0.6198798502995075
0.12 0 0.17 0.8341773944197804
0.12 0 0.18 1.0718405653535252
0.12 0 0.19 1.0540815922794902
0.12 0 0.2 0.9945224685813806
0.12 0 0.21 0.8477782845244469
0.12 0 0.22 0.7257811170138984
0.12 0 0.23 1.0658696006578767
0.12 0 0.24 1.0512653533539809
0.12 0 0.25 1.146015929615059
0.12 0 0.26 0.9136602046585856
0.12 0 0.27 0.6163082534340782
0.12 0 0.28 0.7454675583010689
0.12 0 0.29 0.5886822041103573
0.12 0 0.3 0.7702735691105078
0.12 0 0.31 0.6797571030386025
0.12 0 0.32 0.6030124225996017
0.12 0 0.33 0.8670029854682636
0.12 0 0.34 0.8895791564657622
0.12 0 0.35000000000000003 0.9577482425864057
0.12 0 0.36 0.6409496281628114
0.12 0 0.37 0.3657302980898195
0.12 0 0.38 0.34824626993679414
0.12 0 0.39 0.30903515481164545
0.12 0 0.4 0.4640651046890528
0.12 0 0.41000000000000003 0.5860265362946128
0.12 0 0.42 0.7287840923192059
0.12 0 0.43 0.8764213255411226
0.12 0 0.44 1.2090035406842146
0.12 0 0.45 1.4248161677045992
0.12 0 0.46 1.968951074018173
0.12 0 0.47000000000000003 2.241621115027615
0.12 0 0.48 2.6704257069546258
0.12 0 0.49 3.3277161503808923
0.12 0 0.5 2.8833071741730087
0.13 0 0.0 0.39565955281585513
0.13 0 0.01 0.5230209282912819
0.13 0 0.02 0.6459237789976714
0.13 0 0.03 0.8674185575732823
0.13 0 0.04 0.7364296982922625
0.13 0 0.05 0.9212834684966029
0.13 0 0.06 0.7952782529707682
0.13 0 0.07 0.5519254898775493
0.13 0 0.08 0.39369046655011947
0.13 0 0.09 0.32419764976110454
0.13 0 0.1 0.36368573633829226
0.13 0 0.11 0.5417153037552225
0.13 0 0.12 0.6808709394459819
0.13 0 0.13 0.7129053196399024
0.13 0 0.14 0.7024671682026553
0.13 0 0.15 0.5184812864762862
0.13 0 0.16 0.641133560061658
0.13 0 0.17 0.5538286593752331
0.13 0 0.18 0.5810701257429562
0.13 0 0.19 0.7420800878041032
0.13 0 0.2 0.7380702083292688
0.13 0 0.21 1.2111709178927272
0.13 0 0.22 1.332366297476671
0.13 0 0.23 1.3134904709741582
0.13 0 0.24 1.2562504269450312
0.13 0 0.25 0.7122663400244275
0.13 0 0.26 0.8922575567127369
0.13 0 0.27 0.7270593160274897
0.13 0 0.28 0.7269650867005516
0.13 0 0.29 0.649986120572382
0.13 0 0.3 0.5308603798087874
0.13 0 0.31 0.6436036293774815
0.13 0 0.32 0.6922111485052255
0.13 0 0.33 0.6543822889585614
0.13 0 0.34 0.49021860825057223
0.13 0 0.35000000000000003 0.27764827067166997
0.13 0 0.36 0.22264747996950257
0.13 0 0.37 0.23177716684586636
0.13 0 0.38 0.2622861184137364
0.13 0 0.39 0.3088227161118695
0.13 0 0.4 0.38450566244515666
0.13 0 0.41000000000000003 0.3789844279597269
0.13 0 0.42 0.46360189592014783
0.13 0 0.43 0.41078265402774833
0.13 0 0.44 0.47272136701966233
0.13 0 0.45 0.6636842527506112
0.13 0 0.46 0.8296732685106578
0.13 0 0.47000000000000003 1.889042280098318
0.13 0 0.48 2.1611619014577985
0.13 0 0.49 2.7407021583485727
0.13 0 0.5 2.8085317281875692
0.14 0 0.0 0.823116740106054
0.14 0 0.01 0.7567458225778989
0.14 0 0.02 0.715600517339447
0.14 0 0.03 0.7883057516150398
0.14 0 0.04 1.109772669436849
0.14 0 0.05 1.0106357897698843
0.14 0 0.06 0.6842437387512192
0.14 0 0.07 0.49616770268463595
0.14 0 0.08 0.3616037131406583
0.14 0 0.09 0.40739841784281416
0.14 0 0.1 0.44414303177217396
0.14 0 0.11 0.3682248777575612
0.14 0 0.12 0.5143004676911979
0.14 0 0.13 0.3893919833740935
0.14 0 0.14 0.5255949230464421
0.14 0 0.15 0.5310181825577053
0.14 0 0.16 0.44881329774938783
0.14 0 0.17 0.5151806489527407
0.14 0 0.18 0.39455593500789277
0.14 0 0.19 0.481808849165022
0.14 0 0.2 0.4781219002804687
0.14 0 0.21 0.34199135250992
0.14 0 0.22 0.34263273185344517
0.14 0 0.23 0.2286702290296864
0.14 0 0.24 0.27071514744329667
0.14 0 0.25 0.3404479205482321
0.14 0 0.26 0.4322585371348916
0.14 0 0.27 0.527639592524384
0.14 0 0.28 0.5156491998557609
0.14 0 0.29 0.5541828395456728
0.14 0 0.3 0.6240395036738585
0.14 0 0.31 0.6103723728596472
0.14 0 0.32 0.5670359789059273
0.14 0 0.33 0.6578848142783196
0.14 0 0.34 0.6002950122051014
0.14 0 0.35000000000000003 0.7294140245601665
0.14 0 0.36 0.6380931703069914
0.14 0 0.37 0.4970263290537247
0.14 0 0.38 0.5215661895605574
0.14 0 0.39 0.47993685205303566
0.14 0 0.4 0.7372277694937222
0.14 0 0.41000000000000003 0.8390691721846054
0.14 0 0.42 0.7385813015202306
0.14 0 0.43 0.9559807321968021
0.14 0 0.44 0.7067738529526021
0.14 0 0.45 0.9824496001166206
0.14 0 0.46 0.9106328907628095
0.14 0 0.47000000000000003 0.8879083291585087
0.14 0 0.48 0.8300638480326261
0.14 0 0.49 0.5415663305865485
0.14 0 0.5 0.5316388236733322
0.15 0 0.0 0.5874145447975476
0.15 0 0.01 0.4328530319447716
0.15 0 0.02 0.43363230025811395
0.15 0 0.03 0.4074939196242972
0.15 0 0.04 0.2807247296258964
0.15 0 0.05 0.2998418963289883
0.15 0 0.06 0.22284372635125238
0.15 0 0.07 0.19944283628367312
0.15 0 0.08 0.22288484186520602
0.15 0 0.09 0.14934926562234274
0.15 0 0.1 0.24118707193721603
0.15 0 0.11 0.27888437223279444
0.15 0 0.12 0.4257063221261622
0.15 0 0.13 0.5874584918345557
0.15 0 0.14 0.4438743385164094
0.15 0 0.15 0.4957407659547054
0.15 0 0.16 0.3479348872078963
0.15 0 0.17 0.2994772082197933
0.15 0 0.18 0.30607318099497194
0.15 0 0.19 0.2567596472022528
0.15 0 0.2 0.2723055587125703
0.15 0 0.21 0.2903725218342007
0.15 0 0.22 0.3266964600127311
0.15 0 0.23 0.43397618281829453
0.15 0 0.24 0.48351228164119436
0.15 0 0.25 0.5138063248729126
0.15 0 0.26 0.5564103707832109
0.15 0 0.27 0.49196665682823815
0.15 0 0.28 0.49369689568928643
0.15 0 0.29 0.5881106569669218
0.15 0 0.3 0.4939046331298226
0.15 0 0.31 0.7955886910527711
0.15 0 0.32 0.8387700076090471
0.15 0 0.33 1.1194352496590452
0.15 0 0.34 1.0765211716158956
0.15 0 0.35000000000000003 0.6797561335892707
0.15 0 0.36 0.7261298927025979
0.15 0 0.37 0.6089519911452611
0.15 0 0.38 0.782931980540998
0.15 0 0.39 1.14639548390686
0.15 0 0.4 1.0447201833015962
0.15 0 0.41000000000000003 1.4098657336015417
0.15 0 0.42 1.1851475752807026
0.15 0 0.43 1.453238782150654
0.15 0 0.44 1.6774656377784272
0.15 0 0.45 1.709043480409852
0.15 0 0.46 1.9811993152385445
0.15 0 0.47000000000000003 1.576340154969911
0.15 0 0.48 1.2066670285493784
0.15 0 0.49 1.0673849225769987
0.15 0 0.5 1.1307427694763894
0.16 0 0.0 0.5165161460858274
0.16 0 0.01 0.5886233929216751
0.16 0 0.02 0.3394601846263104
0.16 0 0.03 0.3875316001688818
0.16 0 0.04 0.35475567815177916
0.16 0 0.05 0.26719664092822015
0.16 0 0.06 0.2828401754718382
0.16 0 0.07 0.17928627195000704
0.16 0 0.08 0.21869747799586275
0.16 0 0.09 0.2665390650158719
0.16 0 0.1 0.3027024881460857
0.16 0 0.11 0.5075200670478541
0.16 0 0.12 0.4971973465457948
0.16 0 0.13 0.6962710524722192
0.16 0 0.14 0.8815856084495158
0.16 0 0.15 0.9604141935940596
0.16 0 0.16 0.9195006620520099
0.16 0 0.17 0.7922292237269646
0.16 0 0.18 0.5518059215790118
0.16 0 0.19 0.5309279326696443
0.16 0 0.2 0.45737863043292887
0.16 0 0.21 0.5462644563406955
0.16 0 0.22 0.7503421117117476
0.16 0 0.23 0.6331466961101115
0.16 0 0.24 0.6533642697031514
0.16 0 0.25 0.5480475078655083
0.16 0 0.26 0.4675264394229338
0.16 0 0.27 0.7380580418231357
0.16 0 0.28 0.6682465862621693
0.16 0 0.29 0.9404698514386541
0.16 0 0.3 0.6986863888920795
0.16 0 0.31 0.489176310651301
0.16 0 0.32 0.5283096185772036
0.16 0 0.33 0.42885150537295247
0.16 0 0.34 0.7479352968580443
0.16 0 0.35000000000000003 1.1285609014214786
0.16 0 0.36 1.5482570988203983
0.16 0 0.37 2.1524089671839683
0.16 0 0.38 2.0624004790047463
0.16 0 0.39 2.5773128947686383
0.16 0 0.4 2.854662131119002
0.16 0 0.41000000000000003 2.852452240216062
0.16 0 0.42 3.3984846877230006
0.16 0 0.43 3.525812910268814
0.16 0 0.44 3.4908924558181296
0.16 0 0.45 3.1890212749786135
0.16 0 0.46 2.4234189452101633
0.16 0 0.47000000000000003 1.755386803554905
0.16 0 0.48 1.9747683746867972
0.16 0 0.49 1.7257394479079815
0.16 0 0.5 2.064912651635318
0.17 0 0.0 0.4563469955518473
0.17 0 0.01 0.5160005358104096
0.17 0 0.02 0.5958631889006097
0.17 0 0.03 0.5150741900564264
0.17 0 0.04 0.6604746288242156
0.17 0 0.05 0.6134664893551793
0.17 0 0.06 0.6613262857169627
0.17 0 0.07 0.8778863715541009
0.17 0 0.08 0.6953682672355932
0.17 0 0.09 0.6771257819745808
0.17 0 0.1 0.6272680485730542
0.17 0 0.11 0.6883514244852699
0.17 0 0.12 0.9901882856936031
0.17 0 0.13 1.4309808922799272
0.17 0 0.14 1.53400313190826
0.17 0 0.15 1.7273455293274729
0.17 0 0.16 0.9438183545540919
0.17 0 0.17 0.6765325133519237
0.17 0 0.18 0.5196778374939094
0.17 0 0.19 0.40638572168599146
0.17 0 0.2 0.693169190541615
0.17 0 0.21 0.5883329753272472
0.17 0 0.22 0.4757949909582514
0.17 0 0.23 0.2939791667866908
0.17 0 0.24 0.15894807590308427
0.17 0 0.25 0.23863183041585664
0.17 0 0.26 0.276301923997285
0.17 0 0.27 0.4271957144525713
0.17 0 0.28 0.5178883285667171
0.17 0 0.29 0.34679911090987986
0.17 0 0.3 0.4367636682279966
0.17 0 0.31 0.49143564362773473
0.17 0 0.32 0.8942614472501501
0.17 0 0.33 1.3845953690477313
0.17 0 0.34 1.5210640271243219
0.17 0 0.35000000000000003 1.4901333275420998
0.17 0 0.36 1.4172194200453987
0.17 0 0.37 1.299885315771573
0.17 0 0.38 1.6557034186648898
0.17 0 0.39 1.6639914309191652
0.17 0 0.4 1.633947935678894
0.17 0 0.41000000000000003 2.155369787360341
0.17 0 0.42 2.4254456421128263
0.17 0 0.43 2.926569249350138
0.17 0 0.44 2.9463416453350595
0.17 0 0.45 2.1791824045499393
0.17 0 0.46 3.3299125722338405
0.17 0 0.47000000000000003 3.530607474292354
0.17 0 0.48 6.348463953774697
0.17 0 0.49 8.100876192107362
0.17 0 0.5 6.430527027851021
0.18 0 0.0 1.8738619012503765
0.18 0 0.01 1.1359478345937932
0.18 0 0.02 0.9466129754545334
0.18 0 0.03 0.9968513057936306
0.18 0 0.04 0.9140741487181312
0.18 0 0.05 0.9984242577236682
0.18 0 0.06 0.9213030212626655
0.18 0 0.07 0.6910725282154353
0.18 0 0.08 0.7022226048019748
0.18 0 0.09 0.5637006872397646
0.18 0 0.1 0.5114565078809572
0.18 0 0.11 0.5322990924612698
0.18 0 0.12 0.39988627064546234
0.18 0 0.13 0.6469199114828836
0.18 0 0.14 0.7564904451305633
0.18 0 0.15 0.7587370913372773
0.18 0 0.16 0.9892847886722423
0.18 0 0.17 0.6882992830608514
0.18 0 0.18 1.1483002393425559
0.18 0 0.19 1.174697436692988
0.18 0 0.2 1.1239056602706927
0.18 0 0.21 0.989931988197506
0.18 0 0.22 0.5016338312500173
0.18 0 0.23 0.5073811188430193
0.18 0 0.24 0.5417316188614947
0.18 0 0.25 0.526044037265334
0.18 0 0.26 0.6240095539249992
0.18 0 0.27 0.47149111509675534
0.18 0 0.28 0.5337650504791022
0.18 0 0.29 0.6344118432410074
0.18 0 0.3 0.8412232309807961
0.18 0 0.31 1.15450419277127
0.18 0 0.32 1.3514749432678264
0.18 0 0.33 1.1796098438109393
0.18 0 0.34 1.5642109304367984
0.18 0 0.35000000000000003 1.5484902440452326
0.18 0 0.36 1.6764366853227466
0.18 0 0.37 1.888105681364201
0.18 0 0.38 1.386255950578187
0.18 0 0.39 1.8381201832599199
0.18 0 0.4 1.8974501628558622
0.18 0 0.41000000000000003 2.4106201696828604
0.18 0 0.42 3.4780674066673813
0.18 0 0.43 2.7260620937978226
0.18 0 0.44 4.255750057659627
0.18 0 0.45 4.948022460948097
0.18 0 0.46 6.21451532083958
0.18 0 0.47000000000000003 9.341585089092385
0.18 0 0.48 7.993948702250341
0.18 0 0.49 10.701265714076486
0.18 0 0.5 7.786391849296627
0.19 0 0.0 0.8754582653358141
0.19 0 0.01 1.1058871374923278
0.19 0 0.02 1.2492056743105806
0.19 0 0.03 1.0429282045887192
0.19 0 0.04 1.1671949736632736
0.19 0 0.05 0.8453526296746469
0.19 0 0.06 1.2220362863405612
0.19 0 0.07 1.336860920534239
0.19 0 0.08 0.9797914793616477
0.19 0 0.09 0.9642915983642311
0.19 0 0.1 0.563438098594386
0.19 0 0.11 0.6852918200915803
0.19 0 0.12 1.1051864950494694
0.19 0 0.13 1.168366037532123
0.19 0 0.14 1.7882070949200783
0.19 0 0.15 1.101304527033084
0.19 0 0.16 1.2585737378856727
0.19 0 0.17 1.3958984360146391
0.19 0 0.18 1.234074983161371
0.19 0 0.19 1.444501656194052
0.19 0 0.2 1.2088319620706014
0.19 0 0.21 1.2236171107138807
0.19 0 0.22 1.5357353595356318
0.19 0 0.23 1.5195387556531186
0.19 0 0.24 1.6219269442415782
0.19 0 0.25 1.4847978755436562
0.19 0 0.26 1.2181880411344823
0.19 0 0.27 1.3543486447478181
0.19 0 0.28 1.206581026445454
0.19 0 0.29 0.9839035932688851
0.19 0 0.3 1.1070604995437938
0.19 0 0.31 0.8037178235899886
0.19 0 0.32 0.9219109388730019
0.19 0 0.33 1.055150778045418
0.19 0 0.34 1.0325785691037588
0.19 0 0.35000000000000003 1.7923492721915182
0.19 0 0.36 1.5276796786455134
0.19 0 0.37 2.4471796375037753
0.19 0 0.38 2.824713505810108
0.19 0 0.39 2.49569569082303
0.19 0 0.4 3.1899778707583133
0.19 0 0.41000000000000003 2.5542625595635062
0.19 0 0.42 3.2251140042080095
0.19 0 0.43 4.46410467923527
0.19 0 0.44 4.928207116303846
0.19 0 0.45 7.7649982446191474
0.19 0 0.46 7.437962174430418
0.19 0 0.47000000000000003 10.096468969724837
0.19 0 0.48 12.158904691520982
0.19 0 0.49 10.735989349863738
0.19 0 0.5 7.754457270867384
0.2 0 0.0 4.009895497065165
0.2 0 0.01 3.0720340700073443
0.2 0 0.02 4.676824333713915
0.2 0 0.03 3.8268546003073856
0.2 0 0.04 4.3519567666911785
0.2 0 0.05 5.840684307003264
0.2 0 0.06 3.9941239131183157
0.2 0 0.07 4.172271123416849
0.2 0 0.08 2.6495621241801603
0.2 0 0.09 2.042451234758244
0.2 0 0.1 2.0226899234955034
0.2 0 0.11 1.0361443013784157
0.2 0 0.12 0.8427098948345471
0.2 0 0.13 0.527432529795072
0.2 0 0.14 0.4669039602241218
0.2 0 0.15 0.7431340430566308
0.2 0 0.16 0.9812203141172787
0.2 0 0.17 1.3769468970611258
0.2 0 0.18 1.6244196074610273
0.2 0 0.19 1.6403205137635177
0.2 0 0.2 1.890944782823856
0.2 0 0.21 2.0178041299193645
0.2 0 0.22 1.66460015943353
0.2 0 0.23 2.1098648475022133
0.2 0 0.24 1.5122716557974474
0.2 0 0.25 1.3640095338075047
0.2 0 0.26 1.2251177291403021
0.2 0 0.27 0.7942916630409536
0.2 0 0.28 0.9763773762407874
0.2 0 0.29 0.8497963086962583
0.2 0 0.3 0.8660970266142916
0.2 0 0.31 1.031389785051572
0.2 0 0.32 0.6560450853734339
0.2 0 0.33 1.0444982154448756
0.2 0 0.34 1.022909940041527
0.2 0 0.35000000000000003 1.467187932131461
0.2 0 0.36 2.357248322868323
0.2 0 0.37 2.356268801197046
0.2 0 0.38 2.976620825194091
0.2 0 0.39 2.7257940123072757
0.2 0 0.4 2.8463029514037257
0.2 0 0.41000000000000003 3.9682108198103894
0.2 0 0.42 3.8686244246193904
0.2 0 0.43 3.974413229737166
0.2 0 0.44 3.3952850084461823
0.2 0 0.45 2.329728491131486
0.2 0 0.46 2.122116163642599
0.2 0 0.47000000000000003 2.184510672777062
0.2 0 0.48 2.0746549419862697
0.2 0 0.49 2.7419650527493733
0.2 0 0.5 2.464242302989476
0.21 0 0.0 2.5765481509673998
0.21 0 0.01 3.7225990021628297
0.21 0 0.02 4.058779652345556
0.21 0 0.03 6.384951912120806
0.21 0 0.04 5.172144224978842
0.21 0 0.05 7.239918414444505
0.21 0 0.06 8.515821799556226
0.21 0 0.07 8.668625609168805
0.21 0 0.08 10.362088097091492
0.21 0 0.09 6.631709733308975
0.21 0 0.1 3.3466612426988815
0.21 0 0.11 1.8731733301439903
0.21 0 0.12 1.0203697380756944
0.21 0 0.13 0.9622951370125483
0.21 0 0.14 1.0209434861649795
0.21 0 0.15 0.9910052029171771
0.21 0 0.16 1.0747569897587157
0.21 0 0.17 0.8965437100160145
0.21 0 0.18 0.7162365225291636
0.21 0 0.19 0.9803775405746431
0.21 0 0.2 0.7985216970571213
0.21 0 0.21 1.347272056707222
0.21 0 0.22 1.4800636141396522
0.21 0 0.23 1.260609716380518
0.21 0 0.24 1.2770738549834884
0.21 0 0.25 0.709473783450816
0.21 0 0.26 0.8146223685718115
0.21 0 0.27 0.8041537035413662
0.21 0 0.28 0.6760647048607858
0.21 0 0.29 0.9364354106419353
0.21 0 0.3 0.6691541039545139
0.21 0 0.31 0.7829004320461632
0.21 0 0.32 0.7698229358551177
0.21 0 0.33 0.6502991855662519
0.21 0 0.34 0.7651812683819678
0.21 0 0.35000000000000003 0.7177965516939966
0.21 0 0.36 0.943333283063368
0.21 0 0.37 1.2750122209747055
0.21 0 0.38 1.3491840335759917
0.21 0 0.39 1.5038529406245293
0.21 0 0.4 1.6744329434727132
0.21 0 0.41000000000000003 1.2350134176165144
0.21 0 0.42 1.2860442233169638
0.21 0 0.43 0.9862149673436007
0.21 0 0.44 0.9102956187667044
0.21 0 0.45 1.183647014114502
0.21 0 0.46 1.1879610119073165
0.21 0 0.47000000000000003 2.0872818088864684
0.21 0 0.48 2.6260115571890226
0.21 0 0.49 2.5742484511098187
0.21 0 0.5 3.920780493853059
0.22 0 0.0 3.2552916290399763
0.22 0 0.01 4.554741230959889
0.22 0 0.02 3.8377580386493357
0.22 0 0.03 4.134414561538042
0.22 0 0.04 5.3258873373666775
0.22 0 0.05 6.114376323797197
0.22 0 0.06 6.712519811594839
0.22 0 0.07 7.485432567124901
0.22 0 0.08 5.268504000411703
0.22 0 0.09 4.0235312346339756
0.22 0 0.1 2.415573376835173
0.22 0 0.11 1.4105383693440332
0.22 0 0.12 1.2525478734751294
0.22 0 0.13 0.7938241086526686
0.22 0 0.14 0.7508826560527065
0.22 0 0.15 0.8463392686780348
0.22 0 0.16 0.6524691371612655
0.22 0 0.17 1.0220784365500064
0.22 0 0.18 0.8812625933966381
0.22 0 0.19 1.074023693871836
0.22 0 0.2 1.2565418699804998
0.22 0 0.21 0.9118430420134589
0.22 0 0.22 1.3242432999892115
0.22 0 0.23 1.0793668844331459
0.22 0 0.24 1.2698566345965205
0.22 0 0.25 1.4737985859008547
0.22 0 0.26 1.074701633201508
0.22 0 0.27 1.1323330054110095
0.22 0 0.28 1.0894221573119742
0.22 0 0.29 1.179687336259107
0.22 0 0.3 1.3485558717195598
0.22 0 0.31 0.8964512712318797
0.22 0 0.32 0.7536271697481478
0.22 0 0.33 0.7696443793472961
0.22 0 0.34 0.9010231370024754
0.22 0 0.35000000000000003 1.3556332058163714
0.22 0 0.36 1.633569280387063
0.22 0 0.37 1.1386211958657952
0.22 0 0.38 1.212739212350906
0.22 0 0.39 0.7898613553217895
0.22 0 0.4 0.8909765098710154
0.22 0 0.41000000000000003 0.9146948246625936
0.22 0 0.42 0.7781478519488434
0.22 0 0.43 1.2587018201724094
0.22 0 0.44 1.1486826480708057
0.22 0 0.45 1.4662948523424415
0.22 0 0.46 1.7880731657451334
0.22 0 0.47000000000000003 1.189705865031638
0.22 0 0.48 1.4378853925197383
0.22 0 0.49 1.0675645053426221
0.22 0 0.5 1.2932520191448875
0.23 0 0.0 3.432641752904553
0.23 0 0.01 3.6958548264579676
0.23 0 0.02 4.179904790679766
0.23 0 0.03 4.588102003344123
0.23 0 0.04 3.4734403513817838
0.23 0 0.05 3.642989305408213
0.23 0 0.06 2.988065635079043
0.23 0 0.07 2.6053061087368437
0.23 0 0.08 2.8072493841683386
0.23 0 0.09 1.6175351108635343
0.23 0 0.1 1.7406036741254336
0.23 0 0.11 1.2307042441955143
0.23 0 0.12 0.8757915711742887
0.23 0 0.13 0.8917675430207735
0.23 0 0.14 0.6012237526359114
0.23 0 0.15 0.8179463446517962
0.23 0 0.16 0.8508679757324548
0.23 0 0.17 0.7919669925227973
0.23 0 0.18 0.9993417744098149
0.23 0 0.19 0.6027958273223687
0.23 0 0.2 0.6954516557936538
0.23 0 0.21 0.7504432912220368
0.23 0 0.22 0.9230688819250615
0.23 0 0.23 1.1634315807266011
0.23 0 0.24 1.0174461469726468
0.23 0 0.25 0.881724183660062
0.23 0 0.26 1.021985720333326
0.23 0 0.27 1.0713110373053705
0.23 0 0.28 1.4394546382210933
0.23 0 0.29 1.4608463146169903
0.23 0 0.3 1.0970540084301545
0.23 0 0.31 1.378830192803841
0.23 0 0.32 1.572429475746718
0.23 0 0.33 1.771290803904818
0.23 0 0.34 2.1292932579025803
0.23 0 0.35000000000000003 1.2812153687995163
0.23 0 0.36 1.6019338702128354
0.23 0 0.37 1.460580413492533
0.23 0 0.38 1.6647300389735449
0.23 0 0.39 2.4806221944716262
0.23 0 0.4 1.6257002703740082
0.23 0 0.41000000000000003 1.9821526651955312
0.23 0 0.42 1.603254488088069
0.23 0 0.43 1.4277319028102042
0.23 0 0.44 1.6396076102462647
0.23 0 0.45 1.2208384308246167
0.23 0 0.46 1.474717819297144
0.23 0 0.47000000000000003 1.6210662009850998
0.23 0 0.48 1.7907977171555787
0.23 0 0.49 2.8654354953162606
0.23 0 0.5 2.7475594635638143
0.24 0 0.0 3.3412592402701704
0.24 0 0.01 3.9665002055885195
0.24 0 0.02 2.9183092012150285
0.24 0 0.03 3.13782002553149
0.24 0 0.04 3.51362309650861
0.24 0 0.05 2.2743818621620364
0.24 0 0.06 2.6084884420379066
0.24 0 0.07 1.617844149565576
0.24 0 0.08 1.9263848161194945
0.24 0 0.09 2.0170516558265508
0.24 0 0.1 1.3692087290735246
0.24 0 0.11 1.0034884094742693
0.24 0 0.12 0.4000777419757451
0.24 0 0.13 0.2636766484968166
0.24 0 0.14 0.28309136620432085
0.24 0 0.15 0.2817042256037275
0.24 0 0.16 0.43730877582792316
0.24 0 0.17 0.4399399046183095
0.24 0 0.18 0.4851942476210368
0.24 0 0.19 0.6113718059476428
0.24 0 0.2 0.8027329690797887
0.24 0 0.21 1.058901407101057
0.24 0 0.22 1.19402627031459
0.24 0 0.23 0.8461852348784232
0.24 0 0.24 0.8753409961775982
0.24 0 0.25 0.9045556723046927
0.24 0 0.26 0.8561935107420395
0.24 0 0.27 1.18881747892637
0.24 0 0.28 0.8981214988991912
0.24 0 0.29 1.1440799127868033
0.24 0 0.3 1.3680042128904075
0.24 0 0.31 1.35818907303288
0.24 0 0.32 1.9359835182991907
0.24 0 0.33 1.2802209256137547
0.24 0 0.34 1.3919986717085346
0.24 0 0.35000000000000003 1.610493619325832
0.24 0 0.36 1.3570582246240321
0.24 0 0.37 2.195051667820217
0.24 0 0.38 1.840499103792196
0.24 0 0.39 2.2476435088560787
0.24 0 0.4 2.007909906243044
0.24 0 0.41000000000000003 1.3814071507871695
0.24 0 0.42 1.21519861292519
0.24 0 0.43 0.9318917005012426
0.24 0 0.44 0.8131560613209691
0.24 0 0.45 0.9537761149487362
0.24 0 0.46 0.7760778805757758
0.24 0 0.47000000000000003 0.7033176328627602
0.24 0 0.48 0.6699777218992192
0.24 0 0.49 0.5692241745431712
0.24 0 0.5 0.6804981980315998
0.25 0 0.0 0.9920287896222733
0.25 0 0.01 0.9340308652615288
0.25 0 0.02 1.5120234982575211
0.25 0 0.03 1.233354916003784
0.25 0 0.04 1.4517879299327325
0.25 0 0.05 1.056224008337723
0.25 0 0.06 1.1252027259549633
0.25 0 0.07 1.6687769659046205
0.25 0 0.08 1.6031460123427725
0.25 0 0.09 1.6973210061227608
0.25 0 0.1 1.2005603792993869
0.25 0 0.11 0.7692575060136008
0.25 0 0.12 0.6310900921343664
0.25 0 0.13 0.5089967980469566
0.25 0 0.14 0.4215163669305428
0.25 0 0.15 0.3648527938095709
0.25 0 0.16 0.2688001538027458
0.25 0 0.17 0.272575486797519
0.25 0 0.18 0.31862966321789093
0.25 0 0.19 0.3214452417414946
0.25 0 0.2 0.4437970297102711
0.25 0 0.21 0.3873136870231288
0.25 0 0.22 0.3499636898782592
0.25 0 0.23 0.4625598595631257
0.25 0 0.24 0.3720869180911063
0.25 0 0.25 0.5520573276123654
0.25 0 0.26 0.39429102843126346
0.25 0 0.27 0.3645620933102603
0.25 0 0.28 0.3964665570574889
0.25 0 0.29 0.31251695916393657
0.25 0 0.3 0.5141059288213503
0.25 0 0.31 0.6635157803675656
0.25 0 0.32 0.8629735254201174
0.25 0 0.33 1.2348485303877694
0.25 0 0.34 0.8787683271570824
0.25 0 0.35000000000000003 0.9280609173447633
0.25 0 0.36 0.8151935952117952
0.25 0 0.37 0.9712209232731863
0.25 0 0.38 1.3239695874819963
0.25 0 0.39 1.1600123764905192
0.25 0 0.4 0.8079594182186581
0.25 0 0.41000000000000003 0.6353010247719718
0.25 0 0.42 0.43288154979414584
0.25 0 0.43 0.4311690413638302
0.25 0 0.44 0.48364885355486353
0.25 0 0.45 0.4271714169974427
0.25 0 0.46 0.5636492161938912
0.25 0 0.47000000000000003 0.44656166689834
0.25 0 0.48 0.5026026716110291
0.25 0 0.49 0.6690937380547999
0.25 0 0.5 0.6426498150067207
0.26 0 0.0 1.0782223328775244
0.26 0 0.01 1.1493217812561949
0.26 0 0.02 1.3935374986618503
0.26 0 0.03 1.2754753758515034
0.26 0 0.04 0.8221600345907677
0.26 0 0.05 0.6550876446036281
0.26 0 0.06 0.45577033456456617
0.26 0 0.07 0.3824025114574667
0.26 0 0.08 0.3793355184638318
0.26 0 0.09 0.4215044539536629
0.26 0 0.1 0.3960449456659975
0.26 0 0.11 0.4066227358069217
0.26 0 0.12 0.27324565276850604
0.26 0 0.13 0.27612705406842525
0.26 0 0.14 0.23006544675668184
0.26 0 0.15 0.19669385593268487
0.26 0 0.16 0.25022370722809095
0.26 0 0.17 0.20302694402521834
0.26 0 0.18 0.21377145893725066
0.26 0 0.19 0.18249428438788465
0.26 0 0.2 0.11675993879060467
0.26 0 0.21 0.14569781146767155
0.26 0 0.22 0.1226747080709738
0.26 0 0.23 0.24581554695694155
0.26 0 0.24 0.3880426318261152
0.26 0 0.25 0.4675119846332661
0.26 0 0.26 0.6751734668093669
0.26 0 0.27 0.5772533637598759
0.26 0 0.28 0.7350400897199901
0.26 0 0.29 1.072654545453349
0.26 0 0.3 1.5575059672519227
0.26 0 0.31 2.3691896429058126
0.26 0 0.32 1.973671347584246
0.26 0 0.33 1.369100842577839
0.26 0 0.34 1.178009609846849
0.26 0 0.35000000000000003 1.0754037168926784
0.26 0 0.36 1.3743023067346298
0.26 0 0.37 1.921052763386832
0.26 0 0.38 1.6980990793596904
0.26 0 0.39 1.6718956686231214
0.26 0 0.4 1.3270963036801682
0.26 0 0.41000000000000003 0.9688432017238097
0.26 0 0.42 1.1565558194680317
0.26 0 0.43 0.7746046298848706
0.26 0 0.44 1.0224470273784823
0.26 0 0.45 0.7594308079642671
0.26 0 0.46 0.46580063707536656
0.26 0 0.47000000000000003 0.43979040891525356
0.26 0 0.48 0.3089280424359317
0.26 0 0.49 0.46777191228769893
0.26 0 0.5 0.6674748024528503
0.27 0 0.0 1.122390964216955
0.27 0 0.01 1.0396577778942038
0.27 0 0.02 0.7863448597615733
0.27 0 0.03 0.49906818710073436
0.27 0 0.04 0.33950671431058715
0.27 0 0.05 0.26650828436720525
0.27 0 0.06 0.2794454367483838
0.27 0 0.07 0.4322243514670273
0.27 0 0.08 0.44198047814349967
0.27 0 0.09 0.6405395288535015
0.27 0 0.1 0.49416575873166374
0.27 0 0.11 0.4496770400339535
0.27 0 0.12 0.4560253268672219
0.27 0 0.13 0.28888806629616176
0.27 0 0.14 0.29303950204984475
0.27 0 0.15 0.20514210212357695
0.27 0 0.16 0.1890477474448099
0.27 0 0.17 0.18963609249597776
0.27 0 0.18 0.1251330027516066
0.27 0 0.19 0.1538178630320472
0.27 0 0.2 0.1521185947597006
0.27 0 0.21 0.2013300080120037
0.27 0 0.22 0.3044232363148613
0.27 0 0.23 0.2986320887171612
0.27 0 0.24 0.3447803665628175
0.27 0 0.25 0.3242745201706778
0.27 0 0.26 0.4075717880306766
0.27 0 0.27 0.6389460083688556
0.27 0 0.28 1.0783985183925662
0.27 0 0.29 1.6603619788527568
0.27 0 0.3 2.8380007540458894
0.27 0 0.31 2.7496237613998202
0.27 0 0.32 2.965924360887669
0.27 0 0.33 2.63255677683712
0.27 0 0.34 1.7207390112526626
0.27 0 0.35000000000000003 1.54258230197175
0.27 0 0.36 1.0650877634661562
0.27 0 0.37 1.0536582149927607
0.27 0 0.38 1.1964959272392808
0.27 0 0.39 0.79451968175933
0.27 0 0.4 1.069868781225695
0.27 0 0.41000000000000003 0.7999077703446147
0.27 0 0.42 0.9808618947849508
0.27 0 0.43 1.1345548346214727
0.27 0 0.44 0.7577046013514821
0.27 0 0.45 0.702712146239412
0.27 0 0.46 0.46506584012621444
0.27 0 0.47000000000000003 0.5088157019755899
0.27 0 0.48 0.6680266470106718
0.27 0 0.49 0.5818069957230417
0.27 0 0.5 0.6657470138962577
0.28 0 0.0 1.2345736908880693
0.28 0 0.01 0.7591777312615708
0.28 0 0.02 0.5605546827172891
0.28 0 0.03 0.41282079285219986
0.28 0 0.04 0.315808993438017
0.28 0 0.05 0.4107219092495052
0.28 0 0.06 0.2875255353320232
0.28 0 0.07 0.28134757180654046
0.28 0 0.08 0.2635987888562171
0.28 0 0.09 0.24720954909225673
0.28 0 0.1 0.3930350300069727
0.28 0 0.11 0.35657526217688995
0.28 0 0.12 0.4859670175804973
0.28 0 0.13 0.46685755409630364
0.28 0 0.14 0.4416858257628677
0.28 0 0.15 0.48250590551076245
0.28 0 0.16 0.3775730443829152
0.28 0 0.17 0.3538822196420754
0.28 0 0.18 0.4000966028432437
0.28 0 0.19 0.43588905653849414
0.28 0 0.2 0.4930280117370992
0.28 0 0.21 0.3967367724357299
0.28 0 0.22 0.3358410482224345
0.28 0 0.23 0.3509913301537516
0.28 0 0.24 0.4460897031176036
0.28 0 0.25 0.5788492121348755
0.28 0 0.26 0.8997070410702658
0.28 0 0.27 0.7461598655661261
0.28 0 0.28 0.9203693214908046
0.28 0 0.29 0.9202258000676657
0.28 0 0.3 0.9826855389744251
0.28 0 0.31 1.29357439259844
0.28 0 0.32 0.9380219191100801
0.28 0 0.33 1.0349923852044374
0.28 0 0.34 0.8253272151091915
0.28 0 0.35000000000000003 0.6916042617939925
0.28 0 0.36 0.8598674526079894
0.28 0 0.37 0.5456178223445617
0.28 0 0.38 0.5445028005350261
0.28 0 0.39 0.4617912470672121
0.28 0 0.4 0.4466491790989522
0.28 0 0.41000000000000003 0.5484204583688502
0.28 0 0.42 0.3669634268607402
0.28 0 0.43 0.335883499212575
0.28 0 0.44 0.2895328216356669
0.28 0 0.45 0.32737639849044164
0.28 0 0.46 0.4822515206093069
0.28 0 0.47000000000000003 0.6045657478461351
0.28 0 0.48 0.5500077175861872
0.28 0 0.49 0.6071619666922896
0.28 0 0.5 0.5828769086361073
0.29 0 0.0 0.18210288777168562
0.29 0 0.01 0.24529175672093811
0.29 0 0.02 0.2568201897169661
0.29 0 0.03 0.3979286787250849
0.29 0 0.04 0.38240780785234657
0.29 0 0.05 0.331754299214977
0.29 0 0.06 0.3215178134371644
0.29 0 0.07 0.22647106613759727
0.29 0 0.08 0.25498637652745365
0.29 0 0.09 0.18505022030819157
0.29 0 0.1 0.18040034435545566
0.29 0 0.11 0.20813729772725195
0.29 0 0.12 0.2544088621000117
0.29 0 0.13 0.2661888824135727
0.29 0 0.14 0.23266057671937612
0.29 0 0.15 0.1699356325189327
0.29 0 0.16 0.16817057780689548
0.29 0 0.17 0.2125369802404168
0.29 0 0.18 0.2657549645477741
0.29 0 0.19 0.34105775880314526
0.29 0 0.2 0.28721050528160674
0.29 0 0.21 0.30530763292377006
0.29 0 0.22 0.4230384774948153
0.29 0 0.23 0.4325525542919895
0.29 0 0.24 0.6114370621400237
0.29 0 0.25 0.44077398570020715
0.29 0 0.26 0.34450141868523854
0.29 0 0.27 0.2757669766246225
0.29 0 0.28 0.18223039197002888
0.29 0 0.29 0.26045367163776706
0.29 0 0.3 0.231732623315303
0.29 0 0.31 0.32047352224884473
0.29 0 0.32 0.4084617588163275
0.29 0 0.33 0.3910682938243094
0.29 0 0.34 0.44687268970130695
0.29 0 0.35000000000000003 0.34691355983124367
0.29 0 0.36 0.306585712351467
0.29 0 0.37 0.31435186244413177
0.29 0 0.38 0.2937152558396633
0.29 0 0.39 0.38168510166601377
0.29 0 0.4 0.3496898844177668
0.29 0 0.41000000000000003 0.2922938411005626
0.29 0 0.42 0.250373598622339
0.29 0 0.43 0.23491005999748388
0.29 0 0.44 0.19295839832333594
0.29 0 0.45 0.21858606614849843
0.29 0 0.46 0.1823643452002997
0.29 0 0.47000000000000003 0.2347909147851197
0.29 0 0.48 0.2638781997233857
0.29 0 0.49 0.24299751848228487
0.29 0 0.5 0.3117017564852303
0.3 0 0.0 0.26318650651228087
0.3 0 0.01 0.2679500468906539
0.3 0 0.02 0.23078848745373376
0.3 0 0.03 0.18747494872600004
0.3 0 0.04 0.20938966081937407
0.3 0 0.05 0.17795567267617823
0.3 0 0.06 0.14159766264347678
0.3 0 0.07 0.09515871113108884
0.3 0 0.08 0.06440242186160477
0.3 0 0.09 0.05519830216934894
0.3 0 0.1 0.07256573897004255
0.3 0 0.11 0.07819900268102513
0.3 0 0.12 0.07882735593046059
0.3 0 0.13 0.06337695518402378
0.3 0 0.14 0.05537258576166815
0.3 0 0.15 0.09183579252180787
0.3 0 0.16 0.10916816220175375
0.3 0 0.17 0.20147369254745576
0.3 0 0.18 0.2446219213920249
0.3 0 0.19 0.26677075092039226
0.3 0 0.2 0.38537431355711593
0.3 0 0.21 0.37295299434510387
0.3 0 0.22 0.5148628370507341
0.3 0 0.23 0.5382982569870035
0.3 0 0.24 0.5177636992236277
0.3 0 0.25 0.6909757390211484
0.3 0 0.26 0.49575558367546724
0.3 0 0.27 0.5657544731094605
0.3 0 0.28 0.4682384539518028
0.3 0 0.29 0.42816188433629426
0.3 0 0.3 0.3969025250214682
0.3 0 0.31 0.3381742615123867
0.3 0 0.32 0.3334784917157605
0.3 0 0.33 0.33083839470741555
0.3 0 0.34 0.29480083581175714
0.3 0 0.35000000000000003 0.29495380706599805
0.3 0 0.36 0.2718007241609118
0.3 0 0.37 0.23218628440123212
0.3 0 0.38 0.2565363925250386
0.3 0 0.39 0.26258516467941645
0.3 0 0.4 0.26484097380442884
0.3 0 0.41000000000000003 0.3015018641843992
0.3 0 0.42 0.20976593129580795
0.3 0 0.43 0.21126510907074514
0.3 0 0.44 0.1639298159641114
0.3 0 0.45 0.17498022903284363
0.3 0 0.46 0.26505166383544815
0.3 0 0.47000000000000003 0.19689349832673655
0.3 0 0.48 0.22309863792874132
0.3 0 0.49 0.15825390090215785
0.3 0 0.5 0.16729363355339108
#STOP
