#MEDIUM_PROPERTIES_DISTRIBUTED
$MSH_TYPE
	 GROUNDWATER_FLOW	
$MMP_TYPE
	 PERMEABILITY	
$DIS_TYPE
	 NEAREST_VALUE	
;hj
$CONVERSION_FACTOR
2e-8;2e-6;2e-13
$DATA
0.0 0 0.0 0.23905201364003706
0.0 0 0.01 0.11505711590793269
0.0 0 0.02 0.04153317863315257
0.0 0 0.03 0.24012880851554713
0.0 0 0.04 1.6636686956996531
0.0 0 0.05 6.116847136842725
0.0 0 0.06 1.0472003234912786
0.0 0 0.07 2.0480091857688882
0.0 0 0.08 5.622574574987591
0.0 0 0.09 9.276175744382051
0.0 0 0.1 14.02075903409736
0.0 0 0.11 10.31710546647665
0.0 0 0.12 45.668978625045206
0.0 0 0.13 117.87636507735745
0.0 0 0.14 48.772588564880415
0.0 0 0.15 20.815250304529773
0.0 0 0.16 11.561516225758945
0.0 0 0.17 3.999976143234201
0.0 0 0.18 1.0877040884401528
0.0 0 0.19 0.40453020246112326
0.0 0 0.2 0.02731670934530198
0.0 0 0.21 0.015118624284817417
0.0 0 0.22 0.0323043023778304
0.0 0 0.23 0.08212466795442322
0.0 0 0.24 0.021201803565414217
0.0 0 0.25 0.030556953590994973
0.0 0 0.26 0.09343618945726725
0.0 0 0.27 0.11372757113420079
0.0 0 0.28 0.0657736057206606
0.0 0 0.29 0.04482540296757454
0.0 0 0.3 0.00213536990600448
0.0 0 0.31 0.0009918511917847935
0.0 0 0.32 0.012019227866569166
0.0 0 0.33 0.01902510213192064
0.0 0 0.34 0.00729076631122065
0.0 0 0.35000000000000003 0.005038069900705016
0.0 0 0.36 0.04264234380240731
0.0 0 0.37 0.14338529490138668
0.0 0 0.38 0.9106091185534311
0.0 0 0.39 1.4186042097886973
0.0 0 0.4 0.6004861121192469
0.0 0 0.41000000000000003 0.1616758051145276
0.0 0 0.42 0.06422685789174949
0.0 0 0.43 0.02521733308669548
0.0 0 0.44 0.03611919608289639
0.0 0 0.45 0.18303625800132708
0.0 0 0.46 0.2778039672315275
0.0 0 0.47000000000000003 0.3146455886258372
0.0 0 0.48 0.26243778988779237
0.0 0 0.49 0.2788189190272733
0.0 0 0.5 0.2978754392290398
0.01 0 0.0 0.07863571236754265
0.01 0 0.01 0.017783807444765248
0.01 0 0.02 0.004078616064700234
0.01 0 0.03 0.11946058467868473
0.01 0 0.04 1.597278907527076
0.01 0 0.05 0.4926712166636185
0.01 0 0.06 0.16818682092521703
0.01 0 0.07 0.2924840964750009
0.01 0 0.08 0.6833090213455003
0.01 0 0.09 1.7375276715618857
0.01 0 0.1 2.0881912452096456
0.01 0 0.11 7.777728621731682
0.01 0 0.12 5.519221312718064
0.01 0 0.13 3.3075222082391855
0.01 0 0.14 2.7498286598341455
0.01 0 0.15 27.91989111096042
0.01 0 0.16 20.962076057635002
0.01 0 0.17 1.8085187086081005
0.01 0 0.18 1.119479929692185
0.01 0 0.19 0.3860526742107167
0.01 0 0.2 0.0072061056528407675
0.01 0 0.21 0.000725960806452993
0.01 0 0.22 0.005853696637118656
0.01 0 0.23 0.009959145455428186
0.01 0 0.24 0.002515729635087386
0.01 0 0.25 0.007261777806573246
0.01 0 0.26 0.046195166418164776
0.01 0 0.27 0.06583255894727384
0.01 0 0.28 0.022078495009726133
0.01 0 0.29 0.008264171704335735
0.01 0 0.3 0.00217545121871438
0.01 0 0.31 0.0006740664541364859
0.01 0 0.32 0.0030767522948028096
0.01 0 0.33 0.006229248329214691
0.01 0 0.34 0.0056432704138303464
0.01 0 0.35000000000000003 0.03888177802529745
0.01 0 0.36 0.5473881164417798
0.01 0 0.37 0.19477254282804488
0.01 0 0.38 0.026184695596424924
0.01 0 0.39 0.03418470842811427
0.01 0 0.4 0.24319570770458293
0.01 0 0.41000000000000003 0.15286167031725897
0.01 0 0.42 0.06425167000866101
0.01 0 0.43 0.04488076194968616
0.01 0 0.44 0.08119629424554844
0.01 0 0.45 0.046171195122453663
0.01 0 0.46 0.11028893019708397
0.01 0 0.47000000000000003 0.11164166076059451
0.01 0 0.48 0.3023895136484233
0.01 0 0.49 0.3334394818408019
0.01 0 0.5 0.15144070105319646
0.02 0 0.0 0.06111576197769693
0.02 0 0.01 0.03853680713135254
0.02 0 0.02 0.06407088317060164
0.02 0 0.03 0.09518978113943667
0.02 0 0.04 0.2212450867428972
0.02 0 0.05 1.2012205529572146
0.02 0 0.06 0.9523371909000052
0.02 0 0.07 0.8305553986267615
0.02 0 0.08 0.1712413294084733
0.02 0 0.09 0.4247472618827969
0.02 0 0.1 0.6826815413744896
0.02 0 0.11 1.249904445623159
0.02 0 0.12 1.3018340365212178
0.02 0 0.13 2.7150289280389135
0.02 0 0.14 3.3373666412077894
0.02 0 0.15 0.6256499763937304
0.02 0 0.16 0.3934842991974539
0.02 0 0.17 0.47216259909731517
0.02 0 0.18 0.42164543005791005
0.02 0 0.19 0.032851919864136755
0.02 0 0.2 0.005322478248138481
0.02 0 0.21 0.010123319710853104
0.02 0 0.22 0.018480836697406227
0.02 0 0.23 0.01709510961785344
0.02 0 0.24 0.011361037910812185
0.02 0 0.25 0.005414529186226599
0.02 0 0.26 0.01453783735574579
0.02 0 0.27 0.005781032427319266
0.02 0 0.28 0.0028047991862790544
0.02 0 0.29 0.003076793841045144
0.02 0 0.3 0.0012958348060907383
0.02 0 0.31 0.00016932724355847866
0.02 0 0.32 0.00019972849384018078
0.02 0 0.33 0.0010556246381850463
0.02 0 0.34 0.003892007131503654
0.02 0 0.35000000000000003 0.013966752674849205
0.02 0 0.36 0.041869689959173235
0.02 0 0.37 0.019180330446473267
0.02 0 0.38 0.008713707212980086
0.02 0 0.39 0.018481371700064853
0.02 0 0.4 0.06969614866616088
0.02 0 0.41000000000000003 0.01690592380487225
0.02 0 0.42 0.022715211246515123
0.02 0 0.43 0.036594782413096744
0.02 0 0.44 0.055306945812830036
0.02 0 0.45 0.07304564709938512
0.02 0 0.46 0.11401293410248498
0.02 0 0.47000000000000003 0.06256406189363195
0.02 0 0.48 0.019136651763472116
0.02 0 0.49 0.0448882493486323
0.02 0 0.5 0.0817870501904452
0.03 0 0.0 0.3217485337801022
0.03 0 0.01 0.3046242884581776
0.03 0 0.02 0.1803644201659898
0.03 0 0.03 0.4312141054306642
0.03 0 0.04 1.3096771984321096
0.03 0 0.05 1.0735657676210433
0.03 0 0.06 0.603656041168659
0.03 0 0.07 1.7722921449864035
0.03 0 0.08 4.697789902474465
0.03 0 0.09 1.0820398130143742
0.03 0 0.1 1.3786927490562377
0.03 0 0.11 2.54027058188375
0.03 0 0.12 12.29672956147299
0.03 0 0.13 6.5785003329420375
0.03 0 0.14 0.911895425116059
0.03 0 0.15 0.24446935132373535
0.03 0 0.16 0.08869659908863127
0.03 0 0.17 0.6905316455293191
0.03 0 0.18 0.3192031605364666
0.03 0 0.19 0.03502247837680989
0.03 0 0.2 0.02722955631844838
0.03 0 0.21 0.015880835818844655
0.03 0 0.22 0.021735225163173257
0.03 0 0.23 0.038098299091904875
0.03 0 0.24 0.14565497182422846
0.03 0 0.25 0.02973171218986934
0.03 0 0.26 0.022823599541543737
0.03 0 0.27 0.022147825393485022
0.03 0 0.28 0.013814648496637898
0.03 0 0.29 0.0013925692764697331
0.03 0 0.3 0.0016423953137786117
0.03 0 0.31 0.0034993700726973116
0.03 0 0.32 0.00372641950361328
0.03 0 0.33 0.0028549974002764714
0.03 0 0.34 0.0009529595444402729
0.03 0 0.35000000000000003 0.0011154588637348863
0.03 0 0.36 0.003423973060349133
0.03 0 0.37 0.007217826865727634
0.03 0 0.38 0.005333230384771044
0.03 0 0.39 0.005010673581223826
0.03 0 0.4 0.00683546004523456
0.03 0 0.41000000000000003 0.01721353606675858
0.03 0 0.42 0.03378044914682182
0.03 0 0.43 0.06040259546768685
0.03 0 0.44 0.021672906930441993
0.03 0 0.45 0.0077139558274991835
0.03 0 0.46 0.02011539679873234
0.03 0 0.47000000000000003 0.032080022595111925
0.03 0 0.48 0.01892079906497513
0.03 0 0.49 0.015493929399835142
0.03 0 0.5 0.01200183958708503
0.04 0 0.0 0.12843966828941566
0.04 0 0.01 0.4640318475164168
0.04 0 0.02 0.22059678298236426
0.04 0 0.03 0.11787453102808534
0.04 0 0.04 0.6165014857209165
0.04 0 0.05 0.5118160997257521
0.04 0 0.06 0.6699036163292502
0.04 0 0.07 0.8869715116674328
0.04 0 0.08 3.4845484728872944
0.04 0 0.09 1.1349651882363048
0.04 0 0.1 1.1333806203943253
0.04 0 0.11 7.058425886025124
0.04 0 0.12 7.281290150288817
0.04 0 0.13 4.735930789647251
0.04 0 0.14 1.989924170476702
0.04 0 0.15 0.6023117708430172
0.04 0 0.16 0.865818251147785
0.04 0 0.17 0.946794224443055
0.04 0 0.18 1.6023020227833822
0.04 0 0.19 0.5431840913445051
0.04 0 0.2 0.2880539289268293
0.04 0 0.21 0.1172708776944782
0.04 0 0.22 0.05053956033954499
0.04 0 0.23 0.040989414881549655
0.04 0 0.24 0.04579708182332611
0.04 0 0.25 0.030152318019358755
0.04 0 0.26 0.06469550578386496
0.04 0 0.27 0.055022069599677474
0.04 0 0.28 0.019962678900517658
0.04 0 0.29 0.02032142128255465
0.04 0 0.3 0.027170068213030103
0.04 0 0.31 0.024748580876285235
0.04 0 0.32 0.013198892043385773
0.04 0 0.33 0.01484614602674051
0.04 0 0.34 0.10356844271094826
0.04 0 0.35000000000000003 0.12696223086755096
0.04 0 0.36 0.020173788400071748
0.04 0 0.37 0.035283968334601
0.04 0 0.38 0.03842915284078648
0.04 0 0.39 0.01792036610320687
0.04 0 0.4 0.014110520291550853
0.04 0 0.41000000000000003 0.022122533311487187
0.04 0 0.42 0.020057054013020326
0.04 0 0.43 0.01909675420265989
0.04 0 0.44 0.026674107960021357
0.04 0 0.45 0.08286100675872576
0.04 0 0.46 0.022061728328525838
0.04 0 0.47000000000000003 0.015368357304638182
0.04 0 0.48 0.014945847586099814
0.04 0 0.49 0.02383322299791194
0.04 0 0.5 0.03919929301220687
0.05 0 0.0 0.00416493660711341
0.05 0 0.01 0.004818010430050309
0.05 0 0.02 0.003920627755643805
0.05 0 0.03 0.0029439431605203592
0.05 0 0.04 0.01435087195621576
0.05 0 0.05 0.023759784110026463
0.05 0 0.06 0.032840020470051155
0.05 0 0.07 0.19759378935921681
0.05 0 0.08 1.318679580891878
0.05 0 0.09 1.8831597138358516
0.05 0 0.1 1.735352154173027
0.05 0 0.11 1.783272635240853
0.05 0 0.12 6.556392815346673
0.05 0 0.13 0.4304043196874856
0.05 0 0.14 0.3052481612737579
0.05 0 0.15 0.1841195194156623
0.05 0 0.16 0.04357206265437356
0.05 0 0.17 0.0456751871495919
0.05 0 0.18 0.09194530729793687
0.05 0 0.19 0.08206892440073514
0.05 0 0.2 0.018507384754713623
0.05 0 0.21 0.013964093864463373
0.05 0 0.22 0.007687620575606536
0.05 0 0.23 0.003202795649256466
0.05 0 0.24 0.003708183169251894
0.05 0 0.25 0.017728072809706955
0.05 0 0.26 0.022356343846840338
0.05 0 0.27 0.02783857509523606
0.05 0 0.28 0.08906489614686852
0.05 0 0.29 0.23789215519401422
0.05 0 0.3 0.40088149510295096
0.05 0 0.31 0.14116343578719934
0.05 0 0.32 0.039307313629212914
0.05 0 0.33 0.12575351525243328
0.05 0 0.34 0.2977801936901428
0.05 0 0.35000000000000003 0.25611528410220474
0.05 0 0.36 0.40396792435675205
0.05 0 0.37 0.40108279777906164
0.05 0 0.38 0.02995898528794696
0.05 0 0.39 0.015468422901008062
0.05 0 0.4 0.05120643039591253
0.05 0 0.41000000000000003 0.24018127762738603
0.05 0 0.42 0.09477393686952464
0.05 0 0.43 0.20330310046188693
0.05 0 0.44 0.15748830053803536
0.05 0 0.45 0.0701537328774938
0.05 0 0.46 0.1513051259393503
0.05 0 0.47000000000000003 0.29571369686466326
0.05 0 0.48 0.07212232877412744
0.05 0 0.49 0.012229444107976783
0.05 0 0.5 0.013345635692305124
0.06 0 0.0 0.005372694064693358
0.06 0 0.01 0.005022484414533452
0.06 0 0.02 0.0033907863530972873
0.06 0 0.03 0.009500913123367986
0.06 0 0.04 0.01706361698502812
0.06 0 0.05 0.025620223711136085
0.06 0 0.06 0.04713900742959388
0.06 0 0.07 0.12542118430148888
0.06 0 0.08 0.962254391904019
0.06 0 0.09 0.2736393099886899
0.06 0 0.1 0.1445764005151295
0.06 0 0.11 0.44659786609440777
0.06 0 0.12 0.6556226433063234
0.06 0 0.13 0.3596072832756741
0.06 0 0.14 0.11100297327317439
0.06 0 0.15 0.18863993871963397
0.06 0 0.16 0.2678436408810887
0.06 0 0.17 0.14332221634536726
0.06 0 0.18 0.05154242085697806
0.06 0 0.19 0.014442511736121252
0.06 0 0.2 0.013114437154000033
0.06 0 0.21 0.01044089979853385
0.06 0 0.22 0.005254006962385853
0.06 0 0.23 0.005490062926895813
0.06 0 0.24 0.0038916720651345675
0.06 0 0.25 0.006595320928800936
0.06 0 0.26 0.024205702127054776
0.06 0 0.27 0.07152862426698653
0.06 0 0.28 0.056617427982220456
0.06 0 0.29 0.26707358550944943
0.06 0 0.3 0.4492124710258698
0.06 0 0.31 0.6405976606039945
0.06 0 0.32 0.5670744182453293
0.06 0 0.33 0.6468936803414558
0.06 0 0.34 0.10959925346484313
0.06 0 0.35000000000000003 0.04702853458393462
0.06 0 0.36 0.17091406585913527
0.06 0 0.37 0.6483451345384884
0.06 0 0.38 0.14745708225351636
0.06 0 0.39 0.07199946745683841
0.06 0 0.4 0.1231934951654313
0.06 0 0.41000000000000003 0.09281872937525465
0.06 0 0.42 0.5520926512053245
0.06 0 0.43 2.5885154018206333
0.06 0 0.44 2.8613186013041565
0.06 0 0.45 0.8997851357139056
0.06 0 0.46 0.33204009183901345
0.06 0 0.47000000000000003 0.5351375023264776
0.06 0 0.48 0.24873915319587256
0.06 0 0.49 0.08746302483021084
0.06 0 0.5 0.050253105455728676
0.07 0 0.0 0.00728919020055013
0.07 0 0.01 0.0025787131988657965
0.07 0 0.02 0.0068264282094921405
0.07 0 0.03 0.018338893515595193
0.07 0 0.04 0.045922214413008804
0.07 0 0.05 0.06574523746181377
0.07 0 0.06 0.34880260528363444
0.07 0 0.07 0.7828614016484751
0.07 0 0.08 0.14304370080723752
0.07 0 0.09 0.35284447996830853
0.07 0 0.1 1.974745440650594
0.07 0 0.11 2.737535939246399
0.07 0 0.12 0.4611542840413187
0.07 0 0.13 0.33286170333839976
0.07 0 0.14 0.7178268560418638
0.07 0 0.15 0.21279940840805753
0.07 0 0.16 0.08039048435097586
0.07 0 0.17 0.1474581534559843
0.07 0 0.18 0.13164228273321457
0.07 0 0.19 0.262131665211501
0.07 0 0.2 0.3337520782032663
0.07 0 0.21 0.05120330322959369
0.07 0 0.22 0.0062646661414995026
0.07 0 0.23 0.0236570987796478
0.07 0 0.24 0.0326238481228316
0.07 0 0.25 0.014804382440659344
0.07 0 0.26 0.008004133319623121
0.07 0 0.27 0.02151135779183212
0.07 0 0.28 0.03911566246185849
0.07 0 0.29 0.12743657956485335
0.07 0 0.3 0.34634742528942314
0.07 0 0.31 0.6069719804844106
0.07 0 0.32 0.32484126875763275
0.07 0 0.33 0.49146524298989713
0.07 0 0.34 0.2980371474796847
0.07 0 0.35000000000000003 0.13024859745197423
0.07 0 0.36 0.21540670599130884
0.07 0 0.37 0.11505456426987881
0.07 0 0.38 0.6232358235911182
0.07 0 0.39 2.0750892111207286
0.07 0 0.4 1.474084946800721
0.07 0 0.41000000000000003 1.4806269245454409
0.07 0 0.42 6.454920288526865
0.07 0 0.43 8.632557633945513
0.07 0 0.44 0.7215706473194329
0.07 0 0.45 0.29274774934014725
0.07 0 0.46 0.28849563877895334
0.07 0 0.47000000000000003 0.15605908385867545
0.07 0 0.48 0.12083550314895644
0.07 0 0.49 0.056649783578826336
0.07 0 0.5 0.028083826191572504
0.08 0 0.0 0.016951111770463403
0.08 0 0.01 0.027487286366423877
0.08 0 0.02 0.015861494198678803
0.08 0 0.03 0.0076735954000940005
0.08 0 0.04 0.013010161344813451
0.08 0 0.05 0.09504024209829137
0.08 0 0.06 0.1850799392725064
0.08 0 0.07 0.079680143758484
0.08 0 0.08 0.057576425649011345
0.08 0 0.09 0.29365202679825586
0.08 0 0.1 1.096101331616188
0.08 0 0.11 1.2106147484658156
0.08 0 0.12 0.32381840127501066
0.08 0 0.13 0.9868789800329493
0.08 0 0.14 0.8358882587809563
0.08 0 0.15 0.46561572638004256
0.08 0 0.16 0.2488036730142546
0.08 0 0.17 0.5441869516035148
0.08 0 0.18 0.20850317812191022
0.08 0 0.19 0.1901079420919862
0.08 0 0.2 0.28378687071340475
0.08 0 0.21 0.105805124081996
0.08 0 0.22 0.060653579044984
0.08 0 0.23 0.02656685122395852
0.08 0 0.24 0.030029255058685405
0.08 0 0.25 0.03308094833411473
0.08 0 0.26 0.0323166589344768
0.08 0 0.27 0.1131885604557913
0.08 0 0.28 0.16109112100612222
0.08 0 0.29 0.36291471133654224
0.08 0 0.3 0.8589919859577322
0.08 0 0.31 2.281771249710962
0.08 0 0.32 3.8147994658247266
0.08 0 0.33 1.234596785888057
0.08 0 0.34 1.497055106845146
0.08 0 0.35000000000000003 1.2031911933985078
0.08 0 0.36 0.5059959488740967
0.08 0 0.37 0.5491719940206283
0.08 0 0.38 1.4503103737655254
0.08 0 0.39 2.0440016443578584
0.08 0 0.4 2.8850308448089055
0.08 0 0.41000000000000003 4.432363511669508
0.08 0 0.42 6.798800980355324
0.08 0 0.43 2.393572184033788
0.08 0 0.44 3.3113424714885697
0.08 0 0.45 1.7538347070877023
0.08 0 0.46 0.5563895607793548
0.08 0 0.47000000000000003 0.05844742800186646
0.08 0 0.48 0.04265293437019969
0.08 0 0.49 0.03818583026825932
0.08 0 0.5 0.0793191908636159
0.09 0 0.0 0.008326110821631
0.09 0 0.01 0.026871288896710484
0.09 0 0.02 0.015536788524269403
0.09 0 0.03 0.006213151289074083
0.09 0 0.04 0.026245769797367084
0.09 0 0.05 0.3793260338156878
0.09 0 0.06 0.27925311320148977
0.09 0 0.07 0.09626837380125522
0.09 0 0.08 0.1659517617960161
0.09 0 0.09 0.6303139596898877
0.09 0 0.1 0.11188504823673404
0.09 0 0.11 0.10076463422939998
0.09 0 0.12 0.12130890764706473
0.09 0 0.13 0.08836142519724416
0.09 0 0.14 0.0863707361361524
0.09 0 0.15 0.3486700567225063
0.09 0 0.16 0.16559375108384194
0.09 0 0.17 0.00947145628165128
0.09 0 0.18 0.015223893888615246
0.09 0 0.19 0.03310323868493242
0.09 0 0.2 0.04724578859572236
0.09 0 0.21 0.08876375934629582
0.09 0 0.22 0.09974195567736613
0.09 0 0.23 0.13985525777964702
0.09 0 0.24 0.09635913819096369
0.09 0 0.25 0.04231120269182243
0.09 0 0.26 0.00920114762048829
0.09 0 0.27 0.016925813150231724
0.09 0 0.28 0.32825616668668445
0.09 0 0.29 0.29662056174571666
0.09 0 0.3 0.6446190798615518
0.09 0 0.31 0.971525079806427
0.09 0 0.32 0.34905148266352637
0.09 0 0.33 0.5534554728457785
0.09 0 0.34 2.224181206275302
0.09 0 0.35000000000000003 0.5380288552748342
0.09 0 0.36 0.13452161469434346
0.09 0 0.37 0.344827246063349
0.09 0 0.38 1.7121423875402502
0.09 0 0.39 0.3152045144380163
0.09 0 0.4 0.27570982471022165
0.09 0 0.41000000000000003 1.5909777694051623
0.09 0 0.42 6.02122188314155
0.09 0 0.43 1.5823810954468982
0.09 0 0.44 0.9895557482206477
0.09 0 0.45 0.2278611905691856
0.09 0 0.46 0.06830755286085761
0.09 0 0.47000000000000003 0.1806584020181863
0.09 0 0.48 0.08662902178192215
0.09 0 0.49 0.06777455448185914
0.09 0 0.5 0.06472922809859356
0.1 0 0.0 0.0019116770331414762
0.1 0 0.01 0.004290762008720495
0.1 0 0.02 0.019241471115764092
0.1 0 0.03 0.02837237132022231
0.1 0 0.04 0.03212443782951193
0.1 0 0.05 0.34956653198669935
0.1 0 0.06 0.42866416917164535
0.1 0 0.07 0.11743413570695735
0.1 0 0.08 0.11433151376056963
0.1 0 0.09 0.04922007866713397
0.1 0 0.1 0.03884926722389145
0.1 0 0.11 0.2860931990718811
0.1 0 0.12 0.4868343515026258
0.1 0 0.13 0.08580126579224907
0.1 0 0.14 0.16604601437676375
0.1 0 0.15 0.2895047674965867
0.1 0 0.16 0.05898750060587576
0.1 0 0.17 0.029823244465403336
0.1 0 0.18 0.04093685510693548
0.1 0 0.19 0.04430914214348608
0.1 0 0.2 0.005937960141193238
0.1 0 0.21 0.007198251470181053
0.1 0 0.22 0.04578120582994932
0.1 0 0.23 0.04543012509026541
0.1 0 0.24 0.21511041062306566
0.1 0 0.25 0.039368109102553235
0.1 0 0.26 0.017937693966744026
0.1 0 0.27 0.015900401448262384
0.1 0 0.28 0.024523676872649423
0.1 0 0.29 0.029924229569803236
0.1 0 0.3 0.04576448528229309
0.1 0 0.31 0.10439800636234867
0.1 0 0.32 0.18892384308295906
0.1 0 0.33 0.13885107258060841
0.1 0 0.34 0.11126729905594374
0.1 0 0.35000000000000003 0.08230052140424524
0.1 0 0.36 0.2505199061448855
0.1 0 0.37 0.94862090152648
0.1 0 0.38 0.6265401178217054
0.1 0 0.39 0.11035227007592481
0.1 0 0.4 0.1888950104472457
0.1 0 0.41000000000000003 0.6016483561991014
0.1 0 0.42 0.08426387484609828
0.1 0 0.43 0.020857871459989265
0.1 0 0.44 0.027179511188419273
0.1 0 0.45 0.05491523104293096
0.1 0 0.46 0.04622511046577552
0.1 0 0.47000000000000003 0.06583882005003945
0.1 0 0.48 0.13411956275175196
0.1 0 0.49 0.023488869563813748
0.1 0 0.5 0.026587545170991062
0.11 0 0.0 0.007892405523012958
0.11 0 0.01 0.005182135170007105
0.11 0 0.02 0.009748054366676083
0.11 0 0.03 0.01104903248881776
0.11 0 0.04 0.03686611197072192
0.11 0 0.05 0.2526920924966366
0.11 0 0.06 0.21262992344116255
0.11 0 0.07 0.05639982711781368
0.11 0 0.08 0.14925519089259726
0.11 0 0.09 0.9866361853071236
0.11 0 0.1 2.211319007768927
0.11 0 0.11 0.4515534796125335
0.11 0 0.12 0.2514026367701384
0.11 0 0.13 0.8764666471172162
0.11 0 0.14 1.1285832392465283
0.11 0 0.15 0.4643896352121169
0.11 0 0.16 0.12838542253946342
0.11 0 0.17 0.14536635385667637
0.11 0 0.18 0.747277051419979
0.11 0 0.19 0.17134302676905364
0.11 0 0.2 0.20706831256791358
0.11 0 0.21 0.05429640579515269
0.11 0 0.22 0.04170252695977575
0.11 0 0.23 0.08808647469128005
0.11 0 0.24 0.20286745073467125
0.11 0 0.25 0.19798339047013724
0.11 0 0.26 0.01782094957714274
0.11 0 0.27 0.011926055555854988
0.11 0 0.28 0.02225534902715324
0.11 0 0.29 0.014050257224822334
0.11 0 0.3 0.02262456320135796
0.11 0 0.31 0.031240391866763174
0.11 0 0.32 0.12686368827314523
0.11 0 0.33 0.43389748859960975
0.11 0 0.34 1.3445970832079188
0.11 0 0.35000000000000003 1.2142755305457247
0.11 0 0.36 0.9532671443503825
0.11 0 0.37 1.5222366770716647
0.11 0 0.38 1.3347692036447507
0.11 0 0.39 0.36477658402907737
0.11 0 0.4 0.023372222104637522
0.11 0 0.41000000000000003 0.03581737375918142
0.11 0 0.42 0.038256983272092954
0.11 0 0.43 0.043021332873338494
0.11 0 0.44 0.08058283091279755
0.11 0 0.45 0.046956446150564476
0.11 0 0.46 0.02002919264217904
0.11 0 0.47000000000000003 0.03181126502896396
0.11 0 0.48 0.04833763012449342
0.11 0 0.49 0.0651971216497557
0.11 0 0.5 0.017860915487999316
0.12 0 0.0 0.03892888607148046
0.12 0 0.01 0.005744776059827141
0.12 0 0.02 0.003221494428091455
0.12 0 0.03 0.007150979447027837
0.12 0 0.04 0.012726198366983462
0.12 0 0.05 0.006313266002094381
0.12 0 0.06 0.02631302275105751
0.12 0 0.07 0.14624413482808538
0.12 0 0.08 0.23897928790856438
0.12 0 0.09 0.312003238681559
0.12 0 0.1 0.4236238327355434
0.12 0 0.11 0.18581182284549863
0.12 0 0.12 0.2122682087690129
0.12 0 0.13 0.4114782322343958
0.12 0 0.14 0.5377670749849065
0.12 0 0.15 0.03334413903507021
0.12 0 0.16 0.14475137761512777
0.12 0 0.17 0.23108992414987006
0.12 0 0.18 0.13210671911505556
0.12 0 0.19 0.24410001887122615
0.12 0 0.2 0.10424588877900479
0.12 0 0.21 0.027756616822893976
0.12 0 0.22 0.0039507330696630155
0.12 0 0.23 0.03386104843901606
0.12 0 0.24 0.2837829453471624
0.12 0 0.25 0.12798544550578056
0.12 0 0.26 0.07441788587571796
0.12 0 0.27 0.14877352070042316
0.12 0 0.28 0.33177665640401705
0.12 0 0.29 0.035053085748829205
0.12 0 0.3 0.009054536176383106
0.12 0 0.31 0.03519974007015227
0.12 0 0.32 0.40379010922012615
0.12 0 0.33 0.6127924565033744
0.12 0 0.34 0.7619016638255902
0.12 0 0.35000000000000003 3.9181308618166857
0.12 0 0.36 0.8933867351077774
0.12 0 0.37 0.46328077897592523
0.12 0 0.38 0.5291828120589848
0.12 0 0.39 0.15079610123119289
0.12 0 0.4 0.013585877363789365
0.12 0 0.41000000000000003 0.022281984348179965
0.12 0 0.42 0.07448121360952403
0.12 0 0.43 0.17932784396954166
0.12 0 0.44 0.05440685623383631
0.12 0 0.45 0.08955945850181742
0.12 0 0.46 0.05891404726766702
0.12 0 0.47000000000000003 0.04305206808177737
0.12 0 0.48 0.07541765376749561
0.12 0 0.49 0.18421879054268464
0.12 0 0.5 0.3192053139934004
0.13 0 0.0 0.012623826838256387
0.13 0 0.01 0.010363210711371718
0.13 0 0.02 0.030448268343261444
0.13 0 0.03 0.036326254057255855
0.13 0 0.04 0.015455495417378822
0.13 0 0.05 0.021654613957954223
0.13 0 0.06 0.03093172782881827
0.13 0 0.07 0.05241475367544451
0.13 0 0.08 0.1255055580799547
0.13 0 0.09 0.506590944513326
0.13 0 0.1 1.3280256788395322
0.13 0 0.11 0.09645624358727899
0.13 0 0.12 0.052895797758900485
0.13 0 0.13 0.06324343118601976
0.13 0 0.14 0.10629974760294927
0.13 0 0.15 0.1351599196586424
0.13 0 0.16 0.04101017263225396
0.13 0 0.17 0.04061025181801824
0.13 0 0.18 0.11542753489788823
0.13 0 0.19 0.2376911477948275
0.13 0 0.2 0.16803307892950975
0.13 0 0.21 0.07425717107149739
0.13 0 0.22 0.05200812362429057
0.13 0 0.23 0.032729918483449735
0.13 0 0.24 0.03736343305899939
0.13 0 0.25 0.028938043434776097
0.13 0 0.26 0.026879387497916844
0.13 0 0.27 0.0987728987177895
0.13 0 0.28 0.03388249915250501
0.13 0 0.29 0.05005363224405864
0.13 0 0.3 0.1097482610099952
0.13 0 0.31 0.37870291824031965
0.13 0 0.32 0.09808481535716579
0.13 0 0.33 0.09686514577714934
0.13 0 0.34 0.43649833467955407
0.13 0 0.35000000000000003 0.3557962620501704
0.13 0 0.36 0.2388176024869734
0.13 0 0.37 0.3305622122043916
0.13 0 0.38 0.30228157223936264
0.13 0 0.39 0.2890552530690636
0.13 0 0.4 0.5234284818678486
0.13 0 0.41000000000000003 1.803385727782035
0.13 0 0.42 0.8009225006209445
0.13 0 0.43 0.19838087453696765
0.13 0 0.44 0.1355110819419897
0.13 0 0.45 0.17203067303966357
0.13 0 0.46 0.23931437538157457
0.13 0 0.47000000000000003 0.20071318734774357
0.13 0 0.48 0.09777149742019743
0.13 0 0.49 0.1869477892039745
0.13 0 0.5 0.10899798020470908
0.14 0 0.0 0.09987714368773105
0.14 0 0.01 0.10616795059404252
0.14 0 0.02 0.09048220380625968
0.14 0 0.03 0.09926500967787413
0.14 0 0.04 0.20804539471726158
0.14 0 0.05 0.18747217658363452
0.14 0 0.06 0.04103514603614148
0.14 0 0.07 0.005443072513800855
0.14 0 0.08 0.0405782085940497
0.14 0 0.09 0.35693304580935076
0.14 0 0.1 0.10856717022125707
0.14 0 0.11 0.055062456598523754
0.14 0 0.12 0.054824982381987755
0.14 0 0.13 0.08792047906613795
0.14 0 0.14 0.06377383437445135
0.14 0 0.15 0.06528441342266719
0.14 0 0.16 0.13030595547316393
0.14 0 0.17 0.11587275310585063
0.14 0 0.18 0.12090986834537142
0.14 0 0.19 0.056109898706333323
0.14 0 0.2 0.035781912947982
0.14 0 0.21 0.026887311010264335
0.14 0 0.22 0.007821820036463834
0.14 0 0.23 0.010256855139342803
0.14 0 0.24 0.004440441913360265
0.14 0 0.25 0.011985862254785401
0.14 0 0.26 0.028182482241455364
0.14 0 0.27 0.11481590463370661
0.14 0 0.28 0.027687462774907648
0.14 0 0.29 0.007551619049371574
0.14 0 0.3 0.012667359012423766
0.14 0 0.31 0.020487304256099476
0.14 0 0.32 0.04415243858346455
0.14 0 0.33 0.10229740372163108
0.14 0 0.34 0.09447603111146731
0.14 0 0.35000000000000003 0.05821406005369891
0.14 0 0.36 0.022933834111432953
0.14 0 0.37 0.07304199575571034
0.14 0 0.38 0.22540763126271257
0.14 0 0.39 0.09081101099089332
0.14 0 0.4 0.08568324420213398
0.14 0 0.41000000000000003 0.12252533083119825
0.14 0 0.42 0.38462465945033864
0.14 0 0.43 1.7814166358030423
0.14 0 0.44 2.1649416151213905
0.14 0 0.45 0.7303653670456011
0.14 0 0.46 0.4525552839361737
0.14 0 0.47000000000000003 0.6964863336682292
0.14 0 0.48 0.6577185066331935
0.14 0 0.49 0.0818868530285092
0.14 0 0.5 0.01902793689603598
0.15 0 0.0 0.356411833600879
0.15 0 0.01 0.0347736791595736
0.15 0 0.02 0.2689919616743422
0.15 0 0.03 0.9993433151967901
0.15 0 0.04 0.9611633738799589
0.15 0 0.05 0.23246796968112945
0.15 0 0.06 0.03235783185364023
0.15 0 0.07 0.043102832650345174
0.15 0 0.08 0.026297758766318544
0.15 0 0.09 0.06322906395514281
0.15 0 0.1 0.065642895444982
0.15 0 0.11 0.09388726664338361
0.15 0 0.12 0.22203501314732083
0.15 0 0.13 0.3218625137026969
0.15 0 0.14 0.08800045059774508
0.15 0 0.15 0.0757768126825996
0.15 0 0.16 0.07198317995711948
0.15 0 0.17 0.08053580165725444
0.15 0 0.18 0.030740870216518505
0.15 0 0.19 0.014766196531472412
0.15 0 0.2 0.008062920549468586
0.15 0 0.21 0.021269635301375912
0.15 0 0.22 0.02411409675868859
0.15 0 0.23 0.01601360907696524
0.15 0 0.24 0.008142777403865402
0.15 0 0.25 0.0035784799390186353
0.15 0 0.26 0.005943036588499201
0.15 0 0.27 0.002431957153968234
0.15 0 0.28 0.004538889430011407
0.15 0 0.29 0.018718016330197387
0.15 0 0.3 0.010590132306361947
0.15 0 0.31 0.0346368353569939
0.15 0 0.32 0.09116157288129498
0.15 0 0.33 0.2281541299264013
0.15 0 0.34 0.18679038706933254
0.15 0 0.35000000000000003 0.11862952265355686
0.15 0 0.36 0.06736227116809465
0.15 0 0.37 0.028235736214485798
0.15 0 0.38 0.031078580385494787
0.15 0 0.39 0.0288485154375925
0.15 0 0.4 0.03358606536617543
0.15 0 0.41000000000000003 0.1826698047210628
0.15 0 0.42 1.566686379147183
0.15 0 0.43 0.8904531254237057
0.15 0 0.44 2.695464927277366
0.15 0 0.45 3.062478915662519
0.15 0 0.46 2.5072719998570627
0.15 0 0.47000000000000003 0.5626974568908784
0.15 0 0.48 1.0087285183760173
0.15 0 0.49 0.34030963859085295
0.15 0 0.5 0.07058534494176741
0.16 0 0.0 0.5582238305675613
0.16 0 0.01 0.1538219644733592
0.16 0 0.02 0.1139057306554405
0.16 0 0.03 1.1598518161024285
0.16 0 0.04 0.407460920479908
0.16 0 0.05 0.3581380187198806
0.16 0 0.06 0.8356210735059149
0.16 0 0.07 0.11046726998967979
0.16 0 0.08 0.008082416093531584
0.16 0 0.09 0.030629960577018406
0.16 0 0.1 0.2770825404139754
0.16 0 0.11 0.3649393236933761
0.16 0 0.12 0.3402497290222551
0.16 0 0.13 0.6951404569527014
0.16 0 0.14 0.3316873462597336
0.16 0 0.15 0.18058104140637118
0.16 0 0.16 0.0622585099998347
0.16 0 0.17 0.025075773418857434
0.16 0 0.18 0.002542764277517884
0.16 0 0.19 0.0019284819557787007
0.16 0 0.2 0.0026171358510762707
0.16 0 0.21 0.003736121781987395
0.16 0 0.22 0.024458356052279202
0.16 0 0.23 0.03354680154249606
0.16 0 0.24 0.023497125916884496
0.16 0 0.25 0.028636697869374072
0.16 0 0.26 0.011667848951917923
0.16 0 0.27 0.005162789811717036
0.16 0 0.28 0.006588456294104072
0.16 0 0.29 0.00434045741757495
0.16 0 0.3 0.0025065178075468716
0.16 0 0.31 0.002510768053974815
0.16 0 0.32 0.01552393654421371
0.16 0 0.33 0.0037809028163772306
0.16 0 0.34 0.0071697340194921124
0.16 0 0.35000000000000003 0.13163801092762828
0.16 0 0.36 0.04144745251454812
0.16 0 0.37 0.0074923235379637226
0.16 0 0.38 0.01716879200699602
0.16 0 0.39 0.03177088998171084
0.16 0 0.4 0.04788082456793953
0.16 0 0.41000000000000003 0.1656292239962402
0.16 0 0.42 2.219798518626283
0.16 0 0.43 1.8680115163434592
0.16 0 0.44 2.2117853757345967
0.16 0 0.45 3.186778917898883
0.16 0 0.46 1.3289950392919603
0.16 0 0.47000000000000003 0.3012279532459132
0.16 0 0.48 0.63717227921491
0.16 0 0.49 0.3161322316898271
0.16 0 0.5 0.025254179628509333
0.17 0 0.0 0.2967659525936574
0.17 0 0.01 0.30797994659033584
0.17 0 0.02 0.4926489448548022
0.17 0 0.03 0.7517730992436849
0.17 0 0.04 0.38450575791939234
0.17 0 0.05 0.2332443145574661
0.17 0 0.06 0.3654757844326077
0.17 0 0.07 0.051204066013899485
0.17 0 0.08 0.018526182610886042
0.17 0 0.09 0.12319363801378357
0.17 0 0.1 0.32131191166368955
0.17 0 0.11 0.25071591167183366
0.17 0 0.12 1.4239406907351877
0.17 0 0.13 4.389247608301495
0.17 0 0.14 0.48370735466699494
0.17 0 0.15 0.2575511005074063
0.17 0 0.16 0.39222570657061423
0.17 0 0.17 0.18493368819868616
0.17 0 0.18 0.03033976463422504
0.17 0 0.19 0.010486475251208372
0.17 0 0.2 0.013011533945782824
0.17 0 0.21 0.06054934312371365
0.17 0 0.22 0.041825579563130336
0.17 0 0.23 0.017131257554629055
0.17 0 0.24 0.01810678127057472
0.17 0 0.25 0.008994935130132992
0.17 0 0.26 0.005050950943581027
0.17 0 0.27 0.0004791722860404066
0.17 0 0.28 0.001466558893692364
0.17 0 0.29 0.00043358409900410677
0.17 0 0.3 0.00019657263096112222
0.17 0 0.31 0.000989036095068649
0.17 0 0.32 0.0029111545332631858
0.17 0 0.33 0.0024844088226199136
0.17 0 0.34 0.005327686401209525
0.17 0 0.35000000000000003 0.021977198032225947
0.17 0 0.36 0.037990163006617374
0.17 0 0.37 0.023891221592531098
0.17 0 0.38 0.04944582033675761
0.17 0 0.39 0.06211084654536996
0.17 0 0.4 0.041147642758855955
0.17 0 0.41000000000000003 0.07396066676191863
0.17 0 0.42 0.3172978374059643
0.17 0 0.43 0.4266028470324084
0.17 0 0.44 0.470795066956565
0.17 0 0.45 2.4463057952526976
0.17 0 0.46 3.537637385099344
0.17 0 0.47000000000000003 1.4556532646708553
0.17 0 0.48 0.2936903186224141
0.17 0 0.49 0.07591491273558035
0.17 0 0.5 0.08381053599309243
0.18 0 0.0 0.6832747997585554
0.18 0 0.01 1.4007067330808156
0.18 0 0.02 1.6450657718556538
0.18 0 0.03 1.325080165084783
0.18 0 0.04 0.3397419247709593
0.18 0 0.05 0.5093570718920032
0.18 0 0.06 0.966095158979717
0.18 0 0.07 1.8672651688117787
0.18 0 0.08 1.4108164154697886
0.18 0 0.09 0.32173182874952133
0.18 0 0.1 0.4063189198645522
0.18 0 0.11 4.8376365279247935
0.18 0 0.12 24.224131848198887
0.18 0 0.13 3.9309986678750604
0.18 0 0.14 2.9593411866297523
0.18 0 0.15 1.5431282191124536
0.18 0 0.16 0.4106247249041467
0.18 0 0.17 0.08448667385949167
0.18 0 0.18 0.05224778925547415
0.18 0 0.19 0.11982847495890334
0.18 0 0.2 0.21637295539025314
0.18 0 0.21 0.040083822378125106
0.18 0 0.22 0.07906769941526114
0.18 0 0.23 0.3635223729288894
0.18 0 0.24 0.44156511490724354
0.18 0 0.25 0.06178504819248853
0.18 0 0.26 0.01998838681966975
0.18 0 0.27 0.01426882568598047
0.18 0 0.28 0.0016609807842795238
0.18 0 0.29 0.0010369164793311626
0.18 0 0.3 0.0023236886577752266
0.18 0 0.31 0.0019181401586682563
0.18 0 0.32 0.002804376235039496
0.18 0 0.33 0.005150846707488719
0.18 0 0.34 0.03981287233384422
0.18 0 0.35000000000000003 0.037180820088748893
0.18 0 0.36 0.10266920069261838
0.18 0 0.37 0.23756985629469715
0.18 0 0.38 0.2794359007608176
0.18 0 0.39 0.28748787064846104
0.18 0 0.4 0.1153735691242853
0.18 0 0.41000000000000003 0.07770435080734922
0.18 0 0.42 0.0477959738197998
0.18 0 0.43 0.20976039311208067
0.18 0 0.44 0.40530198425064917
0.18 0 0.45 0.3218210335369055
0.18 0 0.46 0.2400754979214414
0.18 0 0.47000000000000003 0.3271592892925463
0.18 0 0.48 0.7460152506667493
0.18 0 0.49 1.4896432669716295
0.18 0 0.5 0.3917519167960232
0.19 0 0.0 2.335885998903979
0.19 0 0.01 3.1942613290530786
0.19 0 0.02 1.0738447191130156
0.19 0 0.03 0.3491249601033306
0.19 0 0.04 0.4268963411811379
0.19 0 0.05 1.1783532028834134
0.19 0 0.06 1.5379583771498084
0.19 0 0.07 0.8379579609102011
0.19 0 0.08 1.8690393143917192
0.19 0 0.09 4.105834865215865
0.19 0 0.1 23.47908086938041
0.19 0 0.11 15.995496797555022
0.19 0 0.12 3.357774439452386
0.19 0 0.13 1.5382961179122379
0.19 0 0.14 2.6180753451765253
0.19 0 0.15 0.8569967216325487
0.19 0 0.16 0.4263670565771288
0.19 0 0.17 0.21459578644763433
0.19 0 0.18 0.19256310586941675
0.19 0 0.19 0.04414497421937777
0.19 0 0.2 0.05470792217889111
0.19 0 0.21 0.09150367540036615
0.19 0 0.22 0.08010042294518374
0.19 0 0.23 0.17249172379839187
0.19 0 0.24 0.10582687217179174
0.19 0 0.25 0.07470971941071448
0.19 0 0.26 0.07614277390914503
0.19 0 0.27 0.04146543221881023
0.19 0 0.28 0.029821067857431834
0.19 0 0.29 0.015540476523468863
0.19 0 0.3 0.020402627221637635
0.19 0 0.31 0.006213906151485439
0.19 0 0.32 0.004213912577401458
0.19 0 0.33 0.033392992564334985
0.19 0 0.34 0.07948784144355829
0.19 0 0.35000000000000003 0.06299816000052443
0.19 0 0.36 0.02672205502886277
0.19 0 0.37 0.03935940986407322
0.19 0 0.38 0.011677507592596148
0.19 0 0.39 0.018700411074255924
0.19 0 0.4 0.13362281100590648
0.19 0 0.41000000000000003 0.2584119237893499
0.19 0 0.42 0.37409433779311174
0.19 0 0.43 0.4422556602533019
0.19 0 0.44 0.860824128806411
0.19 0 0.45 1.9315518914762757
0.19 0 0.46 0.9916151045755469
0.19 0 0.47000000000000003 2.6853255602372856
0.19 0 0.48 0.7295574542027355
0.19 0 0.49 0.5008159557489842
0.19 0 0.5 0.4309737588271827
0.2 0 0.0 10.746064817653467
0.2 0 0.01 12.608342608787497
0.2 0 0.02 13.132345601507504
0.2 0 0.03 12.379911821168296
0.2 0 0.04 16.853888364885034
0.2 0 0.05 4.287432512078747
0.2 0 0.06 5.693643904767988
0.2 0 0.07 9.617362530626494
0.2 0 0.08 1.9128829489510453
0.2 0 0.09 2.01125229950991
0.2 0 0.1 12.454426822703702
0.2 0 0.11 18.963649967581233
0.2 0 0.12 4.85785269223538
0.2 0 0.13 1.4795127163983564
0.2 0 0.14 2.0135633619527615
0.2 0 0.15 0.5024148451464313
0.2 0 0.16 0.1920011395265761
0.2 0 0.17 0.11500073394200279
0.2 0 0.18 0.027596485647616256
0.2 0 0.19 0.05224785922305786
0.2 0 0.2 0.4377890502576538
0.2 0 0.21 0.5384485351525058
0.2 0 0.22 0.6314397634816145
0.2 0 0.23 0.22913721069202733
0.2 0 0.24 0.27463196307995263
0.2 0 0.25 0.17322741873907097
0.2 0 0.26 0.018241427000217927
0.2 0 0.27 0.002347946018645455
0.2 0 0.28 0.0044647902622551175
0.2 0 0.29 0.07329076946589667
0.2 0 0.3 0.03184311596475397
0.2 0 0.31 0.03251208758341081
0.2 0 0.32 0.014131917184606898
0.2 0 0.33 0.04602132998056867
0.2 0 0.34 0.05013048636580977
0.2 0 0.35000000000000003 0.14659354384438875
0.2 0 0.36 0.11232599363967763
0.2 0 0.37 0.0050850042599271525
0.2 0 0.38 0.00695335172613311
0.2 0 0.39 0.032395739909635936
0.2 0 0.4 0.12292887093148461
0.2 0 0.41000000000000003 0.17949677404458206
0.2 0 0.42 0.12168026910181329
0.2 0 0.43 0.37422022521311127
0.2 0 0.44 0.3439010371672377
0.2 0 0.45 0.7385958131530914
0.2 0 0.46 1.1241470786472576
0.2 0 0.47000000000000003 0.8417135844345327
0.2 0 0.48 0.31904533823181086
0.2 0 0.49 0.2508429781907825
0.2 0 0.5 0.8561732433326961
0.21 0 0.0 20.108764031119506
0.21 0 0.01 9.724455199401964
0.21 0 0.02 9.855193203532425
0.21 0 0.03 17.026181594768218
0.21 0 0.04 5.306041669029022
0.21 0 0.05 2.3112840628363127
0.21 0 0.06 9.462693143514377
0.21 0 0.07 7.700421287264852
0.21 0 0.08 7.998876533258607
0.21 0 0.09 6.479606115138394
0.21 0 0.1 12.3264570077313
0.21 0 0.11 9.034179693821507
0.21 0 0.12 5.079140249951601
0.21 0 0.13 8.127558426304402
0.21 0 0.14 0.7595343057301374
0.21 0 0.15 0.14141356510797387
0.21 0 0.16 0.05549834379067596
0.21 0 0.17 0.03892066967175549
0.21 0 0.18 0.08999699301483365
0.21 0 0.19 0.23265891055711535
0.21 0 0.2 0.309179718857043
0.21 0 0.21 0.21622391721613562
0.21 0 0.22 0.18450548503402323
0.21 0 0.23 0.15706061790343648
0.21 0 0.24 0.08524423267440492
0.21 0 0.25 0.05616149367166321
0.21 0 0.26 0.009557993271743311
0.21 0 0.27 0.009358218745832089
0.21 0 0.28 0.009695397202533733
0.21 0 0.29 0.039535161870980474
0.21 0 0.3 0.04840288530034848
0.21 0 0.31 0.12725807698284156
0.21 0 0.32 0.6278955460603732
0.21 0 0.33 0.20799599884393766
0.21 0 0.34 0.0572045558719332
0.21 0 0.35000000000000003 0.026332792034783795
0.21 0 0.36 0.012626116560044075
0.21 0 0.37 0.00555871471958777
0.21 0 0.38 0.0011615042194588242
0.21 0 0.39 0.004684565059035274
0.21 0 0.4 0.0035858252118834135
0.21 0 0.41000000000000003 0.012521389362095766
0.21 0 0.42 0.22454538872555307
0.21 0 0.43 0.1535462893121418
0.21 0 0.44 0.04338006755649805
0.21 0 0.45 0.04805367630143303
0.21 0 0.46 0.17521328146727747
0.21 0 0.47000000000000003 0.10825917437616664
0.21 0 0.48 0.03624403512838227
0.21 0 0.49 0.05975067756589954
0.21 0 0.5 0.17405837989389583
0.22 0 0.0 104.27313012899462
0.22 0 0.01 26.314762108365947
0.22 0 0.02 16.010141265281412
0.22 0 0.03 5.359954086044325
0.22 0 0.04 9.355755306916336
0.22 0 0.05 6.7947197894453915
0.22 0 0.06 7.165595234569678
0.22 0 0.07 1.725112313935119
0.22 0 0.08 0.5581583788453184
0.22 0 0.09 2.6446269815150365
0.22 0 0.1 3.585886342087761
0.22 0 0.11 5.525847791602888
0.22 0 0.12 1.287720674533908
0.22 0 0.13 0.4437913969107037
0.22 0 0.14 0.1860866908807542
0.22 0 0.15 0.1562331669764351
0.22 0 0.16 0.3085186279781725
0.22 0 0.17 0.3435446528765793
0.22 0 0.18 0.06909102686187918
0.22 0 0.19 0.09008576544348819
0.22 0 0.2 0.09746853080212803
0.22 0 0.21 0.06744830453513811
0.22 0 0.22 0.04664486168885669
0.22 0 0.23 0.08583600020420018
0.22 0 0.24 0.052002842291596074
0.22 0 0.25 0.07653588097187347
0.22 0 0.26 0.11102584282652525
0.22 0 0.27 0.05449016332568552
0.22 0 0.28 0.12077080179601989
0.22 0 0.29 0.7386781377985918
0.22 0 0.3 2.654636718283806
0.22 0 0.31 1.0364371742553558
0.22 0 0.32 0.574072136487826
0.22 0 0.33 1.3957248022539948
0.22 0 0.34 0.08585193957393808
0.22 0 0.35000000000000003 0.044999953291302755
0.22 0 0.36 0.030121536857055303
0.22 0 0.37 0.005872618262453995
0.22 0 0.38 0.004817851035956655
0.22 0 0.39 0.008095090768766331
0.22 0 0.4 0.030357524957129362
0.22 0 0.41000000000000003 0.020582947412556268
0.22 0 0.42 0.05057042698258396
0.22 0 0.43 0.1047885087791719
0.22 0 0.44 0.08756132995763599
0.22 0 0.45 0.06138498627897065
0.22 0 0.46 0.1238002477287788
0.22 0 0.47000000000000003 0.07870308908658875
0.22 0 0.48 0.14068818548018353
0.22 0 0.49 0.48321779667998993
0.22 0 0.5 0.3481509775738027
0.23 0 0.0 3.0284319048871686
0.23 0 0.01 10.03785668516704
0.23 0 0.02 6.381756261786457
0.23 0 0.03 5.505989045684947
0.23 0 0.04 3.947531016017724
0.23 0 0.05 5.715899892189089
0.23 0 0.06 0.8547160601341478
0.23 0 0.07 1.9878781312642344
0.23 0 0.08 4.858963721526428
0.23 0 0.09 1.5200420755153687
0.23 0 0.1 0.6859263984020709
0.23 0 0.11 0.16681344088488076
0.23 0 0.12 0.059548813117702486
0.23 0 0.13 0.05237590652169107
0.23 0 0.14 0.05488017489927969
0.23 0 0.15 0.199945683942543
0.23 0 0.16 0.2941882163364857
0.23 0 0.17 0.2121363247940178
0.23 0 0.18 0.11217493465220732
0.23 0 0.19 0.3159136318493343
0.23 0 0.2 0.09599557614799185
0.23 0 0.21 0.02121188887110194
0.23 0 0.22 0.032819765407664285
0.23 0 0.23 0.17493681354311297
0.23 0 0.24 0.13145578900800484
0.23 0 0.25 0.03745990792042502
0.23 0 0.26 0.16680568372571125
0.23 0 0.27 0.7345475710997239
0.23 0 0.28 0.542222104909532
0.23 0 0.29 1.1980380012505911
0.23 0 0.3 0.6664779664774351
0.23 0 0.31 0.17062055353794606
0.23 0 0.32 0.20056195182853012
0.23 0 0.33 0.35371399390014313
0.23 0 0.34 0.4312889263401261
0.23 0 0.35000000000000003 0.05013443897221936
0.23 0 0.36 0.039655640404826435
0.23 0 0.37 0.004187194279974722
0.23 0 0.38 0.001061864692926389
0.23 0 0.39 0.00516190075071136
0.23 0 0.4 0.058440029961123734
0.23 0 0.41000000000000003 0.254128609677385
0.23 0 0.42 0.4319316805599752
0.23 0 0.43 0.9955110910313456
0.23 0 0.44 1.076344681143149
0.23 0 0.45 0.24567337694565983
0.23 0 0.46 0.27299773812964406
0.23 0 0.47000000000000003 1.0523555874522879
0.23 0 0.48 3.1090123524801125
0.23 0 0.49 0.6357876733703711
0.23 0 0.5 0.18477988953548186
0.24 0 0.0 6.281293329964515
0.24 0 0.01 18.20652637881978
0.24 0 0.02 2.964352190360479
0.24 0 0.03 1.5759870500745126
0.24 0 0.04 3.5937726087324755
0.24 0 0.05 1.577224937139583
0.24 0 0.06 0.5475691889154657
0.24 0 0.07 0.46479554593760997
0.24 0 0.08 0.39364459994603107
0.24 0 0.09 0.27505075486615116
0.24 0 0.1 0.4595305711818596
0.24 0 0.11 1.0998579081984923
0.24 0 0.12 0.19039240930633164
0.24 0 0.13 0.14469337702087431
0.24 0 0.14 0.16394890061296513
0.24 0 0.15 0.0948835104235501
0.24 0 0.16 0.03925198147322955
0.24 0 0.17 0.16207945580779712
0.24 0 0.18 0.6197446502605609
0.24 0 0.19 0.17297408138898898
0.24 0 0.2 0.06108188729746261
0.24 0 0.21 0.054543043396658955
0.24 0 0.22 0.15318313913314688
0.24 0 0.23 0.155213119219899
0.24 0 0.24 0.12657524839697645
0.24 0 0.25 0.2915124716313679
0.24 0 0.26 0.2481027849189177
0.24 0 0.27 0.12410843136565393
0.24 0 0.28 0.1311149235234264
0.24 0 0.29 0.16382921576125123
0.24 0 0.3 0.588785833582162
0.24 0 0.31 0.14787598783885303
0.24 0 0.32 0.13449973497944373
0.24 0 0.33 0.11621529121456511
0.24 0 0.34 0.1061255061308213
0.24 0 0.35000000000000003 0.08172603942880931
0.24 0 0.36 0.03861391739646969
0.24 0 0.37 0.026852553436728703
0.24 0 0.38 0.029403639233611358
0.24 0 0.39 0.03266889305870913
0.24 0 0.4 0.061659352737070766
0.24 0 0.41000000000000003 0.06090797775074576
0.24 0 0.42 0.09661595690894945
0.24 0 0.43 0.26719738167615537
0.24 0 0.44 0.5439683320707539
0.24 0 0.45 0.3015938918073525
0.24 0 0.46 0.4671109443589401
0.24 0 0.47000000000000003 0.5604122015321679
0.24 0 0.48 0.25952262628644507
0.24 0 0.49 0.24329151047766365
0.24 0 0.5 0.500677538030076
0.25 0 0.0 6.962539309000142
0.25 0 0.01 4.572946854680758
0.25 0 0.02 1.9419022676342432
0.25 0 0.03 0.7939379304085795
0.25 0 0.04 0.36339663363461006
0.25 0 0.05 0.5251402801812937
0.25 0 0.06 0.4615861074107081
0.25 0 0.07 1.0900922338076406
0.25 0 0.08 0.4118400957791505
0.25 0 0.09 0.40942917427101894
0.25 0 0.1 1.0106996382277036
0.25 0 0.11 4.565414243650954
0.25 0 0.12 1.7156143646222022
0.25 0 0.13 0.1577963482978914
0.25 0 0.14 0.23904731113652725
0.25 0 0.15 0.17016043583318005
0.25 0 0.16 0.14292104488377422
0.25 0 0.17 0.10203440159811913
0.25 0 0.18 0.6226853145264324
0.25 0 0.19 0.28257094933809374
0.25 0 0.2 0.08569555878251564
0.25 0 0.21 0.4504042896875147
0.25 0 0.22 0.37466817841676947
0.25 0 0.23 0.07006593422113483
0.25 0 0.24 0.2286169264268962
0.25 0 0.25 0.6087809825807132
0.25 0 0.26 0.30850049457646367
0.25 0 0.27 0.2326130626275995
0.25 0 0.28 1.211288047696204
0.25 0 0.29 2.7583712982146196
0.25 0 0.3 2.431148589222209
0.25 0 0.31 3.096735128374851
0.25 0 0.32 3.1505383395860873
0.25 0 0.33 0.18979837628722282
0.25 0 0.34 0.020700970023716153
0.25 0 0.35000000000000003 0.005928966878041308
0.25 0 0.36 0.011048084921672937
0.25 0 0.37 0.00941495257323474
0.25 0 0.38 0.007781995662222939
0.25 0 0.39 0.008876492919882663
0.25 0 0.4 0.03597002677440388
0.25 0 0.41000000000000003 0.07114857316500647
0.25 0 0.42 0.06617588242409977
0.25 0 0.43 0.5576909821795925
0.25 0 0.44 0.3959787716542862
0.25 0 0.45 0.09061653879230719
0.25 0 0.46 0.052313349338667776
0.25 0 0.47000000000000003 0.30836075341616603
0.25 0 0.48 0.44657867696848225
0.25 0 0.49 0.20809973240838708
0.25 0 0.5 0.5402095081661045
0.26 0 0.0 0.166596449914152
0.26 0 0.01 1.0451495331220857
0.26 0 0.02 0.7362444908578419
0.26 0 0.03 0.09694114534389568
0.26 0 0.04 0.17255690293437909
0.26 0 0.05 1.2546976665373568
0.26 0 0.06 0.6439604405340829
0.26 0 0.07 0.560743025942752
0.26 0 0.08 2.432974943563004
0.26 0 0.09 1.6766746032311541
0.26 0 0.1 0.9124298967688153
0.26 0 0.11 0.3426065423258139
0.26 0 0.12 0.5527285679922549
0.26 0 0.13 0.28309592235991093
0.26 0 0.14 0.22151131219797118
0.26 0 0.15 0.09330273039123305
0.26 0 0.16 0.0390949250858632
0.26 0 0.17 0.08967492635093333
0.26 0 0.18 0.1876703289527106
0.26 0 0.19 0.07131681058516293
0.26 0 0.2 0.09622340100945867
0.26 0 0.21 0.12189819590740872
0.26 0 0.22 0.20665700270245901
0.26 0 0.23 0.32139266930605737
0.26 0 0.24 0.3273380485525888
0.26 0 0.25 0.24741684403108963
0.26 0 0.26 0.43133506996667215
0.26 0 0.27 0.7188985426828516
0.26 0 0.28 0.8073144287039988
0.26 0 0.29 0.4855237123283436
0.26 0 0.3 0.6299926289436109
0.26 0 0.31 0.6292348255981197
0.26 0 0.32 0.7910603722369012
0.26 0 0.33 0.5330891161865831
0.26 0 0.34 0.25330898615404457
0.26 0 0.35000000000000003 0.08685821362447846
0.26 0 0.36 0.023829889266389827
0.26 0 0.37 0.010155393125614602
0.26 0 0.38 0.005360947518223351
0.26 0 0.39 0.018217187286313472
0.26 0 0.4 0.0280214168795926
0.26 0 0.41000000000000003 0.08751077740870733
0.26 0 0.42 0.18033934748215433
0.26 0 0.43 0.3743046874107486
0.26 0 0.44 0.2961609149396634
0.26 0 0.45 0.1279969737983747
0.26 0 0.46 0.4789772522362214
0.26 0 0.47000000000000003 1.18462861500776
0.26 0 0.48 0.38550631271248814
0.26 0 0.49 1.7733267300527868
0.26 0 0.5 1.8924327284956033
0.27 0 0.0 0.08119608154767224
0.27 0 0.01 0.13383773587935882
0.27 0 0.02 0.17420713644196212
0.27 0 0.03 0.2644878445898507
0.27 0 0.04 0.5131639251481712
0.27 0 0.05 0.15678894057813883
0.27 0 0.06 0.09480060072016883
0.27 0 0.07 0.2837627696178159
0.27 0 0.08 0.9732557454393664
0.27 0 0.09 0.24491696245006003
0.27 0 0.1 0.08202831015413752
0.27 0 0.11 0.1711804200404828
0.27 0 0.12 0.18956769793823003
0.27 0 0.13 0.11511372195348177
0.27 0 0.14 0.07358426374764078
0.27 0 0.15 0.04110352356899885
0.27 0 0.16 0.04679493186881808
0.27 0 0.17 0.007492920034385092
0.27 0 0.18 0.008301989720613374
0.27 0 0.19 0.0248641118289162
0.27 0 0.2 0.147291749876365
0.27 0 0.21 0.29128694198225374
0.27 0 0.22 0.3035755660898751
0.27 0 0.23 0.27775116809051237
0.27 0 0.24 0.12174404154503865
0.27 0 0.25 0.03451892503109551
0.27 0 0.26 0.05640302409839837
0.27 0 0.27 0.10170269312545159
0.27 0 0.28 0.046922390542869154
0.27 0 0.29 0.1406863309403292
0.27 0 0.3 0.1094897670284346
0.27 0 0.31 0.03151266334265666
0.27 0 0.32 0.01921524426488625
0.27 0 0.33 0.1617719236548859
0.27 0 0.34 0.1592539675825687
0.27 0 0.35000000000000003 0.02871954409976519
0.27 0 0.36 0.008288655685172843
0.27 0 0.37 0.02156785756249197
0.27 0 0.38 0.03869270384627095
0.27 0 0.39 0.07327148090155913
0.27 0 0.4 0.7562963423533732
0.27 0 0.41000000000000003 0.6262944196515314
0.27 0 0.42 0.44351912626592566
0.27 0 0.43 1.0138910479840408
0.27 0 0.44 0.5069191082474627
0.27 0 0.45 0.7244131442336056
0.27 0 0.46 0.21292413771327895
0.27 0 0.47000000000000003 0.11282407333776809
0.27 0 0.48 0.04930630491956675
0.27 0 0.49 0.1500074396463953
0.27 0 0.5 1.4088405625487632
0.28 0 0.0 0.026663026710833242
0.28 0 0.01 0.16648438452994754
0.28 0 0.02 0.2671638527496811
0.28 0 0.03 0.15192894753079045
0.28 0 0.04 0.6692062127352925
0.28 0 0.05 0.3271633912240785
0.28 0 0.06 0.17055030118976913
0.28 0 0.07 0.1741363737083903
0.28 0 0.08 0.03553866046953544
0.28 0 0.09 0.011620395968830022
0.28 0 0.1 0.0436072175154753
0.28 0 0.11 0.08105864288921753
0.28 0 0.12 0.0686850840909553
0.28 0 0.13 0.021410202609559205
0.28 0 0.14 0.0329037628006326
0.28 0 0.15 0.04709709621266265
0.28 0 0.16 0.017183510203611262
0.28 0 0.17 0.010236549486652083
0.28 0 0.18 0.005231525882534269
0.28 0 0.19 0.011259263492509015
0.28 0 0.2 0.03613527283704985
0.28 0 0.21 0.02006026109381848
0.28 0 0.22 0.013431124453126247
0.28 0 0.23 0.02281084826979577
0.28 0 0.24 0.007431139533218319
0.28 0 0.25 0.004984675863866378
0.28 0 0.26 0.0045950408173000366
0.28 0 0.27 0.004134762435546938
0.28 0 0.28 0.0035156169009375213
0.28 0 0.29 0.012317971961910933
0.28 0 0.3 0.03272265235638071
0.28 0 0.31 0.04713781996169927
0.28 0 0.32 0.059142609839159026
0.28 0 0.33 0.10373961675039042
0.28 0 0.34 0.02269485079183154
0.28 0 0.35000000000000003 0.010494972364771246
0.28 0 0.36 0.07341164596283908
0.28 0 0.37 0.23831511454293905
0.28 0 0.38 0.019287620631751243
0.28 0 0.39 0.01268052280574319
0.28 0 0.4 0.06336642385980146
0.28 0 0.41000000000000003 0.502933763058992
0.28 0 0.42 0.11028658539841303
0.28 0 0.43 0.08348472255765474
0.28 0 0.44 0.1437521653453762
0.28 0 0.45 0.06320075490686124
0.28 0 0.46 0.1418110665704064
0.28 0 0.47000000000000003 0.052809939387254354
0.28 0 0.48 0.07002572813127482
0.28 0 0.49 0.05388715345824075
0.28 0 0.5 0.07700521429573598
0.29 0 0.0 0.4216146748043876
0.29 0 0.01 0.20761076554052693
0.29 0 0.02 0.3241404865594048
0.29 0 0.03 2.3050894032815137
0.29 0 0.04 6.156400587240987
0.29 0 0.05 1.0860244433784572
0.29 0 0.06 0.2837782253908616
0.29 0 0.07 0.27085879777868854
0.29 0 0.08 0.4188276290330438
0.29 0 0.09 0.20168648817018744
0.29 0 0.1 0.08792932769913624
0.29 0 0.11 0.054863951753916
0.29 0 0.12 0.0050480614487536535
0.29 0 0.13 0.0018684774371194423
0.29 0 0.14 0.003735665118765632
0.29 0 0.15 0.009366677846185683
0.29 0 0.16 0.0051732127729961636
0.29 0 0.17 0.011016938903032828
0.29 0 0.18 0.03146200831211972
0.29 0 0.19 0.023988480562933658
0.29 0 0.2 0.00929761634549396
0.29 0 0.21 0.04251644300191396
0.29 0 0.22 0.04985228788753275
0.29 0 0.23 0.029665762634849897
0.29 0 0.24 0.029100898838784327
0.29 0 0.25 0.031555595072704105
0.29 0 0.26 0.029435403363508066
0.29 0 0.27 0.022841540939528397
0.29 0 0.28 0.016152216204672002
0.29 0 0.29 0.01336534918106667
0.29 0 0.3 0.01847109158673039
0.29 0 0.31 0.036390213673797196
0.29 0 0.32 0.030217562313291604
0.29 0 0.33 0.02019890236293326
0.29 0 0.34 0.017830864533267453
0.29 0 0.35000000000000003 0.07583811888382035
0.29 0 0.36 0.0410653855231083
0.29 0 0.37 0.06392385651926133
0.29 0 0.38 0.04214964407320724
0.29 0 0.39 0.14610713091265704
0.29 0 0.4 0.38622792223045793
0.29 0 0.41000000000000003 0.08852120983817915
0.29 0 0.42 0.4880194933421509
0.29 0 0.43 0.5080937155848628
0.29 0 0.44 0.08754123952906302
0.29 0 0.45 0.006977620780594525
0.29 0 0.46 0.031543747684985
0.29 0 0.47000000000000003 0.3675863539935183
0.29 0 0.48 0.13524159203779737
0.29 0 0.49 0.023203600187436977
0.29 0 0.5 0.06188176665213052
0.3 0 0.0 1.2831253044855502
0.3 0 0.01 2.4246443531748114
0.3 0 0.02 3.931629115902871
0.3 0 0.03 6.065603473098449
0.3 0 0.04 4.498945408028746
0.3 0 0.05 4.227216785661314
0.3 0 0.06 0.803429123083461
0.3 0 0.07 0.2391105145414488
0.3 0 0.08 0.23172208546257045
0.3 0 0.09 0.10648804239930124
0.3 0 0.1 0.04496023670295841
0.3 0 0.11 0.04017859179382112
0.3 0 0.12 0.020005694989007557
0.3 0 0.13 0.002594537652137297
0.3 0 0.14 0.0026327202212850878
0.3 0 0.15 0.006682215073816934
0.3 0 0.16 0.0018978050335717372
0.3 0 0.17 0.0036117726477970175
0.3 0 0.18 0.005013784689300033
0.3 0 0.19 0.009078261731234114
0.3 0 0.2 0.008575711148842757
0.3 0 0.21 0.04519320402780661
0.3 0 0.22 0.05762558893476141
0.3 0 0.23 0.05312855569012277
0.3 0 0.24 0.055059560672644295
0.3 0 0.25 0.08046621463298848
0.3 0 0.26 0.03312039782805037
0.3 0 0.27 0.01030992373679597
0.3 0 0.28 0.04412619226534415
0.3 0 0.29 0.03700022528425198
0.3 0 0.3 0.0029224694489867553
0.3 0 0.31 0.0010768923022734709
0.3 0 0.32 0.004370707509908672
0.3 0 0.33 0.03568622405031629
0.3 0 0.34 0.055931914188831484
0.3 0 0.35000000000000003 0.006942988649524993
0.3 0 0.36 0.004970293071429907
0.3 0 0.37 0.013776520045463769
0.3 0 0.38 0.12523540946754516
0.3 0 0.39 0.21395637663034026
0.3 0 0.4 0.5553191947370809
0.3 0 0.41000000000000003 3.407192998705863
0.3 0 0.42 3.7358511311095617
0.3 0 0.43 1.3776659341440272
0.3 0 0.44 0.263751425222987
0.3 0 0.45 0.15019286177031133
0.3 0 0.46 0.14307143839580072
0.3 0 0.47000000000000003 0.1134433530729671
0.3 0 0.48 0.24264506467848143
0.3 0 0.49 0.47126029309694145
0.3 0 0.5 2.900802502267599
#STOP
