#MEDIUM_PROPERTIES_DISTRIBUTED
$MSH_TYPE
	 GROUNDWATER_FLOW	
$MMP_TYPE
	 PERMEABILITY	
$DIS_TYPE
	 NEAREST_VALUE	
;hj
$CONVERSION_FACTOR
2e-8;2e-6;2e-13
$DATA
0.0 0 0.0 0.013865287844963317
0.0 0 0.01 0.011232042872577671
0.0 0 0.02 0.021006864971107857
0.0 0 0.03 0.009964939643952831
0.0 0 0.04 0.016623583184258345
0.0 0 0.05 0.011684429272920729
0.0 0 0.06 0.019390536909539992
0.0 0 0.07 0.01978364044561046
0.0 0 0.08 0.023778264925450855
0.0 0 0.09 0.02239918409926407
0.0 0 0.1 0.021855766867646547
0.0 0 0.11 0.015751142499878943
0.0 0 0.12 0.03417186188751293
0.0 0 0.13 0.02034315496325381
0.0 0 0.14 0.01805079527602769
0.0 0 0.15 0.016533922344537436
0.0 0 0.16 0.030136013729720034
0.0 0 0.17 0.03155770044444987
0.0 0 0.18 0.047988086791764556
0.0 0 0.19 0.062016345481372845
0.0 0 0.2 0.20978178184730625
0.0 0 0.21 0.5509858060388559
0.0 0 0.22 0.7145460269606343
0.0 0 0.23 1.2831630211353109
0.0 0 0.24 1.3122708033864097
0.0 0 0.25 0.5936666326248425
0.0 0 0.26 0.700158901894088
0.0 0 0.27 0.31725056340141244
0.0 0 0.28 0.2149000290867245
0.0 0 0.29 0.25341758850138385
0.0 0 0.3 0.1275416307655475
0.0 0 0.31 0.13687727737747765
0.0 0 0.32 0.06039104073824245
0.0 0 0.33 0.029865227646356046
0.0 0 0.34 0.04906263548742831
0.0 0 0.35000000000000003 0.07097063643985921
0.0 0 0.36 0.05077224555326641
0.0 0 0.37 0.07738418427207938
0.0 0 0.38 0.04653414911926494
0.0 0 0.39 0.03002154696196109
0.0 0 0.4 0.019865910631830422
0.0 0 0.41000000000000003 0.013583076768108429
0.0 0 0.42 0.011055502271082863
0.0 0 0.43 0.0291425074075521
0.0 0 0.44 0.016440528995734987
0.0 0 0.45 0.046052910932699094
0.0 0 0.46 0.04538984463773028
0.0 0 0.47000000000000003 0.027138322036432325
0.0 0 0.48 0.03304665531137025
0.0 0 0.49 0.03675440587549517
0.0 0 0.5 0.024649217548492138
0.01 0 0.0 0.10878679257786222
0.01 0 0.01 0.04296764077151845
0.01 0 0.02 0.13156635444413753
0.01 0 0.03 0.07770396188692187
0.01 0 0.04 0.0867392128372436
0.01 0 0.05 0.15955756558394588
0.01 0 0.06 0.10289121529792664
0.01 0 0.07 0.05684438126090485
0.01 0 0.08 0.05487341991343884
0.01 0 0.09 0.026931198689931844
0.01 0 0.1 0.04235381367600462
0.01 0 0.11 0.02764200332423791
0.01 0 0.12 0.022359317771852533
0.01 0 0.13 0.04121436398496166
0.01 0 0.14 0.04703667476009063
0.01 0 0.15 0.025013697602132075
0.01 0 0.16 0.04169521941355835
0.01 0 0.17 0.04531218558246212
0.01 0 0.18 0.055324891133151706
0.01 0 0.19 0.15958937585856536
0.01 0 0.2 0.10476613570024824
0.01 0 0.21 0.09766462826153688
0.01 0 0.22 0.1050714306366438
0.01 0 0.23 0.07598908955148026
0.01 0 0.24 0.2330191336855537
0.01 0 0.25 0.40206531394120715
0.01 0 0.26 0.30559173181077504
0.01 0 0.27 0.9478151474420503
0.01 0 0.28 0.5185702392202192
0.01 0 0.29 0.32236539414761894
0.01 0 0.3 0.24185017331599404
0.01 0 0.31 0.24260537185659053
0.01 0 0.32 0.24294669638501173
0.01 0 0.33 0.2873963136990332
0.01 0 0.34 0.08855933181527924
0.01 0 0.35000000000000003 0.08886954627049214
0.01 0 0.36 0.07905263573397424
0.01 0 0.37 0.0834267613633355
0.01 0 0.38 0.11250881673298273
0.01 0 0.39 0.17135499298171677
0.01 0 0.4 0.05498486910377654
0.01 0 0.41000000000000003 0.08139196453815067
0.01 0 0.42 0.027593350271733066
0.01 0 0.43 0.01895023671518312
0.01 0 0.44 0.012639177474690542
0.01 0 0.45 0.009803653095412266
0.01 0 0.46 0.010627257915270675
0.01 0 0.47000000000000003 0.014997332736824812
0.01 0 0.48 0.006796664729532384
0.01 0 0.49 0.015800520885613668
0.01 0 0.5 0.018587910410873657
0.02 0 0.0 0.04573494049401755
0.02 0 0.01 0.04782759136196487
0.02 0 0.02 0.03988446580907443
0.02 0 0.03 0.06783338906601696
0.02 0 0.04 0.03982515608027362
0.02 0 0.05 0.01890246065029794
0.02 0 0.06 0.02939272309415283
0.02 0 0.07 0.022393469859225308
0.02 0 0.08 0.019203503367890132
0.02 0 0.09 0.021688816144062508
0.02 0 0.1 0.014469019335767873
0.02 0 0.11 0.010971524244986684
0.02 0 0.12 0.013001854283355289
0.02 0 0.13 0.014014219632813928
0.02 0 0.14 0.021899416310411365
0.02 0 0.15 0.035055171509725785
0.02 0 0.16 0.01892293946649491
0.02 0 0.17 0.025490527590297553
0.02 0 0.18 0.009439175746062923
0.02 0 0.19 0.004867288823830128
0.02 0 0.2 0.00853913243431851
0.02 0 0.21 0.01698499883559094
0.02 0 0.22 0.023674939581637768
0.02 0 0.23 0.03359952161014946
0.02 0 0.24 0.02024380308567611
0.02 0 0.25 0.039856703940357514
0.02 0 0.26 0.029036661144814152
0.02 0 0.27 0.040683939603806486
0.02 0 0.28 0.03707735774821014
0.02 0 0.29 0.043554358544146396
0.02 0 0.3 0.021479650949780302
0.02 0 0.31 0.020231263954632952
0.02 0 0.32 0.013915467967548126
0.02 0 0.33 0.01866253557298853
0.02 0 0.34 0.018288539702028227
0.02 0 0.35000000000000003 0.028199771494336036
0.02 0 0.36 0.014051825099267709
0.02 0 0.37 0.012897621473677703
0.02 0 0.38 0.008085648403754005
0.02 0 0.39 0.02342293132242931
0.02 0 0.4 0.023161866114877014
0.02 0 0.41000000000000003 0.02918575973286237
0.02 0 0.42 0.021000219521075267
0.02 0 0.43 0.023439462377759384
0.02 0 0.44 0.02449857202160761
0.02 0 0.45 0.029234536789128365
0.02 0 0.46 0.03446896531012793
0.02 0 0.47000000000000003 0.11593842748269016
0.02 0 0.48 0.10200844864774893
0.02 0 0.49 0.1828590067409451
0.02 0 0.5 0.10982508745139959
0.03 0 0.0 0.09639762421132768
0.03 0 0.01 0.057819726472761734
0.03 0 0.02 0.02203988406333947
0.03 0 0.03 0.013347209270413054
0.03 0 0.04 0.007560633370257287
0.03 0 0.05 0.0046291497869681095
0.03 0 0.06 0.004446113525927563
0.03 0 0.07 0.005056259883576067
0.03 0 0.08 0.0044389646482990925
0.03 0 0.09 0.006476095577041761
0.03 0 0.1 0.008469620486322315
0.03 0 0.11 0.01216226767672792
0.03 0 0.12 0.006418501615588719
0.03 0 0.13 0.006250886101861309
0.03 0 0.14 0.005388140705343785
0.03 0 0.15 0.010194541128001961
0.03 0 0.16 0.007788405933594074
0.03 0 0.17 0.01576481158410814
0.03 0 0.18 0.020847294481415774
0.03 0 0.19 0.01818645612578153
0.03 0 0.2 0.012081144886721115
0.03 0 0.21 0.01115888781125051
0.03 0 0.22 0.006860653213898099
0.03 0 0.23 0.015030572791419132
0.03 0 0.24 0.006751972496060202
0.03 0 0.25 0.009283265694656786
0.03 0 0.26 0.005181772888064481
0.03 0 0.27 0.004261351706406205
0.03 0 0.28 0.007101880897811288
0.03 0 0.29 0.015129343358072582
0.03 0 0.3 0.009402346989446891
0.03 0 0.31 0.012497989952329125
0.03 0 0.32 0.005717107222640789
0.03 0 0.33 0.004395021673697378
0.03 0 0.34 0.002409740438012563
0.03 0 0.35000000000000003 0.0021595650372113633
0.03 0 0.36 0.0019290099136793268
0.03 0 0.37 0.004530457951580956
0.03 0 0.38 0.001995522702646517
0.03 0 0.39 0.0028527189034862504
0.03 0 0.4 0.004925346004777408
0.03 0 0.41000000000000003 0.006111433194375424
0.03 0 0.42 0.013440110370699759
0.03 0 0.43 0.01682463263020632
0.03 0 0.44 0.008214924008608735
0.03 0 0.45 0.014883651387976336
0.03 0 0.46 0.00820448644570986
0.03 0 0.47000000000000003 0.010546532452779936
0.03 0 0.48 0.01517952175125826
0.03 0 0.49 0.0108016764301545
0.03 0 0.5 0.02126549379036582
0.04 0 0.0 0.016070649476645896
0.04 0 0.01 0.017957291375559195
0.04 0 0.02 0.019069262773928907
0.04 0 0.03 0.017929657119715243
0.04 0 0.04 0.02411333299718686
0.04 0 0.05 0.024250912069561047
0.04 0 0.06 0.008203942777246006
0.04 0 0.07 0.013308571971934855
0.04 0 0.08 0.010604439744561999
0.04 0 0.09 0.01228685435427405
0.04 0 0.1 0.02013917153447399
0.04 0 0.11 0.05291014386332748
0.04 0 0.12 0.04344694643594783
0.04 0 0.13 0.08841484549794601
0.04 0 0.14 0.03366329836547876
0.04 0 0.15 0.028004745004694184
0.04 0 0.16 0.01916698292010599
0.04 0 0.17 0.008306549438406405
0.04 0 0.18 0.005848958469063633
0.04 0 0.19 0.005948142043484994
0.04 0 0.2 0.0013053935123082826
0.04 0 0.21 0.0027947803763970374
0.04 0 0.22 0.0018649105619582954
0.04 0 0.23 0.0024135883892104086
0.04 0 0.24 0.004023079011285733
0.04 0 0.25 0.0062637369615627676
0.04 0 0.26 0.00689651648399379
0.04 0 0.27 0.007783647846376209
0.04 0 0.28 0.002101713172629609
0.04 0 0.29 0.002583669033814953
0.04 0 0.3 0.0036959863798148216
0.04 0 0.31 0.005146610016643502
0.04 0 0.32 0.008818556177410761
0.04 0 0.33 0.024025735973117485
0.04 0 0.34 0.022466891723856325
0.04 0 0.35000000000000003 0.06986435194648324
0.04 0 0.36 0.08829206274865822
0.04 0 0.37 0.09948084824836055
0.04 0 0.38 0.1653699194875262
0.04 0 0.39 0.09569681646672903
0.04 0 0.4 0.08344694879051275
0.04 0 0.41000000000000003 0.09555073683125717
0.04 0 0.42 0.05052036352765625
0.04 0 0.43 0.10203076824293841
0.04 0 0.44 0.153469862823306
0.04 0 0.45 0.11243722714783501
0.04 0 0.46 0.10616327890398598
0.04 0 0.47000000000000003 0.07538933834007358
0.04 0 0.48 0.11214392499417498
0.04 0 0.49 0.15948570385607805
0.04 0 0.5 0.1749102617641293
0.05 0 0.0 0.24158556333904938
0.05 0 0.01 0.22754097025644698
0.05 0 0.02 0.09200971782623837
0.05 0 0.03 0.11386307630363962
0.05 0 0.04 0.06453485445148448
0.05 0 0.05 0.12165378884530878
0.05 0 0.06 0.18325722777010148
0.05 0 0.07 0.29430461605046904
0.05 0 0.08 0.2497932419398161
0.05 0 0.09 0.32903157645818476
0.05 0 0.1 0.09668387604370655
0.05 0 0.11 0.1832635741388457
0.05 0 0.12 0.1606619601413337
0.05 0 0.13 0.09988312043300374
0.05 0 0.14 0.07717789951269145
0.05 0 0.15 0.05520856036743757
0.05 0 0.16 0.024017657571493045
0.05 0 0.17 0.032094411456759266
0.05 0 0.18 0.01696307631044723
0.05 0 0.19 0.040725564701610414
0.05 0 0.2 0.034989375018373375
0.05 0 0.21 0.022295830007012452
0.05 0 0.22 0.013047337929164892
0.05 0 0.23 0.008819364986838111
0.05 0 0.24 0.0039011096851301304
0.05 0 0.25 0.0035256132205549683
0.05 0 0.26 0.0036345560070759676
0.05 0 0.27 0.005574982693318899
0.05 0 0.28 0.007014785245846943
0.05 0 0.29 0.009176568420763219
0.05 0 0.3 0.008211128948902403
0.05 0 0.31 0.012229465341201565
0.05 0 0.32 0.015031895407878854
0.05 0 0.33 0.03293502703603892
0.05 0 0.34 0.0605334553248986
0.05 0 0.35000000000000003 0.05175975095591922
0.05 0 0.36 0.06865193667861592
0.05 0 0.37 0.0732827287651198
0.05 0 0.38 0.10876546219079895
0.05 0 0.39 0.1045305419604877
0.05 0 0.4 0.0988497228157751
0.05 0 0.41000000000000003 0.13564180076429413
0.05 0 0.42 0.1242316995879224
0.05 0 0.43 0.09202082362034392
0.05 0 0.44 0.12966497394440535
0.05 0 0.45 0.1263565699985753
0.05 0 0.46 0.36806883213120983
0.05 0 0.47000000000000003 0.3463009837821049
0.05 0 0.48 0.4283545210734675
0.05 0 0.49 0.3716467371989373
0.05 0 0.5 0.37502991568227584
0.06 0 0.0 0.007825730310822988
0.06 0 0.01 0.02293980024875115
0.06 0 0.02 0.030324005945041633
0.06 0 0.03 0.0544844931867338
0.06 0 0.04 0.04970226126597875
0.06 0 0.05 0.07564405236345162
0.06 0 0.06 0.030859903428806422
0.06 0 0.07 0.030124195565034855
0.06 0 0.08 0.025165638457840978
0.06 0 0.09 0.040550172277351415
0.06 0 0.1 0.023816510479792705
0.06 0 0.11 0.016444015449496186
0.06 0 0.12 0.016243110335817615
0.06 0 0.13 0.02775277418851521
0.06 0 0.14 0.043725559471146744
0.06 0 0.15 0.10385880235031442
0.06 0 0.16 0.10375360222495242
0.06 0 0.17 0.18159124896774462
0.06 0 0.18 0.11517029518658553
0.06 0 0.19 0.13777565562828165
0.06 0 0.2 0.16338023530793702
0.06 0 0.21 0.10345165573206994
0.06 0 0.22 0.1303831030513924
0.06 0 0.23 0.15424054004886018
0.06 0 0.24 0.11935494882788648
0.06 0 0.25 0.13792782854519717
0.06 0 0.26 0.12622088776614332
0.06 0 0.27 0.15514930486931866
0.06 0 0.28 0.25427745404942476
0.06 0 0.29 0.25650380928961614
0.06 0 0.3 0.37850108193422044
0.06 0 0.31 0.5217882254351934
0.06 0 0.32 0.34185922320890405
0.06 0 0.33 0.19340672262211533
0.06 0 0.34 0.3153100339998866
0.06 0 0.35000000000000003 0.17231177805562412
0.06 0 0.36 0.255230944774773
0.06 0 0.37 0.17597800363053595
0.06 0 0.38 0.0914558618326841
0.06 0 0.39 0.08870937996993604
0.06 0 0.4 0.058857911821827966
0.06 0 0.41000000000000003 0.03632533263984285
0.06 0 0.42 0.12072461385046467
0.06 0 0.43 0.08401529992870761
0.06 0 0.44 0.21162700407951462
0.06 0 0.45 0.22503096887331012
0.06 0 0.46 0.13709020036773667
0.06 0 0.47000000000000003 0.0833956665077694
0.06 0 0.48 0.10362415961428564
0.06 0 0.49 0.05591534072933464
0.06 0 0.5 0.09983577517262143
0.07 0 0.0 0.05024524794799416
0.07 0 0.01 0.058456801800402386
0.07 0 0.02 0.04186445328752981
0.07 0 0.03 0.03398630988503212
0.07 0 0.04 0.023960050133698757
0.07 0 0.05 0.026278981324846795
0.07 0 0.06 0.020710513976738263
0.07 0 0.07 0.03180465677138399
0.07 0 0.08 0.020068316455662732
0.07 0 0.09 0.020966736763658872
0.07 0 0.1 0.03841123970470195
0.07 0 0.11 0.03244682179966248
0.07 0 0.12 0.0376227421858032
0.07 0 0.13 0.051819201717034455
0.07 0 0.14 0.02154778452283514
0.07 0 0.15 0.04898585023601472
0.07 0 0.16 0.09430257986196414
0.07 0 0.17 0.09779378002205821
0.07 0 0.18 0.1888805322933948
0.07 0 0.19 0.12656939414516757
0.07 0 0.2 0.20394756533118094
0.07 0 0.21 0.3289552870617204
0.07 0 0.22 0.16736704901011126
0.07 0 0.23 0.11575550563037122
0.07 0 0.24 0.14475946040383694
0.07 0 0.25 0.0776738875035237
0.07 0 0.26 0.10534944049066435
0.07 0 0.27 0.10852543124463983
0.07 0 0.28 0.09538255087989096
0.07 0 0.29 0.11626389619500489
0.07 0 0.3 0.18537026013542654
0.07 0 0.31 0.12905288607812263
0.07 0 0.32 0.38472715323367407
0.07 0 0.33 0.1791240566812792
0.07 0 0.34 0.16142880487304015
0.07 0 0.35000000000000003 0.15183918918712166
0.07 0 0.36 0.08901290031236778
0.07 0 0.37 0.12445935306792684
0.07 0 0.38 0.5507778079174647
0.07 0 0.39 0.7619146619148685
0.07 0 0.4 3.2934440105921947
0.07 0 0.41000000000000003 2.267813380709013
0.07 0 0.42 2.1244079075350335
0.07 0 0.43 1.3126783653096015
0.07 0 0.44 0.8900628364937766
0.07 0 0.45 0.4874169535999577
0.07 0 0.46 0.8960964214621931
0.07 0 0.47000000000000003 0.4485662189059437
0.07 0 0.48 0.3367795473758385
0.07 0 0.49 0.23540429095303023
0.07 0 0.5 0.2486507555223364
0.08 0 0.0 0.39745667521035494
0.08 0 0.01 0.2832644591172417
0.08 0 0.02 0.2182659965051399
0.08 0 0.03 0.30963994650336363
0.08 0 0.04 0.19643242309854284
0.08 0 0.05 0.257848761848342
0.08 0 0.06 0.3063553418292266
0.08 0 0.07 0.1268063288422794
0.08 0 0.08 0.14420181861238457
0.08 0 0.09 0.11174545342234352
0.08 0 0.1 0.07519546673896721
0.08 0 0.11 0.09479253419837408
0.08 0 0.12 0.07137327865253382
0.08 0 0.13 0.12549158022888657
0.08 0 0.14 0.27120544007120556
0.08 0 0.15 0.10133377919515883
0.08 0 0.16 0.10261671566590515
0.08 0 0.17 0.0770107285214111
0.08 0 0.18 0.0780393757457587
0.08 0 0.19 0.06339528726635778
0.08 0 0.2 0.06805802356392861
0.08 0 0.21 0.0728745219406548
0.08 0 0.22 0.23735478532938067
0.08 0 0.23 0.404341279751227
0.08 0 0.24 0.7760934165140301
0.08 0 0.25 0.7604180259490728
0.08 0 0.26 0.8071090306674824
0.08 0 0.27 0.6966363881465784
0.08 0 0.28 1.6730210456759558
0.08 0 0.29 0.7694375483239911
0.08 0 0.3 0.8410205300831088
0.08 0 0.31 0.4918711169397094
0.08 0 0.32 0.6568202223628219
0.08 0 0.33 0.7965997100704129
0.08 0 0.34 1.1894886496904962
0.08 0 0.35000000000000003 1.7944759709664948
0.08 0 0.36 4.451615583936163
0.08 0 0.37 2.835415305203161
0.08 0 0.38 3.8025180950454365
0.08 0 0.39 2.0641302070866336
0.08 0 0.4 3.733825584120706
0.08 0 0.41000000000000003 3.878621728558227
0.08 0 0.42 5.5727424452282595
0.08 0 0.43 5.407987560274391
0.08 0 0.44 5.657564447867623
0.08 0 0.45 4.286185124124095
0.08 0 0.46 6.904943292865562
0.08 0 0.47000000000000003 6.3579961186573986
0.08 0 0.48 6.478537699563966
0.08 0 0.49 3.485340640046827
0.08 0 0.5 2.1960522977334
0.09 0 0.0 0.22974851004956906
0.09 0 0.01 0.28381238469592396
0.09 0 0.02 0.40864981626038205
0.09 0 0.03 0.39437510236775686
0.09 0 0.04 0.4493013294296199
0.09 0 0.05 0.25182476791797653
0.09 0 0.06 0.37616328105079716
0.09 0 0.07 0.4507556099237235
0.09 0 0.08 0.48573940720800074
0.09 0 0.09 0.5120330610715891
0.09 0 0.1 0.6838238738509408
0.09 0 0.11 0.6933406292675491
0.09 0 0.12 0.6226624513094207
0.09 0 0.13 0.26454221203562556
0.09 0 0.14 0.45095544786331
0.09 0 0.15 0.2918515200268577
0.09 0 0.16 0.44428175239772233
0.09 0 0.17 0.3247125208635338
0.09 0 0.18 0.26277694400845103
0.09 0 0.19 0.1982093761166721
0.09 0 0.2 0.2237187818418747
0.09 0 0.21 0.13831234684220983
0.09 0 0.22 0.16647547446502567
0.09 0 0.23 0.07788300118662489
0.09 0 0.24 0.14163609530062166
0.09 0 0.25 0.2323992541760624
0.09 0 0.26 0.37909681826234365
0.09 0 0.27 0.2103421631969335
0.09 0 0.28 0.43436948660805874
0.09 0 0.29 0.3907506341480658
0.09 0 0.3 0.786478138118397
0.09 0 0.31 0.7123198645987475
0.09 0 0.32 0.4632350039537838
0.09 0 0.33 0.5698878818597493
0.09 0 0.34 0.9456532351603738
0.09 0 0.35000000000000003 0.6922375498298365
0.09 0 0.36 2.2936806496517086
0.09 0 0.37 1.4841308973178102
0.09 0 0.38 2.3596758050271283
0.09 0 0.39 4.0685704828564155
0.09 0 0.4 3.7320616275869782
0.09 0 0.41000000000000003 4.777381554010808
0.09 0 0.42 8.095859511233359
0.09 0 0.43 6.102999366020932
0.09 0 0.44 6.988507188929903
0.09 0 0.45 2.4681535943388964
0.09 0 0.46 0.6593167053863819
0.09 0 0.47000000000000003 0.678514942017239
0.09 0 0.48 0.962805478869794
0.09 0 0.49 0.9405293528005105
0.09 0 0.5 1.871004593086968
0.1 0 0.0 0.8064220016506781
0.1 0 0.01 0.8139859334082025
0.1 0 0.02 0.9651743035251208
0.1 0 0.03 0.8086876257414751
0.1 0 0.04 1.8841200695500155
0.1 0 0.05 0.9787881071993262
0.1 0 0.06 0.9418604163213842
0.1 0 0.07 0.8817651735874544
0.1 0 0.08 0.47397001386932497
0.1 0 0.09 0.3222005380531067
0.1 0 0.1 0.48043596380495246
0.1 0 0.11 0.21899911431996877
0.1 0 0.12 0.499017102962562
0.1 0 0.13 0.1764545490779439
0.1 0 0.14 0.13624450313971093
0.1 0 0.15 0.13560190463952698
0.1 0 0.16 0.10330842529501394
0.1 0 0.17 0.10102286765445774
0.1 0 0.18 0.24281239225278503
0.1 0 0.19 0.08985934183246488
0.1 0 0.2 0.07918186016491845
0.1 0 0.21 0.05235120181932514
0.1 0 0.22 0.06775172545093693
0.1 0 0.23 0.11942292749151431
0.1 0 0.24 0.29263417530978475
0.1 0 0.25 0.24689039251983605
0.1 0 0.26 1.0823252526613318
0.1 0 0.27 1.0248794766019598
0.1 0 0.28 0.8423970885824251
0.1 0 0.29 1.1164454040666487
0.1 0 0.3 0.7383399058547244
0.1 0 0.31 0.8504982672923296
0.1 0 0.32 1.9976910390762088
0.1 0 0.33 0.707374255513637
0.1 0 0.34 0.7053252120830975
0.1 0 0.35000000000000003 0.4012879198053999
0.1 0 0.36 0.3472425904358604
0.1 0 0.37 0.8440084430210474
0.1 0 0.38 0.8060499654863054
0.1 0 0.39 0.5876652467010078
0.1 0 0.4 0.8837262516328925
0.1 0 0.41000000000000003 0.7624169039396896
0.1 0 0.42 0.6194524348684394
0.1 0 0.43 1.031115572910998
0.1 0 0.44 1.4532594837968376
0.1 0 0.45 4.60984429575444
0.1 0 0.46 11.531539710222159
0.1 0 0.47000000000000003 7.1258103867582046
0.1 0 0.48 5.765128284201541
0.1 0 0.49 6.042759955979133
0.1 0 0.5 3.3750638701926508
0.11 0 0.0 0.319783934224353
0.11 0 0.01 0.13200763277436076
0.11 0 0.02 0.1624451702554486
0.11 0 0.03 0.09065028705211944
0.11 0 0.04 0.07873664813714676
0.11 0 0.05 0.11256177266731607
0.11 0 0.06 0.11194877637585089
0.11 0 0.07 0.09860176522045748
0.11 0 0.08 0.3522247358664683
0.11 0 0.09 0.11477068796910947
0.11 0 0.1 0.1217111154022934
0.11 0 0.11 0.08971172072250996
0.11 0 0.12 0.11213843313522122
0.11 0 0.13 0.19650089272702478
0.11 0 0.14 0.3194479460355279
0.11 0 0.15 0.19765515027143438
0.11 0 0.16 0.25450781932791194
0.11 0 0.17 0.1449318691750636
0.11 0 0.18 0.23263923610721096
0.11 0 0.19 0.5345849548586902
0.11 0 0.2 0.908113801135269
0.11 0 0.21 0.5174525902363402
0.11 0 0.22 0.42542729825886644
0.11 0 0.23 0.08733662158436739
0.11 0 0.24 0.03883234355817024
0.11 0 0.25 0.020980896607150072
0.11 0 0.26 0.012423294180024537
0.11 0 0.27 0.018887056418011684
0.11 0 0.28 0.0232207251073165
0.11 0 0.29 0.02974405551016276
0.11 0 0.3 0.07201667341527845
0.11 0 0.31 0.07015845466262183
0.11 0 0.32 0.12404813528116847
0.11 0 0.33 0.2868525784826743
0.11 0 0.34 0.4651081679951618
0.11 0 0.35000000000000003 0.5914761912958482
0.11 0 0.36 0.2805403906458338
0.11 0 0.37 0.20785279968230846
0.11 0 0.38 0.17725753242954911
0.11 0 0.39 0.21654390527496475
0.11 0 0.4 0.19010678237037673
0.11 0 0.41000000000000003 0.2677576262821241
0.11 0 0.42 0.308740813240403
0.11 0 0.43 0.44886277535147645
0.11 0 0.44 0.40690305173008734
0.11 0 0.45 0.364776063138389
0.11 0 0.46 0.24829125119643145
0.11 0 0.47000000000000003 0.31992249960192715
0.11 0 0.48 0.1927280157187158
0.11 0 0.49 0.19952615628612974
0.11 0 0.5 0.04901312112287113
0.12 0 0.0 0.09326689917777414
0.12 0 0.01 0.10953569137429371
0.12 0 0.02 0.13403281173048578
0.12 0 0.03 0.0944993456178809
0.12 0 0.04 0.08169971799089186
0.12 0 0.05 0.03984381202307607
0.12 0 0.06 0.04904283929514781
0.12 0 0.07 0.021095955345848894
0.12 0 0.08 0.036872177895507174
0.12 0 0.09 0.048065354496562025
0.12 0 0.1 0.08608456283334068
0.12 0 0.11 0.10485605448365592
0.12 0 0.12 0.08989082852005398
0.12 0 0.13 0.06592164615415838
0.12 0 0.14 0.09130018272076267
0.12 0 0.15 0.1303072297594706
0.12 0 0.16 0.2623311023726228
0.12 0 0.17 0.14968026092225334
0.12 0 0.18 0.0785309915703193
0.12 0 0.19 0.05322580778771428
0.12 0 0.2 0.057312971292217386
0.12 0 0.21 0.049657696572812174
0.12 0 0.22 0.04996603024795636
0.12 0 0.23 0.03805612599920361
0.12 0 0.24 0.02002942263758557
0.12 0 0.25 0.014587780660567788
0.12 0 0.26 0.0059506930632930045
0.12 0 0.27 0.006247845159445535
0.12 0 0.28 0.007377649191891722
0.12 0 0.29 0.006188522770271696
0.12 0 0.3 0.012057286083997167
0.12 0 0.31 0.01695583201430494
0.12 0 0.32 0.01334400547023007
0.12 0 0.33 0.02954870780346585
0.12 0 0.34 0.019986051156632986
0.12 0 0.35000000000000003 0.03882074006187897
0.12 0 0.36 0.044772689464483824
0.12 0 0.37 0.03650857962751249
0.12 0 0.38 0.029633941693654558
0.12 0 0.39 0.03211633583206
0.12 0 0.4 0.014535390517479646
0.12 0 0.41000000000000003 0.02375133097362857
0.12 0 0.42 0.01929397803750192
0.12 0 0.43 0.02007300238184131
0.12 0 0.44 0.02983504015480881
0.12 0 0.45 0.06366033153761938
0.12 0 0.46 0.045840184072293094
0.12 0 0.47000000000000003 0.09734617838052108
0.12 0 0.48 0.033230163201116616
0.12 0 0.49 0.0557557954681834
0.12 0 0.5 0.07724196850612418
0.13 0 0.0 1.1159171707213753
0.13 0 0.01 0.5811766200245039
0.13 0 0.02 0.31178868303588686
0.13 0 0.03 0.24080059412395596
0.13 0 0.04 0.4700204195757824
0.13 0 0.05 0.24026914072240835
0.13 0 0.06 0.35953185065706883
0.13 0 0.07 0.2126432160380728
0.13 0 0.08 0.11926616474834052
0.13 0 0.09 0.16040067107816158
0.13 0 0.1 0.07581487643230261
0.13 0 0.11 0.04910550250481468
0.13 0 0.12 0.08133599813992494
0.13 0 0.13 0.048042819644119536
0.13 0 0.14 0.030458504434141897
0.13 0 0.15 0.019384193384000905
0.13 0 0.16 0.011848789793300639
0.13 0 0.17 0.021651504022798817
0.13 0 0.18 0.022917374512409508
0.13 0 0.19 0.009789818303490757
0.13 0 0.2 0.00802585328854727
0.13 0 0.21 0.009249323263465054
0.13 0 0.22 0.006378217414630492
0.13 0 0.23 0.0194656264218746
0.13 0 0.24 0.010732525444823894
0.13 0 0.25 0.007162219213342972
0.13 0 0.26 0.00700172440529363
0.13 0 0.27 0.0032094522812375157
0.13 0 0.28 0.00248416754382737
0.13 0 0.29 0.0030959290869990203
0.13 0 0.3 0.001146001731821477
0.13 0 0.31 0.00341155035475711
0.13 0 0.32 0.0029070613750662743
0.13 0 0.33 0.0032662467072612617
0.13 0 0.34 0.005283557709949821
0.13 0 0.35000000000000003 0.010339113631834512
0.13 0 0.36 0.010943892238785677
0.13 0 0.37 0.028373744587553627
0.13 0 0.38 0.016668205154883802
0.13 0 0.39 0.020933290701054433
0.13 0 0.4 0.01963332139454832
0.13 0 0.41000000000000003 0.012662026196330821
0.13 0 0.42 0.008063729567369254
0.13 0 0.43 0.012766992113204978
0.13 0 0.44 0.0042183533912926
0.13 0 0.45 0.011185228646183236
0.13 0 0.46 0.0146702660312584
0.13 0 0.47000000000000003 0.026899531994569355
0.13 0 0.48 0.052542774454615096
0.13 0 0.49 0.04678805896490438
0.13 0 0.5 0.03850774740305472
0.14 0 0.0 1.828694964744819
0.14 0 0.01 1.285236358305846
0.14 0 0.02 3.053476026333466
0.14 0 0.03 1.4022587623635505
0.14 0 0.04 1.222590703869382
0.14 0 0.05 2.36574737615543
0.14 0 0.06 1.6874304504525812
0.14 0 0.07 2.378799207246931
0.14 0 0.08 1.4593856070118756
0.14 0 0.09 0.8279507567055219
0.14 0 0.1 1.161020313880663
0.14 0 0.11 0.9840864418255416
0.14 0 0.12 0.46299523504360396
0.14 0 0.13 0.5910712005940841
0.14 0 0.14 0.3512395777933991
0.14 0 0.15 0.22174509082364458
0.14 0 0.16 0.14599739298042475
0.14 0 0.17 0.08066813642630566
0.14 0 0.18 0.051394119348868866
0.14 0 0.19 0.11482881253918444
0.14 0 0.2 0.04930227178111787
0.14 0 0.21 0.05004449789510436
0.14 0 0.22 0.01747221724093242
0.14 0 0.23 0.008918646943715249
0.14 0 0.24 0.012751616225164322
0.14 0 0.25 0.014351303105140961
0.14 0 0.26 0.005710680416536905
0.14 0 0.27 0.005513339712950937
0.14 0 0.28 0.0017567729949814232
0.14 0 0.29 0.001984648928535186
0.14 0 0.3 0.0009384231769604333
0.14 0 0.31 0.0007782669612372584
0.14 0 0.32 0.000679314152918145
0.14 0 0.33 0.0013502935406296758
0.14 0 0.34 0.001129548440136067
0.14 0 0.35000000000000003 0.0018775906331128668
0.14 0 0.36 0.002011280585969198
0.14 0 0.37 0.0038895394670865877
0.14 0 0.38 0.007274602612515233
0.14 0 0.39 0.020949236486766512
0.14 0 0.4 0.02575193888716259
0.14 0 0.41000000000000003 0.0692460156713034
0.14 0 0.42 0.0675968406005561
0.14 0 0.43 0.13979231055280716
0.14 0 0.44 0.10669547742069042
0.14 0 0.45 0.07444309391741653
0.14 0 0.46 0.07081276995712077
0.14 0 0.47000000000000003 0.10175499494240416
0.14 0 0.48 0.16745346000356226
0.14 0 0.49 0.2686750110101128
0.14 0 0.5 0.20746847643833616
0.15 0 0.0 1.3617169740312725
0.15 0 0.01 1.4805715935603103
0.15 0 0.02 1.1094107383612357
0.15 0 0.03 1.4754599211282555
0.15 0 0.04 0.6106475160264894
0.15 0 0.05 0.5444643899325803
0.15 0 0.06 0.45981301012769077
0.15 0 0.07 0.7430390270146914
0.15 0 0.08 0.9007146103768993
0.15 0 0.09 1.0985745020131716
0.15 0 0.1 0.7135233361470621
0.15 0 0.11 0.602538992395551
0.15 0 0.12 0.3148172996231072
0.15 0 0.13 0.3625273386949059
0.15 0 0.14 0.3468744865799218
0.15 0 0.15 0.6404919807674021
0.15 0 0.16 0.5975028554271931
0.15 0 0.17 1.2316291756529176
0.15 0 0.18 0.6481503426946914
0.15 0 0.19 0.5717464727990892
0.15 0 0.2 0.2680730204017619
0.15 0 0.21 0.36263705172887406
0.15 0 0.22 0.42570865204472513
0.15 0 0.23 0.3279951495612162
0.15 0 0.24 0.16616118713190414
0.15 0 0.25 0.21431474969028447
0.15 0 0.26 0.13054331517875137
0.15 0 0.27 0.2823697269357865
0.15 0 0.28 0.1382054519849558
0.15 0 0.29 0.14401354135230401
0.15 0 0.3 0.11743369920622972
0.15 0 0.31 0.08301393685340651
0.15 0 0.32 0.04764031082619887
0.15 0 0.33 0.036165507291148376
0.15 0 0.34 0.015531267579408408
0.15 0 0.35000000000000003 0.02588527656647519
0.15 0 0.36 0.032026379368004586
0.15 0 0.37 0.03869520287109565
0.15 0 0.38 0.03936996293218511
0.15 0 0.39 0.0661634369772387
0.15 0 0.4 0.08706440392152882
0.15 0 0.41000000000000003 0.26957705782977565
0.15 0 0.42 0.24226553352773056
0.15 0 0.43 0.28328662454221676
0.15 0 0.44 0.6813805644012513
0.15 0 0.45 0.4824772462691516
0.15 0 0.46 0.4532044607585025
0.15 0 0.47000000000000003 0.4606820355820597
0.15 0 0.48 0.330109136439225
0.15 0 0.49 1.0959398329805035
0.15 0 0.5 2.0440093326699844
0.16 0 0.0 3.031716805373293
0.16 0 0.01 4.899494024602174
0.16 0 0.02 3.2200951184587874
0.16 0 0.03 12.748542900495279
0.16 0 0.04 12.049428122966923
0.16 0 0.05 11.229694323927891
0.16 0 0.06 9.133088502654092
0.16 0 0.07 5.605476438280588
0.16 0 0.08 2.4872363048040005
0.16 0 0.09 2.48570217812931
0.16 0 0.1 1.1058397847102919
0.16 0 0.11 2.3337868468212792
0.16 0 0.12 2.2934623063897144
0.16 0 0.13 1.9217100090904333
0.16 0 0.14 1.1751028808997688
0.16 0 0.15 1.2264926381144214
0.16 0 0.16 0.35078656277136894
0.16 0 0.17 0.5975905941850962
0.16 0 0.18 0.5142124957068394
0.16 0 0.19 0.6795473712769058
0.16 0 0.2 1.0624537943316064
0.16 0 0.21 0.7674658122778842
0.16 0 0.22 0.6005453174364477
0.16 0 0.23 1.670272087375655
0.16 0 0.24 0.8867421012453301
0.16 0 0.25 1.9972711609056184
0.16 0 0.26 1.346621256532462
0.16 0 0.27 0.6026893935755879
0.16 0 0.28 0.49507733681800736
0.16 0 0.29 0.3300512309875207
0.16 0 0.3 0.15426244960941632
0.16 0 0.31 0.17197034266443206
0.16 0 0.32 0.09604208166166742
0.16 0 0.33 0.09742484600716367
0.16 0 0.34 0.11269065519189861
0.16 0 0.35000000000000003 0.05825115867601752
0.16 0 0.36 0.05331331781800279
0.16 0 0.37 0.1621700155131037
0.16 0 0.38 0.19216049560773277
0.16 0 0.39 0.3418069031658257
0.16 0 0.4 0.4288264720342896
0.16 0 0.41000000000000003 0.2745719557136834
0.16 0 0.42 0.8298666247093278
0.16 0 0.43 0.8851404197445197
0.16 0 0.44 1.0937308660358487
0.16 0 0.45 2.064674710973393
0.16 0 0.46 1.4215211851275362
0.16 0 0.47000000000000003 1.0699873238108453
0.16 0 0.48 0.8711117690222948
0.16 0 0.49 0.22676903613555802
0.16 0 0.5 0.2643707324155923
0.17 0 0.0 36.67014214451964
0.17 0 0.01 64.26794263208647
0.17 0 0.02 42.979155865729766
0.17 0 0.03 21.59325930607409
0.17 0 0.04 19.774483548708627
0.17 0 0.05 19.706935474566865
0.17 0 0.06 5.764667986276792
0.17 0 0.07 7.23607111830954
0.17 0 0.08 3.55155965592652
0.17 0 0.09 2.790921295110973
0.17 0 0.1 1.8885584885390099
0.17 0 0.11 1.2110060425765714
0.17 0 0.12 0.5057749279082092
0.17 0 0.13 1.0027205557712013
0.17 0 0.14 0.5804006367949035
0.17 0 0.15 1.0692358642396282
0.17 0 0.16 1.2820101866549558
0.17 0 0.17 0.7710637544357316
0.17 0 0.18 1.2187769171788092
0.17 0 0.19 2.4899131597234945
0.17 0 0.2 2.384024902153706
0.17 0 0.21 6.392296853962456
0.17 0 0.22 3.736562913079841
0.17 0 0.23 2.9716733133993816
0.17 0 0.24 2.0612717067301287
0.17 0 0.25 1.162244938191625
0.17 0 0.26 1.4203652522321564
0.17 0 0.27 1.9390567915008554
0.17 0 0.28 1.1389311403348266
0.17 0 0.29 0.5932168179454933
0.17 0 0.3 0.3273836944147036
0.17 0 0.31 0.14785680190496736
0.17 0 0.32 0.12314690975287412
0.17 0 0.33 0.12617064631093755
0.17 0 0.34 0.15036559584817424
0.17 0 0.35000000000000003 0.2613377754548481
0.17 0 0.36 0.2655449821829633
0.17 0 0.37 0.18990371715107296
0.17 0 0.38 0.31685583949620166
0.17 0 0.39 0.2608215220632102
0.17 0 0.4 0.6115831757548327
0.17 0 0.41000000000000003 0.6928517542623595
0.17 0 0.42 0.7942221424269552
0.17 0 0.43 0.7349870122044108
0.17 0 0.44 1.0184560358244905
0.17 0 0.45 1.6054915680596706
0.17 0 0.46 2.9728623315124594
0.17 0 0.47000000000000003 2.42555016748176
0.17 0 0.48 5.1878449810472675
0.17 0 0.49 4.334864825850047
0.17 0 0.5 5.002365968740782
0.18 0 0.0 37.84481177464993
0.18 0 0.01 27.853811742067553
0.18 0 0.02 18.903609527786564
0.18 0 0.03 24.71815448611471
0.18 0 0.04 17.129782488460503
0.18 0 0.05 23.93818979473745
0.18 0 0.06 20.067116495411007
0.18 0 0.07 23.25825726080444
0.18 0 0.08 18.99108882923943
0.18 0 0.09 22.553191965215746
0.18 0 0.1 10.709462113738882
0.18 0 0.11 12.377175832132295
0.18 0 0.12 8.757818727029116
0.18 0 0.13 6.306202965372269
0.18 0 0.14 4.709423692147231
0.18 0 0.15 4.161523191530103
0.18 0 0.16 6.313094645839223
0.18 0 0.17 7.06392540768386
0.18 0 0.18 3.8467510289844755
0.18 0 0.19 3.277078804000024
0.18 0 0.2 2.590590111967473
0.18 0 0.21 4.789824543650231
0.18 0 0.22 9.086257234032747
0.18 0 0.23 13.42024544189878
0.18 0 0.24 24.50796220697393
0.18 0 0.25 14.288308114006018
0.18 0 0.26 12.24650840159122
0.18 0 0.27 9.453614338375461
0.18 0 0.28 8.808669525589641
0.18 0 0.29 8.987517167500304
0.18 0 0.3 9.20330420376046
0.18 0 0.31 4.770826762431682
0.18 0 0.32 3.4947941446120416
0.18 0 0.33 1.7342632135830742
0.18 0 0.34 1.764908779967653
0.18 0 0.35000000000000003 1.9509783309541417
0.18 0 0.36 2.657326155304456
0.18 0 0.37 1.6773311671925977
0.18 0 0.38 4.313082084965483
0.18 0 0.39 3.080838140290712
0.18 0 0.4 5.3461634595125025
0.18 0 0.41000000000000003 8.189904862281177
0.18 0 0.42 9.999458847983446
0.18 0 0.43 12.042616095735593
0.18 0 0.44 12.377036129408104
0.18 0 0.45 5.126072678036854
0.18 0 0.46 15.421776661011233
0.18 0 0.47000000000000003 9.037690360645593
0.18 0 0.48 9.132145005822341
0.18 0 0.49 6.14947179006372
0.18 0 0.5 3.6604469515341167
0.19 0 0.0 35.66881721318439
0.19 0 0.01 19.445114843048984
0.19 0 0.02 7.669171256473446
0.19 0 0.03 4.633544650006466
0.19 0 0.04 1.4242192097053104
0.19 0 0.05 1.306737413735596
0.19 0 0.06 0.932071345722475
0.19 0 0.07 0.510508739938861
0.19 0 0.08 0.4203352647041896
0.19 0 0.09 0.6332760528459577
0.19 0 0.1 0.6583539576861297
0.19 0 0.11 0.8489050514727813
0.19 0 0.12 0.8417899822217119
0.19 0 0.13 0.5003137002227487
0.19 0 0.14 0.6772083376851715
0.19 0 0.15 0.35761791845370094
0.19 0 0.16 0.26829976050942994
0.19 0 0.17 0.5015439212472078
0.19 0 0.18 0.45339393919486015
0.19 0 0.19 0.6382245991171271
0.19 0 0.2 0.948043580960484
0.19 0 0.21 0.35079363264503055
0.19 0 0.22 0.6440465356911697
0.19 0 0.23 0.5894008408008289
0.19 0 0.24 0.7721164279209063
0.19 0 0.25 0.825683027336853
0.19 0 0.26 0.4512038777253284
0.19 0 0.27 0.18804145248976067
0.19 0 0.28 0.2863916227200901
0.19 0 0.29 0.16256632898093373
0.19 0 0.3 0.2526433321337317
0.19 0 0.31 0.40278465141155506
0.19 0 0.32 0.4377098713444485
0.19 0 0.33 0.2589674781126547
0.19 0 0.34 0.28827188756583266
0.19 0 0.35000000000000003 0.10053683209238451
0.19 0 0.36 0.3276508111747203
0.19 0 0.37 0.3274388562806821
0.19 0 0.38 0.362724513779455
0.19 0 0.39 0.5482339632460723
0.19 0 0.4 0.44853536780064746
0.19 0 0.41000000000000003 0.3386655537042553
0.19 0 0.42 1.0263890543550318
0.19 0 0.43 0.6917122216679311
0.19 0 0.44 1.468153461679758
0.19 0 0.45 1.0060115813953363
0.19 0 0.46 0.7245982317507166
0.19 0 0.47000000000000003 0.518258722861439
0.19 0 0.48 0.46396553965859005
0.19 0 0.49 0.25111024972322477
0.19 0 0.5 0.44547563272046986
0.2 0 0.0 2.1455676177996335
0.2 0 0.01 1.4809518008545848
0.2 0 0.02 0.6004360723486534
0.2 0 0.03 0.2527938985949089
0.2 0 0.04 0.23335860809678272
0.2 0 0.05 0.15782376963288816
0.2 0 0.06 0.17208800174383107
0.2 0 0.07 0.36329896344497464
0.2 0 0.08 0.35759326177556605
0.2 0 0.09 0.28714622697457065
0.2 0 0.1 0.5724104725886119
0.2 0 0.11 0.3574306894807599
0.2 0 0.12 1.0181652860343604
0.2 0 0.13 1.9309740470729144
0.2 0 0.14 1.8250404114955743
0.2 0 0.15 2.6949317339226995
0.2 0 0.16 2.8131905813835516
0.2 0 0.17 2.007704835655939
0.2 0 0.18 4.399650347725147
0.2 0 0.19 1.8170840478383732
0.2 0 0.2 2.3413616362478074
0.2 0 0.21 1.7192961754423204
0.2 0 0.22 0.9122318772819594
0.2 0 0.23 0.33258402325411246
0.2 0 0.24 0.35524541383797326
0.2 0 0.25 0.29684772917756946
0.2 0 0.26 0.7891415977761559
0.2 0 0.27 0.7824010855080544
0.2 0 0.28 0.7501784917204855
0.2 0 0.29 0.620393392161994
0.2 0 0.3 0.7886792061321874
0.2 0 0.31 0.5405645556084233
0.2 0 0.32 1.8051162204602131
0.2 0 0.33 1.426963284038931
0.2 0 0.34 2.104734313015732
0.2 0 0.35000000000000003 1.3234918798625952
0.2 0 0.36 0.6562499197579946
0.2 0 0.37 0.35743470219867907
0.2 0 0.38 0.3397253656994601
0.2 0 0.39 0.3394329590587033
0.2 0 0.4 0.7516285003410588
0.2 0 0.41000000000000003 0.41376108472010376
0.2 0 0.42 0.4086700106170132
0.2 0 0.43 0.2706458679112519
0.2 0 0.44 0.2904896986867928
0.2 0 0.45 0.1797829841732356
0.2 0 0.46 0.13836861863221978
0.2 0 0.47000000000000003 0.1186886920544261
0.2 0 0.48 0.11400791688852147
0.2 0 0.49 0.09274330889958092
0.2 0 0.5 0.1107369539506171
0.21 0 0.0 1.1813445366560749
0.21 0 0.01 1.3205876105621626
0.21 0 0.02 1.7825343841704655
0.21 0 0.03 1.251859984850135
0.21 0 0.04 0.5784306030643463
0.21 0 0.05 0.25628156658061074
0.21 0 0.06 0.23643404830570078
0.21 0 0.07 0.11058667690121088
0.21 0 0.08 0.1761467811336471
0.21 0 0.09 0.13720893406159274
0.21 0 0.1 0.2702474897986919
0.21 0 0.11 0.38504098939369585
0.21 0 0.12 0.5151623971175643
0.21 0 0.13 0.8371770659847433
0.21 0 0.14 2.837332775454278
0.21 0 0.15 4.152365737200254
0.21 0 0.16 7.424966192763789
0.21 0 0.17 3.0972473575462605
0.21 0 0.18 3.5820554107251175
0.21 0 0.19 1.5767728339850249
0.21 0 0.2 1.3277774334201693
0.21 0 0.21 0.7403089341338949
0.21 0 0.22 0.7157490944387839
0.21 0 0.23 0.5396526591156348
0.21 0 0.24 0.565909111683449
0.21 0 0.25 0.2893329854827579
0.21 0 0.26 0.3427525184625467
0.21 0 0.27 0.25945773063957017
0.21 0 0.28 0.5061429139084828
0.21 0 0.29 0.6072960672017951
0.21 0 0.3 0.8069242081402843
0.21 0 0.31 0.3620170059581089
0.21 0 0.32 0.4819938847890447
0.21 0 0.33 0.4006341951566559
0.21 0 0.34 0.48598822386848195
0.21 0 0.35000000000000003 0.7062806754324886
0.21 0 0.36 0.7788885751000756
0.21 0 0.37 0.924863331972229
0.21 0 0.38 0.8236970892832587
0.21 0 0.39 0.2062793810949756
0.21 0 0.4 0.24423464335289455
0.21 0 0.41000000000000003 0.17084046563378197
0.21 0 0.42 0.13404022937177124
0.21 0 0.43 0.18549855545656757
0.21 0 0.44 0.1271964821596479
0.21 0 0.45 0.12456878868720812
0.21 0 0.46 0.1450167411910946
0.21 0 0.47000000000000003 0.11098231907016277
0.21 0 0.48 0.1262937492896246
0.21 0 0.49 0.16866399053488176
0.21 0 0.5 0.1181292397151223
0.22 0 0.0 1.3215736886567393
0.22 0 0.01 0.803872269514201
0.22 0 0.02 1.5826787007068908
0.22 0 0.03 2.0166936133903595
0.22 0 0.04 3.129970243068781
0.22 0 0.05 1.626973175409166
0.22 0 0.06 1.266774712691276
0.22 0 0.07 0.5166668312244682
0.22 0 0.08 0.882221417728315
0.22 0 0.09 0.5826328054992198
0.22 0 0.1 0.5672450210698029
0.22 0 0.11 0.7114543934105938
0.22 0 0.12 0.7033418725718814
0.22 0 0.13 0.4296988519228112
0.22 0 0.14 0.7390843639380742
0.22 0 0.15 0.33968082728732124
0.22 0 0.16 1.1457246827431136
0.22 0 0.17 1.6450320910600114
0.22 0 0.18 2.562364635511714
0.22 0 0.19 4.196725667705622
0.22 0 0.2 4.018689377906225
0.22 0 0.21 2.250266831120321
0.22 0 0.22 2.897556373475146
0.22 0 0.23 0.8665763314409229
0.22 0 0.24 0.5246135789702415
0.22 0 0.25 0.4634091847070264
0.22 0 0.26 0.47180238132886704
0.22 0 0.27 0.3817942068970283
0.22 0 0.28 0.3911754134008869
0.22 0 0.29 0.14140029370280655
0.22 0 0.3 0.2346553269090146
0.22 0 0.31 0.25358456920630146
0.22 0 0.32 0.12295809646306499
0.22 0 0.33 0.17698530179027588
0.22 0 0.34 0.11227326268179239
0.22 0 0.35000000000000003 0.0665017194136085
0.22 0 0.36 0.10196738820149488
0.22 0 0.37 0.05482724235808998
0.22 0 0.38 0.07350174641145682
0.22 0 0.39 0.1157303877404607
0.22 0 0.4 0.06869334629374584
0.22 0 0.41000000000000003 0.10699707551987238
0.22 0 0.42 0.07759459587063078
0.22 0 0.43 0.06145555288016439
0.22 0 0.44 0.11185467724748911
0.22 0 0.45 0.18784992078165264
0.22 0 0.46 0.11577434670066104
0.22 0 0.47000000000000003 0.19948481214180003
0.22 0 0.48 0.16770278696581908
0.22 0 0.49 0.1946812565373668
0.22 0 0.5 0.22614201524240535
0.23 0 0.0 0.05108952064914692
0.23 0 0.01 0.07103555526893308
0.23 0 0.02 0.09277994588383519
0.23 0 0.03 0.07742600937490404
0.23 0 0.04 0.2987792043007258
0.23 0 0.05 0.2252974097100039
0.23 0 0.06 0.37445171090991564
0.23 0 0.07 0.30111080067479895
0.23 0 0.08 0.14527856092432828
0.23 0 0.09 0.13868563320750468
0.23 0 0.1 0.1755902490707201
0.23 0 0.11 0.1134371936115502
0.23 0 0.12 0.45517953057758087
0.23 0 0.13 0.38335545909934937
0.23 0 0.14 0.898239014440112
0.23 0 0.15 2.2821339373235845
0.23 0 0.16 2.9773182782029486
0.23 0 0.17 3.5636862153148385
0.23 0 0.18 5.130719997568032
0.23 0 0.19 3.647603769862765
0.23 0 0.2 5.023260358668862
0.23 0 0.21 3.8036609728915334
0.23 0 0.22 2.87296629758276
0.23 0 0.23 3.9927207618358604
0.23 0 0.24 3.948464113179306
0.23 0 0.25 1.5360279337325287
0.23 0 0.26 1.4364711819286586
0.23 0 0.27 1.0022610499796045
0.23 0 0.28 1.0188155418731406
0.23 0 0.29 1.7970014123438052
0.23 0 0.3 0.9763262814766505
0.23 0 0.31 1.219762129027676
0.23 0 0.32 1.1865087805070746
0.23 0 0.33 1.0462751680857558
0.23 0 0.34 1.4181535098185227
0.23 0 0.35000000000000003 0.8530059890003899
0.23 0 0.36 0.348582954161054
0.23 0 0.37 0.3498019816896032
0.23 0 0.38 0.20969991444708555
0.23 0 0.39 0.22918935112035957
0.23 0 0.4 0.15181654021630914
0.23 0 0.41000000000000003 0.21736757688494518
0.23 0 0.42 0.20330431518880643
0.23 0 0.43 0.23373806137828027
0.23 0 0.44 0.13383564466118136
0.23 0 0.45 0.2559657660554828
0.23 0 0.46 0.3812707385018769
0.23 0 0.47000000000000003 0.5612584074123361
0.23 0 0.48 0.42039658289188425
0.23 0 0.49 0.343275182929486
0.23 0 0.5 0.13124498958260955
0.24 0 0.0 0.03534837609380695
0.24 0 0.01 0.027540908394657494
0.24 0 0.02 0.048041782166364184
0.24 0 0.03 0.02692063757150471
0.24 0 0.04 0.025819681722446704
0.24 0 0.05 0.04315974406829296
0.24 0 0.06 0.057009776237362995
0.24 0 0.07 0.06434388629531856
0.24 0 0.08 0.11427775601239534
0.24 0 0.09 0.07805931403100178
0.24 0 0.1 0.10855039227311226
0.24 0 0.11 0.07182157400870798
0.24 0 0.12 0.08976221537848551
0.24 0 0.13 0.11766510368078216
0.24 0 0.14 0.11182668076158803
0.24 0 0.15 0.10548137097000082
0.24 0 0.16 0.09248088709594943
0.24 0 0.17 0.0858491470358493
0.24 0 0.18 0.08118088810287984
0.24 0 0.19 0.08902924424289152
0.24 0 0.2 0.1366392289963662
0.24 0 0.21 0.197076803584889
0.24 0 0.22 0.21894783991831399
0.24 0 0.23 0.22259607566146825
0.24 0 0.24 0.1776555085638963
0.24 0 0.25 0.1349179455960051
0.24 0 0.26 0.08277486554900242
0.24 0 0.27 0.09210205686983172
0.24 0 0.28 0.05607409930739093
0.24 0 0.29 0.09022985100127547
0.24 0 0.3 0.0739521321857591
0.24 0 0.31 0.0832958124915217
0.24 0 0.32 0.04888527404206279
0.24 0 0.33 0.016791950933315213
0.24 0 0.34 0.012208776742427178
0.24 0 0.35000000000000003 0.023426106071084512
0.24 0 0.36 0.014096575795156273
0.24 0 0.37 0.022328694005173226
0.24 0 0.38 0.009523927360826592
0.24 0 0.39 0.011311910827799842
0.24 0 0.4 0.01168876524909159
0.24 0 0.41000000000000003 0.015093364450479412
0.24 0 0.42 0.01851977540116168
0.24 0 0.43 0.04435057943706634
0.24 0 0.44 0.025804222980402587
0.24 0 0.45 0.03438861149255533
0.24 0 0.46 0.026347646557980796
0.24 0 0.47000000000000003 0.02249242772604827
0.24 0 0.48 0.026735722234604513
0.24 0 0.49 0.07178352490797199
0.24 0 0.5 0.03307017074287301
0.25 0 0.0 0.013598085333708931
0.25 0 0.01 0.005639801172661802
0.25 0 0.02 0.00809571749594166
0.25 0 0.03 0.011807921687128724
0.25 0 0.04 0.012009861242985424
0.25 0 0.05 0.017252726466957736
0.25 0 0.06 0.023298698244245727
0.25 0 0.07 0.030423939373384595
0.25 0 0.08 0.08244619647597187
0.25 0 0.09 0.09035157556081912
0.25 0 0.1 0.19033158713525986
0.25 0 0.11 0.3893589841008062
0.25 0 0.12 0.2747778420064697
0.25 0 0.13 0.4551726300104437
0.25 0 0.14 0.2709149162565842
0.25 0 0.15 0.20072177155495774
0.25 0 0.16 0.3275878641400151
0.25 0 0.17 0.36760167305929964
0.25 0 0.18 0.2667343584947486
0.25 0 0.19 0.2795723613837716
0.25 0 0.2 0.11956398930217561
0.25 0 0.21 0.12379065329313839
0.25 0 0.22 0.12567218246630604
0.25 0 0.23 0.13400643003044246
0.25 0 0.24 0.21216555723971528
0.25 0 0.25 0.570738749485883
0.25 0 0.26 0.19811476215707013
0.25 0 0.27 0.24712142895307312
0.25 0 0.28 0.08816097357455767
0.25 0 0.29 0.03639992874507447
0.25 0 0.3 0.036509612637364054
0.25 0 0.31 0.03942172964231404
0.25 0 0.32 0.05453750425567842
0.25 0 0.33 0.1980648186553737
0.25 0 0.34 0.0757189229040656
0.25 0 0.35000000000000003 0.15358654401705146
0.25 0 0.36 0.16018117804388768
0.25 0 0.37 0.17482326218055996
0.25 0 0.38 0.2054009200333304
0.25 0 0.39 0.1922473735070792
0.25 0 0.4 0.03858954232539088
0.25 0 0.41000000000000003 0.028294568728556395
0.25 0 0.42 0.01271432492398596
0.25 0 0.43 0.013412323102700071
0.25 0 0.44 0.01781176725551549
0.25 0 0.45 0.017027225420271023
0.25 0 0.46 0.014025186168864081
0.25 0 0.47000000000000003 0.03227902982611886
0.25 0 0.48 0.009058785210698394
0.25 0 0.49 0.01374422031979194
0.25 0 0.5 0.025478589783184347
0.26 0 0.0 0.03322449594493795
0.26 0 0.01 0.05084452443888667
0.26 0 0.02 0.014657685870709872
0.26 0 0.03 0.012037821686903462
0.26 0 0.04 0.012072117800702813
0.26 0 0.05 0.010268601146701958
0.26 0 0.06 0.03149255922135765
0.26 0 0.07 0.04132912119541665
0.26 0 0.08 0.03726888296730942
0.26 0 0.09 0.11715183725020768
0.26 0 0.1 0.06489813329743083
0.26 0 0.11 0.0751939165505358
0.26 0 0.12 0.06590857392392556
0.26 0 0.13 0.06144386866143039
0.26 0 0.14 0.08339830646371885
0.26 0 0.15 0.0940143807283542
0.26 0 0.16 0.028943792086194662
0.26 0 0.17 0.0480664137580187
0.26 0 0.18 0.06858754797028561
0.26 0 0.19 0.1265575296560419
0.26 0 0.2 0.222390378935689
0.26 0 0.21 0.3239299326684841
0.26 0 0.22 0.16476886239099145
0.26 0 0.23 0.3211531719166446
0.26 0 0.24 0.11317908922319654
0.26 0 0.25 0.15197925132672746
0.26 0 0.26 0.15356203144814162
0.26 0 0.27 0.11655394898928603
0.26 0 0.28 0.1437758394520021
0.26 0 0.29 0.17184249267606297
0.26 0 0.3 0.05616037326251993
0.26 0 0.31 0.09093530387982596
0.26 0 0.32 0.0645688744886919
0.26 0 0.33 0.12454973472839866
0.26 0 0.34 0.12615680082768257
0.26 0 0.35000000000000003 0.11896063828027383
0.26 0 0.36 0.07448847046765611
0.26 0 0.37 0.07850112968427284
0.26 0 0.38 0.04404406082845363
0.26 0 0.39 0.07894044989590787
0.26 0 0.4 0.11651425076429531
0.26 0 0.41000000000000003 0.07772998091731147
0.26 0 0.42 0.027836636492903112
0.26 0 0.43 0.012496364340653394
0.26 0 0.44 0.0031120144261800498
0.26 0 0.45 0.0022007117162429805
0.26 0 0.46 0.0010538085935539309
0.26 0 0.47000000000000003 0.0012719192248540716
0.26 0 0.48 0.0017225523440296485
0.26 0 0.49 0.0013190471808565989
0.26 0 0.5 0.0017959039711952342
0.27 0 0.0 0.027727905266736852
0.27 0 0.01 0.031105591568093185
0.27 0 0.02 0.06269511634983378
0.27 0 0.03 0.06334431306461209
0.27 0 0.04 0.04380973001136857
0.27 0 0.05 0.029329250602356093
0.27 0 0.06 0.011892699913735092
0.27 0 0.07 0.027593729718136777
0.27 0 0.08 0.021113995594644407
0.27 0 0.09 0.027701035587841864
0.27 0 0.1 0.027414407193459608
0.27 0 0.11 0.0435093556762989
0.27 0 0.12 0.03375370157154955
0.27 0 0.13 0.037778484121955204
0.27 0 0.14 0.026761094770091486
0.27 0 0.15 0.050810029075710535
0.27 0 0.16 0.05267650634879502
0.27 0 0.17 0.0547750400869116
0.27 0 0.18 0.025770835781269454
0.27 0 0.19 0.02897611314814559
0.27 0 0.2 0.020173670871119175
0.27 0 0.21 0.05937540735450473
0.27 0 0.22 0.05384870943194195
0.27 0 0.23 0.06481409714281784
0.27 0 0.24 0.050433450741928065
0.27 0 0.25 0.07186635164844757
0.27 0 0.26 0.1050637703085713
0.27 0 0.27 0.11078077156926754
0.27 0 0.28 0.06635632436483836
0.27 0 0.29 0.11738224862399602
0.27 0 0.3 0.06597957293844078
0.27 0 0.31 0.06995896723415385
0.27 0 0.32 0.03622079774718917
0.27 0 0.33 0.039263197019410306
0.27 0 0.34 0.06886913086656504
0.27 0 0.35000000000000003 0.11457373537929406
0.27 0 0.36 0.1774183285013323
0.27 0 0.37 0.2733833927175678
0.27 0 0.38 0.14569118246457194
0.27 0 0.39 0.093424554842835
0.27 0 0.4 0.06979675300976103
0.27 0 0.41000000000000003 0.04297376190331302
0.27 0 0.42 0.028298171224078853
0.27 0 0.43 0.02840617752490269
0.27 0 0.44 0.018020184416080193
0.27 0 0.45 0.014242082404750446
0.27 0 0.46 0.00780356874710642
0.27 0 0.47000000000000003 0.0030069848978050173
0.27 0 0.48 0.00426229869345366
0.27 0 0.49 0.001624619693602204
0.27 0 0.5 0.0011366848431895796
0.28 0 0.0 0.0556973077549733
0.28 0 0.01 0.03768645141766806
0.28 0 0.02 0.031120365290329997
0.28 0 0.03 0.04990598829469629
0.28 0 0.04 0.06560850656692889
0.28 0 0.05 0.1861672245528092
0.28 0 0.06 0.06645231028329575
0.28 0 0.07 0.08414348570843495
0.28 0 0.08 0.05869046698142691
0.28 0 0.09 0.05960172002333534
0.28 0 0.1 0.062085094302623836
0.28 0 0.11 0.057449993414569044
0.28 0 0.12 0.02653540693761551
0.28 0 0.13 0.032976971875787915
0.28 0 0.14 0.015372977137555744
0.28 0 0.15 0.020356186362689595
0.28 0 0.16 0.022371294716948615
0.28 0 0.17 0.033218321938201664
0.28 0 0.18 0.04356393936632155
0.28 0 0.19 0.10439732998084994
0.28 0 0.2 0.04076857801403978
0.28 0 0.21 0.05422754257031621
0.28 0 0.22 0.08483165420670019
0.28 0 0.23 0.10095783815870184
0.28 0 0.24 0.12756852954362094
0.28 0 0.25 0.06398772434986612
0.28 0 0.26 0.03070286218913749
0.28 0 0.27 0.08945759810363148
0.28 0 0.28 0.06778417232911207
0.28 0 0.29 0.1262412229311455
0.28 0 0.3 0.22307723677950084
0.28 0 0.31 0.15115780719802024
0.28 0 0.32 0.20829915462634524
0.28 0 0.33 0.1816077276977165
0.28 0 0.34 0.06725128453956844
0.28 0 0.35000000000000003 0.040486380923072246
0.28 0 0.36 0.025774153832077
0.28 0 0.37 0.01838478604471019
0.28 0 0.38 0.028279153102752697
0.28 0 0.39 0.01510790697598771
0.28 0 0.4 0.012388512093399057
0.28 0 0.41000000000000003 0.028060618100435735
0.28 0 0.42 0.020886852624556272
0.28 0 0.43 0.01122151725908342
0.28 0 0.44 0.013321178932068975
0.28 0 0.45 0.0031005417895092545
0.28 0 0.46 0.0025983755856186013
0.28 0 0.47000000000000003 0.0007644414122275173
0.28 0 0.48 0.0002488994500057055
0.28 0 0.49 0.00019834241065221526
0.28 0 0.5 0.00014609877348958182
0.29 0 0.0 0.005096614152909664
0.29 0 0.01 0.005768297730473766
0.29 0 0.02 0.0018976446936543319
0.29 0 0.03 0.005790086485985939
0.29 0 0.04 0.005211678166921044
0.29 0 0.05 0.017007669293628964
0.29 0 0.06 0.03992995844057418
0.29 0 0.07 0.03196415310615434
0.29 0 0.08 0.022611814863761782
0.29 0 0.09 0.023389306664050747
0.29 0 0.1 0.009125443669044574
0.29 0 0.11 0.023538399555527105
0.29 0 0.12 0.04829038747521128
0.29 0 0.13 0.07823898125010835
0.29 0 0.14 0.12453232787779829
0.29 0 0.15 0.19052794535743614
0.29 0 0.16 0.13252149498456675
0.29 0 0.17 0.2916410230523793
0.29 0 0.18 0.19437149363812775
0.29 0 0.19 0.2340370200777747
0.29 0 0.2 0.4682694140986
0.29 0 0.21 0.18643966417816232
0.29 0 0.22 0.1401209360894779
0.29 0 0.23 0.19332641358178887
0.29 0 0.24 0.17824492329824
0.29 0 0.25 0.6342450263332821
0.29 0 0.26 0.9704134142921605
0.29 0 0.27 0.8208322949151006
0.29 0 0.28 1.1522800019362731
0.29 0 0.29 0.7723036338308943
0.29 0 0.3 0.9309999282939663
0.29 0 0.31 0.7532534416388317
0.29 0 0.32 0.2603915239128159
0.29 0 0.33 0.09494277111270813
0.29 0 0.34 0.11332507426723139
0.29 0 0.35000000000000003 0.052428711043544345
0.29 0 0.36 0.03602328721589408
0.29 0 0.37 0.025104722394466702
0.29 0 0.38 0.023329023926609484
0.29 0 0.39 0.026482161918472094
0.29 0 0.4 0.023489567366605173
0.29 0 0.41000000000000003 0.007968601609755403
0.29 0 0.42 0.010819875192711336
0.29 0 0.43 0.004180425311956522
0.29 0 0.44 0.005468805108899734
0.29 0 0.45 0.005374738850055303
0.29 0 0.46 0.005384488188180247
0.29 0 0.47000000000000003 0.005047079806721772
0.29 0 0.48 0.008035374200094649
0.29 0 0.49 0.005337643969963803
0.29 0 0.5 0.0037434389994007093
0.3 0 0.0 0.04303660038931381
0.3 0 0.01 0.08790566410032066
0.3 0 0.02 0.059582997595416305
0.3 0 0.03 0.024825771972608462
0.3 0 0.04 0.010388525089562424
0.3 0 0.05 0.006387405304688813
0.3 0 0.06 0.006082500675713756
0.3 0 0.07 0.01586220653146817
0.3 0 0.08 0.02566219666081625
0.3 0 0.09 0.05497597571907686
0.3 0 0.1 0.0829215293507617
0.3 0 0.11 0.08252066373201512
0.3 0 0.12 0.08020347224761398
0.3 0 0.13 0.14204658065728487
0.3 0 0.14 0.13329152370591665
0.3 0 0.15 0.21826989208096875
0.3 0 0.16 0.32406743955219885
0.3 0 0.17 0.24710948118413525
0.3 0 0.18 0.29651629785146894
0.3 0 0.19 0.22392148446065704
0.3 0 0.2 0.368417911160007
0.3 0 0.21 0.5926847367387998
0.3 0 0.22 0.5848186200112083
0.3 0 0.23 0.656230505272462
0.3 0 0.24 0.5673016794014342
0.3 0 0.25 0.3192038230014704
0.3 0 0.26 0.3498845854719059
0.3 0 0.27 0.26185868921341565
0.3 0 0.28 0.35372025653152855
0.3 0 0.29 0.1391682292511898
0.3 0 0.3 0.10646426346958324
0.3 0 0.31 0.0875234991129613
0.3 0 0.32 0.10298930568458753
0.3 0 0.33 0.05703190276776744
0.3 0 0.34 0.05319397082220702
0.3 0 0.35000000000000003 0.03538094401898633
0.3 0 0.36 0.04287730151777402
0.3 0 0.37 0.028045742721720817
0.3 0 0.38 0.024924203112899994
0.3 0 0.39 0.0119450776780652
0.3 0 0.4 0.014847663933490626
0.3 0 0.41000000000000003 0.00931161041189432
0.3 0 0.42 0.02503729303293449
0.3 0 0.43 0.013571865720644205
0.3 0 0.44 0.00787905884045888
0.3 0 0.45 0.00660741694562742
0.3 0 0.46 0.005541515014137492
0.3 0 0.47000000000000003 0.003477038745389935
0.3 0 0.48 0.005573460072727887
0.3 0 0.49 0.005218890660387459
0.3 0 0.5 0.024629599935847978
#STOP
