#MEDIUM_PROPERTIES_DISTRIBUTED
$MSH_TYPE
	 GROUNDWATER_FLOW	
$MMP_TYPE
	 PERMEABILITY	
$DIS_TYPE
	 NEAREST_VALUE	
;hj
$CONVERSION_FACTOR
2e-8;2e-6;2e-13
$DATA
0.0 0 0.0 3.2826979609995037
0.0 0 0.01 0.5581688414504794
0.0 0 0.02 0.1331547137589692
0.0 0 0.03 0.07698976751740438
0.0 0 0.04 0.059100927181415304
0.0 0 0.05 0.012201368964480541
0.0 0 0.06 0.020608972518722735
0.0 0 0.07 0.03836615517764911
0.0 0 0.08 0.034536028371196265
0.0 0 0.09 0.02619258918454369
0.0 0 0.1 0.026580333749758503
0.0 0 0.11 0.041283689114572635
0.0 0 0.12 0.029744283055557607
0.0 0 0.13 0.18171410184597908
0.0 0 0.14 1.3762806924806323
0.0 0 0.15 5.609132369945063
0.0 0 0.16 11.074117212247549
0.0 0 0.17 31.314347340872924
0.0 0 0.18 27.99114065526389
0.0 0 0.19 8.668020980844972
0.0 0 0.2 5.105098123751862
0.0 0 0.21 2.2149265614287077
0.0 0 0.22 2.1808841646313626
0.0 0 0.23 5.375140354636259
0.0 0 0.24 17.12828144162344
0.0 0 0.25 7.441924553430001
0.0 0 0.26 6.503112391697356
0.0 0 0.27 3.899430816993103
0.0 0 0.28 5.172389969193359
0.0 0 0.29 22.42999660451471
0.0 0 0.3 21.20581957655582
0.0 0 0.31 11.451621509156519
0.0 0 0.32 15.927530163922267
0.0 0 0.33 5.336161994213396
0.0 0 0.34 1.9240929132097015
0.0 0 0.35000000000000003 2.4730435490143576
0.0 0 0.36 0.9848291096609323
0.0 0 0.37 0.2613530134728315
0.0 0 0.38 0.04486472373763952
0.0 0 0.39 0.039836755307226426
0.0 0 0.4 0.04903673605739311
0.0 0 0.41000000000000003 0.016413729800177086
0.0 0 0.42 0.016946400111051363
0.0 0 0.43 0.05198723923341903
0.0 0 0.44 0.017644994593051154
0.0 0 0.45 0.06309483397571437
0.0 0 0.46 0.5561421326847892
0.0 0 0.47000000000000003 0.3973893117368335
0.0 0 0.48 0.3919041103848855
0.0 0 0.49 0.2800416646352017
0.0 0 0.5 0.1499006107527556
0.01 0 0.0 2.783085610772677
0.01 0 0.01 1.7480154210464656
0.01 0 0.02 0.9600406734420506
0.01 0 0.03 0.24670097354580786
0.01 0 0.04 0.04510183148034124
0.01 0 0.05 0.07509391577786163
0.01 0 0.06 0.10199841187725911
0.01 0 0.07 0.13487335073357998
0.01 0 0.08 0.050730013870463976
0.01 0 0.09 0.04403520041107207
0.01 0 0.1 0.08183768328371793
0.01 0 0.11 0.0944623331162663
0.01 0 0.12 1.0288509315785832
0.01 0 0.13 2.9115524701398217
0.01 0 0.14 0.7948283280825599
0.01 0 0.15 0.20224033331135643
0.01 0 0.16 0.6762608871921525
0.01 0 0.17 1.0038564438598854
0.01 0 0.18 1.9999241325642587
0.01 0 0.19 8.99518650203385
0.01 0 0.2 9.327173509782392
0.01 0 0.21 6.432455550248591
0.01 0 0.22 3.89863414906348
0.01 0 0.23 8.342268107516166
0.01 0 0.24 16.265038482736315
0.01 0 0.25 48.57254629544711
0.01 0 0.26 50.978313611414706
0.01 0 0.27 85.78819512901984
0.01 0 0.28 81.52866040569862
0.01 0 0.29 25.23520753555877
0.01 0 0.3 6.674278658343872
0.01 0 0.31 3.120303460610872
0.01 0 0.32 4.1746416408865
0.01 0 0.33 2.359967913155386
0.01 0 0.34 1.2749122197071403
0.01 0 0.35000000000000003 0.59811492844155
0.01 0 0.36 0.1751459012774965
0.01 0 0.37 0.07552380987339455
0.01 0 0.38 0.12701771779992618
0.01 0 0.39 0.06597609241511829
0.01 0 0.4 0.042792416083090944
0.01 0 0.41000000000000003 0.1746876666297214
0.01 0 0.42 0.5467540647299463
0.01 0 0.43 0.15727363537634664
0.01 0 0.44 0.09599894212801048
0.01 0 0.45 0.2888504544455724
0.01 0 0.46 0.9192221812329663
0.01 0 0.47000000000000003 2.8704355071346384
0.01 0 0.48 12.871525751499338
0.01 0 0.49 6.457670724418637
0.01 0 0.5 1.1364652331496439
0.02 0 0.0 1.7954505285765048
0.02 0 0.01 2.772570187735799
0.02 0 0.02 4.284482059532754
0.02 0 0.03 0.6773821488920212
0.02 0 0.04 0.24707996975841795
0.02 0 0.05 0.08765576455491032
0.02 0 0.06 0.1051341826218016
0.02 0 0.07 0.08159857411836823
0.02 0 0.08 0.06521463289901844
0.02 0 0.09 0.10776238288597138
0.02 0 0.1 0.05836250497173305
0.02 0 0.11 0.019230035499791267
0.02 0 0.12 0.022354421561220483
0.02 0 0.13 0.06569129033438834
0.02 0 0.14 0.160974843853488
0.02 0 0.15 0.842126052928435
0.02 0 0.16 0.1661387096329305
0.02 0 0.17 0.13308391901405733
0.02 0 0.18 0.2653319595613035
0.02 0 0.19 0.13849152001513224
0.02 0 0.2 0.3853415681670886
0.02 0 0.21 1.1824918716071013
0.02 0 0.22 1.273584711569589
0.02 0 0.23 1.722446547864198
0.02 0 0.24 7.735888064413807
0.02 0 0.25 6.579142630017454
0.02 0 0.26 3.1130755650864237
0.02 0 0.27 0.9541294396660864
0.02 0 0.28 2.653849101766049
0.02 0 0.29 5.710866060974482
0.02 0 0.3 2.5922122264482925
0.02 0 0.31 4.693603130172884
0.02 0 0.32 2.0276708262174608
0.02 0 0.33 0.43526818832539
0.02 0 0.34 0.18013465059370812
0.02 0 0.35000000000000003 0.1339174148124806
0.02 0 0.36 0.1259268587781371
0.02 0 0.37 0.5935367845033818
0.02 0 0.38 0.6826742534808524
0.02 0 0.39 0.2834567445985809
0.02 0 0.4 0.2881302226300514
0.02 0 0.41000000000000003 0.3213435731973461
0.02 0 0.42 0.23221170403293767
0.02 0 0.43 0.20712284381961632
0.02 0 0.44 0.21850128567954877
0.02 0 0.45 0.5224963342027101
0.02 0 0.46 1.4793188644601565
0.02 0 0.47000000000000003 1.3531423943854368
0.02 0 0.48 0.5902306919850693
0.02 0 0.49 1.6459645686238027
0.02 0 0.5 7.10405217647708
0.03 0 0.0 0.9674538978255335
0.03 0 0.01 2.933263365511956
0.03 0 0.02 3.7424375061634145
0.03 0 0.03 0.5584851567616529
0.03 0 0.04 0.2024989031448433
0.03 0 0.05 0.6762365667202815
0.03 0 0.06 0.347261674207787
0.03 0 0.07 0.16498989826327742
0.03 0 0.08 0.12399853544753062
0.03 0 0.09 0.07789301007323902
0.03 0 0.1 0.056073038690103244
0.03 0 0.11 0.022432764738791192
0.03 0 0.12 0.029544820918150933
0.03 0 0.13 0.14036737923169215
0.03 0 0.14 0.5607723823908108
0.03 0 0.15 0.18907152785644732
0.03 0 0.16 0.22158720444670274
0.03 0 0.17 0.3591612681168044
0.03 0 0.18 0.5145399875731297
0.03 0 0.19 0.3712493607802432
0.03 0 0.2 0.276570407032459
0.03 0 0.21 0.19817694796372926
0.03 0 0.22 0.22078739833372898
0.03 0 0.23 1.7334881033313083
0.03 0 0.24 2.582835357693752
0.03 0 0.25 1.8845516684754633
0.03 0 0.26 1.3437727966936375
0.03 0 0.27 2.5190851304229254
0.03 0 0.28 1.3878897555805678
0.03 0 0.29 0.4618182754847081
0.03 0 0.3 0.7142052704500137
0.03 0 0.31 0.6907959736337221
0.03 0 0.32 0.4549361001037209
0.03 0 0.33 1.3119456640092486
0.03 0 0.34 5.297991478088936
0.03 0 0.35000000000000003 1.0399152841893502
0.03 0 0.36 1.216325615343047
0.03 0 0.37 1.141840207513846
0.03 0 0.38 0.39549427623133
0.03 0 0.39 0.2880295754382717
0.03 0 0.4 0.16813754534460448
0.03 0 0.41000000000000003 0.29856740728841064
0.03 0 0.42 0.7273208291472534
0.03 0 0.43 0.24085895337144098
0.03 0 0.44 0.1902331854144425
0.03 0 0.45 0.5964393859901325
0.03 0 0.46 0.5733993608242384
0.03 0 0.47000000000000003 0.5679539660060993
0.03 0 0.48 0.8463513860065535
0.03 0 0.49 1.4862679847007856
0.03 0 0.5 1.1947876692837986
0.04 0 0.0 0.4969839225584803
0.04 0 0.01 1.1410174039111673
0.04 0 0.02 0.25286617449782595
0.04 0 0.03 0.14761893002738224
0.04 0 0.04 0.18836626858521516
0.04 0 0.05 0.23300924870790543
0.04 0 0.06 1.5512812761208683
0.04 0 0.07 0.9355331661262876
0.04 0 0.08 0.11646452270565012
0.04 0 0.09 0.13843624947997568
0.04 0 0.1 0.06725197687961669
0.04 0 0.11 0.013826976972462782
0.04 0 0.12 0.00758297560089272
0.04 0 0.13 0.026953189841345145
0.04 0 0.14 0.06283793297293425
0.04 0 0.15 0.06367793117800104
0.04 0 0.16 0.03814845039042502
0.04 0 0.17 0.20784499957149138
0.04 0 0.18 0.5481494717522089
0.04 0 0.19 0.8295954892689418
0.04 0 0.2 1.4526036501511725
0.04 0 0.21 1.519837271027567
0.04 0 0.22 2.8585442256407467
0.04 0 0.23 4.711609175025661
0.04 0 0.24 3.7528459607205265
0.04 0 0.25 3.8492973000738586
0.04 0 0.26 15.406847943461761
0.04 0 0.27 4.026559501518882
0.04 0 0.28 1.233546920080704
0.04 0 0.29 2.00565294109594
0.04 0 0.3 2.7102924067443026
0.04 0 0.31 4.159310119391625
0.04 0 0.32 2.3334113105175907
0.04 0 0.33 0.6019665119393142
0.04 0 0.34 0.371232175487442
0.04 0 0.35000000000000003 1.6288079329006941
0.04 0 0.36 1.6796683496808873
0.04 0 0.37 1.343501722295785
0.04 0 0.38 0.74419223743024
0.04 0 0.39 0.48200157291735174
0.04 0 0.4 0.2532575503206021
0.04 0 0.41000000000000003 0.1764328780011435
0.04 0 0.42 0.48093297484571557
0.04 0 0.43 0.21468779940647154
0.04 0 0.44 0.03994034002894567
0.04 0 0.45 0.036848918238880035
0.04 0 0.46 0.03927305935172649
0.04 0 0.47000000000000003 0.012004373962608164
0.04 0 0.48 0.010033276544498499
0.04 0 0.49 0.015728736723363727
0.04 0 0.5 0.006391762125389972
0.05 0 0.0 0.00522039157070484
0.05 0 0.01 0.005940045981512834
0.05 0 0.02 0.013725335501327238
0.05 0 0.03 0.024246573601951534
0.05 0 0.04 0.028295625619659287
0.05 0 0.05 0.07896263822555899
0.05 0 0.06 0.09042521511548691
0.05 0 0.07 0.012728823297484248
0.05 0 0.08 0.010138427754337615
0.05 0 0.09 0.010733548021655097
0.05 0 0.1 0.00464739766370266
0.05 0 0.11 0.00406116775117783
0.05 0 0.12 0.027449074004406833
0.05 0 0.13 0.0836622696508584
0.05 0 0.14 0.1237088311114382
0.05 0 0.15 0.06858942549729699
0.05 0 0.16 0.11105420457747604
0.05 0 0.17 0.1576261263035346
0.05 0 0.18 0.5286080826879
0.05 0 0.19 4.444769484920496
0.05 0 0.2 4.152662009787709
0.05 0 0.21 2.8903857280248535
0.05 0 0.22 14.181142802271141
0.05 0 0.23 16.37950663574373
0.05 0 0.24 7.988802711936644
0.05 0 0.25 17.56560638028962
0.05 0 0.26 8.839858324355443
0.05 0 0.27 7.789297997150407
0.05 0 0.28 4.573738243549618
0.05 0 0.29 4.0726927333904515
0.05 0 0.3 30.722620771483722
0.05 0 0.31 45.740627067782476
0.05 0 0.32 5.977814559653022
0.05 0 0.33 2.2584618943856305
0.05 0 0.34 3.473998888049378
0.05 0 0.35000000000000003 1.832490363057961
0.05 0 0.36 0.4485643938670243
0.05 0 0.37 0.10503488722457621
0.05 0 0.38 0.253226822533307
0.05 0 0.39 0.17226861787055067
0.05 0 0.4 0.05531242982328427
0.05 0 0.41000000000000003 0.1405606429186924
0.05 0 0.42 0.10034024955779994
0.05 0 0.43 0.028068081868632425
0.05 0 0.44 0.022001608822670604
0.05 0 0.45 0.01092687342500698
0.05 0 0.46 0.0020851048966753134
0.05 0 0.47000000000000003 0.0033288516024913644
0.05 0 0.48 0.008386266127523573
0.05 0 0.49 0.00983972378778972
0.05 0 0.5 0.007499449283551553
0.06 0 0.0 0.005169863801415466
0.06 0 0.01 0.003018105532517903
0.06 0 0.02 0.0040895271897230245
0.06 0 0.03 0.003011301228922976
0.06 0 0.04 0.002565368479018929
0.06 0 0.05 0.0040358541240731426
0.06 0 0.06 0.008582187054002167
0.06 0 0.07 0.01848084209724511
0.06 0 0.08 0.016244256370059426
0.06 0 0.09 0.02208140276501188
0.06 0 0.1 0.01158244364572516
0.06 0 0.11 0.022920888026341447
0.06 0 0.12 0.0137237227544213
0.06 0 0.13 0.004982686265533203
0.06 0 0.14 0.007160829395299469
0.06 0 0.15 0.021782998842061387
0.06 0 0.16 0.03220632638506552
0.06 0 0.17 0.1338802070140906
0.06 0 0.18 0.24596246133047342
0.06 0 0.19 0.09810600216580509
0.06 0 0.2 0.1425604918406164
0.06 0 0.21 0.4071351738275022
0.06 0 0.22 0.9276713194638461
0.06 0 0.23 1.3180810519471235
0.06 0 0.24 1.78211482877143
0.06 0 0.25 1.057703568291539
0.06 0 0.26 0.48046957913972677
0.06 0 0.27 0.28240620871599864
0.06 0 0.28 0.23047124220605814
0.06 0 0.29 0.22522116526207994
0.06 0 0.3 1.359613675713984
0.06 0 0.31 2.704190951067649
0.06 0 0.32 0.4323860579061706
0.06 0 0.33 0.07672152226130492
0.06 0 0.34 0.04005733047735716
0.06 0 0.35000000000000003 0.05436677348122349
0.06 0 0.36 0.06474389091943823
0.06 0 0.37 0.1042984037148655
0.06 0 0.38 0.10114304188757453
0.06 0 0.39 0.030446854419741303
0.06 0 0.4 0.010468768348964447
0.06 0 0.41000000000000003 0.013644757973198217
0.06 0 0.42 0.027405361229101834
0.06 0 0.43 0.10838003768857875
0.06 0 0.44 0.1404555959194325
0.06 0 0.45 0.03214973727603385
0.06 0 0.46 0.05183036034189061
0.06 0 0.47000000000000003 0.0275726911612467
0.06 0 0.48 0.005807855288262393
0.06 0 0.49 0.006545161629128314
0.06 0 0.5 0.007545149097036128
0.07 0 0.0 0.0032350695422040713
0.07 0 0.01 0.004148465571576475
0.07 0 0.02 0.0032861569822061655
0.07 0 0.03 0.002516492616939474
0.07 0 0.04 0.0018061560054825519
0.07 0 0.05 0.002654158694276742
0.07 0 0.06 0.0016940707339586484
0.07 0 0.07 0.0015232667394335692
0.07 0 0.08 0.005365946970584858
0.07 0 0.09 0.0015468292935359625
0.07 0 0.1 0.0022976084233962443
0.07 0 0.11 0.0035480343256817466
0.07 0 0.12 0.005206373349389239
0.07 0 0.13 0.012146869755197633
0.07 0 0.14 0.02993143391367833
0.07 0 0.15 0.029282322750340026
0.07 0 0.16 0.06428964681487
0.07 0 0.17 0.07312909422992878
0.07 0 0.18 0.06471831938859487
0.07 0 0.19 0.4155613202116096
0.07 0 0.2 0.432876194668945
0.07 0 0.21 0.10035931225435402
0.07 0 0.22 0.04427444547886039
0.07 0 0.23 0.059734681588623856
0.07 0 0.24 0.04673049227336491
0.07 0 0.25 0.05581781872319106
0.07 0 0.26 0.14982802674728865
0.07 0 0.27 0.22160756432922166
0.07 0 0.28 0.054373190053921876
0.07 0 0.29 0.03357053342689865
0.07 0 0.3 0.08941409222542604
0.07 0 0.31 0.05295494816055868
0.07 0 0.32 0.01400944393550136
0.07 0 0.33 0.03042564891363894
0.07 0 0.34 0.046854797040454074
0.07 0 0.35000000000000003 0.03248191333271053
0.07 0 0.36 0.04178311891030346
0.07 0 0.37 0.025893705137087233
0.07 0 0.38 0.0184228268952809
0.07 0 0.39 0.03773624667849627
0.07 0 0.4 0.08246482319626423
0.07 0 0.41000000000000003 0.1256280717994202
0.07 0 0.42 0.0852861503209815
0.07 0 0.43 0.017098773984279315
0.07 0 0.44 0.010051665497696255
0.07 0 0.45 0.014978321824297114
0.07 0 0.46 0.014322998728004174
0.07 0 0.47000000000000003 0.02565685368106112
0.07 0 0.48 0.06364218353845678
0.07 0 0.49 0.11829504741772136
0.07 0 0.5 0.05588205443630285
0.08 0 0.0 0.007760810310444828
0.08 0 0.01 0.00810370770187195
0.08 0 0.02 0.01741241877980505
0.08 0 0.03 0.033921410266073676
0.08 0 0.04 0.021704398435273095
0.08 0 0.05 0.010103600298091195
0.08 0 0.06 0.016976190150377626
0.08 0 0.07 0.02400509563826565
0.08 0 0.08 0.004523936669419594
0.08 0 0.09 0.0019801125034041274
0.08 0 0.1 0.0009349765621149023
0.08 0 0.11 0.0019593942707120953
0.08 0 0.12 0.008154692139439665
0.08 0 0.13 0.05997817484450199
0.08 0 0.14 0.027713828157300315
0.08 0 0.15 0.013041744705762009
0.08 0 0.16 0.010251139779086638
0.08 0 0.17 0.003842024791003742
0.08 0 0.18 0.008897580324287646
0.08 0 0.19 0.015875696583425032
0.08 0 0.2 0.027846779617532166
0.08 0 0.21 0.06337083068627439
0.08 0 0.22 0.13797663021155185
0.08 0 0.23 0.08976507179595666
0.08 0 0.24 0.05778884970631192
0.08 0 0.25 0.024688532911859632
0.08 0 0.26 0.04545937202811055
0.08 0 0.27 0.060185755970440735
0.08 0 0.28 0.03378811412186286
0.08 0 0.29 0.0691577559682162
0.08 0 0.3 0.04430626362307525
0.08 0 0.31 0.026762925211448768
0.08 0 0.32 0.048259987478169855
0.08 0 0.33 0.007712648937021394
0.08 0 0.34 0.00248361550468282
0.08 0 0.35000000000000003 0.004011063507586635
0.08 0 0.36 0.0022846529058078613
0.08 0 0.37 0.003960406945559322
0.08 0 0.38 0.01937382302497231
0.08 0 0.39 0.01921098974275538
0.08 0 0.4 0.018256937025475557
0.08 0 0.41000000000000003 0.019846243908802234
0.08 0 0.42 0.01758665171211509
0.08 0 0.43 0.05807117455589362
0.08 0 0.44 0.13534749257094073
0.08 0 0.45 0.4626035918282819
0.08 0 0.46 0.933947360234231
0.08 0 0.47000000000000003 0.5679879765665806
0.08 0 0.48 0.6120347579904394
0.08 0 0.49 0.2641860206431272
0.08 0 0.5 0.03616348179178421
0.09 0 0.0 0.0024126199046677174
0.09 0 0.01 0.0023298570161456407
0.09 0 0.02 0.003938197538798507
0.09 0 0.03 0.0051753835826751395
0.09 0 0.04 0.006612223767886284
0.09 0 0.05 0.0256091204901311
0.09 0 0.06 0.016325982026197488
0.09 0 0.07 0.013635350647229965
0.09 0 0.08 0.07663887703257678
0.09 0 0.09 0.020127990461259206
0.09 0 0.1 0.0030537289074213177
0.09 0 0.11 0.001484198788024357
0.09 0 0.12 0.002017131353157073
0.09 0 0.13 0.0009422667115837023
0.09 0 0.14 0.0010380132598791071
0.09 0 0.15 0.00282488878555545
0.09 0 0.16 0.009960471226978912
0.09 0 0.17 0.009350949356439014
0.09 0 0.18 0.008946679743878149
0.09 0 0.19 0.03472642875301888
0.09 0 0.2 0.012762294080331553
0.09 0 0.21 0.014683784255268246
0.09 0 0.22 0.015129058271642695
0.09 0 0.23 0.007735611407235148
0.09 0 0.24 0.009524923813856697
0.09 0 0.25 0.04684566008563927
0.09 0 0.26 0.07883749470333874
0.09 0 0.27 0.06422474324667163
0.09 0 0.28 0.019343865878420054
0.09 0 0.29 0.005467461376764016
0.09 0 0.3 0.006776155592444588
0.09 0 0.31 0.003048397563287822
0.09 0 0.32 0.0011575731640580643
0.09 0 0.33 0.001976381279438068
0.09 0 0.34 0.003759173599130971
0.09 0 0.35000000000000003 0.0028469095939182517
0.09 0 0.36 0.001976155160473948
0.09 0 0.37 0.005784688021817349
0.09 0 0.38 0.007732156565749373
0.09 0 0.39 0.005728311456074481
0.09 0 0.4 0.014654901386555152
0.09 0 0.41000000000000003 0.025976045389261026
0.09 0 0.42 0.016348966802899264
0.09 0 0.43 0.011110405862159714
0.09 0 0.44 0.025180250235360874
0.09 0 0.45 0.016694909734265413
0.09 0 0.46 0.004502102296335744
0.09 0 0.47000000000000003 0.0023776825738846784
0.09 0 0.48 0.0024024680676180627
0.09 0 0.49 0.0007036465994578659
0.09 0 0.5 0.0008671052075264354
0.1 0 0.0 0.006662595581020892
0.1 0 0.01 0.006971360212232964
0.1 0 0.02 0.00981262968106988
0.1 0 0.03 0.006970746846144581
0.1 0 0.04 0.01006550044703241
0.1 0 0.05 0.001744783641603458
0.1 0 0.06 0.0005163613868061996
0.1 0 0.07 0.0013540240025245842
0.1 0 0.08 0.0011742126941748352
0.1 0 0.09 0.0008970061669848589
0.1 0 0.1 0.0005664484978183251
0.1 0 0.11 0.0007353777139328896
0.1 0 0.12 0.001115749853561089
0.1 0 0.13 0.001191613307543534
0.1 0 0.14 0.0008013173712919236
0.1 0 0.15 0.001331875401575034
0.1 0 0.16 0.0011688331343034152
0.1 0 0.17 0.002128573631744322
0.1 0 0.18 0.0027949470514406507
0.1 0 0.19 0.00042777916932508736
0.1 0 0.2 0.000941645791092465
0.1 0 0.21 0.001521885881995729
0.1 0 0.22 0.0009981389361956858
0.1 0 0.23 0.001035705708387773
0.1 0 0.24 0.0016178310651402447
0.1 0 0.25 0.0005274482879534056
0.1 0 0.26 0.0003849545436894139
0.1 0 0.27 0.0004321911447162278
0.1 0 0.28 0.0009736964614914782
0.1 0 0.29 0.005900086611364285
0.1 0 0.3 0.005010937416384951
0.1 0 0.31 0.002395737616053992
0.1 0 0.32 0.0031279895297119933
0.1 0 0.33 0.01143112681536198
0.1 0 0.34 0.023442736731140425
0.1 0 0.35000000000000003 0.012170357390449596
0.1 0 0.36 0.007366234879581196
0.1 0 0.37 0.015551833541987907
0.1 0 0.38 0.023652932362685907
0.1 0 0.39 0.01001570725592637
0.1 0 0.4 0.004491318426075088
0.1 0 0.41000000000000003 0.001068273311669083
0.1 0 0.42 0.00037874733377246087
0.1 0 0.43 0.0006127142346578868
0.1 0 0.44 0.00025144022495189806
0.1 0 0.45 0.00028371273254928006
0.1 0 0.46 0.0004196754526933362
0.1 0 0.47000000000000003 0.00020604338987537162
0.1 0 0.48 0.00010554347950207486
0.1 0 0.49 0.00016511262153165714
0.1 0 0.5 0.00013183614835460104
0.11 0 0.0 0.022810702064220555
0.11 0 0.01 0.058301391464297324
0.11 0 0.02 0.03252533031762547
0.11 0 0.03 0.009414842966079176
0.11 0 0.04 0.007221023752555326
0.11 0 0.05 0.005642559402054569
0.11 0 0.06 0.0022878887427342297
0.11 0 0.07 0.0018497702639540836
0.11 0 0.08 0.0010194977314882385
0.11 0 0.09 0.00047168898847869565
0.11 0 0.1 0.0012222280228939674
0.11 0 0.11 0.002055450543584336
0.11 0 0.12 0.0028672693857514308
0.11 0 0.13 0.0014897405941193128
0.11 0 0.14 0.0004911356938981972
0.11 0 0.15 0.0002497007029915932
0.11 0 0.16 0.0001418145544692728
0.11 0 0.17 5.1917809134853694e-05
0.11 0 0.18 3.761088253908731e-05
0.11 0 0.19 0.00013520912498689343
0.11 0 0.2 0.0003808301495211594
0.11 0 0.21 0.0006125487319281483
0.11 0 0.22 0.000494178365297918
0.11 0 0.23 0.00047097452114470636
0.11 0 0.24 9.310063065360895e-05
0.11 0 0.25 0.00017080643505060979
0.11 0 0.26 0.0006429951466542271
0.11 0 0.27 0.0005376717586944858
0.11 0 0.28 0.0013942937450192466
0.11 0 0.29 0.0055960619771869835
0.11 0 0.3 0.004456532749636393
0.11 0 0.31 0.0015272373912546217
0.11 0 0.32 0.0031903354236544833
0.11 0 0.33 0.023019114837984272
0.11 0 0.34 0.04634692507371523
0.11 0 0.35000000000000003 0.010343102852657151
0.11 0 0.36 0.015563019234636254
0.11 0 0.37 0.029134354199978733
0.11 0 0.38 0.007425645443270137
0.11 0 0.39 0.003060648692955369
0.11 0 0.4 0.0019890588811284325
0.11 0 0.41000000000000003 0.003215825948382781
0.11 0 0.42 0.004979917608149126
0.11 0 0.43 0.0006299416335757746
0.11 0 0.44 0.00028409485206501407
0.11 0 0.45 0.0003297468771601791
0.11 0 0.46 0.00022137501021957567
0.11 0 0.47000000000000003 0.0002348699853542933
0.11 0 0.48 0.0004601543459106746
0.11 0 0.49 0.00012701333697942804
0.11 0 0.5 6.633967691730735e-05
0.12 0 0.0 0.11514606897041978
0.12 0 0.01 0.056322232778068894
0.12 0 0.02 0.044739003314029975
0.12 0 0.03 0.05150745396135314
0.12 0 0.04 0.047986827246793595
0.12 0 0.05 0.043278793656592075
0.12 0 0.06 0.036244642385734244
0.12 0 0.07 0.008726441733662499
0.12 0 0.08 0.0013051616560735288
0.12 0 0.09 0.0026315905598759404
0.12 0 0.1 0.003643232356247137
0.12 0 0.11 0.0009457624521209559
0.12 0 0.12 0.0004918489989475031
0.12 0 0.13 0.0006888164613238954
0.12 0 0.14 0.0012454434394657064
0.12 0 0.15 0.0035539352793116114
0.12 0 0.16 0.0024811522040787096
0.12 0 0.17 0.0017235386961811094
0.12 0 0.18 0.0034604715908663204
0.12 0 0.19 0.0013377188261246625
0.12 0 0.2 0.0005264254966602967
0.12 0 0.21 0.0008048708709333298
0.12 0 0.22 0.0016019681476192717
0.12 0 0.23 0.002553519097086645
0.12 0 0.24 0.006880488104688237
0.12 0 0.25 0.009019186174246022
0.12 0 0.26 0.009407333543942372
0.12 0 0.27 0.005287854689273201
0.12 0 0.28 0.010133771800986038
0.12 0 0.29 0.026156328130547534
0.12 0 0.3 0.007755498909066696
0.12 0 0.31 0.004997107604227523
0.12 0 0.32 0.008816487917249781
0.12 0 0.33 0.022262986540285568
0.12 0 0.34 0.059183667801631576
0.12 0 0.35000000000000003 0.08318191361892467
0.12 0 0.36 0.046292658304685236
0.12 0 0.37 0.11500298499005589
0.12 0 0.38 0.22083723203766634
0.12 0 0.39 0.12847634554126178
0.12 0 0.4 0.08265607387441294
0.12 0 0.41000000000000003 0.0874784840452295
0.12 0 0.42 0.05008510690920373
0.12 0 0.43 0.02536936308785912
0.12 0 0.44 0.03408956669288506
0.12 0 0.45 0.047192316350978265
0.12 0 0.46 0.009207473960725734
0.12 0 0.47000000000000003 0.0012384200372587365
0.12 0 0.48 0.00014324705423760374
0.12 0 0.49 0.00016064550865636405
0.12 0 0.5 0.0006807153987157195
0.13 0 0.0 0.025525403985350748
0.13 0 0.01 0.03700388084249553
0.13 0 0.02 0.02220386169939308
0.13 0 0.03 0.012853457146264803
0.13 0 0.04 0.017698155102055812
0.13 0 0.05 0.03020758137243809
0.13 0 0.06 0.02353107050180631
0.13 0 0.07 0.0034524505256025456
0.13 0 0.08 0.005097483830925188
0.13 0 0.09 0.013324727225636147
0.13 0 0.1 0.052396090786164466
0.13 0 0.11 0.34234960362194017
0.13 0 0.12 0.10544699778986533
0.13 0 0.13 0.01015135525105064
0.13 0 0.14 0.012317367647101595
0.13 0 0.15 0.008254003754841794
0.13 0 0.16 0.003357082797889309
0.13 0 0.17 0.0056313508082092975
0.13 0 0.18 0.00398698541538073
0.13 0 0.19 0.0010688496106909518
0.13 0 0.2 0.00020039954108979523
0.13 0 0.21 0.00017106285103594195
0.13 0 0.22 0.0010876159559290296
0.13 0 0.23 0.0009769109360065861
0.13 0 0.24 0.00024643135609006875
0.13 0 0.25 0.0003870751054883261
0.13 0 0.26 0.0005362077658467547
0.13 0 0.27 0.001067438784750719
0.13 0 0.28 0.003600478277165917
0.13 0 0.29 0.009977882745568399
0.13 0 0.3 0.0423849196743901
0.13 0 0.31 0.04960360040627276
0.13 0 0.32 0.029801715672798292
0.13 0 0.33 0.10727347467643544
0.13 0 0.34 0.19124496087609016
0.13 0 0.35000000000000003 0.031170555118609434
0.13 0 0.36 0.0444417426331833
0.13 0 0.37 0.06175097164105268
0.13 0 0.38 0.02328194458374455
0.13 0 0.39 0.020691867294999788
0.13 0 0.4 0.04873641048614522
0.13 0 0.41000000000000003 0.06701361491731485
0.13 0 0.42 0.11064810834818266
0.13 0 0.43 0.10955250988884663
0.13 0 0.44 0.09375733800771552
0.13 0 0.45 0.05059963678957701
0.13 0 0.46 0.019124362111427113
0.13 0 0.47000000000000003 0.014161591620925186
0.13 0 0.48 0.005292507418304535
0.13 0 0.49 0.0013624592845713987
0.13 0 0.5 0.0024498410200944447
0.14 0 0.0 0.04511850591658013
0.14 0 0.01 0.05812155619397757
0.14 0 0.02 0.03712988609110193
0.14 0 0.03 0.07638482013446328
0.14 0 0.04 0.16288030430753092
0.14 0 0.05 0.11030478427325768
0.14 0 0.06 0.10657856286373187
0.14 0 0.07 0.13214949432383283
0.14 0 0.08 0.029156957977745788
0.14 0 0.09 0.12243884719587822
0.14 0 0.1 0.6373051097808341
0.14 0 0.11 0.5259328040906194
0.14 0 0.12 0.13547501702987502
0.14 0 0.13 0.04843308305138312
0.14 0 0.14 0.05216205031263314
0.14 0 0.15 0.016843606568846772
0.14 0 0.16 0.0033176310902404494
0.14 0 0.17 0.002475629273601638
0.14 0 0.18 0.0020418932487048526
0.14 0 0.19 0.001321638992003079
0.14 0 0.2 0.0021220206179161424
0.14 0 0.21 0.002472991778067988
0.14 0 0.22 0.0016376559606967747
0.14 0 0.23 0.0014168996433550519
0.14 0 0.24 0.0009591891288925458
0.14 0 0.25 0.0013606831157272445
0.14 0 0.26 0.0035172659249061594
0.14 0 0.27 0.006262530972592293
0.14 0 0.28 0.007525771422170691
0.14 0 0.29 0.013974233390396858
0.14 0 0.3 0.02618264115553752
0.14 0 0.31 0.011645124062559553
0.14 0 0.32 0.009757644573824288
0.14 0 0.33 0.014631840418620515
0.14 0 0.34 0.012734208183974588
0.14 0 0.35000000000000003 0.027019755379277376
0.14 0 0.36 0.016906346937503276
0.14 0 0.37 0.005078678860769859
0.14 0 0.38 0.005829150119035345
0.14 0 0.39 0.012462096847022418
0.14 0 0.4 0.01031780059411546
0.14 0 0.41000000000000003 0.014718792915574472
0.14 0 0.42 0.013385839587625986
0.14 0 0.43 0.01715386877973229
0.14 0 0.44 0.01437348254393272
0.14 0 0.45 0.013659720536668748
0.14 0 0.46 0.028989173112854722
0.14 0 0.47000000000000003 0.005070442257262741
0.14 0 0.48 0.0007561709249325368
0.14 0 0.49 0.0012395407176708335
0.14 0 0.5 0.00233619677251201
0.15 0 0.0 0.32498827087549975
0.15 0 0.01 0.2554243349649812
0.15 0 0.02 0.2037841276562674
0.15 0 0.03 0.15179658938359314
0.15 0 0.04 0.03933692357379432
0.15 0 0.05 0.015347551046798713
0.15 0 0.06 0.02756951550637216
0.15 0 0.07 0.02038344766778312
0.15 0 0.08 0.024524898890567328
0.15 0 0.09 0.008603793491767929
0.15 0 0.1 0.012129141115106521
0.15 0 0.11 0.017751157869559976
0.15 0 0.12 0.010015949017157454
0.15 0 0.13 0.008027974526188792
0.15 0 0.14 0.016530823060465983
0.15 0 0.15 0.030288650985214337
0.15 0 0.16 0.024002523892615757
0.15 0 0.17 0.015176762937014233
0.15 0 0.18 0.010721148177363395
0.15 0 0.19 0.018079710670923496
0.15 0 0.2 0.008107788013082075
0.15 0 0.21 0.0047976095323600315
0.15 0 0.22 0.017803281541876725
0.15 0 0.23 0.00576955121763413
0.15 0 0.24 0.000927016905172586
0.15 0 0.25 0.0013144619901880779
0.15 0 0.26 0.001990277323076687
0.15 0 0.27 0.002188393675192296
0.15 0 0.28 0.005377501098354424
0.15 0 0.29 0.004016142282622037
0.15 0 0.3 0.0014989513020547578
0.15 0 0.31 0.0019851022045037914
0.15 0 0.32 0.0067050810169511825
0.15 0 0.33 0.04967150885770359
0.15 0 0.34 0.048508618695136216
0.15 0 0.35000000000000003 0.02161489051139293
0.15 0 0.36 0.016368338645412404
0.15 0 0.37 0.0044426525774766915
0.15 0 0.38 0.004806832346244011
0.15 0 0.39 0.009697110089522351
0.15 0 0.4 0.011911327627801033
0.15 0 0.41000000000000003 0.008109842516884852
0.15 0 0.42 0.003112786500376248
0.15 0 0.43 0.0007903739247192911
0.15 0 0.44 0.0011425836483090438
0.15 0 0.45 0.0009724737155037944
0.15 0 0.46 0.0005892502141138681
0.15 0 0.47000000000000003 0.0014499450658663228
0.15 0 0.48 0.0010308093131836619
0.15 0 0.49 0.0009292211203353815
0.15 0 0.5 0.002330965836637267
0.16 0 0.0 0.05705155891831845
0.16 0 0.01 0.026332794041706784
0.16 0 0.02 0.03734975757496992
0.16 0 0.03 0.04364959764588842
0.16 0 0.04 0.025582968747755994
0.16 0 0.05 0.06123412158675275
0.16 0 0.06 0.03753879538520176
0.16 0 0.07 0.010044476050226691
0.16 0 0.08 0.0020487889497922684
0.16 0 0.09 0.0037993873923160564
0.16 0 0.1 0.012902208525611112
0.16 0 0.11 0.034333446636364194
0.16 0 0.12 0.01708095933323032
0.16 0 0.13 0.011712595131581429
0.16 0 0.14 0.008687281764559343
0.16 0 0.15 0.007319780339548147
0.16 0 0.16 0.009877848685427406
0.16 0 0.17 0.01122679288197341
0.16 0 0.18 0.04229792286200745
0.16 0 0.19 0.034249935325510565
0.16 0 0.2 0.016927883291030607
0.16 0 0.21 0.021924203272852973
0.16 0 0.22 0.00654217156804402
0.16 0 0.23 0.0018836432961693709
0.16 0 0.24 0.0025131449347136907
0.16 0 0.25 0.0017944037935573671
0.16 0 0.26 0.0011082887501304174
0.16 0 0.27 0.0035738146216654776
0.16 0 0.28 0.005097724746911633
0.16 0 0.29 0.0035608618507456547
0.16 0 0.3 0.0049284546368109725
0.16 0 0.31 0.010368298358499527
0.16 0 0.32 0.02062494059625065
0.16 0 0.33 0.005531841155973985
0.16 0 0.34 0.0036668022000337476
0.16 0 0.35000000000000003 0.008806537783844864
0.16 0 0.36 0.01631223344171169
0.16 0 0.37 0.027613276919400746
0.16 0 0.38 0.03197465771419927
0.16 0 0.39 0.028404935235515502
0.16 0 0.4 0.034520749550538174
0.16 0 0.41000000000000003 0.03360055177805494
0.16 0 0.42 0.0034833589559545523
0.16 0 0.43 0.0020250151198814505
0.16 0 0.44 0.0036718314544293266
0.16 0 0.45 0.005780318927778696
0.16 0 0.46 0.015165125291405623
0.16 0 0.47000000000000003 0.0090556885110635
0.16 0 0.48 0.0024731612207153112
0.16 0 0.49 0.0027373151181495337
0.16 0 0.5 0.015977234794562766
0.17 0 0.0 0.13813528830087532
0.17 0 0.01 0.10702772500344376
0.17 0 0.02 0.05466813750237582
0.17 0 0.03 0.0571261299997911
0.17 0 0.04 0.06114172810994083
0.17 0 0.05 0.049728454701043166
0.17 0 0.06 0.03926733359005535
0.17 0 0.07 0.04038875364063214
0.17 0 0.08 0.18480604263084843
0.17 0 0.09 0.07662974910963014
0.17 0 0.1 0.060561871040637955
0.17 0 0.11 0.05386024215103443
0.17 0 0.12 0.016513726009635705
0.17 0 0.13 0.015603229307349285
0.17 0 0.14 0.04628047126457323
0.17 0 0.15 0.025131352810288023
0.17 0 0.16 0.02718681825254644
0.17 0 0.17 0.13978423099978698
0.17 0 0.18 0.16755245863460214
0.17 0 0.19 0.08671580506400683
0.17 0 0.2 0.02045088254109239
0.17 0 0.21 0.021175810702371536
0.17 0 0.22 0.045003580761246775
0.17 0 0.23 0.054385754640014675
0.17 0 0.24 0.052280273953294924
0.17 0 0.25 0.03255831923046725
0.17 0 0.26 0.029344869865549954
0.17 0 0.27 0.033310582991879924
0.17 0 0.28 0.029586735362287266
0.17 0 0.29 0.030000109277636126
0.17 0 0.3 0.01887352513027959
0.17 0 0.31 0.010331127909227522
0.17 0 0.32 0.012825625117010403
0.17 0 0.33 0.026781723842301083
0.17 0 0.34 0.017695360157307348
0.17 0 0.35000000000000003 0.02222259393969489
0.17 0 0.36 0.04344291907371953
0.17 0 0.37 0.03806837267485193
0.17 0 0.38 0.011968248118029868
0.17 0 0.39 0.03273193770416818
0.17 0 0.4 0.3231804717109292
0.17 0 0.41000000000000003 0.0966174173447427
0.17 0 0.42 0.05938204027262263
0.17 0 0.43 0.09040067549743336
0.17 0 0.44 0.061546746791970294
0.17 0 0.45 0.036545142829377916
0.17 0 0.46 0.020772259361264787
0.17 0 0.47000000000000003 0.011798570282072658
0.17 0 0.48 0.019812579180296098
0.17 0 0.49 0.04811580823940782
0.17 0 0.5 0.026306826497142766
0.18 0 0.0 0.9782709791282697
0.18 0 0.01 0.20267559388274758
0.18 0 0.02 0.04140745633001776
0.18 0 0.03 0.023012018057135097
0.18 0 0.04 0.042911354016671885
0.18 0 0.05 0.06382569060423135
0.18 0 0.06 0.11357152569180995
0.18 0 0.07 0.3311368174298898
0.18 0 0.08 0.16881011910925373
0.18 0 0.09 0.40968738849472935
0.18 0 0.1 0.7731526254303049
0.18 0 0.11 0.19928141185740703
0.18 0 0.12 0.11766713984592782
0.18 0 0.13 0.17708067488468554
0.18 0 0.14 0.023023479266985964
0.18 0 0.15 0.008152772746683742
0.18 0 0.16 0.033932314110472345
0.18 0 0.17 0.08110961747090961
0.18 0 0.18 0.06789196868800462
0.18 0 0.19 0.019016970443654743
0.18 0 0.2 0.021898496913373967
0.18 0 0.21 0.060273443176948355
0.18 0 0.22 0.06449817716995983
0.18 0 0.23 0.024122293671731024
0.18 0 0.24 0.014943733010846127
0.18 0 0.25 0.008340289932270218
0.18 0 0.26 0.018222945336777357
0.18 0 0.27 0.06411764402567598
0.18 0 0.28 0.09066575640258506
0.18 0 0.29 0.20132082463747442
0.18 0 0.3 0.16295932051337164
0.18 0 0.31 0.07185741154207888
0.18 0 0.32 0.21245086869777063
0.18 0 0.33 0.16083635554977965
0.18 0 0.34 0.1491079865969468
0.18 0 0.35000000000000003 0.7288559312776306
0.18 0 0.36 0.48695700252338003
0.18 0 0.37 0.10693036309648524
0.18 0 0.38 0.1494779532868031
0.18 0 0.39 0.17883484925203225
0.18 0 0.4 0.2810002290890274
0.18 0 0.41000000000000003 1.2919537606061209
0.18 0 0.42 1.707387858490079
0.18 0 0.43 1.865795596277137
0.18 0 0.44 0.5168832057739917
0.18 0 0.45 0.34577268859732374
0.18 0 0.46 0.3210358005635099
0.18 0 0.47000000000000003 0.10359983874373536
0.18 0 0.48 0.12135990921626753
0.18 0 0.49 0.07882937175171809
0.18 0 0.5 0.013212738227985568
0.19 0 0.0 1.6021522189829067
0.19 0 0.01 0.26048377074215995
0.19 0 0.02 0.28479339308962986
0.19 0 0.03 0.33457575671177037
0.19 0 0.04 0.27202813576532214
0.19 0 0.05 0.16477717830742697
0.19 0 0.06 0.07632743460866738
0.19 0 0.07 0.06711450184001554
0.19 0 0.08 0.22373421734101853
0.19 0 0.09 0.5199922091353812
0.19 0 0.1 0.380445386077344
0.19 0 0.11 0.14688813246332622
0.19 0 0.12 0.07948808657131531
0.19 0 0.13 0.022201458990962437
0.19 0 0.14 0.00634882645867187
0.19 0 0.15 0.003512386236743977
0.19 0 0.16 0.0029339352855918387
0.19 0 0.17 0.0050066302093948875
0.19 0 0.18 0.005474655661446344
0.19 0 0.19 0.002850563863124175
0.19 0 0.2 0.0028833221860835967
0.19 0 0.21 0.015369730953360292
0.19 0 0.22 0.052094743495047446
0.19 0 0.23 0.07387503621856242
0.19 0 0.24 0.08726902941636844
0.19 0 0.25 0.4136814647618024
0.19 0 0.26 0.19038299080808285
0.19 0 0.27 0.05271449197749378
0.19 0 0.28 0.27666481178570246
0.19 0 0.29 0.9075656468393944
0.19 0 0.3 0.4675627203228404
0.19 0 0.31 0.6040424678092039
0.19 0 0.32 0.8168395916382187
0.19 0 0.33 2.2001472952593146
0.19 0 0.34 12.570042425254368
0.19 0 0.35000000000000003 18.713191839469637
0.19 0 0.36 16.451697743869904
0.19 0 0.37 14.612192939083396
0.19 0 0.38 9.648407810181018
0.19 0 0.39 10.47531969865256
0.19 0 0.4 9.593089598994519
0.19 0 0.41000000000000003 3.4126758241882755
0.19 0 0.42 1.9015373878686181
0.19 0 0.43 0.6424523049839567
0.19 0 0.44 0.5454925543646701
0.19 0 0.45 0.4275380458848246
0.19 0 0.46 0.25683674457040945
0.19 0 0.47000000000000003 0.354978711843645
0.19 0 0.48 0.34510786234311325
0.19 0 0.49 0.11536142987977482
0.19 0 0.5 0.08313783855954344
0.2 0 0.0 0.030324921839980902
0.2 0 0.01 0.025443417943128224
0.2 0 0.02 0.03373570673800112
0.2 0 0.03 0.02086008543124367
0.2 0 0.04 0.030280338488067642
0.2 0 0.05 0.074487621232093
0.2 0 0.06 0.045836771492345545
0.2 0 0.07 0.021231046143912326
0.2 0 0.08 0.007879106971875495
0.2 0 0.09 0.0077579315403193206
0.2 0 0.1 0.012561861748257762
0.2 0 0.11 0.006098339973577373
0.2 0 0.12 0.007603590114466576
0.2 0 0.13 0.006307165060362534
0.2 0 0.14 0.0014299679435978239
0.2 0 0.15 0.0008294216773738653
0.2 0 0.16 0.0010664843144114198
0.2 0 0.17 0.0030982902506331293
0.2 0 0.18 0.0037001473342532037
0.2 0 0.19 0.0005294175694018574
0.2 0 0.2 0.0008253194148353963
0.2 0 0.21 0.003618687202941581
0.2 0 0.22 0.0017130536291611776
0.2 0 0.23 0.0019314386514199938
0.2 0 0.24 0.007152776602298528
0.2 0 0.25 0.0024759979530470893
0.2 0 0.26 0.0018617239186363196
0.2 0 0.27 0.002252985814552068
0.2 0 0.28 0.0045727790902583935
0.2 0 0.29 0.010583654340073962
0.2 0 0.3 0.034396963380664905
0.2 0 0.31 0.23447303851236187
0.2 0 0.32 1.4166520939711384
0.2 0 0.33 9.58914948042204
0.2 0 0.34 47.041897508446866
0.2 0 0.35000000000000003 34.53671163752131
0.2 0 0.36 17.7737977676905
0.2 0 0.37 54.617458171677136
0.2 0 0.38 47.71421801131817
0.2 0 0.39 12.790030977983092
0.2 0 0.4 1.9509941253703842
0.2 0 0.41000000000000003 0.49697587738589544
0.2 0 0.42 0.19102387065616178
0.2 0 0.43 0.08322738482571149
0.2 0 0.44 0.02898674654645007
0.2 0 0.45 0.022030198463908687
0.2 0 0.46 0.028172067876937084
0.2 0 0.47000000000000003 0.02947944866224552
0.2 0 0.48 0.01911721591640156
0.2 0 0.49 0.02931340626318234
0.2 0 0.5 0.03359116107694358
0.21 0 0.0 0.03859680767102349
0.21 0 0.01 0.043144080972282374
0.21 0 0.02 0.012801204417362643
0.21 0 0.03 0.003857879718051605
0.21 0 0.04 0.0025266547302766193
0.21 0 0.05 0.0015935876248879678
0.21 0 0.06 0.003610764029624992
0.21 0 0.07 0.004957381655952763
0.21 0 0.08 0.005198794946886859
0.21 0 0.09 0.007664896177977239
0.21 0 0.1 0.00405877129460369
0.21 0 0.11 0.0007820427303770727
0.21 0 0.12 7.770090634044174e-05
0.21 0 0.13 9.267541582524489e-05
0.21 0 0.14 0.0003349348800637366
0.21 0 0.15 0.000259023052300574
0.21 0 0.16 0.00025875572424750317
0.21 0 0.17 0.0006689796873662098
0.21 0 0.18 0.0004011032422082203
0.21 0 0.19 0.00018395341627015476
0.21 0 0.2 0.00029359377946380847
0.21 0 0.21 0.00020110416885974508
0.21 0 0.22 0.00010178173954574134
0.21 0 0.23 0.00010800063117178386
0.21 0 0.24 0.00012562164650690725
0.21 0 0.25 0.0007748170160762008
0.21 0 0.26 0.002327479718296436
0.21 0 0.27 0.001832548724184091
0.21 0 0.28 0.0020872202231984366
0.21 0 0.29 0.01132603989109981
0.21 0 0.3 0.023066703158884393
0.21 0 0.31 0.0392442351966537
0.21 0 0.32 0.0864295820859582
0.21 0 0.33 0.20302319498921598
0.21 0 0.34 0.4960842468281079
0.21 0 0.35000000000000003 0.4088408407127498
0.21 0 0.36 1.0723146045444827
0.21 0 0.37 0.7430433487847128
0.21 0 0.38 0.2266887261134527
0.21 0 0.39 0.13223441011377063
0.21 0 0.4 0.0470859280601595
0.21 0 0.41000000000000003 0.007119106459949403
0.21 0 0.42 0.016677815794886204
0.21 0 0.43 0.01767079307526349
0.21 0 0.44 0.007126743829710124
0.21 0 0.45 0.016580868979412702
0.21 0 0.46 0.018070132942171475
0.21 0 0.47000000000000003 0.010699830620397465
0.21 0 0.48 0.013379790568114362
0.21 0 0.49 0.027836874609869073
0.21 0 0.5 0.033862593415618106
0.22 0 0.0 0.007745974444777593
0.22 0 0.01 0.011319798106914325
0.22 0 0.02 0.012033766472481682
0.22 0 0.03 0.007559852009644156
0.22 0 0.04 0.002125327167838207
0.22 0 0.05 0.0020328031598823445
0.22 0 0.06 0.004270051124002619
0.22 0 0.07 0.00168302003767339
0.22 0 0.08 0.0002993641865824936
0.22 0 0.09 0.0004816467234287654
0.22 0 0.1 0.00040269742306494704
0.22 0 0.11 0.00011732396009678723
0.22 0 0.12 0.0005488099022719282
0.22 0 0.13 0.002203084481630149
0.22 0 0.14 0.0011597869344900434
0.22 0 0.15 0.00023664957356632813
0.22 0 0.16 0.00013116468828061652
0.22 0 0.17 7.237867256351926e-05
0.22 0 0.18 3.572356492355664e-05
0.22 0 0.19 5.98680885858807e-05
0.22 0 0.2 5.952532996502147e-05
0.22 0 0.21 5.1162436125151065e-05
0.22 0 0.22 5.8465967822127375e-05
0.22 0 0.23 4.463278167845807e-05
0.22 0 0.24 6.232726115279775e-05
0.22 0 0.25 0.00015841832526976163
0.22 0 0.26 0.00030697746688349063
0.22 0 0.27 0.00026368865823406224
0.22 0 0.28 0.00022396441638447318
0.22 0 0.29 0.00014570294562950953
0.22 0 0.3 0.00037884117927716715
0.22 0 0.31 0.0006748273236191
0.22 0 0.32 0.0012969165252700243
0.22 0 0.33 0.003254700085572064
0.22 0 0.34 0.003983871039603242
0.22 0 0.35000000000000003 0.006375278338811958
0.22 0 0.36 0.0011198813618331323
0.22 0 0.37 0.0009453237772595181
0.22 0 0.38 0.006878184142482948
0.22 0 0.39 0.01255761910319008
0.22 0 0.4 0.0020413915750620167
0.22 0 0.41000000000000003 0.006501228007221215
0.22 0 0.42 0.01831887073456591
0.22 0 0.43 0.01609098201851673
0.22 0 0.44 0.027005372094790217
0.22 0 0.45 0.021657596097755475
0.22 0 0.46 0.01105281954116129
0.22 0 0.47000000000000003 0.005098855171459446
0.22 0 0.48 0.006296824849042073
0.22 0 0.49 0.0073920206980740465
0.22 0 0.5 0.00412465643361529
0.23 0 0.0 0.012440655380861804
0.23 0 0.01 0.0044008711507755385
0.23 0 0.02 0.0023977261155310793
0.23 0 0.03 0.0007582079696536154
0.23 0 0.04 0.00015080766905834576
0.23 0 0.05 0.00011402983985568119
0.23 0 0.06 0.00027995607583022257
0.23 0 0.07 8.479922330325441e-05
0.23 0 0.08 6.0529668961686836e-05
0.23 0 0.09 7.956230757791626e-05
0.23 0 0.1 7.684544961947085e-05
0.23 0 0.11 0.00042890833148835145
0.23 0 0.12 0.0008303849782401561
0.23 0 0.13 0.00042821732879129855
0.23 0 0.14 0.0010113324205497315
0.23 0 0.15 0.0017377817414328074
0.23 0 0.16 0.0006184804943489348
0.23 0 0.17 0.0005579056255405467
0.23 0 0.18 0.0002496227625250484
0.23 0 0.19 0.00010173100669666176
0.23 0 0.2 0.00015458990733771875
0.23 0 0.21 0.00012992408365376535
0.23 0 0.22 0.00017473372211975122
0.23 0 0.23 0.00011720879226044225
0.23 0 0.24 0.00015007419000523685
0.23 0 0.25 0.0007117523754916277
0.23 0 0.26 0.00020494173886381512
0.23 0 0.27 4.2155933025169555e-05
0.23 0 0.28 4.8502206542609e-05
0.23 0 0.29 6.649875777202511e-05
0.23 0 0.3 0.00026946072078080143
0.23 0 0.31 0.002249014898640473
0.23 0 0.32 0.0006941444348308219
0.23 0 0.33 0.00017059370282367353
0.23 0 0.34 0.00011832379481951669
0.23 0 0.35000000000000003 3.2049954201642496e-05
0.23 0 0.36 5.181128697397421e-05
0.23 0 0.37 9.721902900753884e-05
0.23 0 0.38 0.0004363390319637638
0.23 0 0.39 0.0005866493872042649
0.23 0 0.4 0.0009089717956160853
0.23 0 0.41000000000000003 0.001727890935355982
0.23 0 0.42 0.007463637044455522
0.23 0 0.43 0.01416537061189149
0.23 0 0.44 0.00915766933729819
0.23 0 0.45 0.006284951197562399
0.23 0 0.46 0.008802995976449514
0.23 0 0.47000000000000003 0.027253761900487814
0.23 0 0.48 0.00868273174498116
0.23 0 0.49 0.005204634843292781
0.23 0 0.5 0.006096652780892369
0.24 0 0.0 0.003686681456524818
0.24 0 0.01 0.0021260243064389743
0.24 0 0.02 0.0022524891162961696
0.24 0 0.03 0.0005402549736221954
0.24 0 0.04 0.00018117646965709687
0.24 0 0.05 0.00019818498353559876
0.24 0 0.06 0.00016998770260327894
0.24 0 0.07 0.0006785655005490202
0.24 0 0.08 0.002071141777621809
0.24 0 0.09 0.0037700651174318277
0.24 0 0.1 0.0076148781366476735
0.24 0 0.11 0.008702273611131869
0.24 0 0.12 0.006827499749499191
0.24 0 0.13 0.008638446870919135
0.24 0 0.14 0.007947605313807617
0.24 0 0.15 0.008051662788837165
0.24 0 0.16 0.010909995247256343
0.24 0 0.17 0.004997351210053302
0.24 0 0.18 0.003008798982534663
0.24 0 0.19 0.004560240218666764
0.24 0 0.2 0.00522075777568365
0.24 0 0.21 0.0015437136529101768
0.24 0 0.22 0.00016475131718030842
0.24 0 0.23 0.0002902381828715872
0.24 0 0.24 0.0015478080415952933
0.24 0 0.25 0.0009359952575792007
0.24 0 0.26 0.0008078360087622702
0.24 0 0.27 0.001538297549330369
0.24 0 0.28 0.0004207127849372501
0.24 0 0.29 7.584035892856488e-05
0.24 0 0.3 7.815122762395169e-05
0.24 0 0.31 2.4657040150705702e-05
0.24 0 0.32 1.3175569268278651e-05
0.24 0 0.33 3.5584253786966374e-05
0.24 0 0.34 6.855797321621886e-05
0.24 0 0.35000000000000003 0.00014414025531665802
0.24 0 0.36 0.00020328749364107538
0.24 0 0.37 0.0006030898078550923
0.24 0 0.38 0.0011281261109610957
0.24 0 0.39 0.0014841831667619272
0.24 0 0.4 0.0008882909372497934
0.24 0 0.41000000000000003 0.004160079749324146
0.24 0 0.42 0.007169871154405009
0.24 0 0.43 0.009609148042625495
0.24 0 0.44 0.014478972985778263
0.24 0 0.45 0.00821870973414361
0.24 0 0.46 0.018389479899409183
0.24 0 0.47000000000000003 0.010375964815121956
0.24 0 0.48 0.00963116850162448
0.24 0 0.49 0.029102926662423822
0.24 0 0.5 0.03780179823187724
0.25 0 0.0 0.024265468584142233
0.25 0 0.01 0.03966166291983739
0.25 0 0.02 0.0429711643261686
0.25 0 0.03 0.043729225681451434
0.25 0 0.04 0.006590573654381333
0.25 0 0.05 0.002543406081302954
0.25 0 0.06 0.005117761406380749
0.25 0 0.07 0.006675177089393792
0.25 0 0.08 0.01558040385152408
0.25 0 0.09 0.016499479009170127
0.25 0 0.1 0.02870500941950344
0.25 0 0.11 0.02896276042711035
0.25 0 0.12 0.013152238112224471
0.25 0 0.13 0.027314466391883212
0.25 0 0.14 0.13801420195865924
0.25 0 0.15 0.28475022957947177
0.25 0 0.16 0.663673043062518
0.25 0 0.17 0.2028665329099011
0.25 0 0.18 0.020344016182741894
0.25 0 0.19 0.020576797060681554
0.25 0 0.2 0.02968362827786274
0.25 0 0.21 0.023805715769907428
0.25 0 0.22 0.025408317746767526
0.25 0 0.23 0.012704499928075019
0.25 0 0.24 0.0023505779455213235
0.25 0 0.25 0.00038461083860621785
0.25 0 0.26 0.00015057334855745323
0.25 0 0.27 0.00014065453220892188
0.25 0 0.28 0.00015733565811877653
0.25 0 0.29 0.0001477271056562973
0.25 0 0.3 4.8677571798947114e-05
0.25 0 0.31 4.714611881328049e-05
0.25 0 0.32 0.00014105848273505248
0.25 0 0.33 0.00011154096939965669
0.25 0 0.34 5.24093980199403e-05
0.25 0 0.35000000000000003 0.00011733676001955355
0.25 0 0.36 0.0009718125759557578
0.25 0 0.37 0.00280599440925273
0.25 0 0.38 0.0061555470377706945
0.25 0 0.39 0.008169480585526873
0.25 0 0.4 0.02129482071056032
0.25 0 0.41000000000000003 0.024396443357124306
0.25 0 0.42 0.037057648603667365
0.25 0 0.43 0.013571740873923294
0.25 0 0.44 0.0038406691112847675
0.25 0 0.45 0.011693043413604219
0.25 0 0.46 0.0221533156736559
0.25 0 0.47000000000000003 0.042870987960832524
0.25 0 0.48 0.06987023350477363
0.25 0 0.49 0.1052743181122384
0.25 0 0.5 0.018228006395646
0.26 0 0.0 0.013249068951128774
0.26 0 0.01 0.016031471018539325
0.26 0 0.02 0.02799762224572616
0.26 0 0.03 0.015889088805763455
0.26 0 0.04 0.015143778936494004
0.26 0 0.05 0.04021781584577019
0.26 0 0.06 0.02446081596405041
0.26 0 0.07 0.007909879801047057
0.26 0 0.08 0.011791380176660399
0.26 0 0.09 0.0316475020857391
0.26 0 0.1 0.014620386277036195
0.26 0 0.11 0.010356048014476862
0.26 0 0.12 0.040294034737738745
0.26 0 0.13 0.2801132919265993
0.26 0 0.14 0.15631253912659157
0.26 0 0.15 0.11857630202817515
0.26 0 0.16 0.07844114373649086
0.26 0 0.17 0.009695452699765203
0.26 0 0.18 0.006839734266983433
0.26 0 0.19 0.022553605030492672
0.26 0 0.2 0.0099686521352424
0.26 0 0.21 0.0021107355007621573
0.26 0 0.22 0.0006000105994397424
0.26 0 0.23 0.0001292186448858164
0.26 0 0.24 0.00014582658948355246
0.26 0 0.25 0.00010209903343714475
0.26 0 0.26 9.493897548386571e-05
0.26 0 0.27 0.00026269538212566126
0.26 0 0.28 0.0002347311335548854
0.26 0 0.29 0.000216929396240562
0.26 0 0.3 0.0006176513316701252
0.26 0 0.31 0.0015482284588354445
0.26 0 0.32 0.005012737251096099
0.26 0 0.33 0.006617200945838978
0.26 0 0.34 0.006192607346910949
0.26 0 0.35000000000000003 0.015648135238045542
0.26 0 0.36 0.013135614039770609
0.26 0 0.37 0.02705003514604734
0.26 0 0.38 0.04194119219477495
0.26 0 0.39 0.013507868833293454
0.26 0 0.4 0.017444429326261886
0.26 0 0.41000000000000003 0.08781554821610876
0.26 0 0.42 0.023999152074581906
0.26 0 0.43 0.009072339546872817
0.26 0 0.44 0.03184969793475703
0.26 0 0.45 0.06801215288720242
0.26 0 0.46 0.04345271765549055
0.26 0 0.47000000000000003 0.014864503875855724
0.26 0 0.48 0.05052108575635695
0.26 0 0.49 0.04978604847724445
0.26 0 0.5 0.029017466751164487
0.27 0 0.0 0.12066299244571858
0.27 0 0.01 0.1589113549243817
0.27 0 0.02 0.17352740155788368
0.27 0 0.03 0.06235781845417982
0.27 0 0.04 0.0376755934309681
0.27 0 0.05 0.03073776350787802
0.27 0 0.06 0.01783502716580313
0.27 0 0.07 0.0302325122912772
0.27 0 0.08 0.10666682670350308
0.27 0 0.09 0.08170394914809526
0.27 0 0.1 0.013905068275443171
0.27 0 0.11 0.004422096757830143
0.27 0 0.12 0.007405791726436546
0.27 0 0.13 0.008473857610118405
0.27 0 0.14 0.03092170965001288
0.27 0 0.15 0.04789171272183631
0.27 0 0.16 0.04206894808686135
0.27 0 0.17 0.07393343394436791
0.27 0 0.18 0.046970512619694205
0.27 0 0.19 0.004276568897175879
0.27 0 0.2 0.0009682843812599984
0.27 0 0.21 0.0006252386543421514
0.27 0 0.22 0.0002159673263565715
0.27 0 0.23 0.0002919786149355825
0.27 0 0.24 0.0003894018191154811
0.27 0 0.25 0.0007235152883215939
0.27 0 0.26 0.0006608648170844663
0.27 0 0.27 0.0005121205999397725
0.27 0 0.28 0.0004014410429344154
0.27 0 0.29 0.0003008732012137752
0.27 0 0.3 0.0004010868487082431
0.27 0 0.31 0.0018491244646816698
0.27 0 0.32 0.007152525040908184
0.27 0 0.33 0.006583896093663438
0.27 0 0.34 0.003903689410672891
0.27 0 0.35000000000000003 0.0010131411621874895
0.27 0 0.36 0.0017367715471335056
0.27 0 0.37 0.015846820890790494
0.27 0 0.38 0.027414803916701605
0.27 0 0.39 0.013287771607903983
0.27 0 0.4 0.018356656955934376
0.27 0 0.41000000000000003 0.011420026476159152
0.27 0 0.42 0.015998612856115074
0.27 0 0.43 0.09792613305961426
0.27 0 0.44 0.12154785493522355
0.27 0 0.45 0.08929582529893569
0.27 0 0.46 0.01946018348595731
0.27 0 0.47000000000000003 0.0025134611964336725
0.27 0 0.48 0.0016081581768426318
0.27 0 0.49 0.004383227860239923
0.27 0 0.5 0.0024483083618700415
0.28 0 0.0 0.7398267680170305
0.28 0 0.01 1.347253035479214
0.28 0 0.02 0.9618551925684943
0.28 0 0.03 0.3891736314396999
0.28 0 0.04 2.624539266381665
0.28 0 0.05 5.583912066283134
0.28 0 0.06 0.6182572844041245
0.28 0 0.07 0.2910500194061718
0.28 0 0.08 0.21325468240741124
0.28 0 0.09 0.13630253097945863
0.28 0 0.1 0.21858624643673807
0.28 0 0.11 0.14110041110591603
0.28 0 0.12 0.2657465991823209
0.28 0 0.13 1.329992883101338
0.28 0 0.14 0.4170897634033284
0.28 0 0.15 0.34954933629596546
0.28 0 0.16 0.28014433273443623
0.28 0 0.17 0.10308023240558449
0.28 0 0.18 0.0705993314960876
0.28 0 0.19 0.08829139547841744
0.28 0 0.2 0.1297598013334364
0.28 0 0.21 0.06018405619798086
0.28 0 0.22 0.015148635117104911
0.28 0 0.23 0.006054107044811797
0.28 0 0.24 0.005964319651908773
0.28 0 0.25 0.0027536981490088514
0.28 0 0.26 0.014327584114943195
0.28 0 0.27 0.02481988377158057
0.28 0 0.28 0.015367114435750341
0.28 0 0.29 0.03442503624505216
0.28 0 0.3 0.07117675718133537
0.28 0 0.31 0.028560002071370445
0.28 0 0.32 0.011558593100989277
0.28 0 0.33 0.019741264523021183
0.28 0 0.34 0.01111816141603948
0.28 0 0.35000000000000003 0.011317692675341502
0.28 0 0.36 0.04339178306129327
0.28 0 0.37 0.2864407747400671
0.28 0 0.38 0.4469102156884434
0.28 0 0.39 0.27841748852473003
0.28 0 0.4 0.25553900825194464
0.28 0 0.41000000000000003 0.6151342970522309
0.28 0 0.42 0.587467692192679
0.28 0 0.43 0.11593123150362172
0.28 0 0.44 0.09786814448456171
0.28 0 0.45 0.0689402329853955
0.28 0 0.46 0.022221918559628157
0.28 0 0.47000000000000003 0.006736452765752149
0.28 0 0.48 0.009690776881228871
0.28 0 0.49 0.012536450843881325
0.28 0 0.5 0.004845864294158209
0.29 0 0.0 0.4188962810167227
0.29 0 0.01 0.4002829977217201
0.29 0 0.02 0.3546388366062549
0.29 0 0.03 0.5652564061897917
0.29 0 0.04 0.6753790504209629
0.29 0 0.05 1.005307218281102
0.29 0 0.06 3.8389777485721748
0.29 0 0.07 9.02512767521641
0.29 0 0.08 18.337742562764923
0.29 0 0.09 44.38629812257269
0.29 0 0.1 14.778644679540234
0.29 0 0.11 2.760574763821981
0.29 0 0.12 2.2318047063636652
0.29 0 0.13 3.168073450793261
0.29 0 0.14 3.7824668046949763
0.29 0 0.15 1.3784136066201402
0.29 0 0.16 0.4808211808862033
0.29 0 0.17 0.2743102090459545
0.29 0 0.18 0.26970253550613477
0.29 0 0.19 0.15965241002065303
0.29 0 0.2 0.1054676654527705
0.29 0 0.21 0.10207174394682683
0.29 0 0.22 0.12229632796483107
0.29 0 0.23 0.3467425952779182
0.29 0 0.24 0.1677238889204031
0.29 0 0.25 0.4162147841037152
0.29 0 0.26 0.43607656122032223
0.29 0 0.27 0.16767303506690634
0.29 0 0.28 0.22334551424433974
0.29 0 0.29 0.4285856870237234
0.29 0 0.3 0.09676793210279096
0.29 0 0.31 0.07606667134231967
0.29 0 0.32 0.12200455502136015
0.29 0 0.33 0.048561938186656224
0.29 0 0.34 0.08228805421346223
0.29 0 0.35000000000000003 0.0472029311544726
0.29 0 0.36 0.13476841690992378
0.29 0 0.37 0.8325625912096775
0.29 0 0.38 1.4588446976137122
0.29 0 0.39 1.3700471929107052
0.29 0 0.4 0.7803653600724516
0.29 0 0.41000000000000003 0.42994768168826264
0.29 0 0.42 0.6566024751347792
0.29 0 0.43 0.8334043459765217
0.29 0 0.44 0.9663769139567298
0.29 0 0.45 3.0532278434247724
0.29 0 0.46 0.4107337668012355
0.29 0 0.47000000000000003 0.10276617777479835
0.29 0 0.48 0.11289569462371339
0.29 0 0.49 0.05924903534818255
0.29 0 0.5 0.026630740797111366
0.3 0 0.0 0.008371674954156088
0.3 0 0.01 0.027581404320344734
0.3 0 0.02 0.03150382138147425
0.3 0 0.03 0.040194602833292965
0.3 0 0.04 0.45387799388260475
0.3 0 0.05 6.491068426307206
0.3 0 0.06 7.6383368400113305
0.3 0 0.07 2.288246235420965
0.3 0 0.08 2.125418114759279
0.3 0 0.09 2.853047287347862
0.3 0 0.1 1.1769721373235065
0.3 0 0.11 0.6085863437016933
0.3 0 0.12 1.1531094968828706
0.3 0 0.13 1.3711763952017573
0.3 0 0.14 1.393338489812563
0.3 0 0.15 1.867425406949297
0.3 0 0.16 0.7436483147182577
0.3 0 0.17 0.3154794606480953
0.3 0 0.18 0.359532029327172
0.3 0 0.19 0.36502274340654683
0.3 0 0.2 0.17373511061941116
0.3 0 0.21 0.16673060797066563
0.3 0 0.22 0.26287671092859327
0.3 0 0.23 0.07982229562459103
0.3 0 0.24 0.08943376525451993
0.3 0 0.25 0.20012286755804337
0.3 0 0.26 1.276360154743334
0.3 0 0.27 1.3524468652494979
0.3 0 0.28 0.3734235348828622
0.3 0 0.29 0.1005250596543708
0.3 0 0.3 0.1772131094547921
0.3 0 0.31 0.28789849544212964
0.3 0 0.32 0.2184638008496604
0.3 0 0.33 0.6331124141289334
0.3 0 0.34 0.5384176558215495
0.3 0 0.35000000000000003 0.2995990585913113
0.3 0 0.36 0.14789064131931737
0.3 0 0.37 0.4327688468416374
0.3 0 0.38 0.3436052454734131
0.3 0 0.39 0.23928927369820427
0.3 0 0.4 0.6381298724567293
0.3 0 0.41000000000000003 1.7122842667516895
0.3 0 0.42 1.0653230228172212
0.3 0 0.43 0.4440133304773899
0.3 0 0.44 1.416778712043851
0.3 0 0.45 0.6877278020869977
0.3 0 0.46 0.16845764220070578
0.3 0 0.47000000000000003 0.10701472983167483
0.3 0 0.48 0.10192393200038592
0.3 0 0.49 0.05227832442628548
0.3 0 0.5 0.05366884657884404
#STOP
