#MEDIUM_PROPERTIES_DISTRIBUTED
$MSH_TYPE
	 GROUNDWATER_FLOW	
$MMP_TYPE
	 PERMEABILITY	
$DIS_TYPE
	 NEAREST_VALUE	
;hj
$CONVERSION_FACTOR
2e-8;2e-6;2e-13
$DATA
0.0 0 0.0 1.1981888401822994e-05
0.0 0 0.01 1.1769905838668227e-05
0.0 0 0.02 1.2961720324464132e-05
0.0 0 0.03 5.064550609531046e-06
0.0 0 0.04 3.0575242445216387e-06
0.0 0 0.05 4.872380734726157e-06
0.0 0 0.06 6.031943814661252e-06
0.0 0 0.07 2.3110578432834858e-05
0.0 0 0.08 2.0138369452320668e-05
0.0 0 0.09 2.367871176731483e-05
0.0 0 0.1 5.338555599925372e-06
0.0 0 0.11 1.2039541292948265e-05
0.0 0 0.12 1.7602303251303035e-05
0.0 0 0.13 1.3951933339489653e-05
0.0 0 0.14 3.9832840650748144e-05
0.0 0 0.15 1.3796476397401045e-05
0.0 0 0.16 1.1702201572722983e-05
0.0 0 0.17 1.041746463403858e-05
0.0 0 0.18 5.3922066364726936e-05
0.0 0 0.19 4.102415167661071e-05
0.0 0 0.2 6.994702520443136e-05
0.0 0 0.21 0.00016013792146989534
0.0 0 0.22 0.00021201904470906008
0.0 0 0.23 0.0007377704947566929
0.0 0 0.24 0.0009832116271862265
0.0 0 0.25 0.0021015736259859526
0.0 0 0.26 0.0015126150347579664
0.0 0 0.27 0.0062484992810874366
0.0 0 0.28 0.0039980089258008136
0.0 0 0.29 0.002109546771325489
0.0 0 0.3 0.0017357921880523151
0.0 0 0.31 0.002037339460629353
0.0 0 0.32 0.007566570442278921
0.0 0 0.33 0.013451893332996399
0.0 0 0.34 0.014421491964952944
0.0 0 0.35000000000000003 0.004518903849755879
0.0 0 0.36 0.010823264855032216
0.0 0 0.37 0.005951704620719963
0.0 0 0.38 0.011507379970204361
0.0 0 0.39 0.012323265188323733
0.0 0 0.4 0.007020909148153429
0.0 0 0.41000000000000003 0.003267817341295898
0.0 0 0.42 0.0015228333856563564
0.0 0 0.43 0.0022746571601390242
0.0 0 0.44 0.0003471094873546047
0.0 0 0.45 0.0006929416651976035
0.0 0 0.46 0.000532929867211885
0.0 0 0.47000000000000003 0.00037883766802305113
0.0 0 0.48 0.0002731841634095098
0.0 0 0.49 0.00028446887284723157
0.0 0 0.5 0.0002006377187651564
0.01 0 0.0 1.6262534844270762e-06
0.01 0 0.01 1.3033055970436075e-06
0.01 0 0.02 1.0170219017786955e-06
0.01 0 0.03 5.546160517340663e-07
0.01 0 0.04 4.431693388712008e-07
0.01 0 0.05 3.7106849625898604e-07
0.01 0 0.06 9.363867204289105e-07
0.01 0 0.07 3.696603025790953e-07
0.01 0 0.08 2.3704471717367453e-06
0.01 0 0.09 6.275768250889358e-06
0.01 0 0.1 1.851057672227573e-05
0.01 0 0.11 2.3838435355686906e-05
0.01 0 0.12 8.6708668567463e-05
0.01 0 0.13 9.31218404657277e-05
0.01 0 0.14 0.00013531989443015986
0.01 0 0.15 0.0002514601503349188
0.01 0 0.16 8.376472020946133e-05
0.01 0 0.17 0.00010958709341128582
0.01 0 0.18 3.9733059682050426e-05
0.01 0 0.19 0.00010533840620486732
0.01 0 0.2 4.577829502594494e-05
0.01 0 0.21 8.707992010169145e-05
0.01 0 0.22 3.41590877810823e-05
0.01 0 0.23 5.4507163151344375e-05
0.01 0 0.24 8.574058475542089e-05
0.01 0 0.25 3.1673113553034434e-05
0.01 0 0.26 4.889905712205493e-05
0.01 0 0.27 4.0724530810037274e-05
0.01 0 0.28 8.66168375509105e-05
0.01 0 0.29 1.2047639309492525e-05
0.01 0 0.3 2.4374904583312204e-05
0.01 0 0.31 1.0132924574307452e-05
0.01 0 0.32 1.0967969463203875e-05
0.01 0 0.33 4.3409766105568494e-05
0.01 0 0.34 5.3566982483370805e-05
0.01 0 0.35000000000000003 6.343669435328152e-05
0.01 0 0.36 4.9946780146545976e-05
0.01 0 0.37 0.00020731058082229677
0.01 0 0.38 0.00023968591027260253
0.01 0 0.39 0.0005627561194951371
0.01 0 0.4 0.0012212869505576502
0.01 0 0.41000000000000003 0.001711755378755347
0.01 0 0.42 0.001623903408849252
0.01 0 0.43 0.0013029187520755116
0.01 0 0.44 0.0005417815722047486
0.01 0 0.45 0.000319680039718478
0.01 0 0.46 0.0002999623378228244
0.01 0 0.47000000000000003 0.0002271252240598405
0.01 0 0.48 0.000343358729293782
0.01 0 0.49 0.00036108583928311905
0.01 0 0.5 0.00015309153176887725
0.02 0 0.0 2.455876354929802e-05
0.02 0 0.01 9.420505454513847e-06
0.02 0 0.02 7.91118223397324e-06
0.02 0 0.03 5.452904883414707e-06
0.02 0 0.04 8.677783231275636e-06
0.02 0 0.05 8.949497540944944e-06
0.02 0 0.06 1.3971787833510874e-05
0.02 0 0.07 1.4482967706419095e-05
0.02 0 0.08 1.0921029104374073e-05
0.02 0 0.09 2.6085015389073274e-05
0.02 0 0.1 9.788516300226932e-06
0.02 0 0.11 5.305484672773791e-05
0.02 0 0.12 5.4167729998316006e-05
0.02 0 0.13 4.211010502912825e-05
0.02 0 0.14 1.910612654959804e-05
0.02 0 0.15 1.9964812197174205e-05
0.02 0 0.16 3.058302262390079e-05
0.02 0 0.17 2.7897103304605505e-05
0.02 0 0.18 0.00018288830590659763
0.02 0 0.19 5.1809816406740895e-05
0.02 0 0.2 8.346720911161757e-05
0.02 0 0.21 9.318799175255583e-05
0.02 0 0.22 0.0005691515324061448
0.02 0 0.23 0.0007025668835743036
0.02 0 0.24 0.000864638563933335
0.02 0 0.25 0.0006935513817908431
0.02 0 0.26 0.00016896947873010004
0.02 0 0.27 0.0006962788772544047
0.02 0 0.28 0.0010451750888025987
0.02 0 0.29 0.0019240736712063042
0.02 0 0.3 0.000642478053442961
0.02 0 0.31 0.0008095102304607572
0.02 0 0.32 0.0005657336139256404
0.02 0 0.33 0.0025235776432491535
0.02 0 0.34 0.0033040443742070784
0.02 0 0.35000000000000003 0.002752115034911871
0.02 0 0.36 0.003231066443653324
0.02 0 0.37 0.001939934769028217
0.02 0 0.38 0.0015631736522132272
0.02 0 0.39 0.00040837688999059317
0.02 0 0.4 0.0007460342069266133
0.02 0 0.41000000000000003 0.00030385215153516204
0.02 0 0.42 0.0007126647210229411
0.02 0 0.43 0.0007681664558489762
0.02 0 0.44 0.0002992255398835973
0.02 0 0.45 0.00013177343234817973
0.02 0 0.46 0.00022763381845207197
0.02 0 0.47000000000000003 0.0003566964274221004
0.02 0 0.48 0.00045252301997749284
0.02 0 0.49 0.00196564666623607
0.02 0 0.5 0.0031125467037041213
0.03 0 0.0 0.001175300790580634
0.03 0 0.01 0.0008387961629611866
0.03 0 0.02 0.00018719008547031946
0.03 0 0.03 0.0003362069919020459
0.03 0 0.04 7.745189526509504e-05
0.03 0 0.05 0.0001122957487869802
0.03 0 0.06 0.00011043741813787557
0.03 0 0.07 9.102969962674426e-05
0.03 0 0.08 0.000102006062848007
0.03 0 0.09 0.00016980293649467755
0.03 0 0.1 0.00012782426450566467
0.03 0 0.11 3.494524081555283e-05
0.03 0 0.12 0.0001327957871898765
0.03 0 0.13 0.00014008584382007073
0.03 0 0.14 0.00031951242922315576
0.03 0 0.15 0.00022635653913814972
0.03 0 0.16 0.00024237801439258344
0.03 0 0.17 0.00013053583359435897
0.03 0 0.18 0.00018658493513770997
0.03 0 0.19 0.000475379879529485
0.03 0 0.2 0.000450212219504741
0.03 0 0.21 0.0009593654402517822
0.03 0 0.22 0.0004943652739359024
0.03 0 0.23 0.0008024780932836135
0.03 0 0.24 0.0005160418901933695
0.03 0 0.25 0.00070946477197941
0.03 0 0.26 0.0004361994083245065
0.03 0 0.27 0.0015093087650571483
0.03 0 0.28 0.0086571361773807
0.03 0 0.29 0.005036868321718229
0.03 0 0.3 0.01091465535708125
0.03 0 0.31 0.004466502378140962
0.03 0 0.32 0.005336596546853367
0.03 0 0.33 0.008723966370623226
0.03 0 0.34 0.0237460918166939
0.03 0 0.35000000000000003 0.00924997509070015
0.03 0 0.36 0.0015459633382800839
0.03 0 0.37 0.0022149299950449033
0.03 0 0.38 0.0017644702642926747
0.03 0 0.39 0.0015897237272766466
0.03 0 0.4 0.0010845710693146654
0.03 0 0.41000000000000003 0.0007785088590438745
0.03 0 0.42 0.000416470005945753
0.03 0 0.43 0.00070285589206142
0.03 0 0.44 0.0010974051798855857
0.03 0 0.45 0.0011366022608974987
0.03 0 0.46 0.0012743058298882567
0.03 0 0.47000000000000003 0.0011854909612878134
0.03 0 0.48 0.0011994813221961617
0.03 0 0.49 0.0029069496588025015
0.03 0 0.5 0.002898935980979486
0.04 0 0.0 0.0720524439612315
0.04 0 0.01 0.03162076990342274
0.04 0 0.02 0.011104117813164184
0.04 0 0.03 0.003056185299159124
0.04 0 0.04 0.005151466945595072
0.04 0 0.05 0.0009547673152289389
0.04 0 0.06 0.0013745344696748942
0.04 0 0.07 0.00023995593797029467
0.04 0 0.08 0.0003000423420683894
0.04 0 0.09 0.00036981480064635335
0.04 0 0.1 0.00035613250387282096
0.04 0 0.11 0.0007735584499488513
0.04 0 0.12 0.0010514961129120357
0.04 0 0.13 0.0052716701369706735
0.04 0 0.14 0.0018859781539237335
0.04 0 0.15 0.00709218580972569
0.04 0 0.16 0.0014222843374905186
0.04 0 0.17 0.0010696255701296423
0.04 0 0.18 0.0007159693433191305
0.04 0 0.19 0.0006128265190781403
0.04 0 0.2 0.00029434329377560266
0.04 0 0.21 0.00013786796573461433
0.04 0 0.22 0.0006420838823869429
0.04 0 0.23 0.0003156285883824618
0.04 0 0.24 0.00063104991738354
0.04 0 0.25 0.00043296305820377066
0.04 0 0.26 0.00026458255858957463
0.04 0 0.27 0.00014432490949487477
0.04 0 0.28 0.00040599886805411234
0.04 0 0.29 0.0005782515467623788
0.04 0 0.3 0.0007290158698310605
0.04 0 0.31 0.0007813288110728825
0.04 0 0.32 0.0006617933468270635
0.04 0 0.33 0.0011196073398746678
0.04 0 0.34 0.0017051396227124411
0.04 0 0.35000000000000003 0.003078632517107442
0.04 0 0.36 0.0023495185808835284
0.04 0 0.37 0.006657824578313494
0.04 0 0.38 0.008547708782022476
0.04 0 0.39 0.013143821770053543
0.04 0 0.4 0.02137693560449827
0.04 0 0.41000000000000003 0.027383633388018983
0.04 0 0.42 0.023827558905735183
0.04 0 0.43 0.04796346062577821
0.04 0 0.44 0.04651914802692674
0.04 0 0.45 0.025192462423886813
0.04 0 0.46 0.041744951405489374
0.04 0 0.47000000000000003 0.043984329492584955
0.04 0 0.48 0.018235048333652908
0.04 0 0.49 0.012989674174413482
0.04 0 0.5 0.02542592764414801
0.05 0 0.0 0.08586828328411485
0.05 0 0.01 0.06657038792964384
0.05 0 0.02 0.03569344195831341
0.05 0 0.03 0.061107878882558524
0.05 0 0.04 0.021916958943035643
0.05 0 0.05 0.025319950078367653
0.05 0 0.06 0.016695931201229454
0.05 0 0.07 0.02840609716942065
0.05 0 0.08 0.011819052963278997
0.05 0 0.09 0.041393928287314696
0.05 0 0.1 0.05600921920862704
0.05 0 0.11 0.02123356609988271
0.05 0 0.12 0.026449585708265333
0.05 0 0.13 0.0265671461770001
0.05 0 0.14 0.05602112092585016
0.05 0 0.15 0.03456482548593889
0.05 0 0.16 0.0713856811107377
0.05 0 0.17 0.015905217451115665
0.05 0 0.18 0.008764736100581993
0.05 0 0.19 0.0030833014572703
0.05 0 0.2 0.0014409850444994591
0.05 0 0.21 0.0006345407134782206
0.05 0 0.22 0.0005859783498759676
0.05 0 0.23 0.0008814274056250198
0.05 0 0.24 0.0004013033197501104
0.05 0 0.25 0.0008105431181348233
0.05 0 0.26 0.00018237646500624422
0.05 0 0.27 0.0004613964210419106
0.05 0 0.28 0.0006309080074116711
0.05 0 0.29 0.0010296645089538947
0.05 0 0.3 0.0011825615207359055
0.05 0 0.31 0.001513998284688021
0.05 0 0.32 0.0016662887036622907
0.05 0 0.33 0.0009036350765950344
0.05 0 0.34 0.0030679437444960872
0.05 0 0.35000000000000003 0.00291596141719648
0.05 0 0.36 0.0023714021582334453
0.05 0 0.37 0.003909592637590493
0.05 0 0.38 0.01188463380101633
0.05 0 0.39 0.006331495867865689
0.05 0 0.4 0.005603076493570348
0.05 0 0.41000000000000003 0.006502056212884436
0.05 0 0.42 0.009373823181792584
0.05 0 0.43 0.011591208441481395
0.05 0 0.44 0.019324110579383665
0.05 0 0.45 0.004813165133208214
0.05 0 0.46 0.0026416598788419478
0.05 0 0.47000000000000003 0.0035401809730261193
0.05 0 0.48 0.006096654558905182
0.05 0 0.49 0.018291666866293965
0.05 0 0.5 0.007644099739542274
0.06 0 0.0 0.002906972557203563
0.06 0 0.01 0.009944183949789938
0.06 0 0.02 0.0024665388817555903
0.06 0 0.03 0.002951425899786846
0.06 0 0.04 0.0024006321548550574
0.06 0 0.05 0.001433997046512987
0.06 0 0.06 0.002860160270957817
0.06 0 0.07 0.00441372733659155
0.06 0 0.08 0.020484336613895062
0.06 0 0.09 0.012362455929955949
0.06 0 0.1 0.01709096661758638
0.06 0 0.11 0.0032209074130343106
0.06 0 0.12 0.006938364693498978
0.06 0 0.13 0.015147143515628037
0.06 0 0.14 0.018985631195209053
0.06 0 0.15 0.015252099081628697
0.06 0 0.16 0.002113353494892554
0.06 0 0.17 0.0009568679775393904
0.06 0 0.18 0.0005834893558628703
0.06 0 0.19 0.0035052408577618765
0.06 0 0.2 0.0014749085417705293
0.06 0 0.21 0.00029898803539925723
0.06 0 0.22 0.00024542272136492794
0.06 0 0.23 0.00017869349540827422
0.06 0 0.24 0.00024763332525705586
0.06 0 0.25 0.00045065944348172325
0.06 0 0.26 0.0005152419144602346
0.06 0 0.27 0.00027122470044064226
0.06 0 0.28 0.00040861032732173494
0.06 0 0.29 0.0007715943743078505
0.06 0 0.3 0.000837107082664054
0.06 0 0.31 0.0010749041499344765
0.06 0 0.32 0.002140401658361302
0.06 0 0.33 0.0028221306675711563
0.06 0 0.34 0.003685422878948272
0.06 0 0.35000000000000003 0.002712071774606305
0.06 0 0.36 0.001105294013711813
0.06 0 0.37 0.000881882675107151
0.06 0 0.38 0.001862369942813199
0.06 0 0.39 0.00327609895121373
0.06 0 0.4 0.004592827580750078
0.06 0 0.41000000000000003 0.004760476649470618
0.06 0 0.42 0.0014978223776578197
0.06 0 0.43 0.002128329218909598
0.06 0 0.44 0.004027300730812655
0.06 0 0.45 0.004187414072542755
0.06 0 0.46 0.004016730895324149
0.06 0 0.47000000000000003 0.006754008513368389
0.06 0 0.48 0.0052337294732056885
0.06 0 0.49 0.005020597397217646
0.06 0 0.5 0.014661687913765327
0.07 0 0.0 0.00046521543437834015
0.07 0 0.01 0.0003107117463423804
0.07 0 0.02 0.0006791410024332144
0.07 0 0.03 0.0005062509464313044
0.07 0 0.04 0.0014069092914233475
0.07 0 0.05 0.0012614441455438203
0.07 0 0.06 0.0012148464535536474
0.07 0 0.07 0.0028298981532506803
0.07 0 0.08 0.0008787721768611478
0.07 0 0.09 0.003972637198688849
0.07 0 0.1 0.005669137194323164
0.07 0 0.11 0.008810712213595515
0.07 0 0.12 0.0019720308963367197
0.07 0 0.13 0.003801694210050209
0.07 0 0.14 0.005541140297470552
0.07 0 0.15 0.010328268076391882
0.07 0 0.16 0.015321724118901087
0.07 0 0.17 0.007634362065230941
0.07 0 0.18 0.0035164629129929214
0.07 0 0.19 0.003934189272793878
0.07 0 0.2 0.014598809125904354
0.07 0 0.21 0.005852077388441843
0.07 0 0.22 0.009604604615104942
0.07 0 0.23 0.005304048823410992
0.07 0 0.24 0.00851449437014409
0.07 0 0.25 0.008995484891653216
0.07 0 0.26 0.0066982223683432545
0.07 0 0.27 0.0028809609869161015
0.07 0 0.28 0.0015413338620934147
0.07 0 0.29 0.0012315346394733276
0.07 0 0.3 0.000617643629613006
0.07 0 0.31 0.0006962173402229915
0.07 0 0.32 0.0005409349595958019
0.07 0 0.33 0.00032970596804950467
0.07 0 0.34 0.0004128927063596386
0.07 0 0.35000000000000003 0.0015119645459205106
0.07 0 0.36 0.001146679972423042
0.07 0 0.37 0.001655674081263666
0.07 0 0.38 0.002574170204622676
0.07 0 0.39 0.004713434781307725
0.07 0 0.4 0.004624290051231452
0.07 0 0.41000000000000003 0.028388244292138508
0.07 0 0.42 0.0357704014739707
0.07 0 0.43 0.02927578274438823
0.07 0 0.44 0.05824767334956233
0.07 0 0.45 0.04084735885199443
0.07 0 0.46 0.08267051621897814
0.07 0 0.47000000000000003 0.045046690525193285
0.07 0 0.48 0.1595870584126569
0.07 0 0.49 0.057752185001330524
0.07 0 0.5 0.06051514580073361
0.08 0 0.0 0.0002375576322185869
0.08 0 0.01 0.002153183225837169
0.08 0 0.02 0.003018005945595539
0.08 0 0.03 0.008037412268477354
0.08 0 0.04 0.006960136501629598
0.08 0 0.05 0.005505409363391836
0.08 0 0.06 0.0016506066603067817
0.08 0 0.07 0.002558590485635062
0.08 0 0.08 0.004577867825788817
0.08 0 0.09 0.003562588044933676
0.08 0 0.1 0.0059491311716992085
0.08 0 0.11 0.0022981362160408667
0.08 0 0.12 0.004563083095050351
0.08 0 0.13 0.0031533955826836173
0.08 0 0.14 0.00819070574664842
0.08 0 0.15 0.006370779302463514
0.08 0 0.16 0.006878705307718861
0.08 0 0.17 0.005283705484773545
0.08 0 0.18 0.001422197712230284
0.08 0 0.19 0.002957963205520986
0.08 0 0.2 0.001215649344089798
0.08 0 0.21 0.0006100735924885666
0.08 0 0.22 0.0006580819575124439
0.08 0 0.23 0.001982868361441833
0.08 0 0.24 0.0015567629065354161
0.08 0 0.25 0.0012681791012980337
0.08 0 0.26 0.001121906951795558
0.08 0 0.27 0.0008450802846157874
0.08 0 0.28 0.0014304202547176922
0.08 0 0.29 0.0052520924366292075
0.08 0 0.3 0.003640446052877725
0.08 0 0.31 0.001183253197102818
0.08 0 0.32 0.001061445275516664
0.08 0 0.33 0.0018007778465820026
0.08 0 0.34 0.004947588194384095
0.08 0 0.35000000000000003 0.012329772107677136
0.08 0 0.36 0.03793763937970451
0.08 0 0.37 0.024241089027030552
0.08 0 0.38 0.07198440852823348
0.08 0 0.39 0.053198786736546926
0.08 0 0.4 0.15640782864020136
0.08 0 0.41000000000000003 0.49981251954617284
0.08 0 0.42 0.8092850203157048
0.08 0 0.43 0.645292565136363
0.08 0 0.44 0.23680429326503585
0.08 0 0.45 0.11861278666323381
0.08 0 0.46 0.03744511549786111
0.08 0 0.47000000000000003 0.20825048031268842
0.08 0 0.48 0.33447964279944664
0.08 0 0.49 0.39822521823723
0.08 0 0.5 0.08578525214377228
0.09 0 0.0 0.010562342163890617
0.09 0 0.01 0.009849156962856114
0.09 0 0.02 0.008187146881742059
0.09 0 0.03 0.004072485852726273
0.09 0 0.04 0.041804962354252885
0.09 0 0.05 0.05122749836382795
0.09 0 0.06 0.09763495705610732
0.09 0 0.07 0.05738918035103004
0.09 0 0.08 0.03078092884293111
0.09 0 0.09 0.017560556080619412
0.09 0 0.1 0.028083354558792933
0.09 0 0.11 0.037702471799782394
0.09 0 0.12 0.011962215716268635
0.09 0 0.13 0.00791443031192822
0.09 0 0.14 0.008138338868179516
0.09 0 0.15 0.005234042330035007
0.09 0 0.16 0.0038886382309109933
0.09 0 0.17 0.006442601175962243
0.09 0 0.18 0.004243312510241314
0.09 0 0.19 0.010968219217877242
0.09 0 0.2 0.027231301102356244
0.09 0 0.21 0.018568966696151205
0.09 0 0.22 0.006219580311071016
0.09 0 0.23 0.005497119973953867
0.09 0 0.24 0.008008114920432612
0.09 0 0.25 0.009483358047267925
0.09 0 0.26 0.00507059973486878
0.09 0 0.27 0.000957058851082224
0.09 0 0.28 0.0003391287058224484
0.09 0 0.29 0.00040340505485624565
0.09 0 0.3 0.0006418010252367153
0.09 0 0.31 0.0005076192910446093
0.09 0 0.32 0.0006363952938545145
0.09 0 0.33 0.00043538824569121286
0.09 0 0.34 0.0006636839592563708
0.09 0 0.35000000000000003 0.0018231094315098316
0.09 0 0.36 0.003397473199293828
0.09 0 0.37 0.0022396138866461563
0.09 0 0.38 0.0046462177269429306
0.09 0 0.39 0.008434744726018682
0.09 0 0.4 0.004220172195351729
0.09 0 0.41000000000000003 0.012309245914475849
0.09 0 0.42 0.010083778991808253
0.09 0 0.43 0.014405983104498218
0.09 0 0.44 0.009974351519809868
0.09 0 0.45 0.018094057944471154
0.09 0 0.46 0.008649304518923614
0.09 0 0.47000000000000003 0.0018284501018275081
0.09 0 0.48 0.004237543776434377
0.09 0 0.49 0.0030642644651957835
0.09 0 0.5 0.014986590556001152
0.1 0 0.0 0.04322554777393486
0.1 0 0.01 0.11131832291293059
0.1 0 0.02 0.09742065814842064
0.1 0 0.03 0.04076430772102254
0.1 0 0.04 0.033905167522488726
0.1 0 0.05 0.11635260206746421
0.1 0 0.06 0.041762483902219684
0.1 0 0.07 0.0622597268440297
0.1 0 0.08 0.026253914778183632
0.1 0 0.09 0.035143920479123535
0.1 0 0.1 0.01720449894335996
0.1 0 0.11 0.030332322874722727
0.1 0 0.12 0.029268644733925334
0.1 0 0.13 0.019288514792464802
0.1 0 0.14 0.038373578199536795
0.1 0 0.15 0.02071253653270958
0.1 0 0.16 0.027003386476492645
0.1 0 0.17 0.013028890368338222
0.1 0 0.18 0.00669095555538357
0.1 0 0.19 0.0051777327880868414
0.1 0 0.2 0.008776206792894594
0.1 0 0.21 0.0031419224811639634
0.1 0 0.22 0.0012208206674590172
0.1 0 0.23 0.0004911955854350351
0.1 0 0.24 0.00024156223546703006
0.1 0 0.25 0.00010170046746659703
0.1 0 0.26 0.00021210671877619426
0.1 0 0.27 0.00014897795612275365
0.1 0 0.28 8.496203346264046e-05
0.1 0 0.29 0.0001945437168558682
0.1 0 0.3 0.00040472397199486974
0.1 0 0.31 0.0007643615208894482
0.1 0 0.32 0.0006609979770287388
0.1 0 0.33 0.00438314589438918
0.1 0 0.34 0.0021586684711543346
0.1 0 0.35000000000000003 0.007355511060388209
0.1 0 0.36 0.010277334938662914
0.1 0 0.37 0.01907464202993319
0.1 0 0.38 0.032549073895487744
0.1 0 0.39 0.02086218598837202
0.1 0 0.4 0.02609117934186276
0.1 0 0.41000000000000003 0.017523970849895525
0.1 0 0.42 0.07574023286985491
0.1 0 0.43 0.04333821482741761
0.1 0 0.44 0.0703168061259653
0.1 0 0.45 0.027527917236147476
0.1 0 0.46 0.021527503981288085
0.1 0 0.47000000000000003 0.014214353661909368
0.1 0 0.48 0.022728529089587602
0.1 0 0.49 0.012493445964240334
0.1 0 0.5 0.005129946516033063
0.11 0 0.0 0.0029788000623804985
0.11 0 0.01 0.009609784669196741
0.11 0 0.02 0.01003492966878658
0.11 0 0.03 0.0050069849433839585
0.11 0 0.04 0.006401799085453889
0.11 0 0.05 0.003205433381552885
0.11 0 0.06 0.0024674854392015793
0.11 0 0.07 0.0010604833098225414
0.11 0 0.08 0.0014116841953048906
0.11 0 0.09 0.0011690093389538953
0.11 0 0.1 0.0018163267830386767
0.11 0 0.11 0.004176827948402808
0.11 0 0.12 0.0025857879479793144
0.11 0 0.13 0.0024053545807296013
0.11 0 0.14 0.009462245046874743
0.11 0 0.15 0.018397096746229812
0.11 0 0.16 0.013663714373787198
0.11 0 0.17 0.008441033524451923
0.11 0 0.18 0.0017782844897862022
0.11 0 0.19 0.00045429935228598534
0.11 0 0.2 0.0005347154978415406
0.11 0 0.21 0.0011978255202277476
0.11 0 0.22 0.0007034176786455495
0.11 0 0.23 0.0004965327040279744
0.11 0 0.24 0.00018198380165502753
0.11 0 0.25 0.00012573990366532834
0.11 0 0.26 0.00013814144694146929
0.11 0 0.27 0.00037590367792195297
0.11 0 0.28 0.0006126174659760421
0.11 0 0.29 0.0008197829597299039
0.11 0 0.3 0.0009313436300069539
0.11 0 0.31 0.00024383633903560717
0.11 0 0.32 0.00022124933188448525
0.11 0 0.33 0.00021584982663709173
0.11 0 0.34 0.0003727845521948349
0.11 0 0.35000000000000003 0.0003230842729059708
0.11 0 0.36 0.0005197539163042797
0.11 0 0.37 0.0001784211217640572
0.11 0 0.38 0.0007743198012077676
0.11 0 0.39 0.004082394824255906
0.11 0 0.4 0.00854231168130017
0.11 0 0.41000000000000003 0.01530246142825378
0.11 0 0.42 0.017399095699628494
0.11 0 0.43 0.07447094503688503
0.11 0 0.44 0.032708369380256445
0.11 0 0.45 0.2788006366837318
0.11 0 0.46 0.16080326496724334
0.11 0 0.47000000000000003 0.24804532960116848
0.11 0 0.48 0.34129227190073647
0.11 0 0.49 0.5357934891016572
0.11 0 0.5 0.43940834740215184
0.12 0 0.0 0.0009086322482059002
0.12 0 0.01 0.0004969190718556086
0.12 0 0.02 0.0006355547724642569
0.12 0 0.03 0.0001784087614407006
0.12 0 0.04 0.0003201553446732538
0.12 0 0.05 0.0006732425627332951
0.12 0 0.06 0.0010252563547324773
0.12 0 0.07 0.0003620824862046022
0.12 0 0.08 0.00045240587852996
0.12 0 0.09 0.0009987480384269908
0.12 0 0.1 0.0012381732141256133
0.12 0 0.11 0.0029314696021909294
0.12 0 0.12 0.0024641873548557004
0.12 0 0.13 0.0019598543367128803
0.12 0 0.14 0.004059386468234314
0.12 0 0.15 0.012427835720098687
0.12 0 0.16 0.012232361572372098
0.12 0 0.17 0.008791032562242162
0.12 0 0.18 0.0022327905387494766
0.12 0 0.19 0.0012398203371421696
0.12 0 0.2 0.0008603830834055947
0.12 0 0.21 0.000964137384921963
0.12 0 0.22 0.00045629603342800924
0.12 0 0.23 0.0007725745800437217
0.12 0 0.24 0.0010923890968961832
0.12 0 0.25 0.0008785546278745338
0.12 0 0.26 0.0020855139468879697
0.12 0 0.27 0.0023247314986299355
0.12 0 0.28 0.004022723161490605
0.12 0 0.29 0.0037777929930535225
0.12 0 0.3 0.04218574309928713
0.12 0 0.31 0.025787475904968327
0.12 0 0.32 0.01345996758298223
0.12 0 0.33 0.013018142926629958
0.12 0 0.34 0.004824717972744854
0.12 0 0.35000000000000003 0.006059691043304609
0.12 0 0.36 0.003344605898631178
0.12 0 0.37 0.0061632068213269805
0.12 0 0.38 0.002156825902066107
0.12 0 0.39 0.0034443215771885354
0.12 0 0.4 0.0032855825921244905
0.12 0 0.41000000000000003 0.0034666255110185856
0.12 0 0.42 0.007008007295414515
0.12 0 0.43 0.008817436167664755
0.12 0 0.44 0.01588287456083605
0.12 0 0.45 0.010259147484746168
0.12 0 0.46 0.01737111777011958
0.12 0 0.47000000000000003 0.012088894597006171
0.12 0 0.48 0.0737079388819034
0.12 0 0.49 0.10099429040546502
0.12 0 0.5 0.07364170730750362
0.13 0 0.0 0.07255877654232544
0.13 0 0.01 0.3076613772919405
0.13 0 0.02 0.18834399935692006
0.13 0 0.03 0.14863437397065227
0.13 0 0.04 0.05999659993669702
0.13 0 0.05 0.1365263330585645
0.13 0 0.06 0.31728077685197237
0.13 0 0.07 0.36156626529048186
0.13 0 0.08 0.2870390120143081
0.13 0 0.09 0.15939817918511692
0.13 0 0.1 0.11474801992517708
0.13 0 0.11 0.2788320035285581
0.13 0 0.12 0.16277943027571212
0.13 0 0.13 0.023826539612875317
0.13 0 0.14 0.012100897430726011
0.13 0 0.15 0.01064347129692343
0.13 0 0.16 0.010963196591298468
0.13 0 0.17 0.008117238061873944
0.13 0 0.18 0.016285188720335502
0.13 0 0.19 0.004772355914007532
0.13 0 0.2 0.012183393996896223
0.13 0 0.21 0.02513075288461767
0.13 0 0.22 0.07206504267321175
0.13 0 0.23 0.08377225206968128
0.13 0 0.24 0.15493086549002133
0.13 0 0.25 0.35148286405075146
0.13 0 0.26 0.2087959082988944
0.13 0 0.27 0.5478556704787455
0.13 0 0.28 0.15266399610936643
0.13 0 0.29 0.17540109829659084
0.13 0 0.3 0.1397706576129995
0.13 0 0.31 0.36194837836870664
0.13 0 0.32 0.21408104748168227
0.13 0 0.33 0.23119089640933982
0.13 0 0.34 0.05963152433014803
0.13 0 0.35000000000000003 0.021661471006482014
0.13 0 0.36 0.0293689054128706
0.13 0 0.37 0.012313497712263893
0.13 0 0.38 0.01977105146736117
0.13 0 0.39 0.0072448460965604524
0.13 0 0.4 0.012551289812779455
0.13 0 0.41000000000000003 0.0017822498965929334
0.13 0 0.42 0.005545723689480308
0.13 0 0.43 0.013449066225605228
0.13 0 0.44 0.02191867423861167
0.13 0 0.45 0.04408509288306003
0.13 0 0.46 0.03484156772177264
0.13 0 0.47000000000000003 0.06037415060097301
0.13 0 0.48 0.06742336191822366
0.13 0 0.49 0.9388932209966211
0.13 0 0.5 0.46814304825806885
0.14 0 0.0 0.037973767778471494
0.14 0 0.01 0.08341643825111938
0.14 0 0.02 0.35465169888126363
0.14 0 0.03 0.5538568453297821
0.14 0 0.04 0.16559773554865426
0.14 0 0.05 0.07620545671700453
0.14 0 0.06 0.06770267251404473
0.14 0 0.07 0.03256623871669644
0.14 0 0.08 0.04443283228287103
0.14 0 0.09 0.06655906762681556
0.14 0 0.1 0.03808752859884804
0.14 0 0.11 0.024302567734257735
0.14 0 0.12 0.03168250669003702
0.14 0 0.13 0.02214625125904295
0.14 0 0.14 0.033267117091236545
0.14 0 0.15 0.07500613230066308
0.14 0 0.16 0.0740735114081395
0.14 0 0.17 0.036658743418910074
0.14 0 0.18 0.021256870153171126
0.14 0 0.19 0.022919910389208754
0.14 0 0.2 0.02981144282940615
0.14 0 0.21 0.0630720844782381
0.14 0 0.22 0.03677642521110633
0.14 0 0.23 0.05690342879515053
0.14 0 0.24 0.06581487709592755
0.14 0 0.25 0.11188686404114012
0.14 0 0.26 0.1011690299961409
0.14 0 0.27 0.23010674041806436
0.14 0 0.28 0.3736514160002307
0.14 0 0.29 0.12798939845737872
0.14 0 0.3 0.6147183998599794
0.14 0 0.31 0.25844493808190167
0.14 0 0.32 0.3888885890312176
0.14 0 0.33 0.30886959614384624
0.14 0 0.34 0.5291489353393978
0.14 0 0.35000000000000003 0.17404622009752774
0.14 0 0.36 0.04723359283754013
0.14 0 0.37 0.06591712812343832
0.14 0 0.38 0.018099196362905953
0.14 0 0.39 0.04747105988632428
0.14 0 0.4 0.03807988875752437
0.14 0 0.41000000000000003 0.10805728357855575
0.14 0 0.42 0.06870021091738208
0.14 0 0.43 0.3095108167556582
0.14 0 0.44 0.5490237732758996
0.14 0 0.45 0.6420984234043904
0.14 0 0.46 0.7288745881783905
0.14 0 0.47000000000000003 0.26964500534840224
0.14 0 0.48 0.8486802974229528
0.14 0 0.49 0.8577430787208924
0.14 0 0.5 0.5861567696419863
0.15 0 0.0 0.00801014938510145
0.15 0 0.01 0.007935802874276407
0.15 0 0.02 0.009512590431588046
0.15 0 0.03 0.009093115068634298
0.15 0 0.04 0.007305036105516203
0.15 0 0.05 0.005695259394431352
0.15 0 0.06 0.013022433644582413
0.15 0 0.07 0.008920931907955534
0.15 0 0.08 0.00754373846401916
0.15 0 0.09 0.004695604575594287
0.15 0 0.1 0.004059239911550177
0.15 0 0.11 0.01908021848526161
0.15 0 0.12 0.05849970364413759
0.15 0 0.13 0.10304570265058692
0.15 0 0.14 0.056160534645691824
0.15 0 0.15 0.4324111006960663
0.15 0 0.16 0.3908540412975596
0.15 0 0.17 0.8149991737412826
0.15 0 0.18 0.66414260747299
0.15 0 0.19 0.33407552731410195
0.15 0 0.2 0.16102892325361512
0.15 0 0.21 0.07595434642706043
0.15 0 0.22 0.11289989946826372
0.15 0 0.23 0.01443066919185782
0.15 0 0.24 0.029171128186531246
0.15 0 0.25 0.030069894643256854
0.15 0 0.26 0.05285736363375582
0.15 0 0.27 0.06923921018778341
0.15 0 0.28 0.14427855094152073
0.15 0 0.29 0.18595340597471416
0.15 0 0.3 0.22494468245471266
0.15 0 0.31 0.37727713774350574
0.15 0 0.32 0.139312681397758
0.15 0 0.33 0.1843833732317995
0.15 0 0.34 0.07298419736401891
0.15 0 0.35000000000000003 0.0793616127790067
0.15 0 0.36 0.0375753765368464
0.15 0 0.37 0.04449894032169456
0.15 0 0.38 0.02553805417608414
0.15 0 0.39 0.03095450264807562
0.15 0 0.4 0.14692799674113485
0.15 0 0.41000000000000003 0.11392487425394991
0.15 0 0.42 0.22170650111689177
0.15 0 0.43 0.22252871509904887
0.15 0 0.44 0.4298406613347251
0.15 0 0.45 0.24122383033892547
0.15 0 0.46 0.44779560175901506
0.15 0 0.47000000000000003 0.20938469212529423
0.15 0 0.48 0.06379786635032433
0.15 0 0.49 0.15994502888047582
0.15 0 0.5 0.09685799551816855
0.16 0 0.0 0.35828930744040344
0.16 0 0.01 0.379783499149721
0.16 0 0.02 0.38194935531612917
0.16 0 0.03 0.8529751650017189
0.16 0 0.04 0.37933823643417425
0.16 0 0.05 0.44320174198177387
0.16 0 0.06 0.5725812142179652
0.16 0 0.07 0.43030209102836453
0.16 0 0.08 0.13093570444961156
0.16 0 0.09 0.11141560470435465
0.16 0 0.1 0.08048126544117903
0.16 0 0.11 0.04719897101480094
0.16 0 0.12 0.14284625352201263
0.16 0 0.13 0.07113557223089947
0.16 0 0.14 0.04723530041558238
0.16 0 0.15 0.02202111796202118
0.16 0 0.16 0.0546826300798924
0.16 0 0.17 0.03369102168107288
0.16 0 0.18 0.04984132205297984
0.16 0 0.19 0.04077874067056253
0.16 0 0.2 0.04516312335531957
0.16 0 0.21 0.06551505738494338
0.16 0 0.22 0.07813540880440233
0.16 0 0.23 0.15440316262219334
0.16 0 0.24 0.13068487623632052
0.16 0 0.25 0.6450466537898774
0.16 0 0.26 0.1522158653377928
0.16 0 0.27 0.5582217855551742
0.16 0 0.28 0.39775298897537686
0.16 0 0.29 0.8060180661706253
0.16 0 0.3 1.958123666618691
0.16 0 0.31 2.8963345554472344
0.16 0 0.32 2.7750809773330767
0.16 0 0.33 0.6209466135429718
0.16 0 0.34 2.097135413468779
0.16 0 0.35000000000000003 0.3492939830604175
0.16 0 0.36 0.28638421124439006
0.16 0 0.37 0.1032924297043676
0.16 0 0.38 0.08139420988243486
0.16 0 0.39 0.016268578583947094
0.16 0 0.4 0.009274492520600352
0.16 0 0.41000000000000003 0.012077499478015223
0.16 0 0.42 0.005801342241660981
0.16 0 0.43 0.01874338478255247
0.16 0 0.44 0.01575801157642831
0.16 0 0.45 0.013357943186425065
0.16 0 0.46 0.004278735676380403
0.16 0 0.47000000000000003 0.0031814352602694256
0.16 0 0.48 0.003351052226893461
0.16 0 0.49 0.013999861815262471
0.16 0 0.5 0.0195560750290341
0.17 0 0.0 0.5416569863716921
0.17 0 0.01 2.087852716462003
0.17 0 0.02 2.279277312701635
0.17 0 0.03 2.737207687468077
0.17 0 0.04 1.029647555973366
0.17 0 0.05 0.39033640957469573
0.17 0 0.06 0.5867950042812065
0.17 0 0.07 0.8362804859394467
0.17 0 0.08 1.0174267468842686
0.17 0 0.09 0.29394989121291487
0.17 0 0.1 0.14172053119736863
0.17 0 0.11 0.04415884289786096
0.17 0 0.12 0.11421883391477215
0.17 0 0.13 0.08341821802717869
0.17 0 0.14 0.03646632920080466
0.17 0 0.15 0.048808535643916726
0.17 0 0.16 0.026361206283880407
0.17 0 0.17 0.037137360070676355
0.17 0 0.18 0.01450675428018398
0.17 0 0.19 0.03166789337722135
0.17 0 0.2 0.013379456050168874
0.17 0 0.21 0.039404340654241116
0.17 0 0.22 0.2755412404322875
0.17 0 0.23 0.2060268005924877
0.17 0 0.24 0.25096064602211576
0.17 0 0.25 0.1776612709204704
0.17 0 0.26 0.3269969460843985
0.17 0 0.27 0.1576293450614717
0.17 0 0.28 0.48048377719791346
0.17 0 0.29 0.3036120176133565
0.17 0 0.3 0.18548334475921166
0.17 0 0.31 0.07696497325370764
0.17 0 0.32 0.032958826664346255
0.17 0 0.33 0.05033598537160787
0.17 0 0.34 0.08299519577783074
0.17 0 0.35000000000000003 0.2792775955501262
0.17 0 0.36 0.07326003180438181
0.17 0 0.37 0.06293656446090583
0.17 0 0.38 0.0154095756510555
0.17 0 0.39 0.0200391456859071
0.17 0 0.4 0.03071511827783361
0.17 0 0.41000000000000003 0.03574243450282845
0.17 0 0.42 0.01156741254715941
0.17 0 0.43 0.006671733255582884
0.17 0 0.44 0.014513547032874698
0.17 0 0.45 0.007781249422841485
0.17 0 0.46 0.03714998521365385
0.17 0 0.47000000000000003 0.022894234544773472
0.17 0 0.48 0.020382865228947
0.17 0 0.49 0.014629579674808619
0.17 0 0.5 0.04977546187426508
0.18 0 0.0 0.10112587875042789
0.18 0 0.01 0.047947776773195214
0.18 0 0.02 0.07483170333477591
0.18 0 0.03 0.10352617624328726
0.18 0 0.04 0.23447814554511112
0.18 0 0.05 0.242075689311236
0.18 0 0.06 0.3579006293657748
0.18 0 0.07 0.6570639742411467
0.18 0 0.08 0.11358113695412915
0.18 0 0.09 0.22786574716953675
0.18 0 0.1 0.08855854493625194
0.18 0 0.11 0.06854363839472828
0.18 0 0.12 0.01748710715692769
0.18 0 0.13 0.015174366507236851
0.18 0 0.14 0.003528915613028032
0.18 0 0.15 0.0013122318480315773
0.18 0 0.16 0.0014334196339518652
0.18 0 0.17 0.0007733888315090704
0.18 0 0.18 0.0008372441244957465
0.18 0 0.19 0.0005227279657231282
0.18 0 0.2 0.0010637027706780332
0.18 0 0.21 0.00039776876499835406
0.18 0 0.22 0.0015839761944228463
0.18 0 0.23 0.0009738551919629583
0.18 0 0.24 0.0017382403910797238
0.18 0 0.25 0.0023729030772928665
0.18 0 0.26 0.0013138440385713152
0.18 0 0.27 0.0015585689467157127
0.18 0 0.28 0.001190605793855299
0.18 0 0.29 0.005672995692437993
0.18 0 0.3 0.007413607751090034
0.18 0 0.31 0.04582577310341454
0.18 0 0.32 0.022219351742018778
0.18 0 0.33 0.01336106695832495
0.18 0 0.34 0.029607936341274697
0.18 0 0.35000000000000003 0.07200458377350466
0.18 0 0.36 0.1098434205061285
0.18 0 0.37 0.0761275941595576
0.18 0 0.38 0.20453371040872678
0.18 0 0.39 0.07805554640596543
0.18 0 0.4 0.09407688164915468
0.18 0 0.41000000000000003 0.10725811989429843
0.18 0 0.42 0.04481552025569613
0.18 0 0.43 0.043024131170128405
0.18 0 0.44 0.06857754178500965
0.18 0 0.45 0.09377682288714029
0.18 0 0.46 0.05348057552191996
0.18 0 0.47000000000000003 0.03355668782303027
0.18 0 0.48 0.030206646232404977
0.18 0 0.49 0.04302414091925545
0.18 0 0.5 0.09328822569812399
0.19 0 0.0 0.002514688286061739
0.19 0 0.01 0.00783785162998021
0.19 0 0.02 0.007461412099788146
0.19 0 0.03 0.014181285378143688
0.19 0 0.04 0.013779665175874978
0.19 0 0.05 0.01189195027237527
0.19 0 0.06 0.01084391104929288
0.19 0 0.07 0.01651122419618823
0.19 0 0.08 0.009027699044863557
0.19 0 0.09 0.0018183674163210096
0.19 0 0.1 0.0013820108625540195
0.19 0 0.11 0.0004031955280603549
0.19 0 0.12 0.0012659009161604146
0.19 0 0.13 0.0005327369931198994
0.19 0 0.14 0.001033836220174786
0.19 0 0.15 0.0012591132979016591
0.19 0 0.16 0.009320252532304354
0.19 0 0.17 0.049598578133686184
0.19 0 0.18 0.051645318939015576
0.19 0 0.19 0.2508195831681275
0.19 0 0.2 0.04740812295153107
0.19 0 0.21 0.08588948724066331
0.19 0 0.22 0.08326098299531799
0.19 0 0.23 0.17960223212489246
0.19 0 0.24 0.028585552206583636
0.19 0 0.25 0.018527417200521205
0.19 0 0.26 0.012287926128795385
0.19 0 0.27 0.0034231649347442016
0.19 0 0.28 0.005238690190221667
0.19 0 0.29 0.005785708139370036
0.19 0 0.3 0.025836104453261052
0.19 0 0.31 0.029291832237402487
0.19 0 0.32 0.09983715213010859
0.19 0 0.33 0.03493698231119695
0.19 0 0.34 0.03550813897832897
0.19 0 0.35000000000000003 0.04329916622214068
0.19 0 0.36 0.06813311483395154
0.19 0 0.37 0.06307432579803214
0.19 0 0.38 0.04620900837191044
0.19 0 0.39 0.027724654147063918
0.19 0 0.4 0.0191266267498229
0.19 0 0.41000000000000003 0.04439848372760473
0.19 0 0.42 0.016458510396507024
0.19 0 0.43 0.03732874229971793
0.19 0 0.44 0.06315980036021715
0.19 0 0.45 0.10485001115885198
0.19 0 0.46 0.06476829253184206
0.19 0 0.47000000000000003 0.05965221453806137
0.19 0 0.48 0.03218516189174188
0.19 0 0.49 0.01668415795042648
0.19 0 0.5 0.03201012515276385
0.2 0 0.0 0.0456097992226669
0.2 0 0.01 0.07892759565569003
0.2 0 0.02 0.2214104855190685
0.2 0 0.03 0.23978183816647142
0.2 0 0.04 0.6536575139690103
0.2 0 0.05 0.08857597629566862
0.2 0 0.06 0.14550141771348388
0.2 0 0.07 0.28102679768482525
0.2 0 0.08 0.5175907781380048
0.2 0 0.09 0.5729692646059718
0.2 0 0.1 0.4326868222683083
0.2 0 0.11 0.34946256565063183
0.2 0 0.12 0.12448490281205732
0.2 0 0.13 0.5759341310416333
0.2 0 0.14 1.0197257609461172
0.2 0 0.15 1.729973306747353
0.2 0 0.16 1.3010192837921681
0.2 0 0.17 1.3261701519552849
0.2 0 0.18 0.49978573131822274
0.2 0 0.19 0.604923703832617
0.2 0 0.2 1.126041324574747
0.2 0 0.21 0.38029859905103813
0.2 0 0.22 0.3285193443351198
0.2 0 0.23 0.07152377429359914
0.2 0 0.24 0.051482866737968355
0.2 0 0.25 0.021726394838692032
0.2 0 0.26 0.03127140438836586
0.2 0 0.27 0.016296870743212916
0.2 0 0.28 0.009988352509974988
0.2 0 0.29 0.008042255493586834
0.2 0 0.3 0.00303352958061262
0.2 0 0.31 0.010067396013661497
0.2 0 0.32 0.015583730564186991
0.2 0 0.33 0.04970630299278762
0.2 0 0.34 0.04065744722808015
0.2 0 0.35000000000000003 0.11181415862017098
0.2 0 0.36 0.05117676780206113
0.2 0 0.37 0.026932415543326923
0.2 0 0.38 0.11823549116971718
0.2 0 0.39 0.17871973626786236
0.2 0 0.4 0.3653888482822407
0.2 0 0.41000000000000003 0.2500771550534916
0.2 0 0.42 0.08608344991945424
0.2 0 0.43 0.022024208223185453
0.2 0 0.44 0.050283715137121945
0.2 0 0.45 0.20854997566292208
0.2 0 0.46 0.2575639340577593
0.2 0 0.47000000000000003 0.11949772537187964
0.2 0 0.48 0.09794756285383213
0.2 0 0.49 0.046783512751998026
0.2 0 0.5 0.06016149883169716
0.21 0 0.0 0.31253339441996486
0.21 0 0.01 0.4676663725409667
0.21 0 0.02 0.5734572563195284
0.21 0 0.03 1.0363458255577587
0.21 0 0.04 0.8903780539838138
0.21 0 0.05 0.6828054435023927
0.21 0 0.06 0.06012521614033942
0.21 0 0.07 0.1133565278049999
0.21 0 0.08 0.054847630238754067
0.21 0 0.09 0.12288848828903076
0.21 0 0.1 0.0753513393443311
0.21 0 0.11 0.125426586458321
0.21 0 0.12 0.13370470412226687
0.21 0 0.13 0.0718036926413201
0.21 0 0.14 0.18868529597029687
0.21 0 0.15 0.0729691196915326
0.21 0 0.16 0.373511570637589
0.21 0 0.17 0.12066797771939562
0.21 0 0.18 0.07899798814633674
0.21 0 0.19 0.03227366850335676
0.21 0 0.2 0.02938979413221037
0.21 0 0.21 0.015006356935655074
0.21 0 0.22 0.011745032855556873
0.21 0 0.23 0.027967187922924804
0.21 0 0.24 0.009607889779397137
0.21 0 0.25 0.021774214092621563
0.21 0 0.26 0.03412475986549656
0.21 0 0.27 0.04560965746288739
0.21 0 0.28 0.024534038609484547
0.21 0 0.29 0.05288677478390065
0.21 0 0.3 0.10686754829814263
0.21 0 0.31 0.12563030203898962
0.21 0 0.32 0.22773902457998402
0.21 0 0.33 0.23994418299889925
0.21 0 0.34 0.16757092471973367
0.21 0 0.35000000000000003 0.3947395296315832
0.21 0 0.36 0.9843592538119542
0.21 0 0.37 0.6615860045776571
0.21 0 0.38 0.4291205747316232
0.21 0 0.39 0.20140566927699943
0.21 0 0.4 0.4722448620591554
0.21 0 0.41000000000000003 1.5648016521541503
0.21 0 0.42 1.8061605165199894
0.21 0 0.43 0.5530500047259348
0.21 0 0.44 0.36182462248701175
0.21 0 0.45 0.5046479396428456
0.21 0 0.46 0.6797715148101737
0.21 0 0.47000000000000003 1.0675819639623658
0.21 0 0.48 1.153177769860781
0.21 0 0.49 0.4831527125438797
0.21 0 0.5 0.4976385548731302
0.22 0 0.0 0.027176607959899346
0.22 0 0.01 0.01689964355672512
0.22 0 0.02 0.007309532026855383
0.22 0 0.03 0.007237085705906224
0.22 0 0.04 0.020816570726100884
0.22 0 0.05 0.006162600146839165
0.22 0 0.06 0.008449684308372687
0.22 0 0.07 0.0058568048049055035
0.22 0 0.08 0.03162820575663977
0.22 0 0.09 0.02440192467308524
0.22 0 0.1 0.10787958657783427
0.22 0 0.11 0.2545171249781882
0.22 0 0.12 0.16828467816874218
0.22 0 0.13 0.13946207813400502
0.22 0 0.14 0.07755697797451062
0.22 0 0.15 0.07488811960668539
0.22 0 0.16 0.0427606365441099
0.22 0 0.17 0.21075206240093156
0.22 0 0.18 0.05927834100266495
0.22 0 0.19 0.05642446163099069
0.22 0 0.2 0.04699317813497116
0.22 0 0.21 0.09951615979988916
0.22 0 0.22 0.13076824635433784
0.22 0 0.23 0.20727899790732818
0.22 0 0.24 0.28198125513873235
0.22 0 0.25 0.16036727100123838
0.22 0 0.26 0.36659627722271265
0.22 0 0.27 0.18994311412426612
0.22 0 0.28 0.338942331042473
0.22 0 0.29 0.21883783951278118
0.22 0 0.3 0.41860498765162385
0.22 0 0.31 0.2119018609273657
0.22 0 0.32 0.23959869208519088
0.22 0 0.33 0.13592651644160167
0.22 0 0.34 0.043269945755543694
0.22 0 0.35000000000000003 0.11014150819316414
0.22 0 0.36 0.16116043564898022
0.22 0 0.37 0.16561550198135233
0.22 0 0.38 0.1321712873083392
0.22 0 0.39 0.09562695527348543
0.22 0 0.4 0.058395966173290154
0.22 0 0.41000000000000003 0.2407314926309793
0.22 0 0.42 1.3211741002547048
0.22 0 0.43 3.602448522712771
0.22 0 0.44 2.3864718766946393
0.22 0 0.45 6.914917589876572
0.22 0 0.46 4.1765093585382855
0.22 0 0.47000000000000003 6.755437036534755
0.22 0 0.48 17.758187744110867
0.22 0 0.49 33.548768123098974
0.22 0 0.5 29.829870000966498
0.23 0 0.0 0.4514291309513045
0.23 0 0.01 0.12397082450624791
0.23 0 0.02 0.17633271688956714
0.23 0 0.03 0.0648335084223061
0.23 0 0.04 0.14904670878039447
0.23 0 0.05 0.16391941855755968
0.23 0 0.06 0.1368003663930308
0.23 0 0.07 0.24113661707831038
0.23 0 0.08 0.48071377603828036
0.23 0 0.09 0.8323338877944754
0.23 0 0.1 0.1431995506586249
0.23 0 0.11 0.29014732411100475
0.23 0 0.12 0.2284363769123123
0.23 0 0.13 0.5218224216880546
0.23 0 0.14 0.4390358739170444
0.23 0 0.15 0.12229386637116932
0.23 0 0.16 0.06540523557012023
0.23 0 0.17 0.05158984752366483
0.23 0 0.18 0.1780225213954622
0.23 0 0.19 0.25243959774673336
0.23 0 0.2 1.098829982136655
0.23 0 0.21 0.5582380307348815
0.23 0 0.22 0.4490249820988094
0.23 0 0.23 0.6991822405833109
0.23 0 0.24 0.5435775555712588
0.23 0 0.25 0.6057309903565712
0.23 0 0.26 0.4597921271095509
0.23 0 0.27 0.3578786222424578
0.23 0 0.28 0.06426479571667965
0.23 0 0.29 0.08743105781714043
0.23 0 0.3 0.3738235749756217
0.23 0 0.31 0.579974618522767
0.23 0 0.32 1.000158096917601
0.23 0 0.33 1.5647735333913209
0.23 0 0.34 0.9068349094329732
0.23 0 0.35000000000000003 1.3111752659898765
0.23 0 0.36 3.4496194936436564
0.23 0 0.37 6.15083946500278
0.23 0 0.38 4.660311061188978
0.23 0 0.39 2.749097078679441
0.23 0 0.4 2.445888626365738
0.23 0 0.41000000000000003 2.8386456560207862
0.23 0 0.42 6.922074529932082
0.23 0 0.43 5.806372463075945
0.23 0 0.44 10.616653097548458
0.23 0 0.45 19.163703230574725
0.23 0 0.46 34.69004857055528
0.23 0 0.47000000000000003 21.87630020212888
0.23 0 0.48 24.12726644182165
0.23 0 0.49 11.16399115555169
0.23 0 0.5 6.990113209195315
0.24 0 0.0 3.0028470281186848
0.24 0 0.01 16.81957366911259
0.24 0 0.02 6.250882055377963
0.24 0 0.03 19.11792749537093
0.24 0 0.04 13.485348550366796
0.24 0 0.05 46.39914711848817
0.24 0 0.06 34.96362329302084
0.24 0 0.07 26.55852100208895
0.24 0 0.08 37.42361721470468
0.24 0 0.09 10.583188486799145
0.24 0 0.1 13.326243409884166
0.24 0 0.11 9.448260846879753
0.24 0 0.12 13.631451913200378
0.24 0 0.13 4.330053590320056
0.24 0 0.14 13.751858920396021
0.24 0 0.15 9.844111577287604
0.24 0 0.16 6.173657885750184
0.24 0 0.17 5.245578313176417
0.24 0 0.18 2.72535863030642
0.24 0 0.19 1.0027392657009595
0.24 0 0.2 0.9815651051065362
0.24 0 0.21 2.4609364533685265
0.24 0 0.22 1.3478549621725655
0.24 0 0.23 0.8571540295293688
0.24 0 0.24 0.3332920319503855
0.24 0 0.25 0.42384550204996946
0.24 0 0.26 0.43952515109195484
0.24 0 0.27 0.7253096105825753
0.24 0 0.28 0.19968336539809917
0.24 0 0.29 0.0799333082313558
0.24 0 0.3 0.1067133479968494
0.24 0 0.31 0.138761516292335
0.24 0 0.32 0.25416254373749897
0.24 0 0.33 0.23298873330181719
0.24 0 0.34 0.08624206790199988
0.24 0 0.35000000000000003 0.08873347507542571
0.24 0 0.36 0.2641094695984716
0.24 0 0.37 0.35655922503329596
0.24 0 0.38 0.6056095436511999
0.24 0 0.39 0.6363332632979486
0.24 0 0.4 0.9760721780434121
0.24 0 0.41000000000000003 0.6599914969470351
0.24 0 0.42 2.803188221682495
0.24 0 0.43 2.8414278950577017
0.24 0 0.44 2.1695207891630552
0.24 0 0.45 5.542432211601231
0.24 0 0.46 10.074677854608309
0.24 0 0.47000000000000003 13.41816128463283
0.24 0 0.48 5.357897918868222
0.24 0 0.49 9.91923338655675
0.24 0 0.5 3.2726881310201357
0.25 0 0.0 6.961972318653253
0.25 0 0.01 4.331193181828286
0.25 0 0.02 22.917401317202767
0.25 0 0.03 22.61681713639426
0.25 0 0.04 39.77784437621046
0.25 0 0.05 20.851164871447438
0.25 0 0.06 22.189208539714254
0.25 0 0.07 7.81561793638981
0.25 0 0.08 17.368855656058788
0.25 0 0.09 26.4909434711272
0.25 0 0.1 8.169475906144505
0.25 0 0.11 10.787014700179867
0.25 0 0.12 6.415560879380227
0.25 0 0.13 11.122219759469582
0.25 0 0.14 5.861883556513693
0.25 0 0.15 13.352251866898577
0.25 0 0.16 8.541204489168386
0.25 0 0.17 22.835169296922324
0.25 0 0.18 29.169872294971206
0.25 0 0.19 12.292565970710898
0.25 0 0.2 11.660881872431187
0.25 0 0.21 8.587694647941811
0.25 0 0.22 30.95958871452716
0.25 0 0.23 47.38183279045252
0.25 0 0.24 57.45876624972711
0.25 0 0.25 12.48715406080698
0.25 0 0.26 9.832356465895066
0.25 0 0.27 26.71386450382305
0.25 0 0.28 28.042137154646475
0.25 0 0.29 15.372732811489996
0.25 0 0.3 23.577524015418966
0.25 0 0.31 7.863890148121412
0.25 0 0.32 4.194699118577362
0.25 0 0.33 2.960977935553209
0.25 0 0.34 1.3822473612363302
0.25 0 0.35000000000000003 0.49451807131035047
0.25 0 0.36 0.314247276921062
0.25 0 0.37 0.5708116063898376
0.25 0 0.38 0.16340829156661058
0.25 0 0.39 0.2230732820428184
0.25 0 0.4 0.12294983357151297
0.25 0 0.41000000000000003 0.31452340393024414
0.25 0 0.42 0.3468645234788528
0.25 0 0.43 0.7148229963003342
0.25 0 0.44 0.4463409012563962
0.25 0 0.45 0.37172351109018326
0.25 0 0.46 0.8387027217087824
0.25 0 0.47000000000000003 0.6386369554108149
0.25 0 0.48 2.459230982992569
0.25 0 0.49 0.8534146708737199
0.25 0 0.5 0.608500591649949
0.26 0 0.0 21.77290205236697
0.26 0 0.01 5.71113909302404
0.26 0 0.02 1.290352371193786
0.26 0 0.03 0.8948364253600677
0.26 0 0.04 0.39199511945244375
0.26 0 0.05 0.966185743545912
0.26 0 0.06 0.48846417776782963
0.26 0 0.07 0.4299147176186093
0.26 0 0.08 0.29206228575233617
0.26 0 0.09 0.42598559853931933
0.26 0 0.1 0.5179109257582767
0.26 0 0.11 1.1668398214546096
0.26 0 0.12 2.0826717787085043
0.26 0 0.13 0.8179952255254455
0.26 0 0.14 1.537617781787264
0.26 0 0.15 3.44651785153204
0.26 0 0.16 3.5172344754627205
0.26 0 0.17 4.978715809486118
0.26 0 0.18 8.660070387975752
0.26 0 0.19 6.139331940706049
0.26 0 0.2 5.259039310263329
0.26 0 0.21 11.725066983576898
0.26 0 0.22 27.476005981421032
0.26 0 0.23 21.51155216034328
0.26 0 0.24 22.577337481180273
0.26 0 0.25 12.200176490585019
0.26 0 0.26 4.236667748367222
0.26 0 0.27 3.9435227393612644
0.26 0 0.28 2.102284398872002
0.26 0 0.29 1.017698343067158
0.26 0 0.3 0.8306722366349752
0.26 0 0.31 0.8121543933689708
0.26 0 0.32 0.6413132001711717
0.26 0 0.33 0.7419277964651138
0.26 0 0.34 0.4162153172946848
0.26 0 0.35000000000000003 0.3615352482603373
0.26 0 0.36 0.4539951796336072
0.26 0 0.37 0.46357849154756037
0.26 0 0.38 0.24754178258417583
0.26 0 0.39 0.2740159935172857
0.26 0 0.4 0.6534203946966307
0.26 0 0.41000000000000003 0.3290011950038517
0.26 0 0.42 0.4883626020972365
0.26 0 0.43 0.3156347348727763
0.26 0 0.44 0.3234282107903141
0.26 0 0.45 0.25583614286144446
0.26 0 0.46 0.7741817308471504
0.26 0 0.47000000000000003 0.42228117473204113
0.26 0 0.48 0.13678002522294
0.26 0 0.49 0.2788589701604336
0.26 0 0.5 0.09969062533662941
0.27 0 0.0 0.05902811284086812
0.27 0 0.01 0.039766940624301556
0.27 0 0.02 0.02299061636678209
0.27 0 0.03 0.025766583536697082
0.27 0 0.04 0.014630690810239188
0.27 0 0.05 0.012683159641613163
0.27 0 0.06 0.03785883027887355
0.27 0 0.07 0.018239810949168704
0.27 0 0.08 0.035672068816038904
0.27 0 0.09 0.030136475408226678
0.27 0 0.1 0.03591977072981554
0.27 0 0.11 0.01964246970063286
0.27 0 0.12 0.05710357352654931
0.27 0 0.13 0.030220896986596024
0.27 0 0.14 0.01602936241218176
0.27 0 0.15 0.01515320107718317
0.27 0 0.16 0.011884172823221567
0.27 0 0.17 0.01946828353387582
0.27 0 0.18 0.0185094811644411
0.27 0 0.19 0.01887282194530169
0.27 0 0.2 0.009518225440525557
0.27 0 0.21 0.014630037528946172
0.27 0 0.22 0.030297166553662776
0.27 0 0.23 0.07542518375831143
0.27 0 0.24 0.13264618642007797
0.27 0 0.25 0.17661400287946075
0.27 0 0.26 0.09529672809496402
0.27 0 0.27 0.395336922128341
0.27 0 0.28 0.23870495374869613
0.27 0 0.29 0.10002995178884876
0.27 0 0.3 0.09529348520273051
0.27 0 0.31 0.1814627491587489
0.27 0 0.32 0.47470842876866487
0.27 0 0.33 0.4745845625750674
0.27 0 0.34 0.886167914313708
0.27 0 0.35000000000000003 0.1267226021405872
0.27 0 0.36 0.3246943608115106
0.27 0 0.37 0.6332557991296347
0.27 0 0.38 0.9045181698941578
0.27 0 0.39 0.1599051698547617
0.27 0 0.4 0.03710248014530157
0.27 0 0.41000000000000003 0.01581374401053773
0.27 0 0.42 0.00279062691616446
0.27 0 0.43 0.0037264961211890034
0.27 0 0.44 0.000698467118459865
0.27 0 0.45 0.0006956090839144664
0.27 0 0.46 0.0005673435015995524
0.27 0 0.47000000000000003 0.0014201726887124563
0.27 0 0.48 0.002933016730791111
0.27 0 0.49 0.00660702549607168
0.27 0 0.5 0.0069623332837351745
0.28 0 0.0 0.03129859693921356
0.28 0 0.01 0.020525898940590665
0.28 0 0.02 0.054780869101994915
0.28 0 0.03 0.16181661344733747
0.28 0 0.04 0.2810497948734688
0.28 0 0.05 0.22927502160744265
0.28 0 0.06 0.08748946890000796
0.28 0 0.07 0.07764520796599131
0.28 0 0.08 0.03782113557988391
0.28 0 0.09 0.07395330756497623
0.28 0 0.1 0.030696708989863427
0.28 0 0.11 0.02836846961694216
0.28 0 0.12 0.026393773840523375
0.28 0 0.13 0.008725662669508222
0.28 0 0.14 0.005183802392103906
0.28 0 0.15 0.009555824812536157
0.28 0 0.16 0.017087317119858374
0.28 0 0.17 0.02807036534192609
0.28 0 0.18 0.048869599931659534
0.28 0 0.19 0.04136305872177047
0.28 0 0.2 0.013020590384634744
0.28 0 0.21 0.015278299360154124
0.28 0 0.22 0.06626754396109348
0.28 0 0.23 0.04807046345943453
0.28 0 0.24 0.06520793477952799
0.28 0 0.25 0.025407437845650763
0.28 0 0.26 0.011844431199874144
0.28 0 0.27 0.006775212796118735
0.28 0 0.28 0.015936763293999415
0.28 0 0.29 0.010617680158895757
0.28 0 0.3 0.005537669292176244
0.28 0 0.31 0.004343778988446548
0.28 0 0.32 0.0035173459104912725
0.28 0 0.33 0.010245754433353595
0.28 0 0.34 0.008601968753232667
0.28 0 0.35000000000000003 0.011607290535679958
0.28 0 0.36 0.005366826787376282
0.28 0 0.37 0.018338259794108695
0.28 0 0.38 0.010617164881802818
0.28 0 0.39 0.017230661380385023
0.28 0 0.4 0.01971538213903305
0.28 0 0.41000000000000003 0.017360749195970644
0.28 0 0.42 0.013216670846799266
0.28 0 0.43 0.0136846416211966
0.28 0 0.44 0.02109566511639279
0.28 0 0.45 0.0033950650567144687
0.28 0 0.46 0.012172358832656854
0.28 0 0.47000000000000003 0.0035127574781110105
0.28 0 0.48 0.009257842286962595
0.28 0 0.49 0.014101525933554546
0.28 0 0.5 0.04830944089966164
0.29 0 0.0 0.0025311930100383483
0.29 0 0.01 0.0016973340811260965
0.29 0 0.02 0.0009713412932571771
0.29 0 0.03 0.0028114435434652436
0.29 0 0.04 0.0032859422893100334
0.29 0 0.05 0.003772507456995251
0.29 0 0.06 0.0054349317673383106
0.29 0 0.07 0.007743637950609614
0.29 0 0.08 0.0067120085424539865
0.29 0 0.09 0.02174219016619714
0.29 0 0.1 0.022617117960205907
0.29 0 0.11 0.016478264509316824
0.29 0 0.12 0.042740554682809975
0.29 0 0.13 0.10569499113722987
0.29 0 0.14 0.11798695051623333
0.29 0 0.15 0.07220217349510011
0.29 0 0.16 0.05919820376259548
0.29 0 0.17 0.043701034089671
0.29 0 0.18 0.06701661807885287
0.29 0 0.19 0.12228456890020752
0.29 0 0.2 0.10414174440405485
0.29 0 0.21 0.04129706234684469
0.29 0 0.22 0.03838898200546389
0.29 0 0.23 0.016132535069496367
0.29 0 0.24 0.028199853885538223
0.29 0 0.25 0.04510198430785044
0.29 0 0.26 0.03795216112960896
0.29 0 0.27 0.059591023007396465
0.29 0 0.28 0.04008027168904334
0.29 0 0.29 0.030149720099534413
0.29 0 0.3 0.013368411676495535
0.29 0 0.31 0.0639532188506436
0.29 0 0.32 0.08769061032720263
0.29 0 0.33 0.19931041696822357
0.29 0 0.34 0.33567924208571515
0.29 0 0.35000000000000003 0.1259647710022447
0.29 0 0.36 0.10570847313516077
0.29 0 0.37 0.10837970787135588
0.29 0 0.38 0.40518970591048237
0.29 0 0.39 0.05011092488904325
0.29 0 0.4 0.03503141930408492
0.29 0 0.41000000000000003 0.017531723745571
0.29 0 0.42 0.010658378891965355
0.29 0 0.43 0.019284196898928938
0.29 0 0.44 0.014278946969021456
0.29 0 0.45 0.02006508896786164
0.29 0 0.46 0.008834176808137086
0.29 0 0.47000000000000003 0.015022644623888439
0.29 0 0.48 0.005764109470471569
0.29 0 0.49 0.009475935969564133
0.29 0 0.5 0.009277583105412782
0.3 0 0.0 0.0008496444740053348
0.3 0 0.01 0.0007368568448721867
0.3 0 0.02 0.0005638487901964012
0.3 0 0.03 0.00031363936104325573
0.3 0 0.04 0.0006565046942210604
0.3 0 0.05 0.00027375674586528734
0.3 0 0.06 0.0004189482111541938
0.3 0 0.07 0.0004083696922214468
0.3 0 0.08 0.0004408855961758008
0.3 0 0.09 0.0005591776354668879
0.3 0 0.1 0.0006826542289366308
0.3 0 0.11 0.0008566091936933107
0.3 0 0.12 0.0032410756414327623
0.3 0 0.13 0.004295019870513087
0.3 0 0.14 0.0037540938008361153
0.3 0 0.15 0.0021238139267596647
0.3 0 0.16 0.0019215239890741718
0.3 0 0.17 0.0020500626757462884
0.3 0 0.18 0.002595092277476
0.3 0 0.19 0.013060078972654593
0.3 0 0.2 0.004146348263913303
0.3 0 0.21 0.00989446309134734
0.3 0 0.22 0.01687175191551335
0.3 0 0.23 0.037621598370147995
0.3 0 0.24 0.020350374587546908
0.3 0 0.25 0.04722204775618813
0.3 0 0.26 0.07809965995614204
0.3 0 0.27 0.06304735608888762
0.3 0 0.28 0.22882883459698064
0.3 0 0.29 0.1312047339888619
0.3 0 0.3 0.18887973203126274
0.3 0 0.31 0.08183379389983383
0.3 0 0.32 0.26279925044371283
0.3 0 0.33 0.16159332470813909
0.3 0 0.34 0.17963411148733505
0.3 0 0.35000000000000003 0.06730171957217092
0.3 0 0.36 0.030926833571244153
0.3 0 0.37 0.05404070352491132
0.3 0 0.38 0.06428626527425896
0.3 0 0.39 0.07870941437169059
0.3 0 0.4 0.029524217899316613
0.3 0 0.41000000000000003 0.04470083466948963
0.3 0 0.42 0.010540761765350815
0.3 0 0.43 0.049408931812421425
0.3 0 0.44 0.0642829052792654
0.3 0 0.45 0.06446113997120312
0.3 0 0.46 0.06928809902145588
0.3 0 0.47000000000000003 0.04699144326477752
0.3 0 0.48 0.03508059183289281
0.3 0 0.49 0.008957036454714198
0.3 0 0.5 0.043587738534898876
#STOP
