#MEDIUM_PROPERTIES_DISTRIBUTED
$MSH_TYPE
	 GROUNDWATER_FLOW	
$MMP_TYPE
	 PERMEABILITY	
$DIS_TYPE
	 NEAREST_VALUE	
;hj
$CONVERSION_FACTOR
2e-8;2e-6;2e-13
$DATA
0.0 0 0.0 0.06726008555522808
0.0 0 0.01 0.12922366048360565
0.0 0 0.02 0.11018529048440093
0.0 0 0.03 0.18890640275671136
0.0 0 0.04 0.21588517068768578
0.0 0 0.05 0.3901742899712799
0.0 0 0.06 0.5170270501776438
0.0 0 0.07 1.0009948317032238
0.0 0 0.08 0.6299573888186214
0.0 0 0.09 0.5320197704568967
0.0 0 0.1 1.1711499093089444
0.0 0 0.11 1.1687666698948482
0.0 0 0.12 1.2273027880072627
0.0 0 0.13 1.5061285875186687
0.0 0 0.14 1.9277828501673058
0.0 0 0.15 1.0310590489422564
0.0 0 0.16 0.41117503383618037
0.0 0 0.17 0.3714830030653831
0.0 0 0.18 0.3380347555342074
0.0 0 0.19 0.32563479976178983
0.0 0 0.2 0.19995955836379747
0.0 0 0.21 0.2238109965488135
0.0 0 0.22 0.1401117173102474
0.0 0 0.23 0.33331109195242725
0.0 0 0.24 0.49902871596134046
0.0 0 0.25 0.3681606035455545
0.0 0 0.26 0.380393275539035
0.0 0 0.27 0.12657565416285924
0.0 0 0.28 0.1875822611965507
0.0 0 0.29 0.22815294049452087
0.0 0 0.3 0.28764714776197425
0.0 0 0.31 0.3063747530416741
0.0 0 0.32 0.18808448520299126
0.0 0 0.33 0.5049459210147738
0.0 0 0.34 0.43618768482440096
0.0 0 0.35000000000000003 0.29493889993179717
0.0 0 0.36 0.35650853772782826
0.0 0 0.37 0.6080366628485505
0.0 0 0.38 1.0337145502753593
0.0 0 0.39 1.7001581787917512
0.0 0 0.4 2.654098306494008
0.0 0 0.41000000000000003 2.8731325440992324
0.0 0 0.42 2.290769304340416
0.0 0 0.43 1.5400049967971459
0.0 0 0.44 0.9460313203447647
0.0 0 0.45 1.011430210449176
0.0 0 0.46 0.6025249847435539
0.0 0 0.47000000000000003 0.6378726019646936
0.0 0 0.48 0.584204893281824
0.0 0 0.49 0.5463226266669413
0.0 0 0.5 0.4472485702268516
0.01 0 0.0 0.11264283064694355
0.01 0 0.01 0.16161354554938448
0.01 0 0.02 0.22274404251870158
0.01 0 0.03 0.1975201742403228
0.01 0 0.04 0.12305335995690854
0.01 0 0.05 0.20495043296002008
0.01 0 0.06 0.3928722862080905
0.01 0 0.07 0.32593276306523034
0.01 0 0.08 0.25872306902334957
0.01 0 0.09 0.45414146892756435
0.01 0 0.1 0.720049122852069
0.01 0 0.11 0.9674668394571094
0.01 0 0.12 1.0237152694804765
0.01 0 0.13 1.254362771679234
0.01 0 0.14 1.2447080062468963
0.01 0 0.15 0.8528888237701142
0.01 0 0.16 0.3980739753732963
0.01 0 0.17 0.19036796855197194
0.01 0 0.18 0.3043528744050308
0.01 0 0.19 0.2332196577442439
0.01 0 0.2 0.19706652218579537
0.01 0 0.21 0.16418108790784805
0.01 0 0.22 0.32026149878891436
0.01 0 0.23 0.6849788352590268
0.01 0 0.24 1.4719372114679559
0.01 0 0.25 2.0990116021875793
0.01 0 0.26 0.7720197132115838
0.01 0 0.27 0.34000655891582005
0.01 0 0.28 0.23479806740675238
0.01 0 0.29 0.14514265072564034
0.01 0 0.3 0.26353812743710053
0.01 0 0.31 0.3452851665074446
0.01 0 0.32 0.6274654171307691
0.01 0 0.33 0.30142702081648615
0.01 0 0.34 0.25092841869450644
0.01 0 0.35000000000000003 0.19813025293877884
0.01 0 0.36 0.12215623871745594
0.01 0 0.37 0.23726176701617768
0.01 0 0.38 0.37010991544984273
0.01 0 0.39 1.4261774674338143
0.01 0 0.4 3.036071420836065
0.01 0 0.41000000000000003 3.809767229056991
0.01 0 0.42 2.4680764375969844
0.01 0 0.43 1.244411607692017
0.01 0 0.44 1.8700321445665604
0.01 0 0.45 1.3280673293294052
0.01 0 0.46 0.5165122765447782
0.01 0 0.47000000000000003 0.44520332630582227
0.01 0 0.48 0.46770148037252945
0.01 0 0.49 0.53774280192211
0.01 0 0.5 0.28471694855704843
0.02 0 0.0 0.22372330601245785
0.02 0 0.01 0.25302536513731344
0.02 0 0.02 0.1464280693061883
0.02 0 0.03 0.18801900943390037
0.02 0 0.04 0.1601354719276038
0.02 0 0.05 0.3024268090743912
0.02 0 0.06 0.16652044771941552
0.02 0 0.07 0.2469727887847626
0.02 0 0.08 0.13378526203742352
0.02 0 0.09 0.24875521947862358
0.02 0 0.1 0.3387851883186561
0.02 0 0.11 0.5465311397397566
0.02 0 0.12 0.8373003199795925
0.02 0 0.13 0.9468137531338495
0.02 0 0.14 0.9323164646386576
0.02 0 0.15 0.45077063663862
0.02 0 0.16 0.36062044801075055
0.02 0 0.17 0.3186459634399549
0.02 0 0.18 0.18180689778289805
0.02 0 0.19 0.13896933765133598
0.02 0 0.2 0.17095877894685282
0.02 0 0.21 0.19646128299120846
0.02 0 0.22 0.4046559024142596
0.02 0 0.23 0.9816831324303115
0.02 0 0.24 2.001709746169125
0.02 0 0.25 1.406998885861389
0.02 0 0.26 1.3011776334252416
0.02 0 0.27 0.5889551927224741
0.02 0 0.28 1.323808131681418
0.02 0 0.29 0.6210296027265377
0.02 0 0.3 0.5708336704732367
0.02 0 0.31 0.4944821395936034
0.02 0 0.32 0.3788160785207936
0.02 0 0.33 0.3894139295074969
0.02 0 0.34 0.1007025496489923
0.02 0 0.35000000000000003 0.22484156819283302
0.02 0 0.36 0.4349292984887146
0.02 0 0.37 0.5864747272068491
0.02 0 0.38 0.7688927960885941
0.02 0 0.39 1.2105079365896454
0.02 0 0.4 2.850393986371823
0.02 0 0.41000000000000003 2.4490661591616454
0.02 0 0.42 1.3468392899777542
0.02 0 0.43 0.8225076467845438
0.02 0 0.44 0.6527317280279478
0.02 0 0.45 0.9037839523312862
0.02 0 0.46 0.6270940382351367
0.02 0 0.47000000000000003 1.2141118943346318
0.02 0 0.48 0.5476294567271404
0.02 0 0.49 0.7670233028506318
0.02 0 0.5 0.36498168621316474
0.03 0 0.0 0.24040468824507696
0.03 0 0.01 0.2746173930965935
0.03 0 0.02 0.08231688482657601
0.03 0 0.03 0.0633120714214433
0.03 0 0.04 0.05088436376556817
0.03 0 0.05 0.0881086109041161
0.03 0 0.06 0.16522657387888354
0.03 0 0.07 0.20700994807788678
0.03 0 0.08 0.47000906567333794
0.03 0 0.09 0.3527204091128337
0.03 0 0.1 0.4395431621616091
0.03 0 0.11 0.3368386696149179
0.03 0 0.12 0.47211281839996044
0.03 0 0.13 0.708526099136349
0.03 0 0.14 0.41856104629528584
0.03 0 0.15 0.42738753824991565
0.03 0 0.16 0.18956192161464555
0.03 0 0.17 0.2180381975629626
0.03 0 0.18 0.180178235482086
0.03 0 0.19 0.14818664603461856
0.03 0 0.2 0.17441039495169572
0.03 0 0.21 0.10591827667891586
0.03 0 0.22 0.24654661895607288
0.03 0 0.23 0.36935835904060377
0.03 0 0.24 1.0114449787285782
0.03 0 0.25 1.3681720733828469
0.03 0 0.26 1.2218373138597194
0.03 0 0.27 1.2380959336274728
0.03 0 0.28 0.9321297345491899
0.03 0 0.29 0.47393996209802
0.03 0 0.3 0.3053703016288772
0.03 0 0.31 0.3274583215006744
0.03 0 0.32 0.41819996202830856
0.03 0 0.33 0.5369440775781019
0.03 0 0.34 0.5953848421008142
0.03 0 0.35000000000000003 0.5236265531014647
0.03 0 0.36 0.541855828420402
0.03 0 0.37 0.5228184526325026
0.03 0 0.38 0.4438619380977615
0.03 0 0.39 1.2573237234553198
0.03 0 0.4 0.8994393564357779
0.03 0 0.41000000000000003 1.4229198714376474
0.03 0 0.42 2.730651521196807
0.03 0 0.43 1.7945978775773663
0.03 0 0.44 1.5729746394159632
0.03 0 0.45 0.6640295582130589
0.03 0 0.46 0.6398520131831673
0.03 0 0.47000000000000003 0.7178995479728049
0.03 0 0.48 0.5367579958794333
0.03 0 0.49 0.41460919766626997
0.03 0 0.5 0.31039308160294693
0.04 0 0.0 0.12119491460052426
0.04 0 0.01 0.10982227101927558
0.04 0 0.02 0.09390975978334154
0.04 0 0.03 0.147217493725509
0.04 0 0.04 0.15263940818836172
0.04 0 0.05 0.1562461350308939
0.04 0 0.06 0.14029645944722416
0.04 0 0.07 0.1949497187389729
0.04 0 0.08 0.1613200072947474
0.04 0 0.09 0.49799354133336504
0.04 0 0.1 0.7535771394578823
0.04 0 0.11 1.1686591202226633
0.04 0 0.12 0.6264959681150883
0.04 0 0.13 0.2305529666370653
0.04 0 0.14 0.2640270644042356
0.04 0 0.15 0.27801934304897724
0.04 0 0.16 0.18816391841410623
0.04 0 0.17 0.15274795229733124
0.04 0 0.18 0.09536552441638645
0.04 0 0.19 0.21378205136346348
0.04 0 0.2 0.1714794137719888
0.04 0 0.21 0.1991507138154537
0.04 0 0.22 0.21642563185578786
0.04 0 0.23 0.5341609377780326
0.04 0 0.24 0.8613884313670155
0.04 0 0.25 0.9127305487217562
0.04 0 0.26 1.0483024269393828
0.04 0 0.27 0.874290336479254
0.04 0 0.28 1.837168626750519
0.04 0 0.29 0.5600624301916415
0.04 0 0.3 0.5373159277046476
0.04 0 0.31 0.22281137717911012
0.04 0 0.32 0.2386181662873003
0.04 0 0.33 0.3081389117682132
0.04 0 0.34 0.5222874000689053
0.04 0 0.35000000000000003 1.2315739949998603
0.04 0 0.36 1.1071029578310676
0.04 0 0.37 0.49245155400890844
0.04 0 0.38 0.1989587365904919
0.04 0 0.39 0.3471838805939536
0.04 0 0.4 0.9412902591370721
0.04 0 0.41000000000000003 0.9346272476443518
0.04 0 0.42 1.9859716802199805
0.04 0 0.43 2.8864587829724933
0.04 0 0.44 3.878409319260708
0.04 0 0.45 1.7251499198447513
0.04 0 0.46 1.1387284827471829
0.04 0 0.47000000000000003 1.1832059664987928
0.04 0 0.48 0.6056626186973794
0.04 0 0.49 0.5655988268665753
0.04 0 0.5 0.20491334445857814
0.05 0 0.0 0.1557921003096834
0.05 0 0.01 0.14347873876023887
0.05 0 0.02 0.07283987378514019
0.05 0 0.03 0.10826677433071406
0.05 0 0.04 0.10324860963901965
0.05 0 0.05 0.30975511918858445
0.05 0 0.06 0.19206056106573033
0.05 0 0.07 0.3389056633253213
0.05 0 0.08 0.290324444882451
0.05 0 0.09 0.249733290252493
0.05 0 0.1 0.6395557933922433
0.05 0 0.11 0.6359541727481798
0.05 0 0.12 0.6172199067025185
0.05 0 0.13 0.21141936453458401
0.05 0 0.14 0.1907609536837743
0.05 0 0.15 0.3448697312028432
0.05 0 0.16 0.2472443280373688
0.05 0 0.17 0.43399047895036585
0.05 0 0.18 0.31810688132154735
0.05 0 0.19 0.4795184488334704
0.05 0 0.2 0.7007238675699418
0.05 0 0.21 0.5971376476283727
0.05 0 0.22 1.0495121383758168
0.05 0 0.23 0.663330947413194
0.05 0 0.24 1.1609104788038238
0.05 0 0.25 1.5603261764024006
0.05 0 0.26 1.798955279084766
0.05 0 0.27 1.03988114496386
0.05 0 0.28 0.7936346433451705
0.05 0 0.29 0.6662057744393326
0.05 0 0.3 0.7961964721135731
0.05 0 0.31 0.8428033594746193
0.05 0 0.32 0.463251519793236
0.05 0 0.33 0.5476521909935131
0.05 0 0.34 1.10859568490425
0.05 0 0.35000000000000003 0.9735120714046674
0.05 0 0.36 0.9318320263010303
0.05 0 0.37 0.5958110632760282
0.05 0 0.38 0.3946295790341631
0.05 0 0.39 0.6306343495484561
0.05 0 0.4 1.4528603272585368
0.05 0 0.41000000000000003 4.241095119753709
0.05 0 0.42 1.6312647684288903
0.05 0 0.43 1.2351378262278692
0.05 0 0.44 0.821740639157955
0.05 0 0.45 0.6903027293002117
0.05 0 0.46 0.5729420604980828
0.05 0 0.47000000000000003 1.0068790778842562
0.05 0 0.48 0.8218382490348277
0.05 0 0.49 1.2241067308667286
0.05 0 0.5 0.6001401911976745
0.06 0 0.0 0.11341313412272509
0.06 0 0.01 0.13789542780298356
0.06 0 0.02 0.3026847629051548
0.06 0 0.03 0.4506690252436604
0.06 0 0.04 0.38255162629743256
0.06 0 0.05 0.3732606087208808
0.06 0 0.06 0.4963029233910223
0.06 0 0.07 0.3748173058651099
0.06 0 0.08 0.24998876019763414
0.06 0 0.09 0.4333987391469226
0.06 0 0.1 0.6309405839696648
0.06 0 0.11 1.4778821905238786
0.06 0 0.12 0.9100429901097816
0.06 0 0.13 0.5982636330180403
0.06 0 0.14 0.471284007236905
0.06 0 0.15 0.39092613023048084
0.06 0 0.16 0.6973947823903811
0.06 0 0.17 0.7867624825501395
0.06 0 0.18 1.3093453631614695
0.06 0 0.19 1.7058312466131937
0.06 0 0.2 1.1302976450916669
0.06 0 0.21 0.9662832901504161
0.06 0 0.22 1.613888278848833
0.06 0 0.23 1.1244901312507156
0.06 0 0.24 0.608087749973191
0.06 0 0.25 0.6327470011444242
0.06 0 0.26 1.1889589571020496
0.06 0 0.27 0.7862849704634075
0.06 0 0.28 0.6444190379624708
0.06 0 0.29 0.6234123840883676
0.06 0 0.3 1.0860394165844471
0.06 0 0.31 1.6567171932860543
0.06 0 0.32 1.475907419563831
0.06 0 0.33 1.0167927350850547
0.06 0 0.34 1.5826403049973008
0.06 0 0.35000000000000003 2.6997766580291325
0.06 0 0.36 2.0752531833193237
0.06 0 0.37 1.103746852123118
0.06 0 0.38 1.3357434273756759
0.06 0 0.39 1.379687462367381
0.06 0 0.4 1.1998831039755422
0.06 0 0.41000000000000003 1.6343434913001549
0.06 0 0.42 2.3230199842022135
0.06 0 0.43 1.385673748852292
0.06 0 0.44 1.2342032738648412
0.06 0 0.45 0.5862473757830872
0.06 0 0.46 0.5293751185544336
0.06 0 0.47000000000000003 0.726712632212196
0.06 0 0.48 0.8287147194782603
0.06 0 0.49 0.6632689536397816
0.06 0 0.5 0.5267215890926037
0.07 0 0.0 0.1404160587931368
0.07 0 0.01 0.17746595369719034
0.07 0 0.02 0.3004361603955364
0.07 0 0.03 0.4927810153951589
0.07 0 0.04 0.4931912352250209
0.07 0 0.05 0.437152657250137
0.07 0 0.06 0.379273052802222
0.07 0 0.07 0.48802038907633233
0.07 0 0.08 0.3817521482674664
0.07 0 0.09 0.44234226006991284
0.07 0 0.1 0.5978404081143096
0.07 0 0.11 1.1115867710959415
0.07 0 0.12 1.141169495204461
0.07 0 0.13 0.6495225524428135
0.07 0 0.14 0.5830659814469741
0.07 0 0.15 0.5791762785219633
0.07 0 0.16 0.3374123962965183
0.07 0 0.17 1.0982942445169186
0.07 0 0.18 0.47654231270329717
0.07 0 0.19 2.006501717045802
0.07 0 0.2 1.0311369648274438
0.07 0 0.21 0.6748030977515398
0.07 0 0.22 0.6533977053156778
0.07 0 0.23 1.00733332908746
0.07 0 0.24 1.2110426362596642
0.07 0 0.25 0.625597732097734
0.07 0 0.26 0.8243235937518351
0.07 0 0.27 0.9337916129720734
0.07 0 0.28 1.050574645905352
0.07 0 0.29 0.835177098277447
0.07 0 0.3 1.247669847226347
0.07 0 0.31 1.5538851490805758
0.07 0 0.32 2.6836801898923497
0.07 0 0.33 5.790943666920037
0.07 0 0.34 3.186983934581766
0.07 0 0.35000000000000003 2.6231911648914243
0.07 0 0.36 3.2850325057806207
0.07 0 0.37 2.597615003103604
0.07 0 0.38 3.9439092591169596
0.07 0 0.39 2.983101428205336
0.07 0 0.4 2.791948804488913
0.07 0 0.41000000000000003 1.411116619630084
0.07 0 0.42 1.4998791890250542
0.07 0 0.43 0.9575498011493271
0.07 0 0.44 0.8601678503349539
0.07 0 0.45 0.9953367535070622
0.07 0 0.46 1.0871382819086564
0.07 0 0.47000000000000003 1.0347316356245169
0.07 0 0.48 0.6981623128827108
0.07 0 0.49 0.9229031628827105
0.07 0 0.5 0.32140694177649537
0.08 0 0.0 0.04574072387368136
0.08 0 0.01 0.2636118323256299
0.08 0 0.02 0.36696104333842844
0.08 0 0.03 0.3939979460913165
0.08 0 0.04 0.3928506777299148
0.08 0 0.05 0.7078586140859215
0.08 0 0.06 0.6237911217536858
0.08 0 0.07 0.34498438414988813
0.08 0 0.08 0.7219566010971316
0.08 0 0.09 1.9500206277855932
0.08 0 0.1 1.814457814586711
0.08 0 0.11 1.5221671540955144
0.08 0 0.12 0.7019713425310613
0.08 0 0.13 0.42001520412088683
0.08 0 0.14 0.5534587772501851
0.08 0 0.15 0.5882468429170539
0.08 0 0.16 0.36951454156735575
0.08 0 0.17 0.5405183227647199
0.08 0 0.18 0.6050743973401865
0.08 0 0.19 0.4934645631585617
0.08 0 0.2 0.7533101325214039
0.08 0 0.21 1.0157243315128117
0.08 0 0.22 1.5094608642517684
0.08 0 0.23 1.2339998511335337
0.08 0 0.24 1.3498885066767108
0.08 0 0.25 0.4681045048647601
0.08 0 0.26 0.5384224867160984
0.08 0 0.27 0.5517125117359227
0.08 0 0.28 1.350258669521014
0.08 0 0.29 0.6160752214628968
0.08 0 0.3 0.9210309451115858
0.08 0 0.31 0.8816401892955166
0.08 0 0.32 0.5479481670374802
0.08 0 0.33 1.1580628014550542
0.08 0 0.34 2.4343911022918725
0.08 0 0.35000000000000003 2.004515774436715
0.08 0 0.36 2.1356205490015716
0.08 0 0.37 1.560992447296824
0.08 0 0.38 1.8286843128284356
0.08 0 0.39 1.7792703963617915
0.08 0 0.4 2.0138763700453914
0.08 0 0.41000000000000003 2.5363065080987535
0.08 0 0.42 1.2674885005268288
0.08 0 0.43 1.489344369713717
0.08 0 0.44 0.8099262728772538
0.08 0 0.45 0.8278937835206616
0.08 0 0.46 1.7500489333515665
0.08 0 0.47000000000000003 1.3368747769378457
0.08 0 0.48 0.5542213824737491
0.08 0 0.49 0.47274447395010166
0.08 0 0.5 0.4821428735266105
0.09 0 0.0 0.1949249679328098
0.09 0 0.01 0.22664481061030622
0.09 0 0.02 0.4096878346629602
0.09 0 0.03 0.6386648119496866
0.09 0 0.04 0.7670046973235567
0.09 0 0.05 1.4636447261903123
0.09 0 0.06 3.9574676841746164
0.09 0 0.07 2.0590374576281243
0.09 0 0.08 0.792381582468013
0.09 0 0.09 0.7918213445649684
0.09 0 0.1 1.1807613399758679
0.09 0 0.11 0.9404711886654283
0.09 0 0.12 0.9338579339850466
0.09 0 0.13 0.6616545399929027
0.09 0 0.14 0.6788730572854007
0.09 0 0.15 0.5022810988821116
0.09 0 0.16 0.5539385554811826
0.09 0 0.17 0.38778898863175537
0.09 0 0.18 0.26091476437779465
0.09 0 0.19 0.39953273927597216
0.09 0 0.2 0.14046925503804633
0.09 0 0.21 0.3577899357492978
0.09 0 0.22 0.7068280160103075
0.09 0 0.23 1.3628107393809514
0.09 0 0.24 0.5578175442720306
0.09 0 0.25 0.7204744484795148
0.09 0 0.26 0.5942522846396704
0.09 0 0.27 0.5268352693905444
0.09 0 0.28 0.5580998012879967
0.09 0 0.29 0.5046181209103389
0.09 0 0.3 0.7018422405850366
0.09 0 0.31 2.559040306565512
0.09 0 0.32 3.716925837352048
0.09 0 0.33 1.9254856758088872
0.09 0 0.34 1.7605403570872458
0.09 0 0.35000000000000003 4.994365478150453
0.09 0 0.36 4.459659862063608
0.09 0 0.37 4.718118077033273
0.09 0 0.38 4.382077141928964
0.09 0 0.39 4.8844152764006585
0.09 0 0.4 6.935539440345861
0.09 0 0.41000000000000003 4.756804568006948
0.09 0 0.42 2.578502340338303
0.09 0 0.43 0.8826790410216894
0.09 0 0.44 1.0692757406028688
0.09 0 0.45 0.5594568651974636
0.09 0 0.46 0.2735711155172758
0.09 0 0.47000000000000003 0.3192332732638127
0.09 0 0.48 0.3646336579171301
0.09 0 0.49 0.3907926363284563
0.09 0 0.5 0.2918297018363432
0.1 0 0.0 0.1927500186038805
0.1 0 0.01 0.23061059837166267
0.1 0 0.02 0.2752476581993043
0.1 0 0.03 0.5330391562969369
0.1 0 0.04 0.47885734586043377
0.1 0 0.05 0.49046602613157697
0.1 0 0.06 0.8822988910844591
0.1 0 0.07 1.3962433234470906
0.1 0 0.08 1.5243853297585652
0.1 0 0.09 1.7354694165963713
0.1 0 0.1 1.0010623097696987
0.1 0 0.11 1.0780442501918162
0.1 0 0.12 0.5567717219207092
0.1 0 0.13 0.6390240268307668
0.1 0 0.14 0.3882467277965645
0.1 0 0.15 0.38151136454913426
0.1 0 0.16 0.4405591783177482
0.1 0 0.17 1.1413241327906332
0.1 0 0.18 0.44510409212719354
0.1 0 0.19 0.3944184643998553
0.1 0 0.2 0.4460507834575111
0.1 0 0.21 0.8200110050595155
0.1 0 0.22 1.1455490524606167
0.1 0 0.23 0.7331245131992292
0.1 0 0.24 0.5252766195856534
0.1 0 0.25 0.23852938694595732
0.1 0 0.26 0.4577282020988637
0.1 0 0.27 0.44368050682401616
0.1 0 0.28 0.6995593296737479
0.1 0 0.29 0.5652149438663053
0.1 0 0.3 0.7746749229918751
0.1 0 0.31 0.6487758117634876
0.1 0 0.32 1.186814610235954
0.1 0 0.33 1.6990805477482065
0.1 0 0.34 1.2963018760495055
0.1 0 0.35000000000000003 1.5646519867555226
0.1 0 0.36 3.75601259662178
0.1 0 0.37 1.727463376510239
0.1 0 0.38 3.132110942789568
0.1 0 0.39 0.9439518681393897
0.1 0 0.4 2.8588123785187576
0.1 0 0.41000000000000003 2.274017386337266
0.1 0 0.42 2.337217273506292
0.1 0 0.43 1.5679010219974678
0.1 0 0.44 0.37016483961381186
0.1 0 0.45 0.2769924394418239
0.1 0 0.46 0.11101493595941968
0.1 0 0.47000000000000003 0.12247382903076708
0.1 0 0.48 0.16687148986367698
0.1 0 0.49 0.4239031686044688
0.1 0 0.5 0.47715129079621077
0.11 0 0.0 0.22714529482759835
0.11 0 0.01 0.4079824186503281
0.11 0 0.02 0.7542531950376413
0.11 0 0.03 1.068174976334966
0.11 0 0.04 1.3292483081921984
0.11 0 0.05 1.3223809484591857
0.11 0 0.06 1.306979948151009
0.11 0 0.07 0.7700333043548613
0.11 0 0.08 1.3908150716439838
0.11 0 0.09 1.201605819006402
0.11 0 0.1 1.7688646118986247
0.11 0 0.11 1.6573315997076188
0.11 0 0.12 0.6666518849824039
0.11 0 0.13 0.7075818980921088
0.11 0 0.14 0.5638884974912345
0.11 0 0.15 0.3069393877718166
0.11 0 0.16 0.14368089187864455
0.11 0 0.17 0.2396188259528951
0.11 0 0.18 0.3275963973842307
0.11 0 0.19 0.23904535836132298
0.11 0 0.2 0.2682879409888859
0.11 0 0.21 0.31884329880075385
0.11 0 0.22 0.4049567175654583
0.11 0 0.23 0.4312343665250749
0.11 0 0.24 0.2744559974380502
0.11 0 0.25 0.2690565746805309
0.11 0 0.26 0.24797391941494554
0.11 0 0.27 0.43958195011778295
0.11 0 0.28 0.4523294149782223
0.11 0 0.29 0.4489425002217373
0.11 0 0.3 0.4677714803437089
0.11 0 0.31 0.5422332367523222
0.11 0 0.32 0.9903431135685052
0.11 0 0.33 1.9594587162740824
0.11 0 0.34 1.7968890409625424
0.11 0 0.35000000000000003 2.784506286028425
0.11 0 0.36 1.8546517075734585
0.11 0 0.37 2.4174555923355325
0.11 0 0.38 2.353443195606015
0.11 0 0.39 2.8580242255393684
0.11 0 0.4 1.7102788683702785
0.11 0 0.41000000000000003 1.2657418585030433
0.11 0 0.42 1.2717295688683103
0.11 0 0.43 1.1951290430862476
0.11 0 0.44 1.0984951029745897
0.11 0 0.45 0.22214103987187156
0.11 0 0.46 0.18073671379260947
0.11 0 0.47000000000000003 0.17962968819443625
0.11 0 0.48 0.14409976962180768
0.11 0 0.49 0.23722083365805263
0.11 0 0.5 0.27764444796986676
0.12 0 0.0 0.3047558202611038
0.12 0 0.01 0.2006425757264823
0.12 0 0.02 0.2453798676444408
0.12 0 0.03 0.4750717729791132
0.12 0 0.04 0.48094910194729723
0.12 0 0.05 0.6099656462898968
0.12 0 0.06 1.0084365314472534
0.12 0 0.07 0.44188177276045776
0.12 0 0.08 0.8377921723828872
0.12 0 0.09 0.8254061010964368
0.12 0 0.1 0.8035073634329678
0.12 0 0.11 0.6410374074015951
0.12 0 0.12 0.6217234453890695
0.12 0 0.13 0.31037691925032124
0.12 0 0.14 0.4399190083171435
0.12 0 0.15 0.7204361896097712
0.12 0 0.16 0.5560304799760476
0.12 0 0.17 0.3482781762868006
0.12 0 0.18 0.18400950146852557
0.12 0 0.19 0.3870346179382159
0.12 0 0.2 0.20504592884080605
0.12 0 0.21 0.3151613225674838
0.12 0 0.22 0.2411880007554634
0.12 0 0.23 0.40273446685321507
0.12 0 0.24 0.554835910392741
0.12 0 0.25 0.2317722321216838
0.12 0 0.26 0.14948004540589033
0.12 0 0.27 0.14834882490630982
0.12 0 0.28 0.27814797680208425
0.12 0 0.29 0.14828919732500204
0.12 0 0.3 0.11558309485935467
0.12 0 0.31 0.11328988229916244
0.12 0 0.32 0.20161221044974942
0.12 0 0.33 0.6453820765726785
0.12 0 0.34 1.0281083556679131
0.12 0 0.35000000000000003 3.2175497842582974
0.12 0 0.36 2.926699084625761
0.12 0 0.37 1.5748180799851093
0.12 0 0.38 1.501475928603248
0.12 0 0.39 1.1049007134189794
0.12 0 0.4 2.6946793305707497
0.12 0 0.41000000000000003 0.8506592760978735
0.12 0 0.42 1.0338215183392494
0.12 0 0.43 0.7044040210255268
0.12 0 0.44 0.48578982779090496
0.12 0 0.45 0.24813117101478532
0.12 0 0.46 0.16808520930217855
0.12 0 0.47000000000000003 0.32210707258361865
0.12 0 0.48 0.37116554394666773
0.12 0 0.49 0.4640136427731116
0.12 0 0.5 0.42033916576785524
0.13 0 0.0 1.293168566559732
0.13 0 0.01 1.7474012931735403
0.13 0 0.02 0.6477653066713368
0.13 0 0.03 0.9353890732349395
0.13 0 0.04 0.659181518964587
0.13 0 0.05 0.4352449090503638
0.13 0 0.06 0.3362919234488048
0.13 0 0.07 0.2929062064117272
0.13 0 0.08 0.41253377076483294
0.13 0 0.09 0.5097077974941526
0.13 0 0.1 0.9591990986613271
0.13 0 0.11 0.6889252409262765
0.13 0 0.12 0.5042948133221301
0.13 0 0.13 0.3473783694129335
0.13 0 0.14 0.11812502040575915
0.13 0 0.15 0.2324991045486498
0.13 0 0.16 0.1980416348771566
0.13 0 0.17 0.47440123954234803
0.13 0 0.18 0.38950110523541515
0.13 0 0.19 0.6268590649745717
0.13 0 0.2 0.7304658532994869
0.13 0 0.21 0.6635016634921118
0.13 0 0.22 0.8724839489295884
0.13 0 0.23 0.4732484774759466
0.13 0 0.24 0.30569433666472406
0.13 0 0.25 0.2631884051928722
0.13 0 0.26 0.1133138339821174
0.13 0 0.27 0.17141175017013865
0.13 0 0.28 0.1721597207845312
0.13 0 0.29 0.2650705673716858
0.13 0 0.3 0.29974311682231863
0.13 0 0.31 0.2556377184964196
0.13 0 0.32 0.4178501103218023
0.13 0 0.33 0.42147229967297567
0.13 0 0.34 1.4130377063570483
0.13 0 0.35000000000000003 2.0882695543047047
0.13 0 0.36 2.3809240548473527
0.13 0 0.37 1.8115030102314202
0.13 0 0.38 2.030294611668905
0.13 0 0.39 1.4424484310743768
0.13 0 0.4 1.0988709021793452
0.13 0 0.41000000000000003 0.9995224813832163
0.13 0 0.42 0.9507756913721324
0.13 0 0.43 1.4518172438088732
0.13 0 0.44 1.1833118455518896
0.13 0 0.45 0.3963127912398316
0.13 0 0.46 0.43833248377381157
0.13 0 0.47000000000000003 0.5079843844553785
0.13 0 0.48 0.5559160240991016
0.13 0 0.49 0.5944926368325714
0.13 0 0.5 0.7679413593061716
0.14 0 0.0 0.9189178581245946
0.14 0 0.01 0.7305821794353231
0.14 0 0.02 1.4075545288312068
0.14 0 0.03 0.892738395018402
0.14 0 0.04 0.48816056233666094
0.14 0 0.05 0.28824297158321127
0.14 0 0.06 0.21879667101697006
0.14 0 0.07 0.2610934687563916
0.14 0 0.08 0.3063547692650706
0.14 0 0.09 0.23496265086882734
0.14 0 0.1 0.3247298868487106
0.14 0 0.11 0.3632933457480315
0.14 0 0.12 0.27640895883030064
0.14 0 0.13 0.20538511788739783
0.14 0 0.14 0.2759349632304765
0.14 0 0.15 0.22518604945580842
0.14 0 0.16 0.20991113825410895
0.14 0 0.17 0.15885080400031992
0.14 0 0.18 0.3435397866413376
0.14 0 0.19 0.4943560168951083
0.14 0 0.2 0.3522106929589789
0.14 0 0.21 0.5532837507296937
0.14 0 0.22 0.8092073763048182
0.14 0 0.23 1.2969305974092946
0.14 0 0.24 0.42008412013190577
0.14 0 0.25 0.1493089701177462
0.14 0 0.26 0.24058973537154704
0.14 0 0.27 0.2989873025577698
0.14 0 0.28 0.2430409142933793
0.14 0 0.29 0.22215015927087406
0.14 0 0.3 0.27219326993384674
0.14 0 0.31 0.24364430356411004
0.14 0 0.32 0.299405518277799
0.14 0 0.33 0.5516952793309136
0.14 0 0.34 0.8308966464091028
0.14 0 0.35000000000000003 1.839630043040921
0.14 0 0.36 1.2017743383376474
0.14 0 0.37 0.9211311146912224
0.14 0 0.38 1.2265952395293571
0.14 0 0.39 1.0369648964566802
0.14 0 0.4 0.7945968634818933
0.14 0 0.41000000000000003 0.38156316237554694
0.14 0 0.42 0.563448808559113
0.14 0 0.43 0.5313746757804516
0.14 0 0.44 0.7007454956906123
0.14 0 0.45 0.9564154898535167
0.14 0 0.46 1.0394114167690867
0.14 0 0.47000000000000003 2.0785707743488153
0.14 0 0.48 1.6686338382549704
0.14 0 0.49 2.4729323674711003
0.14 0 0.5 1.0334414659863207
0.15 0 0.0 0.7070092627386177
0.15 0 0.01 0.47416554308014935
0.15 0 0.02 0.4622001222080819
0.15 0 0.03 0.8412697373231937
0.15 0 0.04 0.5848419533628277
0.15 0 0.05 0.3127540182355533
0.15 0 0.06 0.27212222407744874
0.15 0 0.07 0.294152171518155
0.15 0 0.08 0.7099359648339884
0.15 0 0.09 0.3475651457531677
0.15 0 0.1 0.6090329356624914
0.15 0 0.11 0.20821373724859105
0.15 0 0.12 0.12503259378771253
0.15 0 0.13 0.12306574550944505
0.15 0 0.14 0.10715173131392433
0.15 0 0.15 0.10114960213232464
0.15 0 0.16 0.052461252686192596
0.15 0 0.17 0.12268349272477846
0.15 0 0.18 0.11798488238161794
0.15 0 0.19 0.420570507791612
0.15 0 0.2 0.3333230243156953
0.15 0 0.21 0.42793413502774696
0.15 0 0.22 0.9850206556121335
0.15 0 0.23 0.6569187644050796
0.15 0 0.24 0.8567668081394557
0.15 0 0.25 0.565969645726111
0.15 0 0.26 0.7120239786437733
0.15 0 0.27 1.3639819224651744
0.15 0 0.28 0.5165032083425476
0.15 0 0.29 1.3352306122781077
0.15 0 0.3 0.7906734088134136
0.15 0 0.31 1.000117350580058
0.15 0 0.32 0.7226594841990507
0.15 0 0.33 0.9260673176884746
0.15 0 0.34 0.922424956633283
0.15 0 0.35000000000000003 0.7600912174701667
0.15 0 0.36 0.6483297541771978
0.15 0 0.37 0.7842673696221004
0.15 0 0.38 1.1769686934462806
0.15 0 0.39 0.4136249912637325
0.15 0 0.4 0.34336259648129774
0.15 0 0.41000000000000003 0.18348920601175206
0.15 0 0.42 0.2196509416189669
0.15 0 0.43 0.2677166336346844
0.15 0 0.44 0.5756339369000167
0.15 0 0.45 0.5981426872548932
0.15 0 0.46 0.8148795796772441
0.15 0 0.47000000000000003 0.4788487076159164
0.15 0 0.48 0.9563622499382288
0.15 0 0.49 1.969762227691915
0.15 0 0.5 3.7471768188886747
0.16 0 0.0 0.6089298186033536
0.16 0 0.01 0.8592414292009274
0.16 0 0.02 1.3771976395683634
0.16 0 0.03 0.6029917082769307
0.16 0 0.04 0.646451484761951
0.16 0 0.05 0.6821583778352599
0.16 0 0.06 0.6665927598011998
0.16 0 0.07 0.28445664825120826
0.16 0 0.08 0.6201671120486071
0.16 0 0.09 1.0744753414032175
0.16 0 0.1 0.6688511737279875
0.16 0 0.11 0.3414358165233172
0.16 0 0.12 0.1976555437082654
0.16 0 0.13 0.20211593384954324
0.16 0 0.14 0.3306988549341679
0.16 0 0.15 0.2537224730745471
0.16 0 0.16 0.06983698987664182
0.16 0 0.17 0.042631672195000365
0.16 0 0.18 0.049910331841781945
0.16 0 0.19 0.061765510398717104
0.16 0 0.2 0.11219861890721763
0.16 0 0.21 0.7871820621547678
0.16 0 0.22 1.440718333790394
0.16 0 0.23 0.8943645721237627
0.16 0 0.24 0.542000534939362
0.16 0 0.25 0.42295067272915005
0.16 0 0.26 0.46075120812183196
0.16 0 0.27 0.5232555859420231
0.16 0 0.28 0.4162041397585323
0.16 0 0.29 0.3537352443076531
0.16 0 0.3 0.9144123745437273
0.16 0 0.31 0.5441580486764963
0.16 0 0.32 0.42027964410559226
0.16 0 0.33 0.7000078511045127
0.16 0 0.34 0.9092480175145348
0.16 0 0.35000000000000003 0.5692005509392133
0.16 0 0.36 0.23990496059351948
0.16 0 0.37 0.2071978498270306
0.16 0 0.38 0.3806377706018738
0.16 0 0.39 0.4370054572702588
0.16 0 0.4 0.4525884854779124
0.16 0 0.41000000000000003 0.38753896585259395
0.16 0 0.42 0.2794854321035268
0.16 0 0.43 0.3343249380585803
0.16 0 0.44 0.6247805596674859
0.16 0 0.45 0.884737127479141
0.16 0 0.46 1.11123193113157
0.16 0 0.47000000000000003 0.8447465293112508
0.16 0 0.48 1.1092196160504304
0.16 0 0.49 1.9007267988130714
0.16 0 0.5 1.977278402379199
0.17 0 0.0 1.4679188261988645
0.17 0 0.01 1.31167630325382
0.17 0 0.02 1.4709123802638393
0.17 0 0.03 1.5728009793857491
0.17 0 0.04 0.49569708854126804
0.17 0 0.05 0.5485130920249905
0.17 0 0.06 0.4721563216816112
0.17 0 0.07 0.4147316978928878
0.17 0 0.08 0.2767326810933083
0.17 0 0.09 0.3307992082041464
0.17 0 0.1 0.802894279542627
0.17 0 0.11 0.28774411774546405
0.17 0 0.12 0.5713844533158955
0.17 0 0.13 0.7108817497173798
0.17 0 0.14 0.5827598368104858
0.17 0 0.15 0.34463170922335745
0.17 0 0.16 0.251809268891592
0.17 0 0.17 0.11494646052982162
0.17 0 0.18 0.047019686208778916
0.17 0 0.19 0.14662483329058693
0.17 0 0.2 0.2120117131132703
0.17 0 0.21 0.5703483024517151
0.17 0 0.22 0.7442941362316715
0.17 0 0.23 0.6488843417217439
0.17 0 0.24 0.9829975591313999
0.17 0 0.25 0.9671004989817773
0.17 0 0.26 1.4245216533842244
0.17 0 0.27 0.8841342212396445
0.17 0 0.28 0.692530431154348
0.17 0 0.29 0.7261978146893802
0.17 0 0.3 0.29798298548582386
0.17 0 0.31 0.5090625503178288
0.17 0 0.32 0.5084635968724854
0.17 0 0.33 0.6958408896907708
0.17 0 0.34 0.8566449342360853
0.17 0 0.35000000000000003 1.3407808576637903
0.17 0 0.36 0.7649789509224938
0.17 0 0.37 0.2378992269360006
0.17 0 0.38 0.21643822798933757
0.17 0 0.39 0.24506108456940343
0.17 0 0.4 0.2387499205806215
0.17 0 0.41000000000000003 0.17725757592055283
0.17 0 0.42 0.19450628684437993
0.17 0 0.43 0.26794820556306537
0.17 0 0.44 0.5619900954465856
0.17 0 0.45 0.7513824475357276
0.17 0 0.46 0.4995759429007739
0.17 0 0.47000000000000003 0.5186432820921214
0.17 0 0.48 0.8833106975465802
0.17 0 0.49 1.1128428314877352
0.17 0 0.5 1.5626624281739456
0.18 0 0.0 0.30481637062307027
0.18 0 0.01 0.5645511633216552
0.18 0 0.02 0.4926960463848497
0.18 0 0.03 0.3769802363559042
0.18 0 0.04 0.9891929515182045
0.18 0 0.05 0.7067417498817938
0.18 0 0.06 0.6700308767417842
0.18 0 0.07 0.33432555248408613
0.18 0 0.08 0.8621853001661492
0.18 0 0.09 0.9108291566743382
0.18 0 0.1 1.6886875966066528
0.18 0 0.11 2.0782649906283908
0.18 0 0.12 2.440461806520132
0.18 0 0.13 4.256780228373306
0.18 0 0.14 3.9013939762484915
0.18 0 0.15 1.4802044058822474
0.18 0 0.16 1.0506236322746465
0.18 0 0.17 0.5060394443242765
0.18 0 0.18 0.25300098529956666
0.18 0 0.19 0.18441724612197197
0.18 0 0.2 0.29313465456319776
0.18 0 0.21 0.452795370247266
0.18 0 0.22 0.27088416638357854
0.18 0 0.23 0.28335916768727337
0.18 0 0.24 0.43321705024729223
0.18 0 0.25 0.39831035568384765
0.18 0 0.26 0.2785515542503184
0.18 0 0.27 0.4736672524413294
0.18 0 0.28 0.28877695773574696
0.18 0 0.29 0.5336143598933496
0.18 0 0.3 0.32901991473824865
0.18 0 0.31 0.34719807936581487
0.18 0 0.32 0.28688658832530695
0.18 0 0.33 0.41939890549820424
0.18 0 0.34 0.41563126348689505
0.18 0 0.35000000000000003 0.5219509254083697
0.18 0 0.36 0.6220021376968603
0.18 0 0.37 0.30775556962089917
0.18 0 0.38 0.27896397901831416
0.18 0 0.39 0.37816110500788697
0.18 0 0.4 1.0160007679323744
0.18 0 0.41000000000000003 0.5137384701389737
0.18 0 0.42 0.3897538542552395
0.18 0 0.43 0.5575601208589608
0.18 0 0.44 0.31589260514918593
0.18 0 0.45 0.4189739654171201
0.18 0 0.46 0.5039886668035524
0.18 0 0.47000000000000003 0.6454849067622376
0.18 0 0.48 1.305729358226079
0.18 0 0.49 1.1576074462449606
0.18 0 0.5 1.7507982348778883
0.19 0 0.0 0.35562347360194574
0.19 0 0.01 0.2454636443239384
0.19 0 0.02 0.4164129744973019
0.19 0 0.03 0.17953765118262974
0.19 0 0.04 0.2281172850716516
0.19 0 0.05 0.3337004257622863
0.19 0 0.06 0.2803620566252747
0.19 0 0.07 0.2618730467358995
0.19 0 0.08 0.4622850227662903
0.19 0 0.09 1.2911762161987648
0.19 0 0.1 3.1324262328839265
0.19 0 0.11 2.415916187305274
0.19 0 0.12 1.8935752800269123
0.19 0 0.13 2.305104392253664
0.19 0 0.14 2.931957134461902
0.19 0 0.15 3.053674841661862
0.19 0 0.16 2.0730668103645256
0.19 0 0.17 1.4930568356538174
0.19 0 0.18 1.803850847239355
0.19 0 0.19 1.7420946278428737
0.19 0 0.2 0.602088020542018
0.19 0 0.21 0.4612701792640861
0.19 0 0.22 0.39341206592684735
0.19 0 0.23 0.5365846479010864
0.19 0 0.24 1.3410412504548745
0.19 0 0.25 1.96829968723077
0.19 0 0.26 2.0717471058880004
0.19 0 0.27 1.5426994181948717
0.19 0 0.28 0.9486709984609459
0.19 0 0.29 0.32900791995291456
0.19 0 0.3 0.29055629950709544
0.19 0 0.31 0.6546124471447364
0.19 0 0.32 0.5589693070260386
0.19 0 0.33 0.5338842520014949
0.19 0 0.34 0.6310162518012883
0.19 0 0.35000000000000003 1.0101360094965108
0.19 0 0.36 0.5349749659841007
0.19 0 0.37 0.37597971899114385
0.19 0 0.38 0.40229647578571853
0.19 0 0.39 0.2337570130056264
0.19 0 0.4 0.34990479799991825
0.19 0 0.41000000000000003 0.2119877620154746
0.19 0 0.42 0.29847884564110555
0.19 0 0.43 0.3993899575036668
0.19 0 0.44 0.5228296896648212
0.19 0 0.45 0.28635041613915674
0.19 0 0.46 0.32537469293829274
0.19 0 0.47000000000000003 0.4163805025901945
0.19 0 0.48 0.23902308018625856
0.19 0 0.49 0.23170211781394298
0.19 0 0.5 0.37003910366784437
0.2 0 0.0 0.6845566796089656
0.2 0 0.01 1.0294773254162761
0.2 0 0.02 0.492405826005556
0.2 0 0.03 1.1675320683658101
0.2 0 0.04 0.8651400747569632
0.2 0 0.05 0.9328362729858672
0.2 0 0.06 0.9567342774092195
0.2 0 0.07 0.6623371196295645
0.2 0 0.08 1.4055030057229094
0.2 0 0.09 1.117168669458769
0.2 0 0.1 3.0437923487002316
0.2 0 0.11 4.046713956404027
0.2 0 0.12 3.21107324139776
0.2 0 0.13 4.22115578256556
0.2 0 0.14 5.064203029125534
0.2 0 0.15 6.535628337028784
0.2 0 0.16 5.306361851762393
0.2 0 0.17 2.8966212825065027
0.2 0 0.18 2.9393603977182567
0.2 0 0.19 2.816585796102304
0.2 0 0.2 1.4851318135026608
0.2 0 0.21 0.7561055510886626
0.2 0 0.22 0.6435951639583454
0.2 0 0.23 0.5321450013006814
0.2 0 0.24 0.8454650724084637
0.2 0 0.25 0.7444428704348904
0.2 0 0.26 2.1983743552775272
0.2 0 0.27 1.5154279626548177
0.2 0 0.28 0.8874168302505757
0.2 0 0.29 0.7750666351652892
0.2 0 0.3 0.4166066731778722
0.2 0 0.31 0.5623360956794661
0.2 0 0.32 0.4472945852291696
0.2 0 0.33 0.6253568973748989
0.2 0 0.34 0.25990898515064664
0.2 0 0.35000000000000003 0.49406237621024074
0.2 0 0.36 0.5536981601378499
0.2 0 0.37 0.6798121851286316
0.2 0 0.38 1.3933886150041832
0.2 0 0.39 1.3555183953379024
0.2 0 0.4 0.5385203879036351
0.2 0 0.41000000000000003 0.22533137144027843
0.2 0 0.42 0.2992861014211989
0.2 0 0.43 0.4759778305461205
0.2 0 0.44 0.47040113229914343
0.2 0 0.45 1.573324610606505
0.2 0 0.46 0.894330681411198
0.2 0 0.47000000000000003 0.852443273839957
0.2 0 0.48 0.4527016806444096
0.2 0 0.49 0.15657907343998406
0.2 0 0.5 0.2789560124861057
0.21 0 0.0 1.124298446278994
0.21 0 0.01 1.8141921990745618
0.21 0 0.02 1.8326248169476482
0.21 0 0.03 1.259468922509386
0.21 0 0.04 1.3880462755441134
0.21 0 0.05 0.5614618246851245
0.21 0 0.06 0.7263894172168416
0.21 0 0.07 0.381914556581743
0.21 0 0.08 0.6282210455128131
0.21 0 0.09 0.5344612031233572
0.21 0 0.1 1.834315190472086
0.21 0 0.11 2.2588953874631903
0.21 0 0.12 3.8660373163852655
0.21 0 0.13 5.253999569827621
0.21 0 0.14 9.014021314954414
0.21 0 0.15 8.066792229939853
0.21 0 0.16 7.359133775362366
0.21 0 0.17 3.8158644566819047
0.21 0 0.18 2.313425195313288
0.21 0 0.19 1.438717744107899
0.21 0 0.2 1.0817865397792572
0.21 0 0.21 1.0689302234311802
0.21 0 0.22 1.0682468146503599
0.21 0 0.23 1.1671825114835535
0.21 0 0.24 0.7978727854181105
0.21 0 0.25 1.535810325832567
0.21 0 0.26 0.9869748506323813
0.21 0 0.27 1.0419469551399032
0.21 0 0.28 0.3900278321658424
0.21 0 0.29 0.4586334022325714
0.21 0 0.3 0.6937725461520575
0.21 0 0.31 0.774205879375021
0.21 0 0.32 0.804717469131249
0.21 0 0.33 0.8671086040808641
0.21 0 0.34 1.0354939864812125
0.21 0 0.35000000000000003 0.7233391820406548
0.21 0 0.36 0.6009979397178252
0.21 0 0.37 1.601403542149916
0.21 0 0.38 1.9879810562488476
0.21 0 0.39 1.9372096389974334
0.21 0 0.4 1.2948772239854087
0.21 0 0.41000000000000003 0.5704104684141754
0.21 0 0.42 0.6334832101316572
0.21 0 0.43 0.5410759205288443
0.21 0 0.44 0.5642329813925095
0.21 0 0.45 0.4542746263648654
0.21 0 0.46 0.5158794963582992
0.21 0 0.47000000000000003 0.18943686650595898
0.21 0 0.48 0.14562260604356492
0.21 0 0.49 0.1725440396334794
0.21 0 0.5 0.49871189481893663
0.22 0 0.0 1.0122192546092377
0.22 0 0.01 1.6034425325306008
0.22 0 0.02 1.5264295842357107
0.22 0 0.03 1.217369177365445
0.22 0 0.04 0.6842622844227064
0.22 0 0.05 1.3137202644379302
0.22 0 0.06 1.0096208998889356
0.22 0 0.07 1.5636353593039864
0.22 0 0.08 1.1652793820062877
0.22 0 0.09 0.9726656412321539
0.22 0 0.1 1.6370544768863162
0.22 0 0.11 2.758854699643546
0.22 0 0.12 3.112209717722
0.22 0 0.13 4.142037124579468
0.22 0 0.14 5.847333437379516
0.22 0 0.15 9.728569754092597
0.22 0 0.16 4.839428986392143
0.22 0 0.17 3.080485641924982
0.22 0 0.18 2.9732281457793373
0.22 0 0.19 1.8518592722966039
0.22 0 0.2 1.7379481076913876
0.22 0 0.21 2.126648723665869
0.22 0 0.22 1.402153476564618
0.22 0 0.23 0.7344718721552103
0.22 0 0.24 0.4623976363759334
0.22 0 0.25 0.35951252478678086
0.22 0 0.26 0.5089970347664969
0.22 0 0.27 0.30904325778540953
0.22 0 0.28 0.299300109175781
0.22 0 0.29 0.2299871336396736
0.22 0 0.3 0.2925769875245133
0.22 0 0.31 0.45734789026249667
0.22 0 0.32 0.2500938191600526
0.22 0 0.33 0.37801295648493854
0.22 0 0.34 0.38916471435356903
0.22 0 0.35000000000000003 0.6199445424187402
0.22 0 0.36 0.9169213746406165
0.22 0 0.37 1.0945261366706165
0.22 0 0.38 1.3594256257807613
0.22 0 0.39 1.3110371531732843
0.22 0 0.4 2.5458087092249513
0.22 0 0.41000000000000003 1.1916165209483673
0.22 0 0.42 1.2157685838168657
0.22 0 0.43 1.0390091023212749
0.22 0 0.44 0.6248066159800467
0.22 0 0.45 1.253126594429516
0.22 0 0.46 0.5981031507234779
0.22 0 0.47000000000000003 0.821236670217851
0.22 0 0.48 0.27504738289123287
0.22 0 0.49 0.2489962359323848
0.22 0 0.5 0.222783912943466
0.23 0 0.0 1.2770191080261
0.23 0 0.01 1.5843174954999903
0.23 0 0.02 0.7684484347218931
0.23 0 0.03 0.637413968637802
0.23 0 0.04 0.45865513059672847
0.23 0 0.05 0.6513588208931513
0.23 0 0.06 1.002295466677484
0.23 0 0.07 0.6468373194980014
0.23 0 0.08 1.161443592674776
0.23 0 0.09 0.6908500886215329
0.23 0 0.1 1.5202427211722338
0.23 0 0.11 0.9936607691016117
0.23 0 0.12 2.0542850593677655
0.23 0 0.13 4.134208749941379
0.23 0 0.14 2.7681139763809206
0.23 0 0.15 2.72581817039838
0.23 0 0.16 2.9585913590046555
0.23 0 0.17 1.7023046305888752
0.23 0 0.18 1.9752174020536062
0.23 0 0.19 1.1554464852512545
0.23 0 0.2 2.0740386553826364
0.23 0 0.21 1.1991572741149827
0.23 0 0.22 2.5663008800625993
0.23 0 0.23 0.9843211075096587
0.23 0 0.24 0.9602196711421311
0.23 0 0.25 0.7839977416040178
0.23 0 0.26 0.7028617442752245
0.23 0 0.27 0.43967880367713136
0.23 0 0.28 0.138984180528145
0.23 0 0.29 0.2853231484302014
0.23 0 0.3 0.2231182086175651
0.23 0 0.31 0.5189007858548138
0.23 0 0.32 0.3769706170179407
0.23 0 0.33 0.1378371747545721
0.23 0 0.34 0.14360083981244456
0.23 0 0.35000000000000003 0.15024836036197867
0.23 0 0.36 0.26114147171614993
0.23 0 0.37 0.767235063595663
0.23 0 0.38 0.613776801808322
0.23 0 0.39 0.8347482437663745
0.23 0 0.4 0.9087199475265251
0.23 0 0.41000000000000003 1.1434699190018163
0.23 0 0.42 0.8674612154559642
0.23 0 0.43 0.6860122914520326
0.23 0 0.44 0.5432619292968921
0.23 0 0.45 0.3456781008214029
0.23 0 0.46 0.19710791732307192
0.23 0 0.47000000000000003 0.22591445403287155
0.23 0 0.48 0.2863845403255083
0.23 0 0.49 0.22138433873753932
0.23 0 0.5 0.22864690373657032
0.24 0 0.0 0.5265479636672413
0.24 0 0.01 0.9233407734982948
0.24 0 0.02 1.3866412313551337
0.24 0 0.03 0.9262893032352544
0.24 0 0.04 1.2829454573034131
0.24 0 0.05 1.5149138630184904
0.24 0 0.06 1.303261252651423
0.24 0 0.07 0.9781633581138741
0.24 0 0.08 1.008891691405223
0.24 0 0.09 1.0560484401771448
0.24 0 0.1 1.2495370383385969
0.24 0 0.11 1.9761764870438763
0.24 0 0.12 3.1635301046823736
0.24 0 0.13 5.666265064062752
0.24 0 0.14 5.141400302303718
0.24 0 0.15 2.5249698377290297
0.24 0 0.16 1.2815356097565473
0.24 0 0.17 1.7021840447639038
0.24 0 0.18 1.3668710545034486
0.24 0 0.19 1.3295866600340025
0.24 0 0.2 1.314804900748663
0.24 0 0.21 2.2529094559358036
0.24 0 0.22 1.8420011146033395
0.24 0 0.23 1.3325726166890006
0.24 0 0.24 0.7993962288692188
0.24 0 0.25 0.9331119746641551
0.24 0 0.26 0.9959828631332953
0.24 0 0.27 0.47050479548964635
0.24 0 0.28 0.273171353473721
0.24 0 0.29 0.2921371553542209
0.24 0 0.3 0.3714282291592634
0.24 0 0.31 0.3668521078107583
0.24 0 0.32 0.25276069549213803
0.24 0 0.33 0.26323419258038594
0.24 0 0.34 0.17444506133070697
0.24 0 0.35000000000000003 0.26991509507186817
0.24 0 0.36 0.18054608090798735
0.24 0 0.37 0.6017224236092448
0.24 0 0.38 1.317526215734243
0.24 0 0.39 0.7987398871669054
0.24 0 0.4 0.420638515325086
0.24 0 0.41000000000000003 0.19125106122657615
0.24 0 0.42 0.3434201393401356
0.24 0 0.43 0.2127409545302408
0.24 0 0.44 0.16271067336235065
0.24 0 0.45 0.1352184812857939
0.24 0 0.46 0.11418227753617403
0.24 0 0.47000000000000003 0.18471732683495456
0.24 0 0.48 0.16701131851420842
0.24 0 0.49 0.09021189313431041
0.24 0 0.5 0.06304804267446304
0.25 0 0.0 0.3907259458701294
0.25 0 0.01 0.6369754959872012
0.25 0 0.02 0.8664837489021111
0.25 0 0.03 1.5921255528719291
0.25 0 0.04 0.9416800392397123
0.25 0 0.05 1.6627096962573789
0.25 0 0.06 1.5933172987022919
0.25 0 0.07 2.6479468092586402
0.25 0 0.08 4.4673853416264055
0.25 0 0.09 2.7010995152854895
0.25 0 0.1 3.831434125528596
0.25 0 0.11 1.2470976447937954
0.25 0 0.12 1.988980018497013
0.25 0 0.13 1.751629794195625
0.25 0 0.14 1.9437393148542574
0.25 0 0.15 3.2219604973298424
0.25 0 0.16 2.16905338668571
0.25 0 0.17 2.626635573506427
0.25 0 0.18 1.6472628842998558
0.25 0 0.19 1.5981813196050598
0.25 0 0.2 2.3126756205986974
0.25 0 0.21 1.1403544537754065
0.25 0 0.22 1.464671656036257
0.25 0 0.23 0.7649688795126757
0.25 0 0.24 0.8649155407694147
0.25 0 0.25 0.5023425053610017
0.25 0 0.26 0.8201969777812353
0.25 0 0.27 0.6001369381755074
0.25 0 0.28 0.4178434319419027
0.25 0 0.29 0.6806562627085796
0.25 0 0.3 0.548029631771173
0.25 0 0.31 0.6808370833927321
0.25 0 0.32 0.4824910175414099
0.25 0 0.33 0.4801821038841622
0.25 0 0.34 0.5186726665530316
0.25 0 0.35000000000000003 0.1355167943577877
0.25 0 0.36 0.16471841185242755
0.25 0 0.37 0.20359064456738496
0.25 0 0.38 0.5755169283858406
0.25 0 0.39 1.2054014497501988
0.25 0 0.4 0.49387052788301755
0.25 0 0.41000000000000003 0.2947444488918237
0.25 0 0.42 0.1907694765554526
0.25 0 0.43 0.18901393234892022
0.25 0 0.44 0.08448345710764037
0.25 0 0.45 0.0905596566729495
0.25 0 0.46 0.09592516975545799
0.25 0 0.47000000000000003 0.09426632966056861
0.25 0 0.48 0.13960326370621298
0.25 0 0.49 0.22644411771047798
0.25 0 0.5 0.2251382269083368
0.26 0 0.0 2.181378999042705
0.26 0 0.01 4.577376343594776
0.26 0 0.02 2.776368378135292
0.26 0 0.03 2.0236461526984297
0.26 0 0.04 2.535664564645866
0.26 0 0.05 3.5008797251238897
0.26 0 0.06 4.152483257540509
0.26 0 0.07 4.1517705863043
0.26 0 0.08 3.6914246783318374
0.26 0 0.09 5.362661929328671
0.26 0 0.1 3.378703774268397
0.26 0 0.11 3.0521356550504883
0.26 0 0.12 1.724727866339718
0.26 0 0.13 1.043375099238601
0.26 0 0.14 0.6714482721650521
0.26 0 0.15 0.44585710922235205
0.26 0 0.16 0.9389040498709043
0.26 0 0.17 1.517158480319182
0.26 0 0.18 3.33356447510058
0.26 0 0.19 1.1504124454941875
0.26 0 0.2 1.2041938689167115
0.26 0 0.21 0.8416541251624998
0.26 0 0.22 0.598633485616869
0.26 0 0.23 0.7787763410708215
0.26 0 0.24 1.2971517453110553
0.26 0 0.25 0.9989200201071723
0.26 0 0.26 0.691679796149132
0.26 0 0.27 0.6184504856263404
0.26 0 0.28 0.5404573916987947
0.26 0 0.29 0.5453406656517451
0.26 0 0.3 0.583742603335626
0.26 0 0.31 1.216852016058056
0.26 0 0.32 1.2874265807680203
0.26 0 0.33 1.031178259398116
0.26 0 0.34 0.7995694518599784
0.26 0 0.35000000000000003 0.4490352635439873
0.26 0 0.36 0.42173855771067165
0.26 0 0.37 0.6994298218506966
0.26 0 0.38 0.3923305712952428
0.26 0 0.39 0.6260512589032611
0.26 0 0.4 0.7354521553285324
0.26 0 0.41000000000000003 0.7408640424691902
0.26 0 0.42 0.455537361757184
0.26 0 0.43 0.3137402658771067
0.26 0 0.44 0.16816458105483895
0.26 0 0.45 0.2606741574620066
0.26 0 0.46 0.17075173839442417
0.26 0 0.47000000000000003 0.14195207361610873
0.26 0 0.48 0.08055617459376269
0.26 0 0.49 0.1463814899872832
0.26 0 0.5 0.3135550488356176
0.27 0 0.0 1.6863428538550096
0.27 0 0.01 2.319911822046414
0.27 0 0.02 3.9839665268271767
0.27 0 0.03 2.404048666894666
0.27 0 0.04 2.6114320390675596
0.27 0 0.05 5.048355587843026
0.27 0 0.06 5.947463541351093
0.27 0 0.07 6.031901861827365
0.27 0 0.08 4.4527742197725555
0.27 0 0.09 4.376786255453955
0.27 0 0.1 2.060616731176642
0.27 0 0.11 0.6247095443300457
0.27 0 0.12 1.5604228642260207
0.27 0 0.13 1.569988553871812
0.27 0 0.14 1.1559182196649078
0.27 0 0.15 0.9203904937988286
0.27 0 0.16 0.701449530704578
0.27 0 0.17 1.9382209031855242
0.27 0 0.18 2.4930150970393825
0.27 0 0.19 2.0168376948490185
0.27 0 0.2 0.8587942572479635
0.27 0 0.21 0.6717381792431913
0.27 0 0.22 1.1289060732881848
0.27 0 0.23 0.6109706110882606
0.27 0 0.24 0.6406587907475936
0.27 0 0.25 0.5600107724278232
0.27 0 0.26 0.8095202718256597
0.27 0 0.27 0.5484761626369014
0.27 0 0.28 0.439062134436908
0.27 0 0.29 0.47574842871546774
0.27 0 0.3 0.29148908005879975
0.27 0 0.31 1.6258554656592152
0.27 0 0.32 1.1313922875193483
0.27 0 0.33 0.5856686579902067
0.27 0 0.34 0.4486439341599107
0.27 0 0.35000000000000003 0.6527375945707059
0.27 0 0.36 0.9643817591938166
0.27 0 0.37 0.9830621300716397
0.27 0 0.38 1.3404662102311469
0.27 0 0.39 0.5252426099026538
0.27 0 0.4 0.5283247957747774
0.27 0 0.41000000000000003 0.34773665301945694
0.27 0 0.42 0.2891539835811627
0.27 0 0.43 0.3189024260306415
0.27 0 0.44 0.2747225169777046
0.27 0 0.45 0.20835373358297524
0.27 0 0.46 0.22068711916377923
0.27 0 0.47000000000000003 0.5092210205523429
0.27 0 0.48 0.5365047625735986
0.27 0 0.49 0.3426509556159176
0.27 0 0.5 0.44103841623499124
0.28 0 0.0 4.749735834694687
0.28 0 0.01 7.056745981614674
0.28 0 0.02 2.748413582162593
0.28 0 0.03 3.0248431623542644
0.28 0 0.04 4.992615554874795
0.28 0 0.05 4.130356516873574
0.28 0 0.06 6.13971441889901
0.28 0 0.07 8.41136316733838
0.28 0 0.08 6.306600440079716
0.28 0 0.09 3.1334899977439807
0.28 0 0.1 1.5402072880571964
0.28 0 0.11 1.1032371924983553
0.28 0 0.12 0.7148052120149622
0.28 0 0.13 2.1219610278147214
0.28 0 0.14 0.8391114006240589
0.28 0 0.15 0.5616366039874902
0.28 0 0.16 0.5426932094392646
0.28 0 0.17 0.9872858944531835
0.28 0 0.18 1.4081292466858817
0.28 0 0.19 0.8258552826326377
0.28 0 0.2 0.8324941018315548
0.28 0 0.21 0.30508503396521924
0.28 0 0.22 0.259475675267441
0.28 0 0.23 0.316429662793064
0.28 0 0.24 0.34406511294439673
0.28 0 0.25 0.24525874207122983
0.28 0 0.26 0.5343408109439952
0.28 0 0.27 0.32172448050168095
0.28 0 0.28 0.3694558072722718
0.28 0 0.29 0.4346997381745681
0.28 0 0.3 0.5630566052398245
0.28 0 0.31 1.1271344569096053
0.28 0 0.32 1.8468246823746604
0.28 0 0.33 1.0889351945790948
0.28 0 0.34 0.7205474180583746
0.28 0 0.35000000000000003 0.6662952053431441
0.28 0 0.36 1.2176053125215867
0.28 0 0.37 0.784018252908454
0.28 0 0.38 1.1971062537226667
0.28 0 0.39 1.2327604734559106
0.28 0 0.4 0.39161190136632595
0.28 0 0.41000000000000003 0.1810994637012771
0.28 0 0.42 0.23431108833171965
0.28 0 0.43 0.6108922537436249
0.28 0 0.44 0.3836403617846834
0.28 0 0.45 0.31635306807097596
0.28 0 0.46 0.16639333322611338
0.28 0 0.47000000000000003 0.2951417674898589
0.28 0 0.48 0.42493888028808074
0.28 0 0.49 0.44269415604457574
0.28 0 0.5 0.39103262818415024
0.29 0 0.0 1.9399741833983724
0.29 0 0.01 3.02432939119021
0.29 0 0.02 3.206695718143869
0.29 0 0.03 4.214437608197155
0.29 0 0.04 5.512205917457949
0.29 0 0.05 4.490339357874025
0.29 0 0.06 2.9466265025048246
0.29 0 0.07 3.0961153860315567
0.29 0 0.08 2.75262472299583
0.29 0 0.09 1.6534691991481951
0.29 0 0.1 0.990204367545219
0.29 0 0.11 1.092581202692037
0.29 0 0.12 1.2901819253523807
0.29 0 0.13 0.8246693955193919
0.29 0 0.14 1.5365848201003054
0.29 0 0.15 0.9061204645872669
0.29 0 0.16 0.6377618988464108
0.29 0 0.17 0.5987056116894466
0.29 0 0.18 0.8022530730545081
0.29 0 0.19 0.8000184849764193
0.29 0 0.2 0.9074324646020872
0.29 0 0.21 0.7361629326419211
0.29 0 0.22 0.3715230843565773
0.29 0 0.23 0.2834868582962134
0.29 0 0.24 0.5000167788018912
0.29 0 0.25 0.535838805501456
0.29 0 0.26 0.8345938407678872
0.29 0 0.27 0.605935180779958
0.29 0 0.28 0.663998424213987
0.29 0 0.29 1.42182241235761
0.29 0 0.3 2.002555468620403
0.29 0 0.31 1.509686396917179
0.29 0 0.32 0.8298118430486441
0.29 0 0.33 1.7014634949704028
0.29 0 0.34 1.392788270867405
0.29 0 0.35000000000000003 0.8707593534533408
0.29 0 0.36 0.35693091311112324
0.29 0 0.37 0.4884845285485626
0.29 0 0.38 0.39863785546476765
0.29 0 0.39 0.4040161377092324
0.29 0 0.4 0.18908590956921928
0.29 0 0.41000000000000003 0.16048349093959233
0.29 0 0.42 0.24477250170894685
0.29 0 0.43 0.45850555302282736
0.29 0 0.44 0.35006202847653245
0.29 0 0.45 0.34747770657171306
0.29 0 0.46 0.38138810040189736
0.29 0 0.47000000000000003 0.53303908456395
0.29 0 0.48 0.4479201274899939
0.29 0 0.49 0.7720637959858465
0.29 0 0.5 2.16430042663223
0.3 0 0.0 1.7065924068503624
0.3 0 0.01 2.6308901904843123
0.3 0 0.02 1.98806157419292
0.3 0 0.03 3.320294214879302
0.3 0 0.04 2.8320986362143143
0.3 0 0.05 3.1972382376127655
0.3 0 0.06 5.201154919114377
0.3 0 0.07 3.321616232882998
0.3 0 0.08 2.0852765625972824
0.3 0 0.09 2.350352151854253
0.3 0 0.1 2.1358016631439716
0.3 0 0.11 2.7815383557770605
0.3 0 0.12 2.116255252436253
0.3 0 0.13 1.0055341256809034
0.3 0 0.14 0.7391886590188433
0.3 0 0.15 1.5439672078128894
0.3 0 0.16 0.6642728648878428
0.3 0 0.17 0.5406528412635639
0.3 0 0.18 0.8763066131423468
0.3 0 0.19 0.5425927406136777
0.3 0 0.2 0.40440348045176516
0.3 0 0.21 0.2875639728635084
0.3 0 0.22 0.3750490865962178
0.3 0 0.23 0.35973019010329726
0.3 0 0.24 0.37173847243518726
0.3 0 0.25 0.5467474996388286
0.3 0 0.26 0.6143578675836637
0.3 0 0.27 0.6258966469339963
0.3 0 0.28 1.0435239770383988
0.3 0 0.29 1.5346091969458913
0.3 0 0.3 3.35434785776027
0.3 0 0.31 3.241495351421635
0.3 0 0.32 0.895847730947591
0.3 0 0.33 0.5722651213488344
0.3 0 0.34 0.8033501480330681
0.3 0 0.35000000000000003 0.46921656804434725
0.3 0 0.36 0.4366896684448141
0.3 0 0.37 0.2513141558599679
0.3 0 0.38 0.797247173676012
0.3 0 0.39 0.4953025080550785
0.3 0 0.4 0.8345846427686506
0.3 0 0.41000000000000003 0.9069472862520928
0.3 0 0.42 0.7481890057680657
0.3 0 0.43 0.5693254801718425
0.3 0 0.44 0.2785976550545874
0.3 0 0.45 0.4583015428585334
0.3 0 0.46 0.4402480622862608
0.3 0 0.47000000000000003 1.0677254013216002
0.3 0 0.48 1.1440034200747715
0.3 0 0.49 1.7171201503610063
0.3 0 0.5 3.5177027205571654
#STOP
