#MEDIUM_PROPERTIES_DISTRIBUTED
$MSH_TYPE
	 GROUNDWATER_FLOW	
$MMP_TYPE
	 PERMEABILITY	
$DIS_TYPE
	 NEAREST_VALUE	
;hj
$CONVERSION_FACTOR
2e-8;2e-6;2e-13
$DATA
0.0 0 0.0 3.4106946191241296
0.0 0 0.01 2.684256502656592
0.0 0 0.02 2.014301611794818
0.0 0 0.03 1.922195616726994
0.0 0 0.04 1.3246357425557527
0.0 0 0.05 2.2235493104628956
0.0 0 0.06 3.417189922898439
0.0 0 0.07 6.407343468537103
0.0 0 0.08 7.929563662182629
0.0 0 0.09 7.90646979293266
0.0 0 0.1 7.059620927405942
0.0 0 0.11 5.366328462925096
0.0 0 0.12 9.050383156804662
0.0 0 0.13 6.7323750290604565
0.0 0 0.14 4.3273087628546705
0.0 0 0.15 3.0630802158276245
0.0 0 0.16 2.191963618002033
0.0 0 0.17 1.7105165627607115
0.0 0 0.18 2.1037534187349243
0.0 0 0.19 2.3003432956971976
0.0 0 0.2 3.1671832465085266
0.0 0 0.21 3.527044005582643
0.0 0 0.22 5.574282794718351
0.0 0 0.23 3.697983405609021
0.0 0 0.24 2.67263184033268
0.0 0 0.25 2.049005024199843
0.0 0 0.26 1.877986669374475
0.0 0 0.27 1.738508673495471
0.0 0 0.28 2.4212998701672155
0.0 0 0.29 1.698091789787633
0.0 0 0.3 2.6009383152899725
0.0 0 0.31 2.2938540566520307
0.0 0 0.32 2.1880791908281547
0.0 0 0.33 1.0836742156217505
0.0 0 0.34 0.7023883835055172
0.0 0 0.35000000000000003 0.588593524782324
0.0 0 0.36 0.5323347667790429
0.0 0 0.37 0.896548938296476
0.0 0 0.38 1.1822362081738493
0.0 0 0.39 1.4095473024201632
0.0 0 0.4 2.1778144856009156
0.0 0 0.41000000000000003 3.106609522097132
0.0 0 0.42 2.634391997930982
0.0 0 0.43 2.8044406076242003
0.0 0 0.44 1.89749768152293
0.0 0 0.45 1.6181362046799004
0.0 0 0.46 0.9767728293001302
0.0 0 0.47000000000000003 0.9993767603645813
0.0 0 0.48 0.8392054335844499
0.0 0 0.49 0.7304093305404632
0.0 0 0.5 0.6959810140964683
0.01 0 0.0 0.9710728875636782
0.01 0 0.01 0.7019639082531655
0.01 0 0.02 0.8693967935590173
0.01 0 0.03 0.686514432742992
0.01 0 0.04 1.4227112682688026
0.01 0 0.05 2.4481139858117387
0.01 0 0.06 3.1034014656345086
0.01 0 0.07 3.187754240999808
0.01 0 0.08 3.165678805011214
0.01 0 0.09 2.762809335134664
0.01 0 0.1 3.579374930125204
0.01 0 0.11 4.504526497784272
0.01 0 0.12 6.999468247693308
0.01 0 0.13 4.829286831364978
0.01 0 0.14 6.665688499787627
0.01 0 0.15 5.650255849081473
0.01 0 0.16 4.478233656755976
0.01 0 0.17 4.8394447425829465
0.01 0 0.18 6.8686523849738474
0.01 0 0.19 8.813490567534148
0.01 0 0.2 11.955648777158908
0.01 0 0.21 12.171127123542636
0.01 0 0.22 9.905255881959047
0.01 0 0.23 6.787311864336262
0.01 0 0.24 4.508529123224041
0.01 0 0.25 4.850735063000127
0.01 0 0.26 3.8537788613065063
0.01 0 0.27 5.56619232331289
0.01 0 0.28 3.195253760741158
0.01 0 0.29 3.432542803061486
0.01 0 0.3 3.2877709039407788
0.01 0 0.31 2.6417552774687287
0.01 0 0.32 1.8956305049652138
0.01 0 0.33 1.7491385859163229
0.01 0 0.34 1.1946047654249223
0.01 0 0.35000000000000003 1.0695086842553474
0.01 0 0.36 0.937576555148332
0.01 0 0.37 1.3413423104869207
0.01 0 0.38 1.1475699362138208
0.01 0 0.39 1.6996905201617503
0.01 0 0.4 2.105289945603264
0.01 0 0.41000000000000003 1.9101128748687906
0.01 0 0.42 1.7650956527950863
0.01 0 0.43 2.0720455691400783
0.01 0 0.44 1.5974332518174041
0.01 0 0.45 1.9515867162846123
0.01 0 0.46 1.7043581603373177
0.01 0 0.47000000000000003 1.9011205180278201
0.01 0 0.48 1.701666613809023
0.01 0 0.49 1.3255892833018226
0.01 0 0.5 1.0224147036320121
0.02 0 0.0 0.78303782943747
0.02 0 0.01 0.8620273440826285
0.02 0 0.02 1.19532378695341
0.02 0 0.03 1.35563286061956
0.02 0 0.04 2.0380644541263164
0.02 0 0.05 2.088213844471948
0.02 0 0.06 3.036413952560414
0.02 0 0.07 6.890117279053873
0.02 0 0.08 7.17646038505715
0.02 0 0.09 9.034533541280922
0.02 0 0.1 5.583272558908394
0.02 0 0.11 4.677550406526721
0.02 0 0.12 3.1428842765899394
0.02 0 0.13 3.8076060996521996
0.02 0 0.14 2.747749984517051
0.02 0 0.15 2.1992386839586344
0.02 0 0.16 2.559559367957239
0.02 0 0.17 6.927741388186039
0.02 0 0.18 6.321639696196277
0.02 0 0.19 6.089638209847033
0.02 0 0.2 3.8118744481264093
0.02 0 0.21 3.245854168120354
0.02 0 0.22 4.0192113887894845
0.02 0 0.23 4.8342016644367
0.02 0 0.24 4.809438071733761
0.02 0 0.25 3.970385882465679
0.02 0 0.26 2.752995306180908
0.02 0 0.27 2.061224845748276
0.02 0 0.28 1.169412795151082
0.02 0 0.29 1.239144224605424
0.02 0 0.3 0.9898117461550925
0.02 0 0.31 1.1070822444271429
0.02 0 0.32 2.0829430959307143
0.02 0 0.33 2.171386559284485
0.02 0 0.34 2.1187818557728137
0.02 0 0.35000000000000003 1.9186342422300866
0.02 0 0.36 1.7831956145954988
0.02 0 0.37 1.1224608098336795
0.02 0 0.38 1.1582745768066778
0.02 0 0.39 1.1964814657016285
0.02 0 0.4 1.267157298564609
0.02 0 0.41000000000000003 0.7038906124906019
0.02 0 0.42 0.9604458883101511
0.02 0 0.43 0.5959587534103243
0.02 0 0.44 0.6978614770762903
0.02 0 0.45 0.6567346781187241
0.02 0 0.46 0.7504266802596622
0.02 0 0.47000000000000003 0.8731658556047981
0.02 0 0.48 0.9037320330232727
0.02 0 0.49 0.7097148461417155
0.02 0 0.5 0.6064570030268308
0.03 0 0.0 0.6734841809844576
0.03 0 0.01 0.9614941415838806
0.03 0 0.02 0.779505416718658
0.03 0 0.03 0.9444594305874215
0.03 0 0.04 0.980401588141896
0.03 0 0.05 1.2830907952390957
0.03 0 0.06 2.4227748208532587
0.03 0 0.07 2.8477110369228607
0.03 0 0.08 2.4651029517623275
0.03 0 0.09 2.913653842302323
0.03 0 0.1 2.486298859547007
0.03 0 0.11 2.257285179899908
0.03 0 0.12 2.254047849969186
0.03 0 0.13 1.7100665335554934
0.03 0 0.14 1.5174774045777488
0.03 0 0.15 1.7693068920991841
0.03 0 0.16 2.9632485826213077
0.03 0 0.17 2.4005347297884323
0.03 0 0.18 1.5448911129356682
0.03 0 0.19 1.2436049230710364
0.03 0 0.2 0.9001035879638076
0.03 0 0.21 0.7502394839437355
0.03 0 0.22 1.0186856953922894
0.03 0 0.23 0.7658675117498542
0.03 0 0.24 1.111618362640242
0.03 0 0.25 0.8348496906039076
0.03 0 0.26 0.9131804553260973
0.03 0 0.27 0.5122017738431605
0.03 0 0.28 0.46186105023398205
0.03 0 0.29 0.3368870138983791
0.03 0 0.3 0.3316100331476694
0.03 0 0.31 0.3918900817245509
0.03 0 0.32 0.5651517062084875
0.03 0 0.33 0.5260939093428195
0.03 0 0.34 0.890021752197916
0.03 0 0.35000000000000003 1.0292245265426536
0.03 0 0.36 0.9454537929829878
0.03 0 0.37 1.0434968153732171
0.03 0 0.38 0.8748974430891279
0.03 0 0.39 0.7512818413587096
0.03 0 0.4 0.5635765424542952
0.03 0 0.41000000000000003 0.675946499662265
0.03 0 0.42 0.6616707424611826
0.03 0 0.43 0.44578393100208064
0.03 0 0.44 0.3861112571338103
0.03 0 0.45 0.3086902727473131
0.03 0 0.46 0.2943470514519023
0.03 0 0.47000000000000003 0.42844459842051036
0.03 0 0.48 0.3861634266001439
0.03 0 0.49 0.6133974598036408
0.03 0 0.5 0.6347163495048624
0.04 0 0.0 0.8297233167604514
0.04 0 0.01 0.9808405430924768
0.04 0 0.02 1.2928983611463267
0.04 0 0.03 1.4225199681697267
0.04 0 0.04 1.7575057689178184
0.04 0 0.05 1.7737283510156554
0.04 0 0.06 2.1496120223416653
0.04 0 0.07 1.385914431310816
0.04 0 0.08 1.905315414277052
0.04 0 0.09 1.5448705860457748
0.04 0 0.1 1.1434074259959275
0.04 0 0.11 0.8744279243449491
0.04 0 0.12 0.9831579913947319
0.04 0 0.13 0.7524456118511234
0.04 0 0.14 1.07452178574968
0.04 0 0.15 0.9212741509538553
0.04 0 0.16 1.0862629904599188
0.04 0 0.17 0.8911565994032338
0.04 0 0.18 1.0726351843236266
0.04 0 0.19 0.9745179906862296
0.04 0 0.2 0.5859906894160705
0.04 0 0.21 0.5610466080532106
0.04 0 0.22 0.4211741264347618
0.04 0 0.23 0.5004324144692248
0.04 0 0.24 0.47853999202988373
0.04 0 0.25 0.3100790301744369
0.04 0 0.26 0.2174012848019751
0.04 0 0.27 0.24195911212830243
0.04 0 0.28 0.21263816406495814
0.04 0 0.29 0.2142650044722701
0.04 0 0.3 0.172650972154877
0.04 0 0.31 0.22566370437305985
0.04 0 0.32 0.22595136130032625
0.04 0 0.33 0.3924121875668857
0.04 0 0.34 0.5648064599394721
0.04 0 0.35000000000000003 0.5496093412029648
0.04 0 0.36 0.484004708090052
0.04 0 0.37 0.48050257950322683
0.04 0 0.38 0.24743564448807195
0.04 0 0.39 0.3089984981905304
0.04 0 0.4 0.27676164696343436
0.04 0 0.41000000000000003 0.3725727815068272
0.04 0 0.42 0.2405587252096627
0.04 0 0.43 0.2313348454184795
0.04 0 0.44 0.22187669391551898
0.04 0 0.45 0.26663385807706924
0.04 0 0.46 0.40885969799986105
0.04 0 0.47000000000000003 0.4387197434209995
0.04 0 0.48 0.4613615765019709
0.04 0 0.49 0.7365503508809667
0.04 0 0.5 0.8017801041345426
0.05 0 0.0 0.4421184798031826
0.05 0 0.01 0.5352231539088551
0.05 0 0.02 0.4957605319986646
0.05 0 0.03 0.4882438053693969
0.05 0 0.04 0.44201322236231544
0.05 0 0.05 0.4000092126567247
0.05 0 0.06 0.37327951846030144
0.05 0 0.07 0.4695073558822499
0.05 0 0.08 0.47342231212490116
0.05 0 0.09 0.4875897046043109
0.05 0 0.1 0.48194449287275687
0.05 0 0.11 0.706402231233235
0.05 0 0.12 0.34795555181643467
0.05 0 0.13 0.3747165114345263
0.05 0 0.14 0.377587028270292
0.05 0 0.15 0.4639807710127444
0.05 0 0.16 0.4830152327955212
0.05 0 0.17 0.481627448789987
0.05 0 0.18 0.4385652902946376
0.05 0 0.19 0.4927069240409798
0.05 0 0.2 0.5046028650182538
0.05 0 0.21 0.619589028386129
0.05 0 0.22 0.3730173974766682
0.05 0 0.23 0.33146600251713926
0.05 0 0.24 0.17582510665425846
0.05 0 0.25 0.1712764757313915
0.05 0 0.26 0.23228275992530295
0.05 0 0.27 0.23970714398197734
0.05 0 0.28 0.16578735499902153
0.05 0 0.29 0.16841841455644077
0.05 0 0.3 0.1270038742770335
0.05 0 0.31 0.11032652254137373
0.05 0 0.32 0.110292961172005
0.05 0 0.33 0.15047815360044905
0.05 0 0.34 0.2005931400295616
0.05 0 0.35000000000000003 0.22117015535322093
0.05 0 0.36 0.45337854036468045
0.05 0 0.37 0.30376767607994326
0.05 0 0.38 0.315707546047343
0.05 0 0.39 0.31073039583973733
0.05 0 0.4 0.39283157505037897
0.05 0 0.41000000000000003 0.3677216573043402
0.05 0 0.42 0.3372081821930549
0.05 0 0.43 0.23918190739599118
0.05 0 0.44 0.2773927221968972
0.05 0 0.45 0.30686908212844566
0.05 0 0.46 0.49884386276943965
0.05 0 0.47000000000000003 0.48831232237082545
0.05 0 0.48 0.7018724105823084
0.05 0 0.49 0.6111112203463399
0.05 0 0.5 0.42286104925600243
0.06 0 0.0 0.4084579961031862
0.06 0 0.01 0.36437325300707785
0.06 0 0.02 0.2546203738665531
0.06 0 0.03 0.36846268081795736
0.06 0 0.04 0.31340449635230094
0.06 0 0.05 0.3175343396043414
0.06 0 0.06 0.2776105236681715
0.06 0 0.07 0.2102762071996342
0.06 0 0.08 0.1797948218146177
0.06 0 0.09 0.2261813132190989
0.06 0 0.1 0.2665861446304609
0.06 0 0.11 0.20958958468821481
0.06 0 0.12 0.16921776863822058
0.06 0 0.13 0.35450357380479186
0.06 0 0.14 0.4590085190211345
0.06 0 0.15 0.621068442840961
0.06 0 0.16 0.7204261036204727
0.06 0 0.17 0.501651115975183
0.06 0 0.18 0.5238782957455621
0.06 0 0.19 0.4798870776349997
0.06 0 0.2 0.6544073242342178
0.06 0 0.21 0.55419887001024
0.06 0 0.22 0.6434487468264172
0.06 0 0.23 0.5489038498115326
0.06 0 0.24 0.5606290135694849
0.06 0 0.25 0.4142623863745874
0.06 0 0.26 0.392884650075622
0.06 0 0.27 0.2000197253409603
0.06 0 0.28 0.2947903528592622
0.06 0 0.29 0.2584734706768472
0.06 0 0.3 0.24094872497832567
0.06 0 0.31 0.24369150105724574
0.06 0 0.32 0.2759161345516911
0.06 0 0.33 0.3043051614291042
0.06 0 0.34 0.3600614159788419
0.06 0 0.35000000000000003 0.44157208983655744
0.06 0 0.36 0.4229332801660896
0.06 0 0.37 0.2688176734981546
0.06 0 0.38 0.3931960442686322
0.06 0 0.39 0.4564555202691781
0.06 0 0.4 0.5035506536778099
0.06 0 0.41000000000000003 0.47495969943017474
0.06 0 0.42 0.34556818493512326
0.06 0 0.43 0.362636518482183
0.06 0 0.44 0.4648025675300794
0.06 0 0.45 0.6914495055358791
0.06 0 0.46 0.9881123241354018
0.06 0 0.47000000000000003 1.2627459394723437
0.06 0 0.48 1.0171894310628213
0.06 0 0.49 0.9393201274386892
0.06 0 0.5 0.764114855802292
0.07 0 0.0 0.4488235171224653
0.07 0 0.01 0.293758305492792
0.07 0 0.02 0.37783445232870927
0.07 0 0.03 0.37954980506797875
0.07 0 0.04 0.2706188929455213
0.07 0 0.05 0.20490274763278496
0.07 0 0.06 0.19375246948672314
0.07 0 0.07 0.12961949579969206
0.07 0 0.08 0.2040800732663952
0.07 0 0.09 0.18392505293218386
0.07 0 0.1 0.29426638943884126
0.07 0 0.11 0.281569348503822
0.07 0 0.12 0.5263879364078619
0.07 0 0.13 0.5218495861243522
0.07 0 0.14 0.5368063903605508
0.07 0 0.15 0.6653978462197219
0.07 0 0.16 0.6697070356712076
0.07 0 0.17 0.4721497399037571
0.07 0 0.18 0.4041092655533522
0.07 0 0.19 0.29607279264923997
0.07 0 0.2 0.36286125133712205
0.07 0 0.21 0.5301918647265897
0.07 0 0.22 0.631888496718681
0.07 0 0.23 0.821875708550592
0.07 0 0.24 0.9928082515911654
0.07 0 0.25 1.4046429628700534
0.07 0 0.26 1.209107992258566
0.07 0 0.27 0.9972479870961193
0.07 0 0.28 0.8370630281138562
0.07 0 0.29 0.5853918448091857
0.07 0 0.3 0.6920363956554686
0.07 0 0.31 0.9573938453250487
0.07 0 0.32 0.727720691921493
0.07 0 0.33 0.9764083909492687
0.07 0 0.34 0.7811725383085822
0.07 0 0.35000000000000003 0.9075099798974311
0.07 0 0.36 0.6765857821408358
0.07 0 0.37 1.1051352844859195
0.07 0 0.38 1.1756463762842528
0.07 0 0.39 1.2301814251300107
0.07 0 0.4 1.0368142119812274
0.07 0 0.41000000000000003 1.1664479267074135
0.07 0 0.42 0.9172135577354216
0.07 0 0.43 1.3497027465535902
0.07 0 0.44 0.994000265350832
0.07 0 0.45 0.7988010640013741
0.07 0 0.46 0.7454951033264957
0.07 0 0.47000000000000003 0.5869454217213235
0.07 0 0.48 0.5519507247305483
0.07 0 0.49 0.5001567622596695
0.07 0 0.5 0.6419644614321705
0.08 0 0.0 0.7594889667057909
0.08 0 0.01 0.7547848286588823
0.08 0 0.02 0.6346237440045265
0.08 0 0.03 0.33001252827693484
0.08 0 0.04 0.23042620630407093
0.08 0 0.05 0.26365539985495956
0.08 0 0.06 0.1601442114804196
0.08 0 0.07 0.1745712202899018
0.08 0 0.08 0.15947565651422443
0.08 0 0.09 0.15348913974383807
0.08 0 0.1 0.16027503231237833
0.08 0 0.11 0.15996028599980297
0.08 0 0.12 0.11853490272340383
0.08 0 0.13 0.10142413606935927
0.08 0 0.14 0.11520343989050978
0.08 0 0.15 0.21991538937956825
0.08 0 0.16 0.22074496232032478
0.08 0 0.17 0.26452573505523824
0.08 0 0.18 0.18225541299864612
0.08 0 0.19 0.18952915035198778
0.08 0 0.2 0.2266809746923357
0.08 0 0.21 0.24871896668770674
0.08 0 0.22 0.2050434720224005
0.08 0 0.23 0.39210836340186594
0.08 0 0.24 0.3905142019035455
0.08 0 0.25 0.47772865887209065
0.08 0 0.26 0.31368154804206244
0.08 0 0.27 0.3369142819180163
0.08 0 0.28 0.28186188549008356
0.08 0 0.29 0.3724906026410072
0.08 0 0.3 0.7411628720748203
0.08 0 0.31 0.7628925891364318
0.08 0 0.32 0.8959687009885915
0.08 0 0.33 0.9730253909235091
0.08 0 0.34 0.7583441302507457
0.08 0 0.35000000000000003 0.5731730278867222
0.08 0 0.36 0.7038616924743233
0.08 0 0.37 0.9028641623633575
0.08 0 0.38 1.4167415348738777
0.08 0 0.39 1.3737719195057205
0.08 0 0.4 1.635077533152067
0.08 0 0.41000000000000003 1.2898557450554886
0.08 0 0.42 1.7566288382254487
0.08 0 0.43 1.9759254832000273
0.08 0 0.44 1.7874630092674162
0.08 0 0.45 1.92094815773172
0.08 0 0.46 1.9467529284896588
0.08 0 0.47000000000000003 1.1245129183587543
0.08 0 0.48 1.3016952370889976
0.08 0 0.49 1.0780845398984968
0.08 0 0.5 1.6198183871741987
0.09 0 0.0 0.5124195158907136
0.09 0 0.01 0.40421537883992437
0.09 0 0.02 0.267426563809947
0.09 0 0.03 0.22929225581722343
0.09 0 0.04 0.17234844140828168
0.09 0 0.05 0.1323064417071958
0.09 0 0.06 0.10094288868013246
0.09 0 0.07 0.17545826781740026
0.09 0 0.08 0.1118780394136583
0.09 0 0.09 0.10773661581099038
0.09 0 0.1 0.1013826626945
0.09 0 0.11 0.10120999998556215
0.09 0 0.12 0.10999125277920403
0.09 0 0.13 0.15609727817481658
0.09 0 0.14 0.1947376877725902
0.09 0 0.15 0.1957963823768125
0.09 0 0.16 0.17384391680888983
0.09 0 0.17 0.15639091258474924
0.09 0 0.18 0.1401640056504244
0.09 0 0.19 0.12268673654171998
0.09 0 0.2 0.16935097183296074
0.09 0 0.21 0.14965667843041217
0.09 0 0.22 0.34509000393014555
0.09 0 0.23 0.36143197838049723
0.09 0 0.24 0.3820846518239352
0.09 0 0.25 0.3810766461825342
0.09 0 0.26 0.4188892057206655
0.09 0 0.27 0.3501204599644623
0.09 0 0.28 0.3869905504277542
0.09 0 0.29 0.5114681529801822
0.09 0 0.3 0.8265397611368607
0.09 0 0.31 0.9019890160247026
0.09 0 0.32 1.8919031596182507
0.09 0 0.33 1.8410456402949427
0.09 0 0.34 1.7694781451228718
0.09 0 0.35000000000000003 1.8849717537610091
0.09 0 0.36 2.340204482974942
0.09 0 0.37 2.309971799833551
0.09 0 0.38 2.5514185117484023
0.09 0 0.39 1.925778187448958
0.09 0 0.4 2.212471543429836
0.09 0 0.41000000000000003 1.9173475403623863
0.09 0 0.42 2.051902435784104
0.09 0 0.43 1.8547607303264646
0.09 0 0.44 1.5851187778340627
0.09 0 0.45 1.5119616987714402
0.09 0 0.46 0.7248073026480084
0.09 0 0.47000000000000003 1.0320470710558367
0.09 0 0.48 1.3743172091005118
0.09 0 0.49 1.952139282109336
0.09 0 0.5 2.1984242250064505
0.1 0 0.0 0.655501735878589
0.1 0 0.01 0.3799077593159533
0.1 0 0.02 0.3109894090646778
0.1 0 0.03 0.1735097176723069
0.1 0 0.04 0.1883795798124292
0.1 0 0.05 0.17219945554333407
0.1 0 0.06 0.2847744217708251
0.1 0 0.07 0.20100257274972902
0.1 0 0.08 0.1709106468498609
0.1 0 0.09 0.17705874422522308
0.1 0 0.1 0.21893156538353262
0.1 0 0.11 0.16228484240471158
0.1 0 0.12 0.21342904635487311
0.1 0 0.13 0.1497333101713548
0.1 0 0.14 0.1471938021215989
0.1 0 0.15 0.12980799642205704
0.1 0 0.16 0.13169151487334113
0.1 0 0.17 0.1272947078873928
0.1 0 0.18 0.12003863599017536
0.1 0 0.19 0.1295609779129824
0.1 0 0.2 0.14845245938414178
0.1 0 0.21 0.16369100425729752
0.1 0 0.22 0.2197362275068595
0.1 0 0.23 0.15128406497199762
0.1 0 0.24 0.17742442859148314
0.1 0 0.25 0.17482568400344073
0.1 0 0.26 0.14173966134631097
0.1 0 0.27 0.1773208940259777
0.1 0 0.28 0.20614210563747878
0.1 0 0.29 0.27747733403388797
0.1 0 0.3 0.31624640400321097
0.1 0 0.31 0.5465272757595651
0.1 0 0.32 0.6369217096375062
0.1 0 0.33 0.7822357127681747
0.1 0 0.34 0.9333311038230409
0.1 0 0.35000000000000003 1.5345174863898499
0.1 0 0.36 1.0621787628752175
0.1 0 0.37 1.702397119087281
0.1 0 0.38 1.5503286252866315
0.1 0 0.39 2.1981871659338643
0.1 0 0.4 2.0908523559889622
0.1 0 0.41000000000000003 1.6925984359704391
0.1 0 0.42 1.3743428581358952
0.1 0 0.43 1.4182178229238749
0.1 0 0.44 1.3757203877075495
0.1 0 0.45 1.225042119214783
0.1 0 0.46 1.1820626442014672
0.1 0 0.47000000000000003 2.053235401352061
0.1 0 0.48 1.826061746025767
0.1 0 0.49 1.885633047173746
0.1 0 0.5 1.8665961548168526
0.11 0 0.0 0.259837059498845
0.11 0 0.01 0.2357659688433569
0.11 0 0.02 0.25859133517117117
0.11 0 0.03 0.23022074906198653
0.11 0 0.04 0.2270973118837843
0.11 0 0.05 0.1587120132657403
0.11 0 0.06 0.10760915841001478
0.11 0 0.07 0.09767342820145186
0.11 0 0.08 0.1269882379867438
0.11 0 0.09 0.16470020995055118
0.11 0 0.1 0.12047758086755352
0.11 0 0.11 0.1292099617310591
0.11 0 0.12 0.14515618255647214
0.11 0 0.13 0.1517283835790142
0.11 0 0.14 0.15045340361961462
0.11 0 0.15 0.11502818094679702
0.11 0 0.16 0.09408756373638677
0.11 0 0.17 0.18792986066841982
0.11 0 0.18 0.18448600863471973
0.11 0 0.19 0.21642484001106352
0.11 0 0.2 0.11694283935374919
0.11 0 0.21 0.13326657210424991
0.11 0 0.22 0.10781456338538903
0.11 0 0.23 0.17515464464575714
0.11 0 0.24 0.268782437639839
0.11 0 0.25 0.3183509494223006
0.11 0 0.26 0.33995288136675644
0.11 0 0.27 0.553135960024738
0.11 0 0.28 0.4969509720038462
0.11 0 0.29 0.6079755625135563
0.11 0 0.3 0.790770241029327
0.11 0 0.31 0.9492704603348043
0.11 0 0.32 1.2311987552263433
0.11 0 0.33 1.5906599296698798
0.11 0 0.34 2.362609330276974
0.11 0 0.35000000000000003 1.9227234163650118
0.11 0 0.36 1.804981938018238
0.11 0 0.37 1.9433603756583238
0.11 0 0.38 1.6956284316406045
0.11 0 0.39 2.0386503322737957
0.11 0 0.4 1.7739233629727145
0.11 0 0.41000000000000003 1.0080521740235815
0.11 0 0.42 0.9975614450338214
0.11 0 0.43 0.798860224678306
0.11 0 0.44 1.0425184026364551
0.11 0 0.45 0.9932257803995368
0.11 0 0.46 1.7570893126046752
0.11 0 0.47000000000000003 1.9709398727403205
0.11 0 0.48 2.810432339850021
0.11 0 0.49 3.0102650222271174
0.11 0 0.5 2.984854607040391
0.12 0 0.0 0.2543845644384495
0.12 0 0.01 0.4798999513356487
0.12 0 0.02 0.3149820751653959
0.12 0 0.03 0.31271728577063745
0.12 0 0.04 0.268601576672564
0.12 0 0.05 0.2560681822019351
0.12 0 0.06 0.2235522342903214
0.12 0 0.07 0.32958426107881916
0.12 0 0.08 0.24949431619859733
0.12 0 0.09 0.21839717936374783
0.12 0 0.1 0.14654257311361985
0.12 0 0.11 0.2019461317916195
0.12 0 0.12 0.1931905560075423
0.12 0 0.13 0.2280394251682345
0.12 0 0.14 0.29105172944749963
0.12 0 0.15 0.29814920299187464
0.12 0 0.16 0.5663416640099541
0.12 0 0.17 0.5666237015182592
0.12 0 0.18 0.4706113046394274
0.12 0 0.19 0.424334899274039
0.12 0 0.2 0.4293859238576414
0.12 0 0.21 0.3999480123548375
0.12 0 0.22 0.5041592909505659
0.12 0 0.23 0.6185314905498913
0.12 0 0.24 0.6985219826703942
0.12 0 0.25 0.47681730725876953
0.12 0 0.26 0.5867204320650705
0.12 0 0.27 0.41273739523215713
0.12 0 0.28 0.3415894697732181
0.12 0 0.29 0.412769409683742
0.12 0 0.3 0.6092813588550777
0.12 0 0.31 0.7482480400662684
0.12 0 0.32 1.4798829600511072
0.12 0 0.33 1.645645272502581
0.12 0 0.34 2.4672014951129815
0.12 0 0.35000000000000003 1.6886946427969312
0.12 0 0.36 2.3112003399239147
0.12 0 0.37 2.402078557805677
0.12 0 0.38 3.8491172554782906
0.12 0 0.39 4.796326639700871
0.12 0 0.4 3.747152753753572
0.12 0 0.41000000000000003 3.8204288795636394
0.12 0 0.42 3.899459528965779
0.12 0 0.43 3.105776597994298
0.12 0 0.44 2.99613039475128
0.12 0 0.45 3.220450517611383
0.12 0 0.46 2.6474305083514524
0.12 0 0.47000000000000003 2.9518799758968135
0.12 0 0.48 2.8324351496302183
0.12 0 0.49 3.671933751402246
0.12 0 0.5 2.916796677081784
0.13 0 0.0 0.22205032738697253
0.13 0 0.01 0.14555963442666256
0.13 0 0.02 0.12203818997572784
0.13 0 0.03 0.1413540163492899
0.13 0 0.04 0.15553406021314745
0.13 0 0.05 0.09733779328741171
0.13 0 0.06 0.14251056396462056
0.13 0 0.07 0.11486350011407798
0.13 0 0.08 0.1362456125499258
0.13 0 0.09 0.1282339165796104
0.13 0 0.1 0.1365740313672789
0.13 0 0.11 0.12415163795022317
0.13 0 0.12 0.1499792460463553
0.13 0 0.13 0.23753106694894163
0.13 0 0.14 0.3471736448232445
0.13 0 0.15 0.27160520860855575
0.13 0 0.16 0.28672210071967563
0.13 0 0.17 0.22356832645354685
0.13 0 0.18 0.5208373908831944
0.13 0 0.19 0.8251041552012968
0.13 0 0.2 0.9417608565105648
0.13 0 0.21 0.8903574588329118
0.13 0 0.22 0.9832044312013374
0.13 0 0.23 0.827138075238916
0.13 0 0.24 0.8554024716009015
0.13 0 0.25 0.8559184939223562
0.13 0 0.26 1.0160266760515617
0.13 0 0.27 1.1997324906620084
0.13 0 0.28 2.010822270616896
0.13 0 0.29 3.059418347023923
0.13 0 0.3 1.7627400832993652
0.13 0 0.31 2.0572830962608326
0.13 0 0.32 1.5149117963205054
0.13 0 0.33 1.7451572088028249
0.13 0 0.34 1.6159743269776112
0.13 0 0.35000000000000003 2.029431451610324
0.13 0 0.36 2.534453667021971
0.13 0 0.37 3.49562892893177
0.13 0 0.38 3.1725196441737107
0.13 0 0.39 3.1487201403612235
0.13 0 0.4 2.6287439617959554
0.13 0 0.41000000000000003 3.142025530977459
0.13 0 0.42 1.5756096513227802
0.13 0 0.43 1.285130123189672
0.13 0 0.44 1.3872660078850803
0.13 0 0.45 1.4584196910700182
0.13 0 0.46 1.567180240243082
0.13 0 0.47000000000000003 2.347190787989812
0.13 0 0.48 2.179235396460339
0.13 0 0.49 3.2009304729675705
0.13 0 0.5 4.094521545762178
0.14 0 0.0 0.2861597762702574
0.14 0 0.01 0.29845500617926357
0.14 0 0.02 0.35747957806486175
0.14 0 0.03 0.30402876788000865
0.14 0 0.04 0.19030652209910034
0.14 0 0.05 0.1505227440751875
0.14 0 0.06 0.1501049379303352
0.14 0 0.07 0.10412573411863202
0.14 0 0.08 0.1380087835267443
0.14 0 0.09 0.14026169435184144
0.14 0 0.1 0.1668969510690642
0.14 0 0.11 0.25655910646467917
0.14 0 0.12 0.2810516405536744
0.14 0 0.13 0.37484966142394843
0.14 0 0.14 0.28941430527725426
0.14 0 0.15 0.303902932807383
0.14 0 0.16 0.1908129632000583
0.14 0 0.17 0.19592298247753562
0.14 0 0.18 0.1912190538341207
0.14 0 0.19 0.225137739638282
0.14 0 0.2 0.24212628053630386
0.14 0 0.21 0.5018117430477051
0.14 0 0.22 0.3770189105646688
0.14 0 0.23 0.424653926092311
0.14 0 0.24 0.3695793573022961
0.14 0 0.25 0.4121550832840995
0.14 0 0.26 0.5474363589128983
0.14 0 0.27 0.9654228288654709
0.14 0 0.28 1.3997899194681507
0.14 0 0.29 1.318371984114997
0.14 0 0.3 1.5241624340508642
0.14 0 0.31 2.673254510928557
0.14 0 0.32 2.3386006011848255
0.14 0 0.33 2.9058697549996553
0.14 0 0.34 2.7361725594512594
0.14 0 0.35000000000000003 2.7224641420957743
0.14 0 0.36 2.9959714395207464
0.14 0 0.37 2.4031492873709
0.14 0 0.38 1.8242605120203599
0.14 0 0.39 1.4744637612901763
0.14 0 0.4 1.6811449067708342
0.14 0 0.41000000000000003 1.5168136908771053
0.14 0 0.42 1.3159780120104814
0.14 0 0.43 1.0056369451645346
0.14 0 0.44 0.8116012555316235
0.14 0 0.45 0.4225452370994127
0.14 0 0.46 0.6633333566008164
0.14 0 0.47000000000000003 0.4838914214970333
0.14 0 0.48 0.6610166800627189
0.14 0 0.49 0.7341453213749553
0.14 0 0.5 0.8882194892015208
0.15 0 0.0 0.32403316749591665
0.15 0 0.01 0.38387870174698374
0.15 0 0.02 0.2842550474880633
0.15 0 0.03 0.4423174404494895
0.15 0 0.04 0.5252523070674682
0.15 0 0.05 1.1221307070424258
0.15 0 0.06 0.7506568202705298
0.15 0 0.07 0.6838839039224645
0.15 0 0.08 0.4940535601698002
0.15 0 0.09 0.350967286429601
0.15 0 0.1 0.28523133693455116
0.15 0 0.11 0.21778456010555985
0.15 0 0.12 0.1692717372500524
0.15 0 0.13 0.2816185422006292
0.15 0 0.14 0.4297620937822194
0.15 0 0.15 0.5312385352751758
0.15 0 0.16 0.5445573965849508
0.15 0 0.17 0.5502810052439695
0.15 0 0.18 0.551867647961088
0.15 0 0.19 0.4614072671676373
0.15 0 0.2 0.5435743245819816
0.15 0 0.21 0.39384426193081595
0.15 0 0.22 0.2688760256209877
0.15 0 0.23 0.35029298389564206
0.15 0 0.24 0.4208067890918772
0.15 0 0.25 0.482297922483489
0.15 0 0.26 0.8229852567853235
0.15 0 0.27 0.9859219172479359
0.15 0 0.28 1.850167490245376
0.15 0 0.29 2.0686422029520095
0.15 0 0.3 4.072777974387426
0.15 0 0.31 3.1279384450783985
0.15 0 0.32 3.1310088253342805
0.15 0 0.33 2.5058996905561592
0.15 0 0.34 2.425815045310883
0.15 0 0.35000000000000003 2.136979638915324
0.15 0 0.36 2.371474078139717
0.15 0 0.37 1.248751144449631
0.15 0 0.38 1.1607819200753975
0.15 0 0.39 1.0088108206330344
0.15 0 0.4 1.0228702940739007
0.15 0 0.41000000000000003 1.0878851938889462
0.15 0 0.42 1.001132722270828
0.15 0 0.43 0.9378419349674503
0.15 0 0.44 0.6638901157116007
0.15 0 0.45 0.7880415303792501
0.15 0 0.46 0.8105729605142805
0.15 0 0.47000000000000003 0.5251653972819486
0.15 0 0.48 0.440546280778134
0.15 0 0.49 0.29782987729903626
0.15 0 0.5 0.21437471946953898
0.16 0 0.0 0.44632300386107115
0.16 0 0.01 0.38240550701414755
0.16 0 0.02 0.457929453656011
0.16 0 0.03 0.582023888906405
0.16 0 0.04 0.7364099467746258
0.16 0 0.05 0.6930849069861155
0.16 0 0.06 0.7508678133961995
0.16 0 0.07 1.1104644219391548
0.16 0 0.08 1.4857483305975012
0.16 0 0.09 1.2782419463182106
0.16 0 0.1 1.5832624470554435
0.16 0 0.11 1.1824906791488101
0.16 0 0.12 1.4599912833371245
0.16 0 0.13 1.1223277794217934
0.16 0 0.14 0.908667274508306
0.16 0 0.15 0.8730409572454747
0.16 0 0.16 1.2232865649497238
0.16 0 0.17 0.8218325233175018
0.16 0 0.18 0.7217231910645022
0.16 0 0.19 0.40040574916848504
0.16 0 0.2 0.3915751026414475
0.16 0 0.21 0.2562155284712179
0.16 0 0.22 0.357571954607448
0.16 0 0.23 0.38656536162326044
0.16 0 0.24 0.33283994701861724
0.16 0 0.25 0.54817140521504
0.16 0 0.26 0.7289808062183402
0.16 0 0.27 0.863483547515452
0.16 0 0.28 0.8740715213093476
0.16 0 0.29 0.9861593950980276
0.16 0 0.3 1.1669885409779863
0.16 0 0.31 1.5421732836062643
0.16 0 0.32 1.6198374309151233
0.16 0 0.33 1.7904738510250504
0.16 0 0.34 1.3029025073332228
0.16 0 0.35000000000000003 1.3859472243047102
0.16 0 0.36 1.0177593885851333
0.16 0 0.37 1.3583745639575315
0.16 0 0.38 1.9067453997974861
0.16 0 0.39 1.6649097178969703
0.16 0 0.4 1.3906680425188018
0.16 0 0.41000000000000003 1.7731503642444801
0.16 0 0.42 1.1896308278144174
0.16 0 0.43 1.061009777255619
0.16 0 0.44 0.5860109380990446
0.16 0 0.45 0.630720678094775
0.16 0 0.46 0.4040027823339648
0.16 0 0.47000000000000003 0.6120170070531742
0.16 0 0.48 0.7348296100659449
0.16 0 0.49 0.5657142055486855
0.16 0 0.5 0.4150726010729944
0.17 0 0.0 0.49539612922298226
0.17 0 0.01 0.5325486100310852
0.17 0 0.02 1.1165859542140095
0.17 0 0.03 0.9737087886829647
0.17 0 0.04 0.9867256603316397
0.17 0 0.05 1.0382776967608067
0.17 0 0.06 1.3537053790484754
0.17 0 0.07 1.324758103205764
0.17 0 0.08 1.0647034776054796
0.17 0 0.09 1.0194097812988934
0.17 0 0.1 1.09643557013108
0.17 0 0.11 1.0855290845072312
0.17 0 0.12 0.912851570050295
0.17 0 0.13 0.7799156480617072
0.17 0 0.14 0.8721000992778023
0.17 0 0.15 2.2364835459473213
0.17 0 0.16 1.9843278705114589
0.17 0 0.17 2.1082470131730866
0.17 0 0.18 1.1902303980934783
0.17 0 0.19 0.7771929038455735
0.17 0 0.2 0.5513703504128475
0.17 0 0.21 0.6099248901054009
0.17 0 0.22 0.6328330146803204
0.17 0 0.23 0.7146071939352772
0.17 0 0.24 1.09814841126043
0.17 0 0.25 2.3383358572208977
0.17 0 0.26 1.7293574392583608
0.17 0 0.27 2.024956588417616
0.17 0 0.28 1.8757397024359488
0.17 0 0.29 2.059652430293868
0.17 0 0.3 2.1537265315420524
0.17 0 0.31 2.7393361457681378
0.17 0 0.32 2.7400012829693874
0.17 0 0.33 3.1394534566314505
0.17 0 0.34 2.2710535998889574
0.17 0 0.35000000000000003 1.9785923878381486
0.17 0 0.36 1.554956336309237
0.17 0 0.37 2.0196930862987346
0.17 0 0.38 2.084497199572613
0.17 0 0.39 1.6752405380418967
0.17 0 0.4 2.8833471518290543
0.17 0 0.41000000000000003 2.332813800444848
0.17 0 0.42 2.484791141747835
0.17 0 0.43 1.9264003007481016
0.17 0 0.44 1.5947124334767164
0.17 0 0.45 0.9952548583046062
0.17 0 0.46 0.9995593219531458
0.17 0 0.47000000000000003 0.8232792538579572
0.17 0 0.48 0.5674178458810358
0.17 0 0.49 0.33114933714390177
0.17 0 0.5 0.5711637214927913
0.18 0 0.0 0.5451521077640237
0.18 0 0.01 0.8425904595697871
0.18 0 0.02 0.8345088838635435
0.18 0 0.03 0.6922061662191508
0.18 0 0.04 0.5174885110083789
0.18 0 0.05 0.5946081866473056
0.18 0 0.06 0.5596795796580807
0.18 0 0.07 1.2103629698996574
0.18 0 0.08 1.6662675550416601
0.18 0 0.09 2.119910590204859
0.18 0 0.1 1.6168187543540817
0.18 0 0.11 1.1108582123339932
0.18 0 0.12 0.6310438459450163
0.18 0 0.13 0.42850577238713233
0.18 0 0.14 0.49319079219089385
0.18 0 0.15 0.6046959632204245
0.18 0 0.16 0.551732917305861
0.18 0 0.17 0.843678741363189
0.18 0 0.18 0.5947076233168026
0.18 0 0.19 0.4854980349399752
0.18 0 0.2 0.49440274380541555
0.18 0 0.21 0.5031142297003905
0.18 0 0.22 0.599365232280355
0.18 0 0.23 0.6350857183414089
0.18 0 0.24 0.9747380778996433
0.18 0 0.25 0.9117628418127386
0.18 0 0.26 1.3048492149304753
0.18 0 0.27 1.8473019888711681
0.18 0 0.28 2.344456811638693
0.18 0 0.29 2.007441207086215
0.18 0 0.3 3.3507862702017763
0.18 0 0.31 2.8823736742891177
0.18 0 0.32 4.644518433992871
0.18 0 0.33 3.624792060422065
0.18 0 0.34 3.2409012410432543
0.18 0 0.35000000000000003 2.5462341487993063
0.18 0 0.36 2.648512019016382
0.18 0 0.37 2.5799181952872563
0.18 0 0.38 2.0987198970546626
0.18 0 0.39 1.8701674719095382
0.18 0 0.4 1.7476975750384436
0.18 0 0.41000000000000003 1.0891411931313792
0.18 0 0.42 1.2910762339079522
0.18 0 0.43 1.024521576923504
0.18 0 0.44 0.8664292450890212
0.18 0 0.45 0.8760827796008142
0.18 0 0.46 0.8382238353386783
0.18 0 0.47000000000000003 0.7806691717845587
0.18 0 0.48 0.8491041279561465
0.18 0 0.49 0.9905876482149176
0.18 0 0.5 0.739320796275695
0.19 0 0.0 0.25821085523801185
0.19 0 0.01 0.529228349291652
0.19 0 0.02 0.7177399597799832
0.19 0 0.03 0.6910798190270961
0.19 0 0.04 0.8824207218175558
0.19 0 0.05 0.8148872241456497
0.19 0 0.06 0.8182505188006522
0.19 0 0.07 0.5797673752757785
0.19 0 0.08 0.2967500443478163
0.19 0 0.09 0.21704245699403213
0.19 0 0.1 0.27434090122245464
0.19 0 0.11 0.291439851597962
0.19 0 0.12 0.4851960519846476
0.19 0 0.13 0.3785909658366368
0.19 0 0.14 0.3906708006814399
0.19 0 0.15 0.17999477056395982
0.19 0 0.16 0.20590653596086508
0.19 0 0.17 0.14459868192231068
0.19 0 0.18 0.11585549918966544
0.19 0 0.19 0.14187997548193781
0.19 0 0.2 0.24770684505134155
0.19 0 0.21 0.31553098046736494
0.19 0 0.22 0.4927490189107115
0.19 0 0.23 0.4929616398247957
0.19 0 0.24 0.4940542856402905
0.19 0 0.25 0.4468394111707517
0.19 0 0.26 0.45588188014953934
0.19 0 0.27 0.4875054346000444
0.19 0 0.28 0.44466492367725136
0.19 0 0.29 0.6464840431722089
0.19 0 0.3 0.7746743003859523
0.19 0 0.31 0.9543176126302997
0.19 0 0.32 1.203915834868748
0.19 0 0.33 0.9551262276918049
0.19 0 0.34 1.1436443226763315
0.19 0 0.35000000000000003 1.7469186594376651
0.19 0 0.36 1.6198399701750992
0.19 0 0.37 1.9611725179797168
0.19 0 0.38 1.8433668355092714
0.19 0 0.39 2.6293612479796913
0.19 0 0.4 1.6620310619705991
0.19 0 0.41000000000000003 1.9254773016774773
0.19 0 0.42 1.8129782605013915
0.19 0 0.43 2.023013501550946
0.19 0 0.44 2.0986107214675678
0.19 0 0.45 2.951909580988093
0.19 0 0.46 1.8588468368562188
0.19 0 0.47000000000000003 2.481041669027385
0.19 0 0.48 2.4120352293029037
0.19 0 0.49 2.576273829049491
0.19 0 0.5 1.9966663982646784
0.2 0 0.0 0.20008645204149758
0.2 0 0.01 0.16954383915382606
0.2 0 0.02 0.22012887191257596
0.2 0 0.03 0.2904704796352517
0.2 0 0.04 0.5447727830166391
0.2 0 0.05 0.4536215983933793
0.2 0 0.06 0.4924566069465662
0.2 0 0.07 0.40032069111155155
0.2 0 0.08 0.40687643692674097
0.2 0 0.09 0.49029641377223426
0.2 0 0.1 0.30794290636353333
0.2 0 0.11 0.32305176224523735
0.2 0 0.12 0.3003806336163991
0.2 0 0.13 0.24495182385225106
0.2 0 0.14 0.1668358490504794
0.2 0 0.15 0.138884547293959
0.2 0 0.16 0.13596058558578697
0.2 0 0.17 0.1809411463310396
0.2 0 0.18 0.3082519532517447
0.2 0 0.19 0.5207472399402071
0.2 0 0.2 0.28740369818785927
0.2 0 0.21 0.2544861386868122
0.2 0 0.22 0.2227840723476108
0.2 0 0.23 0.2363347991587889
0.2 0 0.24 0.2881322194857626
0.2 0 0.25 0.4490040672264858
0.2 0 0.26 0.3943654102965868
0.2 0 0.27 0.3962808534396718
0.2 0 0.28 0.2439555936485284
0.2 0 0.29 0.3213856306295831
0.2 0 0.3 0.26429794465460055
0.2 0 0.31 0.4162192150134148
0.2 0 0.32 0.3857510258067688
0.2 0 0.33 0.508754581855449
0.2 0 0.34 0.987277184149091
0.2 0 0.35000000000000003 1.1435795500178525
0.2 0 0.36 1.1986219553500028
0.2 0 0.37 1.5670489502101133
0.2 0 0.38 1.9107817788586112
0.2 0 0.39 1.9761348671773544
0.2 0 0.4 2.3830904945705296
0.2 0 0.41000000000000003 2.5214063727445604
0.2 0 0.42 2.7911033453444323
0.2 0 0.43 2.994683623945833
0.2 0 0.44 6.284589431184548
0.2 0 0.45 5.437486130450679
0.2 0 0.46 4.971435473166522
0.2 0 0.47000000000000003 5.088017025748653
0.2 0 0.48 4.908165606724359
0.2 0 0.49 4.316135700104911
0.2 0 0.5 3.399657669437177
0.21 0 0.0 0.26859294293241043
0.21 0 0.01 0.4523441325434977
0.21 0 0.02 0.4493333187979687
0.21 0 0.03 0.5062472118805051
0.21 0 0.04 0.4164980140399191
0.21 0 0.05 0.4921783616534581
0.21 0 0.06 0.5864165622400542
0.21 0 0.07 0.6379649996990763
0.21 0 0.08 0.5792185334450584
0.21 0 0.09 0.475984489322227
0.21 0 0.1 0.3333957566750372
0.21 0 0.11 0.6423100410355526
0.21 0 0.12 0.5567446433179752
0.21 0 0.13 0.5553639235017265
0.21 0 0.14 0.4142187912887581
0.21 0 0.15 0.36983447556452004
0.21 0 0.16 0.3264529680225416
0.21 0 0.17 0.4036685891410498
0.21 0 0.18 0.3710886658273036
0.21 0 0.19 0.26059811064470967
0.21 0 0.2 0.20653072318276028
0.21 0 0.21 0.30075360072430857
0.21 0 0.22 0.352665924850052
0.21 0 0.23 0.40706324337634986
0.21 0 0.24 0.7290611762493753
0.21 0 0.25 0.4891115186507801
0.21 0 0.26 0.4233450936096527
0.21 0 0.27 0.2328500653438112
0.21 0 0.28 0.24497582473720447
0.21 0 0.29 0.2642673147713471
0.21 0 0.3 0.37741615650582067
0.21 0 0.31 0.4224143101187625
0.21 0 0.32 0.44593662758227104
0.21 0 0.33 0.43764628170625064
0.21 0 0.34 0.4726852253577001
0.21 0 0.35000000000000003 0.2945350022204466
0.21 0 0.36 0.4141876802380736
0.21 0 0.37 0.47774838086278465
0.21 0 0.38 0.8055371221027898
0.21 0 0.39 1.4733508826147232
0.21 0 0.4 2.214592028458542
0.21 0 0.41000000000000003 1.92693674543474
0.21 0 0.42 2.4838742792593007
0.21 0 0.43 2.9854641512358873
0.21 0 0.44 4.1951762339201935
0.21 0 0.45 3.2310146283391656
0.21 0 0.46 4.4961414113358815
0.21 0 0.47000000000000003 4.382686483980161
0.21 0 0.48 3.771531931051767
0.21 0 0.49 4.323899908558248
0.21 0 0.5 3.070110152313041
0.22 0 0.0 0.27014296968427115
0.22 0 0.01 0.43238116509746866
0.22 0 0.02 0.3762208175431186
0.22 0 0.03 0.5585306342310823
0.22 0 0.04 0.7956922609030233
0.22 0 0.05 0.9855538821347045
0.22 0 0.06 1.226685258999779
0.22 0 0.07 1.1068229316699845
0.22 0 0.08 1.4642174546544204
0.22 0 0.09 1.1187350521619444
0.22 0 0.1 1.4107998102136456
0.22 0 0.11 0.8900463156567516
0.22 0 0.12 0.6484532620169724
0.22 0 0.13 0.6757462301825308
0.22 0 0.14 1.0656667204198693
0.22 0 0.15 0.7840014520002847
0.22 0 0.16 0.8943424362453545
0.22 0 0.17 0.6265362581965079
0.22 0 0.18 0.7244909830366358
0.22 0 0.19 0.6969484852224436
0.22 0 0.2 0.794316127986753
0.22 0 0.21 0.6747396587653021
0.22 0 0.22 0.596121522105686
0.22 0 0.23 0.7814524464819098
0.22 0 0.24 0.804289962721638
0.22 0 0.25 0.49377518534804005
0.22 0 0.26 0.4144494998529
0.22 0 0.27 0.2558513498745184
0.22 0 0.28 0.3560926595092162
0.22 0 0.29 0.5009628348169434
0.22 0 0.3 0.5994187239857317
0.22 0 0.31 0.6866115913477032
0.22 0 0.32 0.7332589124090663
0.22 0 0.33 0.8243661589895865
0.22 0 0.34 0.6684997928974739
0.22 0 0.35000000000000003 0.7536824233033386
0.22 0 0.36 0.7186682823774543
0.22 0 0.37 0.5741407703779521
0.22 0 0.38 0.48035090335934855
0.22 0 0.39 0.7729026250049938
0.22 0 0.4 0.7141809257628129
0.22 0 0.41000000000000003 1.6621803937005
0.22 0 0.42 1.7621759494348224
0.22 0 0.43 2.125239442377192
0.22 0 0.44 1.8771975425943546
0.22 0 0.45 2.7074575472341675
0.22 0 0.46 2.939275712632143
0.22 0 0.47000000000000003 2.4508167385211164
0.22 0 0.48 2.3565453538415646
0.22 0 0.49 2.8937971140233745
0.22 0 0.5 3.0656361768384537
0.23 0 0.0 0.35508179502905624
0.23 0 0.01 0.24389476231019463
0.23 0 0.02 0.25855686734226974
0.23 0 0.03 0.31360192886995264
0.23 0 0.04 0.4156010535998873
0.23 0 0.05 0.6921345317928613
0.23 0 0.06 1.1622931284542786
0.23 0 0.07 1.2876710088428487
0.23 0 0.08 1.590272940701794
0.23 0 0.09 1.5293108493335406
0.23 0 0.1 1.145019839138255
0.23 0 0.11 0.6176571605562613
0.23 0 0.12 0.4374892807079015
0.23 0 0.13 0.3999882292192872
0.23 0 0.14 0.24740477166867175
0.23 0 0.15 0.2584505382327645
0.23 0 0.16 0.3137521071068034
0.23 0 0.17 0.30168807493068844
0.23 0 0.18 0.39154731538738896
0.23 0 0.19 0.5305759292633349
0.23 0 0.2 0.5582368752205537
0.23 0 0.21 0.7640720460782017
0.23 0 0.22 0.7214435600359115
0.23 0 0.23 0.9367106588585182
0.23 0 0.24 0.4562533083741917
0.23 0 0.25 0.4549092126111246
0.23 0 0.26 0.3212893187929135
0.23 0 0.27 0.4306627028062395
0.23 0 0.28 0.5326631944369781
0.23 0 0.29 0.527011532179927
0.23 0 0.3 0.3594668138511806
0.23 0 0.31 0.43031375752018447
0.23 0 0.32 0.28473996322989886
0.23 0 0.33 0.23717118241730567
0.23 0 0.34 0.2325891743773344
0.23 0 0.35000000000000003 0.29932960210849646
0.23 0 0.36 0.294857150979404
0.23 0 0.37 0.2540234130293844
0.23 0 0.38 0.3484359343457797
0.23 0 0.39 0.3240549780502377
0.23 0 0.4 0.3816640641910337
0.23 0 0.41000000000000003 0.5507520638465515
0.23 0 0.42 0.46034585130125677
0.23 0 0.43 0.4663600518081921
0.23 0 0.44 0.5580069949083262
0.23 0 0.45 0.6354840500455678
0.23 0 0.46 0.7889831459889275
0.23 0 0.47000000000000003 0.7378727571887156
0.23 0 0.48 1.0842944326944401
0.23 0 0.49 0.9512978371553611
0.23 0 0.5 1.179241864615012
0.24 0 0.0 0.7404399164490647
0.24 0 0.01 0.6129357569103794
0.24 0 0.02 0.46696688691138716
0.24 0 0.03 0.42089339619398947
0.24 0 0.04 0.34787994923939114
0.24 0 0.05 0.5161981813562105
0.24 0 0.06 0.33572921078794643
0.24 0 0.07 0.3346400992925741
0.24 0 0.08 0.3635395200181926
0.24 0 0.09 0.46206573607323426
0.24 0 0.1 0.35264040448032313
0.24 0 0.11 0.351491416737545
0.24 0 0.12 0.23381899872182135
0.24 0 0.13 0.26769567948325995
0.24 0 0.14 0.2680244665489571
0.24 0 0.15 0.45305627154769285
0.24 0 0.16 0.24428305034991005
0.24 0 0.17 0.1879358746636574
0.24 0 0.18 0.2318581128178611
0.24 0 0.19 0.20921862930913562
0.24 0 0.2 0.21313682426521546
0.24 0 0.21 0.17449444295014838
0.24 0 0.22 0.15604143853560257
0.24 0 0.23 0.12591377002538978
0.24 0 0.24 0.12487338680005966
0.24 0 0.25 0.13113081389257075
0.24 0 0.26 0.13058664412700396
0.24 0 0.27 0.11989607605770662
0.24 0 0.28 0.14182596045126053
0.24 0 0.29 0.12251019322171326
0.24 0 0.3 0.19719976537842607
0.24 0 0.31 0.18738715318360086
0.24 0 0.32 0.16512556280510468
0.24 0 0.33 0.17689328480623498
0.24 0 0.34 0.19334699485525952
0.24 0 0.35000000000000003 0.14586170125929415
0.24 0 0.36 0.15670328456121888
0.24 0 0.37 0.1212855788910808
0.24 0 0.38 0.14442886364140223
0.24 0 0.39 0.11031141918829829
0.24 0 0.4 0.24381281187412882
0.24 0 0.41000000000000003 0.24190855154133842
0.24 0 0.42 0.24322471551785882
0.24 0 0.43 0.24281181162079055
0.24 0 0.44 0.2649070706106101
0.24 0 0.45 0.3309856916069726
0.24 0 0.46 0.49053160203301616
0.24 0 0.47000000000000003 0.541927075431812
0.24 0 0.48 0.5097376731113065
0.24 0 0.49 0.3756724013113903
0.24 0 0.5 0.2714034308176168
0.25 0 0.0 0.3650392202116724
0.25 0 0.01 0.3036084269908896
0.25 0 0.02 0.3326689443150564
0.25 0 0.03 0.4010040187737891
0.25 0 0.04 0.616143480083663
0.25 0 0.05 0.746472564142351
0.25 0 0.06 0.7101833290361619
0.25 0 0.07 0.8200645527066748
0.25 0 0.08 0.9061585260380047
0.25 0 0.09 0.4653199860435723
0.25 0 0.1 0.4431114789804531
0.25 0 0.11 0.28863413277092637
0.25 0 0.12 0.3470679139016584
0.25 0 0.13 0.3560699452969016
0.25 0 0.14 0.4923886209492096
0.25 0 0.15 0.4884052114849805
0.25 0 0.16 0.5371377959452932
0.25 0 0.17 0.7566295630697086
0.25 0 0.18 0.8690362549275078
0.25 0 0.19 0.6299710499439571
0.25 0 0.2 0.8309429038244879
0.25 0 0.21 0.5667552688267183
0.25 0 0.22 0.4982139917912967
0.25 0 0.23 0.27586370934559895
0.25 0 0.24 0.18284168012385338
0.25 0 0.25 0.12646764268526434
0.25 0 0.26 0.14589064566382062
0.25 0 0.27 0.16038859396229532
0.25 0 0.28 0.2011864467014092
0.25 0 0.29 0.18844159453663806
0.25 0 0.3 0.2118564606443184
0.25 0 0.31 0.15802464236661262
0.25 0 0.32 0.17303898707981247
0.25 0 0.33 0.19094284523662367
0.25 0 0.34 0.09891905205761173
0.25 0 0.35000000000000003 0.10043955924827756
0.25 0 0.36 0.0782110423211289
0.25 0 0.37 0.10498241042428479
0.25 0 0.38 0.12842229032962318
0.25 0 0.39 0.21106467492008843
0.25 0 0.4 0.20043714089447534
0.25 0 0.41000000000000003 0.19313756625680506
0.25 0 0.42 0.24550571278891684
0.25 0 0.43 0.4340179592953398
0.25 0 0.44 0.45478083282438414
0.25 0 0.45 0.9003912907700958
0.25 0 0.46 1.143122457606216
0.25 0 0.47000000000000003 1.6548245136966133
0.25 0 0.48 1.8187244544574401
0.25 0 0.49 1.4732534808767883
0.25 0 0.5 0.9914474977334479
0.26 0 0.0 0.4468163122661569
0.26 0 0.01 0.48359525808260795
0.26 0 0.02 0.6882295573798342
0.26 0 0.03 0.5283788726595354
0.26 0 0.04 0.4499350425716024
0.26 0 0.05 0.3691478429559524
0.26 0 0.06 0.5378752675549279
0.26 0 0.07 0.8029886066147647
0.26 0 0.08 0.8236307453735391
0.26 0 0.09 1.034158228255876
0.26 0 0.1 1.6004691733958127
0.26 0 0.11 1.05270963006295
0.26 0 0.12 0.8653861009106342
0.26 0 0.13 0.5077502979584118
0.26 0 0.14 0.43082078744066743
0.26 0 0.15 0.5196504746440452
0.26 0 0.16 0.6911944024444845
0.26 0 0.17 0.9157792455384449
0.26 0 0.18 0.6906801799527302
0.26 0 0.19 0.9437515114644713
0.26 0 0.2 0.8782062675655427
0.26 0 0.21 0.8157098429489498
0.26 0 0.22 0.6257421346886081
0.26 0 0.23 0.5913176616912137
0.26 0 0.24 0.4666370617601313
0.26 0 0.25 0.7841554438738538
0.26 0 0.26 0.5228387130429379
0.26 0 0.27 0.4929698019023442
0.26 0 0.28 0.339962650496563
0.26 0 0.29 0.30569750567892573
0.26 0 0.3 0.1959060333002594
0.26 0 0.31 0.18485914506051992
0.26 0 0.32 0.2645920575327291
0.26 0 0.33 0.2649668544051307
0.26 0 0.34 0.2171259847238282
0.26 0 0.35000000000000003 0.24794161225199637
0.26 0 0.36 0.1661752986874517
0.26 0 0.37 0.193686646872263
0.26 0 0.38 0.19322547188378694
0.26 0 0.39 0.1743991141499819
0.26 0 0.4 0.15270242884511562
0.26 0 0.41000000000000003 0.19331399685086706
0.26 0 0.42 0.2772962231232937
0.26 0 0.43 0.2581710381047908
0.26 0 0.44 0.2556213755462522
0.26 0 0.45 0.3384848283731437
0.26 0 0.46 0.5318662441059167
0.26 0 0.47000000000000003 0.9146343663233054
0.26 0 0.48 1.3063565231341805
0.26 0 0.49 0.7954948915296833
0.26 0 0.5 1.1588666502697411
0.27 0 0.0 0.1411196900786485
0.27 0 0.01 0.17100822475945862
0.27 0 0.02 0.24368220996349568
0.27 0 0.03 0.2727503960333705
0.27 0 0.04 0.23842856198728504
0.27 0 0.05 0.2627057229713666
0.27 0 0.06 0.1796853085373196
0.27 0 0.07 0.19030839351262877
0.27 0 0.08 0.15725293111578267
0.27 0 0.09 0.3083680969184003
0.27 0 0.1 0.2044036972485674
0.27 0 0.11 0.2544459445671341
0.27 0 0.12 0.30147250594697894
0.27 0 0.13 0.31890310404135547
0.27 0 0.14 0.34089262566871054
0.27 0 0.15 0.535305572638617
0.27 0 0.16 0.588739579567675
0.27 0 0.17 0.6296863745841863
0.27 0 0.18 0.5608618061465341
0.27 0 0.19 0.6038317154232887
0.27 0 0.2 0.514466731105091
0.27 0 0.21 0.5450101808060116
0.27 0 0.22 0.7482097458271728
0.27 0 0.23 0.6828642569411018
0.27 0 0.24 0.6548300810004151
0.27 0 0.25 0.41523439384908434
0.27 0 0.26 0.25042207018779905
0.27 0 0.27 0.28100137400050684
0.27 0 0.28 0.24202753107949934
0.27 0 0.29 0.16456330108128192
0.27 0 0.3 0.15496335920274068
0.27 0 0.31 0.1605235587315987
0.27 0 0.32 0.22636681255522229
0.27 0 0.33 0.1666078687597212
0.27 0 0.34 0.24338717390346384
0.27 0 0.35000000000000003 0.1722090690292964
0.27 0 0.36 0.1990906712764033
0.27 0 0.37 0.24584140409751726
0.27 0 0.38 0.31562883532673036
0.27 0 0.39 0.23940686874557435
0.27 0 0.4 0.35183212990586715
0.27 0 0.41000000000000003 0.4017401675182873
0.27 0 0.42 0.7302608745093371
0.27 0 0.43 0.7408735721571134
0.27 0 0.44 0.7835394665168588
0.27 0 0.45 0.6483623816200954
0.27 0 0.46 0.5280380616710533
0.27 0 0.47000000000000003 0.5678015046277748
0.27 0 0.48 0.5444700540827928
0.27 0 0.49 0.8742259366020445
0.27 0 0.5 1.0215535740444401
0.28 0 0.0 0.27863615152757887
0.28 0 0.01 0.35700417316427674
0.28 0 0.02 0.3651611881542632
0.28 0 0.03 0.26673111141239414
0.28 0 0.04 0.3118968932420877
0.28 0 0.05 0.3044678085876608
0.28 0 0.06 0.42254513491911677
0.28 0 0.07 0.4796575884454393
0.28 0 0.08 0.4972747051696534
0.28 0 0.09 0.3654475879369355
0.28 0 0.1 0.3237514553587064
0.28 0 0.11 0.4566612049613286
0.28 0 0.12 0.5039684708738426
0.28 0 0.13 0.3583004055786189
0.28 0 0.14 0.462790447636316
0.28 0 0.15 0.3863599090115043
0.28 0 0.16 0.4669995656119669
0.28 0 0.17 0.4965199975915204
0.28 0 0.18 0.5280601801471585
0.28 0 0.19 0.3844568514959385
0.28 0 0.2 0.4045527574618002
0.28 0 0.21 0.40092641553595987
0.28 0 0.22 0.5996234741533718
0.28 0 0.23 0.45040692379685937
0.28 0 0.24 0.5498916629154292
0.28 0 0.25 0.3199001591810719
0.28 0 0.26 0.3490298563898434
0.28 0 0.27 0.23946438481482618
0.28 0 0.28 0.12248762703179038
0.28 0 0.29 0.09211576504560692
0.28 0 0.3 0.06939578491670872
0.28 0 0.31 0.05372983711257851
0.28 0 0.32 0.050861604574859255
0.28 0 0.33 0.06902672980332304
0.28 0 0.34 0.09451874159587208
0.28 0 0.35000000000000003 0.13886368985929545
0.28 0 0.36 0.2169903401026198
0.28 0 0.37 0.2904561057765413
0.28 0 0.38 0.18148880854507132
0.28 0 0.39 0.21373418479894465
0.28 0 0.4 0.19332441469688771
0.28 0 0.41000000000000003 0.20416028642821776
0.28 0 0.42 0.24471481059396777
0.28 0 0.43 0.28497554919886103
0.28 0 0.44 0.29446425629259587
0.28 0 0.45 0.34081492275710956
0.28 0 0.46 0.30554022620447985
0.28 0 0.47000000000000003 0.4880099523999147
0.28 0 0.48 0.539508019738699
0.28 0 0.49 0.9196679646688372
0.28 0 0.5 0.5049127869788025
0.29 0 0.0 0.14175147849672695
0.29 0 0.01 0.1370272365906306
0.29 0 0.02 0.1347171855948552
0.29 0 0.03 0.18819672464498496
0.29 0 0.04 0.34291101082981956
0.29 0 0.05 0.2136372917851106
0.29 0 0.06 0.19791885961623482
0.29 0 0.07 0.11278435415602338
0.29 0 0.08 0.10367398346837402
0.29 0 0.09 0.08840432715008961
0.29 0 0.1 0.11681070468100822
0.29 0 0.11 0.1386875132646075
0.29 0 0.12 0.18088880066310833
0.29 0 0.13 0.25293876894695033
0.29 0 0.14 0.27664660919640127
0.29 0 0.15 0.1946565794780563
0.29 0 0.16 0.21253305747286413
0.29 0 0.17 0.2667557083361601
0.29 0 0.18 0.27300067139299267
0.29 0 0.19 0.44456802325348943
0.29 0 0.2 0.3399775355861658
0.29 0 0.21 0.3864526077833086
0.29 0 0.22 0.2788018585708919
0.29 0 0.23 0.2504792263567223
0.29 0 0.24 0.1578097565782087
0.29 0 0.25 0.1373303212003261
0.29 0 0.26 0.13106232212210248
0.29 0 0.27 0.10175506154116716
0.29 0 0.28 0.07634223377362546
0.29 0 0.29 0.10009251935491235
0.29 0 0.3 0.06525936529363824
0.29 0 0.31 0.07273481040525363
0.29 0 0.32 0.0733679472848385
0.29 0 0.33 0.09131894249418772
0.29 0 0.34 0.10470738888261827
0.29 0 0.35000000000000003 0.15742037303215997
0.29 0 0.36 0.14268460923941478
0.29 0 0.37 0.12052764951836081
0.29 0 0.38 0.09877476799364274
0.29 0 0.39 0.14239093759741078
0.29 0 0.4 0.10147557287286368
0.29 0 0.41000000000000003 0.11386345555003667
0.29 0 0.42 0.13268843968522478
0.29 0 0.43 0.14464062266209826
0.29 0 0.44 0.266335806771874
0.29 0 0.45 0.2848517720939642
0.29 0 0.46 0.3644417114617667
0.29 0 0.47000000000000003 0.34268411329270726
0.29 0 0.48 0.4416151918464109
0.29 0 0.49 0.3892460866675663
0.29 0 0.5 0.3913004173943243
0.3 0 0.0 0.10306356064315812
0.3 0 0.01 0.11568915691638926
0.3 0 0.02 0.1299035051541829
0.3 0 0.03 0.2260525895547299
0.3 0 0.04 0.1366523440841569
0.3 0 0.05 0.1728386768632649
0.3 0 0.06 0.27450853787260043
0.3 0 0.07 0.42820408931630133
0.3 0 0.08 0.3930659741136147
0.3 0 0.09 0.39023186264881404
0.3 0 0.1 0.18500387659251333
0.3 0 0.11 0.15207427472516666
0.3 0 0.12 0.10917686099546099
0.3 0 0.13 0.10669480180288374
0.3 0 0.14 0.06646465743642675
0.3 0 0.15 0.0794655768438801
0.3 0 0.16 0.14333110295110998
0.3 0 0.17 0.18768305195184615
0.3 0 0.18 0.180577549972666
0.3 0 0.19 0.13157087869530187
0.3 0 0.2 0.07495049474767347
0.3 0 0.21 0.1075263859740842
0.3 0 0.22 0.1169204875245559
0.3 0 0.23 0.16545806619006181
0.3 0 0.24 0.22387394835258734
0.3 0 0.25 0.2833751311838917
0.3 0 0.26 0.2274246409792855
0.3 0 0.27 0.12423199461076104
0.3 0 0.28 0.1155764733095316
0.3 0 0.29 0.08530308959503635
0.3 0 0.3 0.08349920711046598
0.3 0 0.31 0.11079758660842533
0.3 0 0.32 0.15755067626978247
0.3 0 0.33 0.14489098869327424
0.3 0 0.34 0.22038739020858875
0.3 0 0.35000000000000003 0.1329095278476629
0.3 0 0.36 0.12054922617682798
0.3 0 0.37 0.08094312169878937
0.3 0 0.38 0.13385609901211218
0.3 0 0.39 0.16379095453195266
0.3 0 0.4 0.18981574438085677
0.3 0 0.41000000000000003 0.16993491032487948
0.3 0 0.42 0.12415813859316567
0.3 0 0.43 0.10940152806316406
0.3 0 0.44 0.1277676483196439
0.3 0 0.45 0.10158409838462291
0.3 0 0.46 0.1608768140341739
0.3 0 0.47000000000000003 0.19718276024055065
0.3 0 0.48 0.22360094276056586
0.3 0 0.49 0.24367892699393176
0.3 0 0.5 0.3322294723713567
#STOP
