#MEDIUM_PROPERTIES_DISTRIBUTED
$MSH_TYPE
	 GROUNDWATER_FLOW	
$MMP_TYPE
	 PERMEABILITY	
$DIS_TYPE
	 NEAREST_VALUE	
;hj
$CONVERSION_FACTOR
2e-8;2e-6;2e-13
$DATA
0.0 0 0.0 1.9461728764299535
0.0 0 0.01 1.8213510418284093
0.0 0 0.02 2.1160406116595043
0.0 0 0.03 2.5437955829519825
0.0 0 0.04 2.7691915754960594
0.0 0 0.05 3.1206704904550446
0.0 0 0.06 3.5847539297469333
0.0 0 0.07 3.6408648999905027
0.0 0 0.08 3.6684029354397376
0.0 0 0.09 3.906792558399666
0.0 0 0.1 3.6198031822698797
0.0 0 0.11 3.2222100399931595
0.0 0 0.12 3.5578014297292415
0.0 0 0.13 3.8923373535524233
0.0 0 0.14 3.47314330843021
0.0 0 0.15 3.302862164021614
0.0 0 0.16 3.2488347313634303
0.0 0 0.17 2.4637508800543224
0.0 0 0.18 1.8277596462354913
0.0 0 0.19 1.729088465992636
0.0 0 0.2 1.6070395726735487
0.0 0 0.21 1.3916385120313302
0.0 0 0.22 1.4177611450233105
0.0 0 0.23 1.480978556376808
0.0 0 0.24 1.4006891450610863
0.0 0 0.25 1.4668359223632705
0.0 0 0.26 1.5351432454773697
0.0 0 0.27 1.248281622901339
0.0 0 0.28 0.9938240695547413
0.0 0 0.29 0.9580700328663986
0.0 0 0.3 0.8812648670260984
0.0 0 0.31 0.7274692632550764
0.0 0 0.32 0.7064918232914523
0.0 0 0.33 0.8227093789853359
0.0 0 0.34 0.9395375112404881
0.0 0 0.35000000000000003 1.03647676386663
0.0 0 0.36 1.1371063615317583
0.0 0 0.37 1.11874191365037
0.0 0 0.38 1.0233850863176726
0.0 0 0.39 1.0482001736274356
0.0 0 0.4 1.1560992974044215
0.0 0 0.41000000000000003 1.2087169553228925
0.0 0 0.42 1.3761993840085394
0.0 0 0.43 1.727173945942562
0.0 0 0.44 1.6811141409884274
0.0 0 0.45 1.2321371656833418
0.0 0 0.46 0.9686441373191943
0.0 0 0.47000000000000003 0.8033188504028395
0.0 0 0.48 0.6093310004109685
0.0 0 0.49 0.5470268912671686
0.0 0 0.5 0.6149275424703229
0.01 0 0.0 1.2769009540981549
0.01 0 0.01 1.4267738642244512
0.01 0 0.02 1.4322472710652725
0.01 0 0.03 1.5259885781807567
0.01 0 0.04 1.9348357353830505
0.01 0 0.05 2.234529273631335
0.01 0 0.06 2.4331108912216366
0.01 0 0.07 3.031670649307304
0.01 0 0.08 3.200998381983332
0.01 0 0.09 2.5161249698251114
0.01 0 0.1 2.2949061828672175
0.01 0 0.11 2.6558972561336307
0.01 0 0.12 2.876785267651309
0.01 0 0.13 3.100743801302726
0.01 0 0.14 3.582911241958412
0.01 0 0.15 3.503285841674284
0.01 0 0.16 3.0590082109928525
0.01 0 0.17 3.014191960104353
0.01 0 0.18 2.8764292328698726
0.01 0 0.19 2.352053328604713
0.01 0 0.2 2.11162304269863
0.01 0 0.21 2.2516052766350416
0.01 0 0.22 2.3528453095835173
0.01 0 0.23 2.394858387408047
0.01 0 0.24 2.55056586782325
0.01 0 0.25 2.4777437804103974
0.01 0 0.26 2.117903314829056
0.01 0 0.27 2.0166609456699804
0.01 0 0.28 2.2192753562364658
0.01 0 0.29 2.1762473141533434
0.01 0 0.3 1.9029493077853268
0.01 0 0.31 1.8843619631490895
0.01 0 0.32 2.00125136537274
0.01 0 0.33 1.9983733041471718
0.01 0 0.34 2.1043392725004484
0.01 0 0.35000000000000003 2.1747132357547447
0.01 0 0.36 1.8310512156836556
0.01 0 0.37 1.642883754326118
0.01 0 0.38 1.9434745091155887
0.01 0 0.39 2.1809646831322063
0.01 0 0.4 2.1289452783335827
0.01 0 0.41000000000000003 2.3937160332636633
0.01 0 0.42 2.693195047225611
0.01 0 0.43 2.482244314285631
0.01 0 0.44 2.4442145953057532
0.01 0 0.45 2.6817673302928156
0.01 0 0.46 2.589489961894624
0.01 0 0.47000000000000003 2.663180926241602
0.01 0 0.48 3.4678210120874766
0.01 0 0.49 4.190683539050286
0.01 0 0.5 4.318941665965083
0.02 0 0.0 0.9050980013466113
0.02 0 0.01 0.9937601955659924
0.02 0 0.02 1.1558759704624666
0.02 0 0.03 1.1505728365772443
0.02 0 0.04 0.9533697158184034
0.02 0 0.05 0.9322902818176232
0.02 0 0.06 1.0521235211161015
0.02 0 0.07 1.0497258503422244
0.02 0 0.08 1.0670223058155435
0.02 0 0.09 1.3413128410481139
0.02 0 0.1 1.7845177347176313
0.02 0 0.11 2.2589597853385652
0.02 0 0.12 2.841057281274978
0.02 0 0.13 3.135289691427577
0.02 0 0.14 2.7869393384673864
0.02 0 0.15 2.5643096423057954
0.02 0 0.16 2.9750556177046397
0.02 0 0.17 3.6583139495768373
0.02 0 0.18 4.207696525783165
0.02 0 0.19 5.074833844600566
0.02 0 0.2 5.8684041854232385
0.02 0 0.21 5.261021870625469
0.02 0 0.22 4.222069643820725
0.02 0 0.23 3.5857327246184956
0.02 0 0.24 2.8617941024881306
0.02 0 0.25 2.4364358266250146
0.02 0 0.26 2.8816041341787084
0.02 0 0.27 3.671534499327864
0.02 0 0.28 3.8955640805366705
0.02 0 0.29 4.373391554765999
0.02 0 0.3 5.107472697943298
0.02 0 0.31 4.526655436918198
0.02 0 0.32 3.637553100626409
0.02 0 0.33 3.440333873869384
0.02 0 0.34 3.219301518355346
0.02 0 0.35000000000000003 3.0630296842480935
0.02 0 0.36 3.622327194559703
0.02 0 0.37 4.160590773637435
0.02 0 0.38 3.968645994120672
0.02 0 0.39 4.295980667312525
0.02 0 0.4 5.258052926161262
0.02 0 0.41000000000000003 5.196275541652674
0.02 0 0.42 4.4574251581308815
0.02 0 0.43 4.173292727012166
0.02 0 0.44 3.9953404267121395
0.02 0 0.45 3.9243676894147264
0.02 0 0.46 4.479448590820172
0.02 0 0.47000000000000003 5.078450390582426
0.02 0 0.48 4.652146443405586
0.02 0 0.49 3.9919244410418133
0.02 0 0.5 3.8284411884363596
0.03 0 0.0 0.8722759082671702
0.03 0 0.01 0.9371971852496199
0.03 0 0.02 0.8910365395179617
0.03 0 0.03 0.8512439095784922
0.03 0 0.04 0.903587246199087
0.03 0 0.05 0.883624807899638
0.03 0 0.06 0.7469465421055707
0.03 0 0.07 0.73492383672418
0.03 0 0.08 0.9193508631051999
0.03 0 0.09 1.0762043620654071
0.03 0 0.1 1.1096786097079292
0.03 0 0.11 1.2361534590755194
0.03 0 0.12 1.3674208562086922
0.03 0 0.13 1.3668324067030766
0.03 0 0.14 1.5095975405210695
0.03 0 0.15 1.762673042974172
0.03 0 0.16 1.7722742268267202
0.03 0 0.17 1.8980425147564752
0.03 0 0.18 2.3909062037830546
0.03 0 0.19 2.454459775581303
0.03 0 0.2 2.050896118636499
0.03 0 0.21 1.9213647350343765
0.03 0 0.22 1.7569620548893465
0.03 0 0.23 1.402049508775872
0.03 0 0.24 1.3497724991676847
0.03 0 0.25 1.530233149397918
0.03 0 0.26 1.4952019719975769
0.03 0 0.27 1.4771230447536556
0.03 0 0.28 1.7961177030577768
0.03 0 0.29 2.174864781248451
0.03 0 0.3 2.5111482826067846
0.03 0 0.31 3.181641415229196
0.03 0 0.32 3.811541268440451
0.03 0 0.33 3.933261121901206
0.03 0 0.34 4.256288193296428
0.03 0 0.35000000000000003 4.693441682798853
0.03 0 0.36 4.252596768302627
0.03 0 0.37 3.691161015420469
0.03 0 0.38 4.098080059392322
0.03 0 0.39 5.093090418923522
0.03 0 0.4 5.357068748059917
0.03 0 0.41000000000000003 5.056302455472863
0.03 0 0.42 4.933168656569194
0.03 0 0.43 4.7112026899790305
0.03 0 0.44 4.574060802772811
0.03 0 0.45 5.06678222328648
0.03 0 0.46 5.621693776254975
0.03 0 0.47000000000000003 5.9448491167130735
0.03 0 0.48 7.509485621233419
0.03 0 0.49 9.99604295522361
0.03 0 0.5 9.650857826905844
0.04 0 0.0 0.9453955773101606
0.04 0 0.01 0.8412013753599218
0.04 0 0.02 0.8544516541375199
0.04 0 0.03 1.1175935688306886
0.04 0 0.04 1.317326574141039
0.04 0 0.05 1.3353728399850275
0.04 0 0.06 1.497843278803878
0.04 0 0.07 1.5722852719776352
0.04 0 0.08 1.3451353169806763
0.04 0 0.09 1.2626980194581603
0.04 0 0.1 1.315771481288839
0.04 0 0.11 1.2019727326019702
0.04 0 0.12 1.1122095617990515
0.04 0 0.13 1.091978969367211
0.04 0 0.14 0.8727541970348465
0.04 0 0.15 0.6767225340664879
0.04 0 0.16 0.6995025709168574
0.04 0 0.17 0.7167310655789428
0.04 0 0.18 0.5629170640336809
0.04 0 0.19 0.458638374814647
0.04 0 0.2 0.4517861814056068
0.04 0 0.21 0.45535822686056177
0.04 0 0.22 0.47476702113324387
0.04 0 0.23 0.5291831174660068
0.04 0 0.24 0.5516676566095262
0.04 0 0.25 0.5700283674470773
0.04 0 0.26 0.700474271155243
0.04 0 0.27 0.9085727649262813
0.04 0 0.28 1.0193645485320681
0.04 0 0.29 1.1255136925502507
0.04 0 0.3 1.42075313707711
0.04 0 0.31 1.7517509824007393
0.04 0 0.32 1.948905395599485
0.04 0 0.33 2.287966623164377
0.04 0 0.34 2.590408541780009
0.04 0 0.35000000000000003 2.2768470551306557
0.04 0 0.36 1.9196253082716546
0.04 0 0.37 1.9428177952175376
0.04 0 0.38 1.8614719766341266
0.04 0 0.39 1.534503644897061
0.04 0 0.4 1.3466834154894736
0.04 0 0.41000000000000003 1.1994389059274169
0.04 0 0.42 1.062935531995782
0.04 0 0.43 1.2392164554560858
0.04 0 0.44 1.661536931439067
0.04 0 0.45 1.7362307872898628
0.04 0 0.46 1.7326765930306878
0.04 0 0.47000000000000003 2.0840833780824455
0.04 0 0.48 2.1779333960854093
0.04 0 0.49 1.8608929181294012
0.04 0 0.5 1.8436733281210456
0.05 0 0.0 0.7638531423783907
0.05 0 0.01 0.8310435337133122
0.05 0 0.02 0.8499283247402933
0.05 0 0.03 0.714934434375834
0.05 0 0.04 0.6717062925255686
0.05 0 0.05 0.706521962876534
0.05 0 0.06 0.6696658794964493
0.05 0 0.07 0.6479160091405767
0.05 0 0.08 0.6557153492458475
0.05 0 0.09 0.5452954451709057
0.05 0 0.1 0.41816563941579193
0.05 0 0.11 0.38675852371487335
0.05 0 0.12 0.3696830940688785
0.05 0 0.13 0.3145974385503171
0.05 0 0.14 0.304919735400026
0.05 0 0.15 0.3811563753644989
0.05 0 0.16 0.4847375208546279
0.05 0 0.17 0.5396599132574138
0.05 0 0.18 0.5543594362441818
0.05 0 0.19 0.51945497130331
0.05 0 0.2 0.460572479627687
0.05 0 0.21 0.48163396653595175
0.05 0 0.22 0.6044038092543609
0.05 0 0.23 0.7128690548718796
0.05 0 0.24 0.8102113673750373
0.05 0 0.25 1.0271988266873042
0.05 0 0.26 1.130897678980307
0.05 0 0.27 0.9245823384622338
0.05 0 0.28 0.7707546472317857
0.05 0 0.29 0.7033526802686311
0.05 0 0.3 0.5669632666354513
0.05 0 0.31 0.4932389927653997
0.05 0 0.32 0.5593441139099972
0.05 0 0.33 0.6186990805281501
0.05 0 0.34 0.6278872016520939
0.05 0 0.35000000000000003 0.7091265100671077
0.05 0 0.36 0.7261269048537089
0.05 0 0.37 0.6058395147677139
0.05 0 0.38 0.5821819230019781
0.05 0 0.39 0.6468288375453416
0.05 0 0.4 0.6380722311922097
0.05 0 0.41000000000000003 0.6853998411960186
0.05 0 0.42 0.9628559100460172
0.05 0 0.43 1.3254711824653713
0.05 0 0.44 1.617706104718363
0.05 0 0.45 2.048332855619802
0.05 0 0.46 2.3420416346818858
0.05 0 0.47000000000000003 2.1053923198506346
0.05 0 0.48 1.8690824917507531
0.05 0 0.49 1.896623433570401
0.05 0 0.5 1.9659818840097498
0.06 0 0.0 0.3250966500011771
0.06 0 0.01 0.2731128190938943
0.06 0 0.02 0.24890684370790989
0.06 0 0.03 0.2832170420936816
0.06 0 0.04 0.3149218270419735
0.06 0 0.05 0.2983667123656946
0.06 0 0.06 0.2832167826950551
0.06 0 0.07 0.28196050799087075
0.06 0 0.08 0.2679027842760816
0.06 0 0.09 0.2643389315273949
0.06 0 0.1 0.290016735248697
0.06 0 0.11 0.2949111560506164
0.06 0 0.12 0.2775906166279364
0.06 0 0.13 0.3173084590234155
0.06 0 0.14 0.40428914162438795
0.06 0 0.15 0.4166986423327359
0.06 0 0.16 0.3854894424761882
0.06 0 0.17 0.38345483066201025
0.06 0 0.18 0.36410753520255207
0.06 0 0.19 0.37120878851983097
0.06 0 0.2 0.5001780360425696
0.06 0 0.21 0.6558579882646473
0.06 0 0.22 0.6872334074041264
0.06 0 0.23 0.7873931341392735
0.06 0 0.24 0.9601061860236006
0.06 0 0.25 0.9059146777753511
0.06 0 0.26 0.7948855157572626
0.06 0 0.27 0.8086822694529525
0.06 0 0.28 0.7970570055307572
0.06 0 0.29 0.8040466936522777
0.06 0 0.3 0.9848421744328778
0.06 0 0.31 1.0962442508889025
0.06 0 0.32 0.9301183405125378
0.06 0 0.33 0.8121326852066556
0.06 0 0.34 0.7876038926896267
0.06 0 0.35000000000000003 0.7018105355045279
0.06 0 0.36 0.6327410054273428
0.06 0 0.37 0.6538163237836442
0.06 0 0.38 0.6551352881809022
0.06 0 0.39 0.6002156922303771
0.06 0 0.4 0.583494605969809
0.06 0 0.41000000000000003 0.5784682970767829
0.06 0 0.42 0.5142192336048923
0.06 0 0.43 0.4721228198371713
0.06 0 0.44 0.5160825597970116
0.06 0 0.45 0.5591839208075488
0.06 0 0.46 0.5415462158115041
0.06 0 0.47000000000000003 0.5731254666168817
0.06 0 0.48 0.6605382184166322
0.06 0 0.49 0.6710442785962119
0.06 0 0.5 0.6660511957901848
0.07 0 0.0 0.2155634998241804
0.07 0 0.01 0.23506948794835
0.07 0 0.02 0.2820386078525514
0.07 0 0.03 0.28824265679394856
0.07 0 0.04 0.2602909885720134
0.07 0 0.05 0.26043457323475977
0.07 0 0.06 0.2555438266376406
0.07 0 0.07 0.23724288456562279
0.07 0 0.08 0.2762606309236728
0.07 0 0.09 0.3607486885983246
0.07 0 0.1 0.388071265698419
0.07 0 0.11 0.42558766995444414
0.07 0 0.12 0.5462026193362411
0.07 0 0.13 0.5892323929918926
0.07 0 0.14 0.5463969608406248
0.07 0 0.15 0.5872798012852757
0.07 0 0.16 0.6294524339101134
0.07 0 0.17 0.5947729621461874
0.07 0 0.18 0.6257213803084375
0.07 0 0.19 0.6898689072299777
0.07 0 0.2 0.6583784418698083
0.07 0 0.21 0.6691759131898772
0.07 0 0.22 0.7583437316987909
0.07 0 0.23 0.6864357155055318
0.07 0 0.24 0.5192557307533163
0.07 0 0.25 0.4750702509195451
0.07 0 0.26 0.5227299404024647
0.07 0 0.27 0.561711523485907
0.07 0 0.28 0.5956883805113953
0.07 0 0.29 0.6304357586975939
0.07 0 0.3 0.6111804036333356
0.07 0 0.31 0.5917104767608757
0.07 0 0.32 0.6445037162767788
0.07 0 0.33 0.6724605951139578
0.07 0 0.34 0.5929843748250524
0.07 0 0.35000000000000003 0.558601333824653
0.07 0 0.36 0.636363554068988
0.07 0 0.37 0.6908345112145811
0.07 0 0.38 0.6783735005674086
0.07 0 0.39 0.6994877050465932
0.07 0 0.4 0.6615508609039483
0.07 0 0.41000000000000003 0.5490491164112496
0.07 0 0.42 0.5489930078315625
0.07 0 0.43 0.6190050803638267
0.07 0 0.44 0.5302877667730532
0.07 0 0.45 0.39844972083004204
0.07 0 0.46 0.36033057720447725
0.07 0 0.47000000000000003 0.3509273232825634
0.07 0 0.48 0.36792672990031766
0.07 0 0.49 0.4658816617875507
0.07 0 0.5 0.5248887940081896
0.08 0 0.0 0.2620086767539834
0.08 0 0.01 0.25436704655803083
0.08 0 0.02 0.19234818446189278
0.08 0 0.03 0.1785634530050918
0.08 0 0.04 0.20183215352554404
0.08 0 0.05 0.20241410328591392
0.08 0 0.06 0.20942728353454235
0.08 0 0.07 0.24737837359407341
0.08 0 0.08 0.25436123391507764
0.08 0 0.09 0.23814971200554558
0.08 0 0.1 0.25550632976399323
0.08 0 0.11 0.2722944760938982
0.08 0 0.12 0.2661995234139031
0.08 0 0.13 0.29385621917065236
0.08 0 0.14 0.3504721894215331
0.08 0 0.15 0.3733441319156964
0.08 0 0.16 0.3977024581873425
0.08 0 0.17 0.4666113655021331
0.08 0 0.18 0.5081542057442119
0.08 0 0.19 0.5139259287477773
0.08 0 0.2 0.609799534007987
0.08 0 0.21 0.8033444262445949
0.08 0 0.22 0.8817607710989357
0.08 0 0.23 0.842773785862024
0.08 0 0.24 0.8906599028298855
0.08 0 0.25 0.9806697839921317
0.08 0 0.26 1.0098263354755153
0.08 0 0.27 1.0874700780973363
0.08 0 0.28 1.1665506171687423
0.08 0 0.29 1.0993038694388344
0.08 0 0.3 1.1028126754215724
0.08 0 0.31 1.2050909844752982
0.08 0 0.32 1.0187803629961656
0.08 0 0.33 0.738158113181099
0.08 0 0.34 0.6754958496886129
0.08 0 0.35000000000000003 0.6435293658052198
0.08 0 0.36 0.49738794390456814
0.08 0 0.37 0.4115890234648774
0.08 0 0.38 0.39129188293403694
0.08 0 0.39 0.34220563947879457
0.08 0 0.4 0.3137667158298173
0.08 0 0.41000000000000003 0.324183532622348
0.08 0 0.42 0.2875346637759585
0.08 0 0.43 0.23964114396837957
0.08 0 0.44 0.25185185250961734
0.08 0 0.45 0.2797556771899078
0.08 0 0.46 0.28341324212761504
0.08 0 0.47000000000000003 0.33438314501951416
0.08 0 0.48 0.4480168922984048
0.08 0 0.49 0.5067488832476986
0.08 0 0.5 0.5051351383261233
0.09 0 0.0 0.5234912400783264
0.09 0 0.01 0.46686066997507286
0.09 0 0.02 0.48295541730994934
0.09 0 0.03 0.476732851283688
0.09 0 0.04 0.42052298354539613
0.09 0 0.05 0.3838320205511851
0.09 0 0.06 0.3606583167976212
0.09 0 0.07 0.3425440148736876
0.09 0 0.08 0.36575121327561644
0.09 0 0.09 0.40761824436318056
0.09 0 0.1 0.38375486666553005
0.09 0 0.11 0.3341861291329874
0.09 0 0.12 0.34095319943699126
0.09 0 0.13 0.3610292550317716
0.09 0 0.14 0.32791090907322135
0.09 0 0.15 0.31428462001203955
0.09 0 0.16 0.3683314152376506
0.09 0 0.17 0.4287992367744509
0.09 0 0.18 0.49514898365661975
0.09 0 0.19 0.650563010390649
0.09 0 0.2 0.7451537399760891
0.09 0 0.21 0.626975230620969
0.09 0 0.22 0.5264758580302472
0.09 0 0.23 0.4818836358185384
0.09 0 0.24 0.423429275344
0.09 0 0.25 0.4413115087889822
0.09 0 0.26 0.5549512212153638
0.09 0 0.27 0.5676569661533291
0.09 0 0.28 0.5017824935429077
0.09 0 0.29 0.5218652996571893
0.09 0 0.3 0.4996321481142366
0.09 0 0.31 0.36721228135763156
0.09 0 0.32 0.2981059012632269
0.09 0 0.33 0.3048612463084642
0.09 0 0.34 0.3255015104318893
0.09 0 0.35000000000000003 0.3829971059816918
0.09 0 0.36 0.49240539503972913
0.09 0 0.37 0.5387014305539869
0.09 0 0.38 0.5263253611934697
0.09 0 0.39 0.5700460662768109
0.09 0 0.4 0.6083022763278437
0.09 0 0.41000000000000003 0.572902270000984
0.09 0 0.42 0.589409708382687
0.09 0 0.43 0.7077287996877748
0.09 0 0.44 0.7843776604522059
0.09 0 0.45 0.7769619007947067
0.09 0 0.46 0.8356460453369888
0.09 0 0.47000000000000003 0.9151413409864902
0.09 0 0.48 0.831332474870605
0.09 0 0.49 0.6900334177808335
0.09 0 0.5 0.6045046959655056
0.1 0 0.0 0.3763922609207899
0.1 0 0.01 0.36020503140792887
0.1 0 0.02 0.34277272064471087
0.1 0 0.03 0.3403833661854802
0.1 0 0.04 0.3626718685541867
0.1 0 0.05 0.339653368010213
0.1 0 0.06 0.2900405579304115
0.1 0 0.07 0.30534843050507504
0.1 0 0.08 0.3464992606144141
0.1 0 0.09 0.31010222801170795
0.1 0 0.1 0.2727133831226563
0.1 0 0.11 0.28787496443366095
0.1 0 0.12 0.28639574770311677
0.1 0 0.13 0.27442901301622696
0.1 0 0.14 0.3109371409650497
0.1 0 0.15 0.33086461151174057
0.1 0 0.16 0.29700156738796446
0.1 0 0.17 0.3029683914289932
0.1 0 0.18 0.32571745700339566
0.1 0 0.19 0.28592429156789495
0.1 0 0.2 0.2583138964245858
0.1 0 0.21 0.27471537961444
0.1 0 0.22 0.2665163414652634
0.1 0 0.23 0.2541811083731762
0.1 0 0.24 0.29993621241659957
0.1 0 0.25 0.34835250039350835
0.1 0 0.26 0.3275693049733549
0.1 0 0.27 0.3024734204334194
0.1 0 0.28 0.287262088267201
0.1 0 0.29 0.24983192628951026
0.1 0 0.3 0.22991547046803645
0.1 0 0.31 0.257867716204915
0.1 0 0.32 0.29623305746054274
0.1 0 0.33 0.30639438332640134
0.1 0 0.34 0.31495214167190433
0.1 0 0.35000000000000003 0.31607024399086264
0.1 0 0.36 0.2750252237223814
0.1 0 0.37 0.23798868205343357
0.1 0 0.38 0.23944589960548385
0.1 0 0.39 0.2337056665328051
0.1 0 0.4 0.20557906411162333
0.1 0 0.41000000000000003 0.20960554499281855
0.1 0 0.42 0.23447324304713812
0.1 0 0.43 0.21171631739245442
0.1 0 0.44 0.1748917260384185
0.1 0 0.45 0.16364208786990056
0.1 0 0.46 0.15051319887498749
0.1 0 0.47000000000000003 0.1438562597140654
0.1 0 0.48 0.17224910269284227
0.1 0 0.49 0.19447015526142497
0.1 0 0.5 0.17624404372500743
0.11 0 0.0 1.1309966386353207
0.11 0 0.01 1.066673611752452
0.11 0 0.02 1.2001970808578306
0.11 0 0.03 1.4118549415364927
0.11 0 0.04 1.3403729434753058
0.11 0 0.05 1.2579214053714605
0.11 0 0.06 1.2068601576142224
0.11 0 0.07 0.8618981804042577
0.11 0 0.08 0.5527345858350899
0.11 0 0.09 0.4793697988910653
0.11 0 0.1 0.487201202601843
0.11 0 0.11 0.4912171884918843
0.11 0 0.12 0.5659818240574785
0.11 0 0.13 0.655002255551361
0.11 0 0.14 0.6228719482388669
0.11 0 0.15 0.5973501764698439
0.11 0 0.16 0.6380774892696273
0.11 0 0.17 0.6012351797773102
0.11 0 0.18 0.5118659409569439
0.11 0 0.19 0.5061541610850707
0.11 0 0.2 0.5617321879595085
0.11 0 0.21 0.6028010890438743
0.11 0 0.22 0.6639982667413851
0.11 0 0.23 0.7581546752161432
0.11 0 0.24 0.7667594511424799
0.11 0 0.25 0.7113813332317703
0.11 0 0.26 0.7210293024962195
0.11 0 0.27 0.7144142561971488
0.11 0 0.28 0.6014447252614092
0.11 0 0.29 0.55239951011535
0.11 0 0.3 0.6357480824270304
0.11 0 0.31 0.6883082921604414
0.11 0 0.32 0.6501484031935509
0.11 0 0.33 0.6361492610344633
0.11 0 0.34 0.5661920687459119
0.11 0 0.35000000000000003 0.43471044198111286
0.11 0 0.36 0.38319486820033
0.11 0 0.37 0.36286792739085555
0.11 0 0.38 0.28778103559659696
0.11 0 0.39 0.25084811264625245
0.11 0 0.4 0.28394514202561916
0.11 0 0.41000000000000003 0.28768767358586017
0.11 0 0.42 0.24923973268078373
0.11 0 0.43 0.24553985205482967
0.11 0 0.44 0.24219141763362748
0.11 0 0.45 0.21143880107481788
0.11 0 0.46 0.2038626976020922
0.11 0 0.47000000000000003 0.2018976995419403
0.11 0 0.48 0.16524418784747702
0.11 0 0.49 0.14246653566630432
0.11 0 0.5 0.15857933537207572
0.12 0 0.0 0.6479592147041402
0.12 0 0.01 0.6403942771157636
0.12 0 0.02 0.5756780129833249
0.12 0 0.03 0.5030904062677628
0.12 0 0.04 0.5030648586287643
0.12 0 0.05 0.4727741979539811
0.12 0 0.06 0.40156575757402235
0.12 0 0.07 0.4130240453731217
0.12 0 0.08 0.507099891515361
0.12 0 0.09 0.5501968913450285
0.12 0 0.1 0.5273216164674528
0.12 0 0.11 0.5478035242894032
0.12 0 0.12 0.6147804688054809
0.12 0 0.13 0.6901084655427436
0.12 0 0.14 0.7998672520314736
0.12 0 0.15 0.886864499952957
0.12 0 0.16 0.838704926700933
0.12 0 0.17 0.8026819393325668
0.12 0 0.18 0.8712491287792359
0.12 0 0.19 0.7972494378814428
0.12 0 0.2 0.5685671983164395
0.12 0 0.21 0.46861314882668936
0.12 0 0.22 0.48419394617264216
0.12 0 0.23 0.4920926695190387
0.12 0 0.24 0.5270366705709713
0.12 0 0.25 0.5942524038346947
0.12 0 0.26 0.5180037542028769
0.12 0 0.27 0.3951399524699062
0.12 0 0.28 0.37774696433989935
0.12 0 0.29 0.37955313058642387
0.12 0 0.3 0.3361059960255155
0.12 0 0.31 0.32906882475901816
0.12 0 0.32 0.33755457819536555
0.12 0 0.33 0.3001988079523141
0.12 0 0.34 0.29112718276296384
0.12 0 0.35000000000000003 0.31660883544213553
0.12 0 0.36 0.26633609838916167
0.12 0 0.37 0.1915106657712324
0.12 0 0.38 0.1783584327321738
0.12 0 0.39 0.19890155162883752
0.12 0 0.4 0.20858838030806182
0.12 0 0.41000000000000003 0.21973472317533255
0.12 0 0.42 0.23900110403010102
0.12 0 0.43 0.24970188463086682
0.12 0 0.44 0.27536593875669757
0.12 0 0.45 0.32518280376919995
0.12 0 0.46 0.3323489123553679
0.12 0 0.47000000000000003 0.2946189697867512
0.12 0 0.48 0.30082636393862283
0.12 0 0.49 0.3615295494421353
0.12 0 0.5 0.39956092471346366
0.13 0 0.0 0.685892461068421
0.13 0 0.01 0.6714620065185071
0.13 0 0.02 0.6761235309053916
0.13 0 0.03 0.7570775198057856
0.13 0 0.04 0.7626658695554536
0.13 0 0.05 0.6822756981499604
0.13 0 0.06 0.708035679973378
0.13 0 0.07 0.8304431903239013
0.13 0 0.08 0.8820284592488581
0.13 0 0.09 0.9110355235105655
0.13 0 0.1 0.9591827815608732
0.13 0 0.11 0.8823587774480107
0.13 0 0.12 0.8206800626807051
0.13 0 0.13 0.9206352219833813
0.13 0 0.14 0.9355933655013482
0.13 0 0.15 0.8136815827785506
0.13 0 0.16 0.8971996356922025
0.13 0 0.17 1.1567314372191009
0.13 0 0.18 1.21553718508763
0.13 0 0.19 1.2514251220737662
0.13 0 0.2 1.4954360623886416
0.13 0 0.21 1.589358880566534
0.13 0 0.22 1.4962105192018758
0.13 0 0.23 1.4791029916774598
0.13 0 0.24 1.2991905201777088
0.13 0 0.25 1.0236857827282217
0.13 0 0.26 0.9840562126395498
0.13 0 0.27 1.048430295564343
0.13 0 0.28 0.9664125974954189
0.13 0 0.29 0.9191756424462671
0.13 0 0.3 0.979921881387452
0.13 0 0.31 0.8615958604666882
0.13 0 0.32 0.5866344708728953
0.13 0 0.33 0.40750405132130074
0.13 0 0.34 0.3160527639842619
0.13 0 0.35000000000000003 0.26036136218242517
0.13 0 0.36 0.25169056568739384
0.13 0 0.37 0.290306174506242
0.13 0 0.38 0.32271146822266183
0.13 0 0.39 0.322936824936655
0.13 0 0.4 0.3333718470025244
0.13 0 0.41000000000000003 0.3370192434713182
0.13 0 0.42 0.3051247865291839
0.13 0 0.43 0.30610796377714783
0.13 0 0.44 0.36587413647762895
0.13 0 0.45 0.40177366467474745
0.13 0 0.46 0.4242283667952034
0.13 0 0.47000000000000003 0.527301179724185
0.13 0 0.48 0.5676294946280892
0.13 0 0.49 0.4174921988851541
0.13 0 0.5 0.3005457312606794
0.14 0 0.0 1.136646409503206
0.14 0 0.01 1.4502284871466393
0.14 0 0.02 1.6762719367893522
0.14 0 0.03 1.4754339366113172
0.14 0 0.04 1.3520399543242865
0.14 0 0.05 1.5115621161746546
0.14 0 0.06 1.5938212137266194
0.14 0 0.07 1.709601812588291
0.14 0 0.08 2.2175066977714444
0.14 0 0.09 2.569241188487815
0.14 0 0.1 2.414923130040446
0.14 0 0.11 2.4830754488747124
0.14 0 0.12 2.462821010144685
0.14 0 0.13 1.8434098634651859
0.14 0 0.14 1.4328978669272177
0.14 0 0.15 1.4750698850445856
0.14 0 0.16 1.6116536101030132
0.14 0 0.17 1.7460858787357443
0.14 0 0.18 2.018743462591676
0.14 0 0.19 2.137872676476548
0.14 0 0.2 2.011041978289277
0.14 0 0.21 2.0094726615346814
0.14 0 0.22 1.950013053344756
0.14 0 0.23 1.5093672709753996
0.14 0 0.24 1.1195825203571637
0.14 0 0.25 1.0283773272155963
0.14 0 0.26 1.0328579056344163
0.14 0 0.27 0.9569711510325134
0.14 0 0.28 0.9091819742006098
0.14 0 0.29 0.8882083333331177
0.14 0 0.3 0.7284402111715661
0.14 0 0.31 0.5384643003568358
0.14 0 0.32 0.4495629876984242
0.14 0 0.33 0.38983680789441205
0.14 0 0.34 0.33489518123631684
0.14 0 0.35000000000000003 0.3477218102817159
0.14 0 0.36 0.3865262824678378
0.14 0 0.37 0.3533763666504108
0.14 0 0.38 0.3223964302128972
0.14 0 0.39 0.32357248077176387
0.14 0 0.4 0.2609568135395799
0.14 0 0.41000000000000003 0.18504467135480077
0.14 0 0.42 0.16523393840551245
0.14 0 0.43 0.15631582593999996
0.14 0 0.44 0.13054992406748095
0.14 0 0.45 0.12274301521915656
0.14 0 0.46 0.1242928361594368
0.14 0 0.47000000000000003 0.10763911237581796
0.14 0 0.48 0.09916351958882495
0.14 0 0.49 0.1110428139588904
0.14 0 0.5 0.11468624110113115
0.15 0 0.0 2.5472291699806213
0.15 0 0.01 2.085275078983659
0.15 0 0.02 1.6348003520837118
0.15 0 0.03 1.71130964495964
0.15 0 0.04 1.983206375069155
0.15 0 0.05 2.2328602050585102
0.15 0 0.06 2.865717888577019
0.15 0 0.07 3.663443493822764
0.15 0 0.08 3.7203665100943346
0.15 0 0.09 3.520289728434839
0.15 0 0.1 3.568375311208925
0.15 0 0.11 3.416338554147113
0.15 0 0.12 3.1737884794927567
0.15 0 0.13 3.3366329781309223
0.15 0 0.14 3.5252659941571864
0.15 0 0.15 3.1056056326208106
0.15 0 0.16 2.558756457614785
0.15 0 0.17 2.2403478165980784
0.15 0 0.18 1.8500966411456585
0.15 0 0.19 1.460851192018046
0.15 0 0.2 1.3530434870653967
0.15 0 0.21 1.3526185698507394
0.15 0 0.22 1.2252097288548882
0.15 0 0.23 1.186321003181179
0.15 0 0.24 1.2448082522942208
0.15 0 0.25 1.0287537423230462
0.15 0 0.26 0.7325730364653907
0.15 0 0.27 0.6309451491714025
0.15 0 0.28 0.5718847522662698
0.15 0 0.29 0.47200523075085615
0.15 0 0.3 0.4374407345229069
0.15 0 0.31 0.41685409087357295
0.15 0 0.32 0.33858217760954423
0.15 0 0.33 0.31454905757139895
0.15 0 0.34 0.3613031301510764
0.15 0 0.35000000000000003 0.3386152498494046
0.15 0 0.36 0.26085912130051186
0.15 0 0.37 0.22994699839088195
0.15 0 0.38 0.21395737132577744
0.15 0 0.39 0.19244603536030472
0.15 0 0.4 0.19782952958387695
0.15 0 0.41000000000000003 0.20340891990016718
0.15 0 0.42 0.1693948525968816
0.15 0 0.43 0.1436414275640297
0.15 0 0.44 0.1451729964439477
0.15 0 0.45 0.13691340295885
0.15 0 0.46 0.11196663219116237
0.15 0 0.47000000000000003 0.09895675464630659
0.15 0 0.48 0.09901100183314722
0.15 0 0.49 0.10261508849112563
0.15 0 0.5 0.11532804067280868
0.16 0 0.0 1.5297209781662806
0.16 0 0.01 1.4838066717063954
0.16 0 0.02 1.6869872386432128
0.16 0 0.03 1.8155942251231783
0.16 0 0.04 1.9097936256417605
0.16 0 0.05 2.2536290106953225
0.16 0 0.06 2.620499890048656
0.16 0 0.07 2.655177603318174
0.16 0 0.08 2.719279393360219
0.16 0 0.09 2.872619364761792
0.16 0 0.1 2.677992896734731
0.16 0 0.11 2.5742787078118305
0.16 0 0.12 3.045060861362797
0.16 0 0.13 3.303049951986483
0.16 0 0.14 2.796647801795176
0.16 0 0.15 2.459700843182162
0.16 0 0.16 2.2908406887138266
0.16 0 0.17 1.897657228784556
0.16 0 0.18 1.6799171937098565
0.16 0 0.19 1.6464206766881038
0.16 0 0.2 1.3662235739748867
0.16 0 0.21 1.141603357965084
0.16 0 0.22 1.246129181906666
0.16 0 0.23 1.2795315771820541
0.16 0 0.24 1.0523942669602229
0.16 0 0.25 0.9818433522655312
0.16 0 0.26 1.028021266771999
0.16 0 0.27 0.9089905865321913
0.16 0 0.28 0.7440149291841675
0.16 0 0.29 0.6103194201278204
0.16 0 0.3 0.4442478095869174
0.16 0 0.31 0.3457979291626666
0.16 0 0.32 0.3583102643591015
0.16 0 0.33 0.3931922705493045
0.16 0 0.34 0.38274049522222353
0.16 0 0.35000000000000003 0.38983295665548146
0.16 0 0.36 0.4122077644283814
0.16 0 0.37 0.36411699781052304
0.16 0 0.38 0.2832795926582924
0.16 0 0.39 0.23815905459408845
0.16 0 0.4 0.20956601757282878
0.16 0 0.41000000000000003 0.18309715929714482
0.16 0 0.42 0.18431455574846653
0.16 0 0.43 0.20697314386150822
0.16 0 0.44 0.1979858793536469
0.16 0 0.45 0.16717883869643332
0.16 0 0.46 0.15726922049019465
0.16 0 0.47000000000000003 0.15190195317075597
0.16 0 0.48 0.14250547883083828
0.16 0 0.49 0.16229211044777325
0.16 0 0.5 0.21070570423439902
0.17 0 0.0 5.543053108809006
0.17 0 0.01 5.230363517040719
0.17 0 0.02 3.951049785376669
0.17 0 0.03 3.5313149557666095
0.17 0 0.04 4.168894054170156
0.17 0 0.05 4.289255936626487
0.17 0 0.06 3.7119044803520613
0.17 0 0.07 3.5288007976568445
0.17 0 0.08 3.324885498517662
0.17 0 0.09 3.0323499014755284
0.17 0 0.1 3.368904624155769
0.17 0 0.11 3.789878388791833
0.17 0 0.12 3.4022528118479616
0.17 0 0.13 3.2441995883090367
0.17 0 0.14 3.59711761055482
0.17 0 0.15 3.4000578114694053
0.17 0 0.16 2.9376978386710726
0.17 0 0.17 2.848205790071935
0.17 0 0.18 2.537977298657856
0.17 0 0.19 2.0436141947727324
0.17 0 0.2 2.0517638203181563
0.17 0 0.21 2.4254662624978973
0.17 0 0.22 2.5134034822869276
0.17 0 0.23 2.4386145727327997
0.17 0 0.24 2.5742856749605734
0.17 0 0.25 2.6777226725217895
0.17 0 0.26 2.571181720574993
0.17 0 0.27 2.3513357693794763
0.17 0 0.28 1.8849705363620703
0.17 0 0.29 1.3360587281310705
0.17 0 0.3 1.097690403414399
0.17 0 0.31 1.1265854858357798
0.17 0 0.32 1.0529973531334518
0.17 0 0.33 0.8160329373650907
0.17 0 0.34 0.6820738968427515
0.17 0 0.35000000000000003 0.5959787480410411
0.17 0 0.36 0.4387458708505188
0.17 0 0.37 0.3298404910510305
0.17 0 0.38 0.3061208167386882
0.17 0 0.39 0.29027114216303485
0.17 0 0.4 0.2786111595472434
0.17 0 0.41000000000000003 0.3022783722352009
0.17 0 0.42 0.28684748341120003
0.17 0 0.43 0.22273683017266635
0.17 0 0.44 0.19813416967233088
0.17 0 0.45 0.18672518211178368
0.17 0 0.46 0.14385368970986018
0.17 0 0.47000000000000003 0.1224422104631501
0.17 0 0.48 0.138655902435971
0.17 0 0.49 0.14655426560224707
0.17 0 0.5 0.13651276901764323
0.18 0 0.0 4.23848022120022
0.18 0 0.01 4.83621042522328
0.18 0 0.02 6.524941626196981
0.18 0 0.03 8.338395282302166
0.18 0 0.04 8.709394033292476
0.18 0 0.05 8.684179648116526
0.18 0 0.06 7.496130987094117
0.18 0 0.07 5.33282199911183
0.18 0 0.08 4.433545447917437
0.18 0 0.09 4.675135401184336
0.18 0 0.1 4.711501104668473
0.18 0 0.11 4.632761603211017
0.18 0 0.12 5.0865316981349755
0.18 0 0.13 5.018863336092396
0.18 0 0.14 3.8899900834052716
0.18 0 0.15 3.0402984765891734
0.18 0 0.16 2.764467948182295
0.18 0 0.17 2.5438543637754605
0.18 0 0.18 2.3244253747909682
0.18 0 0.19 2.343315183473766
0.18 0 0.2 2.3819970472142735
0.18 0 0.21 2.207610697992925
0.18 0 0.22 2.0889757884996345
0.18 0 0.23 1.968959783386665
0.18 0 0.24 1.5646357048247723
0.18 0 0.25 1.2635517769520956
0.18 0 0.26 1.3021180060649657
0.18 0 0.27 1.3373912270378499
0.18 0 0.28 1.2021373495033927
0.18 0 0.29 1.2218397236941414
0.18 0 0.3 1.2626270598330522
0.18 0 0.31 0.9907368945576671
0.18 0 0.32 0.7373119776965854
0.18 0 0.33 0.6131144445112623
0.18 0 0.34 0.4404694982464187
0.18 0 0.35000000000000003 0.29439816979421135
0.18 0 0.36 0.24176127103451367
0.18 0 0.37 0.2110931646858754
0.18 0 0.38 0.1839238025803873
0.18 0 0.39 0.1925235674784892
0.18 0 0.4 0.19031551477196906
0.18 0 0.41000000000000003 0.13558912571236995
0.18 0 0.42 0.09904742866817211
0.18 0 0.43 0.09554958910766047
0.18 0 0.44 0.09355072874374493
0.18 0 0.45 0.08693335419886233
0.18 0 0.46 0.0924807466708672
0.18 0 0.47000000000000003 0.10498547160264157
0.18 0 0.48 0.11288157149178453
0.18 0 0.49 0.12299873035551949
0.18 0 0.5 0.12885063192284768
0.19 0 0.0 2.2193219429439996
0.19 0 0.01 2.077400668762347
0.19 0 0.02 1.8037252351022446
0.19 0 0.03 1.5829730966019195
0.19 0 0.04 1.4259050562040423
0.19 0 0.05 1.1554959432452494
0.19 0 0.06 0.9498164457337447
0.19 0 0.07 1.0192823371382704
0.19 0 0.08 1.2477257058893556
0.19 0 0.09 1.2745339155023823
0.19 0 0.1 1.1695961876228615
0.19 0 0.11 1.172998944691169
0.19 0 0.12 1.1439273290816951
0.19 0 0.13 1.0429584098671587
0.19 0 0.14 1.0903355707016424
0.19 0 0.15 1.2339469829795184
0.19 0 0.16 1.3014323802545384
0.19 0 0.17 1.5200557903529321
0.19 0 0.18 1.8988266784773762
0.19 0 0.19 1.8066661097040115
0.19 0 0.2 1.4943198927716081
0.19 0 0.21 1.469878598706061
0.19 0 0.22 1.4158994455455352
0.19 0 0.23 1.2336495242546137
0.19 0 0.24 1.3035965780847836
0.19 0 0.25 1.4698140390648582
0.19 0 0.26 1.319317577016976
0.19 0 0.27 1.163532387887043
0.19 0 0.28 1.1202937950044831
0.19 0 0.29 0.9183738275859327
0.19 0 0.3 0.7104331817768612
0.19 0 0.31 0.6465339212393626
0.19 0 0.32 0.562821534776523
0.19 0 0.33 0.4270896976840091
0.19 0 0.34 0.3559995626169304
0.19 0 0.35000000000000003 0.3144561344170643
0.19 0 0.36 0.25091333100530566
0.19 0 0.37 0.21382477389874452
0.19 0 0.38 0.21645002645522587
0.19 0 0.39 0.21097059765578352
0.19 0 0.4 0.18878413068612754
0.19 0 0.41000000000000003 0.18985490503855285
0.19 0 0.42 0.21211721984162651
0.19 0 0.43 0.22002763457844884
0.19 0 0.44 0.22412179099152785
0.19 0 0.45 0.25103868717612454
0.19 0 0.46 0.27262433404809744
0.19 0 0.47000000000000003 0.2772758770311384
0.19 0 0.48 0.307059263542619
0.19 0 0.49 0.32711926262270097
0.19 0 0.5 0.2813204396644002
0.2 0 0.0 1.9218212494430718
0.2 0 0.01 1.4803416097396183
0.2 0 0.02 1.1808914639784445
0.2 0 0.03 1.063553339323919
0.2 0 0.04 0.8993573692603634
0.2 0 0.05 0.7845044772321771
0.2 0 0.06 0.8051144015963639
0.2 0 0.07 0.7499788626203643
0.2 0 0.08 0.6155605687616942
0.2 0 0.09 0.6058097826326306
0.2 0 0.1 0.6118736285854596
0.2 0 0.11 0.4763902250249179
0.2 0 0.12 0.3792938716006751
0.2 0 0.13 0.3751561671114384
0.2 0 0.14 0.3761845904201812
0.2 0 0.15 0.41155801987770535
0.2 0 0.16 0.5340495777817692
0.2 0 0.17 0.5805511222007849
0.2 0 0.18 0.5096398131024028
0.2 0 0.19 0.5272011078798955
0.2 0 0.2 0.6033097329894009
0.2 0 0.21 0.581102171699623
0.2 0 0.22 0.5400677030737454
0.2 0 0.23 0.5417946483576211
0.2 0 0.24 0.5215039236949403
0.2 0 0.25 0.5345092765774886
0.2 0 0.26 0.6564065541328026
0.2 0 0.27 0.7594879144706259
0.2 0 0.28 0.7210386246776821
0.2 0 0.29 0.7144784999401951
0.2 0 0.3 0.8161523537036466
0.2 0 0.31 0.8559746059597939
0.2 0 0.32 0.7540381935850118
0.2 0 0.33 0.64100074323921
0.2 0 0.34 0.5470625897714754
0.2 0 0.35000000000000003 0.4873221548486465
0.2 0 0.36 0.5341353692924805
0.2 0 0.37 0.6337227965304466
0.2 0 0.38 0.5706876092243754
0.2 0 0.39 0.43397286193269186
0.2 0 0.4 0.38283886380468146
0.2 0 0.41000000000000003 0.33962112590382043
0.2 0 0.42 0.26948370504396235
0.2 0 0.43 0.2493878849243055
0.2 0 0.44 0.2621926816791796
0.2 0 0.45 0.2498878976121307
0.2 0 0.46 0.2557670158491466
0.2 0 0.47000000000000003 0.2890855703604757
0.2 0 0.48 0.2566994759378639
0.2 0 0.49 0.19943878797291706
0.2 0 0.5 0.1906563242257278
0.21 0 0.0 0.9055241828662504
0.21 0 0.01 0.8922413926782634
0.21 0 0.02 0.7804553222570009
0.21 0 0.03 0.619043681717797
0.21 0 0.04 0.613179182773039
0.21 0 0.05 0.6406026958875145
0.21 0 0.06 0.570409888997855
0.21 0 0.07 0.5982663014665878
0.21 0 0.08 0.80267011507137
0.21 0 0.09 0.9441762041143551
0.21 0 0.1 0.929798884841358
0.21 0 0.11 0.9150193546565714
0.21 0 0.12 0.8424368526072977
0.21 0 0.13 0.7531808819316818
0.21 0 0.14 0.7777763900771483
0.21 0 0.15 0.8096865071454754
0.21 0 0.16 0.7212423250517127
0.21 0 0.17 0.6682402299003757
0.21 0 0.18 0.7183736421091493
0.21 0 0.19 0.7074053711931685
0.21 0 0.2 0.5938493194450526
0.21 0 0.21 0.5417248892856698
0.21 0 0.22 0.5637891513015928
0.21 0 0.23 0.5599692997698678
0.21 0 0.24 0.5544725900127225
0.21 0 0.25 0.6118427148980955
0.21 0 0.26 0.648757254690104
0.21 0 0.27 0.6418975656711918
0.21 0 0.28 0.7136344824992972
0.21 0 0.29 0.7849330614994023
0.21 0 0.3 0.707161291388031
0.21 0 0.31 0.6717976716716421
0.21 0 0.32 0.7508409408632597
0.21 0 0.33 0.7552993757493374
0.21 0 0.34 0.7435675784927799
0.21 0 0.35000000000000003 0.8712468700523772
0.21 0 0.36 0.8899609071740137
0.21 0 0.37 0.701598678835971
0.21 0 0.38 0.610572122414852
0.21 0 0.39 0.5682647732703403
0.21 0 0.4 0.4391008330293636
0.21 0 0.41000000000000003 0.3541228764733709
0.21 0 0.42 0.3526665531281783
0.21 0 0.43 0.3508080524061359
0.21 0 0.44 0.3504791326798723
0.21 0 0.45 0.37131374836461056
0.21 0 0.46 0.3238496168969369
0.21 0 0.47000000000000003 0.24504013773509925
0.21 0 0.48 0.24400735524726438
0.21 0 0.49 0.3102843591523928
0.21 0 0.5 0.35785730416483336
0.22 0 0.0 0.6302345303456526
0.22 0 0.01 0.6042784427391786
0.22 0 0.02 0.6389453626518159
0.22 0 0.03 0.7780013911393607
0.22 0 0.04 0.8613888241285771
0.22 0 0.05 0.8677717062361029
0.22 0 0.06 0.9246265184040982
0.22 0 0.07 0.9450131816820428
0.22 0 0.08 0.8268336157182682
0.22 0 0.09 0.702742429567763
0.22 0 0.1 0.6359856944102009
0.22 0 0.11 0.5933643687439643
0.22 0 0.12 0.6365167310437938
0.22 0 0.13 0.8351129084106349
0.22 0 0.14 0.9811195316180917
0.22 0 0.15 0.8492941414130268
0.22 0 0.16 0.7365106832456861
0.22 0 0.17 0.7409211674161957
0.22 0 0.18 0.6829913285919609
0.22 0 0.19 0.628943507713071
0.22 0 0.2 0.7487266693993658
0.22 0 0.21 0.9604743479873004
0.22 0 0.22 1.1322517032192985
0.22 0 0.23 1.3747816700725695
0.22 0 0.24 1.4305174118509396
0.22 0 0.25 1.0853780529671766
0.22 0 0.26 0.8512817878854733
0.22 0 0.27 0.769851513502589
0.22 0 0.28 0.6057054520084137
0.22 0 0.29 0.49442569469167125
0.22 0 0.3 0.5499065047535224
0.22 0 0.31 0.6018773505309316
0.22 0 0.32 0.5250012659514159
0.22 0 0.33 0.4702096884229191
0.22 0 0.34 0.4355208905539906
0.22 0 0.35000000000000003 0.35998325809106785
0.22 0 0.36 0.31191002729396483
0.22 0 0.37 0.30188971421643823
0.22 0 0.38 0.28133867256028733
0.22 0 0.39 0.28528223605291786
0.22 0 0.4 0.3716291232519468
0.22 0 0.41000000000000003 0.4963464357780129
0.22 0 0.42 0.5498045789460836
0.22 0 0.43 0.5721971097361923
0.22 0 0.44 0.5918465912941951
0.22 0 0.45 0.5344614838819904
0.22 0 0.46 0.46549283793898383
0.22 0 0.47000000000000003 0.49309622310629153
0.22 0 0.48 0.5670134050370782
0.22 0 0.49 0.5756343868504284
0.22 0 0.5 0.5990317457334554
0.23 0 0.0 0.7121149798431815
0.23 0 0.01 0.7555258300365267
0.23 0 0.02 0.8887681097726343
0.23 0 0.03 0.9498220584570892
0.23 0 0.04 0.9746569726765568
0.23 0 0.05 1.03438156305131
0.23 0 0.06 0.9430915841829598
0.23 0 0.07 0.7786270585502354
0.23 0 0.08 0.7729697807837929
0.23 0 0.09 0.8020771493755088
0.23 0 0.1 0.7180948819485773
0.23 0 0.11 0.748666862922393
0.23 0 0.12 0.9740235842726477
0.23 0 0.13 1.0892831385679709
0.23 0 0.14 1.0768778484946915
0.23 0 0.15 1.1667964297031213
0.23 0 0.16 1.1402972378665246
0.23 0 0.17 0.9999755106066692
0.23 0 0.18 1.072966406108696
0.23 0 0.19 1.2471049146022144
0.23 0 0.2 1.246410667681712
0.23 0 0.21 1.2842688831052353
0.23 0 0.22 1.3391815619909095
0.23 0 0.23 1.08620649294582
0.23 0 0.24 0.8317313443347844
0.23 0 0.25 0.782653626762245
0.23 0 0.26 0.7109539353357962
0.23 0 0.27 0.532551677961312
0.23 0 0.28 0.4177796953616159
0.23 0 0.29 0.37212290949819526
0.23 0 0.3 0.33083898847553184
0.23 0 0.31 0.3034683014375381
0.23 0 0.32 0.3020199471253831
0.23 0 0.33 0.296947269209291
0.23 0 0.34 0.2996088820036626
0.23 0 0.35000000000000003 0.35693737085064675
0.23 0 0.36 0.4305454711118545
0.23 0 0.37 0.4093017248571421
0.23 0 0.38 0.3612037711692308
0.23 0 0.39 0.38133413387642257
0.23 0 0.4 0.4196457067816878
0.23 0 0.41000000000000003 0.4413844766941013
0.23 0 0.42 0.528295259906591
0.23 0 0.43 0.6330619474593104
0.23 0 0.44 0.6036544740802643
0.23 0 0.45 0.5792929043974743
0.23 0 0.46 0.6449397889487801
0.23 0 0.47000000000000003 0.641192093322383
0.23 0 0.48 0.5997274776742788
0.23 0 0.49 0.6584767200015579
0.23 0 0.5 0.6867151687974066
0.24 0 0.0 0.7092233451543185
0.24 0 0.01 0.6570685492239593
0.24 0 0.02 0.5260834440960818
0.24 0 0.03 0.5452856524564828
0.24 0 0.04 0.6293075602883115
0.24 0 0.05 0.6054588373311489
0.24 0 0.06 0.6133069210650135
0.24 0 0.07 0.69790957617339
0.24 0 0.08 0.6753987304659274
0.24 0 0.09 0.6133793047775142
0.24 0 0.1 0.6114928340813943
0.24 0 0.11 0.5303264391129849
0.24 0 0.12 0.4084408234505491
0.24 0 0.13 0.3802498816610598
0.24 0 0.14 0.38688777085708265
0.24 0 0.15 0.34985226882786796
0.24 0 0.16 0.3349251306843168
0.24 0 0.17 0.36705084659482756
0.24 0 0.18 0.37681773124596085
0.24 0 0.19 0.36028972160483647
0.24 0 0.2 0.35785584008934007
0.24 0 0.21 0.327910594502055
0.24 0 0.22 0.2615533289912893
0.24 0 0.23 0.2282126929154343
0.24 0 0.24 0.23732659480632184
0.24 0 0.25 0.2378451177656409
0.24 0 0.26 0.22307293020611432
0.24 0 0.27 0.23511035957251825
0.24 0 0.28 0.2586388710421388
0.24 0 0.29 0.2588233767109135
0.24 0 0.3 0.2780356909532055
0.24 0 0.31 0.33091580687589645
0.24 0 0.32 0.3537752273375462
0.24 0 0.33 0.3868357848553784
0.24 0 0.34 0.5146835406725796
0.24 0 0.35000000000000003 0.6072590912060937
0.24 0 0.36 0.5606832670398428
0.24 0 0.37 0.5671226837199279
0.24 0 0.38 0.6122396581859632
0.24 0 0.39 0.5575866801845948
0.24 0 0.4 0.5142548759685137
0.24 0 0.41000000000000003 0.49957333675803767
0.24 0 0.42 0.3901546882599953
0.24 0 0.43 0.29400296538457815
0.24 0 0.44 0.2882372696903912
0.24 0 0.45 0.2908978482332148
0.24 0 0.46 0.2694174801818578
0.24 0 0.47000000000000003 0.2975801083457884
0.24 0 0.48 0.36087585079618456
0.24 0 0.49 0.3692008316210412
0.24 0 0.5 0.35243221227792726
0.25 0 0.0 0.6168740202909255
0.25 0 0.01 0.6847932550107718
0.25 0 0.02 0.816897472373146
0.25 0 0.03 0.7540314552874523
0.25 0 0.04 0.627978422001219
0.25 0 0.05 0.6263403569405726
0.25 0 0.06 0.6563983422832633
0.25 0 0.07 0.6442384159484756
0.25 0 0.08 0.6679588331872316
0.25 0 0.09 0.709448061408126
0.25 0 0.1 0.6943088890895571
0.25 0 0.11 0.7046901385435154
0.25 0 0.12 0.7807438865322337
0.25 0 0.13 0.7427400216216571
0.25 0 0.14 0.5662343637060775
0.25 0 0.15 0.4694444478051189
0.25 0 0.16 0.48879382774837227
0.25 0 0.17 0.5446661666261523
0.25 0 0.18 0.6258514177210747
0.25 0 0.19 0.7128794174990082
0.25 0 0.2 0.6323783114344648
0.25 0 0.21 0.47523906262048654
0.25 0 0.22 0.4302775964296854
0.25 0 0.23 0.40786432569784603
0.25 0 0.24 0.31359352098627696
0.25 0 0.25 0.2669718868752911
0.25 0 0.26 0.30509863050156644
0.25 0 0.27 0.35138243789383633
0.25 0 0.28 0.39275568057472715
0.25 0 0.29 0.46049449631106204
0.25 0 0.3 0.4389361544105104
0.25 0 0.31 0.3543200467169061
0.25 0 0.32 0.34894122132491356
0.25 0 0.33 0.3687647475963599
0.25 0 0.34 0.3309852837835324
0.25 0 0.35000000000000003 0.33169592400527276
0.25 0 0.36 0.4062844951980021
0.25 0 0.37 0.4442184742013172
0.25 0 0.38 0.43484855158633706
0.25 0 0.39 0.44621644267855465
0.25 0 0.4 0.40414938628664027
0.25 0 0.41000000000000003 0.30549226975266947
0.25 0 0.42 0.25040120609084243
0.25 0 0.43 0.24080156220305385
0.25 0 0.44 0.2503074335363944
0.25 0 0.45 0.3106668398320821
0.25 0 0.46 0.47284288164004207
0.25 0 0.47000000000000003 0.6803113998679863
0.25 0 0.48 0.8061860370095845
0.25 0 0.49 0.9114002578601046
0.25 0 0.5 0.9984835759912626
0.26 0 0.0 0.5407529090818984
0.26 0 0.01 0.5388388915015997
0.26 0 0.02 0.44903012843861256
0.26 0 0.03 0.3883558991061635
0.26 0 0.04 0.40435503987508786
0.26 0 0.05 0.4123549529703211
0.26 0 0.06 0.39098575501037325
0.26 0 0.07 0.41867137999982484
0.26 0 0.08 0.46989186165381963
0.26 0 0.09 0.47157193434106953
0.26 0 0.1 0.48351364076228565
0.26 0 0.11 0.4980616184549783
0.26 0 0.12 0.4267277532421843
0.26 0 0.13 0.37963689568179293
0.26 0 0.14 0.42881185107954495
0.26 0 0.15 0.44907156595380787
0.26 0 0.16 0.40902751604030047
0.26 0 0.17 0.44347815529200046
0.26 0 0.18 0.48812343750592724
0.26 0 0.19 0.4147141820022307
0.26 0 0.2 0.35511456341174824
0.26 0 0.21 0.3494417595799491
0.26 0 0.22 0.31919758510781476
0.26 0 0.23 0.30872769973246283
0.26 0 0.24 0.370120587582292
0.26 0 0.25 0.41009000753925023
0.26 0 0.26 0.3754956865281414
0.26 0 0.27 0.34971127511691036
0.26 0 0.28 0.31300986424221505
0.26 0 0.29 0.2529525802429462
0.26 0 0.3 0.23998835446806593
0.26 0 0.31 0.27333020760759236
0.26 0 0.32 0.2737145767111428
0.26 0 0.33 0.24281245997753856
0.26 0 0.34 0.2472516966908658
0.26 0 0.35000000000000003 0.2705276940082532
0.26 0 0.36 0.2526654814940097
0.26 0 0.37 0.21521636403292227
0.26 0 0.38 0.1998126648457399
0.26 0 0.39 0.2020847567913341
0.26 0 0.4 0.2237443735320192
0.26 0 0.41000000000000003 0.27304994423279705
0.26 0 0.42 0.2944444488194414
0.26 0 0.43 0.2603400559373331
0.26 0 0.44 0.2622039965176553
0.26 0 0.45 0.31459692393387917
0.26 0 0.46 0.3109263092249792
0.26 0 0.47000000000000003 0.26601698993653095
0.26 0 0.48 0.2682908505239207
0.26 0 0.49 0.27737939278973206
0.26 0 0.5 0.26454104094241415
0.27 0 0.0 0.4422181750048126
0.27 0 0.01 0.3708899111986319
0.27 0 0.02 0.37106422779262693
0.27 0 0.03 0.42139132963446996
0.27 0 0.04 0.43761191269607774
0.27 0 0.05 0.4720328244290318
0.27 0 0.06 0.5037944518856065
0.27 0 0.07 0.4312874699748287
0.27 0 0.08 0.38865808315787725
0.27 0 0.09 0.45311202533349976
0.27 0 0.1 0.4885611944173954
0.27 0 0.11 0.47417655505670175
0.27 0 0.12 0.5827751405308328
0.27 0 0.13 0.7812497478432914
0.27 0 0.14 0.8594301266401706
0.27 0 0.15 0.9156939868700307
0.27 0 0.16 0.9921297794234726
0.27 0 0.17 0.8788393925156422
0.27 0 0.18 0.6900283785057068
0.27 0 0.19 0.5779896134101892
0.27 0 0.2 0.48104272010795995
0.27 0 0.21 0.40688937913520007
0.27 0 0.22 0.40592504089949816
0.27 0 0.23 0.4110263077518298
0.27 0 0.24 0.33361332516184494
0.27 0 0.25 0.24721765219462397
0.27 0 0.26 0.20263122365743894
0.27 0 0.27 0.16192959808601584
0.27 0 0.28 0.11792368364406618
0.27 0 0.29 0.0987586609397574
0.27 0 0.3 0.09920998429060555
0.27 0 0.31 0.09553790022134481
0.27 0 0.32 0.09168635413912907
0.27 0 0.33 0.09987065403152642
0.27 0 0.34 0.10248128667835378
0.27 0 0.35000000000000003 0.09592649046794807
0.27 0 0.36 0.10619751471261739
0.27 0 0.37 0.12855171166984528
0.27 0 0.38 0.14187598325059242
0.27 0 0.39 0.17465832437864343
0.27 0 0.4 0.2319173907221108
0.27 0 0.41000000000000003 0.23516981982826188
0.27 0 0.42 0.2192924890027302
0.27 0 0.43 0.257790417843244
0.27 0 0.44 0.27934410728862885
0.27 0 0.45 0.22561827142356625
0.27 0 0.46 0.17982316342104968
0.27 0 0.47000000000000003 0.14652475165269033
0.27 0 0.48 0.11032988985873113
0.27 0 0.49 0.09554571786906271
0.27 0 0.5 0.09728983253852987
0.28 0 0.0 0.3065817426896678
0.28 0 0.01 0.3838483988827757
0.28 0 0.02 0.38199483793760813
0.28 0 0.03 0.34741308942192756
0.28 0 0.04 0.344000710397517
0.28 0 0.05 0.30325262036989553
0.28 0 0.06 0.24795136579729446
0.28 0 0.07 0.24614929700912522
0.28 0 0.08 0.2605088297544568
0.28 0 0.09 0.238242385054523
0.28 0 0.1 0.22440264152975084
0.28 0 0.11 0.24478412578061254
0.28 0 0.12 0.2563043109076433
0.28 0 0.13 0.24180865356532988
0.28 0 0.14 0.2343778191365021
0.28 0 0.15 0.23333276008654577
0.28 0 0.16 0.22819219063464707
0.28 0 0.17 0.24132778019832665
0.28 0 0.18 0.26284372344986395
0.28 0 0.19 0.2363203453137184
0.28 0 0.2 0.19875623906601594
0.28 0 0.21 0.21585648771796587
0.28 0 0.22 0.25960782321755
0.28 0 0.23 0.25756212652846844
0.28 0 0.24 0.24545901449897248
0.28 0 0.25 0.24724663918020437
0.28 0 0.26 0.2209183459717697
0.28 0 0.27 0.20054419723064584
0.28 0 0.28 0.213876574626106
0.28 0 0.29 0.1963215786363835
0.28 0 0.3 0.14822586742454857
0.28 0 0.31 0.13172978974396163
0.28 0 0.32 0.12727192873416707
0.28 0 0.33 0.10610896032479229
0.28 0 0.34 0.09390793535100034
0.28 0 0.35000000000000003 0.08989014582752844
0.28 0 0.36 0.07171973148968594
0.28 0 0.37 0.05798264659418856
0.28 0 0.38 0.0608421476484043
0.28 0 0.39 0.06326735131651678
0.28 0 0.4 0.05846862131412204
0.28 0 0.41000000000000003 0.06325919798973592
0.28 0 0.42 0.0791832770503013
0.28 0 0.43 0.09469687760196666
0.28 0 0.44 0.11398614019482955
0.28 0 0.45 0.13413691196686034
0.28 0 0.46 0.12810917203802238
0.28 0 0.47000000000000003 0.11159083169751437
0.28 0 0.48 0.11656952936088995
0.28 0 0.49 0.13870405174573025
0.28 0 0.5 0.1595145620547944
0.29 0 0.0 0.3452209871602887
0.29 0 0.01 0.38231868184973056
0.29 0 0.02 0.43011585732280616
0.29 0 0.03 0.491157788940312
0.29 0 0.04 0.5178492122621166
0.29 0 0.05 0.5548085107877022
0.29 0 0.06 0.6496848019707411
0.29 0 0.07 0.6778142781833475
0.29 0 0.08 0.5944990137832209
0.29 0 0.09 0.5791976158409808
0.29 0 0.1 0.6434137707703315
0.29 0 0.11 0.6310655093271513
0.29 0 0.12 0.5894689351634755
0.29 0 0.13 0.6120444791343573
0.29 0 0.14 0.5746222795702769
0.29 0 0.15 0.47382935521811126
0.29 0 0.16 0.4299001450152528
0.29 0 0.17 0.3678476424316484
0.29 0 0.18 0.26067008028933514
0.29 0 0.19 0.22006467084386663
0.29 0 0.2 0.23385163372008547
0.29 0 0.21 0.21387515958396197
0.29 0 0.22 0.1759294858692348
0.29 0 0.23 0.15558872981705596
0.29 0 0.24 0.11944827466872175
0.29 0 0.25 0.08293376863743383
0.29 0 0.26 0.07262273442958868
0.29 0 0.27 0.07153808449254549
0.29 0 0.28 0.06592745740736136
0.29 0 0.29 0.07167469966728929
0.29 0 0.3 0.09279110314576848
0.29 0 0.31 0.10300761837647784
0.29 0 0.32 0.09791808993168627
0.29 0 0.33 0.09529962103824867
0.29 0 0.34 0.08966036022194128
0.29 0 0.35000000000000003 0.08309904664950225
0.29 0 0.36 0.09061370789010084
0.29 0 0.37 0.1068508107996775
0.29 0 0.38 0.11053097817350854
0.29 0 0.39 0.1115015045032139
0.29 0 0.4 0.1283872173580379
0.29 0 0.41000000000000003 0.1391417852543347
0.29 0 0.42 0.1202242521290803
0.29 0 0.43 0.10172313713005916
0.29 0 0.44 0.09666209573240726
0.29 0 0.45 0.09296527843749472
0.29 0 0.46 0.097571899652422
0.29 0 0.47000000000000003 0.12123011777990247
0.29 0 0.48 0.14063176373242872
0.29 0 0.49 0.14825457235868142
0.29 0 0.5 0.1840011301753288
0.3 0 0.0 0.6974945753297431
0.3 0 0.01 0.754935082011865
0.3 0 0.02 0.8367518804018926
0.3 0 0.03 0.8533835812226773
0.3 0 0.04 0.9949009389902941
0.3 0 0.05 1.2141649575427755
0.3 0 0.06 1.1252824731656628
0.3 0 0.07 0.9952861382885714
0.3 0 0.08 1.1071911982419178
0.3 0 0.09 1.1358628086911986
0.3 0 0.1 0.9328906387412342
0.3 0 0.11 0.785369042959401
0.3 0 0.12 0.6407324562025258
0.3 0 0.13 0.47255387908992985
0.3 0 0.14 0.4070626355013475
0.3 0 0.15 0.3783905345451843
0.3 0 0.16 0.2874185643101995
0.3 0 0.17 0.23037674838273053
0.3 0 0.18 0.2494804193107287
0.3 0 0.19 0.2683879834749717
0.3 0 0.2 0.24344840925879718
0.3 0 0.21 0.2273982110455205
0.3 0 0.22 0.21475412711177239
0.3 0 0.23 0.18294520158449856
0.3 0 0.24 0.16433975765325615
0.3 0 0.25 0.1721495542069326
0.3 0 0.26 0.1859497096397317
0.3 0 0.27 0.2048207481157062
0.3 0 0.28 0.24372011845045582
0.3 0 0.29 0.26535051498525464
0.3 0 0.3 0.2334450630093682
0.3 0 0.31 0.2071511246229821
0.3 0 0.32 0.21401478011731181
0.3 0 0.33 0.2114024111691444
0.3 0 0.34 0.19633957139520294
0.3 0 0.35000000000000003 0.21192815797579972
0.3 0 0.36 0.23152819606461886
0.3 0 0.37 0.20572543986763428
0.3 0 0.38 0.18192669650150856
0.3 0 0.39 0.1730947042875524
0.3 0 0.4 0.14174259970107397
0.3 0 0.41000000000000003 0.11730266299489275
0.3 0 0.42 0.12846391810354982
0.3 0 0.43 0.1496475181631376
0.3 0 0.44 0.16559077751531626
0.3 0 0.45 0.2091097321790423
0.3 0 0.46 0.25232754492712806
0.3 0 0.47000000000000003 0.2505446453991507
0.3 0 0.48 0.29199453101249767
0.3 0 0.49 0.4053645394748885
0.3 0 0.5 0.4273213846589376
#STOP
