#MEDIUM_PROPERTIES_DISTRIBUTED
$MSH_TYPE
	 GROUNDWATER_FLOW	
$MMP_TYPE
	 PERMEABILITY	
$DIS_TYPE
	 NEAREST_VALUE	
;hj
$CONVERSION_FACTOR
2e-8;2e-6;2e-13
$DATA
0.0 0 0.0 0.4846317108497413
0.0 0 0.01 1.0736720014916437
0.0 0 0.02 0.4083512673707527
0.0 0 0.03 0.3249853469492955
0.0 0 0.04 0.5072972294761278
0.0 0 0.05 1.2805847623588265
0.0 0 0.06 0.8810753967002305
0.0 0 0.07 2.265112369914362
0.0 0 0.08 1.2606837404537516
0.0 0 0.09 0.0779349064871415
0.0 0 0.1 0.06875991180322819
0.0 0 0.11 0.11285114530401981
0.0 0 0.12 0.08048529934215952
0.0 0 0.13 0.5217444659574195
0.0 0 0.14 0.09467266270708959
0.0 0 0.15 0.06914748807972389
0.0 0 0.16 0.013845645943882294
0.0 0 0.17 0.002801284541281755
0.0 0 0.18 0.008163873540525227
0.0 0 0.19 0.007600992300267754
0.0 0 0.2 0.012510190389724594
0.0 0 0.21 0.027099348672956373
0.0 0 0.22 0.04576099586781917
0.0 0 0.23 0.07660963229563265
0.0 0 0.24 0.07306455074388486
0.0 0 0.25 0.07216117369585605
0.0 0 0.26 0.09292379663970428
0.0 0 0.27 0.3546472848211144
0.0 0 0.28 0.23557934711790815
0.0 0 0.29 0.06100137339327538
0.0 0 0.3 0.0860021795760972
0.0 0 0.31 0.01858898510568314
0.0 0 0.32 0.004742896897385057
0.0 0 0.33 0.0032439456460436867
0.0 0 0.34 0.013668207864525836
0.0 0 0.35000000000000003 0.00218857640444872
0.0 0 0.36 0.001399424634305127
0.0 0 0.37 0.0069598110917477325
0.0 0 0.38 0.00029759058677945416
0.0 0 0.39 0.00022047917880427357
0.0 0 0.4 0.0005086394312984741
0.0 0 0.41000000000000003 0.0012634717783870618
0.0 0 0.42 0.009794962845709415
0.0 0 0.43 0.02542478080694669
0.0 0 0.44 0.053721914421457094
0.0 0 0.45 0.07166523445824227
0.0 0 0.46 0.07204603256822645
0.0 0 0.47000000000000003 0.22177120331157674
0.0 0 0.48 0.038642512379064436
0.0 0 0.49 0.07584358626994554
0.0 0 0.5 0.059655811683854476
0.01 0 0.0 0.649763822287187
0.01 0 0.01 2.839102632996615
0.01 0 0.02 1.4417394958788348
0.01 0 0.03 0.5987927771812613
0.01 0 0.04 0.5267592925503338
0.01 0 0.05 0.27762356177567127
0.01 0 0.06 0.16373318567870424
0.01 0 0.07 0.37233373916679235
0.01 0 0.08 0.21484650509386946
0.01 0 0.09 0.08769257632735311
0.01 0 0.1 0.11208142565869779
0.01 0 0.11 0.05637452867458562
0.01 0 0.12 0.0527719758189679
0.01 0 0.13 0.05849880076371982
0.01 0 0.14 0.04551303303459213
0.01 0 0.15 0.07505746700294108
0.01 0 0.16 0.0059659460357969945
0.01 0 0.17 0.006209633158674074
0.01 0 0.18 0.002679663216161935
0.01 0 0.19 0.0008799972166781342
0.01 0 0.2 0.0022345756904091412
0.01 0 0.21 0.016066559015631532
0.01 0 0.22 0.047789574413633455
0.01 0 0.23 0.14715380375621523
0.01 0 0.24 0.18447164399316704
0.01 0 0.25 0.25599281621129194
0.01 0 0.26 0.06473234941422094
0.01 0 0.27 0.014141742556256843
0.01 0 0.28 0.021147270526613752
0.01 0 0.29 0.03725079093011106
0.01 0 0.3 0.02918346901295591
0.01 0 0.31 0.03819894895804611
0.01 0 0.32 0.009457716491695606
0.01 0 0.33 0.008237548969207748
0.01 0 0.34 0.005539691359790943
0.01 0 0.35000000000000003 0.001875605546449761
0.01 0 0.36 0.002672767200257457
0.01 0 0.37 0.0014508575141348537
0.01 0 0.38 0.0004213532802633956
0.01 0 0.39 0.000645137158175918
0.01 0 0.4 0.0006893224624992486
0.01 0 0.41000000000000003 0.0007060621694916834
0.01 0 0.42 0.0015680727731018
0.01 0 0.43 0.002098150875315619
0.01 0 0.44 0.05809360335629876
0.01 0 0.45 0.06275930830499188
0.01 0 0.46 0.0029222044804507216
0.01 0 0.47000000000000003 0.009350210669800369
0.01 0 0.48 0.009244100386454073
0.01 0 0.49 0.007434603657453715
0.01 0 0.5 0.00789683323990669
0.02 0 0.0 3.829402684952132
0.02 0 0.01 1.786480409820622
0.02 0 0.02 3.004104185940547
0.02 0 0.03 0.40153223305171704
0.02 0 0.04 0.14689391391609866
0.02 0 0.05 0.04207647202411094
0.02 0 0.06 0.041411188594301686
0.02 0 0.07 0.042017173275227304
0.02 0 0.08 0.068913435458888
0.02 0 0.09 0.29330859333406684
0.02 0 0.1 0.021689680747718737
0.02 0 0.11 0.013805765623139062
0.02 0 0.12 0.02465130835891959
0.02 0 0.13 0.009059577001251436
0.02 0 0.14 0.006435102656536963
0.02 0 0.15 0.03374917390438634
0.02 0 0.16 0.007359439381721902
0.02 0 0.17 0.006556555553223118
0.02 0 0.18 0.0008936968567526698
0.02 0 0.19 0.00046771529422554313
0.02 0 0.2 0.0012369334257868003
0.02 0 0.21 0.01215235012303318
0.02 0 0.22 0.014849147964965344
0.02 0 0.23 0.10654000452038666
0.02 0 0.24 0.18732095712264965
0.02 0 0.25 0.5751522515494175
0.02 0 0.26 0.13408284677654117
0.02 0 0.27 0.13064725131792584
0.02 0 0.28 0.19103748611825816
0.02 0 0.29 0.1164764950764725
0.02 0 0.3 0.08448785455396236
0.02 0 0.31 0.0850842445733726
0.02 0 0.32 0.06521055474666565
0.02 0 0.33 0.018709042358404374
0.02 0 0.34 0.0028101842594762975
0.02 0 0.35000000000000003 0.0034366151962491108
0.02 0 0.36 0.011507262097241856
0.02 0 0.37 0.0010643086233794786
0.02 0 0.38 0.0016320562855805447
0.02 0 0.39 0.015477142547241342
0.02 0 0.4 0.006031320578699017
0.02 0 0.41000000000000003 0.000795562287320678
0.02 0 0.42 0.0013039483994004778
0.02 0 0.43 0.005925061395488365
0.02 0 0.44 0.007200696113131766
0.02 0 0.45 0.002481625546715888
0.02 0 0.46 0.001040208013715374
0.02 0 0.47000000000000003 0.0007744718925517906
0.02 0 0.48 0.00039318529547683104
0.02 0 0.49 0.0006284514814502094
0.02 0 0.5 0.002375817537700806
0.03 0 0.0 5.123067311833173
0.03 0 0.01 4.2656102150604855
0.03 0 0.02 3.0949552265861953
0.03 0 0.03 3.776745445588116
0.03 0 0.04 1.8140484641808607
0.03 0 0.05 0.3338985623271026
0.03 0 0.06 0.13426374743766525
0.03 0 0.07 0.09914269552935615
0.03 0 0.08 0.049772848592655544
0.03 0 0.09 0.14871179153145836
0.03 0 0.1 0.05411129085105665
0.03 0 0.11 0.0244952407825546
0.03 0 0.12 0.055824394070827586
0.03 0 0.13 0.038018482243698956
0.03 0 0.14 0.007753895387101803
0.03 0 0.15 0.01090988822510944
0.03 0 0.16 0.0073988030585760345
0.03 0 0.17 0.006576244899431415
0.03 0 0.18 0.0011660714066091557
0.03 0 0.19 0.004621749037079214
0.03 0 0.2 0.0013056479507680232
0.03 0 0.21 0.00156851912730382
0.03 0 0.22 0.005827102305319666
0.03 0 0.23 0.010685482766838618
0.03 0 0.24 0.08751352434339188
0.03 0 0.25 0.2942331885497437
0.03 0 0.26 0.19041167398850525
0.03 0 0.27 1.2912822970567652
0.03 0 0.28 0.31179562194997384
0.03 0 0.29 0.08007568692709259
0.03 0 0.3 0.041158943656948443
0.03 0 0.31 0.03080994502238275
0.03 0 0.32 0.01601866810333599
0.03 0 0.33 0.01195330123443463
0.03 0 0.34 0.0035416141857907
0.03 0 0.35000000000000003 0.0012792370171548471
0.03 0 0.36 0.006186194597913157
0.03 0 0.37 0.006159633365622823
0.03 0 0.38 0.01014389173033036
0.03 0 0.39 0.012725170115520903
0.03 0 0.4 0.0040906429982790985
0.03 0 0.41000000000000003 0.002524372934123918
0.03 0 0.42 0.0009145586813386343
0.03 0 0.43 0.002744188213038995
0.03 0 0.44 0.0007682443398814868
0.03 0 0.45 0.0020872848955750265
0.03 0 0.46 0.009951786185805426
0.03 0 0.47000000000000003 0.0004884979735299719
0.03 0 0.48 0.00018425861933943897
0.03 0 0.49 0.0005875574257190613
0.03 0 0.5 0.0004257156636689528
0.04 0 0.0 6.153405930598405
0.04 0 0.01 6.081395792588203
0.04 0 0.02 1.511463509651151
0.04 0 0.03 1.0453468111776985
0.04 0 0.04 1.6211714905865833
0.04 0 0.05 0.40879357134094857
0.04 0 0.06 0.09807493298533766
0.04 0 0.07 0.06965886849039601
0.04 0 0.08 0.21124840829955951
0.04 0 0.09 0.17284799991901953
0.04 0 0.1 0.04516626398246746
0.04 0 0.11 0.014701483547701927
0.04 0 0.12 0.016589719375840233
0.04 0 0.13 0.02884524187179279
0.04 0 0.14 0.037052318541605914
0.04 0 0.15 0.07800074479403013
0.04 0 0.16 0.06695430305961098
0.04 0 0.17 0.03669811004602903
0.04 0 0.18 0.0033732447313913503
0.04 0 0.19 0.0061099499072866615
0.04 0 0.2 0.0003524143927104194
0.04 0 0.21 0.0007583574210576345
0.04 0 0.22 0.0013953025855184217
0.04 0 0.23 0.005438181351468335
0.04 0 0.24 0.0236293414657147
0.04 0 0.25 0.036811423521615795
0.04 0 0.26 0.03722650411961636
0.04 0 0.27 0.1577130635152133
0.04 0 0.28 0.12873374696348777
0.04 0 0.29 0.8269440230642019
0.04 0 0.3 0.3230730900106506
0.04 0 0.31 0.04789285799472066
0.04 0 0.32 0.009334205282450424
0.04 0 0.33 0.01959128567994782
0.04 0 0.34 0.017140722271745734
0.04 0 0.35000000000000003 0.016394394160817703
0.04 0 0.36 0.01813444612864821
0.04 0 0.37 0.012925915573595018
0.04 0 0.38 0.00283951547610916
0.04 0 0.39 0.0006774727971716431
0.04 0 0.4 0.0026294689532578687
0.04 0 0.41000000000000003 0.009533254832033987
0.04 0 0.42 0.004766688105517822
0.04 0 0.43 0.005770361957948159
0.04 0 0.44 0.0061172905619855215
0.04 0 0.45 0.011244912357043774
0.04 0 0.46 0.005703458332667808
0.04 0 0.47000000000000003 0.001083124223626133
0.04 0 0.48 0.0014628981997532448
0.04 0 0.49 0.0018440651473837898
0.04 0 0.5 0.0019768503953467753
0.05 0 0.0 0.38113818702957325
0.05 0 0.01 0.31151292995903507
0.05 0 0.02 0.6506448167519407
0.05 0 0.03 0.2632278418070924
0.05 0 0.04 0.38055685945542717
0.05 0 0.05 0.45866548176534655
0.05 0 0.06 1.4358398336166098
0.05 0 0.07 1.4478210338907105
0.05 0 0.08 1.0128529980355339
0.05 0 0.09 0.6544707166846547
0.05 0 0.1 0.3104162223068622
0.05 0 0.11 0.12512340155909388
0.05 0 0.12 0.0166420994986132
0.05 0 0.13 0.02878047691517624
0.05 0 0.14 0.005959091054796933
0.05 0 0.15 0.006710194272643333
0.05 0 0.16 0.04902942730376043
0.05 0 0.17 0.031928626816510264
0.05 0 0.18 0.03517244044690897
0.05 0 0.19 0.007251507574940918
0.05 0 0.2 0.002873115243561383
0.05 0 0.21 0.012010299685461079
0.05 0 0.22 0.0024657521917280122
0.05 0 0.23 0.009762813243861652
0.05 0 0.24 0.02527280700783957
0.05 0 0.25 0.05959815973735224
0.05 0 0.26 0.10804049839604482
0.05 0 0.27 0.11211495010921656
0.05 0 0.28 0.07747623370470487
0.05 0 0.29 0.19859278174210354
0.05 0 0.3 0.23029812065235755
0.05 0 0.31 0.02982984111136888
0.05 0 0.32 0.026521644649868607
0.05 0 0.33 0.046755420238434285
0.05 0 0.34 0.0208993653971016
0.05 0 0.35000000000000003 0.022100806381252544
0.05 0 0.36 0.007778879923635269
0.05 0 0.37 0.007980365148421433
0.05 0 0.38 0.0009107318660394755
0.05 0 0.39 0.0013982467185903347
0.05 0 0.4 0.005541045375749049
0.05 0 0.41000000000000003 0.0017503463980166676
0.05 0 0.42 0.0018681946041033647
0.05 0 0.43 0.011185976152405255
0.05 0 0.44 0.027081941957281752
0.05 0 0.45 0.017220350689790293
0.05 0 0.46 0.0023379832446434657
0.05 0 0.47000000000000003 0.009556900709482893
0.05 0 0.48 0.0035867402728509703
0.05 0 0.49 0.0010023607096902541
0.05 0 0.5 0.003239524091502281
0.06 0 0.0 0.06034571811142196
0.06 0 0.01 0.05099438874272518
0.06 0 0.02 0.10716076025456217
0.06 0 0.03 0.042922816934897724
0.06 0 0.04 0.16428104523041137
0.06 0 0.05 0.1754451527907411
0.06 0 0.06 0.4190620817787991
0.06 0 0.07 0.6920979274055007
0.06 0 0.08 0.4852605437238496
0.06 0 0.09 0.9229217610463942
0.06 0 0.1 5.391166299072294
0.06 0 0.11 0.5408064296837265
0.06 0 0.12 0.09301350182577321
0.06 0 0.13 0.08753326067972769
0.06 0 0.14 0.02165136186147324
0.06 0 0.15 0.009354320596846846
0.06 0 0.16 0.02180345988271882
0.06 0 0.17 0.02236735399988694
0.06 0 0.18 0.030505586423002162
0.06 0 0.19 0.006138203749204179
0.06 0 0.2 0.0025079362559956224
0.06 0 0.21 0.010167553700592606
0.06 0 0.22 0.008580364236568659
0.06 0 0.23 0.03565792726774979
0.06 0 0.24 0.05069974887192581
0.06 0 0.25 0.07317925961170103
0.06 0 0.26 0.17282647745831664
0.06 0 0.27 0.2898719136210988
0.06 0 0.28 0.062141493935212885
0.06 0 0.29 0.027150711673834635
0.06 0 0.3 0.013649324637749776
0.06 0 0.31 0.035191151056015356
0.06 0 0.32 0.012880057866008545
0.06 0 0.33 0.017851947149345283
0.06 0 0.34 0.002508039485204865
0.06 0 0.35000000000000003 0.004210552291477619
0.06 0 0.36 0.00748014811808238
0.06 0 0.37 0.006343662206601415
0.06 0 0.38 0.004206274468870458
0.06 0 0.39 0.0071041964244108
0.06 0 0.4 0.002224335653771374
0.06 0 0.41000000000000003 0.00109927292062005
0.06 0 0.42 0.015430495769152161
0.06 0 0.43 0.053117017952946724
0.06 0 0.44 0.03039653818821225
0.06 0 0.45 0.07499654993216079
0.06 0 0.46 0.1136984621671507
0.06 0 0.47000000000000003 0.5415244350834563
0.06 0 0.48 0.1829942709107124
0.06 0 0.49 0.04345849874679633
0.06 0 0.5 0.04144875460000413
0.07 0 0.0 0.014159633938656284
0.07 0 0.01 0.00960290578023508
0.07 0 0.02 0.014354802404940987
0.07 0 0.03 0.012929421539098613
0.07 0 0.04 0.08480223617637958
0.07 0 0.05 0.5635412681679212
0.07 0 0.06 1.2030582596509336
0.07 0 0.07 0.4567497446449284
0.07 0 0.08 0.18807534505850612
0.07 0 0.09 0.15760900979419754
0.07 0 0.1 0.11069503426229503
0.07 0 0.11 0.056954590199340474
0.07 0 0.12 0.4083808220673515
0.07 0 0.13 0.2264442282756578
0.07 0 0.14 0.1495608446054286
0.07 0 0.15 0.058526580903498965
0.07 0 0.16 0.0058620476540392485
0.07 0 0.17 0.0033480302512274964
0.07 0 0.18 0.003274054412585279
0.07 0 0.19 0.0014043212536613073
0.07 0 0.2 0.0014343482770233752
0.07 0 0.21 0.004308452675152603
0.07 0 0.22 0.006493894432493633
0.07 0 0.23 0.011575034287280956
0.07 0 0.24 0.02665187231647645
0.07 0 0.25 0.07416916206222209
0.07 0 0.26 0.045873119244735666
0.07 0 0.27 0.030588596319276337
0.07 0 0.28 0.027285726991641873
0.07 0 0.29 0.02288854479268772
0.07 0 0.3 0.020012132330299214
0.07 0 0.31 0.026538213430928437
0.07 0 0.32 0.009530735649476414
0.07 0 0.33 0.030198333210741495
0.07 0 0.34 0.005469072279453442
0.07 0 0.35000000000000003 0.0035526177850433555
0.07 0 0.36 0.02582450339073224
0.07 0 0.37 0.013380869217456839
0.07 0 0.38 0.008532184637792166
0.07 0 0.39 0.03047921911695201
0.07 0 0.4 0.03423907647147146
0.07 0 0.41000000000000003 0.05099297261028231
0.07 0 0.42 0.08125274392289651
0.07 0 0.43 0.06167306525961228
0.07 0 0.44 0.08107507220763145
0.07 0 0.45 0.09431885638714237
0.07 0 0.46 0.04158278531551235
0.07 0 0.47000000000000003 0.050885008522382855
0.07 0 0.48 0.12361539451182108
0.07 0 0.49 0.22911932361418355
0.07 0 0.5 0.1592869938163935
0.08 0 0.0 0.06066088214615623
0.08 0 0.01 0.24993938907401322
0.08 0 0.02 0.07642128347246943
0.08 0 0.03 0.12128229520235499
0.08 0 0.04 0.09981867889733935
0.08 0 0.05 0.13626138685811956
0.08 0 0.06 0.4614271438012515
0.08 0 0.07 0.10613946977136472
0.08 0 0.08 0.03247373196534942
0.08 0 0.09 0.014097086445962723
0.08 0 0.1 0.00560014675021721
0.08 0 0.11 0.0061840783366132425
0.08 0 0.12 0.06968387648776432
0.08 0 0.13 0.0782974761720718
0.08 0 0.14 0.021176273117000693
0.08 0 0.15 0.026789776708760368
0.08 0 0.16 0.016872278776092643
0.08 0 0.17 0.0028736773713660094
0.08 0 0.18 0.003029884142826877
0.08 0 0.19 0.003625007858397242
0.08 0 0.2 0.02071949264561693
0.08 0 0.21 0.016199329572396705
0.08 0 0.22 0.043890844091160265
0.08 0 0.23 0.06752953761600916
0.08 0 0.24 0.05351959600700612
0.08 0 0.25 0.05569401022372775
0.08 0 0.26 0.004127223210759598
0.08 0 0.27 0.04513647305145218
0.08 0 0.28 0.02941888627896024
0.08 0 0.29 0.005946449105872188
0.08 0 0.3 0.011738823424605834
0.08 0 0.31 0.014598303098612007
0.08 0 0.32 0.02887805812321996
0.08 0 0.33 0.08567048945236899
0.08 0 0.34 0.06245534987263934
0.08 0 0.35000000000000003 0.02087947918685096
0.08 0 0.36 0.011704970443435832
0.08 0 0.37 0.010184518529514762
0.08 0 0.38 0.001180220622387534
0.08 0 0.39 0.006584519251841379
0.08 0 0.4 0.040663067022867365
0.08 0 0.41000000000000003 0.11628705358480629
0.08 0 0.42 0.030714518360451484
0.08 0 0.43 0.039355124222285494
0.08 0 0.44 0.22897588768438615
0.08 0 0.45 0.013628801283954037
0.08 0 0.46 0.013468810780721263
0.08 0 0.47000000000000003 0.010496527199985884
0.08 0 0.48 0.01851586711579316
0.08 0 0.49 0.02439253663106297
0.08 0 0.5 0.04359038934083915
0.09 0 0.0 0.08301456694219002
0.09 0 0.01 0.08504853518827206
0.09 0 0.02 0.025461661746789238
0.09 0 0.03 0.12899702028962265
0.09 0 0.04 0.041163156864840865
0.09 0 0.05 0.01491777793777208
0.09 0 0.06 0.028338388809629907
0.09 0 0.07 0.012155488351608186
0.09 0 0.08 0.005682845549966684
0.09 0 0.09 0.004579631667335027
0.09 0 0.1 0.02698881662006595
0.09 0 0.11 0.035892249461046445
0.09 0 0.12 0.02772262795066794
0.09 0 0.13 0.015248794848108945
0.09 0 0.14 0.0042453317698870445
0.09 0 0.15 0.0023409139876799908
0.09 0 0.16 0.0064778511112017064
0.09 0 0.17 0.007259934978734312
0.09 0 0.18 0.0020231918842156717
0.09 0 0.19 0.006947030450713889
0.09 0 0.2 0.005155212418824838
0.09 0 0.21 0.004926735690020067
0.09 0 0.22 0.026563477367607738
0.09 0 0.23 0.02562983887205218
0.09 0 0.24 0.016441708352283167
0.09 0 0.25 0.018046995719235407
0.09 0 0.26 0.005073709787321195
0.09 0 0.27 0.010712685413765808
0.09 0 0.28 0.002565869569770855
0.09 0 0.29 0.0034212247019019203
0.09 0 0.3 0.007572182254272058
0.09 0 0.31 0.023228223962362387
0.09 0 0.32 0.08405305108190135
0.09 0 0.33 0.10381367272887458
0.09 0 0.34 0.02935221311031005
0.09 0 0.35000000000000003 0.02189673064183807
0.09 0 0.36 0.015361819979402808
0.09 0 0.37 0.028297683270497864
0.09 0 0.38 0.03899469484933019
0.09 0 0.39 0.028569569227076375
0.09 0 0.4 0.046060441963452416
0.09 0 0.41000000000000003 0.07713481196505298
0.09 0 0.42 0.08450235038061348
0.09 0 0.43 0.06509272399383575
0.09 0 0.44 0.32286726424439255
0.09 0 0.45 0.16587775669507357
0.09 0 0.46 0.3816152984480833
0.09 0 0.47000000000000003 0.28376143666025133
0.09 0 0.48 0.2583287902312244
0.09 0 0.49 0.1549887366948601
0.09 0 0.5 0.08383145156882812
0.1 0 0.0 0.005894091233768289
0.1 0 0.01 0.0027494498420242604
0.1 0 0.02 0.004693462340731956
0.1 0 0.03 0.05173868215100416
0.1 0 0.04 0.01257110427323351
0.1 0 0.05 0.02743534182821958
0.1 0 0.06 0.020360893977025726
0.1 0 0.07 0.007929001343580277
0.1 0 0.08 0.0026537397470374597
0.1 0 0.09 0.012457665708816918
0.1 0 0.1 0.017519613025938376
0.1 0 0.11 0.01765245108546258
0.1 0 0.12 0.011059130118972006
0.1 0 0.13 0.011387265901939522
0.1 0 0.14 0.012884047613656826
0.1 0 0.15 0.006380088414347866
0.1 0 0.16 0.008069190869625984
0.1 0 0.17 0.017548303821092313
0.1 0 0.18 0.029993740946071483
0.1 0 0.19 0.07187223535426608
0.1 0 0.2 0.013516988324222315
0.1 0 0.21 0.022948508572736583
0.1 0 0.22 0.015108550301856627
0.1 0 0.23 0.00253616680952156
0.1 0 0.24 0.001500962861431353
0.1 0 0.25 0.0020645270756118267
0.1 0 0.26 0.009384551788330711
0.1 0 0.27 0.0037830463596033497
0.1 0 0.28 0.005116267393703994
0.1 0 0.29 0.08455692592719276
0.1 0 0.3 0.10703556604040239
0.1 0 0.31 0.0750289812903526
0.1 0 0.32 0.24554350974732095
0.1 0 0.33 0.9257060192540937
0.1 0 0.34 0.07310951751125733
0.1 0 0.35000000000000003 0.022078394393161407
0.1 0 0.36 0.05731793855521443
0.1 0 0.37 0.10059886951836684
0.1 0 0.38 0.14721045153701098
0.1 0 0.39 0.13622462754883372
0.1 0 0.4 0.23510985988374525
0.1 0 0.41000000000000003 0.3063077123063864
0.1 0 0.42 0.36469814377435406
0.1 0 0.43 0.08336055811546518
0.1 0 0.44 0.08067870996344681
0.1 0 0.45 1.3521539546413437
0.1 0 0.46 0.9329543707340636
0.1 0 0.47000000000000003 1.0802918954478697
0.1 0 0.48 4.749957305764655
0.1 0 0.49 0.921250149694543
0.1 0 0.5 0.35949127468555775
0.11 0 0.0 0.000736312075595427
0.11 0 0.01 0.0008487601150365067
0.11 0 0.02 0.0033159083491033194
0.11 0 0.03 0.01096001736594065
0.11 0 0.04 0.011745104374846355
0.11 0 0.05 0.028994094633992624
0.11 0 0.06 0.031728897236337116
0.11 0 0.07 0.025788436020273996
0.11 0 0.08 0.004050343477715396
0.11 0 0.09 0.011909907144896703
0.11 0 0.1 0.00799136912604316
0.11 0 0.11 0.0029513221771399942
0.11 0 0.12 0.01136406587261771
0.11 0 0.13 0.06153989336106771
0.11 0 0.14 0.007468615404772995
0.11 0 0.15 0.003789399749243526
0.11 0 0.16 0.011045273635466564
0.11 0 0.17 0.05573515053417885
0.11 0 0.18 0.1118901169352724
0.11 0 0.19 0.04068177082693715
0.11 0 0.2 0.057500856241523346
0.11 0 0.21 0.24287457727762943
0.11 0 0.22 0.019010406181893483
0.11 0 0.23 0.0065429742072863105
0.11 0 0.24 0.010012877597912563
0.11 0 0.25 0.006870212637446718
0.11 0 0.26 0.004076297146303901
0.11 0 0.27 0.0070253947638298005
0.11 0 0.28 0.004964434405984832
0.11 0 0.29 0.01998634699794064
0.11 0 0.3 0.013686753525739052
0.11 0 0.31 0.051837431580811485
0.11 0 0.32 0.13311671008159168
0.11 0 0.33 0.43164641597465975
0.11 0 0.34 0.2872805715989499
0.11 0 0.35000000000000003 0.0909261392058101
0.11 0 0.36 0.24385033003938333
0.11 0 0.37 0.29139642563181956
0.11 0 0.38 0.05168365879745551
0.11 0 0.39 0.14913986389580158
0.11 0 0.4 0.4683794742892941
0.11 0 0.41000000000000003 0.7947804912465088
0.11 0 0.42 0.36386599094502353
0.11 0 0.43 0.3795920233786414
0.11 0 0.44 0.2541466808062046
0.11 0 0.45 0.6108830248886528
0.11 0 0.46 0.3814112431934028
0.11 0 0.47000000000000003 0.34715167709326095
0.11 0 0.48 2.7790668931803024
0.11 0 0.49 0.24081373360135036
0.11 0 0.5 0.15382981739958004
0.12 0 0.0 0.0010988351290652817
0.12 0 0.01 0.00788116887206949
0.12 0 0.02 0.007580750270864962
0.12 0 0.03 0.011543199022189726
0.12 0 0.04 0.015117439884863972
0.12 0 0.05 0.031246338620595393
0.12 0 0.06 0.015460440098593133
0.12 0 0.07 0.08621236372637728
0.12 0 0.08 0.013890094593719302
0.12 0 0.09 0.03474894202984893
0.12 0 0.1 0.052274459924282035
0.12 0 0.11 0.05255932977431963
0.12 0 0.12 0.06936937591491912
0.12 0 0.13 0.09662854784647353
0.12 0 0.14 0.04185799027346416
0.12 0 0.15 0.047481026650730396
0.12 0 0.16 0.013138566964596095
0.12 0 0.17 0.016050670138300256
0.12 0 0.18 0.024152441711946308
0.12 0 0.19 0.08748694568503698
0.12 0 0.2 0.10422206756033799
0.12 0 0.21 0.05417900989014924
0.12 0 0.22 0.024062463425174006
0.12 0 0.23 0.08265804874189575
0.12 0 0.24 0.11147983605976931
0.12 0 0.25 0.014842096133759305
0.12 0 0.26 0.013690656555394407
0.12 0 0.27 0.03134366151673776
0.12 0 0.28 0.05653757378138906
0.12 0 0.29 0.019064557281728053
0.12 0 0.3 0.010003526712762464
0.12 0 0.31 0.04578773711119761
0.12 0 0.32 0.02438251579720389
0.12 0 0.33 0.04935779946359417
0.12 0 0.34 0.1975355861336253
0.12 0 0.35000000000000003 0.18419432594176915
0.12 0 0.36 0.23441157571694535
0.12 0 0.37 0.5053537782580724
0.12 0 0.38 0.5342474417201069
0.12 0 0.39 0.39133136305771027
0.12 0 0.4 0.11249088907319094
0.12 0 0.41000000000000003 0.23331420207643536
0.12 0 0.42 0.24758694527961014
0.12 0 0.43 0.41693288313020277
0.12 0 0.44 0.2435204991620662
0.12 0 0.45 0.6290011310930026
0.12 0 0.46 1.4188397365970304
0.12 0 0.47000000000000003 0.4397415274199521
0.12 0 0.48 0.11171247903902788
0.12 0 0.49 0.15953953531510065
0.12 0 0.5 0.14910836000532685
0.13 0 0.0 0.004086404359213633
0.13 0 0.01 0.043513480504209966
0.13 0 0.02 0.047232919076712024
0.13 0 0.03 0.2497047246774725
0.13 0 0.04 0.13767946539112283
0.13 0 0.05 0.05645404858124995
0.13 0 0.06 0.07568459778626588
0.13 0 0.07 0.0790566826691107
0.13 0 0.08 0.02884160933950777
0.13 0 0.09 0.6405382461739452
0.13 0 0.1 0.9966057168965994
0.13 0 0.11 0.9660890971121772
0.13 0 0.12 0.4592667116022916
0.13 0 0.13 0.18072406062034577
0.13 0 0.14 0.15522411495762778
0.13 0 0.15 0.27946015770300153
0.13 0 0.16 0.07210084492343698
0.13 0 0.17 0.020446405358845256
0.13 0 0.18 0.06926220897681491
0.13 0 0.19 0.08834853488150601
0.13 0 0.2 0.03791995101153498
0.13 0 0.21 0.02715632725753491
0.13 0 0.22 0.053459097747004164
0.13 0 0.23 0.06589137417344454
0.13 0 0.24 0.010748474113357399
0.13 0 0.25 0.021094666282068165
0.13 0 0.26 0.027017433280565658
0.13 0 0.27 0.01163871849814146
0.13 0 0.28 0.026784048821372867
0.13 0 0.29 0.03325821521997958
0.13 0 0.3 0.04109343248946223
0.13 0 0.31 0.010782134233493775
0.13 0 0.32 0.0033483280979395608
0.13 0 0.33 0.031775213644757036
0.13 0 0.34 0.01752029997059966
0.13 0 0.35000000000000003 0.02943337153866881
0.13 0 0.36 0.018155064734541756
0.13 0 0.37 0.17834397898856003
0.13 0 0.38 0.34517318941727976
0.13 0 0.39 0.8319935181744079
0.13 0 0.4 0.7546073343950179
0.13 0 0.41000000000000003 1.326208365792899
0.13 0 0.42 0.43969157381373175
0.13 0 0.43 0.1578582390004537
0.13 0 0.44 0.16952859217664001
0.13 0 0.45 0.2416773063566196
0.13 0 0.46 0.0990579055509781
0.13 0 0.47000000000000003 0.16655426317641392
0.13 0 0.48 0.086801851902847
0.13 0 0.49 0.21539799979991694
0.13 0 0.5 0.11354090761406752
0.14 0 0.0 0.026388758074661192
0.14 0 0.01 0.059568150660570585
0.14 0 0.02 0.05972941082267096
0.14 0 0.03 0.390370189586888
0.14 0 0.04 0.18846600685922393
0.14 0 0.05 0.028378241273745063
0.14 0 0.06 0.14120531524260907
0.14 0 0.07 0.15618717039120433
0.14 0 0.08 0.09727827388249427
0.14 0 0.09 0.5369121632632907
0.14 0 0.1 0.52027852595699
0.14 0 0.11 1.1851588045401173
0.14 0 0.12 1.282954192703598
0.14 0 0.13 4.698022957823268
0.14 0 0.14 2.157702617049863
0.14 0 0.15 2.3532849310636625
0.14 0 0.16 1.4752250436027599
0.14 0 0.17 0.42983110520242906
0.14 0 0.18 0.24228364272749262
0.14 0 0.19 0.050586540265468626
0.14 0 0.2 0.08207904958021298
0.14 0 0.21 0.12351057783727279
0.14 0 0.22 0.07440696914980396
0.14 0 0.23 0.0206667067285806
0.14 0 0.24 0.009172745312185374
0.14 0 0.25 0.023525592077703963
0.14 0 0.26 0.005590792085600818
0.14 0 0.27 0.0015464162269029
0.14 0 0.28 0.0013628503648071598
0.14 0 0.29 0.007940436280039135
0.14 0 0.3 0.024123722090383114
0.14 0 0.31 0.004077622294815203
0.14 0 0.32 0.008501472631746257
0.14 0 0.33 0.014850488834644255
0.14 0 0.34 0.002526288086290244
0.14 0 0.35000000000000003 0.0028618055482672175
0.14 0 0.36 0.0021362187321449927
0.14 0 0.37 0.01942525245907208
0.14 0 0.38 0.07771091580712626
0.14 0 0.39 0.18558564552490087
0.14 0 0.4 0.9579000280548127
0.14 0 0.41000000000000003 4.601408955685756
0.14 0 0.42 1.4536234379990298
0.14 0 0.43 0.5059118815124
0.14 0 0.44 0.3439723298817566
0.14 0 0.45 0.33925473901365344
0.14 0 0.46 0.11901933612615015
0.14 0 0.47000000000000003 0.37265693149816453
0.14 0 0.48 0.4005174959915308
0.14 0 0.49 0.32175006256797206
0.14 0 0.5 0.057776107613743785
0.15 0 0.0 0.004461791703523826
0.15 0 0.01 0.003974185478496398
0.15 0 0.02 0.00806840613353717
0.15 0 0.03 0.07956782352794992
0.15 0 0.04 0.02880080674219425
0.15 0 0.05 0.0651841170290712
0.15 0 0.06 0.07292388631364917
0.15 0 0.07 0.28255849909709013
0.15 0 0.08 0.4898472625880125
0.15 0 0.09 0.5532725036740647
0.15 0 0.1 0.2861417952912994
0.15 0 0.11 0.711849375715891
0.15 0 0.12 2.3518864012075014
0.15 0 0.13 11.554262481952511
0.15 0 0.14 11.68947535547353
0.15 0 0.15 2.98874744961298
0.15 0 0.16 1.9175843190284947
0.15 0 0.17 1.4766347612549118
0.15 0 0.18 0.5580311056942446
0.15 0 0.19 0.5764096966943838
0.15 0 0.2 0.5249273146442429
0.15 0 0.21 0.3243719556658596
0.15 0 0.22 0.07830720866594493
0.15 0 0.23 0.014558122550009578
0.15 0 0.24 0.035872440762418197
0.15 0 0.25 0.006083165834781471
0.15 0 0.26 0.0033753706005805644
0.15 0 0.27 0.006755255190283585
0.15 0 0.28 0.014726511986052028
0.15 0 0.29 0.04822701599310956
0.15 0 0.3 0.06709686525479311
0.15 0 0.31 0.02372707763207336
0.15 0 0.32 0.0075267966710769124
0.15 0 0.33 0.0036386647977290475
0.15 0 0.34 0.003861133443631503
0.15 0 0.35000000000000003 0.014461341394433155
0.15 0 0.36 0.009817266169127854
0.15 0 0.37 0.013460172558961718
0.15 0 0.38 0.06637160888928939
0.15 0 0.39 0.2574461446128278
0.15 0 0.4 1.0680546323074966
0.15 0 0.41000000000000003 5.235238142319113
0.15 0 0.42 4.477671540531745
0.15 0 0.43 4.267853256076591
0.15 0 0.44 0.8223672990581129
0.15 0 0.45 1.4241967425038162
0.15 0 0.46 0.8379864718113521
0.15 0 0.47000000000000003 0.3083566286880128
0.15 0 0.48 0.2189159031590754
0.15 0 0.49 0.5733687667033934
0.15 0 0.5 0.3709253961303133
0.16 0 0.0 0.0044514202431875614
0.16 0 0.01 0.0033927392375961234
0.16 0 0.02 0.010504144618674861
0.16 0 0.03 0.13065958168512418
0.16 0 0.04 0.06681092386953108
0.16 0 0.05 0.17632605156703518
0.16 0 0.06 0.3361640900296173
0.16 0 0.07 0.2510746898655277
0.16 0 0.08 0.12282518928758566
0.16 0 0.09 0.31722219590509465
0.16 0 0.1 1.9763287520037751
0.16 0 0.11 0.8809659278314538
0.16 0 0.12 0.8796561293969934
0.16 0 0.13 1.4208770752326223
0.16 0 0.14 0.9181338810273317
0.16 0 0.15 1.6234883360753627
0.16 0 0.16 0.9294914004414934
0.16 0 0.17 0.990839795700275
0.16 0 0.18 5.867662004847293
0.16 0 0.19 5.478942358461328
0.16 0 0.2 0.5424442406286091
0.16 0 0.21 0.23442806297688842
0.16 0 0.22 0.08664298879609526
0.16 0 0.23 0.01449058884998455
0.16 0 0.24 0.012098543526807365
0.16 0 0.25 0.004832952460412037
0.16 0 0.26 0.00305145867524374
0.16 0 0.27 0.0147951749562705
0.16 0 0.28 0.020986256021272916
0.16 0 0.29 0.07330455486989211
0.16 0 0.3 0.32959221383877496
0.16 0 0.31 0.14709162393349595
0.16 0 0.32 0.018519671440800575
0.16 0 0.33 0.009320918182076652
0.16 0 0.34 0.064712008189028
0.16 0 0.35000000000000003 0.02125772174287304
0.16 0 0.36 0.012168391694658331
0.16 0 0.37 0.08750138415941769
0.16 0 0.38 0.37657910341538153
0.16 0 0.39 0.5420246948351919
0.16 0 0.4 0.23589983614218704
0.16 0 0.41000000000000003 0.31362108635009517
0.16 0 0.42 0.17556267723941024
0.16 0 0.43 0.04626942964994688
0.16 0 0.44 0.043066504164431085
0.16 0 0.45 0.07459867191194643
0.16 0 0.46 0.16974464890708346
0.16 0 0.47000000000000003 0.13877549018733
0.16 0 0.48 0.19786160861969587
0.16 0 0.49 0.5042886853164789
0.16 0 0.5 1.2168159633940396
0.17 0 0.0 0.0010367626540141973
0.17 0 0.01 0.0016970696905723919
0.17 0 0.02 0.001827788816748878
0.17 0 0.03 0.006134222026062033
0.17 0 0.04 0.014810931108889258
0.17 0 0.05 0.04535389355329442
0.17 0 0.06 0.0443286625205626
0.17 0 0.07 0.08924146429712969
0.17 0 0.08 0.07190430142468103
0.17 0 0.09 0.2817954033445048
0.17 0 0.1 1.1020725178772552
0.17 0 0.11 0.4355706795034476
0.17 0 0.12 0.24299878593949492
0.17 0 0.13 0.9617271195874587
0.17 0 0.14 0.13387664824977066
0.17 0 0.15 0.1866822157887022
0.17 0 0.16 0.05303008475806478
0.17 0 0.17 0.10898797259588158
0.17 0 0.18 0.28668032738104704
0.17 0 0.19 0.15145792510893608
0.17 0 0.2 0.11495382583297489
0.17 0 0.21 0.133842668244265
0.17 0 0.22 0.12880353435387012
0.17 0 0.23 0.018302494676268915
0.17 0 0.24 0.007548284365242467
0.17 0 0.25 0.024330494759349796
0.17 0 0.26 0.08774955434024659
0.17 0 0.27 0.09106289870506909
0.17 0 0.28 0.05123546486051254
0.17 0 0.29 0.04140743281503084
0.17 0 0.3 0.05727678786124819
0.17 0 0.31 0.09235556899386256
0.17 0 0.32 0.2246921760249864
0.17 0 0.33 0.012826306069796933
0.17 0 0.34 0.06208462347146705
0.17 0 0.35000000000000003 0.06059339333281936
0.17 0 0.36 0.12792635656702922
0.17 0 0.37 0.2522034537635688
0.17 0 0.38 0.8015168876376446
0.17 0 0.39 0.8784503226646901
0.17 0 0.4 0.4467304628216895
0.17 0 0.41000000000000003 0.5056970176913292
0.17 0 0.42 0.1371246361657177
0.17 0 0.43 0.043659762527954095
0.17 0 0.44 0.15602804462898498
0.17 0 0.45 0.08074694020678409
0.17 0 0.46 0.25850558009005226
0.17 0 0.47000000000000003 1.304057995364809
0.17 0 0.48 1.4848223182979392
0.17 0 0.49 1.432073426131654
0.17 0 0.5 0.5993532596928357
0.18 0 0.0 0.0014609976587126323
0.18 0 0.01 0.00038721132090670463
0.18 0 0.02 0.0010544756393133124
0.18 0 0.03 0.0026164254184101042
0.18 0 0.04 0.015373345709060213
0.18 0 0.05 0.023403380660607723
0.18 0 0.06 0.012898258923074417
0.18 0 0.07 0.04886454453071458
0.18 0 0.08 0.03430234790155949
0.18 0 0.09 0.038184325643792684
0.18 0 0.1 0.03645688349036088
0.18 0 0.11 0.1972663843491449
0.18 0 0.12 0.5140002240263529
0.18 0 0.13 0.2394972392022073
0.18 0 0.14 0.16131821316098713
0.18 0 0.15 0.0702358912260747
0.18 0 0.16 0.026703871076985842
0.18 0 0.17 0.029383771592257756
0.18 0 0.18 0.04111468751497992
0.18 0 0.19 0.4482061385276238
0.18 0 0.2 0.09282518485487519
0.18 0 0.21 0.013035009835160077
0.18 0 0.22 0.00674587774652253
0.18 0 0.23 0.011925812566170273
0.18 0 0.24 0.00849410690081407
0.18 0 0.25 0.025201545327959495
0.18 0 0.26 0.32571818473991726
0.18 0 0.27 0.12489570877978225
0.18 0 0.28 0.16555983005416625
0.18 0 0.29 0.0681896571067058
0.18 0 0.3 0.040292010795591006
0.18 0 0.31 0.09700105583976239
0.18 0 0.32 0.23840760192593977
0.18 0 0.33 0.519871696162949
0.18 0 0.34 0.7013046133938163
0.18 0 0.35000000000000003 2.186810745909798
0.18 0 0.36 1.8365664469848555
0.18 0 0.37 0.15748712122435563
0.18 0 0.38 0.6822914025191432
0.18 0 0.39 0.7505368298447909
0.18 0 0.4 0.6081090526002217
0.18 0 0.41000000000000003 0.666927932197345
0.18 0 0.42 2.7822061037317867
0.18 0 0.43 2.766219190261982
0.18 0 0.44 2.5986129466679975
0.18 0 0.45 2.391892834448681
0.18 0 0.46 2.915054870477729
0.18 0 0.47000000000000003 6.173240914526096
0.18 0 0.48 3.824572547620282
0.18 0 0.49 1.9119611312486233
0.18 0 0.5 0.3265049066178456
0.19 0 0.0 0.00373804925594593
0.19 0 0.01 0.0019182480984041702
0.19 0 0.02 0.007960212959626687
0.19 0 0.03 0.028703391083411967
0.19 0 0.04 0.013229775394067876
0.19 0 0.05 0.001665013036259639
0.19 0 0.06 0.006886305341933708
0.19 0 0.07 0.01269580004394774
0.19 0 0.08 0.001331892219652626
0.19 0 0.09 0.006758795013874105
0.19 0 0.1 0.020419040583197767
0.19 0 0.11 0.318335472052143
0.19 0 0.12 0.3018427064814585
0.19 0 0.13 0.11127721147175619
0.19 0 0.14 0.1116425093226689
0.19 0 0.15 0.07743321990330947
0.19 0 0.16 0.011368684253427581
0.19 0 0.17 0.011380580123521852
0.19 0 0.18 0.017819044276682516
0.19 0 0.19 0.1050240622000136
0.19 0 0.2 0.03420822018637758
0.19 0 0.21 0.015002495236058833
0.19 0 0.22 0.005846611855885723
0.19 0 0.23 0.019555728040822423
0.19 0 0.24 0.02758094496135701
0.19 0 0.25 0.01243538171180021
0.19 0 0.26 0.026286228438842464
0.19 0 0.27 0.15324031649238729
0.19 0 0.28 0.7769115207985754
0.19 0 0.29 0.25939709453650156
0.19 0 0.3 0.7648763094079382
0.19 0 0.31 0.6300430255378769
0.19 0 0.32 0.5139473648343507
0.19 0 0.33 1.933509936712824
0.19 0 0.34 3.8110177215542334
0.19 0 0.35000000000000003 3.0470128196741864
0.19 0 0.36 12.37905831820721
0.19 0 0.37 2.023137470320949
0.19 0 0.38 2.479356957143638
0.19 0 0.39 0.34723760775361406
0.19 0 0.4 0.36177054149767496
0.19 0 0.41000000000000003 0.3126615377684346
0.19 0 0.42 1.0722562230660468
0.19 0 0.43 2.268251169608722
0.19 0 0.44 4.446006057211835
0.19 0 0.45 14.409888592164865
0.19 0 0.46 5.875243570025076
0.19 0 0.47000000000000003 2.8502507502595527
0.19 0 0.48 2.486951109048564
0.19 0 0.49 1.156141125839613
0.19 0 0.5 1.2515187317569074
0.2 0 0.0 0.004623862851666826
0.2 0 0.01 0.010573932605887572
0.2 0 0.02 0.015101825754280509
0.2 0 0.03 0.04217401760397914
0.2 0 0.04 0.01709172561901467
0.2 0 0.05 0.004738799578945146
0.2 0 0.06 0.006608840119097175
0.2 0 0.07 0.003465019467665575
0.2 0 0.08 0.0018506308814221538
0.2 0 0.09 0.006643532623534429
0.2 0 0.1 0.03828817228284933
0.2 0 0.11 0.26367160448515525
0.2 0 0.12 0.062373544496671034
0.2 0 0.13 0.052124092800399036
0.2 0 0.14 0.05809545306615831
0.2 0 0.15 0.024520170998338472
0.2 0 0.16 0.005046283733389375
0.2 0 0.17 0.015548733043062863
0.2 0 0.18 0.011663902502952005
0.2 0 0.19 0.005979416144207413
0.2 0 0.2 0.03531880273282738
0.2 0 0.21 0.15691563622484467
0.2 0 0.22 0.06631590919806728
0.2 0 0.23 0.03126945687149367
0.2 0 0.24 0.09735837560093002
0.2 0 0.25 0.08293310431511276
0.2 0 0.26 0.042226311324786214
0.2 0 0.27 0.19376976207488764
0.2 0 0.28 0.30200191380720565
0.2 0 0.29 0.1701179764293952
0.2 0 0.3 0.18115078994131192
0.2 0 0.31 0.48168565657792567
0.2 0 0.32 1.1377840040465763
0.2 0 0.33 0.6900745950020002
0.2 0 0.34 1.7254488498335618
0.2 0 0.35000000000000003 0.7719424662170112
0.2 0 0.36 0.9540828287621742
0.2 0 0.37 1.679321901928604
0.2 0 0.38 0.9492592658186072
0.2 0 0.39 0.2050463089719145
0.2 0 0.4 0.6836038112092062
0.2 0 0.41000000000000003 0.9987123035052469
0.2 0 0.42 0.24355647339920258
0.2 0 0.43 0.7761186519595494
0.2 0 0.44 1.1425467482670308
0.2 0 0.45 0.903358780866352
0.2 0 0.46 2.185938121076486
0.2 0 0.47000000000000003 1.5560042077719132
0.2 0 0.48 2.0860294346452912
0.2 0 0.49 1.1151308446109347
0.2 0 0.5 0.6702744095676856
0.21 0 0.0 0.01336003998033446
0.21 0 0.01 0.005872659619766283
0.21 0 0.02 0.002556877090402828
0.21 0 0.03 0.00511868472276849
0.21 0 0.04 0.017277083049148868
0.21 0 0.05 0.011706369227043595
0.21 0 0.06 0.002534220379934592
0.21 0 0.07 0.0009556736430495949
0.21 0 0.08 0.00949121895517512
0.21 0 0.09 0.008483527212868767
0.21 0 0.1 0.005085448475247268
0.21 0 0.11 0.021635476328654066
0.21 0 0.12 0.0795052318510616
0.21 0 0.13 0.05549481844962236
0.21 0 0.14 0.020447495851205203
0.21 0 0.15 0.039255765981136316
0.21 0 0.16 0.22710217297408353
0.21 0 0.17 0.08250106316040676
0.21 0 0.18 0.024825473756005752
0.21 0 0.19 0.031111143461006324
0.21 0 0.2 0.02590174206164282
0.21 0 0.21 0.056510799968018145
0.21 0 0.22 0.06213274858864207
0.21 0 0.23 0.20328985243534434
0.21 0 0.24 0.5192236855932055
0.21 0 0.25 1.425000642504493
0.21 0 0.26 0.45426227204261665
0.21 0 0.27 0.22430681435280317
0.21 0 0.28 0.4355056276330849
0.21 0 0.29 0.20375709628004823
0.21 0 0.3 0.3213440854553143
0.21 0 0.31 3.04448234124262
0.21 0 0.32 10.609624729142901
0.21 0 0.33 2.4620201049082513
0.21 0 0.34 1.5891619229198486
0.21 0 0.35000000000000003 1.27966659878065
0.21 0 0.36 0.2561341144288188
0.21 0 0.37 0.513650242573732
0.21 0 0.38 0.5547587118078491
0.21 0 0.39 0.2993161644094046
0.21 0 0.4 1.1396306373189247
0.21 0 0.41000000000000003 0.7343475102988605
0.21 0 0.42 2.968766413935356
0.21 0 0.43 6.398499328617686
0.21 0 0.44 17.47989407101494
0.21 0 0.45 1.49532303047933
0.21 0 0.46 0.9489286079062625
0.21 0 0.47000000000000003 1.003678998465636
0.21 0 0.48 0.8875028428575423
0.21 0 0.49 0.5800443304584864
0.21 0 0.5 0.1797095705007875
0.22 0 0.0 0.024080486099211474
0.22 0 0.01 0.012643993914034363
0.22 0 0.02 0.005513814101402273
0.22 0 0.03 0.022943609283411933
0.22 0 0.04 0.04281066646340259
0.22 0 0.05 0.010713648728434071
0.22 0 0.06 0.016786064508615715
0.22 0 0.07 0.014054581729536542
0.22 0 0.08 0.00995543127154459
0.22 0 0.09 0.0020026568693506342
0.22 0 0.1 0.002129565545053402
0.22 0 0.11 0.007478863184694183
0.22 0 0.12 0.027515060695284237
0.22 0 0.13 0.030040960879344145
0.22 0 0.14 0.01791800017836385
0.22 0 0.15 0.167049477695248
0.22 0 0.16 0.25366782912012104
0.22 0 0.17 0.055489731628199215
0.22 0 0.18 0.15972334887249476
0.22 0 0.19 0.15702209483728816
0.22 0 0.2 0.2316883666369984
0.22 0 0.21 0.3295259387461552
0.22 0 0.22 0.5438676064574224
0.22 0 0.23 0.8410628846870045
0.22 0 0.24 0.33108313772484477
0.22 0 0.25 0.9533991001264113
0.22 0 0.26 0.9566459525997668
0.22 0 0.27 0.5868879369720283
0.22 0 0.28 1.3566356234738228
0.22 0 0.29 2.1153460905268573
0.22 0 0.3 3.287652393215386
0.22 0 0.31 5.04896120686858
0.22 0 0.32 14.4812727412339
0.22 0 0.33 6.892328424138589
0.22 0 0.34 16.729773388027446
0.22 0 0.35000000000000003 29.679297709630433
0.22 0 0.36 4.6216759420564
0.22 0 0.37 5.124273678001375
0.22 0 0.38 6.7593227169862
0.22 0 0.39 1.4398219577095641
0.22 0 0.4 0.621260982086901
0.22 0 0.41000000000000003 1.0353248215417477
0.22 0 0.42 8.590925620229411
0.22 0 0.43 2.637458389956227
0.22 0 0.44 19.362510296482725
0.22 0 0.45 13.468730564503257
0.22 0 0.46 1.9448951478373773
0.22 0 0.47000000000000003 2.4335987714973673
0.22 0 0.48 1.7515289747623848
0.22 0 0.49 0.4063863146614354
0.22 0 0.5 0.11471055372905646
0.23 0 0.0 0.0061031998681966675
0.23 0 0.01 0.004618707098844018
0.23 0 0.02 0.014631732362106955
0.23 0 0.03 0.022564742826471026
0.23 0 0.04 0.08388043131518055
0.23 0 0.05 0.042378416452692774
0.23 0 0.06 0.05046661342277479
0.23 0 0.07 0.046077705059739
0.23 0 0.08 0.058673336069261076
0.23 0 0.09 0.008028075372260605
0.23 0 0.1 0.023543667042300407
0.23 0 0.11 0.012383626972649388
0.23 0 0.12 0.021132316291959552
0.23 0 0.13 0.022033160164676095
0.23 0 0.14 0.14172573281662898
0.23 0 0.15 0.14650137368364705
0.23 0 0.16 0.10955911675569724
0.23 0 0.17 0.9347821303754061
0.23 0 0.18 2.1467618305029372
0.23 0 0.19 0.3738783963683615
0.23 0 0.2 2.1091310215002577
0.23 0 0.21 3.8393099555034373
0.23 0 0.22 3.9926332910773366
0.23 0 0.23 2.4540044654471704
0.23 0 0.24 0.8234121653152258
0.23 0 0.25 0.2832224305391815
0.23 0 0.26 0.2903753453358066
0.23 0 0.27 0.741730008094781
0.23 0 0.28 2.847328483383987
0.23 0 0.29 26.198279812709394
0.23 0 0.3 5.30928606225151
0.23 0 0.31 8.431905423495754
0.23 0 0.32 14.158786259796662
0.23 0 0.33 2.8228295853765992
0.23 0 0.34 2.218397977343029
0.23 0 0.35000000000000003 7.663153024860649
0.23 0 0.36 26.38131878732538
0.23 0 0.37 14.592198537652191
0.23 0 0.38 11.316534384211957
0.23 0 0.39 4.152918183127639
0.23 0 0.4 5.579477790540148
0.23 0 0.41000000000000003 8.769806633547184
0.23 0 0.42 8.821111461868835
0.23 0 0.43 5.250576454637375
0.23 0 0.44 7.684448659159095
0.23 0 0.45 7.790453559530294
0.23 0 0.46 11.406408149764221
0.23 0 0.47000000000000003 0.7122041474482019
0.23 0 0.48 0.6245236419481238
0.23 0 0.49 1.290082362945598
0.23 0 0.5 1.2574360402948421
0.24 0 0.0 0.01930437060175417
0.24 0 0.01 0.009856665600808726
0.24 0 0.02 0.009931598793932019
0.24 0 0.03 0.010475422592012033
0.24 0 0.04 0.053149122783139886
0.24 0 0.05 0.06892680153470397
0.24 0 0.06 0.026242220478258554
0.24 0 0.07 0.019796590623004547
0.24 0 0.08 0.024627417245736312
0.24 0 0.09 0.04998659898229299
0.24 0 0.1 0.0671106842142806
0.24 0 0.11 0.011622831667550113
0.24 0 0.12 0.031064436436549516
0.24 0 0.13 0.025518203297247542
0.24 0 0.14 0.09112789003242695
0.24 0 0.15 0.07007754402391714
0.24 0 0.16 0.22813321964403588
0.24 0 0.17 1.0221653862249171
0.24 0 0.18 0.7789404274366514
0.24 0 0.19 1.1204350021156908
0.24 0 0.2 0.8423233226097697
0.24 0 0.21 0.4511548890031867
0.24 0 0.22 0.22016360181521932
0.24 0 0.23 0.2274591703825694
0.24 0 0.24 0.6789634733528097
0.24 0 0.25 0.37713525975337403
0.24 0 0.26 0.36147982840521325
0.24 0 0.27 0.8990899545409311
0.24 0 0.28 2.4479791090922585
0.24 0 0.29 2.548037995006654
0.24 0 0.3 2.6105751728124207
0.24 0 0.31 5.192208955760533
0.24 0 0.32 14.010547792232467
0.24 0 0.33 13.15116111157162
0.24 0 0.34 3.264698829349828
0.24 0 0.35000000000000003 0.4712615091112229
0.24 0 0.36 3.1288253898948555
0.24 0 0.37 3.378620295144643
0.24 0 0.38 5.0338672837409115
0.24 0 0.39 6.233216052641555
0.24 0 0.4 30.418577561700072
0.24 0 0.41000000000000003 5.59641897744475
0.24 0 0.42 1.5342235094721448
0.24 0 0.43 3.860818165081159
0.24 0 0.44 11.79871369603076
0.24 0 0.45 4.090638717398118
0.24 0 0.46 16.581051848352928
0.24 0 0.47000000000000003 1.0462026903815467
0.24 0 0.48 1.7007208393121942
0.24 0 0.49 2.7932763166067662
0.24 0 0.5 0.8021597445937426
0.25 0 0.0 0.059563515886778585
0.25 0 0.01 0.07509434814781957
0.25 0 0.02 0.014573703527417697
0.25 0 0.03 0.058746203426342465
0.25 0 0.04 0.17688913809659165
0.25 0 0.05 0.03429840222684633
0.25 0 0.06 0.01187433816602549
0.25 0 0.07 0.008095481926776591
0.25 0 0.08 0.01788702527062691
0.25 0 0.09 0.02621870159199802
0.25 0 0.1 0.043866921518092815
0.25 0 0.11 0.014646305021662418
0.25 0 0.12 0.0179650326143029
0.25 0 0.13 0.004443751548083016
0.25 0 0.14 0.008917173783991735
0.25 0 0.15 0.06064367354976735
0.25 0 0.16 0.45756138803769664
0.25 0 0.17 0.36938489274225667
0.25 0 0.18 0.34307917906232294
0.25 0 0.19 0.34740367725186566
0.25 0 0.2 0.5569167406061383
0.25 0 0.21 0.18276317084290253
0.25 0 0.22 0.18764805243926452
0.25 0 0.23 0.23435331132509518
0.25 0 0.24 2.9410479498827984
0.25 0 0.25 10.692381738618089
0.25 0 0.26 8.350139929146039
0.25 0 0.27 11.559190487004493
0.25 0 0.28 9.146847698474861
0.25 0 0.29 7.239952681970432
0.25 0 0.3 5.231280841515609
0.25 0 0.31 2.7674353459634817
0.25 0 0.32 2.7357269643853472
0.25 0 0.33 1.6062190781703878
0.25 0 0.34 3.1905535902757896
0.25 0 0.35000000000000003 0.8736241259418593
0.25 0 0.36 0.5320281540210904
0.25 0 0.37 1.3211615592948491
0.25 0 0.38 1.272549243145828
0.25 0 0.39 0.21187146326641793
0.25 0 0.4 0.3521390537285963
0.25 0 0.41000000000000003 1.8983205065849218
0.25 0 0.42 1.9210580840720317
0.25 0 0.43 2.0958524029869987
0.25 0 0.44 6.113444358919203
0.25 0 0.45 1.5119086554393208
0.25 0 0.46 4.949293161564297
0.25 0 0.47000000000000003 2.75355912992377
0.25 0 0.48 3.2206641906745825
0.25 0 0.49 1.1573451235421377
0.25 0 0.5 1.2100279457717142
0.26 0 0.0 0.006907801919407938
0.26 0 0.01 0.03163084342010079
0.26 0 0.02 0.06600339976620419
0.26 0 0.03 0.055395062319115396
0.26 0 0.04 0.25999360061674504
0.26 0 0.05 0.5151240595384163
0.26 0 0.06 0.23225930413371695
0.26 0 0.07 0.09926650351452497
0.26 0 0.08 0.10802047601035338
0.26 0 0.09 0.014343115414644326
0.26 0 0.1 0.015399353317219353
0.26 0 0.11 0.043226758276059256
0.26 0 0.12 0.020217025615984895
0.26 0 0.13 0.01943716367794586
0.26 0 0.14 0.03836469998609394
0.26 0 0.15 0.006903376002654542
0.26 0 0.16 0.0076024924568241815
0.26 0 0.17 0.040750826981537425
0.26 0 0.18 0.13962566648383742
0.26 0 0.19 0.22552413492666734
0.26 0 0.2 0.6730763343547361
0.26 0 0.21 0.972942943104981
0.26 0 0.22 0.28507698619449495
0.26 0 0.23 0.09486462280794973
0.26 0 0.24 0.42526039921356795
0.26 0 0.25 3.457422931619409
0.26 0 0.26 8.006248075901276
0.26 0 0.27 1.6656517262186958
0.26 0 0.28 5.812856051582844
0.26 0 0.29 27.677463164009595
0.26 0 0.3 5.187889305339167
0.26 0 0.31 1.5893542796481677
0.26 0 0.32 3.0378828476995516
0.26 0 0.33 1.6618413266026797
0.26 0 0.34 2.066940383928536
0.26 0 0.35000000000000003 0.7295020613795268
0.26 0 0.36 0.12255416982763377
0.26 0 0.37 0.1258280282990995
0.26 0 0.38 0.654320116159341
0.26 0 0.39 0.14399765729420735
0.26 0 0.4 1.0380690764881724
0.26 0 0.41000000000000003 3.587973401618827
0.26 0 0.42 3.0542336905235365
0.26 0 0.43 0.5346247201801817
0.26 0 0.44 0.6727694524400145
0.26 0 0.45 0.8884105192780134
0.26 0 0.46 3.3644441962364215
0.26 0 0.47000000000000003 0.8637262029484228
0.26 0 0.48 0.47784776837845644
0.26 0 0.49 0.763116621882722
0.26 0 0.5 3.0796053387815907
0.27 0 0.0 0.027961992090381464
0.27 0 0.01 0.0744827628237308
0.27 0 0.02 0.061280114509983205
0.27 0 0.03 0.03564466306708083
0.27 0 0.04 0.23064384513939562
0.27 0 0.05 0.546383255932103
0.27 0 0.06 0.06538111863299792
0.27 0 0.07 0.06452218347816953
0.27 0 0.08 0.11964160004872804
0.27 0 0.09 0.24481281004867061
0.27 0 0.1 0.10855721369307537
0.27 0 0.11 0.16330981406957598
0.27 0 0.12 0.06818569876090862
0.27 0 0.13 0.07831408610372685
0.27 0 0.14 0.05885042783958215
0.27 0 0.15 0.0028973325548573457
0.27 0 0.16 0.00813746283099299
0.27 0 0.17 0.01692264312634895
0.27 0 0.18 0.0593449439379775
0.27 0 0.19 0.06803842103252941
0.27 0 0.2 0.09429146715773054
0.27 0 0.21 0.5470254175750064
0.27 0 0.22 0.44556570273595836
0.27 0 0.23 0.5132727997443979
0.27 0 0.24 1.0571827359761559
0.27 0 0.25 1.373832031068872
0.27 0 0.26 3.5370511194692233
0.27 0 0.27 1.1715068081070366
0.27 0 0.28 9.294458242633816
0.27 0 0.29 9.864517841884561
0.27 0 0.3 15.073951848950365
0.27 0 0.31 8.517683063689558
0.27 0 0.32 6.121015856735169
0.27 0 0.33 13.14246808685944
0.27 0 0.34 3.0386320679754313
0.27 0 0.35000000000000003 1.8594683655103528
0.27 0 0.36 0.5563188915439934
0.27 0 0.37 0.25172223427779966
0.27 0 0.38 0.5606232704171003
0.27 0 0.39 0.616735624503157
0.27 0 0.4 1.2062427314559623
0.27 0 0.41000000000000003 0.6510961584724395
0.27 0 0.42 1.5140242140587685
0.27 0 0.43 1.178222675726402
0.27 0 0.44 0.7925557073884432
0.27 0 0.45 1.1598233966834885
0.27 0 0.46 0.36490307832582725
0.27 0 0.47000000000000003 0.0985790563943657
0.27 0 0.48 0.04913887442918159
0.27 0 0.49 0.3678730558657618
0.27 0 0.5 6.285612636241555
0.28 0 0.0 0.518902186543623
0.28 0 0.01 0.3802205917540891
0.28 0 0.02 0.10094454276955403
0.28 0 0.03 0.0983283274591974
0.28 0 0.04 0.1339772986048173
0.28 0 0.05 0.3231248332191666
0.28 0 0.06 0.2885468493926623
0.28 0 0.07 0.10165129666546348
0.28 0 0.08 0.054120839668986315
0.28 0 0.09 0.04201308737129778
0.28 0 0.1 0.06772347909482543
0.28 0 0.11 0.062040711711162405
0.28 0 0.12 0.017527741109911458
0.28 0 0.13 0.0043944818138978
0.28 0 0.14 0.008221640211792274
0.28 0 0.15 0.010661714392883251
0.28 0 0.16 0.0069661742063102635
0.28 0 0.17 0.013534495278937447
0.28 0 0.18 0.10181472049285292
0.28 0 0.19 0.06787874464949623
0.28 0 0.2 0.22261957432610946
0.28 0 0.21 0.1861157599998776
0.28 0 0.22 0.23244484059545073
0.28 0 0.23 0.19291570201252242
0.28 0 0.24 0.619785162605068
0.28 0 0.25 5.289822233403554
0.28 0 0.26 14.787887678358198
0.28 0 0.27 5.967215735756211
0.28 0 0.28 1.2280234094266869
0.28 0 0.29 0.7497274124020006
0.28 0 0.3 1.4678374853913556
0.28 0 0.31 2.7700818970541774
0.28 0 0.32 2.232792554050504
0.28 0 0.33 5.758246576606141
0.28 0 0.34 11.820517792065683
0.28 0 0.35000000000000003 7.59740369047167
0.28 0 0.36 3.7907402203067955
0.28 0 0.37 2.881821721416131
0.28 0 0.38 3.0895267094515484
0.28 0 0.39 4.892048737310087
0.28 0 0.4 3.2404540015503396
0.28 0 0.41000000000000003 2.4689415967820203
0.28 0 0.42 1.510883991206756
0.28 0 0.43 1.3580077905600993
0.28 0 0.44 0.4332751816174114
0.28 0 0.45 0.10954445763287382
0.28 0 0.46 0.1592296223599226
0.28 0 0.47000000000000003 0.21241529911944793
0.28 0 0.48 0.24332275189037467
0.28 0 0.49 0.5036858818562409
0.28 0 0.5 5.359393764181166
0.29 0 0.0 0.10261729247432243
0.29 0 0.01 0.23221636988286667
0.29 0 0.02 0.5180597325978755
0.29 0 0.03 0.6249206181089062
0.29 0 0.04 0.1466082359022385
0.29 0 0.05 0.4551218888671172
0.29 0 0.06 0.3815156537059403
0.29 0 0.07 0.07169571955368732
0.29 0 0.08 0.03159397792754125
0.29 0 0.09 0.012667730172565889
0.29 0 0.1 0.00848547790434093
0.29 0 0.11 0.005161754511206368
0.29 0 0.12 0.003412272386736778
0.29 0 0.13 0.0070801485592612
0.29 0 0.14 0.01608349692536394
0.29 0 0.15 0.016639855344479978
0.29 0 0.16 0.005103350443647315
0.29 0 0.17 0.008321145882025602
0.29 0 0.18 0.022548776887860906
0.29 0 0.19 0.02968326676723699
0.29 0 0.2 0.0472638518736268
0.29 0 0.21 0.014469327907063017
0.29 0 0.22 0.08819715756470209
0.29 0 0.23 0.05218416243229609
0.29 0 0.24 0.031938251108515274
0.29 0 0.25 0.3386082231435841
0.29 0 0.26 2.006018547756914
0.29 0 0.27 1.540223777294217
0.29 0 0.28 1.2800438412803323
0.29 0 0.29 2.5380062620760664
0.29 0 0.3 3.1794506892400105
0.29 0 0.31 3.5934181300637946
0.29 0 0.32 3.34104015755925
0.29 0 0.33 2.1675745059216602
0.29 0 0.34 7.609077852595495
0.29 0 0.35000000000000003 5.3169995634688405
0.29 0 0.36 1.481716067669323
0.29 0 0.37 3.9248776446850715
0.29 0 0.38 4.516352814221591
0.29 0 0.39 6.189800680253997
0.29 0 0.4 4.429971851350555
0.29 0 0.41000000000000003 4.4848524520979
0.29 0 0.42 1.8320180801133557
0.29 0 0.43 2.330228643438797
0.29 0 0.44 0.6164674744042932
0.29 0 0.45 0.18246430257916862
0.29 0 0.46 2.2934544234151835
0.29 0 0.47000000000000003 1.6112381114579737
0.29 0 0.48 0.5748145685200544
0.29 0 0.49 1.9614017290272887
0.29 0 0.5 3.193100667615982
0.3 0 0.0 0.05937206434118562
0.3 0 0.01 0.16848916574451966
0.3 0 0.02 0.08107410626101941
0.3 0 0.03 0.12990421753527728
0.3 0 0.04 0.16065343275301902
0.3 0 0.05 0.2786721651273933
0.3 0 0.06 0.7178913172287789
0.3 0 0.07 0.25117729409978723
0.3 0 0.08 0.030887825911155235
0.3 0 0.09 0.00422960805473392
0.3 0 0.1 0.0024905161893351794
0.3 0 0.11 0.001457870957129969
0.3 0 0.12 0.004458372257631071
0.3 0 0.13 0.03081324154823634
0.3 0 0.14 0.06055166988043369
0.3 0 0.15 0.007080861809320006
0.3 0 0.16 0.011991951196359693
0.3 0 0.17 0.0024190232972254337
0.3 0 0.18 0.0017855094224292164
0.3 0 0.19 0.002786330014046048
0.3 0 0.2 0.014563499417367492
0.3 0 0.21 0.020324064472656778
0.3 0 0.22 0.1944163862054019
0.3 0 0.23 0.2276719563982567
0.3 0 0.24 0.08430422904455503
0.3 0 0.25 0.1658768704147265
0.3 0 0.26 0.1656157481182581
0.3 0 0.27 0.15497024440135973
0.3 0 0.28 1.1558191701621698
0.3 0 0.29 3.1194213215448956
0.3 0 0.3 4.677054175888582
0.3 0 0.31 3.126354296171714
0.3 0 0.32 10.785082084496215
0.3 0 0.33 21.035538957169212
0.3 0 0.34 17.982628882888744
0.3 0 0.35000000000000003 52.19016415687658
0.3 0 0.36 8.229975137697988
0.3 0 0.37 18.084837907931686
0.3 0 0.38 4.651233441317826
0.3 0 0.39 4.443217832247341
0.3 0 0.4 2.2134584367319725
0.3 0 0.41000000000000003 1.8647834410966921
0.3 0 0.42 0.8674418012633184
0.3 0 0.43 0.4043797151784892
0.3 0 0.44 1.0601459322061046
0.3 0 0.45 1.039378107234545
0.3 0 0.46 0.44432087653466645
0.3 0 0.47000000000000003 0.44801079000030347
0.3 0 0.48 0.8936656077668793
0.3 0 0.49 5.825063492615526
0.3 0 0.5 2.195992887769482
#STOP
