#MEDIUM_PROPERTIES_DISTRIBUTED
$MSH_TYPE
	 GROUNDWATER_FLOW	
$MMP_TYPE
	 PERMEABILITY	
$DIS_TYPE
	 NEAREST_VALUE	
;hj
$CONVERSION_FACTOR
2e-8;2e-6;2e-13
$DATA
0.0 0 0.0 0.541144790307526
0.0 0 0.01 0.5596031091738157
0.0 0 0.02 1.0335026610247768
0.0 0 0.03 0.9826496274044193
0.0 0 0.04 0.6987165743392856
0.0 0 0.05 0.5585216432531629
0.0 0 0.06 1.5209197450436052
0.0 0 0.07 1.1830950152196265
0.0 0 0.08 0.6919685632509697
0.0 0 0.09 0.41007129036302536
0.0 0 0.1 0.38146814057804235
0.0 0 0.11 0.29782528413472664
0.0 0 0.12 0.5814178141199222
0.0 0 0.13 0.8051442012374938
0.0 0 0.14 0.535405527971057
0.0 0 0.15 0.5638498283142516
0.0 0 0.16 0.7136764708950103
0.0 0 0.17 1.5754171240278318
0.0 0 0.18 5.223425394492944
0.0 0 0.19 20.597116980120987
0.0 0 0.2 16.31884192789776
0.0 0 0.21 21.30039631125149
0.0 0 0.22 23.687624094892005
0.0 0 0.23 22.596002374884844
0.0 0 0.24 13.626069759007846
0.0 0 0.25 13.19151314125272
0.0 0 0.26 6.853822832263977
0.0 0 0.27 2.842538601852052
0.0 0 0.28 0.9121876585957374
0.0 0 0.29 0.21868165093504777
0.0 0 0.3 0.17934836900735737
0.0 0 0.31 0.2976053226715554
0.0 0 0.32 0.35532657321294997
0.0 0 0.33 0.133105590250069
0.0 0 0.34 0.13905251079199676
0.0 0 0.35000000000000003 0.16097574467970965
0.0 0 0.36 0.22320401265764142
0.0 0 0.37 0.12398457592815752
0.0 0 0.38 0.12623907433330844
0.0 0 0.39 0.2335737660623148
0.0 0 0.4 0.5014659699722402
0.0 0 0.41000000000000003 0.4488805627362916
0.0 0 0.42 0.5408431008964723
0.0 0 0.43 1.2012450664278878
0.0 0 0.44 1.238166718534743
0.0 0 0.45 1.5582420368131151
0.0 0 0.46 2.170852916688259
0.0 0 0.47000000000000003 2.9859093070874976
0.0 0 0.48 1.6169240564917526
0.0 0 0.49 1.7671070523996064
0.0 0 0.5 1.355521469861483
0.01 0 0.0 0.5370323883566441
0.01 0 0.01 1.1386765813749478
0.01 0 0.02 1.2025766826186237
0.01 0 0.03 0.9067508967379769
0.01 0 0.04 1.6792668538171078
0.01 0 0.05 1.7760409791587985
0.01 0 0.06 1.745567035492684
0.01 0 0.07 1.2789826729992706
0.01 0 0.08 1.3525642081772444
0.01 0 0.09 1.0118331211176255
0.01 0 0.1 1.8319302610644859
0.01 0 0.11 1.487718903484202
0.01 0 0.12 1.1845715492978195
0.01 0 0.13 1.0765255123813038
0.01 0 0.14 0.9864966645109244
0.01 0 0.15 0.8619832856287486
0.01 0 0.16 1.6243889803511615
0.01 0 0.17 2.528158385916961
0.01 0 0.18 1.2775890236380518
0.01 0 0.19 1.8343021784734792
0.01 0 0.2 3.515558457253497
0.01 0 0.21 5.86179019781302
0.01 0 0.22 5.456831962848806
0.01 0 0.23 9.234926270564502
0.01 0 0.24 5.163913772510899
0.01 0 0.25 3.0540684611956035
0.01 0 0.26 2.188252739647328
0.01 0 0.27 3.813193808656877
0.01 0 0.28 7.145465858641244
0.01 0 0.29 7.926308478583013
0.01 0 0.3 4.2359338975723775
0.01 0 0.31 2.0124918592926813
0.01 0 0.32 1.452910952110042
0.01 0 0.33 0.8439426840871034
0.01 0 0.34 1.5856058527740506
0.01 0 0.35000000000000003 3.1495406481558774
0.01 0 0.36 5.652115113458102
0.01 0 0.37 3.7655229185433248
0.01 0 0.38 3.277603853886017
0.01 0 0.39 2.080041833357993
0.01 0 0.4 3.527230126057521
0.01 0 0.41000000000000003 6.0393374961177795
0.01 0 0.42 8.180340971461904
0.01 0 0.43 11.716355926940226
0.01 0 0.44 18.416986811518946
0.01 0 0.45 23.158773475284583
0.01 0 0.46 24.98596759771967
0.01 0 0.47000000000000003 31.74070296319199
0.01 0 0.48 11.872191159829761
0.01 0 0.49 9.525168327626403
0.01 0 0.5 9.432263132489043
0.02 0 0.0 0.6419844523421163
0.02 0 0.01 1.2417122182536589
0.02 0 0.02 1.2768989437087999
0.02 0 0.03 0.40124485431421014
0.02 0 0.04 0.2736462533147277
0.02 0 0.05 0.618719676954175
0.02 0 0.06 1.1132030261048824
0.02 0 0.07 0.8053410342923433
0.02 0 0.08 1.4099462957268676
0.02 0 0.09 1.0107326746754324
0.02 0 0.1 0.5726246076551657
0.02 0 0.11 0.28842671964297983
0.02 0 0.12 0.2352665564254909
0.02 0 0.13 0.10894403796002408
0.02 0 0.14 0.1079990238979762
0.02 0 0.15 0.09495843305096399
0.02 0 0.16 0.08406873004915583
0.02 0 0.17 0.11746283160788058
0.02 0 0.18 0.17319033727857486
0.02 0 0.19 0.292281261856309
0.02 0 0.2 0.6635075246803532
0.02 0 0.21 1.8986894887903136
0.02 0 0.22 1.3634475769103993
0.02 0 0.23 1.3970380648936083
0.02 0 0.24 1.6422314725271556
0.02 0 0.25 3.655970663470616
0.02 0 0.26 3.9349442475224268
0.02 0 0.27 3.4630304897665867
0.02 0 0.28 1.979445195328991
0.02 0 0.29 2.4892826367646697
0.02 0 0.3 2.684953967209768
0.02 0 0.31 1.6056624796927614
0.02 0 0.32 1.043347286914726
0.02 0 0.33 0.7659551287227171
0.02 0 0.34 0.9132553458175845
0.02 0 0.35000000000000003 0.923120931145201
0.02 0 0.36 0.9613186461810725
0.02 0 0.37 0.5268139467725648
0.02 0 0.38 0.9320202531326498
0.02 0 0.39 0.9725996165089131
0.02 0 0.4 0.6928060774029203
0.02 0 0.41000000000000003 0.5347205495273432
0.02 0 0.42 1.204933307233516
0.02 0 0.43 1.7576855203008328
0.02 0 0.44 3.322510313974816
0.02 0 0.45 8.944803039238307
0.02 0 0.46 15.642744810437007
0.02 0 0.47000000000000003 22.197903547559516
0.02 0 0.48 13.576961983234687
0.02 0 0.49 5.49257181553943
0.02 0 0.5 2.336264335368034
0.03 0 0.0 3.1121611259618587
0.03 0 0.01 2.4360124833556536
0.03 0 0.02 2.474231370837905
0.03 0 0.03 3.600295329400243
0.03 0 0.04 2.6080245698921596
0.03 0 0.05 2.088407003821309
0.03 0 0.06 2.2904304041270476
0.03 0 0.07 0.8000283797350607
0.03 0 0.08 0.42345565130488383
0.03 0 0.09 0.6112761801009672
0.03 0 0.1 1.1046504007566156
0.03 0 0.11 0.4180494390962536
0.03 0 0.12 0.2841886226179127
0.03 0 0.13 0.18356321918657695
0.03 0 0.14 0.1816384798693237
0.03 0 0.15 0.14573714174393015
0.03 0 0.16 0.14494037933964862
0.03 0 0.17 0.11654442980217934
0.03 0 0.18 0.13987830698205034
0.03 0 0.19 0.15500131866366224
0.03 0 0.2 0.13251313470532863
0.03 0 0.21 0.18951165921284108
0.03 0 0.22 0.16955643755814975
0.03 0 0.23 0.15711327598231573
0.03 0 0.24 0.16056596186495992
0.03 0 0.25 0.5766383519816939
0.03 0 0.26 1.7985886931076416
0.03 0 0.27 5.737886140305546
0.03 0 0.28 3.9705851383187842
0.03 0 0.29 2.61293484295393
0.03 0 0.3 2.3193013167880285
0.03 0 0.31 2.295832130778298
0.03 0 0.32 1.4485677139790687
0.03 0 0.33 1.5434883669389778
0.03 0 0.34 2.705360556591032
0.03 0 0.35000000000000003 3.292478241970601
0.03 0 0.36 5.34679571108657
0.03 0 0.37 4.36961001130367
0.03 0 0.38 4.97575272933287
0.03 0 0.39 6.14596522878736
0.03 0 0.4 6.998675953727998
0.03 0 0.41000000000000003 1.9462530338550172
0.03 0 0.42 2.064092947027584
0.03 0 0.43 3.892119560199968
0.03 0 0.44 3.9045072976694533
0.03 0 0.45 1.7700002286966556
0.03 0 0.46 1.290727796763499
0.03 0 0.47000000000000003 1.079646125595192
0.03 0 0.48 1.014632136949844
0.03 0 0.49 1.6379637206207003
0.03 0 0.5 1.780162030669096
0.04 0 0.0 0.4937987925435183
0.04 0 0.01 0.8428057756434638
0.04 0 0.02 0.5791664920185172
0.04 0 0.03 0.40788271594921377
0.04 0 0.04 0.36854230623198403
0.04 0 0.05 0.3942353164126794
0.04 0 0.06 0.3510043058513639
0.04 0 0.07 0.284105122564102
0.04 0 0.08 0.19948092484484733
0.04 0 0.09 0.1585084267487925
0.04 0 0.1 0.2987322291763516
0.04 0 0.11 0.1815438805803274
0.04 0 0.12 0.09085276733924379
0.04 0 0.13 0.045686358324326416
0.04 0 0.14 0.03962233525896053
0.04 0 0.15 0.0162743229044848
0.04 0 0.16 0.014132980155952317
0.04 0 0.17 0.015603423580827067
0.04 0 0.18 0.03087470219551624
0.04 0 0.19 0.04996794874287469
0.04 0 0.2 0.04873677926153189
0.04 0 0.21 0.04121595048868248
0.04 0 0.22 0.048392984994535086
0.04 0 0.23 0.1102847530826591
0.04 0 0.24 0.2431097076439772
0.04 0 0.25 0.7126795608863314
0.04 0 0.26 0.6671883378496156
0.04 0 0.27 0.9636835097334665
0.04 0 0.28 1.194879970317663
0.04 0 0.29 0.9942362179143988
0.04 0 0.3 0.345354139082887
0.04 0 0.31 0.4274494707971769
0.04 0 0.32 0.5564745078553591
0.04 0 0.33 0.5715263719672463
0.04 0 0.34 0.8108049885700784
0.04 0 0.35000000000000003 1.3305019294340816
0.04 0 0.36 1.7510499838978473
0.04 0 0.37 1.7408619997799102
0.04 0 0.38 2.18855715249462
0.04 0 0.39 1.8867528761306382
0.04 0 0.4 4.284623591987681
0.04 0 0.41000000000000003 4.98834360107172
0.04 0 0.42 5.751858707529755
0.04 0 0.43 7.378305226660417
0.04 0 0.44 12.916174597978248
0.04 0 0.45 6.67122543406772
0.04 0 0.46 8.141382734754545
0.04 0 0.47000000000000003 18.68654873296966
0.04 0 0.48 15.528845003606506
0.04 0 0.49 5.899050372610482
0.04 0 0.5 3.343404997243428
0.05 0 0.0 1.0483472547744992
0.05 0 0.01 0.5654100994385254
0.05 0 0.02 0.29570546804013664
0.05 0 0.03 0.134228399854729
0.05 0 0.04 0.05994273086949445
0.05 0 0.05 0.09606587500498653
0.05 0 0.06 0.07808254099041936
0.05 0 0.07 0.03645247229111211
0.05 0 0.08 0.026388832933840548
0.05 0 0.09 0.025172503100486448
0.05 0 0.1 0.02595857384822949
0.05 0 0.11 0.020763596241387676
0.05 0 0.12 0.028238921604073285
0.05 0 0.13 0.028853065069677306
0.05 0 0.14 0.03202068797233352
0.05 0 0.15 0.013549795524936405
0.05 0 0.16 0.014702556287438554
0.05 0 0.17 0.020483028631216812
0.05 0 0.18 0.03533351457944023
0.05 0 0.19 0.04664530131732617
0.05 0 0.2 0.09042791974732349
0.05 0 0.21 0.07786174552655178
0.05 0 0.22 0.044243939150220735
0.05 0 0.23 0.04367812046611942
0.05 0 0.24 0.04716052347349765
0.05 0 0.25 0.06864850283113208
0.05 0 0.26 0.058662900472797014
0.05 0 0.27 0.04952552221313909
0.05 0 0.28 0.03948175121564151
0.05 0 0.29 0.0877726129848921
0.05 0 0.3 0.061248845092912486
0.05 0 0.31 0.05256350577912508
0.05 0 0.32 0.09081960802839087
0.05 0 0.33 0.23710126773277448
0.05 0 0.34 0.26745433096979426
0.05 0 0.35000000000000003 0.4105054826630504
0.05 0 0.36 0.6742463958987607
0.05 0 0.37 0.9755435141156535
0.05 0 0.38 2.5979788747272194
0.05 0 0.39 3.1875034895188814
0.05 0 0.4 2.333165678782134
0.05 0 0.41000000000000003 2.1920198115776994
0.05 0 0.42 6.701884503393651
0.05 0 0.43 7.305130640165111
0.05 0 0.44 7.464119523783117
0.05 0 0.45 4.045324696951104
0.05 0 0.46 2.717010841324381
0.05 0 0.47000000000000003 2.04876889876662
0.05 0 0.48 2.494675324920039
0.05 0 0.49 2.1409775691401367
0.05 0 0.5 2.4435786672803532
0.06 0 0.0 0.2072790998988191
0.06 0 0.01 0.2505294967482657
0.06 0 0.02 0.1930898512742968
0.06 0 0.03 0.18662286144739754
0.06 0 0.04 0.0876031413030091
0.06 0 0.05 0.09236566206479692
0.06 0 0.06 0.08024972454403491
0.06 0 0.07 0.05535836897529807
0.06 0 0.08 0.04055508986627182
0.06 0 0.09 0.058289342684724035
0.06 0 0.1 0.05919030073835518
0.06 0 0.11 0.03430330662608487
0.06 0 0.12 0.03454308103443254
0.06 0 0.13 0.041126947774773215
0.06 0 0.14 0.07881344514237144
0.06 0 0.15 0.06930756846419084
0.06 0 0.16 0.10164301792689333
0.06 0 0.17 0.20542828684609132
0.06 0 0.18 0.43729980842910354
0.06 0 0.19 0.1223756889513104
0.06 0 0.2 0.04902128949877805
0.06 0 0.21 0.055402395149523005
0.06 0 0.22 0.08881178564612587
0.06 0 0.23 0.08484115704684822
0.06 0 0.24 0.06997505468883859
0.06 0 0.25 0.057392536305129235
0.06 0 0.26 0.054917181613452326
0.06 0 0.27 0.1083371133970937
0.06 0 0.28 0.10750465594911364
0.06 0 0.29 0.2112301313410086
0.06 0 0.3 0.4087057844491777
0.06 0 0.31 0.46531796096920175
0.06 0 0.32 0.2094270530245461
0.06 0 0.33 0.5061513565770733
0.06 0 0.34 1.24089163482809
0.06 0 0.35000000000000003 1.6986388182279686
0.06 0 0.36 1.836549321702625
0.06 0 0.37 3.172803059594161
0.06 0 0.38 6.352555672602025
0.06 0 0.39 10.877837476202279
0.06 0 0.4 12.19169853896934
0.06 0 0.41000000000000003 6.602627967632371
0.06 0 0.42 8.140703927455766
0.06 0 0.43 5.188705408080318
0.06 0 0.44 2.968647183230155
0.06 0 0.45 2.3804383614266698
0.06 0 0.46 5.808569806903338
0.06 0 0.47000000000000003 4.148888872274098
0.06 0 0.48 2.459348061701829
0.06 0 0.49 1.7034577721642463
0.06 0 0.5 1.8924433039748019
0.07 0 0.0 0.03146337426447268
0.07 0 0.01 0.05657652444573127
0.07 0 0.02 0.11564532573048249
0.07 0 0.03 0.24051990640362747
0.07 0 0.04 0.1497196094265117
0.07 0 0.05 0.12579963665887675
0.07 0 0.06 0.1027677308526327
0.07 0 0.07 0.10862094989892264
0.07 0 0.08 0.06751523450137589
0.07 0 0.09 0.10511632786617371
0.07 0 0.1 0.16479835649484553
0.07 0 0.11 0.12056396891777835
0.07 0 0.12 0.0961841977844248
0.07 0 0.13 0.1316882165996683
0.07 0 0.14 0.22798816744666783
0.07 0 0.15 0.15689999185894785
0.07 0 0.16 0.09756985345300594
0.07 0 0.17 0.05957228922950673
0.07 0 0.18 0.17391463930566498
0.07 0 0.19 0.19933191059203548
0.07 0 0.2 0.07713079391760146
0.07 0 0.21 0.030471080804333594
0.07 0 0.22 0.047075819296496464
0.07 0 0.23 0.02928240369862466
0.07 0 0.24 0.016866414772308283
0.07 0 0.25 0.03009412173651204
0.07 0 0.26 0.07294844843214736
0.07 0 0.27 0.12204273008280979
0.07 0 0.28 0.09900480687012654
0.07 0 0.29 0.07395998628507566
0.07 0 0.3 0.05208768999693204
0.07 0 0.31 0.11657807338139506
0.07 0 0.32 0.15274094517215617
0.07 0 0.33 0.37593333152821895
0.07 0 0.34 1.0079010089978748
0.07 0 0.35000000000000003 2.080951477022067
0.07 0 0.36 1.6869404514780946
0.07 0 0.37 2.995059079032129
0.07 0 0.38 3.590470361359052
0.07 0 0.39 1.8072928838549032
0.07 0 0.4 1.3249297159955906
0.07 0 0.41000000000000003 1.5881765289356675
0.07 0 0.42 2.088576676818966
0.07 0 0.43 1.6133290796075315
0.07 0 0.44 1.9281204108939562
0.07 0 0.45 1.6242470818484303
0.07 0 0.46 2.061183761513264
0.07 0 0.47000000000000003 0.9207708542277016
0.07 0 0.48 0.4591541602872379
0.07 0 0.49 0.25735312002259214
0.07 0 0.5 0.28268185972862386
0.08 0 0.0 0.009311619192149125
0.08 0 0.01 0.0122061112310906
0.08 0 0.02 0.03765527211443546
0.08 0 0.03 0.14147929363217995
0.08 0 0.04 0.1481378761217625
0.08 0 0.05 0.13847036616611394
0.08 0 0.06 0.0897932124084015
0.08 0 0.07 0.11864698196040144
0.08 0 0.08 0.08927582457063961
0.08 0 0.09 0.15618119697459493
0.08 0 0.1 0.4998423326860921
0.08 0 0.11 0.9216696183919849
0.08 0 0.12 0.4066309431047831
0.08 0 0.13 0.2932415858703507
0.08 0 0.14 0.4352506342980626
0.08 0 0.15 0.3253513436724443
0.08 0 0.16 0.3233275000455521
0.08 0 0.17 0.25456593424090795
0.08 0 0.18 0.15420534449329654
0.08 0 0.19 0.04984958939128026
0.08 0 0.2 0.042381270882730894
0.08 0 0.21 0.03469533795607961
0.08 0 0.22 0.07467160468393592
0.08 0 0.23 0.11075996870703643
0.08 0 0.24 0.13291967796601195
0.08 0 0.25 0.19685428363766844
0.08 0 0.26 0.4080820668566119
0.08 0 0.27 0.30276913797868077
0.08 0 0.28 0.20504217088820695
0.08 0 0.29 0.41797375285991345
0.08 0 0.3 0.35514018487359217
0.08 0 0.31 0.21064686013070127
0.08 0 0.32 0.1655896109742864
0.08 0 0.33 0.24993581356742334
0.08 0 0.34 0.11448914257279008
0.08 0 0.35000000000000003 0.07393242996971765
0.08 0 0.36 0.0508456074323494
0.08 0 0.37 0.07412028050782273
0.08 0 0.38 0.06809629622524449
0.08 0 0.39 0.04473509478680769
0.08 0 0.4 0.03370932102888069
0.08 0 0.41000000000000003 0.0500957225635832
0.08 0 0.42 0.05492757462526154
0.08 0 0.43 0.03389702906565106
0.08 0 0.44 0.058374148066567565
0.08 0 0.45 0.09653048022204815
0.08 0 0.46 0.13016365833635035
0.08 0 0.47000000000000003 0.07927308883855118
0.08 0 0.48 0.0952458033044005
0.08 0 0.49 0.12191630123227415
0.08 0 0.5 0.33273145553574895
0.09 0 0.0 0.17675550697997483
0.09 0 0.01 0.2604553741234021
0.09 0 0.02 0.4909203426247781
0.09 0 0.03 0.4582128624829846
0.09 0 0.04 0.21316719601449138
0.09 0 0.05 0.42710108858361673
0.09 0 0.06 0.7004022983020134
0.09 0 0.07 0.8742307155267277
0.09 0 0.08 0.6645917372274752
0.09 0 0.09 0.7710740346620224
0.09 0 0.1 0.388071866164077
0.09 0 0.11 0.2957668123880168
0.09 0 0.12 0.20826394027554962
0.09 0 0.13 0.1790306320931548
0.09 0 0.14 0.1331489764414859
0.09 0 0.15 0.05224175513647129
0.09 0 0.16 0.027710547032350052
0.09 0 0.17 0.0539321221634803
0.09 0 0.18 0.1457209403004691
0.09 0 0.19 0.0656092331961019
0.09 0 0.2 0.07195405636159792
0.09 0 0.21 0.1250676020638922
0.09 0 0.22 0.10496670023742213
0.09 0 0.23 0.02424437815273861
0.09 0 0.24 0.026029650750584207
0.09 0 0.25 0.04865356274171976
0.09 0 0.26 0.07864864663869095
0.09 0 0.27 0.0439765252559698
0.09 0 0.28 0.023978132242171827
0.09 0 0.29 0.04303520920560773
0.09 0 0.3 0.11060985389379464
0.09 0 0.31 0.1158359636992884
0.09 0 0.32 0.05843924305695919
0.09 0 0.33 0.07864522055886992
0.09 0 0.34 0.05266702788411904
0.09 0 0.35000000000000003 0.043229369277443565
0.09 0 0.36 0.0483041180405698
0.09 0 0.37 0.10233745877875321
0.09 0 0.38 0.06531313187604446
0.09 0 0.39 0.04064736772845819
0.09 0 0.4 0.0307260870770808
0.09 0 0.41000000000000003 0.046794358353944514
0.09 0 0.42 0.044338824390179395
0.09 0 0.43 0.018833691908975093
0.09 0 0.44 0.014370988277762854
0.09 0 0.45 0.020327450651750848
0.09 0 0.46 0.028957227769747792
0.09 0 0.47000000000000003 0.024153998290437063
0.09 0 0.48 0.05454006030426401
0.09 0 0.49 0.07025194419250981
0.09 0 0.5 0.1006297644529918
0.1 0 0.0 0.05782194881240959
0.1 0 0.01 0.11170246399477028
0.1 0 0.02 0.17959555214836892
0.1 0 0.03 0.1553262332488283
0.1 0 0.04 0.08961882400922254
0.1 0 0.05 0.17488891327400533
0.1 0 0.06 0.3986448379399208
0.1 0 0.07 0.37131988677967864
0.1 0 0.08 0.15458158794023352
0.1 0 0.09 0.3853514789024203
0.1 0 0.1 0.4026345308275439
0.1 0 0.11 0.1342642363857213
0.1 0 0.12 0.048750676220130594
0.1 0 0.13 0.07478088855581079
0.1 0 0.14 0.07790255517350533
0.1 0 0.15 0.08179596970952492
0.1 0 0.16 0.10827507592761706
0.1 0 0.17 0.14137910283220143
0.1 0 0.18 0.17236670135372087
0.1 0 0.19 0.07394288838745831
0.1 0 0.2 0.035487030824753116
0.1 0 0.21 0.03751746757434982
0.1 0 0.22 0.08141981013043827
0.1 0 0.23 0.03372484902542458
0.1 0 0.24 0.02538633501476198
0.1 0 0.25 0.03690792395112169
0.1 0 0.26 0.0655860537884423
0.1 0 0.27 0.05190493287684167
0.1 0 0.28 0.06777870105545791
0.1 0 0.29 0.09451034440956639
0.1 0 0.3 0.13679561613885152
0.1 0 0.31 0.1639089803517102
0.1 0 0.32 0.09599772956915803
0.1 0 0.33 0.07147579602342019
0.1 0 0.34 0.058728794296235697
0.1 0 0.35000000000000003 0.09610417391130496
0.1 0 0.36 0.14884055347075084
0.1 0 0.37 0.3735450593325992
0.1 0 0.38 0.26744846506986375
0.1 0 0.39 0.1567733753504891
0.1 0 0.4 0.04847072782340858
0.1 0 0.41000000000000003 0.01931683877480284
0.1 0 0.42 0.01150646290765037
0.1 0 0.43 0.014532000764584892
0.1 0 0.44 0.017621980242767208
0.1 0 0.45 0.033044008150256175
0.1 0 0.46 0.1004496449524192
0.1 0 0.47000000000000003 0.089856831557217
0.1 0 0.48 0.07768379733306431
0.1 0 0.49 0.09438176637231159
0.1 0 0.5 0.1694824404090009
0.11 0 0.0 0.031932281572992015
0.11 0 0.01 0.11232544976677501
0.11 0 0.02 0.17559255205709734
0.11 0 0.03 0.06203113587011356
0.11 0 0.04 0.03734458622447395
0.11 0 0.05 0.054886988645438166
0.11 0 0.06 0.06689483841485613
0.11 0 0.07 0.07762880728939764
0.11 0 0.08 0.03347257496954498
0.11 0 0.09 0.026039609148594656
0.11 0 0.1 0.032652600763628116
0.11 0 0.11 0.05623808638409612
0.11 0 0.12 0.03864806239042589
0.11 0 0.13 0.06716777205591958
0.11 0 0.14 0.07549188073369695
0.11 0 0.15 0.0585464999984843
0.11 0 0.16 0.044361155915252824
0.11 0 0.17 0.036233676850933955
0.11 0 0.18 0.018149111768896126
0.11 0 0.19 0.013620926065677667
0.11 0 0.2 0.02123550795141075
0.11 0 0.21 0.016442168837338563
0.11 0 0.22 0.016960770761080615
0.11 0 0.23 0.015005917658150878
0.11 0 0.24 0.01934777327344153
0.11 0 0.25 0.018653705201085453
0.11 0 0.26 0.0389686645480202
0.11 0 0.27 0.05822814955997365
0.11 0 0.28 0.150103571271466
0.11 0 0.29 0.22106740001206007
0.11 0 0.3 0.17849976261154477
0.11 0 0.31 0.10712501876264216
0.11 0 0.32 0.09276472550094585
0.11 0 0.33 0.12345895566601825
0.11 0 0.34 0.1828442782287587
0.11 0 0.35000000000000003 0.24479127144249058
0.11 0 0.36 0.08883339205425432
0.11 0 0.37 0.04004897154489325
0.11 0 0.38 0.014603635254851045
0.11 0 0.39 0.010390559668460591
0.11 0 0.4 0.008899956559361778
0.11 0 0.41000000000000003 0.014129458665597219
0.11 0 0.42 0.009381737299533994
0.11 0 0.43 0.010869441742915027
0.11 0 0.44 0.015039022449590161
0.11 0 0.45 0.01537468316728029
0.11 0 0.46 0.020550165140454494
0.11 0 0.47000000000000003 0.04027289478494627
0.11 0 0.48 0.04194355623994005
0.11 0 0.49 0.02002251438108357
0.11 0 0.5 0.02488595804082872
0.12 0 0.0 0.09128815060379755
0.12 0 0.01 0.07181860293156872
0.12 0 0.02 0.09246194244667391
0.12 0 0.03 0.056862846741447114
0.12 0 0.04 0.04897137714050923
0.12 0 0.05 0.06923770682809463
0.12 0 0.06 0.054548252288490924
0.12 0 0.07 0.044105022376085795
0.12 0 0.08 0.07748305098521291
0.12 0 0.09 0.1664438223339385
0.12 0 0.1 0.11124655111356321
0.12 0 0.11 0.1445446637572913
0.12 0 0.12 0.12261576003075049
0.12 0 0.13 0.10030692036371737
0.12 0 0.14 0.060912441826222734
0.12 0 0.15 0.07420557077764826
0.12 0 0.16 0.0687834651134032
0.12 0 0.17 0.09271439445594629
0.12 0 0.18 0.07005078450647671
0.12 0 0.19 0.045138334403451004
0.12 0 0.2 0.0678592026222204
0.12 0 0.21 0.11349652246719695
0.12 0 0.22 0.10876347121400652
0.12 0 0.23 0.07009804052149728
0.12 0 0.24 0.11457644739897418
0.12 0 0.25 0.12489057882056018
0.12 0 0.26 0.15448448065344517
0.12 0 0.27 0.09573668814195418
0.12 0 0.28 0.12726161267639782
0.12 0 0.29 0.19387935518178667
0.12 0 0.3 0.2814612527150119
0.12 0 0.31 0.16555528572072012
0.12 0 0.32 0.1517642917648899
0.12 0 0.33 0.1305705814862689
0.12 0 0.34 0.055987213967688465
0.12 0 0.35000000000000003 0.025037926549303435
0.12 0 0.36 0.01067197977575609
0.12 0 0.37 0.00715778256888503
0.12 0 0.38 0.0052619652241854475
0.12 0 0.39 0.005106742311772523
0.12 0 0.4 0.0017579226181362163
0.12 0 0.41000000000000003 0.0016710301678245763
0.12 0 0.42 0.0018842724682824861
0.12 0 0.43 0.0028863228095440795
0.12 0 0.44 0.005494641461880726
0.12 0 0.45 0.014772189860686642
0.12 0 0.46 0.0076473632904372965
0.12 0 0.47000000000000003 0.003399809993912295
0.12 0 0.48 0.007371891586612723
0.12 0 0.49 0.02330986400475541
0.12 0 0.5 0.05827031904320248
0.13 0 0.0 0.13679094471787628
0.13 0 0.01 0.10779451804581075
0.13 0 0.02 0.09191700988873938
0.13 0 0.03 0.10104833832752924
0.13 0 0.04 0.2110493415662594
0.13 0 0.05 0.3210396972194979
0.13 0 0.06 0.3701170504913993
0.13 0 0.07 0.18518242426771156
0.13 0 0.08 0.12422997015734452
0.13 0 0.09 0.28888529985293093
0.13 0 0.1 0.2665427242207308
0.13 0 0.11 0.11642684993323425
0.13 0 0.12 0.06450718508237104
0.13 0 0.13 0.11811377515356127
0.13 0 0.14 0.09736344719576855
0.13 0 0.15 0.09841331875740884
0.13 0 0.16 0.08089292794984779
0.13 0 0.17 0.14083986440322563
0.13 0 0.18 0.16624211470785497
0.13 0 0.19 0.1072884757504238
0.13 0 0.2 0.04878718201727284
0.13 0 0.21 0.05514166063743098
0.13 0 0.22 0.07874058004008848
0.13 0 0.23 0.052731166179110917
0.13 0 0.24 0.051297965239623246
0.13 0 0.25 0.05017844261136963
0.13 0 0.26 0.0729828647899607
0.13 0 0.27 0.07281762258555327
0.13 0 0.28 0.13157486024385587
0.13 0 0.29 0.15831030404267407
0.13 0 0.3 0.1769097505196594
0.13 0 0.31 0.040347930186365816
0.13 0 0.32 0.013150158285190961
0.13 0 0.33 0.01574883505164445
0.13 0 0.34 0.02635970557518795
0.13 0 0.35000000000000003 0.018996318935016583
0.13 0 0.36 0.0211847288216545
0.13 0 0.37 0.040244998364103425
0.13 0 0.38 0.0247441105065819
0.13 0 0.39 0.01779202710234573
0.13 0 0.4 0.012543326508152802
0.13 0 0.41000000000000003 0.013747734441750549
0.13 0 0.42 0.013519876208502313
0.13 0 0.43 0.025674106906395395
0.13 0 0.44 0.021762028057192982
0.13 0 0.45 0.039986547901237186
0.13 0 0.46 0.07939684993689752
0.13 0 0.47000000000000003 0.10227747244110695
0.13 0 0.48 0.1202783507689268
0.13 0 0.49 0.32104793344446814
0.13 0 0.5 0.6168479047604907
0.14 0 0.0 0.26038398186441697
0.14 0 0.01 0.29256872397116407
0.14 0 0.02 0.3966384253000232
0.14 0 0.03 0.21225092447269495
0.14 0 0.04 0.3190948619478607
0.14 0 0.05 0.6536108295288998
0.14 0 0.06 2.088827304864969
0.14 0 0.07 3.321590611130895
0.14 0 0.08 2.1358773652079743
0.14 0 0.09 1.0886342570402445
0.14 0 0.1 0.5745720396583129
0.14 0 0.11 0.21354001755246002
0.14 0 0.12 0.08683757690459035
0.14 0 0.13 0.27636589203137013
0.14 0 0.14 0.6648570266684187
0.14 0 0.15 0.4794636123755165
0.14 0 0.16 0.09049957229855723
0.14 0 0.17 0.04792294195507141
0.14 0 0.18 0.039996400397784085
0.14 0 0.19 0.05654745353804201
0.14 0 0.2 0.03916679742143053
0.14 0 0.21 0.033480437521368374
0.14 0 0.22 0.031095320560504992
0.14 0 0.23 0.021328654480430243
0.14 0 0.24 0.021405373477674735
0.14 0 0.25 0.03145618166483378
0.14 0 0.26 0.032977047717495524
0.14 0 0.27 0.013418119096242243
0.14 0 0.28 0.015717033704177062
0.14 0 0.29 0.01512539772444944
0.14 0 0.3 0.01930042831568047
0.14 0 0.31 0.02157552417172767
0.14 0 0.32 0.03432773616321788
0.14 0 0.33 0.0276470502209462
0.14 0 0.34 0.03407182849751851
0.14 0 0.35000000000000003 0.024130159949347942
0.14 0 0.36 0.01480884416719241
0.14 0 0.37 0.021477555127374353
0.14 0 0.38 0.0265661906700196
0.14 0 0.39 0.011992356409347867
0.14 0 0.4 0.004286092774397036
0.14 0 0.41000000000000003 0.005087138218215556
0.14 0 0.42 0.00548388670254751
0.14 0 0.43 0.017536591462989474
0.14 0 0.44 0.04896528203427162
0.14 0 0.45 0.11778230250950339
0.14 0 0.46 0.18752199005750478
0.14 0 0.47000000000000003 0.5516937995035176
0.14 0 0.48 0.4943187287800954
0.14 0 0.49 0.2690341973772504
0.14 0 0.5 0.20356205437746727
0.15 0 0.0 0.30711483083972235
0.15 0 0.01 0.11286967037540767
0.15 0 0.02 0.2366723005378723
0.15 0 0.03 0.3303649929047947
0.15 0 0.04 0.5607952156172853
0.15 0 0.05 0.7582883915152173
0.15 0 0.06 1.050385386649686
0.15 0 0.07 0.6277247423407263
0.15 0 0.08 0.5568299886449546
0.15 0 0.09 0.5207185868253397
0.15 0 0.1 0.6068463149096573
0.15 0 0.11 0.77076167999818
0.15 0 0.12 0.6709829332055378
0.15 0 0.13 0.7123288393395233
0.15 0 0.14 0.487102702170059
0.15 0 0.15 0.32819365294997194
0.15 0 0.16 0.19426995977941722
0.15 0 0.17 0.320291307389819
0.15 0 0.18 0.24023950039704423
0.15 0 0.19 0.21878402874481137
0.15 0 0.2 0.16826159984756003
0.15 0 0.21 0.14539099391845553
0.15 0 0.22 0.07826047409512991
0.15 0 0.23 0.05498953286434123
0.15 0 0.24 0.03387904539622141
0.15 0 0.25 0.02753824799822145
0.15 0 0.26 0.03670241648564634
0.15 0 0.27 0.02436786347122816
0.15 0 0.28 0.02490801347616007
0.15 0 0.29 0.033661530898796484
0.15 0 0.3 0.037524774951375406
0.15 0 0.31 0.01650934059565217
0.15 0 0.32 0.0334053567804042
0.15 0 0.33 0.053209819168918815
0.15 0 0.34 0.05349674244542459
0.15 0 0.35000000000000003 0.04094679191006902
0.15 0 0.36 0.041753230918663904
0.15 0 0.37 0.018652902334549065
0.15 0 0.38 0.009392964049514205
0.15 0 0.39 0.007227450729357001
0.15 0 0.4 0.005378026793010889
0.15 0 0.41000000000000003 0.007803611184152262
0.15 0 0.42 0.00842074999534601
0.15 0 0.43 0.00814245907876864
0.15 0 0.44 0.006727254092506291
0.15 0 0.45 0.012862527066507751
0.15 0 0.46 0.011769882098261849
0.15 0 0.47000000000000003 0.022394328318889746
0.15 0 0.48 0.05320844384852588
0.15 0 0.49 0.15417748968456105
0.15 0 0.5 0.2674128227675266
0.16 0 0.0 0.6328426205355558
0.16 0 0.01 0.5678380301175997
0.16 0 0.02 0.631498579030079
0.16 0 0.03 0.5371910605547651
0.16 0 0.04 0.6692693831170488
0.16 0 0.05 0.6172367097142277
0.16 0 0.06 0.9803229963011187
0.16 0 0.07 0.7756596192205385
0.16 0 0.08 1.0558065411917632
0.16 0 0.09 1.0970096867893886
0.16 0 0.1 0.711115125610811
0.16 0 0.11 0.37770302776044007
0.16 0 0.12 0.4724391690784854
0.16 0 0.13 0.9208365230672337
0.16 0 0.14 0.9541776005381682
0.16 0 0.15 0.6170514375143867
0.16 0 0.16 0.2613456501907265
0.16 0 0.17 0.37991883358344297
0.16 0 0.18 0.3220370063326863
0.16 0 0.19 0.15054028239100667
0.16 0 0.2 0.0664554313210738
0.16 0 0.21 0.11355820483461902
0.16 0 0.22 0.05679036892759673
0.16 0 0.23 0.01697547986548375
0.16 0 0.24 0.0071037464756779104
0.16 0 0.25 0.005284001195219192
0.16 0 0.26 0.00537814097044149
0.16 0 0.27 0.008674292726747372
0.16 0 0.28 0.014354000620438399
0.16 0 0.29 0.015166039882174638
0.16 0 0.3 0.022959006993628305
0.16 0 0.31 0.010789093775728634
0.16 0 0.32 0.0072823446053213465
0.16 0 0.33 0.01001773576784597
0.16 0 0.34 0.01997452806686875
0.16 0 0.35000000000000003 0.010311469671680793
0.16 0 0.36 0.012918767672648372
0.16 0 0.37 0.0166872128278001
0.16 0 0.38 0.009897010215383993
0.16 0 0.39 0.004408821768370716
0.16 0 0.4 0.006985803601522807
0.16 0 0.41000000000000003 0.027424532079260287
0.16 0 0.42 0.049571121970588536
0.16 0 0.43 0.03089674661682591
0.16 0 0.44 0.013360043721092509
0.16 0 0.45 0.03958488563473164
0.16 0 0.46 0.11336287812505229
0.16 0 0.47000000000000003 0.21203317791822202
0.16 0 0.48 0.2797122830879516
0.16 0 0.49 0.9505491557654479
0.16 0 0.5 1.220969327866865
0.17 0 0.0 1.9517092325160084
0.17 0 0.01 1.3854321606145301
0.17 0 0.02 1.4618425171058862
0.17 0 0.03 1.5276456149192397
0.17 0 0.04 3.912937811441638
0.17 0 0.05 7.724409997475842
0.17 0 0.06 14.191874547046243
0.17 0 0.07 5.072102668413841
0.17 0 0.08 1.9293948234748548
0.17 0 0.09 1.5580466247648104
0.17 0 0.1 3.236455806364726
0.17 0 0.11 2.1992448408062732
0.17 0 0.12 1.2174818141962105
0.17 0 0.13 0.6694159710583508
0.17 0 0.14 0.2593095010957287
0.17 0 0.15 0.10688620221357922
0.17 0 0.16 0.05074126334987465
0.17 0 0.17 0.04890813293397865
0.17 0 0.18 0.0498448105915809
0.17 0 0.19 0.04534314767373254
0.17 0 0.2 0.012092876898897636
0.17 0 0.21 0.014740360111350803
0.17 0 0.22 0.027575417377583854
0.17 0 0.23 0.022250496533468136
0.17 0 0.24 0.009390766730271486
0.17 0 0.25 0.022412036915373357
0.17 0 0.26 0.0374127848737684
0.17 0 0.27 0.018521059881831302
0.17 0 0.28 0.009549479835749655
0.17 0 0.29 0.007350907632746529
0.17 0 0.3 0.007216257915618884
0.17 0 0.31 0.005277591281905349
0.17 0 0.32 0.0059090819315111036
0.17 0 0.33 0.00579814687884692
0.17 0 0.34 0.008584155026324078
0.17 0 0.35000000000000003 0.003167382825563175
0.17 0 0.36 0.002215364183329157
0.17 0 0.37 0.005453563819403117
0.17 0 0.38 0.019986836947877694
0.17 0 0.39 0.012304259234079124
0.17 0 0.4 0.00952587344266681
0.17 0 0.41000000000000003 0.01997947013216933
0.17 0 0.42 0.044563756885883626
0.17 0 0.43 0.07307239114667573
0.17 0 0.44 0.12298976604987724
0.17 0 0.45 0.4957130986285794
0.17 0 0.46 0.9631160909303789
0.17 0 0.47000000000000003 0.7578108816921696
0.17 0 0.48 0.3187027601083726
0.17 0 0.49 0.7113443095020263
0.17 0 0.5 1.0929665937110566
0.18 0 0.0 0.21497575377803144
0.18 0 0.01 0.20502402984149498
0.18 0 0.02 0.41257999020229413
0.18 0 0.03 0.38451064941581276
0.18 0 0.04 0.21824558973600225
0.18 0 0.05 0.09982796531060678
0.18 0 0.06 0.1339005419414764
0.18 0 0.07 0.13364707294328163
0.18 0 0.08 0.08564421213077031
0.18 0 0.09 0.030196427401613598
0.18 0 0.1 0.05290785297239401
0.18 0 0.11 0.057445657738203974
0.18 0 0.12 0.03144560314816606
0.18 0 0.13 0.022224428657303414
0.18 0 0.14 0.034965093321140436
0.18 0 0.15 0.03007140843649774
0.18 0 0.16 0.027812534090561978
0.18 0 0.17 0.04826457598710936
0.18 0 0.18 0.03560389735752077
0.18 0 0.19 0.026180935759030945
0.18 0 0.2 0.023536563514422574
0.18 0 0.21 0.0538706861692044
0.18 0 0.22 0.09817147447872038
0.18 0 0.23 0.16282438170444316
0.18 0 0.24 0.05972666548274306
0.18 0 0.25 0.043987874388126624
0.18 0 0.26 0.04452065178082812
0.18 0 0.27 0.025960399941695193
0.18 0 0.28 0.012270229769857656
0.18 0 0.29 0.026099302478353927
0.18 0 0.3 0.05870757239230797
0.18 0 0.31 0.033636248461465346
0.18 0 0.32 0.0245062770608777
0.18 0 0.33 0.024461591545642366
0.18 0 0.34 0.039748659957171334
0.18 0 0.35000000000000003 0.0398942638366528
0.18 0 0.36 0.07410939002440885
0.18 0 0.37 0.10867547873080279
0.18 0 0.38 0.20203629869675996
0.18 0 0.39 0.15092983573446556
0.18 0 0.4 0.2288808333759572
0.18 0 0.41000000000000003 0.48458032638198456
0.18 0 0.42 0.5637724269436845
0.18 0 0.43 0.33824998394212824
0.18 0 0.44 0.37905013536335036
0.18 0 0.45 0.4901848815175992
0.18 0 0.46 0.2144227671675891
0.18 0 0.47000000000000003 0.14802964136536567
0.18 0 0.48 0.1423785904573683
0.18 0 0.49 0.236221253667647
0.18 0 0.5 0.14551038028880006
0.19 0 0.0 0.08647645237141205
0.19 0 0.01 0.09030310137799395
0.19 0 0.02 0.17836050210751497
0.19 0 0.03 0.2779439275932158
0.19 0 0.04 0.23218171132843157
0.19 0 0.05 0.17030147875997106
0.19 0 0.06 0.1490166619647267
0.19 0 0.07 0.0674837335964782
0.19 0 0.08 0.05324053611327668
0.19 0 0.09 0.019915421297623706
0.19 0 0.1 0.008487354544985726
0.19 0 0.11 0.004564245878848895
0.19 0 0.12 0.005725517372716232
0.19 0 0.13 0.0038804287873141375
0.19 0 0.14 0.00396431822952292
0.19 0 0.15 0.0023411640090636684
0.19 0 0.16 0.0010634389267583837
0.19 0 0.17 0.0014198452517462689
0.19 0 0.18 0.0037102737114795017
0.19 0 0.19 0.005542890037058473
0.19 0 0.2 0.006208964394517367
0.19 0 0.21 0.012259370818066408
0.19 0 0.22 0.004172191084523857
0.19 0 0.23 0.0011769414427120835
0.19 0 0.24 0.0009054088074072807
0.19 0 0.25 0.0035240315281080607
0.19 0 0.26 0.006564306112020296
0.19 0 0.27 0.007541811111083199
0.19 0 0.28 0.003688887111857692
0.19 0 0.29 0.0028741026714605264
0.19 0 0.3 0.0029485718908101376
0.19 0 0.31 0.0038006055826128775
0.19 0 0.32 0.012318914329918548
0.19 0 0.33 0.051529866297764744
0.19 0 0.34 0.08546976954788205
0.19 0 0.35000000000000003 0.04695365916373206
0.19 0 0.36 0.09060723551074426
0.19 0 0.37 0.16616171821359418
0.19 0 0.38 0.29038395212339135
0.19 0 0.39 0.30586112827007805
0.19 0 0.4 0.728669662491046
0.19 0 0.41000000000000003 1.0414484353485733
0.19 0 0.42 0.792919214225554
0.19 0 0.43 0.3390076897639995
0.19 0 0.44 0.7275866600101427
0.19 0 0.45 4.0531997934107356
0.19 0 0.46 4.330364677525163
0.19 0 0.47000000000000003 1.7867376202478862
0.19 0 0.48 1.3680717137159062
0.19 0 0.49 1.590718584800499
0.19 0 0.5 0.4372011478522249
0.2 0 0.0 0.06703168961876897
0.2 0 0.01 0.13172856336698405
0.2 0 0.02 0.11291497230730609
0.2 0 0.03 0.12870340801871605
0.2 0 0.04 0.1536858216159847
0.2 0 0.05 0.17845169628462937
0.2 0 0.06 0.16384144076357657
0.2 0 0.07 0.03847609480875138
0.2 0 0.08 0.011833211017187074
0.2 0 0.09 0.011088018607711645
0.2 0 0.1 0.016330682067264606
0.2 0 0.11 0.005457070807473335
0.2 0 0.12 0.005069884226496969
0.2 0 0.13 0.005043664367776121
0.2 0 0.14 0.0033662967528396833
0.2 0 0.15 0.0016443989172051114
0.2 0 0.16 0.0024802312187132
0.2 0 0.17 0.0030945362013697925
0.2 0 0.18 0.0028010877779722143
0.2 0 0.19 0.0018791279535371901
0.2 0 0.2 0.0010559366330537712
0.2 0 0.21 0.0013795321365832605
0.2 0 0.22 0.0017582338097687368
0.2 0 0.23 0.002424781492961479
0.2 0 0.24 0.003704333872896451
0.2 0 0.25 0.013076230404117572
0.2 0 0.26 0.010248442022519483
0.2 0 0.27 0.008415253893909735
0.2 0 0.28 0.01473559442663718
0.2 0 0.29 0.07111112171968395
0.2 0 0.3 0.13239613156818925
0.2 0 0.31 0.12588736920467308
0.2 0 0.32 0.11809150848136203
0.2 0 0.33 0.24566487785064817
0.2 0 0.34 0.5539835563989657
0.2 0 0.35000000000000003 0.4307073212918775
0.2 0 0.36 0.5059788030520476
0.2 0 0.37 0.5666075333272204
0.2 0 0.38 0.44988191076071543
0.2 0 0.39 0.17117093022328875
0.2 0 0.4 0.2401646482294455
0.2 0 0.41000000000000003 0.3268976682333494
0.2 0 0.42 0.5811454305482966
0.2 0 0.43 0.5565175413715318
0.2 0 0.44 0.5887894884017703
0.2 0 0.45 0.8736549003568611
0.2 0 0.46 1.6517492946278671
0.2 0 0.47000000000000003 1.0516654083903862
0.2 0 0.48 0.47000068144688084
0.2 0 0.49 0.6010800823081515
0.2 0 0.5 0.35851882974995014
0.21 0 0.0 0.013472633416680391
0.21 0 0.01 0.0629989118192062
0.21 0 0.02 0.08703211209961174
0.21 0 0.03 0.06074419802969756
0.21 0 0.04 0.05724891294974985
0.21 0 0.05 0.06236725505442873
0.21 0 0.06 0.03559114161210306
0.21 0 0.07 0.026626751917366395
0.21 0 0.08 0.029017004962710563
0.21 0 0.09 0.01962046941136875
0.21 0 0.1 0.01985886013900332
0.21 0 0.11 0.009157150153657331
0.21 0 0.12 0.004537723834100469
0.21 0 0.13 0.0029664165837599357
0.21 0 0.14 0.004408745315747064
0.21 0 0.15 0.002647829108602331
0.21 0 0.16 0.002780157736743569
0.21 0 0.17 0.0023882198760848006
0.21 0 0.18 0.0016165477668634394
0.21 0 0.19 0.0011526699101369708
0.21 0 0.2 0.0014198217078958853
0.21 0 0.21 0.001569039139376454
0.21 0 0.22 0.0015032561304291182
0.21 0 0.23 0.0027928127831302442
0.21 0 0.24 0.005217663860682274
0.21 0 0.25 0.019742929625133247
0.21 0 0.26 0.04060800587954687
0.21 0 0.27 0.08620540064431843
0.21 0 0.28 0.163177774250803
0.21 0 0.29 0.753342612326995
0.21 0 0.3 1.639913818668463
0.21 0 0.31 2.8421168005168544
0.21 0 0.32 2.41836419412568
0.21 0 0.33 2.1156140161316705
0.21 0 0.34 2.7198453309369213
0.21 0 0.35000000000000003 2.4381746218497367
0.21 0 0.36 0.9263373653322561
0.21 0 0.37 0.3317898012813662
0.21 0 0.38 0.3431816146212254
0.21 0 0.39 0.2149242062734419
0.21 0 0.4 0.2561285684083617
0.21 0 0.41000000000000003 0.35136093850735434
0.21 0 0.42 0.7363398626977595
0.21 0 0.43 0.9522276166205668
0.21 0 0.44 1.6479588275382473
0.21 0 0.45 1.1119698350009566
0.21 0 0.46 1.1654983619264314
0.21 0 0.47000000000000003 1.9030573911587332
0.21 0 0.48 1.8030725984712326
0.21 0 0.49 1.0625330253138565
0.21 0 0.5 0.6528756339392383
0.22 0 0.0 0.046228367145988415
0.22 0 0.01 0.01924630029888226
0.22 0 0.02 0.006570216109367978
0.22 0 0.03 0.007117595541099726
0.22 0 0.04 0.011906867396187959
0.22 0 0.05 0.0387211990233199
0.22 0 0.06 0.041682301106260505
0.22 0 0.07 0.032659558459341355
0.22 0 0.08 0.051439053891647414
0.22 0 0.09 0.05351448630093676
0.22 0 0.1 0.02974624004170947
0.22 0 0.11 0.019819714734306226
0.22 0 0.12 0.023200630144048853
0.22 0 0.13 0.009622454176718939
0.22 0 0.14 0.008506456319515686
0.22 0 0.15 0.010027939231273684
0.22 0 0.16 0.017658266752549272
0.22 0 0.17 0.014767532422781645
0.22 0 0.18 0.015174566038075035
0.22 0 0.19 0.011900765980302257
0.22 0 0.2 0.014369612311014007
0.22 0 0.21 0.01467952635271323
0.22 0 0.22 0.01690482826144213
0.22 0 0.23 0.03503758923769861
0.22 0 0.24 0.04326131269575543
0.22 0 0.25 0.03260244564743263
0.22 0 0.26 0.021712148036812973
0.22 0 0.27 0.03429956238680529
0.22 0 0.28 0.033055184606250676
0.22 0 0.29 0.06125401827579215
0.22 0 0.3 0.08178129255081343
0.22 0 0.31 0.14989110680702425
0.22 0 0.32 0.21177510160418014
0.22 0 0.33 0.2939746144854701
0.22 0 0.34 0.20562806853618415
0.22 0 0.35000000000000003 0.272112181435779
0.22 0 0.36 0.5676575089734722
0.22 0 0.37 0.8813235832709438
0.22 0 0.38 1.9452659896198046
0.22 0 0.39 2.48941186738092
0.22 0 0.4 1.4915532843967196
0.22 0 0.41000000000000003 0.4969314282933407
0.22 0 0.42 0.4267679901657588
0.22 0 0.43 0.2759677859828518
0.22 0 0.44 0.6724657131540971
0.22 0 0.45 1.7690595203936235
0.22 0 0.46 1.6910829891281431
0.22 0 0.47000000000000003 0.5074696499381868
0.22 0 0.48 0.4158489780422537
0.22 0 0.49 0.3679283837462246
0.22 0 0.5 0.25020830735737565
0.23 0 0.0 0.0025337448841375866
0.23 0 0.01 0.004153643193307263
0.23 0 0.02 0.002760195733893049
0.23 0 0.03 0.010174355024337048
0.23 0 0.04 0.02979848283390016
0.23 0 0.05 0.03683851160456521
0.23 0 0.06 0.019724368848533548
0.23 0 0.07 0.020907397034200578
0.23 0 0.08 0.03036611329946546
0.23 0 0.09 0.05268622578100453
0.23 0 0.1 0.05067270761703606
0.23 0 0.11 0.034395072809047474
0.23 0 0.12 0.053666001381164806
0.23 0 0.13 0.0662234746165897
0.23 0 0.14 0.09179317163617827
0.23 0 0.15 0.10563587178648809
0.23 0 0.16 0.16888351898190782
0.23 0 0.17 0.09902072633128998
0.23 0 0.18 0.08706916318858156
0.23 0 0.19 0.055574599753838154
0.23 0 0.2 0.053718894668561605
0.23 0 0.21 0.05160298830781241
0.23 0 0.22 0.06231037826255869
0.23 0 0.23 0.08058882839189917
0.23 0 0.24 0.13175454914437637
0.23 0 0.25 0.1265297845101718
0.23 0 0.26 0.04664448778333037
0.23 0 0.27 0.03610287452360275
0.23 0 0.28 0.030466131129979597
0.23 0 0.29 0.03965208708541645
0.23 0 0.3 0.04131806509555703
0.23 0 0.31 0.07887339006270666
0.23 0 0.32 0.1355616470528536
0.23 0 0.33 0.6511518468406529
0.23 0 0.34 1.0432368190992152
0.23 0 0.35000000000000003 0.6947967805784101
0.23 0 0.36 0.8145799136747327
0.23 0 0.37 1.9724999481998697
0.23 0 0.38 1.5273767083055325
0.23 0 0.39 0.5866694484812547
0.23 0 0.4 0.5482136135168834
0.23 0 0.41000000000000003 0.5345532965459782
0.23 0 0.42 0.8110803829690093
0.23 0 0.43 0.6082901389282162
0.23 0 0.44 0.42165706854332485
0.23 0 0.45 0.2642336607178307
0.23 0 0.46 0.3631329248662328
0.23 0 0.47000000000000003 0.1590166289570825
0.23 0 0.48 0.10356816549359102
0.23 0 0.49 0.11206176111571668
0.23 0 0.5 0.0895519429376189
0.24 0 0.0 0.024064721930195248
0.24 0 0.01 0.05085099927150913
0.24 0 0.02 0.04224804585909962
0.24 0 0.03 0.04581430297243874
0.24 0 0.04 0.059228058471657706
0.24 0 0.05 0.11507655997078038
0.24 0 0.06 0.11113409835859203
0.24 0 0.07 0.23049242229036698
0.24 0 0.08 0.3614740049119946
0.24 0 0.09 0.5138276172899173
0.24 0 0.1 0.5493615885892064
0.24 0 0.11 0.553735375233342
0.24 0 0.12 0.7811616695110183
0.24 0 0.13 1.3214804082734808
0.24 0 0.14 1.533496356168578
0.24 0 0.15 0.551843729222221
0.24 0 0.16 0.27484293049869707
0.24 0 0.17 0.09996010360246521
0.24 0 0.18 0.08043950649205513
0.24 0 0.19 0.07600733459419323
0.24 0 0.2 0.15372294732112368
0.24 0 0.21 0.2454475098889173
0.24 0 0.22 0.39335927890527883
0.24 0 0.23 0.16160640069091436
0.24 0 0.24 0.06558045520248146
0.24 0 0.25 0.07492130463226229
0.24 0 0.26 0.08495983584030403
0.24 0 0.27 0.068209096522778
0.24 0 0.28 0.0690854991801684
0.24 0 0.29 0.12166583024578535
0.24 0 0.3 0.10441859564742502
0.24 0 0.31 0.2124389084441535
0.24 0 0.32 0.43149690643632976
0.24 0 0.33 1.2810284929337779
0.24 0 0.34 1.7167915656533899
0.24 0 0.35000000000000003 1.0919962582377047
0.24 0 0.36 0.2685518751396447
0.24 0 0.37 0.2894942802641183
0.24 0 0.38 0.4986263328557178
0.24 0 0.39 0.3255639737458253
0.24 0 0.4 0.2175903800325727
0.24 0 0.41000000000000003 0.25139544450402
0.24 0 0.42 0.2757197418936296
0.24 0 0.43 0.17596331813122465
0.24 0 0.44 0.22400741653811584
0.24 0 0.45 0.14905082775481895
0.24 0 0.46 0.14281940501447993
0.24 0 0.47000000000000003 0.09900414441136372
0.24 0 0.48 0.08049077298745458
0.24 0 0.49 0.046263693999856983
0.24 0 0.5 0.055715393071654476
0.25 0 0.0 0.4563688967556287
0.25 0 0.01 0.3043412866099127
0.25 0 0.02 0.2866947628244837
0.25 0 0.03 0.3781414667667863
0.25 0 0.04 0.2523920224207961
0.25 0 0.05 0.33392530166984574
0.25 0 0.06 0.3176472160401251
0.25 0 0.07 0.48196120483441623
0.25 0 0.08 0.4332361403571251
0.25 0 0.09 0.39849221886395175
0.25 0 0.1 0.2966148530989861
0.25 0 0.11 0.37909422040758706
0.25 0 0.12 0.39307834499607464
0.25 0 0.13 0.37432034965261435
0.25 0 0.14 0.32169661222445656
0.25 0 0.15 0.14358125363861812
0.25 0 0.16 0.13793836578829294
0.25 0 0.17 0.21669877515307068
0.25 0 0.18 0.32573885273679604
0.25 0 0.19 0.14847223531979623
0.25 0 0.2 0.12522047337308329
0.25 0 0.21 0.09967174007730537
0.25 0 0.22 0.2287735660332997
0.25 0 0.23 0.5170507511583494
0.25 0 0.24 0.6585372166940523
0.25 0 0.25 0.36730548463643203
0.25 0 0.26 0.3365028838780141
0.25 0 0.27 0.2874833301793857
0.25 0 0.28 0.24555947343277354
0.25 0 0.29 0.6669374915774181
0.25 0 0.3 1.3674670802692017
0.25 0 0.31 1.7923068701206146
0.25 0 0.32 1.3189241950963095
0.25 0 0.33 1.1326425061393655
0.25 0 0.34 0.5401589041858912
0.25 0 0.35000000000000003 1.2236281568731402
0.25 0 0.36 2.681990624304702
0.25 0 0.37 2.982909977464624
0.25 0 0.38 1.684503451843051
0.25 0 0.39 1.4609297138278012
0.25 0 0.4 1.0416361673996304
0.25 0 0.41000000000000003 1.0241503683549997
0.25 0 0.42 1.3262568317110335
0.25 0 0.43 0.7963024634697292
0.25 0 0.44 0.5448171629502018
0.25 0 0.45 0.309813588918033
0.25 0 0.46 0.20296318311590947
0.25 0 0.47000000000000003 0.09142538877344451
0.25 0 0.48 0.10847359146386024
0.25 0 0.49 0.09111248512817893
0.25 0 0.5 0.1085966802000043
0.26 0 0.0 1.594698315741498
0.26 0 0.01 1.3617177041845252
0.26 0 0.02 0.9639690923091201
0.26 0 0.03 1.0768989384942609
0.26 0 0.04 0.7325486777635414
0.26 0 0.05 0.6851704737307422
0.26 0 0.06 0.4897057730704876
0.26 0 0.07 0.5366886548955988
0.26 0 0.08 0.311543359163619
0.26 0 0.09 0.1474903185657375
0.26 0 0.1 0.02598972503503336
0.26 0 0.11 0.01538289798845252
0.26 0 0.12 0.025110556762367023
0.26 0 0.13 0.062062095050343935
0.26 0 0.14 0.1511790398125202
0.26 0 0.15 0.3087321625941726
0.26 0 0.16 0.25984016710056757
0.26 0 0.17 0.09113375020053456
0.26 0 0.18 0.05089959123852873
0.26 0 0.19 0.02527661330860083
0.26 0 0.2 0.04590945714510935
0.26 0 0.21 0.1129888710114766
0.26 0 0.22 0.28014720511798524
0.26 0 0.23 0.3530192909598993
0.26 0 0.24 0.8673820960294549
0.26 0 0.25 0.7610565179674426
0.26 0 0.26 0.6560937216312905
0.26 0 0.27 1.2344012395926138
0.26 0 0.28 2.6487250275319063
0.26 0 0.29 2.9072837448275846
0.26 0 0.3 2.9017864420971757
0.26 0 0.31 3.3783648061044858
0.26 0 0.32 2.2719881415308016
0.26 0 0.33 3.053269783585798
0.26 0 0.34 2.294946552002305
0.26 0 0.35000000000000003 2.262047105047143
0.26 0 0.36 3.2847329218954915
0.26 0 0.37 8.224484553627812
0.26 0 0.38 4.126427365778233
0.26 0 0.39 2.5061075293844937
0.26 0 0.4 2.951206547852095
0.26 0 0.41000000000000003 5.242249791514198
0.26 0 0.42 5.281327696129628
0.26 0 0.43 3.420587587925661
0.26 0 0.44 3.2712424643211313
0.26 0 0.45 4.3024097049735675
0.26 0 0.46 4.620371285000636
0.26 0 0.47000000000000003 1.320080242131841
0.26 0 0.48 0.7649770872166369
0.26 0 0.49 0.4440383503069301
0.26 0 0.5 0.263837285131489
0.27 0 0.0 3.5016112924927447
0.27 0 0.01 2.9892371330965246
0.27 0 0.02 1.4254036219987023
0.27 0 0.03 1.0094692194374122
0.27 0 0.04 0.9344200668348666
0.27 0 0.05 0.7688284557618317
0.27 0 0.06 0.3502709220171196
0.27 0 0.07 0.24154008204119262
0.27 0 0.08 0.11596986380226344
0.27 0 0.09 0.17208198623276844
0.27 0 0.1 0.29629266789512765
0.27 0 0.11 0.8850458459654217
0.27 0 0.12 1.8700574981732794
0.27 0 0.13 2.359487337231392
0.27 0 0.14 0.6469603045041845
0.27 0 0.15 0.27472102183324026
0.27 0 0.16 0.25838118385200115
0.27 0 0.17 0.15051852060801188
0.27 0 0.18 0.08987099716147309
0.27 0 0.19 0.08124199924773227
0.27 0 0.2 0.14281418341070162
0.27 0 0.21 0.24510681764331196
0.27 0 0.22 0.7466706268135693
0.27 0 0.23 0.639383241530305
0.27 0 0.24 0.8608405067160639
0.27 0 0.25 1.5337762795678371
0.27 0 0.26 1.91870634848641
0.27 0 0.27 0.8018434251066665
0.27 0 0.28 1.1007227585190025
0.27 0 0.29 2.568312468440016
0.27 0 0.3 3.83582167374752
0.27 0 0.31 4.497530523414947
0.27 0 0.32 4.125056694039562
0.27 0 0.33 4.8634909903051025
0.27 0 0.34 3.83711256128829
0.27 0 0.35000000000000003 2.2790957244248955
0.27 0 0.36 0.7060224787201523
0.27 0 0.37 0.904615531324682
0.27 0 0.38 0.9386727608739336
0.27 0 0.39 0.8692653963013336
0.27 0 0.4 0.8148104122477873
0.27 0 0.41000000000000003 1.7562634818498981
0.27 0 0.42 1.5980197795384068
0.27 0 0.43 0.9809314953626038
0.27 0 0.44 1.065520809397917
0.27 0 0.45 2.5713801733793353
0.27 0 0.46 4.799310745918968
0.27 0 0.47000000000000003 1.6633517797490194
0.27 0 0.48 0.8213957482100763
0.27 0 0.49 1.0697519058001517
0.27 0 0.5 2.0520478723798443
0.28 0 0.0 3.603552835923787
0.28 0 0.01 2.813656912905486
0.28 0 0.02 2.7648921615522393
0.28 0 0.03 2.4382206326789877
0.28 0 0.04 3.2849827877226323
0.28 0 0.05 4.130642304983927
0.28 0 0.06 2.6662239928449476
0.28 0 0.07 3.1082655113268287
0.28 0 0.08 2.4258401417467605
0.28 0 0.09 1.7291363965344648
0.28 0 0.1 1.043949880422442
0.28 0 0.11 1.173297281864576
0.28 0 0.12 0.5557034955227032
0.28 0 0.13 0.5899850002925611
0.28 0 0.14 0.5665362790268796
0.28 0 0.15 0.35598558088958465
0.28 0 0.16 0.18548186236411612
0.28 0 0.17 0.17961671484242167
0.28 0 0.18 0.14217758259472638
0.28 0 0.19 0.13674161340516874
0.28 0 0.2 0.35306685830467155
0.28 0 0.21 0.5459414215439032
0.28 0 0.22 0.6698760854437301
0.28 0 0.23 0.36458879461617005
0.28 0 0.24 0.24930326889232668
0.28 0 0.25 0.3013619887447361
0.28 0 0.26 1.928468594121215
0.28 0 0.27 3.797432037428512
0.28 0 0.28 4.5425215571820345
0.28 0 0.29 7.90893327619719
0.28 0 0.3 16.99137788476507
0.28 0 0.31 10.951821063208499
0.28 0 0.32 5.092336999752679
0.28 0 0.33 3.5945171197967634
0.28 0 0.34 2.235985759253315
0.28 0 0.35000000000000003 1.7810615099028642
0.28 0 0.36 0.9943206900546955
0.28 0 0.37 1.0612017359511663
0.28 0 0.38 0.8352671365685538
0.28 0 0.39 0.8934043041803158
0.28 0 0.4 0.8700219550353444
0.28 0 0.41000000000000003 2.0023598940566876
0.28 0 0.42 1.5250070969592155
0.28 0 0.43 0.8596885016445582
0.28 0 0.44 0.7130189491164719
0.28 0 0.45 0.7691738225090311
0.28 0 0.46 0.5954223749545373
0.28 0 0.47000000000000003 0.6471463187126311
0.28 0 0.48 1.468836242377511
0.28 0 0.49 2.451377178559682
0.28 0 0.5 3.800541788475024
0.29 0 0.0 7.727325323133781
0.29 0 0.01 3.3274387016878433
0.29 0 0.02 2.407307201287951
0.29 0 0.03 1.9848995910517493
0.29 0 0.04 2.196703139689993
0.29 0 0.05 3.0959680008971677
0.29 0 0.06 2.8980817639313523
0.29 0 0.07 1.5312075162467709
0.29 0 0.08 0.7389766619867667
0.29 0 0.09 0.5731764711889172
0.29 0 0.1 0.29769092166495686
0.29 0 0.11 0.4154024626813326
0.29 0 0.12 0.33419377695455954
0.29 0 0.13 0.23490241362023942
0.29 0 0.14 0.20136322517069424
0.29 0 0.15 0.4284124669207881
0.29 0 0.16 0.29176264370078275
0.29 0 0.17 0.23757237965570469
0.29 0 0.18 0.2952282858319161
0.29 0 0.19 0.30301225598901005
0.29 0 0.2 0.27572349761356973
0.29 0 0.21 0.24844898366606954
0.29 0 0.22 0.17521799489940126
0.29 0 0.23 0.08979270287733453
0.29 0 0.24 0.1282437491754085
0.29 0 0.25 0.10918769615348248
0.29 0 0.26 0.12781523366405576
0.29 0 0.27 0.13964533555105244
0.29 0 0.28 0.20900178519374815
0.29 0 0.29 0.1344287456864401
0.29 0 0.3 0.12831689962723564
0.29 0 0.31 0.12921022489643627
0.29 0 0.32 0.22633037953799673
0.29 0 0.33 0.3506024893084031
0.29 0 0.34 0.2607208903539641
0.29 0 0.35000000000000003 0.20258347194406667
0.29 0 0.36 0.2063054108830914
0.29 0 0.37 0.25064918531182345
0.29 0 0.38 0.17019650625262972
0.29 0 0.39 0.2575711504618374
0.29 0 0.4 0.27472872137242677
0.29 0 0.41000000000000003 0.4029399102548174
0.29 0 0.42 0.32668022698135246
0.29 0 0.43 0.35469741214760414
0.29 0 0.44 0.4865543350582969
0.29 0 0.45 1.2067738782648139
0.29 0 0.46 0.9417450244158834
0.29 0 0.47000000000000003 0.667573299451145
0.29 0 0.48 1.605656124859031
0.29 0 0.49 2.5945911920668845
0.29 0 0.5 1.7578998606247052
0.3 0 0.0 1.0671978643126423
0.3 0 0.01 1.172588645865443
0.3 0 0.02 0.8418070405841536
0.3 0 0.03 0.7718776888423564
0.3 0 0.04 1.368749850057585
0.3 0 0.05 1.2059315748633441
0.3 0 0.06 1.2705475644440039
0.3 0 0.07 1.2024756139864095
0.3 0 0.08 0.6717458656858042
0.3 0 0.09 0.46092206699304394
0.3 0 0.1 0.2464526378402747
0.3 0 0.11 0.2524070779171465
0.3 0 0.12 0.4892940826100291
0.3 0 0.13 1.2517661590124736
0.3 0 0.14 0.5834463912193116
0.3 0 0.15 0.5151854432193301
0.3 0 0.16 0.4362743080839927
0.3 0 0.17 0.19334157300872995
0.3 0 0.18 0.05009426172924678
0.3 0 0.19 0.05278108379003417
0.3 0 0.2 0.07140078085853334
0.3 0 0.21 0.05952607699026061
0.3 0 0.22 0.043251162382436946
0.3 0 0.23 0.03976502761005437
0.3 0 0.24 0.08716778643863082
0.3 0 0.25 0.08578186829867283
0.3 0 0.26 0.03920285415026317
0.3 0 0.27 0.016648343309362643
0.3 0 0.28 0.04753620054828273
0.3 0 0.29 0.0990312935525445
0.3 0 0.3 0.14744777747008692
0.3 0 0.31 0.1099975706851369
0.3 0 0.32 0.11826064820187561
0.3 0 0.33 0.10194183543336648
0.3 0 0.34 0.07396133853586886
0.3 0 0.35000000000000003 0.044703770447287156
0.3 0 0.36 0.04622712675067557
0.3 0 0.37 0.060954340170652564
0.3 0 0.38 0.025571620892529897
0.3 0 0.39 0.018902104852776748
0.3 0 0.4 0.02593832469758798
0.3 0 0.41000000000000003 0.058571808369822856
0.3 0 0.42 0.09545944509034679
0.3 0 0.43 0.4202503684168922
0.3 0 0.44 0.6415858613435265
0.3 0 0.45 0.6780518189761712
0.3 0 0.46 0.7358752098763357
0.3 0 0.47000000000000003 1.391909375503054
0.3 0 0.48 2.926455294455286
0.3 0 0.49 6.684925104569462
0.3 0 0.5 4.9671281944316314
#STOP
