#MEDIUM_PROPERTIES_DISTRIBUTED
$MSH_TYPE
	 GROUNDWATER_FLOW	
$MMP_TYPE
	 PERMEABILITY	
$DIS_TYPE
	 NEAREST_VALUE	
;hj
$CONVERSION_FACTOR
2e-8;2e-6;2e-13
$DATA
0.0 0 0.0 4.730211974312949
0.0 0 0.01 4.240757694899829
0.0 0 0.02 4.133404954825068
0.0 0 0.03 3.2577592115925973
0.0 0 0.04 2.5191946991881786
0.0 0 0.05 2.803594577662662
0.0 0 0.06 2.7326091121167755
0.0 0 0.07 2.8252630532647154
0.0 0 0.08 4.1649052407958305
0.0 0 0.09 6.749940755582654
0.0 0 0.1 11.476876341184804
0.0 0 0.11 18.348906173904638
0.0 0 0.12 25.469487781505748
0.0 0 0.13 22.24471623001142
0.0 0 0.14 12.911100682288229
0.0 0 0.15 10.65947378067779
0.0 0 0.16 9.911125132650124
0.0 0 0.17 9.644643560408065
0.0 0 0.18 14.424157795447009
0.0 0 0.19 13.805696801985949
0.0 0 0.2 7.326512449140106
0.0 0 0.21 4.393736573023271
0.0 0 0.22 2.7511428399393933
0.0 0 0.23 2.2179543846141314
0.0 0 0.24 2.702443951079402
0.0 0 0.25 3.541004318556634
0.0 0 0.26 4.051840026495984
0.0 0 0.27 3.9090865532125942
0.0 0 0.28 3.9600297993913607
0.0 0 0.29 3.3684300503080005
0.0 0 0.3 2.6292098080069746
0.0 0 0.31 3.495609943283787
0.0 0 0.32 4.415440214536002
0.0 0 0.33 5.176500087514171
0.0 0 0.34 11.104516978671493
0.0 0 0.35000000000000003 17.868227183137424
0.0 0 0.36 15.883662972747038
0.0 0 0.37 14.588169419701284
0.0 0 0.38 10.50204751868694
0.0 0 0.39 6.381024877090047
0.0 0 0.4 6.323895236181226
0.0 0 0.41000000000000003 10.984597171760791
0.0 0 0.42 15.172208348918781
0.0 0 0.43 11.853140997464665
0.0 0 0.44 10.891546491386647
0.0 0 0.45 8.988960021366514
0.0 0 0.46 5.514502030790959
0.0 0 0.47000000000000003 7.341199320560327
0.0 0 0.48 13.147024038201653
0.0 0 0.49 14.065492351389839
0.0 0 0.5 14.861281442554025
0.01 0 0.0 3.6417737382182795
0.01 0 0.01 2.955305395718076
0.01 0 0.02 2.227922237510465
0.01 0 0.03 2.019612735959498
0.01 0 0.04 2.311172171912708
0.01 0 0.05 3.684735940674612
0.01 0 0.06 4.956974295373927
0.01 0 0.07 4.201131691502609
0.01 0 0.08 3.090558257761662
0.01 0 0.09 2.260117283512411
0.01 0 0.1 2.5794449695130792
0.01 0 0.11 4.112982843569533
0.01 0 0.12 5.778063822646185
0.01 0 0.13 8.614644053418179
0.01 0 0.14 7.834012504200738
0.01 0 0.15 4.006195015113694
0.01 0 0.16 2.808236823677321
0.01 0 0.17 1.981309313664034
0.01 0 0.18 1.1759949225212851
0.01 0 0.19 0.9745246851455377
0.01 0 0.2 0.9098031113251931
0.01 0 0.21 0.7034265603417527
0.01 0 0.22 0.5271950469289931
0.01 0 0.23 0.5641512392452104
0.01 0 0.24 0.5853899756807509
0.01 0 0.25 0.36805787861864503
0.01 0 0.26 0.3379333159873964
0.01 0 0.27 0.44893049964917053
0.01 0 0.28 0.4842037216604659
0.01 0 0.29 0.8642516844722316
0.01 0 0.3 1.7783246228828706
0.01 0 0.31 1.905968409609108
0.01 0 0.32 1.9071962507798337
0.01 0 0.33 2.206687999353347
0.01 0 0.34 2.526990653839238
0.01 0 0.35000000000000003 3.277692849366098
0.01 0 0.36 5.200715668053183
0.01 0 0.37 7.766739659226348
0.01 0 0.38 6.917793574370468
0.01 0 0.39 5.678226412892457
0.01 0 0.4 5.172564579860549
0.01 0 0.41000000000000003 3.5191905644811468
0.01 0 0.42 3.4232860200863335
0.01 0 0.43 4.290732856828207
0.01 0 0.44 3.6066351469398046
0.01 0 0.45 3.978590948312785
0.01 0 0.46 5.184520782525437
0.01 0 0.47000000000000003 4.2587327800443555
0.01 0 0.48 3.0721857064564246
0.01 0 0.49 2.2351007734231754
0.01 0 0.5 1.5811661133319597
0.02 0 0.0 5.800065786643746
0.02 0 0.01 2.6808649950930223
0.02 0 0.02 1.1033812097097362
0.02 0 0.03 0.724881296269572
0.02 0 0.04 0.56366623786415
0.02 0 0.05 0.563690003723576
0.02 0 0.06 0.8312378336990779
0.02 0 0.07 0.8064607367394526
0.02 0 0.08 0.6337198046184629
0.02 0 0.09 0.5979451103221548
0.02 0 0.1 0.4934424671712471
0.02 0 0.11 0.4716770456379439
0.02 0 0.12 0.4567392438514669
0.02 0 0.13 0.34086826204637627
0.02 0 0.14 0.2849205944789795
0.02 0 0.15 0.28156474186663827
0.02 0 0.16 0.3399267266466522
0.02 0 0.17 0.4368887479732847
0.02 0 0.18 0.44417039735794595
0.02 0 0.19 0.3432426414487893
0.02 0 0.2 0.19378705156250892
0.02 0 0.21 0.15428020134153178
0.02 0 0.22 0.20417119763206457
0.02 0 0.23 0.22244318247946307
0.02 0 0.24 0.29705541137337066
0.02 0 0.25 0.39027964100627494
0.02 0 0.26 0.21712675665192419
0.02 0 0.27 0.12451103315827888
0.02 0 0.28 0.12464109767181458
0.02 0 0.29 0.12768213717650742
0.02 0 0.3 0.14254574315077903
0.02 0 0.31 0.20378361709314824
0.02 0 0.32 0.26647272488182894
0.02 0 0.33 0.21859105770948306
0.02 0 0.34 0.21042860318995285
0.02 0 0.35000000000000003 0.3352480048740728
0.02 0 0.36 0.3354186422188588
0.02 0 0.37 0.3129037854409273
0.02 0 0.38 0.5171012235728767
0.02 0 0.39 0.5749205083691669
0.02 0 0.4 0.4887466438680276
0.02 0 0.41000000000000003 0.5215340158769305
0.02 0 0.42 0.3906476867985972
0.02 0 0.43 0.21551197714839473
0.02 0 0.44 0.1395047146132089
0.02 0 0.45 0.12926677005022916
0.02 0 0.46 0.1515563119637285
0.02 0 0.47000000000000003 0.19953581073070828
0.02 0 0.48 0.31985231144219006
0.02 0 0.49 0.34006132201305284
0.02 0 0.5 0.23321788207234273
0.03 0 0.0 0.23627935799153751
0.03 0 0.01 0.25867003697601065
0.03 0 0.02 0.29381322117516523
0.03 0 0.03 0.371287836527205
0.03 0 0.04 0.5834566376755862
0.03 0 0.05 0.5078659633939888
0.03 0 0.06 0.2947527059340683
0.03 0 0.07 0.19217232140240345
0.03 0 0.08 0.1276279187526104
0.03 0 0.09 0.1328495065487892
0.03 0 0.1 0.22457212792456577
0.03 0 0.11 0.3389719793655434
0.03 0 0.12 0.29418771611066724
0.03 0 0.13 0.1546586848917825
0.03 0 0.14 0.08695832068963422
0.03 0 0.15 0.0537635348195174
0.03 0 0.16 0.04878338104947378
0.03 0 0.17 0.0985224183812252
0.03 0 0.18 0.15343545670168685
0.03 0 0.19 0.13422632629783382
0.03 0 0.2 0.11848762861089587
0.03 0 0.21 0.07670910203537405
0.03 0 0.22 0.05069712403044037
0.03 0 0.23 0.05336369246583984
0.03 0 0.24 0.05786394770895346
0.03 0 0.25 0.062474045266983684
0.03 0 0.26 0.0774834782861189
0.03 0 0.27 0.10780719215204265
0.03 0 0.28 0.13489313284497256
0.03 0 0.29 0.14995158969870917
0.03 0 0.3 0.20082523405323108
0.03 0 0.31 0.20010696391007188
0.03 0 0.32 0.17574575911008833
0.03 0 0.33 0.28416734282720885
0.03 0 0.34 0.3916200854095443
0.03 0 0.35000000000000003 0.40694576176389535
0.03 0 0.36 0.5244544413010349
0.03 0 0.37 0.3861589810635966
0.03 0 0.38 0.18015924791820367
0.03 0 0.39 0.1343888938140214
0.03 0 0.4 0.15315632213493546
0.03 0 0.41000000000000003 0.1750463367826666
0.03 0 0.42 0.19759826487969542
0.03 0 0.43 0.2723906010461553
0.03 0 0.44 0.2606601223768985
0.03 0 0.45 0.15364182172263688
0.03 0 0.46 0.15184991138605558
0.03 0 0.47000000000000003 0.17614513695303166
0.03 0 0.48 0.16853027808650486
0.03 0 0.49 0.30099795253889483
0.03 0 0.5 0.6192388119277168
0.04 0 0.0 0.08757442317988738
0.04 0 0.01 0.040315442831984974
0.04 0 0.02 0.02588172811233108
0.04 0 0.03 0.02688302022862783
0.04 0 0.04 0.04571519377732936
0.04 0 0.05 0.08131410420685763
0.04 0 0.06 0.08814403504632685
0.04 0 0.07 0.06895293305925389
0.04 0 0.08 0.044680684461191965
0.04 0 0.09 0.03471874835314834
0.04 0 0.1 0.03751390056516105
0.04 0 0.11 0.043989773661821975
0.04 0 0.12 0.06477709628163994
0.04 0 0.13 0.07650700883878588
0.04 0 0.14 0.06981259722361532
0.04 0 0.15 0.09635112861408374
0.04 0 0.16 0.10004914580071464
0.04 0 0.17 0.06046319173480067
0.04 0 0.18 0.043483892206334654
0.04 0 0.19 0.028167259339924103
0.04 0 0.2 0.01634166021423675
0.04 0 0.21 0.016045500704022872
0.04 0 0.22 0.02751610024820326
0.04 0 0.23 0.04136888975738189
0.04 0 0.24 0.0352770596827862
0.04 0 0.25 0.0298285271414848
0.04 0 0.26 0.023352796991004173
0.04 0 0.27 0.015108656786388645
0.04 0 0.28 0.02323041390794235
0.04 0 0.29 0.05298250148981636
0.04 0 0.3 0.06528851875578029
0.04 0 0.31 0.07474085956642432
0.04 0 0.32 0.07295840899499285
0.04 0 0.33 0.04791553672331175
0.04 0 0.34 0.03988577858097683
0.04 0 0.35000000000000003 0.05157150343135196
0.04 0 0.36 0.08067892304425818
0.04 0 0.37 0.11201746414335302
0.04 0 0.38 0.1446782530766632
0.04 0 0.39 0.15292921697459147
0.04 0 0.4 0.09496932728069088
0.04 0 0.41000000000000003 0.06738568859754197
0.04 0 0.42 0.05796167548578521
0.04 0 0.43 0.039881447969248314
0.04 0 0.44 0.04720587544545178
0.04 0 0.45 0.07933595451169202
0.04 0 0.46 0.09569678542762473
0.04 0 0.47000000000000003 0.12153585296183435
0.04 0 0.48 0.13139077383774372
0.04 0 0.49 0.09565492037144607
0.04 0 0.5 0.07522892688415153
0.05 0 0.0 0.09064040184820833
0.05 0 0.01 0.08529883496985771
0.05 0 0.02 0.11696633196875414
0.05 0 0.03 0.165690617396111
0.05 0 0.04 0.21650771299468027
0.05 0 0.05 0.2669439569487396
0.05 0 0.06 0.19386235461239731
0.05 0 0.07 0.1470127362328199
0.05 0 0.08 0.19335239411480568
0.05 0 0.09 0.26499695749045576
0.05 0 0.1 0.421396237714752
0.05 0 0.11 0.5510277584873646
0.05 0 0.12 0.3514419675157899
0.05 0 0.13 0.2056387677207849
0.05 0 0.14 0.1598403019146222
0.05 0 0.15 0.198469200019017
0.05 0 0.16 0.4208432156710784
0.05 0 0.17 0.8189591592318068
0.05 0 0.18 0.9341932081565381
0.05 0 0.19 0.5898276746254708
0.05 0 0.2 0.34598436933255605
0.05 0 0.21 0.2532665530367897
0.05 0 0.22 0.17889984129844957
0.05 0 0.23 0.20542115608727873
0.05 0 0.24 0.2853808113575369
0.05 0 0.25 0.20161567983703535
0.05 0 0.26 0.1689615648398376
0.05 0 0.27 0.20308884197657795
0.05 0 0.28 0.17394664422450523
0.05 0 0.29 0.17062214215373991
0.05 0 0.3 0.2161851955301534
0.05 0 0.31 0.20397157916101383
0.05 0 0.32 0.15249709268704043
0.05 0 0.33 0.16664281662465005
0.05 0 0.34 0.2471930423402674
0.05 0 0.35000000000000003 0.20367400877873712
0.05 0 0.36 0.14072616207540387
0.05 0 0.37 0.13211527247091526
0.05 0 0.38 0.076742310180958
0.05 0 0.39 0.0496422592829585
0.05 0 0.4 0.0656976982351649
0.05 0 0.41000000000000003 0.0720888805002555
0.05 0 0.42 0.0640097885351063
0.05 0 0.43 0.05889419941367111
0.05 0 0.44 0.04306668139249028
0.05 0 0.45 0.028935213450063026
0.05 0 0.46 0.025464035556838554
0.05 0 0.47000000000000003 0.03877521186584917
0.05 0 0.48 0.07038776497002072
0.05 0 0.49 0.11689367925862583
0.05 0 0.5 0.21757652220395923
0.06 0 0.0 0.07953140446882787
0.06 0 0.01 0.06797727684697706
0.06 0 0.02 0.09477638638634966
0.06 0 0.03 0.23828995254602145
0.06 0 0.04 0.4262709605068872
0.06 0 0.05 0.4965387321482199
0.06 0 0.06 0.4800595232319926
0.06 0 0.07 0.30301625065563104
0.06 0 0.08 0.2674695294026826
0.06 0 0.09 0.4394377945047916
0.06 0 0.1 0.6697042055787673
0.06 0 0.11 0.8104395400521445
0.06 0 0.12 0.8284240984654364
0.06 0 0.13 0.7508136671638058
0.06 0 0.14 0.566372271941267
0.06 0 0.15 0.4631589194662296
0.06 0 0.16 0.5395398732867781
0.06 0 0.17 0.39696580985697355
0.06 0 0.18 0.1990080863024388
0.06 0 0.19 0.14748302382316594
0.06 0 0.2 0.10800849085810843
0.06 0 0.21 0.10116318996480587
0.06 0 0.22 0.15845876815921167
0.06 0 0.23 0.1689057109121061
0.06 0 0.24 0.12144107582257037
0.06 0 0.25 0.09175446424390246
0.06 0 0.26 0.07578858405733079
0.06 0 0.27 0.07541097703877521
0.06 0 0.28 0.09067329344898259
0.06 0 0.29 0.11469032794061716
0.06 0 0.3 0.08797950886989449
0.06 0 0.31 0.04719049001210016
0.06 0 0.32 0.03546757816885804
0.06 0 0.33 0.024941741357154438
0.06 0 0.34 0.021484866505438918
0.06 0 0.35000000000000003 0.036800344131972064
0.06 0 0.36 0.04092366484410025
0.06 0 0.37 0.027549534182394954
0.06 0 0.38 0.02338670758908958
0.06 0 0.39 0.017381461832723145
0.06 0 0.4 0.011398732235977581
0.06 0 0.41000000000000003 0.01051770252677671
0.06 0 0.42 0.01358349493518266
0.06 0 0.43 0.015469431952821227
0.06 0 0.44 0.015175893315412803
0.06 0 0.45 0.02142941818626887
0.06 0 0.46 0.024350352535845554
0.06 0 0.47000000000000003 0.01847455987352581
0.06 0 0.48 0.024029360401130875
0.06 0 0.49 0.03396768308876037
0.06 0 0.5 0.03637074444025269
0.07 0 0.0 0.43570369306628093
0.07 0 0.01 0.4011707127747462
0.07 0 0.02 0.4534909540556579
0.07 0 0.03 0.6038318894739204
0.07 0 0.04 0.8971549260081686
0.07 0 0.05 1.032625821401574
0.07 0 0.06 1.165456830819779
0.07 0 0.07 1.3971171854374176
0.07 0 0.08 1.6754110600860326
0.07 0 0.09 1.9849194827531462
0.07 0 0.1 1.7059468512624227
0.07 0 0.11 1.1512681146938204
0.07 0 0.12 0.620168348883393
0.07 0 0.13 0.4115570699054308
0.07 0 0.14 0.6948210685420756
0.07 0 0.15 1.2795047492097202
0.07 0 0.16 1.6036522329822938
0.07 0 0.17 2.0510708086891096
0.07 0 0.18 1.3582013829204262
0.07 0 0.19 0.5553974712799686
0.07 0 0.2 0.4189399761924566
0.07 0 0.21 0.5398212659368123
0.07 0 0.22 0.7088533145109979
0.07 0 0.23 0.8287769213913504
0.07 0 0.24 0.932304298271007
0.07 0 0.25 0.7080324323390181
0.07 0 0.26 0.39884869440599097
0.07 0 0.27 0.4864110290573791
0.07 0 0.28 0.8035501804420911
0.07 0 0.29 0.8051208584690472
0.07 0 0.3 0.9863507616254598
0.07 0 0.31 1.0741181968515245
0.07 0 0.32 0.6798479334110323
0.07 0 0.33 0.5332996730754024
0.07 0 0.34 0.5127974303169631
0.07 0 0.35000000000000003 0.4573854125207138
0.07 0 0.36 0.4304099998117666
0.07 0 0.37 0.4606141773940324
0.07 0 0.38 0.5040314153304576
0.07 0 0.39 0.4610408669626
0.07 0 0.4 0.5032222219702439
0.07 0 0.41000000000000003 0.5494329904657252
0.07 0 0.42 0.3655063274174703
0.07 0 0.43 0.28765971838637505
0.07 0 0.44 0.25942436577296685
0.07 0 0.45 0.19682067946424522
0.07 0 0.46 0.24296910411598527
0.07 0 0.47000000000000003 0.32357439753425654
0.07 0 0.48 0.2775951007842117
0.07 0 0.49 0.22753184137635513
0.07 0 0.5 0.15770900593354628
0.08 0 0.0 0.09304820829043904
0.08 0 0.01 0.13269669025061404
0.08 0 0.02 0.25615071583005616
0.08 0 0.03 0.44675765072434187
0.08 0 0.04 0.520105964666092
0.08 0 0.05 0.311632569293012
0.08 0 0.06 0.2017043949737777
0.08 0 0.07 0.2652612538816354
0.08 0 0.08 0.49397771919898
0.08 0 0.09 1.5025502886932351
0.08 0 0.1 4.4168993220783
0.08 0 0.11 5.089932165678628
0.08 0 0.12 3.7119054513470924
0.08 0 0.13 2.262058913543977
0.08 0 0.14 1.40981154525866
0.08 0 0.15 1.5116930337778696
0.08 0 0.16 1.8656632096443253
0.08 0 0.17 1.8373952522912285
0.08 0 0.18 1.6158132787527393
0.08 0 0.19 1.5001011886657472
0.08 0 0.2 1.4777060520976313
0.08 0 0.21 1.2333420897665728
0.08 0 0.22 1.2257584959979086
0.08 0 0.23 1.1661184469913748
0.08 0 0.24 0.6767389444139728
0.08 0 0.25 0.6561020650033447
0.08 0 0.26 1.0335072470056246
0.08 0 0.27 1.109194205608653
0.08 0 0.28 1.3703366036549223
0.08 0 0.29 1.59527718692861
0.08 0 0.3 0.8761684327467975
0.08 0 0.31 0.44362845171061976
0.08 0 0.32 0.43932980849102016
0.08 0 0.33 0.6856897729098037
0.08 0 0.34 0.9167220959899152
0.08 0 0.35000000000000003 1.2407119388538295
0.08 0 0.36 1.595923477741089
0.08 0 0.37 0.9227723096900757
0.08 0 0.38 0.5693191093893649
0.08 0 0.39 0.7673227501797684
0.08 0 0.4 0.9722070843804289
0.08 0 0.41000000000000003 1.4027129496673094
0.08 0 0.42 2.5004261160543404
0.08 0 0.43 2.380027813713326
0.08 0 0.44 1.3166983583549108
0.08 0 0.45 0.653328108938048
0.08 0 0.46 0.38901443031310706
0.08 0 0.47000000000000003 0.30228151574479484
0.08 0 0.48 0.29284419832645675
0.08 0 0.49 0.3980226411150015
0.08 0 0.5 0.4748021712116509
0.09 0 0.0 0.09023158349212429
0.09 0 0.01 0.09193869140762509
0.09 0 0.02 0.15426920843017114
0.09 0 0.03 0.2473452483807248
0.09 0 0.04 0.3655973527180175
0.09 0 0.05 0.5154499410067961
0.09 0 0.06 0.42361987450370375
0.09 0 0.07 0.3795952108088794
0.09 0 0.08 0.4188633100348718
0.09 0 0.09 0.2643249069709209
0.09 0 0.1 0.1417988250720674
0.09 0 0.11 0.09931696436441474
0.09 0 0.12 0.08626734973399142
0.09 0 0.13 0.10528081092770653
0.09 0 0.14 0.19319449296213842
0.09 0 0.15 0.3966932322734325
0.09 0 0.16 0.4050517784288218
0.09 0 0.17 0.26127583525534687
0.09 0 0.18 0.2394577432873531
0.09 0 0.19 0.24022625511920825
0.09 0 0.2 0.4068914068533881
0.09 0 0.21 1.4190826099928922
0.09 0 0.22 2.8120950697461344
0.09 0 0.23 2.8191524335038083
0.09 0 0.24 2.3511325000182337
0.09 0 0.25 1.6087647223767432
0.09 0 0.26 1.487007466583091
0.09 0 0.27 2.41903414920389
0.09 0 0.28 5.011953660185612
0.09 0 0.29 8.154464931181462
0.09 0 0.3 9.780460326505926
0.09 0 0.31 11.080276741638457
0.09 0 0.32 8.227176633753158
0.09 0 0.33 6.022374745547088
0.09 0 0.34 7.650933827668164
0.09 0 0.35000000000000003 6.910893154026649
0.09 0 0.36 5.216591793803235
0.09 0 0.37 6.109517963946148
0.09 0 0.38 5.31644234980572
0.09 0 0.39 3.679468174552197
0.09 0 0.4 3.184575296372181
0.09 0 0.41000000000000003 2.3960006632284405
0.09 0 0.42 1.4122066800664979
0.09 0 0.43 0.9762379964614802
0.09 0 0.44 1.0882354248115693
0.09 0 0.45 1.1480286908312316
0.09 0 0.46 0.9764142209401784
0.09 0 0.47000000000000003 1.1851882480641078
0.09 0 0.48 1.05204555782017
0.09 0 0.49 0.5526141184638226
0.09 0 0.5 0.4213773947113237
0.1 0 0.0 0.07623367514180043
0.1 0 0.01 0.0902191733972258
0.1 0 0.02 0.08490055904817718
0.1 0 0.03 0.0694892983758442
0.1 0 0.04 0.03851370202143036
0.1 0 0.05 0.02268703624347549
0.1 0 0.06 0.020680704792503442
0.1 0 0.07 0.0258298766662949
0.1 0 0.08 0.044238416000344956
0.1 0 0.09 0.06501279254055171
0.1 0 0.1 0.056341860432945
0.1 0 0.11 0.029331211885504204
0.1 0 0.12 0.015270915036615089
0.1 0 0.13 0.01601462639614541
0.1 0 0.14 0.020122149020849297
0.1 0 0.15 0.025570028314666454
0.1 0 0.16 0.04667023497425779
0.1 0 0.17 0.04905528327508115
0.1 0 0.18 0.03398474155260261
0.1 0 0.19 0.04191956048658913
0.1 0 0.2 0.05698711435444635
0.1 0 0.21 0.06611658198070705
0.1 0 0.22 0.09706174212884358
0.1 0 0.23 0.15821139003403528
0.1 0 0.24 0.19862121843936292
0.1 0 0.25 0.2413973639939382
0.1 0 0.26 0.531144497003743
0.1 0 0.27 1.054445197123294
0.1 0 0.28 1.057711610435321
0.1 0 0.29 1.2790230078318754
0.1 0 0.3 1.4247320020477128
0.1 0 0.31 1.1148704816668502
0.1 0 0.32 1.4762652539175445
0.1 0 0.33 2.1808443329911107
0.1 0 0.34 2.018416293529568
0.1 0 0.35000000000000003 1.5983811050881995
0.1 0 0.36 1.1164976475399544
0.1 0 0.37 0.7451193718927885
0.1 0 0.38 0.6057785651285514
0.1 0 0.39 0.8140629644271701
0.1 0 0.4 1.4048296997831202
0.1 0 0.41000000000000003 1.643039477674424
0.1 0 0.42 1.596570254076035
0.1 0 0.43 1.0894813139995383
0.1 0 0.44 0.4689209950858107
0.1 0 0.45 0.32176029718153204
0.1 0 0.46 0.2940828748201062
0.1 0 0.47000000000000003 0.25776005819589987
0.1 0 0.48 0.3379214644908648
0.1 0 0.49 0.38986434052405194
0.1 0 0.5 0.2903833369136143
0.11 0 0.0 0.09408332515264527
0.11 0 0.01 0.13089285434229203
0.11 0 0.02 0.2236040772977233
0.11 0 0.03 0.30162350804483357
0.11 0 0.04 0.2656613948845848
0.11 0 0.05 0.2136674315637963
0.11 0 0.06 0.20351583470514376
0.11 0 0.07 0.17518486371970426
0.11 0 0.08 0.19561287066661184
0.11 0 0.09 0.23682209472540655
0.11 0 0.1 0.17187095492719387
0.11 0 0.11 0.13724002133517363
0.11 0 0.12 0.12524897353690334
0.11 0 0.13 0.10528447509342567
0.11 0 0.14 0.12665949235286272
0.11 0 0.15 0.13631854795993634
0.11 0 0.16 0.09948799208757968
0.11 0 0.17 0.08226452472356591
0.11 0 0.18 0.08982731548953746
0.11 0 0.19 0.1261739717415805
0.11 0 0.2 0.19426035234513228
0.11 0 0.21 0.3010741356514139
0.11 0 0.22 0.32271033867547183
0.11 0 0.23 0.19870591867431864
0.11 0 0.24 0.1962021524426047
0.11 0 0.25 0.30265646109213284
0.11 0 0.26 0.37776751918429796
0.11 0 0.27 0.7294522463195648
0.11 0 0.28 1.3154755897835935
0.11 0 0.29 0.9044606851302167
0.11 0 0.3 0.5674047321118451
0.11 0 0.31 0.5428464973230995
0.11 0 0.32 0.5787451080523333
0.11 0 0.33 0.6700737315272932
0.11 0 0.34 0.9815637126119251
0.11 0 0.35000000000000003 1.2345311783001112
0.11 0 0.36 0.7270805841286152
0.11 0 0.37 0.4331230571498423
0.11 0 0.38 0.39986023074989896
0.11 0 0.39 0.26404684605852813
0.11 0 0.4 0.21760603417611626
0.11 0 0.41000000000000003 0.295625222981777
0.11 0 0.42 0.27536882732900836
0.11 0 0.43 0.22021575916321132
0.11 0 0.44 0.19817650299981082
0.11 0 0.45 0.16836615162187557
0.11 0 0.46 0.1485480792986231
0.11 0 0.47000000000000003 0.13120412231478962
0.11 0 0.48 0.1288158197506883
0.11 0 0.49 0.12682576551707125
0.11 0 0.5 0.12649443205891234
0.12 0 0.0 0.5096665535464497
0.12 0 0.01 0.4123285967614653
0.12 0 0.02 0.27248134754015074
0.12 0 0.03 0.18216122141873672
0.12 0 0.04 0.15756766572235442
0.12 0 0.05 0.13714224790980242
0.12 0 0.06 0.2111566610532221
0.12 0 0.07 0.46025419177959376
0.12 0 0.08 0.4732029687073107
0.12 0 0.09 0.34696395166957117
0.12 0 0.1 0.254017782913472
0.12 0 0.11 0.15934352733570384
0.12 0 0.12 0.15799029440416715
0.12 0 0.13 0.3024494377602989
0.12 0 0.14 0.6401389850496427
0.12 0 0.15 0.8109459651158025
0.12 0 0.16 0.7134571943870638
0.12 0 0.17 0.6296137142519358
0.12 0 0.18 0.40918165269919843
0.12 0 0.19 0.35550118476046927
0.12 0 0.2 0.5959718513815205
0.12 0 0.21 0.6389946146133398
0.12 0 0.22 0.49640077354353096
0.12 0 0.23 0.44740544113671366
0.12 0 0.24 0.3122449826409238
0.12 0 0.25 0.25878195504309076
0.12 0 0.26 0.3159618531395501
0.12 0 0.27 0.3547383903045071
0.12 0 0.28 0.33784777096242613
0.12 0 0.29 0.3157409090082169
0.12 0 0.3 0.31090502510337226
0.12 0 0.31 0.23856008722642544
0.12 0 0.32 0.17772857632623773
0.12 0 0.33 0.1748112879509491
0.12 0 0.34 0.11448329691882414
0.12 0 0.35000000000000003 0.07587069681187397
0.12 0 0.36 0.098792419639675
0.12 0 0.37 0.12057048010659385
0.12 0 0.38 0.16722291627918137
0.12 0 0.39 0.332556076805612
0.12 0 0.4 0.38728707397004364
0.12 0 0.41000000000000003 0.2660719709877415
0.12 0 0.42 0.19074436147730123
0.12 0 0.43 0.16743448935554187
0.12 0 0.44 0.15878251989002504
0.12 0 0.45 0.18509979103349916
0.12 0 0.46 0.3480352538373929
0.12 0 0.47000000000000003 0.47738935965507356
0.12 0 0.48 0.3595621543256165
0.12 0 0.49 0.29632818341862455
0.12 0 0.5 0.20054830691918135
0.13 0 0.0 0.30809541790714856
0.13 0 0.01 0.41396202703762397
0.13 0 0.02 0.573437619862218
0.13 0 0.03 0.4935294594037283
0.13 0 0.04 0.32810651287203657
0.13 0 0.05 0.2554224436812915
0.13 0 0.06 0.2142343366339617
0.13 0 0.07 0.2842881582200331
0.13 0 0.08 0.5310947865540306
0.13 0 0.09 0.8574571916000723
0.13 0 0.1 1.1459199854788302
0.13 0 0.11 1.4256216912050974
0.13 0 0.12 1.8737760433202681
0.13 0 0.13 1.7359223132808979
0.13 0 0.14 1.301785209599416
0.13 0 0.15 1.3345897112385694
0.13 0 0.16 1.020457961052338
0.13 0 0.17 0.8316719158878986
0.13 0 0.18 1.4904170321770536
0.13 0 0.19 2.0138570881067794
0.13 0 0.2 1.5629625307373767
0.13 0 0.21 1.2793985219145028
0.13 0 0.22 0.8097041088933735
0.13 0 0.23 0.38764433222079214
0.13 0 0.24 0.26787658672549125
0.13 0 0.25 0.3559620510846771
0.13 0 0.26 0.4259105875765748
0.13 0 0.27 0.31242260293353535
0.13 0 0.28 0.2789623330152378
0.13 0 0.29 0.21386994898045386
0.13 0 0.3 0.13590456263717607
0.13 0 0.31 0.20879505738287715
0.13 0 0.32 0.4397822953379666
0.13 0 0.33 0.6522370433380494
0.13 0 0.34 0.9947912287403021
0.13 0 0.35000000000000003 1.1185601891961043
0.13 0 0.36 0.8151663002256532
0.13 0 0.37 0.5758225195988449
0.13 0 0.38 0.5052025456357416
0.13 0 0.39 0.5593519046463821
0.13 0 0.4 0.5982173727690341
0.13 0 0.41000000000000003 0.6636009650646043
0.13 0 0.42 0.58554712220427
0.13 0 0.43 0.31845888074069056
0.13 0 0.44 0.2022336972059504
0.13 0 0.45 0.12528228513181017
0.13 0 0.46 0.0671614425852392
0.13 0 0.47000000000000003 0.06109581701903676
0.13 0 0.48 0.05973560179759729
0.13 0 0.49 0.05040121150782584
0.13 0 0.5 0.055691342848292615
0.14 0 0.0 0.1735775690987453
0.14 0 0.01 0.21638784742463518
0.14 0 0.02 0.2434776618729764
0.14 0 0.03 0.33754451427960325
0.14 0 0.04 0.6264071442495306
0.14 0 0.05 1.3593722327185327
0.14 0 0.06 2.3439745483825316
0.14 0 0.07 3.4696659566804433
0.14 0 0.08 3.6998725152682646
0.14 0 0.09 2.194886551033763
0.14 0 0.1 1.6816768340721573
0.14 0 0.11 1.7669405300001946
0.14 0 0.12 1.7908989852245456
0.14 0 0.13 2.565824975160388
0.14 0 0.14 2.687337438294218
0.14 0 0.15 1.3402819873847047
0.14 0 0.16 0.6136427914505542
0.14 0 0.17 0.2893264928861032
0.14 0 0.18 0.16605001179125078
0.14 0 0.19 0.15125210516619603
0.14 0 0.2 0.17806775913456765
0.14 0 0.21 0.17952603175667248
0.14 0 0.22 0.1376282813233473
0.14 0 0.23 0.14375774529554367
0.14 0 0.24 0.1590496662568657
0.14 0 0.25 0.1217704817443477
0.14 0 0.26 0.14989728703273567
0.14 0 0.27 0.1983692183845699
0.14 0 0.28 0.1406069529210881
0.14 0 0.29 0.13787564465041452
0.14 0 0.3 0.18044501174360528
0.14 0 0.31 0.1692946177726665
0.14 0 0.32 0.1689259526352915
0.14 0 0.33 0.21191606595376186
0.14 0 0.34 0.23852787173712836
0.14 0 0.35000000000000003 0.22528828640045082
0.14 0 0.36 0.34053395970031586
0.14 0 0.37 0.7606119067085656
0.14 0 0.38 0.979110247737421
0.14 0 0.39 1.135240387668834
0.14 0 0.4 1.452762299288695
0.14 0 0.41000000000000003 1.0022908850406558
0.14 0 0.42 0.7041188884368544
0.14 0 0.43 0.7311414197496755
0.14 0 0.44 0.7328464444782727
0.14 0 0.45 0.785483390989568
0.14 0 0.46 0.7211067585193581
0.14 0 0.47000000000000003 0.4592105115963866
0.14 0 0.48 0.21317620069106286
0.14 0 0.49 0.08470142998813007
0.14 0 0.5 0.04888089691494215
0.15 0 0.0 8.237097653932624
0.15 0 0.01 9.473036137546648
0.15 0 0.02 8.096757664546004
0.15 0 0.03 5.692655648432255
0.15 0 0.04 3.2629993779204725
0.15 0 0.05 2.9893442596209843
0.15 0 0.06 4.056702781258912
0.15 0 0.07 3.4911705744532133
0.15 0 0.08 3.0688509033872635
0.15 0 0.09 2.6186704477871525
0.15 0 0.1 1.2281291891017165
0.15 0 0.11 0.6618376405825066
0.15 0 0.12 0.49426567076595435
0.15 0 0.13 0.3084158572863172
0.15 0 0.14 0.18188861555906127
0.15 0 0.15 0.14858243462942164
0.15 0 0.16 0.1685948847623899
0.15 0 0.17 0.17312719894986453
0.15 0 0.18 0.22441407012528505
0.15 0 0.19 0.4042904970990271
0.15 0 0.2 0.39264152853719103
0.15 0 0.21 0.31585855623909553
0.15 0 0.22 0.35786841931696567
0.15 0 0.23 0.3084101348477753
0.15 0 0.24 0.2930552583189262
0.15 0 0.25 0.33176047990611274
0.15 0 0.26 0.2254897090325496
0.15 0 0.27 0.12251661515179084
0.15 0 0.28 0.0825597257705504
0.15 0 0.29 0.075373203701761
0.15 0 0.3 0.08833584690124463
0.15 0 0.31 0.13519733055974112
0.15 0 0.32 0.2410710632403472
0.15 0 0.33 0.25164359540717807
0.15 0 0.34 0.20363583662832754
0.15 0 0.35000000000000003 0.20349694800362247
0.15 0 0.36 0.139887226761743
0.15 0 0.37 0.11227102060340018
0.15 0 0.38 0.15222322544665462
0.15 0 0.39 0.13649393839369203
0.15 0 0.4 0.09708899179156265
0.15 0 0.41000000000000003 0.08099152942574668
0.15 0 0.42 0.055724627744287394
0.15 0 0.43 0.03283467547067635
0.15 0 0.44 0.022387933358143628
0.15 0 0.45 0.021098158374420885
0.15 0 0.46 0.01888323703871558
0.15 0 0.47000000000000003 0.015487865704110704
0.15 0 0.48 0.01728081402614062
0.15 0 0.49 0.01468097591518602
0.15 0 0.5 0.009979719224229503
0.16 0 0.0 1.7571611474310675
0.16 0 0.01 2.656765168613592
0.16 0 0.02 3.6919164021109876
0.16 0 0.03 4.6382975287243955
0.16 0 0.04 6.024862266525214
0.16 0 0.05 5.052456325874053
0.16 0 0.06 4.044719043041473
0.16 0 0.07 3.79885721264855
0.16 0 0.08 3.2183770608325113
0.16 0 0.09 3.4603167396992043
0.16 0 0.1 5.118185411806759
0.16 0 0.11 7.742012036134051
0.16 0 0.12 8.253709807201957
0.16 0 0.13 6.498755840660381
0.16 0 0.14 4.944619988573937
0.16 0 0.15 2.4974122222999386
0.16 0 0.16 1.5281949035682751
0.16 0 0.17 2.127404205007737
0.16 0 0.18 2.1084306254091745
0.16 0 0.19 1.4187959634459264
0.16 0 0.2 1.2544346051542792
0.16 0 0.21 0.7565037695931394
0.16 0 0.22 0.34990929750073346
0.16 0 0.23 0.26738559997495814
0.16 0 0.24 0.2932784194288591
0.16 0 0.25 0.26417444363173403
0.16 0 0.26 0.19685072781796115
0.16 0 0.27 0.18199697997957023
0.16 0 0.28 0.1249585488069555
0.16 0 0.29 0.06423795610815525
0.16 0 0.3 0.06490917562008613
0.16 0 0.31 0.07061285567834504
0.16 0 0.32 0.056597764283360615
0.16 0 0.33 0.07060039449779835
0.16 0 0.34 0.08797469476478915
0.16 0 0.35000000000000003 0.07927405397790722
0.16 0 0.36 0.06888406843585046
0.16 0 0.37 0.04925309939347135
0.16 0 0.38 0.0313220127121813
0.16 0 0.39 0.021427746928553038
0.16 0 0.4 0.019736979288050235
0.16 0 0.41000000000000003 0.023656804922345034
0.16 0 0.42 0.028047549573067505
0.16 0 0.43 0.03993823084777921
0.16 0 0.44 0.04581809435667251
0.16 0 0.45 0.03270378632165234
0.16 0 0.46 0.02600345286022013
0.16 0 0.47000000000000003 0.017387455756359686
0.16 0 0.48 0.01090988855494668
0.16 0 0.49 0.011966275659601063
0.16 0 0.5 0.014013223808598473
0.17 0 0.0 2.407414243318012
0.17 0 0.01 1.5999677709705653
0.17 0 0.02 1.3722909321953087
0.17 0 0.03 1.5150745229295866
0.17 0 0.04 2.056604152012272
0.17 0 0.05 3.2548655575553465
0.17 0 0.06 5.1518881134886625
0.17 0 0.07 5.769821331089178
0.17 0 0.08 3.643961230337346
0.17 0 0.09 2.438749175081781
0.17 0 0.1 1.6671822325159789
0.17 0 0.11 0.9480301972509819
0.17 0 0.12 0.893930866588411
0.17 0 0.13 0.9212134183178143
0.17 0 0.14 0.7198346748037189
0.17 0 0.15 0.7668462939057062
0.17 0 0.16 0.7952579444659846
0.17 0 0.17 0.7296773634814067
0.17 0 0.18 0.8927968452085068
0.17 0 0.19 1.1123760964264953
0.17 0 0.2 1.1753636558965725
0.17 0 0.21 1.2579160401333627
0.17 0 0.22 1.6748750689694207
0.17 0 0.23 1.761504920922618
0.17 0 0.24 1.0533536921156312
0.17 0 0.25 0.7640787584199419
0.17 0 0.26 0.5383915745501514
0.17 0 0.27 0.2892374508542413
0.17 0 0.28 0.34934413872601
0.17 0 0.29 0.6059157538632816
0.17 0 0.3 0.6384269408656242
0.17 0 0.31 0.6899862418410405
0.17 0 0.32 0.6728447292056359
0.17 0 0.33 0.40868622028563284
0.17 0 0.34 0.24847805620994876
0.17 0 0.35000000000000003 0.2683218361350509
0.17 0 0.36 0.4000139769623556
0.17 0 0.37 0.41088358279833354
0.17 0 0.38 0.41116614710225835
0.17 0 0.39 0.3940176605850843
0.17 0 0.4 0.1851102744802943
0.17 0 0.41000000000000003 0.09108090558461603
0.17 0 0.42 0.06677490272828869
0.17 0 0.43 0.04639518303654873
0.17 0 0.44 0.046557971815420506
0.17 0 0.45 0.06044870481405517
0.17 0 0.46 0.06528452971130161
0.17 0 0.47000000000000003 0.05693064916122784
0.17 0 0.48 0.03581584985447048
0.17 0 0.49 0.023089169216289458
0.17 0 0.5 0.018352104285348426
0.18 0 0.0 0.049760077512277366
0.18 0 0.01 0.05839626618805907
0.18 0 0.02 0.05695684021392374
0.18 0 0.03 0.04040519861446866
0.18 0 0.04 0.028799616884619114
0.18 0 0.05 0.020502984304965343
0.18 0 0.06 0.011087545088467739
0.18 0 0.07 0.010303417031675808
0.18 0 0.08 0.01495192559156179
0.18 0 0.09 0.016625496293788438
0.18 0 0.1 0.026571593123611476
0.18 0 0.11 0.04656991864068673
0.18 0 0.12 0.04083048524220896
0.18 0 0.13 0.03215667423406439
0.18 0 0.14 0.0367286488363226
0.18 0 0.15 0.05153165180920128
0.18 0 0.16 0.07468105803827974
0.18 0 0.17 0.13396227194172844
0.18 0 0.18 0.24048482121572418
0.18 0 0.19 0.20450229789889254
0.18 0 0.2 0.15029331866308626
0.18 0 0.21 0.15707485591798837
0.18 0 0.22 0.12556117786010357
0.18 0 0.23 0.12806044254226134
0.18 0 0.24 0.18111468039001605
0.18 0 0.25 0.15068385396681838
0.18 0 0.26 0.10869709783159553
0.18 0 0.27 0.09571356348124346
0.18 0 0.28 0.08566461841227611
0.18 0 0.29 0.08874716623090924
0.18 0 0.3 0.10933091101160254
0.18 0 0.31 0.1431637329697149
0.18 0 0.32 0.15310300656156045
0.18 0 0.33 0.17143904083339978
0.18 0 0.34 0.2300981948613358
0.18 0 0.35000000000000003 0.18996305751185552
0.18 0 0.36 0.14982297350526208
0.18 0 0.37 0.16287798774660983
0.18 0 0.38 0.12518566353628632
0.18 0 0.39 0.1218622240089165
0.18 0 0.4 0.21099254279419502
0.18 0 0.41000000000000003 0.30167293072575957
0.18 0 0.42 0.34980658823570393
0.18 0 0.43 0.3435254349391838
0.18 0 0.44 0.2397894297572745
0.18 0 0.45 0.12896966568849147
0.18 0 0.46 0.07600931153350882
0.18 0 0.47000000000000003 0.06948223844582299
0.18 0 0.48 0.06027613980168727
0.18 0 0.49 0.04814332737701788
0.18 0 0.5 0.05329721430399092
0.19 0 0.0 0.02005552636454922
0.19 0 0.01 0.020192696893139968
0.19 0 0.02 0.024342242727729738
0.19 0 0.03 0.04334470598324579
0.19 0 0.04 0.059251516254687976
0.19 0 0.05 0.07653227139601433
0.19 0 0.06 0.10582355110794746
0.19 0 0.07 0.10381795417039894
0.19 0 0.08 0.11537443137555886
0.19 0 0.09 0.16027142853350143
0.19 0 0.1 0.1911838123585958
0.19 0 0.11 0.2042695015250107
0.19 0 0.12 0.21985817130723695
0.19 0 0.13 0.22791458754369134
0.19 0 0.14 0.16528202035953293
0.19 0 0.15 0.1317394592767353
0.19 0 0.16 0.15486826506239848
0.19 0 0.17 0.09669668952167593
0.19 0 0.18 0.046300663075413195
0.19 0 0.19 0.03783307380416536
0.19 0 0.2 0.02435140042218471
0.19 0 0.21 0.015713492724087983
0.19 0 0.22 0.01838651294474442
0.19 0 0.23 0.019282638258625008
0.19 0 0.24 0.01408841243617118
0.19 0 0.25 0.012155060557235416
0.19 0 0.26 0.016178871454799394
0.19 0 0.27 0.02136947000090418
0.19 0 0.28 0.027995659098800994
0.19 0 0.29 0.05773813085708034
0.19 0 0.3 0.07907907205938515
0.19 0 0.31 0.057928731921967555
0.19 0 0.32 0.06345250630447728
0.19 0 0.33 0.07730212449930222
0.19 0 0.34 0.09079666733199122
0.19 0 0.35000000000000003 0.15101963759101047
0.19 0 0.36 0.2048860166723961
0.19 0 0.37 0.2013188500767987
0.19 0 0.38 0.18757606120829232
0.19 0 0.39 0.178618584856876
0.19 0 0.4 0.19328011158046607
0.19 0 0.41000000000000003 0.21284817682989665
0.19 0 0.42 0.27264038060787926
0.19 0 0.43 0.3525011875611107
0.19 0 0.44 0.3860762372869614
0.19 0 0.45 0.5125508129539014
0.19 0 0.46 0.5758938139090777
0.19 0 0.47000000000000003 0.5390033107089055
0.19 0 0.48 0.657392196881601
0.19 0 0.49 0.6069041414267932
0.19 0 0.5 0.5159999541957299
0.2 0 0.0 0.16331397170744957
0.2 0 0.01 0.1637376027987602
0.2 0 0.02 0.13020198275941927
0.2 0 0.03 0.07716508167686514
0.2 0 0.04 0.05184781291760366
0.2 0 0.05 0.03703124637998389
0.2 0 0.06 0.026626306893998117
0.2 0 0.07 0.021378005495979433
0.2 0 0.08 0.025715413378705823
0.2 0 0.09 0.031691663743547184
0.2 0 0.1 0.028099093300195693
0.2 0 0.11 0.03271657975685216
0.2 0 0.12 0.0379536838080827
0.2 0 0.13 0.03781396419111658
0.2 0 0.14 0.06372246285871777
0.2 0 0.15 0.1011891956280827
0.2 0 0.16 0.11250088223686465
0.2 0 0.17 0.14021741739063084
0.2 0 0.18 0.13754922776925366
0.2 0 0.19 0.11353418993771876
0.2 0 0.2 0.13543839356097148
0.2 0 0.21 0.23180107500125977
0.2 0 0.22 0.3619925555309137
0.2 0 0.23 0.39862245484526837
0.2 0 0.24 0.44262500968154966
0.2 0 0.25 0.3759633945490827
0.2 0 0.26 0.24336565864812879
0.2 0 0.27 0.32809063131953786
0.2 0 0.28 0.5017884210743888
0.2 0 0.29 0.43734664189228595
0.2 0 0.3 0.47901841845655374
0.2 0 0.31 0.4798537508066891
0.2 0 0.32 0.29086204954443917
0.2 0 0.33 0.21106604651885788
0.2 0 0.34 0.21622128230197832
0.2 0 0.35000000000000003 0.21356778667815365
0.2 0 0.36 0.17391207725089008
0.2 0 0.37 0.18574223604616394
0.2 0 0.38 0.260371883476445
0.2 0 0.39 0.28550851401291444
0.2 0 0.4 0.404473525941471
0.2 0 0.41000000000000003 0.6427573724970461
0.2 0 0.42 0.5368863621499319
0.2 0 0.43 0.4222154224238779
0.2 0 0.44 0.37595648289016825
0.2 0 0.45 0.29789940490346056
0.2 0 0.46 0.2712518341902024
0.2 0 0.47000000000000003 0.22734993170772502
0.2 0 0.48 0.1816621647926632
0.2 0 0.49 0.15421708124488442
0.2 0 0.5 0.11526639490948286
0.21 0 0.0 0.10379146344284987
0.21 0 0.01 0.11467155243314112
0.21 0 0.02 0.14293960098094496
0.21 0 0.03 0.16708133813259732
0.21 0 0.04 0.1434244413268276
0.21 0 0.05 0.08446443586470827
0.21 0 0.06 0.07217176929578331
0.21 0 0.07 0.08094912085888331
0.21 0 0.08 0.07616529884288238
0.21 0 0.09 0.13206608642775278
0.21 0 0.1 0.26679658758308084
0.21 0 0.11 0.25911953438011404
0.21 0 0.12 0.26603252079432466
0.21 0 0.13 0.3506788839840004
0.21 0 0.14 0.38087203364472827
0.21 0 0.15 0.4070802524677286
0.21 0 0.16 0.4904115322596728
0.21 0 0.17 0.4867472794876541
0.21 0 0.18 0.2942363393129743
0.21 0 0.19 0.2127753686160498
0.21 0 0.2 0.23327734026355987
0.21 0 0.21 0.19254357373570993
0.21 0 0.22 0.2025371929074065
0.21 0 0.23 0.3012516461367139
0.21 0 0.24 0.2821748402954554
0.21 0 0.25 0.29384199284557505
0.21 0 0.26 0.41874666408504313
0.21 0 0.27 0.4654484059844767
0.21 0 0.28 0.4585909910927693
0.21 0 0.29 0.38067066841017466
0.21 0 0.3 0.2567089225549131
0.21 0 0.31 0.20071454046132015
0.21 0 0.32 0.2783952876865962
0.21 0 0.33 0.6734724410237379
0.21 0 0.34 1.3400995292102773
0.21 0 0.35000000000000003 2.1213735266545175
0.21 0 0.36 2.635388930707576
0.21 0 0.37 1.4778557271076593
0.21 0 0.38 0.8560034712376804
0.21 0 0.39 0.8046147135437338
0.21 0 0.4 0.6349415691018644
0.21 0 0.41000000000000003 0.5609626716109657
0.21 0 0.42 0.5296128564549398
0.21 0 0.43 0.3284753103562427
0.21 0 0.44 0.181616443517249
0.21 0 0.45 0.1242719542251728
0.21 0 0.46 0.11248079468811516
0.21 0 0.47000000000000003 0.09918241251367776
0.21 0 0.48 0.08630540414949528
0.21 0 0.49 0.10273390595197959
0.21 0 0.5 0.10764771245824639
0.22 0 0.0 0.8037069938862378
0.22 0 0.01 0.7018218358658536
0.22 0 0.02 0.7989236808405298
0.22 0 0.03 0.7429575504396044
0.22 0 0.04 0.7911623836469451
0.22 0 0.05 1.1850695397795352
0.22 0 0.06 1.4416667281531785
0.22 0 0.07 2.0266805224867617
0.22 0 0.08 2.903765615402211
0.22 0 0.09 2.4156105505694225
0.22 0 0.1 1.7935592911380975
0.22 0 0.11 1.6114811459075322
0.22 0 0.12 1.5760215831004298
0.22 0 0.13 1.5838501998668306
0.22 0 0.14 2.0523546470466503
0.22 0 0.15 2.870404417373606
0.22 0 0.16 1.7725767059074773
0.22 0 0.17 0.8511849399354403
0.22 0 0.18 0.6981145912348233
0.22 0 0.19 0.5055495775569925
0.22 0 0.2 0.5231599917383964
0.22 0 0.21 1.1109086352208464
0.22 0 0.22 1.4018589374061408
0.22 0 0.23 0.9917612204876243
0.22 0 0.24 0.8491526456620145
0.22 0 0.25 0.9214839256408222
0.22 0 0.26 1.101066357610748
0.22 0 0.27 1.7679093578394882
0.22 0 0.28 4.073265083525186
0.22 0 0.29 5.322428793294673
0.22 0 0.3 3.512077138155798
0.22 0 0.31 2.95650811350272
0.22 0 0.32 2.2508086956121005
0.22 0 0.33 1.5671477259714899
0.22 0 0.34 1.7847071447577532
0.22 0 0.35000000000000003 1.7882655741978994
0.22 0 0.36 1.494921512714951
0.22 0 0.37 1.5810121780063908
0.22 0 0.38 1.7425071364873723
0.22 0 0.39 1.8993419732359575
0.22 0 0.4 1.6327013938993098
0.22 0 0.41000000000000003 1.0585108039919893
0.22 0 0.42 0.6507749436089554
0.22 0 0.43 0.44461391882159773
0.22 0 0.44 0.5018249491790667
0.22 0 0.45 0.7411526836915437
0.22 0 0.46 1.1092139601536897
0.22 0 0.47000000000000003 1.7082568190005951
0.22 0 0.48 1.3906290907364047
0.22 0 0.49 0.8217315874502122
0.22 0 0.5 0.7011189878355736
0.23 0 0.0 0.520153827389211
0.23 0 0.01 0.7627882073828632
0.23 0 0.02 0.6927453976571023
0.23 0 0.03 0.647305957685277
0.23 0 0.04 0.4645508140345324
0.23 0 0.05 0.30286596641021324
0.23 0 0.06 0.2985772567903983
0.23 0 0.07 0.4900383567534069
0.23 0 0.08 0.8658976268821443
0.23 0 0.09 1.170818210513817
0.23 0 0.1 1.6541034695869383
0.23 0 0.11 1.7823838086379227
0.23 0 0.12 1.4628187237082955
0.23 0 0.13 1.9389720917380258
0.23 0 0.14 2.2764465036349213
0.23 0 0.15 1.8118128144990056
0.23 0 0.16 1.7469315094376092
0.23 0 0.17 1.285769506239242
0.23 0 0.18 0.8067756518032737
0.23 0 0.19 0.8176462023863135
0.23 0 0.2 1.0144448529920433
0.23 0 0.21 1.1340634979686253
0.23 0 0.22 1.1415118008559697
0.23 0 0.23 1.1411059696057364
0.23 0 0.24 0.9186621783753167
0.23 0 0.25 0.6717261731317241
0.23 0 0.26 0.8475749438471728
0.23 0 0.27 0.8628368094980007
0.23 0 0.28 0.4576499566636168
0.23 0 0.29 0.36110806842212345
0.23 0 0.3 0.33979974667227003
0.23 0 0.31 0.31765686103887136
0.23 0 0.32 0.6322914765462185
0.23 0 0.33 1.6203856995972228
0.23 0 0.34 2.497706889025747
0.23 0 0.35000000000000003 2.458263999958359
0.23 0 0.36 2.130374034333382
0.23 0 0.37 1.8452280745317489
0.23 0 0.38 1.5804082154934291
0.23 0 0.39 2.210742489646583
0.23 0 0.4 3.6075035175157777
0.23 0 0.41000000000000003 2.9263237616690785
0.23 0 0.42 2.055436881885536
0.23 0 0.43 1.5670384539633133
0.23 0 0.44 1.088847508031268
0.23 0 0.45 1.104020471693901
0.23 0 0.46 1.2943261560318626
0.23 0 0.47000000000000003 1.516485766031186
0.23 0 0.48 2.01869797067301
0.23 0 0.49 2.219064921690187
0.23 0 0.5 2.5664609244056016
0.24 0 0.0 0.11497063813733922
0.24 0 0.01 0.1680358911001049
0.24 0 0.02 0.2320277769528287
0.24 0 0.03 0.2523061440387277
0.24 0 0.04 0.2534575169121254
0.24 0 0.05 0.3472842327757984
0.24 0 0.06 0.4804754839471315
0.24 0 0.07 0.5001978803127298
0.24 0 0.08 0.8358998805481013
0.24 0 0.09 1.3789985450943125
0.24 0 0.1 1.1853666343199087
0.24 0 0.11 1.4915718758823393
0.24 0 0.12 2.523955500290664
0.24 0 0.13 3.0463521301614107
0.24 0 0.14 4.110590511124162
0.24 0 0.15 5.68213675805386
0.24 0 0.16 5.072213878560728
0.24 0 0.17 3.4638818492894954
0.24 0 0.18 3.4073376159238458
0.24 0 0.19 4.460706832042418
0.24 0 0.2 3.80406994580372
0.24 0 0.21 3.1754435582452083
0.24 0 0.22 2.731174992707317
0.24 0 0.23 1.3563174675096603
0.24 0 0.24 0.9695911066776576
0.24 0 0.25 1.3601535155242737
0.24 0 0.26 1.8764226302321796
0.24 0 0.27 2.8996166992413217
0.24 0 0.28 3.6516435195092156
0.24 0 0.29 2.6921954772510253
0.24 0 0.3 1.991163203313881
0.24 0 0.31 2.1929830784701796
0.24 0 0.32 3.59067947419006
0.24 0 0.33 5.735511603701016
0.24 0 0.34 7.860685312071085
0.24 0 0.35000000000000003 8.547221057261906
0.24 0 0.36 5.219272712958544
0.24 0 0.37 3.6504656237496094
0.24 0 0.38 3.6147762685155915
0.24 0 0.39 2.539886225539997
0.24 0 0.4 1.9741137926304384
0.24 0 0.41000000000000003 1.6674614685706386
0.24 0 0.42 0.9747173253912383
0.24 0 0.43 0.7518640156743497
0.24 0 0.44 0.9423301566625679
0.24 0 0.45 1.3892028435970138
0.24 0 0.46 1.8839719352438025
0.24 0 0.47000000000000003 2.0304385997542003
0.24 0 0.48 2.079944995071624
0.24 0 0.49 1.8413793166472332
0.24 0 0.5 1.7948456150271672
0.25 0 0.0 0.06733641391798517
0.25 0 0.01 0.09827530490325409
0.25 0 0.02 0.09758533051594348
0.25 0 0.03 0.09170752918549857
0.25 0 0.04 0.11017720337806892
0.25 0 0.05 0.10920615267117603
0.25 0 0.06 0.14076468639781026
0.25 0 0.07 0.19995229545647364
0.25 0 0.08 0.15360684662097648
0.25 0 0.09 0.11229901315176283
0.25 0 0.1 0.0999883664043248
0.25 0 0.11 0.08765320401540709
0.25 0 0.12 0.09943779629692705
0.25 0 0.13 0.16234987236316942
0.25 0 0.14 0.2422493302633182
0.25 0 0.15 0.1794583203321691
0.25 0 0.16 0.11412838327657567
0.25 0 0.17 0.1048828849818512
0.25 0 0.18 0.08328586712602523
0.25 0 0.19 0.11363067620308567
0.25 0 0.2 0.3243706069256753
0.25 0 0.21 0.45331027652332895
0.25 0 0.22 0.36727965455374606
0.25 0 0.23 0.36382099673374396
0.25 0 0.24 0.3171814439642529
0.25 0 0.25 0.2768843550395368
0.25 0 0.26 0.35436977858728147
0.25 0 0.27 0.5573245530945147
0.25 0 0.28 0.5988678891174521
0.25 0 0.29 0.533545142354673
0.25 0 0.3 0.7889488792850994
0.25 0 0.31 1.1197403835104764
0.25 0 0.32 1.3205782897893628
0.25 0 0.33 1.9393785388366276
0.25 0 0.34 1.6660290979787429
0.25 0 0.35000000000000003 0.9389396501320072
0.25 0 0.36 0.7589369999978351
0.25 0 0.37 0.7729927540194595
0.25 0 0.38 0.9902932409276075
0.25 0 0.39 1.172337245663396
0.25 0 0.4 0.856935257011293
0.25 0 0.41000000000000003 0.4961376000910923
0.25 0 0.42 0.2788877546255238
0.25 0 0.43 0.2181901623888202
0.25 0 0.44 0.252223547915013
0.25 0 0.45 0.33196575469101797
0.25 0 0.46 0.4346531733829926
0.25 0 0.47000000000000003 0.33838499865484933
0.25 0 0.48 0.21394240309375692
0.25 0 0.49 0.19637046039161035
0.25 0 0.5 0.17910086320552324
0.26 0 0.0 0.03867168420362602
0.26 0 0.01 0.033568016944347516
0.26 0 0.02 0.04194095622091155
0.26 0 0.03 0.03816803603274555
0.26 0 0.04 0.028692717805808888
0.26 0 0.05 0.03200868458602973
0.26 0 0.06 0.04266172065331235
0.26 0 0.07 0.05298646119167581
0.26 0 0.08 0.06021273923582709
0.26 0 0.09 0.07184450383155631
0.26 0 0.1 0.06945104969101432
0.26 0 0.11 0.06178122953700364
0.26 0 0.12 0.09599044024522467
0.26 0 0.13 0.13671526874483855
0.26 0 0.14 0.13971875134650336
0.26 0 0.15 0.1880799036139373
0.26 0 0.16 0.19234486893565983
0.26 0 0.17 0.16262129221553645
0.26 0 0.18 0.20548843372800943
0.26 0 0.19 0.21844765014737139
0.26 0 0.2 0.16687270616404976
0.26 0 0.21 0.12434046954112077
0.26 0 0.22 0.09212588404892529
0.26 0 0.23 0.07506408817063999
0.26 0 0.24 0.09409445649505453
0.26 0 0.25 0.22722893012745082
0.26 0 0.26 0.4152566219324927
0.26 0 0.27 0.35611916102173885
0.26 0 0.28 0.31868913160907636
0.26 0 0.29 0.23060102482832828
0.26 0 0.3 0.15446436560886984
0.26 0 0.31 0.25247303918894975
0.26 0 0.32 0.4801926074784953
0.26 0 0.33 0.5185417960909554
0.26 0 0.34 0.4378681339520364
0.26 0 0.35000000000000003 0.28880000826210916
0.26 0 0.36 0.15878982280932666
0.26 0 0.37 0.09877727160060103
0.26 0 0.38 0.10013882448650284
0.26 0 0.39 0.11847544976656611
0.26 0 0.4 0.08736477361379602
0.26 0 0.41000000000000003 0.0689086198094165
0.26 0 0.42 0.06861857318637649
0.26 0 0.43 0.06596777902261104
0.26 0 0.44 0.09156515461813101
0.26 0 0.45 0.12678400986390276
0.26 0 0.46 0.13134590904871796
0.26 0 0.47000000000000003 0.13987241896140118
0.26 0 0.48 0.13046927882456044
0.26 0 0.49 0.14965548095755482
0.26 0 0.5 0.23780429199583358
0.27 0 0.0 0.06365243978660086
0.27 0 0.01 0.058056857329930225
0.27 0 0.02 0.04327644485455461
0.27 0 0.03 0.042120303244150975
0.27 0 0.04 0.058012092240800874
0.27 0 0.05 0.07847196457766567
0.27 0 0.06 0.08916274715415581
0.27 0 0.07 0.13409716766311983
0.27 0 0.08 0.15042057442742113
0.27 0 0.09 0.08873777000446892
0.27 0 0.1 0.0862932520923174
0.27 0 0.11 0.10651710190477531
0.27 0 0.12 0.09448276971215808
0.27 0 0.13 0.12306362332574093
0.27 0 0.14 0.1576545960783176
0.27 0 0.15 0.10521946714703609
0.27 0 0.16 0.06475541035182071
0.27 0 0.17 0.062463486363992404
0.27 0 0.18 0.07742576378159458
0.27 0 0.19 0.08122809599722902
0.27 0 0.2 0.09502015526239235
0.27 0 0.21 0.1038493611170383
0.27 0 0.22 0.06197716872887157
0.27 0 0.23 0.05004261297076552
0.27 0 0.24 0.06984411988137254
0.27 0 0.25 0.08672755915254893
0.27 0 0.26 0.13794656444362616
0.27 0 0.27 0.21088557378717285
0.27 0 0.28 0.1913691213677789
0.27 0 0.29 0.18063002977148265
0.27 0 0.3 0.20196851702963958
0.27 0 0.31 0.22677075426201346
0.27 0 0.32 0.21885415040734962
0.27 0 0.33 0.15887240886656076
0.27 0 0.34 0.09708473353845515
0.27 0 0.35000000000000003 0.05557788985748941
0.27 0 0.36 0.05539381954597638
0.27 0 0.37 0.094547669991277
0.27 0 0.38 0.12519696956657012
0.27 0 0.39 0.16413523379415496
0.27 0 0.4 0.17811818379200448
0.27 0 0.41000000000000003 0.10902542429387757
0.27 0 0.42 0.09515082493957473
0.27 0 0.43 0.14134820645009105
0.27 0 0.44 0.23339278326422777
0.27 0 0.45 0.42808957137615017
0.27 0 0.46 0.6428715142448826
0.27 0 0.47000000000000003 0.763906486139289
0.27 0 0.48 0.8631467817428162
0.27 0 0.49 1.197553200581892
0.27 0 0.5 2.3002472384173087
0.28 0 0.0 0.2732350635096253
0.28 0 0.01 0.2476110224455913
0.28 0 0.02 0.2126095353915916
0.28 0 0.03 0.20060359024832766
0.28 0 0.04 0.14074508969955635
0.28 0 0.05 0.12820251334715654
0.28 0 0.06 0.1425480330363956
0.28 0 0.07 0.09481585704617378
0.28 0 0.08 0.06745664386448455
0.28 0 0.09 0.05409568435901677
0.28 0 0.1 0.034005947022254554
0.28 0 0.11 0.029454266726862074
0.28 0 0.12 0.03744808332806484
0.28 0 0.13 0.042222056754732076
0.28 0 0.14 0.03526335067831408
0.28 0 0.15 0.03194178552742925
0.28 0 0.16 0.0338926913676926
0.28 0 0.17 0.027207041426514332
0.28 0 0.18 0.032958558825694095
0.28 0 0.19 0.06424812662101312
0.28 0 0.2 0.05727378900508039
0.28 0 0.21 0.04134094657311677
0.28 0 0.22 0.049951332984487944
0.28 0 0.23 0.05487669598593956
0.28 0 0.24 0.07267847091569109
0.28 0 0.25 0.1433676613405337
0.28 0 0.26 0.21202386492919661
0.28 0 0.27 0.17043020265044198
0.28 0 0.28 0.11820019330081291
0.28 0 0.29 0.122641794567362
0.28 0 0.3 0.13196177147638838
0.28 0 0.31 0.1451396791875124
0.28 0 0.32 0.2153939156723306
0.28 0 0.33 0.18111388343607823
0.28 0 0.34 0.09360593462758766
0.28 0 0.35000000000000003 0.06868628809633828
0.28 0 0.36 0.0608581638133539
0.28 0 0.37 0.07332412484726084
0.28 0 0.38 0.10333197766481088
0.28 0 0.39 0.1009491742495753
0.28 0 0.4 0.09047200911408723
0.28 0 0.41000000000000003 0.08553005340660878
0.28 0 0.42 0.09958541251919681
0.28 0 0.43 0.1684062640127787
0.28 0 0.44 0.28433745005482297
0.28 0 0.45 0.3836153077781425
0.28 0 0.46 0.3398907080487631
0.28 0 0.47000000000000003 0.26344063889829633
0.28 0 0.48 0.2718548716134151
0.28 0 0.49 0.28056673993803505
0.28 0 0.5 0.40112520957845443
0.29 0 0.0 0.017696760548929442
0.29 0 0.01 0.020527710722330398
0.29 0 0.02 0.01753504610377901
0.29 0 0.03 0.0132979118417148
0.29 0 0.04 0.016060839008907462
0.29 0 0.05 0.018194406920110585
0.29 0 0.06 0.01937938263625997
0.29 0 0.07 0.025236359012305948
0.29 0 0.08 0.03404397048568451
0.29 0 0.09 0.0375321183916792
0.29 0 0.1 0.041299496367654454
0.29 0 0.11 0.0678210546537054
0.29 0 0.12 0.08899090314744416
0.29 0 0.13 0.07969448859126439
0.29 0 0.14 0.0898033343230862
0.29 0 0.15 0.07797309409348299
0.29 0 0.16 0.06352859487740806
0.29 0 0.17 0.09056330000695231
0.29 0 0.18 0.10381054070696027
0.29 0 0.19 0.08288605122138373
0.29 0 0.2 0.06362972935958593
0.29 0 0.21 0.03570460193270939
0.29 0 0.22 0.01931446180980998
0.29 0 0.23 0.017395358395147092
0.29 0 0.24 0.027731871966450588
0.29 0 0.25 0.04064386289350377
0.29 0 0.26 0.03991064267849552
0.29 0 0.27 0.04014157476172846
0.29 0 0.28 0.028030618356404254
0.29 0 0.29 0.01671139579563891
0.29 0 0.3 0.020877521960529992
0.29 0 0.31 0.024354847348780694
0.29 0 0.32 0.017968451306697435
0.29 0 0.33 0.01667510500522485
0.29 0 0.34 0.015918291576105158
0.29 0 0.35000000000000003 0.01601315017353881
0.29 0 0.36 0.024766952301331812
0.29 0 0.37 0.053274201603126126
0.29 0 0.38 0.10062469201466258
0.29 0 0.39 0.10917881327961694
0.29 0 0.4 0.10432582515457851
0.29 0 0.41000000000000003 0.10529107971706128
0.29 0 0.42 0.09558028732409925
0.29 0 0.43 0.12125476925241584
0.29 0 0.44 0.15196706998795334
0.29 0 0.45 0.13423010812057923
0.29 0 0.46 0.13022170575762354
0.29 0 0.47000000000000003 0.12958705414443383
0.29 0 0.48 0.1764740009667403
0.29 0 0.49 0.3541047148122724
0.29 0 0.5 0.5263514144276323
0.3 0 0.0 0.21441656580279667
0.3 0 0.01 0.1533206234022136
0.3 0 0.02 0.16824568644209167
0.3 0 0.03 0.21658888668036935
0.3 0 0.04 0.25664233902627354
0.3 0 0.05 0.31271477010361026
0.3 0 0.06 0.4450978405975283
0.3 0 0.07 0.40953779744520774
0.3 0 0.08 0.21781034404868965
0.3 0 0.09 0.17732436143818683
0.3 0 0.1 0.14647283714063747
0.3 0 0.11 0.08825945745233733
0.3 0 0.12 0.0990792881456543
0.3 0 0.13 0.10592833911903261
0.3 0 0.14 0.051273846560225766
0.3 0 0.15 0.025009106689449438
0.3 0 0.16 0.015966841352378875
0.3 0 0.17 0.010835256233557468
0.3 0 0.18 0.008731665917234128
0.3 0 0.19 0.010487020539052988
0.3 0 0.2 0.013423408368131438
0.3 0 0.21 0.011595951546530207
0.3 0 0.22 0.013128757864319518
0.3 0 0.23 0.01904356976705684
0.3 0 0.24 0.018181028634848523
0.3 0 0.25 0.020306393852378434
0.3 0 0.26 0.024219179668522113
0.3 0 0.27 0.020971539896538223
0.3 0 0.28 0.026695076874064822
0.3 0 0.29 0.04851357738499867
0.3 0 0.3 0.0891979938451653
0.3 0 0.31 0.15330901782911135
0.3 0 0.32 0.16865296980390865
0.3 0 0.33 0.12486757901877202
0.3 0 0.34 0.08772488025116405
0.3 0 0.35000000000000003 0.09257357046601325
0.3 0 0.36 0.1469977552373765
0.3 0 0.37 0.19957919944563757
0.3 0 0.38 0.2683595239669055
0.3 0 0.39 0.28749183238165715
0.3 0 0.4 0.18244098656633223
0.3 0 0.41000000000000003 0.1690615046955653
0.3 0 0.42 0.22379759280817083
0.3 0 0.43 0.26266055481742534
0.3 0 0.44 0.35204575639545743
0.3 0 0.45 0.3590709203899692
0.3 0 0.46 0.2404039941566351
0.3 0 0.47000000000000003 0.16908060108425707
0.3 0 0.48 0.15266157850777656
0.3 0 0.49 0.1913823093415901
0.3 0 0.5 0.23749058978896584
#STOP
