#MEDIUM_PROPERTIES_DISTRIBUTED
$MSH_TYPE
	 GROUNDWATER_FLOW	
$MMP_TYPE
	 PERMEABILITY	
$DIS_TYPE
	 NEAREST_VALUE	
;hj
$CONVERSION_FACTOR
2e-8;2e-6;2e-13
$DATA
0.0 0 0.0 0.012635144871241469
0.0 0 0.01 0.02376032664621456
0.0 0 0.02 0.021521731582002664
0.0 0 0.03 0.04681443243796346
0.0 0 0.04 0.03626121105131922
0.0 0 0.05 0.027753769259912776
0.0 0 0.06 0.014769137525277993
0.0 0 0.07 0.00455099236165253
0.0 0 0.08 0.005215495841537284
0.0 0 0.09 0.0038873461512203256
0.0 0 0.1 0.010900514459752098
0.0 0 0.11 0.0017866096216634208
0.0 0 0.12 0.011231892332918275
0.0 0 0.13 0.0020669918902014943
0.0 0 0.14 0.0004460090308906407
0.0 0 0.15 0.0018974923539680272
0.0 0 0.16 0.00020774935741493212
0.0 0 0.17 0.0006750477907745025
0.0 0 0.18 0.015260418834296498
0.0 0 0.19 0.0033820129574585237
0.0 0 0.2 0.004885948913848841
0.0 0 0.21 0.0018613910479639449
0.0 0 0.22 0.006434568925026585
0.0 0 0.23 0.06875549686605148
0.0 0 0.24 0.016662694304479597
0.0 0 0.25 0.02752039688302816
0.0 0 0.26 0.00424185316493745
0.0 0 0.27 0.0011141205497572277
0.0 0 0.28 0.0004616553588479653
0.0 0 0.29 0.00021137647018599378
0.0 0 0.3 0.0001796577439639838
0.0 0 0.31 0.00036529351025083766
0.0 0 0.32 0.0020537510163588864
0.0 0 0.33 0.010022979293771812
0.0 0 0.34 0.08175720974831183
0.0 0 0.35000000000000003 0.9954874385231144
0.0 0 0.36 0.6962413601574238
0.0 0 0.37 0.2665889181009157
0.0 0 0.38 1.1006058905723703
0.0 0 0.39 0.2750159792798562
0.0 0 0.4 0.22476940337456697
0.0 0 0.41000000000000003 0.31408132786315834
0.0 0 0.42 0.8373889070088752
0.0 0 0.43 8.19023242469651
0.0 0 0.44 123.34628180167755
0.0 0 0.45 5.152355849673465
0.0 0 0.46 11.33419775338765
0.0 0 0.47000000000000003 5.3372184817285095
0.0 0 0.48 7.090043710566509
0.0 0 0.49 17.36146020470086
0.0 0 0.5 2.388621756595934
0.01 0 0.0 0.0009765325041178488
0.01 0 0.01 0.004871164012370407
0.01 0 0.02 0.0007919561775381593
0.01 0 0.03 0.003864125376070278
0.01 0 0.04 0.002168229033196947
0.01 0 0.05 0.003266199500674427
0.01 0 0.06 0.0004835721529022975
0.01 0 0.07 0.0004146149989447751
0.01 0 0.08 0.003906293182045715
0.01 0 0.09 0.0030355662183776605
0.01 0 0.1 0.0003126659725390947
0.01 0 0.11 0.0017176704162262832
0.01 0 0.12 0.0007606688009303755
0.01 0 0.13 0.002033672384369987
0.01 0 0.14 0.005619612156766793
0.01 0 0.15 0.003516686089382756
0.01 0 0.16 0.00580190708167924
0.01 0 0.17 0.00802531264012837
0.01 0 0.18 0.007045642186471877
0.01 0 0.19 0.002792833211453611
0.01 0 0.2 0.012526915525257922
0.01 0 0.21 0.0787390506182589
0.01 0 0.22 0.19609932657975307
0.01 0 0.23 0.047820420208143484
0.01 0 0.24 0.1726489553863607
0.01 0 0.25 1.2182875673138371
0.01 0 0.26 0.42612528477896117
0.01 0 0.27 0.06790413834210883
0.01 0 0.28 0.007881068211725042
0.01 0 0.29 0.0046872341012734985
0.01 0 0.3 0.0018366636709645826
0.01 0 0.31 0.006678703489712121
0.01 0 0.32 0.021233476082183875
0.01 0 0.33 0.0016036400326414795
0.01 0 0.34 0.09032293166659347
0.01 0 0.35000000000000003 0.24117723907712643
0.01 0 0.36 0.038067664912159155
0.01 0 0.37 1.4061306205262558
0.01 0 0.38 0.09390602969253903
0.01 0 0.39 0.15254928046340827
0.01 0 0.4 0.11989177502231736
0.01 0 0.41000000000000003 0.02209579604308831
0.01 0 0.42 0.735292341797537
0.01 0 0.43 0.13232070437983312
0.01 0 0.44 2.944650177184371
0.01 0 0.45 7.004632799466609
0.01 0 0.46 1.0442627972728549
0.01 0 0.47000000000000003 1.5552448910567798
0.01 0 0.48 1.914887699239246
0.01 0 0.49 1.2998406910160727
0.01 0 0.5 2.5276890897691513
0.02 0 0.0 0.002747624793205297
0.02 0 0.01 0.006949730133223474
0.02 0 0.02 0.0017767392224436961
0.02 0 0.03 0.004336771807952495
0.02 0 0.04 0.017267256538514904
0.02 0 0.05 0.007115980103494812
0.02 0 0.06 0.002566490971309068
0.02 0 0.07 0.0009459097703399151
0.02 0 0.08 0.00040534799920403735
0.02 0 0.09 0.002423289022021257
0.02 0 0.1 7.929603263714207e-05
0.02 0 0.11 0.002155362695317337
0.02 0 0.12 0.0005136146262682853
0.02 0 0.13 0.00037724753195278894
0.02 0 0.14 0.0013320601128021647
0.02 0 0.15 0.00021196873151276764
0.02 0 0.16 0.001154518891140541
0.02 0 0.17 0.037497904319562986
0.02 0 0.18 0.053689158074255124
0.02 0 0.19 0.08916134009096299
0.02 0 0.2 0.030192047025259516
0.02 0 0.21 0.06694224534014763
0.02 0 0.22 0.0318304724051625
0.02 0 0.23 0.07192607003521989
0.02 0 0.24 0.5497952509937002
0.02 0 0.25 0.8238497119388665
0.02 0 0.26 2.232162172618137
0.02 0 0.27 0.4775084258675563
0.02 0 0.28 0.17528822942106387
0.02 0 0.29 0.029817242084473367
0.02 0 0.3 0.04016838816729447
0.02 0 0.31 0.03273164377925615
0.02 0 0.32 0.015680007185273744
0.02 0 0.33 0.0058870422133984095
0.02 0 0.34 0.03717524282978136
0.02 0 0.35000000000000003 0.03480123761801862
0.02 0 0.36 0.027576894916896875
0.02 0 0.37 0.24985089069479735
0.02 0 0.38 0.22676322937754473
0.02 0 0.39 0.07975461861364361
0.02 0 0.4 0.4729120167206694
0.02 0 0.41000000000000003 0.09231016745118849
0.02 0 0.42 0.09441990207439714
0.02 0 0.43 0.03323787541043072
0.02 0 0.44 0.1255260252105019
0.02 0 0.45 0.8730942824608766
0.02 0 0.46 1.241068099482716
0.02 0 0.47000000000000003 6.306721111500558
0.02 0 0.48 5.190559874706238
0.02 0 0.49 2.528978892114696
0.02 0 0.5 7.5267224321752595
0.03 0 0.0 6.172086707483855e-05
0.03 0 0.01 0.0005179951589707346
0.03 0 0.02 0.007634286642938828
0.03 0 0.03 0.010348979352742583
0.03 0 0.04 0.21721851921993687
0.03 0 0.05 0.027156488902082523
0.03 0 0.06 0.0017741344132312677
0.03 0 0.07 0.0048198763243323135
0.03 0 0.08 0.000806198912926526
0.03 0 0.09 0.0003144452748446428
0.03 0 0.1 0.00037555185646756257
0.03 0 0.11 0.000484582326910137
0.03 0 0.12 0.0007930685129564342
0.03 0 0.13 0.0005515969618876076
0.03 0 0.14 0.00023977483354034536
0.03 0 0.15 0.0010081105728377583
0.03 0 0.16 0.0006128582867558381
0.03 0 0.17 0.0005418075916097007
0.03 0 0.18 0.0026419264099451067
0.03 0 0.19 0.005612209384952386
0.03 0 0.2 0.021349105913325683
0.03 0 0.21 0.3091471424241968
0.03 0 0.22 0.015027597668191596
0.03 0 0.23 0.038006221153917476
0.03 0 0.24 0.04935723481047661
0.03 0 0.25 0.02744364411147928
0.03 0 0.26 0.026000038653133318
0.03 0 0.27 0.017346795549711604
0.03 0 0.28 0.039210381340478044
0.03 0 0.29 0.026686662643709416
0.03 0 0.3 0.020933416917796335
0.03 0 0.31 0.010822165861363366
0.03 0 0.32 0.0032966164970430144
0.03 0 0.33 0.014973872984481197
0.03 0 0.34 0.003387451284996105
0.03 0 0.35000000000000003 0.0062332845576895165
0.03 0 0.36 0.05345053773627874
0.03 0 0.37 0.020061589631015952
0.03 0 0.38 0.07934284114251018
0.03 0 0.39 0.003742667614570465
0.03 0 0.4 0.014312480208257443
0.03 0 0.41000000000000003 0.0619522976105938
0.03 0 0.42 0.05223240508517535
0.03 0 0.43 0.10433178512663098
0.03 0 0.44 0.06312831353214657
0.03 0 0.45 0.31991326841024287
0.03 0 0.46 2.7887351379157526
0.03 0 0.47000000000000003 3.1861016708858507
0.03 0 0.48 15.820867358065113
0.03 0 0.49 4.1523222127149
0.03 0 0.5 23.630069090663024
0.04 0 0.0 0.002808872318829053
0.04 0 0.01 0.011620274914567312
0.04 0 0.02 0.04655073586592007
0.04 0 0.03 0.03464754594628453
0.04 0 0.04 0.1472520204521069
0.04 0 0.05 0.027566160684210184
0.04 0 0.06 0.003424858459309333
0.04 0 0.07 0.0010424389151756333
0.04 0 0.08 2.0471747463395826e-05
0.04 0 0.09 6.7925508844889406e-06
0.04 0 0.1 2.9064974428681697e-05
0.04 0 0.11 5.2195362736945255e-05
0.04 0 0.12 0.00037062694071630275
0.04 0 0.13 0.0018739814275261237
0.04 0 0.14 0.006147291254236197
0.04 0 0.15 0.006057543739582294
0.04 0 0.16 0.0006720630213838501
0.04 0 0.17 0.00043501428768395604
0.04 0 0.18 0.005115496784666199
0.04 0 0.19 0.003907425263632482
0.04 0 0.2 0.013552924847431301
0.04 0 0.21 0.007028045389151477
0.04 0 0.22 0.0003436401269696341
0.04 0 0.23 0.0014549308120141056
0.04 0 0.24 0.0014998732157730252
0.04 0 0.25 0.003258421943586974
0.04 0 0.26 0.0014623242017858364
0.04 0 0.27 0.0028835829773991685
0.04 0 0.28 0.003428830198052282
0.04 0 0.29 0.0014837192509686242
0.04 0 0.3 0.005858009158793437
0.04 0 0.31 0.028576163853740823
0.04 0 0.32 0.022261481375442295
0.04 0 0.33 0.25279942220976365
0.04 0 0.34 0.06308667417563243
0.04 0 0.35000000000000003 0.4288218953794337
0.04 0 0.36 0.03296681644796019
0.04 0 0.37 0.04800860027240057
0.04 0 0.38 0.09540516903724859
0.04 0 0.39 0.005356203444609996
0.04 0 0.4 0.02249242165440575
0.04 0 0.41000000000000003 0.04149506619272251
0.04 0 0.42 0.006468975937377272
0.04 0 0.43 0.08346261148914855
0.04 0 0.44 0.01572682492415887
0.04 0 0.45 0.02440714674210743
0.04 0 0.46 0.2501231652027472
0.04 0 0.47000000000000003 0.6608407940416205
0.04 0 0.48 9.949439489278776
0.04 0 0.49 4.137523464933516
0.04 0 0.5 0.8042992821992684
0.05 0 0.0 0.13309391192325157
0.05 0 0.01 0.07993572285043402
0.05 0 0.02 0.08928240361115684
0.05 0 0.03 0.23477007653339926
0.05 0 0.04 0.07454991337400327
0.05 0 0.05 0.12491249100895827
0.05 0 0.06 0.022422799230377956
0.05 0 0.07 0.0027324985007311604
0.05 0 0.08 0.0002880141220748833
0.05 0 0.09 0.00016096559327274034
0.05 0 0.1 6.449590778339884e-05
0.05 0 0.11 0.0003320459266492517
0.05 0 0.12 0.0006491352594207074
0.05 0 0.13 0.0009063599270739505
0.05 0 0.14 0.0016543849764304823
0.05 0 0.15 0.0020505281873751673
0.05 0 0.16 0.0034100539449885173
0.05 0 0.17 0.00964183358534719
0.05 0 0.18 0.008016523727550946
0.05 0 0.19 0.0021671182398487546
0.05 0 0.2 0.00042189954791993874
0.05 0 0.21 0.00023622194274681722
0.05 0 0.22 1.994349444358285e-05
0.05 0 0.23 0.0001034312666473581
0.05 0 0.24 0.0004596479652156323
0.05 0 0.25 0.00011763537649152862
0.05 0 0.26 0.0005937386075570635
0.05 0 0.27 0.0006606005734008766
0.05 0 0.28 0.0035180431856527503
0.05 0 0.29 0.07936727340033722
0.05 0 0.3 0.03309137727235345
0.05 0 0.31 0.08671832943430602
0.05 0 0.32 0.05503863908908536
0.05 0 0.33 0.20354343306527098
0.05 0 0.34 1.2684539716984007
0.05 0 0.35000000000000003 1.7761737516580531
0.05 0 0.36 0.23281620461983576
0.05 0 0.37 5.41330085364997
0.05 0 0.38 0.8197651461027291
0.05 0 0.39 0.7925426252861362
0.05 0 0.4 1.8883916205509392
0.05 0 0.41000000000000003 0.31290039462115055
0.05 0 0.42 0.02768137398223437
0.05 0 0.43 0.22240134424842123
0.05 0 0.44 0.060887354080270795
0.05 0 0.45 0.24847611416919485
0.05 0 0.46 0.12081739886151671
0.05 0 0.47000000000000003 1.2249875574452231
0.05 0 0.48 0.18815801544575372
0.05 0 0.49 0.5791145678167878
0.05 0 0.5 0.5964821229811866
0.06 0 0.0 0.10057370783146403
0.06 0 0.01 0.20955948799430113
0.06 0 0.02 0.08703273184523944
0.06 0 0.03 0.15623437269638588
0.06 0 0.04 0.38505947778609473
0.06 0 0.05 0.5771204784956054
0.06 0 0.06 0.8660353949790939
0.06 0 0.07 0.6978926587638213
0.06 0 0.08 0.36811121179824
0.06 0 0.09 0.025340200518157927
0.06 0 0.1 0.003761151463420136
0.06 0 0.11 0.003358986135601952
0.06 0 0.12 0.0023411649992771356
0.06 0 0.13 0.03861691193871313
0.06 0 0.14 0.401548642284179
0.06 0 0.15 0.07962391192369528
0.06 0 0.16 0.03983548505750916
0.06 0 0.17 0.32070357308834846
0.06 0 0.18 0.04471443111229871
0.06 0 0.19 0.24659473095690654
0.06 0 0.2 0.031161887468449282
0.06 0 0.21 0.010129130456170669
0.06 0 0.22 0.0009432567917090914
0.06 0 0.23 9.902119492715706e-05
0.06 0 0.24 0.0006763003718567405
0.06 0 0.25 0.0027110209435019725
0.06 0 0.26 0.015423668224692648
0.06 0 0.27 0.03655329073206085
0.06 0 0.28 0.017326793409549054
0.06 0 0.29 0.09625071397118772
0.06 0 0.3 0.097802155747462
0.06 0 0.31 0.10877199026446145
0.06 0 0.32 0.011233021101633467
0.06 0 0.33 0.023911467032229516
0.06 0 0.34 0.8515551247203369
0.06 0 0.35000000000000003 0.27098539351184436
0.06 0 0.36 0.5032067210769092
0.06 0 0.37 0.10455419667572485
0.06 0 0.38 0.014196203735985584
0.06 0 0.39 0.041373534792236634
0.06 0 0.4 0.01710515760940572
0.06 0 0.41000000000000003 0.06410872026043556
0.06 0 0.42 0.034146778593108315
0.06 0 0.43 0.03316994276641604
0.06 0 0.44 0.012870261717743156
0.06 0 0.45 0.02449349270005406
0.06 0 0.46 0.0927519032201744
0.06 0 0.47000000000000003 0.5653002897980953
0.06 0 0.48 0.0983621477357737
0.06 0 0.49 0.8764633825457491
0.06 0 0.5 2.2407236753479762
0.07 0 0.0 0.04367304337309348
0.07 0 0.01 0.004163222840218811
0.07 0 0.02 0.03592902684274584
0.07 0 0.03 0.04637179509546828
0.07 0 0.04 1.1611392707647974
0.07 0 0.05 0.2511379720309636
0.07 0 0.06 0.10974152278101193
0.07 0 0.07 0.4611055356825576
0.07 0 0.08 0.2732797465304802
0.07 0 0.09 0.023089152670040403
0.07 0 0.1 0.030128578763935012
0.07 0 0.11 0.004598969785639886
0.07 0 0.12 0.016518981794258484
0.07 0 0.13 0.034124023528736995
0.07 0 0.14 0.07660125709072005
0.07 0 0.15 0.020354459703915313
0.07 0 0.16 0.08848874348794071
0.07 0 0.17 0.14260922186791025
0.07 0 0.18 0.014066197100439923
0.07 0 0.19 0.02861929438450348
0.07 0 0.2 0.030011992900500207
0.07 0 0.21 0.004746286647224713
0.07 0 0.22 0.0009218479623197116
0.07 0 0.23 0.0005029747508054868
0.07 0 0.24 0.0005690437787291177
0.07 0 0.25 0.0014689439697729509
0.07 0 0.26 0.008960910632834362
0.07 0 0.27 0.021923836814271933
0.07 0 0.28 0.003690440333657143
0.07 0 0.29 0.0015391186881619284
0.07 0 0.3 0.0007066125374787644
0.07 0 0.31 0.004062359767558017
0.07 0 0.32 0.00942682230051141
0.07 0 0.33 0.030108322957526933
0.07 0 0.34 0.07575104104620789
0.07 0 0.35000000000000003 0.016364563346871933
0.07 0 0.36 0.1653264746629161
0.07 0 0.37 0.08757189259795367
0.07 0 0.38 0.024524439739596497
0.07 0 0.39 0.055691551577243016
0.07 0 0.4 0.21512917038743493
0.07 0 0.41000000000000003 0.15816667018389963
0.07 0 0.42 0.03118881975549534
0.07 0 0.43 0.004797648335926143
0.07 0 0.44 0.0069727861203385914
0.07 0 0.45 0.030818127803002186
0.07 0 0.46 0.3034940132581901
0.07 0 0.47000000000000003 0.39139566361892303
0.07 0 0.48 1.2597636370128926
0.07 0 0.49 0.42236926914355444
0.07 0 0.5 0.9761691378704542
0.08 0 0.0 0.005903704382517488
0.08 0 0.01 0.019828701953213998
0.08 0 0.02 0.049328792391322866
0.08 0 0.03 0.05414600520774206
0.08 0 0.04 0.3683017366252146
0.08 0 0.05 0.32156086862530825
0.08 0 0.06 0.38957860234941993
0.08 0 0.07 1.3055439253901042
0.08 0 0.08 0.9323061897665516
0.08 0 0.09 4.570914777393373
0.08 0 0.1 7.616543654313694
0.08 0 0.11 0.47179842966714275
0.08 0 0.12 5.796947354491886
0.08 0 0.13 0.3163982365866394
0.08 0 0.14 0.6588369533993127
0.08 0 0.15 0.040604068574491614
0.08 0 0.16 0.009389489918745123
0.08 0 0.17 0.009269092351883739
0.08 0 0.18 0.004703236904194681
0.08 0 0.19 0.002305936595409768
0.08 0 0.2 0.00686770681388213
0.08 0 0.21 0.0010029534720021143
0.08 0 0.22 0.002983975863510793
0.08 0 0.23 0.0008780048392794046
0.08 0 0.24 0.003467268799533614
0.08 0 0.25 0.0017283861089846364
0.08 0 0.26 0.003984514560319672
0.08 0 0.27 0.0033072371873989407
0.08 0 0.28 0.0007089519106928375
0.08 0 0.29 0.0006176993130903556
0.08 0 0.3 0.0007576263092977913
0.08 0 0.31 0.00024018111673968493
0.08 0 0.32 0.0011540721912979544
0.08 0 0.33 0.0043279151479657055
0.08 0 0.34 0.0013026647612731598
0.08 0 0.35000000000000003 0.0046235470158432854
0.08 0 0.36 0.009737829422779292
0.08 0 0.37 0.003838666561964752
0.08 0 0.38 0.00564200850170899
0.08 0 0.39 0.0008574504088276437
0.08 0 0.4 0.020804465746563548
0.08 0 0.41000000000000003 0.3698699369876432
0.08 0 0.42 0.27330146989571125
0.08 0 0.43 0.3428433735386708
0.08 0 0.44 0.007896398042483418
0.08 0 0.45 0.003958448982092671
0.08 0 0.46 0.07191036036964683
0.08 0 0.47000000000000003 0.048156227627835266
0.08 0 0.48 0.950154047409753
0.08 0 0.49 0.7789554659343795
0.08 0 0.5 10.498907179606741
0.09 0 0.0 9.791081395894578e-05
0.09 0 0.01 0.000390813092168252
0.09 0 0.02 0.0015377656351872788
0.09 0 0.03 0.09271261659676479
0.09 0 0.04 0.06533686764927271
0.09 0 0.05 0.24110336062377447
0.09 0 0.06 0.7982480249295942
0.09 0 0.07 1.0232602267117006
0.09 0 0.08 0.47204139796400374
0.09 0 0.09 0.046545662777757735
0.09 0 0.1 0.19457943479690326
0.09 0 0.11 0.03297961536013788
0.09 0 0.12 0.06796361733988725
0.09 0 0.13 0.2382607186701278
0.09 0 0.14 0.2524933848532485
0.09 0 0.15 0.6975722053310474
0.09 0 0.16 0.05374893289027961
0.09 0 0.17 0.008913551201397068
0.09 0 0.18 0.011091857010963513
0.09 0 0.19 0.0023526827665128337
0.09 0 0.2 0.10015955619200495
0.09 0 0.21 0.039835224009146526
0.09 0 0.22 0.03530820487908388
0.09 0 0.23 0.016847162734664013
0.09 0 0.24 0.00862493940957165
0.09 0 0.25 0.0004266168299465079
0.09 0 0.26 0.0017765992608271112
0.09 0 0.27 0.0014317946111030069
0.09 0 0.28 0.0009953393599364754
0.09 0 0.29 0.0006856696563127511
0.09 0 0.3 0.0007299542707341483
0.09 0 0.31 0.0006480988679622707
0.09 0 0.32 0.002989760643327259
0.09 0 0.33 0.0011179773175686645
0.09 0 0.34 0.0029333138415329955
0.09 0 0.35000000000000003 0.00034061183567955707
0.09 0 0.36 0.0005388929390334945
0.09 0 0.37 0.0008224310777472854
0.09 0 0.38 0.000704911305772054
0.09 0 0.39 0.007030008973209104
0.09 0 0.4 0.046077522883600855
0.09 0 0.41000000000000003 0.0697253205182306
0.09 0 0.42 0.04530473250951436
0.09 0 0.43 0.04283003181677938
0.09 0 0.44 0.00548993101270913
0.09 0 0.45 0.002625322707174158
0.09 0 0.46 0.011055193285761716
0.09 0 0.47000000000000003 0.015419948436243489
0.09 0 0.48 0.1980662235170908
0.09 0 0.49 1.3768817779877276
0.09 0 0.5 1.3606671004292306
0.1 0 0.0 2.6300962522023994e-05
0.1 0 0.01 0.00040059327272827186
0.1 0 0.02 0.0025724153956681517
0.1 0 0.03 0.5555629194318064
0.1 0 0.04 0.19198975741456745
0.1 0 0.05 0.35868055486227446
0.1 0 0.06 2.907234513918574
0.1 0 0.07 0.17689884691255628
0.1 0 0.08 0.2108473378398078
0.1 0 0.09 0.010187771161866288
0.1 0 0.1 0.002436870842063428
0.1 0 0.11 0.004845456632789887
0.1 0 0.12 0.007455197069140909
0.1 0 0.13 0.11413411024306858
0.1 0 0.14 0.014770484149921999
0.1 0 0.15 0.015076397694301724
0.1 0 0.16 0.023314090641494263
0.1 0 0.17 0.02693917562528578
0.1 0 0.18 0.024101758362806435
0.1 0 0.19 0.010048424907828514
0.1 0 0.2 0.04804464804310047
0.1 0 0.21 0.0047387923791078
0.1 0 0.22 0.001156186964817565
0.1 0 0.23 0.006259523033333044
0.1 0 0.24 0.0007147519323140786
0.1 0 0.25 0.001881153646630691
0.1 0 0.26 0.004777674417275392
0.1 0 0.27 0.0014197505759119874
0.1 0 0.28 0.008341832113647163
0.1 0 0.29 0.052612501075149
0.1 0 0.3 0.03772683479491784
0.1 0 0.31 0.006023369360404176
0.1 0 0.32 0.004921727177041909
0.1 0 0.33 0.0028782937861838147
0.1 0 0.34 0.011592603858284279
0.1 0 0.35000000000000003 0.0004215727668740322
0.1 0 0.36 0.0005261428265846414
0.1 0 0.37 0.002859954102334144
0.1 0 0.38 0.0032655364474969187
0.1 0 0.39 0.11218250372966337
0.1 0 0.4 0.4094322345981502
0.1 0 0.41000000000000003 0.05419802143946468
0.1 0 0.42 0.26632337566185865
0.1 0 0.43 0.32489137172897664
0.1 0 0.44 0.4852613768056718
0.1 0 0.45 0.23975125989865018
0.1 0 0.46 2.032842915849647
0.1 0 0.47000000000000003 0.45927879198552085
0.1 0 0.48 0.2168010087166551
0.1 0 0.49 4.328077104562216
0.1 0 0.5 0.3935969377148921
0.11 0 0.0 0.0004393986810236778
0.11 0 0.01 0.005693580214683825
0.11 0 0.02 0.060871209431357994
0.11 0 0.03 1.3636398771247384
0.11 0 0.04 0.6586376511213791
0.11 0 0.05 0.4363605510028142
0.11 0 0.06 0.36643238122190036
0.11 0 0.07 1.4045464703986028
0.11 0 0.08 0.8755190135131075
0.11 0 0.09 0.19751827948378542
0.11 0 0.1 0.03966275021243254
0.11 0 0.11 0.018712489026894038
0.11 0 0.12 0.034321388923340974
0.11 0 0.13 0.16308862884746692
0.11 0 0.14 0.024985170369502412
0.11 0 0.15 0.011849216700669808
0.11 0 0.16 0.014336609369179631
0.11 0 0.17 0.006027626279141015
0.11 0 0.18 0.00482676410788587
0.11 0 0.19 0.004920181321087905
0.11 0 0.2 0.00038074752626119843
0.11 0 0.21 0.00012113272377774971
0.11 0 0.22 0.00010856257810364875
0.11 0 0.23 0.00024224484643273992
0.11 0 0.24 0.0003963969174718189
0.11 0 0.25 0.0005081743753056618
0.11 0 0.26 9.373882828851563e-05
0.11 0 0.27 6.131011366461694e-05
0.11 0 0.28 9.928144826308803e-05
0.11 0 0.29 0.0022957449324055345
0.11 0 0.3 0.0005058498537708133
0.11 0 0.31 3.988161836487982e-05
0.11 0 0.32 6.3266146933748125e-06
0.11 0 0.33 2.1943513533947683e-06
0.11 0 0.34 1.3476991009764567e-05
0.11 0 0.35000000000000003 0.00010662598077693901
0.11 0 0.36 0.00010392422415313751
0.11 0 0.37 6.338343488023356e-05
0.11 0 0.38 6.49203807208895e-05
0.11 0 0.39 0.0037675948424483363
0.11 0 0.4 0.05466362283150845
0.11 0 0.41000000000000003 0.050297929919779646
0.11 0 0.42 0.1708419604796607
0.11 0 0.43 0.011102932416622937
0.11 0 0.44 0.01761283475805392
0.11 0 0.45 0.043402113289636196
0.11 0 0.46 0.2012739189209449
0.11 0 0.47000000000000003 0.1351011215930753
0.11 0 0.48 0.08353827147667486
0.11 0 0.49 0.04224741478291032
0.11 0 0.5 0.056152245833607436
0.12 0 0.0 0.005065171877236916
0.12 0 0.01 0.012249623647566703
0.12 0 0.02 0.005881911157580001
0.12 0 0.03 0.027614640493364376
0.12 0 0.04 0.17478201535244717
0.12 0 0.05 0.7482122095533371
0.12 0 0.06 1.183632098424591
0.12 0 0.07 13.042596964274306
0.12 0 0.08 1.7227835992395923
0.12 0 0.09 3.17722164566834
0.12 0 0.1 0.1258414387787572
0.12 0 0.11 0.018873151718502817
0.12 0 0.12 0.011441612513022309
0.12 0 0.13 0.05194891149902944
0.12 0 0.14 0.013653001278986767
0.12 0 0.15 0.003559662124822051
0.12 0 0.16 0.002701771709629152
0.12 0 0.17 0.0025758866356968024
0.12 0 0.18 0.000470570165282339
0.12 0 0.19 0.0056311362370098554
0.12 0 0.2 0.003573912030789835
0.12 0 0.21 0.000976306387702118
0.12 0 0.22 0.007579478627702681
0.12 0 0.23 0.001062307687085526
0.12 0 0.24 0.009534864225218662
0.12 0 0.25 0.03826056431986814
0.12 0 0.26 0.00720952320085102
0.12 0 0.27 0.06166193166870521
0.12 0 0.28 0.006644022088116907
0.12 0 0.29 0.006507606434258239
0.12 0 0.3 0.005660680179383809
0.12 0 0.31 5.9887877447245976e-05
0.12 0 0.32 6.052957355803912e-05
0.12 0 0.33 3.361032720098939e-05
0.12 0 0.34 2.1086848098900425e-05
0.12 0 0.35000000000000003 0.00015180658608094426
0.12 0 0.36 0.00014056434502466675
0.12 0 0.37 0.0014455220457604394
0.12 0 0.38 0.0057453753607846145
0.12 0 0.39 0.03389999892475301
0.12 0 0.4 0.10201544262067469
0.12 0 0.41000000000000003 0.08832388263239725
0.12 0 0.42 0.02377918771327086
0.12 0 0.43 0.005959077900198868
0.12 0 0.44 0.005432284363034231
0.12 0 0.45 0.0150016564624826
0.12 0 0.46 0.023516611231636605
0.12 0 0.47000000000000003 0.007395889329571014
0.12 0 0.48 0.02706016316034954
0.12 0 0.49 0.029670119323722214
0.12 0 0.5 0.5025082275677598
0.13 0 0.0 3.847390856631509
0.13 0 0.01 2.6832442830956924
0.13 0 0.02 4.634450314602961
0.13 0 0.03 0.8990176167528505
0.13 0 0.04 2.3335650994091908
0.13 0 0.05 18.91399692277118
0.13 0 0.06 41.86201383268398
0.13 0 0.07 42.082236860933094
0.13 0 0.08 6.120023500651624
0.13 0 0.09 5.000323606557503
0.13 0 0.1 0.2820936782735925
0.13 0 0.11 0.09528985276026651
0.13 0 0.12 0.016615054012221245
0.13 0 0.13 0.01944547420029134
0.13 0 0.14 0.0025285041105546063
0.13 0 0.15 0.010515643708923359
0.13 0 0.16 0.0034833587051111693
0.13 0 0.17 0.005586773446013701
0.13 0 0.18 0.014251357553393715
0.13 0 0.19 0.005485731542980855
0.13 0 0.2 0.0012983818408180239
0.13 0 0.21 0.00033928740880802765
0.13 0 0.22 0.001279886356811696
0.13 0 0.23 0.12452230039784906
0.13 0 0.24 0.03420833630478111
0.13 0 0.25 0.07747320490647638
0.13 0 0.26 0.11843325077840723
0.13 0 0.27 0.028873026445659443
0.13 0 0.28 0.1215709286835976
0.13 0 0.29 0.06159839744047777
0.13 0 0.3 0.02985088208135322
0.13 0 0.31 0.0023100344824034495
0.13 0 0.32 0.0026294871962697776
0.13 0 0.33 0.00047785143605904575
0.13 0 0.34 6.827948084107589e-05
0.13 0 0.35000000000000003 0.00018664035031520806
0.13 0 0.36 0.00039396102152383617
0.13 0 0.37 0.0005910398087680499
0.13 0 0.38 0.001955745133860833
0.13 0 0.39 0.013608009485919854
0.13 0 0.4 0.06651407297252256
0.13 0 0.41000000000000003 0.08083908619130398
0.13 0 0.42 0.22566945911899103
0.13 0 0.43 0.1197998426295286
0.13 0 0.44 0.03596793633483434
0.13 0 0.45 0.06497330947762435
0.13 0 0.46 0.20552294843695906
0.13 0 0.47000000000000003 0.2939814285718122
0.13 0 0.48 0.06839221729921063
0.13 0 0.49 0.7495283849345712
0.13 0 0.5 1.7921348737225868
0.14 0 0.0 0.6629781887915576
0.14 0 0.01 0.41448453744978
0.14 0 0.02 0.4339587601764796
0.14 0 0.03 0.5636565814966187
0.14 0 0.04 1.0476446576162572
0.14 0 0.05 4.493061153192198
0.14 0 0.06 109.05988937889249
0.14 0 0.07 13.523179841508323
0.14 0 0.08 8.929059875899666
0.14 0 0.09 0.40081714839090066
0.14 0 0.1 0.049927095700653505
0.14 0 0.11 0.05229618256802264
0.14 0 0.12 0.07492732669093324
0.14 0 0.13 0.17249349953229168
0.14 0 0.14 0.05186946987491787
0.14 0 0.15 0.053407492016501135
0.14 0 0.16 0.015566246332326165
0.14 0 0.17 0.0008451931202915527
0.14 0 0.18 0.000394386164468151
0.14 0 0.19 0.00013618822555733836
0.14 0 0.2 0.00041675763555924984
0.14 0 0.21 0.005492901142235311
0.14 0 0.22 0.001058651858344709
0.14 0 0.23 0.061577005196464925
0.14 0 0.24 0.02003133419941202
0.14 0 0.25 0.10747150515262795
0.14 0 0.26 0.1359755222993239
0.14 0 0.27 0.011949573094662883
0.14 0 0.28 0.09840273596497877
0.14 0 0.29 0.04291894101334305
0.14 0 0.3 0.0024516345492121157
0.14 0 0.31 0.002160730561874408
0.14 0 0.32 0.0011223185782514903
0.14 0 0.33 0.0038413766425363185
0.14 0 0.34 0.000645985000608893
0.14 0 0.35000000000000003 0.0010560517139587633
0.14 0 0.36 0.0014207954080149936
0.14 0 0.37 0.0006821441835692443
0.14 0 0.38 0.006999199932919623
0.14 0 0.39 0.003771655682381061
0.14 0 0.4 0.011560227365993572
0.14 0 0.41000000000000003 0.0586358530374132
0.14 0 0.42 0.2813348384941094
0.14 0 0.43 0.4755637667175465
0.14 0 0.44 0.36759401690623883
0.14 0 0.45 2.2416039380450083
0.14 0 0.46 0.42154655224676923
0.14 0 0.47000000000000003 0.028690607350474028
0.14 0 0.48 0.06626529315044943
0.14 0 0.49 0.7203859959654249
0.14 0 0.5 0.2581092747853708
0.15 0 0.0 0.014538918110578633
0.15 0 0.01 0.03340796570490381
0.15 0 0.02 0.2791581560096655
0.15 0 0.03 0.34186417986258094
0.15 0 0.04 0.21948227695278621
0.15 0 0.05 0.7766919627671173
0.15 0 0.06 29.35945885201322
0.15 0 0.07 2.2863758038639803
0.15 0 0.08 5.397273458994582
0.15 0 0.09 0.5276022707463297
0.15 0 0.1 0.08040890531463936
0.15 0 0.11 0.1639105587353294
0.15 0 0.12 0.26667547992964696
0.15 0 0.13 0.28568488961483474
0.15 0 0.14 0.09454529811907655
0.15 0 0.15 0.00970321930495471
0.15 0 0.16 0.025679222953028373
0.15 0 0.17 0.0019056781173647562
0.15 0 0.18 0.0020389344546266025
0.15 0 0.19 0.002098751794367835
0.15 0 0.2 0.0020978496427454378
0.15 0 0.21 0.028080724128880998
0.15 0 0.22 0.27913457919167667
0.15 0 0.23 1.4481086624096053
0.15 0 0.24 0.1913057803795846
0.15 0 0.25 0.3141258753615902
0.15 0 0.26 0.22424904596701944
0.15 0 0.27 0.09627811051001978
0.15 0 0.28 0.1089673695989487
0.15 0 0.29 0.05637324475949238
0.15 0 0.3 0.00400648331446784
0.15 0 0.31 0.028047673697723246
0.15 0 0.32 0.005529900333543009
0.15 0 0.33 0.019960821952413572
0.15 0 0.34 0.00978412200479029
0.15 0 0.35000000000000003 0.0019037717801181286
0.15 0 0.36 0.0010148864360770152
0.15 0 0.37 0.008865487207767671
0.15 0 0.38 0.008411191778021724
0.15 0 0.39 0.1114695353774182
0.15 0 0.4 0.031741480389110004
0.15 0 0.41000000000000003 0.004426609866794479
0.15 0 0.42 0.0044126132523613
0.15 0 0.43 0.0020292942357832532
0.15 0 0.44 0.0022709738718076217
0.15 0 0.45 0.06873930472398615
0.15 0 0.46 0.016869214840341373
0.15 0 0.47000000000000003 0.012222585764744748
0.15 0 0.48 0.028613263466144505
0.15 0 0.49 0.017113981596664295
0.15 0 0.5 0.08030308782998888
0.16 0 0.0 0.01365872901788511
0.16 0 0.01 0.07693468009367418
0.16 0 0.02 0.7561241603546801
0.16 0 0.03 0.1609004804908997
0.16 0 0.04 0.1315231561792975
0.16 0 0.05 0.010164255112232437
0.16 0 0.06 0.019099742910698582
0.16 0 0.07 0.11090735884399952
0.16 0 0.08 0.46762337602313986
0.16 0 0.09 1.1362744739819777
0.16 0 0.1 0.025388993890036463
0.16 0 0.11 0.11988129443755152
0.16 0 0.12 0.25395522549514116
0.16 0 0.13 0.020486004864936146
0.16 0 0.14 0.07308918870466945
0.16 0 0.15 0.010572638765481883
0.16 0 0.16 0.014344797413509759
0.16 0 0.17 0.0035569233111829766
0.16 0 0.18 0.002788214849373563
0.16 0 0.19 0.05479536580506512
0.16 0 0.2 0.03370391685834504
0.16 0 0.21 0.1727969553277371
0.16 0 0.22 1.217680442892158
0.16 0 0.23 0.067078651533228
0.16 0 0.24 0.09473142720304475
0.16 0 0.25 0.03465881728048461
0.16 0 0.26 0.005686730654369464
0.16 0 0.27 0.015300063165651327
0.16 0 0.28 0.04026834149302266
0.16 0 0.29 0.10019426373441828
0.16 0 0.3 0.03178106353060832
0.16 0 0.31 0.008617032423996623
0.16 0 0.32 0.007148161989952891
0.16 0 0.33 0.0019103587255306094
0.16 0 0.34 0.0017336376763607039
0.16 0 0.35000000000000003 0.04582077710800261
0.16 0 0.36 0.01767502595790197
0.16 0 0.37 0.041917849299427414
0.16 0 0.38 0.008048884350574227
0.16 0 0.39 0.04535373581893741
0.16 0 0.4 0.06826322276661376
0.16 0 0.41000000000000003 0.02320364481796476
0.16 0 0.42 0.009749879820951416
0.16 0 0.43 0.0045205014763084785
0.16 0 0.44 0.0021670944063160377
0.16 0 0.45 0.036748035706629094
0.16 0 0.46 0.007445889395328367
0.16 0 0.47000000000000003 0.017689219934741245
0.16 0 0.48 0.0318600210090162
0.16 0 0.49 0.37546963170582254
0.16 0 0.5 0.8216720997189907
0.17 0 0.0 0.5935058478554249
0.17 0 0.01 0.059482365592573784
0.17 0 0.02 0.2976673022063928
0.17 0 0.03 0.012016786666146953
0.17 0 0.04 0.12062227973132424
0.17 0 0.05 0.06216659471355231
0.17 0 0.06 0.0037973655582467076
0.17 0 0.07 0.0868774384785612
0.17 0 0.08 0.0068940586985430305
0.17 0 0.09 0.029694074372880654
0.17 0 0.1 0.1778766399995408
0.17 0 0.11 0.0064002441660291265
0.17 0 0.12 0.18686091758280082
0.17 0 0.13 0.08163051017969847
0.17 0 0.14 0.07552735024183277
0.17 0 0.15 0.22422262987841762
0.17 0 0.16 0.044362535109517445
0.17 0 0.17 0.09195595877800257
0.17 0 0.18 0.08508410532482596
0.17 0 0.19 0.05710060257545895
0.17 0 0.2 0.04643168738446126
0.17 0 0.21 0.15697291944251113
0.17 0 0.22 0.1099379566159955
0.17 0 0.23 0.020760451158295796
0.17 0 0.24 0.09305832654917706
0.17 0 0.25 0.062007797891919604
0.17 0 0.26 0.22133799341954916
0.17 0 0.27 0.34244938384068974
0.17 0 0.28 0.42622096910703877
0.17 0 0.29 0.4301319977636748
0.17 0 0.3 0.13401762134793485
0.17 0 0.31 0.039524902284288545
0.17 0 0.32 0.018480597583024803
0.17 0 0.33 0.005865045195553316
0.17 0 0.34 0.027296625078871636
0.17 0 0.35000000000000003 0.04584252818789373
0.17 0 0.36 0.01914164482178717
0.17 0 0.37 0.0054055870661587424
0.17 0 0.38 0.02621088033266577
0.17 0 0.39 0.01059275214458665
0.17 0 0.4 0.00819577550960959
0.17 0 0.41000000000000003 0.046352841701501044
0.17 0 0.42 0.09382862062685884
0.17 0 0.43 0.0844432960772841
0.17 0 0.44 0.10127292507324412
0.17 0 0.45 0.1402951142892068
0.17 0 0.46 0.06335736282304108
0.17 0 0.47000000000000003 1.0811406685428886
0.17 0 0.48 4.339812955957373
0.17 0 0.49 1.5031328645772517
0.17 0 0.5 0.17066793727994425
0.18 0 0.0 9.036350682534
0.18 0 0.01 2.7293039395258325
0.18 0 0.02 4.8458377361901785
0.18 0 0.03 0.5405760050454231
0.18 0 0.04 0.09917283386820853
0.18 0 0.05 0.2288111591308502
0.18 0 0.06 0.0464995395025374
0.18 0 0.07 0.026259992506556997
0.18 0 0.08 0.05959950089896169
0.18 0 0.09 0.01446014857018967
0.18 0 0.1 0.04009375293725468
0.18 0 0.11 0.007491393517875609
0.18 0 0.12 0.034192956257316234
0.18 0 0.13 0.00529220449178486
0.18 0 0.14 0.0028803951228489645
0.18 0 0.15 0.025573708908033614
0.18 0 0.16 0.13210094860245683
0.18 0 0.17 0.06364146026333162
0.18 0 0.18 0.062450945438924314
0.18 0 0.19 0.0096432143932455
0.18 0 0.2 0.014580005614948844
0.18 0 0.21 0.014925602407239048
0.18 0 0.22 0.08052483857354129
0.18 0 0.23 0.06562846114278931
0.18 0 0.24 0.03031991846806804
0.18 0 0.25 0.03090643282075712
0.18 0 0.26 0.04652124120704525
0.18 0 0.27 0.023984377285920604
0.18 0 0.28 0.15941687320961317
0.18 0 0.29 0.262700287470474
0.18 0 0.3 0.12869995543030818
0.18 0 0.31 0.07207610230708374
0.18 0 0.32 0.06576706786757423
0.18 0 0.33 0.04389530379374883
0.18 0 0.34 0.07168210010550079
0.18 0 0.35000000000000003 0.08186042834111035
0.18 0 0.36 0.0909805902106238
0.18 0 0.37 0.01652515013829501
0.18 0 0.38 0.0750511436788491
0.18 0 0.39 0.005574812951710115
0.18 0 0.4 0.013707186262631803
0.18 0 0.41000000000000003 0.01572787509532996
0.18 0 0.42 0.004622227235791811
0.18 0 0.43 0.041449836099297234
0.18 0 0.44 0.2744633913643874
0.18 0 0.45 0.7027927362000534
0.18 0 0.46 6.160048194520685
0.18 0 0.47000000000000003 0.15308201748970915
0.18 0 0.48 0.3976572864330094
0.18 0 0.49 0.031506570227897754
0.18 0 0.5 0.02532181391475252
0.19 0 0.0 0.2886001759982815
0.19 0 0.01 1.4552508823705204
0.19 0 0.02 0.1603481597659406
0.19 0 0.03 0.06309189398206166
0.19 0 0.04 0.02098191962813092
0.19 0 0.05 0.09646886844600984
0.19 0 0.06 0.07592322893150805
0.19 0 0.07 0.0329894482142667
0.19 0 0.08 0.23620682493676853
0.19 0 0.09 0.06128706871168308
0.19 0 0.1 0.025962468289125473
0.19 0 0.11 0.2668327805854736
0.19 0 0.12 0.03826911571306575
0.19 0 0.13 0.00430403735725717
0.19 0 0.14 0.011208520277461406
0.19 0 0.15 0.004451749745179046
0.19 0 0.16 0.017748045407642632
0.19 0 0.17 0.008509755339706604
0.19 0 0.18 0.12178021045046182
0.19 0 0.19 0.016701737814519252
0.19 0 0.2 0.027835144626398606
0.19 0 0.21 0.10224715825734276
0.19 0 0.22 0.18728316431954348
0.19 0 0.23 0.4815494138694233
0.19 0 0.24 3.1126979431833677
0.19 0 0.25 1.1191873154708867
0.19 0 0.26 1.154730165894411
0.19 0 0.27 0.09933603426545431
0.19 0 0.28 4.411419660267306
0.19 0 0.29 2.0232497609262543
0.19 0 0.3 0.43092702081054474
0.19 0 0.31 1.4026331981339852
0.19 0 0.32 1.7039015855266044
0.19 0 0.33 5.607230584938864
0.19 0 0.34 22.79779810981175
0.19 0 0.35000000000000003 8.018704174015914
0.19 0 0.36 1.088827459448682
0.19 0 0.37 0.07443883633400117
0.19 0 0.38 0.027975811926383317
0.19 0 0.39 0.0009563800608299098
0.19 0 0.4 0.0003431839577579474
0.19 0 0.41000000000000003 0.003920238468692073
0.19 0 0.42 0.030024170299376225
0.19 0 0.43 0.10007418457007852
0.19 0 0.44 0.17336366988378812
0.19 0 0.45 0.187257397102631
0.19 0 0.46 0.37516613336394616
0.19 0 0.47000000000000003 0.1122695317541944
0.19 0 0.48 0.7507134125566408
0.19 0 0.49 0.6158053904965901
0.19 0 0.5 0.5115429896803406
0.2 0 0.0 0.011125994683240754
0.2 0 0.01 0.02676198762033052
0.2 0 0.02 0.008474644094094914
0.2 0 0.03 0.020072690960735766
0.2 0 0.04 0.004461024440341206
0.2 0 0.05 0.017172361165324515
0.2 0 0.06 0.040015050475507186
0.2 0 0.07 0.05849553758071415
0.2 0 0.08 0.021371502920171693
0.2 0 0.09 0.0038684949811227947
0.2 0 0.1 0.002945857193211965
0.2 0 0.11 0.10624046897846032
0.2 0 0.12 0.015678928337307968
0.2 0 0.13 0.010136250551968378
0.2 0 0.14 0.009833372414439547
0.2 0 0.15 0.006417580727607061
0.2 0 0.16 0.06524979207529899
0.2 0 0.17 0.30035505840118293
0.2 0 0.18 0.11970087512081644
0.2 0 0.19 0.44476519219976873
0.2 0 0.2 0.12531897800310587
0.2 0 0.21 0.34330526080563434
0.2 0 0.22 2.647186961194397
0.2 0 0.23 2.768487731850368
0.2 0 0.24 54.475063347876066
0.2 0 0.25 1.201789772211168
0.2 0 0.26 0.3671245915451658
0.2 0 0.27 2.0871513367571435
0.2 0 0.28 4.701917685614344
0.2 0 0.29 0.7678882586496719
0.2 0 0.3 0.7156266065153629
0.2 0 0.31 1.8630465887607013
0.2 0 0.32 7.022897667799778
0.2 0 0.33 14.729684885053095
0.2 0 0.34 48.44493872244917
0.2 0 0.35000000000000003 3.5009960322856917
0.2 0 0.36 11.10030162273459
0.2 0 0.37 3.9392126960116647
0.2 0 0.38 0.2265111431877741
0.2 0 0.39 0.06895470229041999
0.2 0 0.4 0.014679178833326997
0.2 0 0.41000000000000003 0.023903011066721214
0.2 0 0.42 0.023749287867607646
0.2 0 0.43 0.01273048765467297
0.2 0 0.44 0.3554982258841545
0.2 0 0.45 4.292949414579021
0.2 0 0.46 0.5657374322681067
0.2 0 0.47000000000000003 2.6601232414590688
0.2 0 0.48 2.5274738464050928
0.2 0 0.49 0.7785733973359102
0.2 0 0.5 2.323998679573881
0.21 0 0.0 0.00968676090413576
0.21 0 0.01 0.011039969284453931
0.21 0 0.02 0.033405228287454264
0.21 0 0.03 0.006944974915756497
0.21 0 0.04 0.012376357480083316
0.21 0 0.05 0.038874187812822175
0.21 0 0.06 0.0022528857456184767
0.21 0 0.07 0.017682161166615005
0.21 0 0.08 0.055061259719209256
0.21 0 0.09 0.14921365670396802
0.21 0 0.1 0.5966164582177351
0.21 0 0.11 0.25257654072477964
0.21 0 0.12 0.23668307618474135
0.21 0 0.13 0.1503700402292767
0.21 0 0.14 0.010810528793189623
0.21 0 0.15 0.09091465581113008
0.21 0 0.16 0.012746340485929071
0.21 0 0.17 0.5922363799816945
0.21 0 0.18 1.0076010702382765
0.21 0 0.19 3.430507336870353
0.21 0 0.2 1.0214300709952147
0.21 0 0.21 0.5932229057027759
0.21 0 0.22 2.284578336933761
0.21 0 0.23 1.7441439246739767
0.21 0 0.24 1.0110330860146755
0.21 0 0.25 1.2668141944598483
0.21 0 0.26 0.022611514343494076
0.21 0 0.27 0.09223927543268542
0.21 0 0.28 0.07023372152157906
0.21 0 0.29 0.45881007394397244
0.21 0 0.3 1.5179062660000682
0.21 0 0.31 0.9772405311822974
0.21 0 0.32 4.744239532602512
0.21 0 0.33 2.6468528083009857
0.21 0 0.34 10.00716154019399
0.21 0 0.35000000000000003 1.0013715863724684
0.21 0 0.36 0.6012351790195527
0.21 0 0.37 0.6028889607408918
0.21 0 0.38 0.07856679313781195
0.21 0 0.39 0.1552676975247168
0.21 0 0.4 0.055610936086809976
0.21 0 0.41000000000000003 0.02037770074092767
0.21 0 0.42 0.18745813928597227
0.21 0 0.43 0.06699613218431907
0.21 0 0.44 1.0213290469630365
0.21 0 0.45 1.064357630313399
0.21 0 0.46 0.4942878272539791
0.21 0 0.47000000000000003 2.701713969861914
0.21 0 0.48 1.5311437135539163
0.21 0 0.49 3.939101190088225
0.21 0 0.5 5.9452159871989085
0.22 0 0.0 0.012128212593303846
0.22 0 0.01 0.010051382101797235
0.22 0 0.02 0.0030943772604706448
0.22 0 0.03 0.003876269598002329
0.22 0 0.04 0.006751961845402011
0.22 0 0.05 0.0013403186131960001
0.22 0 0.06 0.00018734478343883295
0.22 0 0.07 0.0032456459001416766
0.22 0 0.08 0.006782167066877352
0.22 0 0.09 0.14414969696937938
0.22 0 0.1 1.9747338405562438
0.22 0 0.11 2.224004533315232
0.22 0 0.12 5.595714772029373
0.22 0 0.13 1.3673518764358505
0.22 0 0.14 0.928756992345562
0.22 0 0.15 4.571574408995678
0.22 0 0.16 0.23820035363762132
0.22 0 0.17 6.389582082833932
0.22 0 0.18 31.864327634042667
0.22 0 0.19 19.175186850444813
0.22 0 0.2 36.816335948709636
0.22 0 0.21 80.49040252038824
0.22 0 0.22 13.33823984806649
0.22 0 0.23 5.299810457188561
0.22 0 0.24 0.6998364702830588
0.22 0 0.25 0.6157307802354602
0.22 0 0.26 0.019175967676883312
0.22 0 0.27 0.11764316762646343
0.22 0 0.28 0.016423167117854937
0.22 0 0.29 0.026101569198338045
0.22 0 0.3 0.2854060654213328
0.22 0 0.31 2.6103167881002443
0.22 0 0.32 8.278616211055278
0.22 0 0.33 1.7413850437674299
0.22 0 0.34 0.5614790747286892
0.22 0 0.35000000000000003 2.471758454743499
0.22 0 0.36 0.026844057697804926
0.22 0 0.37 0.057709045645037135
0.22 0 0.38 0.1213686109040403
0.22 0 0.39 0.005633675257960916
0.22 0 0.4 0.01322722983677641
0.22 0 0.41000000000000003 0.0027266454650273597
0.22 0 0.42 0.003590045058433186
0.22 0 0.43 0.06921266039847702
0.22 0 0.44 0.42681632483615345
0.22 0 0.45 0.24869183224289723
0.22 0 0.46 0.41247011257869454
0.22 0 0.47000000000000003 0.29271936949402894
0.22 0 0.48 2.2458365840346413
0.22 0 0.49 0.6220435801790605
0.22 0 0.5 0.2797846548258621
0.23 0 0.0 0.01662075671827294
0.23 0 0.01 0.029111425688046158
0.23 0 0.02 0.0010288308559275989
0.23 0 0.03 0.0018715784841179522
0.23 0 0.04 0.004139736898370524
0.23 0 0.05 0.0031913076593674426
0.23 0 0.06 0.0024118758226404466
0.23 0 0.07 0.007004195489864103
0.23 0 0.08 0.01078748409467657
0.23 0 0.09 0.02731145193592521
0.23 0 0.1 0.09227941148100251
0.23 0 0.11 0.5014010760570266
0.23 0 0.12 1.611656549948188
0.23 0 0.13 4.206504206656435
0.23 0 0.14 0.894989677340308
0.23 0 0.15 0.9938155401488222
0.23 0 0.16 3.3007460424309842
0.23 0 0.17 11.535709867686217
0.23 0 0.18 10.545382692088326
0.23 0 0.19 3.4053747845692475
0.23 0 0.2 19.826813875390517
0.23 0 0.21 19.72929573539648
0.23 0 0.22 0.5561620882093609
0.23 0 0.23 0.6364540830272125
0.23 0 0.24 0.3298827117603268
0.23 0 0.25 0.20816666182153412
0.23 0 0.26 0.26476992323880344
0.23 0 0.27 0.045532983033472044
0.23 0 0.28 0.03248415891663913
0.23 0 0.29 0.03677032062579746
0.23 0 0.3 0.0696180853733223
0.23 0 0.31 0.5492956303636896
0.23 0 0.32 0.04266884182392716
0.23 0 0.33 0.591105171961412
0.23 0 0.34 1.4906107969370022
0.23 0 0.35000000000000003 0.9578609117915227
0.23 0 0.36 2.663245809980345
0.23 0 0.37 4.712158670837018
0.23 0 0.38 2.249446528104111
0.23 0 0.39 0.7561172849556427
0.23 0 0.4 0.7714004844915148
0.23 0 0.41000000000000003 0.49476608723698723
0.23 0 0.42 0.0073085257572680475
0.23 0 0.43 0.0627660505280623
0.23 0 0.44 0.4612927819430454
0.23 0 0.45 0.8384453455765201
0.23 0 0.46 1.0904952652427933
0.23 0 0.47000000000000003 0.17500800999500987
0.23 0 0.48 0.4646864507084994
0.23 0 0.49 0.8594249024714463
0.23 0 0.5 8.349165345409272
0.24 0 0.0 0.001739734366059963
0.24 0 0.01 0.009903540112992468
0.24 0 0.02 0.00871854617451003
0.24 0 0.03 0.008466667448763919
0.24 0 0.04 0.003459610392293908
0.24 0 0.05 0.00026425022063961205
0.24 0 0.06 0.0003411795160194851
0.24 0 0.07 0.00010274295999358419
0.24 0 0.08 0.00491679378991217
0.24 0 0.09 0.001665289260003289
0.24 0 0.1 0.0063471205626405465
0.24 0 0.11 0.2539563968387082
0.24 0 0.12 0.014615584895788828
0.24 0 0.13 0.29585131338937326
0.24 0 0.14 1.3447415596936125
0.24 0 0.15 1.2098633833668104
0.24 0 0.16 9.224372307818044
0.24 0 0.17 0.6859640547386473
0.24 0 0.18 0.34017266607681235
0.24 0 0.19 0.09519947489762393
0.24 0 0.2 0.014816646918431873
0.24 0 0.21 0.0215869337352878
0.24 0 0.22 0.0040656243102709455
0.24 0 0.23 0.012040602613704465
0.24 0 0.24 0.012192832469490104
0.24 0 0.25 0.009207474434173179
0.24 0 0.26 0.06197290859411971
0.24 0 0.27 0.020784163390290794
0.24 0 0.28 0.023367850735357503
0.24 0 0.29 0.011037526627726016
0.24 0 0.3 0.0015738039994266117
0.24 0 0.31 0.008975382305474918
0.24 0 0.32 0.027143438372123466
0.24 0 0.33 0.11468903799495314
0.24 0 0.34 0.49466092690440905
0.24 0 0.35000000000000003 0.1574699262042585
0.24 0 0.36 0.708846466241141
0.24 0 0.37 0.9257838296169019
0.24 0 0.38 0.2288439050939332
0.24 0 0.39 1.1614553627321478
0.24 0 0.4 0.7701373239212082
0.24 0 0.41000000000000003 0.6493246264083548
0.24 0 0.42 0.1592015056017842
0.24 0 0.43 0.09545339557182422
0.24 0 0.44 0.049257853230500116
0.24 0 0.45 0.236406676436593
0.24 0 0.46 1.2277573798018504
0.24 0 0.47000000000000003 0.8003286361390582
0.24 0 0.48 0.2009025770740077
0.24 0 0.49 0.493042836272333
0.24 0 0.5 0.5612692288526115
0.25 0 0.0 0.00478188846641841
0.25 0 0.01 0.004453164225881407
0.25 0 0.02 0.008670653158085819
0.25 0 0.03 0.000382607798633361
0.25 0 0.04 0.000815675668840131
0.25 0 0.05 4.323044705971518e-05
0.25 0 0.06 0.00025938944164818727
0.25 0 0.07 0.0008040849349467318
0.25 0 0.08 0.00020249248243162947
0.25 0 0.09 3.4399901648410984e-05
0.25 0 0.1 0.0012120005212934712
0.25 0 0.11 0.004315728799748229
0.25 0 0.12 0.017298732378467525
0.25 0 0.13 0.04408599448114843
0.25 0 0.14 0.3777432963314796
0.25 0 0.15 0.7408766911863799
0.25 0 0.16 4.03596733863001
0.25 0 0.17 0.7144470346881776
0.25 0 0.18 0.08035713791347725
0.25 0 0.19 0.007587670634715243
0.25 0 0.2 0.003243529216710172
0.25 0 0.21 0.0029710824412608485
0.25 0 0.22 0.0007625084510944934
0.25 0 0.23 0.00518903512415874
0.25 0 0.24 0.04154977735508128
0.25 0 0.25 0.024817367481290015
0.25 0 0.26 0.009490774349230506
0.25 0 0.27 0.06815374617944196
0.25 0 0.28 0.029941677138048392
0.25 0 0.29 0.015805526864040298
0.25 0 0.3 0.02134793153429855
0.25 0 0.31 0.029807656348652668
0.25 0 0.32 0.14075135464419236
0.25 0 0.33 1.5527829732700784
0.25 0 0.34 2.8334439030543597
0.25 0 0.35000000000000003 6.673197814140782
0.25 0 0.36 2.2417201171502765
0.25 0 0.37 1.5125214019756212
0.25 0 0.38 0.14567799502855325
0.25 0 0.39 0.06518034812723111
0.25 0 0.4 0.13259445048943214
0.25 0 0.41000000000000003 0.6547413161510508
0.25 0 0.42 2.2824030641011004
0.25 0 0.43 0.4459973619772706
0.25 0 0.44 0.9781018567843756
0.25 0 0.45 0.5359553582711214
0.25 0 0.46 0.013933570289682177
0.25 0 0.47000000000000003 0.051157857667730504
0.25 0 0.48 0.0028898465158265028
0.25 0 0.49 0.003044159900114894
0.25 0 0.5 0.005378704982409853
0.26 0 0.0 0.0010182810693764584
0.26 0 0.01 0.0012929405273202617
0.26 0 0.02 0.0026771165008740183
0.26 0 0.03 0.0003885409348982539
0.26 0 0.04 0.0008640058677099265
0.26 0 0.05 0.001752476699299948
0.26 0 0.06 0.002365573532644789
0.26 0 0.07 0.009198103807343053
0.26 0 0.08 0.0016912945440794084
0.26 0 0.09 0.0015399947420366928
0.26 0 0.1 0.011980106050203032
0.26 0 0.11 0.0011047464871897837
0.26 0 0.12 0.012355925257233098
0.26 0 0.13 0.00899246585096385
0.26 0 0.14 0.055219464535947727
0.26 0 0.15 0.12810554025801868
0.26 0 0.16 0.3346435851571635
0.26 0 0.17 0.3083946455194715
0.26 0 0.18 0.05357176363780907
0.26 0 0.19 0.012560145381647812
0.26 0 0.2 0.005104475187417757
0.26 0 0.21 0.0008721385932193458
0.26 0 0.22 0.02571168410349297
0.26 0 0.23 0.01364382878109548
0.26 0 0.24 0.04764642776906532
0.26 0 0.25 0.008605458859622982
0.26 0 0.26 0.0017318008162287458
0.26 0 0.27 0.20973280064577654
0.26 0 0.28 0.049961042899108236
0.26 0 0.29 0.21178486994560955
0.26 0 0.3 2.570052463295452
0.26 0 0.31 0.16502929658949003
0.26 0 0.32 0.8677059890491924
0.26 0 0.33 12.275479108921244
0.26 0 0.34 1.6120746353192523
0.26 0 0.35000000000000003 3.614103016550591
0.26 0 0.36 0.2400046412716115
0.26 0 0.37 0.522921780979393
0.26 0 0.38 0.2265110867961123
0.26 0 0.39 0.1780631688213441
0.26 0 0.4 0.32024130647740295
0.26 0 0.41000000000000003 0.08215409962893219
0.26 0 0.42 0.08279021528962048
0.26 0 0.43 1.9373716576856497
0.26 0 0.44 0.5975500739727266
0.26 0 0.45 0.19828779361996426
0.26 0 0.46 0.03634102606152448
0.26 0 0.47000000000000003 0.05950800412465203
0.26 0 0.48 0.005272920144450286
0.26 0 0.49 0.0002394320212637678
0.26 0 0.5 0.0002988681724884145
0.27 0 0.0 0.0014512907772875738
0.27 0 0.01 0.002363087605825514
0.27 0 0.02 0.00042143798983753397
0.27 0 0.03 0.0005312675804132451
0.27 0 0.04 0.0011242548616629587
0.27 0 0.05 0.0010562572909392455
0.27 0 0.06 0.001254371102137565
0.27 0 0.07 0.00845548636113108
0.27 0 0.08 0.003713002493316622
0.27 0 0.09 0.009376431956311914
0.27 0 0.1 0.01775871686689823
0.27 0 0.11 0.03199424682663293
0.27 0 0.12 0.056307521423547814
0.27 0 0.13 0.0296166333726084
0.27 0 0.14 0.024085230905085454
0.27 0 0.15 0.1559293741988687
0.27 0 0.16 0.46241115499565094
0.27 0 0.17 3.732120830619708
0.27 0 0.18 4.966609599203806
0.27 0 0.19 0.16788052906707368
0.27 0 0.2 0.4999759468867
0.27 0 0.21 0.05677999589535375
0.27 0 0.22 0.038872261402373445
0.27 0 0.23 0.044470995275170296
0.27 0 0.24 0.02443164640305865
0.27 0 0.25 0.014242826754040353
0.27 0 0.26 0.0720910877400331
0.27 0 0.27 0.0554264300916822
0.27 0 0.28 0.48975183454429033
0.27 0 0.29 0.32822237949901983
0.27 0 0.3 0.23347051819693726
0.27 0 0.31 0.09333844953733676
0.27 0 0.32 0.2551301854094778
0.27 0 0.33 0.8673982809987477
0.27 0 0.34 2.143848276984228
0.27 0 0.35000000000000003 2.0344492902642255
0.27 0 0.36 5.227341419880448
0.27 0 0.37 5.180374521945033
0.27 0 0.38 1.4551593180708138
0.27 0 0.39 1.014640926751371
0.27 0 0.4 0.1850447890434887
0.27 0 0.41000000000000003 0.12214856084578161
0.27 0 0.42 0.08680978901288992
0.27 0 0.43 1.4771040207282757
0.27 0 0.44 0.5888224065872211
0.27 0 0.45 0.13536069139467735
0.27 0 0.46 0.08784016731151088
0.27 0 0.47000000000000003 0.005080063267366343
0.27 0 0.48 0.0021177506061472303
0.27 0 0.49 0.012359016427366441
0.27 0 0.5 0.0008340461449044926
0.28 0 0.0 0.008141749496619888
0.28 0 0.01 0.0005828661095164768
0.28 0 0.02 0.00014620418885180733
0.28 0 0.03 0.001041015055542667
0.28 0 0.04 0.00048737059767749977
0.28 0 0.05 0.0005708164469220204
0.28 0 0.06 0.005478244863572255
0.28 0 0.07 0.004100543227915893
0.28 0 0.08 0.00221168535473007
0.28 0 0.09 0.004940892114016692
0.28 0 0.1 0.005361621869929187
0.28 0 0.11 0.009219159566095167
0.28 0 0.12 0.0017136893188070613
0.28 0 0.13 0.008271887539356306
0.28 0 0.14 0.0034995930168329344
0.28 0 0.15 0.002176937890480652
0.28 0 0.16 0.0721723881315561
0.28 0 0.17 0.09361075888663406
0.28 0 0.18 0.056730613410830084
0.28 0 0.19 0.018315618352834004
0.28 0 0.2 0.004754375667816801
0.28 0 0.21 0.01229587640759425
0.28 0 0.22 0.003721575836028644
0.28 0 0.23 0.04486485720635597
0.28 0 0.24 0.07685111326729256
0.28 0 0.25 0.027971077432021235
0.28 0 0.26 4.277893166305476
0.28 0 0.27 0.8208845807202771
0.28 0 0.28 3.55769383517514
0.28 0 0.29 0.8706280761786414
0.28 0 0.3 0.2073478165493509
0.28 0 0.31 0.19734463924922957
0.28 0 0.32 0.10035403950798702
0.28 0 0.33 0.22807751943668306
0.28 0 0.34 3.308272563696058
0.28 0 0.35000000000000003 0.18715376473418896
0.28 0 0.36 1.873557239611427
0.28 0 0.37 0.44013875617563775
0.28 0 0.38 1.81032758594002
0.28 0 0.39 1.190977850432808
0.28 0 0.4 0.4482727202114914
0.28 0 0.41000000000000003 0.08187843550207514
0.28 0 0.42 0.032559053152360524
0.28 0 0.43 0.06413095808451118
0.28 0 0.44 0.19199594523718452
0.28 0 0.45 0.08940111263980093
0.28 0 0.46 0.07805217590192384
0.28 0 0.47000000000000003 0.0043231433089087655
0.28 0 0.48 0.0025387191139337535
0.28 0 0.49 0.001238206519193277
0.28 0 0.5 0.00010243331483816006
0.29 0 0.0 0.0007573750590170313
0.29 0 0.01 0.0005833190166328897
0.29 0 0.02 0.000977845091450763
0.29 0 0.03 0.0015967542385278448
0.29 0 0.04 0.0024977282055945508
0.29 0 0.05 0.0013401767632326683
0.29 0 0.06 0.0017686264768552768
0.29 0 0.07 0.004536516669911852
0.29 0 0.08 0.005474178088007569
0.29 0 0.09 0.0024598815794365314
0.29 0 0.1 0.0018705391149814294
0.29 0 0.11 0.0007442305337472423
0.29 0 0.12 0.002398278571018807
0.29 0 0.13 0.00360746897729811
0.29 0 0.14 0.0022910291849922867
0.29 0 0.15 0.002649560892963763
0.29 0 0.16 0.01631991549646715
0.29 0 0.17 0.005574469644719326
0.29 0 0.18 0.0023610945583720554
0.29 0 0.19 0.012362403055582664
0.29 0 0.2 0.0039835704149491225
0.29 0 0.21 0.0019749374528845987
0.29 0 0.22 0.011296977265150054
0.29 0 0.23 0.024754843887823865
0.29 0 0.24 0.026659290698500787
0.29 0 0.25 0.024665599591943664
0.29 0 0.26 0.1268582412662039
0.29 0 0.27 0.218542790515024
0.29 0 0.28 0.43701405724543974
0.29 0 0.29 0.5219896284141443
0.29 0 0.3 0.3357744993827613
0.29 0 0.31 0.8608534892379485
0.29 0 0.32 1.2634225244238764
0.29 0 0.33 0.20082635480619687
0.29 0 0.34 0.05018406083110277
0.29 0 0.35000000000000003 0.008474361597464244
0.29 0 0.36 1.005978370829724
0.29 0 0.37 0.3198163777470331
0.29 0 0.38 0.11019977679762165
0.29 0 0.39 0.11316955870876053
0.29 0 0.4 0.2355046459734358
0.29 0 0.41000000000000003 0.08051248164461337
0.29 0 0.42 0.27030143872297946
0.29 0 0.43 0.14827030690290474
0.29 0 0.44 0.8850369492480897
0.29 0 0.45 0.37543726235011804
0.29 0 0.46 0.45406904420451555
0.29 0 0.47000000000000003 0.018323320200051684
0.29 0 0.48 0.005862703092988831
0.29 0 0.49 0.0005971850961522528
0.29 0 0.5 0.00032167189543831973
0.3 0 0.0 0.0003271697991777369
0.3 0 0.01 0.0020961470949452687
0.3 0 0.02 0.0005891869123614036
0.3 0 0.03 0.0018734274377716763
0.3 0 0.04 0.034327580907937534
0.3 0 0.05 0.035560684424991544
0.3 0 0.06 0.02252943927866644
0.3 0 0.07 0.015176618195683637
0.3 0 0.08 0.0027542186319787715
0.3 0 0.09 0.018245291193760827
0.3 0 0.1 0.07054588945389942
0.3 0 0.11 0.0306243898694858
0.3 0 0.12 0.013074069665168307
0.3 0 0.13 0.01156779873563376
0.3 0 0.14 0.032120895787881125
0.3 0 0.15 0.11481276166163426
0.3 0 0.16 0.10546957310537632
0.3 0 0.17 0.061124996069024294
0.3 0 0.18 0.014840680519443787
0.3 0 0.19 0.005004454593532566
0.3 0 0.2 0.012604581719092728
0.3 0 0.21 0.014978681293629606
0.3 0 0.22 0.09160617618622269
0.3 0 0.23 0.06341104317735252
0.3 0 0.24 0.20224386178856674
0.3 0 0.25 0.5065742391939576
0.3 0 0.26 0.3822197293805989
0.3 0 0.27 3.356555902074941
0.3 0 0.28 0.421855840097733
0.3 0 0.29 0.8837586759766732
0.3 0 0.3 1.5686060326820739
0.3 0 0.31 0.13834750311817584
0.3 0 0.32 3.466796964489587
0.3 0 0.33 0.3513795284783136
0.3 0 0.34 0.035735700398356045
0.3 0 0.35000000000000003 0.0689929774160285
0.3 0 0.36 0.003725853448894303
0.3 0 0.37 0.019099736505794798
0.3 0 0.38 0.01050647975234415
0.3 0 0.39 0.008289895507994223
0.3 0 0.4 0.033843057404157495
0.3 0 0.41000000000000003 0.029345917712427946
0.3 0 0.42 1.4938906462656674
0.3 0 0.43 1.017280602676712
0.3 0 0.44 0.7040550137658178
0.3 0 0.45 0.619735304718466
0.3 0 0.46 0.23684556916958371
0.3 0 0.47000000000000003 0.09704406859374866
0.3 0 0.48 0.047623014544872645
0.3 0 0.49 0.026999249415216385
0.3 0 0.5 0.015148579396345268
#STOP
