#MEDIUM_PROPERTIES_DISTRIBUTED
$MSH_TYPE
	 GROUNDWATER_FLOW	
$MMP_TYPE
	 PERMEABILITY	
$DIS_TYPE
	 NEAREST_VALUE	
;hj
$CONVERSION_FACTOR
2e-8;2e-6;2e-13
$DATA
0.0 0 0.0 0.009264276435625612
0.0 0 0.01 0.021512872838018005
0.0 0 0.02 0.025539006211037663
0.0 0 0.03 0.03237122580726067
0.0 0 0.04 0.044337187710214054
0.0 0 0.05 0.007379989615401614
0.0 0 0.06 0.007848955733580387
0.0 0 0.07 0.007851400900556558
0.0 0 0.08 0.0038713751681344363
0.0 0 0.09 0.0060494450625132
0.0 0 0.1 0.0036189925542241697
0.0 0 0.11 0.003798803757267639
0.0 0 0.12 0.002450722317131038
0.0 0 0.13 0.0008881365144092164
0.0 0 0.14 0.0007241235451185107
0.0 0 0.15 0.0006475752651954159
0.0 0 0.16 0.0003693407360189337
0.0 0 0.17 0.0007838811847346505
0.0 0 0.18 0.0001782933719673192
0.0 0 0.19 0.0001528317523425851
0.0 0 0.2 0.00019787551026546391
0.0 0 0.21 0.00062411160947163
0.0 0 0.22 0.0013227054547859476
0.0 0 0.23 0.001322214281329983
0.0 0 0.24 0.0005001532155365911
0.0 0 0.25 0.0010326007375696562
0.0 0 0.26 0.0012051589662169292
0.0 0 0.27 0.006156757728080431
0.0 0 0.28 0.013257888755695597
0.0 0 0.29 0.00801078154904445
0.0 0 0.3 0.00514808503859893
0.0 0 0.31 0.012334917275002055
0.0 0 0.32 0.011899494564848219
0.0 0 0.33 0.011869143163569879
0.0 0 0.34 0.008385258662510284
0.0 0 0.35000000000000003 0.003882422849061049
0.0 0 0.36 0.004664886181150613
0.0 0 0.37 0.0037157989502896926
0.0 0 0.38 0.003487991645378316
0.0 0 0.39 0.005143490766354074
0.0 0 0.4 0.0029232388053796166
0.0 0 0.41000000000000003 0.0023249735927729585
0.0 0 0.42 0.00850678569063064
0.0 0 0.43 0.0024937503489281926
0.0 0 0.44 0.0023977506972598516
0.0 0 0.45 0.0017450541768621202
0.0 0 0.46 0.0016518569164388202
0.0 0 0.47000000000000003 0.0029683543119465726
0.0 0 0.48 0.005805267094269781
0.0 0 0.49 0.004285277802448171
0.0 0 0.5 0.007397257379833351
0.01 0 0.0 0.012649837873069473
0.01 0 0.01 0.01446302184224102
0.01 0 0.02 0.02593733746273545
0.01 0 0.03 0.020920122520141707
0.01 0 0.04 0.013579956023921624
0.01 0 0.05 0.017386849491974145
0.01 0 0.06 0.0036278390942094834
0.01 0 0.07 0.004778680950257524
0.01 0 0.08 0.0047257837011426855
0.01 0 0.09 0.012673734320253186
0.01 0 0.1 0.016141323563985142
0.01 0 0.11 0.009709395417044853
0.01 0 0.12 0.0031572008521800134
0.01 0 0.13 0.0016344841485163603
0.01 0 0.14 0.0002972646135206241
0.01 0 0.15 0.00041811690463541254
0.01 0 0.16 0.0003560639283036709
0.01 0 0.17 0.00019553566117680053
0.01 0 0.18 0.00011604960449917461
0.01 0 0.19 9.339918481787928e-05
0.01 0 0.2 3.5841728545690937e-05
0.01 0 0.21 2.3918958774525125e-05
0.01 0 0.22 1.1544380797173077e-05
0.01 0 0.23 7.505768617212571e-06
0.01 0 0.24 1.1738145817761764e-05
0.01 0 0.25 1.0666847806993035e-05
0.01 0 0.26 3.908924369448413e-05
0.01 0 0.27 0.00013841380197785553
0.01 0 0.28 0.00012225831714487794
0.01 0 0.29 0.00020085661996802062
0.01 0 0.3 0.0004476495190206096
0.01 0 0.31 0.00015345039188377008
0.01 0 0.32 0.0003453060928244748
0.01 0 0.33 0.0002545513229901621
0.01 0 0.34 0.000536558270948527
0.01 0 0.35000000000000003 0.0012612989358754634
0.01 0 0.36 0.0013287369229681679
0.01 0 0.37 0.0009955375185919792
0.01 0 0.38 0.001365368182824091
0.01 0 0.39 0.0007199209281905654
0.01 0 0.4 0.004534282630779408
0.01 0 0.41000000000000003 0.006751282295530816
0.01 0 0.42 0.005055263025918532
0.01 0 0.43 0.0024601134166768244
0.01 0 0.44 0.001683345813539759
0.01 0 0.45 0.001407805806637752
0.01 0 0.46 0.0031237226720659066
0.01 0 0.47000000000000003 0.005839708092480026
0.01 0 0.48 0.007304769130143897
0.01 0 0.49 0.006087769115001986
0.01 0 0.5 0.009034088962266582
0.02 0 0.0 0.007227290286026775
0.02 0 0.01 0.007244323887434809
0.02 0 0.02 0.0033066597959179253
0.02 0 0.03 0.011904496748180154
0.02 0 0.04 0.013941881536167548
0.02 0 0.05 0.009092290687582659
0.02 0 0.06 0.0046202557660136746
0.02 0 0.07 0.0043966079116263615
0.02 0 0.08 0.006982600635737579
0.02 0 0.09 0.01597598619620292
0.02 0 0.1 0.009286478629158105
0.02 0 0.11 0.0040940412479426565
0.02 0 0.12 0.0015197782718635348
0.02 0 0.13 0.0004202510890509782
0.02 0 0.14 0.0009279302133456424
0.02 0 0.15 0.0006659906630710358
0.02 0 0.16 0.0001550535056478835
0.02 0 0.17 7.70050522874062e-05
0.02 0 0.18 3.251862957291292e-05
0.02 0 0.19 1.0654951110480445e-05
0.02 0 0.2 2.0814212285624356e-05
0.02 0 0.21 7.634127711401838e-06
0.02 0 0.22 1.9802026688242265e-05
0.02 0 0.23 3.7416697453760126e-05
0.02 0 0.24 8.222625336000372e-05
0.02 0 0.25 0.0002494060830221002
0.02 0 0.26 0.00029009411753900725
0.02 0 0.27 0.00010514345261864457
0.02 0 0.28 0.0003282155131367799
0.02 0 0.29 0.00028474945153765134
0.02 0 0.3 0.0006162198956622118
0.02 0 0.31 0.0006868461593974893
0.02 0 0.32 0.00031035118816774473
0.02 0 0.33 8.543378785627524e-05
0.02 0 0.34 6.538409016650745e-05
0.02 0 0.35000000000000003 0.0001141832598537518
0.02 0 0.36 0.0002973776856444205
0.02 0 0.37 0.0004049193319507717
0.02 0 0.38 0.0004453977450572478
0.02 0 0.39 0.000537077545266732
0.02 0 0.4 0.0008028895020571702
0.02 0 0.41000000000000003 0.0014692183375007702
0.02 0 0.42 0.003320789922189956
0.02 0 0.43 0.008953165898984759
0.02 0 0.44 0.0045181285437508965
0.02 0 0.45 0.00830335478148039
0.02 0 0.46 0.009125827385185876
0.02 0 0.47000000000000003 0.007602578117130526
0.02 0 0.48 0.005899364908715088
0.02 0 0.49 0.008655420915094289
0.02 0 0.5 0.005299432341181243
0.03 0 0.0 0.10095118587567248
0.03 0 0.01 0.012394277662022193
0.03 0 0.02 0.0054393426436382545
0.03 0 0.03 0.0009696843124123078
0.03 0 0.04 0.0007432460234201989
0.03 0 0.05 0.001740258324748238
0.03 0 0.06 0.0020130386924661924
0.03 0 0.07 0.0023113907579129065
0.03 0 0.08 0.003498747151024357
0.03 0 0.09 0.0008731630915251832
0.03 0 0.1 0.0012726663885827376
0.03 0 0.11 0.000329849208922385
0.03 0 0.12 0.0003179605979652542
0.03 0 0.13 0.0007012242642269376
0.03 0 0.14 0.0006333963858878316
0.03 0 0.15 0.0004287074895493408
0.03 0 0.16 0.0005531234971280521
0.03 0 0.17 9.146652765804652e-05
0.03 0 0.18 8.670655243032065e-05
0.03 0 0.19 7.164076824839925e-05
0.03 0 0.2 8.180295315631439e-05
0.03 0 0.21 7.189579652039722e-05
0.03 0 0.22 6.052608712994022e-05
0.03 0 0.23 6.111896208858569e-05
0.03 0 0.24 8.327727465718625e-05
0.03 0 0.25 8.723540766298345e-05
0.03 0 0.26 0.00014444348895740767
0.03 0 0.27 0.0003719051015758017
0.03 0 0.28 0.0006745243660725762
0.03 0 0.29 0.0014529420472416611
0.03 0 0.3 0.004839023706514569
0.03 0 0.31 0.009605457367009906
0.03 0 0.32 0.0036939999920472103
0.03 0 0.33 0.004069794019085306
0.03 0 0.34 0.0018459172473553854
0.03 0 0.35000000000000003 0.001663945484167686
0.03 0 0.36 0.001287995200575212
0.03 0 0.37 0.0015694680030649982
0.03 0 0.38 0.0016036775887611123
0.03 0 0.39 0.003966055049161839
0.03 0 0.4 0.005604163011003883
0.03 0 0.41000000000000003 0.02263746807282061
0.03 0 0.42 0.016107929732661938
0.03 0 0.43 0.014125051049123052
0.03 0 0.44 0.01160718497302281
0.03 0 0.45 0.018728123440215343
0.03 0 0.46 0.009683063643510723
0.03 0 0.47000000000000003 0.007509350132406067
0.03 0 0.48 0.004357274545855452
0.03 0 0.49 0.0028211066624020285
0.03 0 0.5 0.0031110118291447866
0.04 0 0.0 0.005044600990956619
0.04 0 0.01 0.003472338519823715
0.04 0 0.02 0.002094612768773698
0.04 0 0.03 0.0022548444612699964
0.04 0 0.04 0.001174709176538485
0.04 0 0.05 0.00010580926690066462
0.04 0 0.06 0.00010296135840604796
0.04 0 0.07 0.00014644957754469994
0.04 0 0.08 0.0009299896182154555
0.04 0 0.09 0.002500378792598839
0.04 0 0.1 0.0026829148020264177
0.04 0 0.11 0.00411071733939508
0.04 0 0.12 0.009468259621677957
0.04 0 0.13 0.0149719297423844
0.04 0 0.14 0.020565729064351383
0.04 0 0.15 0.013509380092165214
0.04 0 0.16 0.0031199693397332357
0.04 0 0.17 0.00168345681026608
0.04 0 0.18 0.0016678349422417557
0.04 0 0.19 0.0007293860794459165
0.04 0 0.2 0.00010048688407694788
0.04 0 0.21 4.072193296762811e-05
0.04 0 0.22 1.4210218672215795e-05
0.04 0 0.23 2.3213738331770684e-05
0.04 0 0.24 1.3471712999394914e-05
0.04 0 0.25 9.208910630264372e-06
0.04 0 0.26 6.0019624977421695e-06
0.04 0 0.27 1.2683014602378116e-05
0.04 0 0.28 4.155799271678743e-05
0.04 0 0.29 0.0002907874128038201
0.04 0 0.3 0.0001731837440412522
0.04 0 0.31 0.00011784315867609905
0.04 0 0.32 7.500993890874394e-05
0.04 0 0.33 0.00015718934916233654
0.04 0 0.34 0.0002593202852005969
0.04 0 0.35000000000000003 0.0008419970570848535
0.04 0 0.36 0.0009355676960430693
0.04 0 0.37 0.0006823503647042243
0.04 0 0.38 0.0007977551733243359
0.04 0 0.39 0.001202227604677696
0.04 0 0.4 0.0015028664624858288
0.04 0 0.41000000000000003 0.002368924484289625
0.04 0 0.42 0.0024301021186899094
0.04 0 0.43 0.004559912696315156
0.04 0 0.44 0.008760095408040201
0.04 0 0.45 0.009220154575229742
0.04 0 0.46 0.04258904925364574
0.04 0 0.47000000000000003 0.02766498084177363
0.04 0 0.48 0.011935066184457938
0.04 0 0.49 0.004522004565041613
0.04 0 0.5 0.001580848083220965
0.05 0 0.0 0.0386606453153753
0.05 0 0.01 0.004808517609408524
0.05 0 0.02 0.0016320578362300291
0.05 0 0.03 0.0008070922064912434
0.05 0 0.04 0.00028159343536518066
0.05 0 0.05 0.00023226083640717887
0.05 0 0.06 0.00021118250976361435
0.05 0 0.07 0.00023134849779203612
0.05 0 0.08 0.00030440843238828717
0.05 0 0.09 0.0008322979741654226
0.05 0 0.1 0.0014004422249099106
0.05 0 0.11 0.006184942054892644
0.05 0 0.12 0.007890691243882725
0.05 0 0.13 0.025087833742955756
0.05 0 0.14 0.029762010027447244
0.05 0 0.15 0.031991735403820054
0.05 0 0.16 0.03196102841939902
0.05 0 0.17 0.04345949992111766
0.05 0 0.18 0.009644453111577713
0.05 0 0.19 0.0034516955842490856
0.05 0 0.2 0.0006458514528496132
0.05 0 0.21 0.00034284213686736206
0.05 0 0.22 0.00020943706877186733
0.05 0 0.23 0.00030559937315709484
0.05 0 0.24 0.0001087151163377319
0.05 0 0.25 2.3451248909834794e-05
0.05 0 0.26 8.639133132046758e-06
0.05 0 0.27 6.621697166128675e-06
0.05 0 0.28 7.112323292400738e-06
0.05 0 0.29 4.578767888908961e-06
0.05 0 0.3 2.204876000862558e-06
0.05 0 0.31 3.8464733183095545e-06
0.05 0 0.32 9.835094744187976e-06
0.05 0 0.33 4.167089492857838e-05
0.05 0 0.34 0.000515992563644471
0.05 0 0.35000000000000003 0.0005422457073367442
0.05 0 0.36 0.0007595500809274287
0.05 0 0.37 0.0006259061857388287
0.05 0 0.38 0.0004338119957097652
0.05 0 0.39 0.00019109908368585436
0.05 0 0.4 0.00013738201815742033
0.05 0 0.41000000000000003 0.00020715750817469622
0.05 0 0.42 0.0016449346611967547
0.05 0 0.43 0.0018428142235597741
0.05 0 0.44 0.003346967954006249
0.05 0 0.45 0.0013395707599908897
0.05 0 0.46 0.0011565290904796063
0.05 0 0.47000000000000003 0.0022000214667860273
0.05 0 0.48 0.007588664319058101
0.05 0 0.49 0.009556134219050088
0.05 0 0.5 0.005110559213319885
0.06 0 0.0 0.06240386625545949
0.06 0 0.01 0.20634913037317085
0.06 0 0.02 0.11916293301909386
0.06 0 0.03 0.06832254065043626
0.06 0 0.04 0.044894616425101994
0.06 0 0.05 0.05003701897406362
0.06 0 0.06 0.0286825866723744
0.06 0 0.07 0.034371999710543236
0.06 0 0.08 0.015169138475272285
0.06 0 0.09 0.013185071243475139
0.06 0 0.1 0.010457953700930838
0.06 0 0.11 0.026919517919328742
0.06 0 0.12 0.026507412939102824
0.06 0 0.13 0.017263160355198485
0.06 0 0.14 0.008722883864417181
0.06 0 0.15 0.0065327956710304015
0.06 0 0.16 0.009508350133117552
0.06 0 0.17 0.011406514690925578
0.06 0 0.18 0.016396401254911847
0.06 0 0.19 0.017471395140322307
0.06 0 0.2 0.004066111861716532
0.06 0 0.21 0.0015759111631126967
0.06 0 0.22 0.0021252151366318106
0.06 0 0.23 0.0007853524320788415
0.06 0 0.24 0.0006297142472725161
0.06 0 0.25 0.0001372843682956874
0.06 0 0.26 6.535606814433741e-05
0.06 0 0.27 4.214090628706652e-05
0.06 0 0.28 4.226337576235927e-05
0.06 0 0.29 3.772755440252745e-05
0.06 0 0.3 3.289107632407704e-05
0.06 0 0.31 8.91863665438891e-06
0.06 0 0.32 2.9696035910265086e-05
0.06 0 0.33 6.999823250209648e-05
0.06 0 0.34 0.0002846832921810549
0.06 0 0.35000000000000003 0.00038051910349321954
0.06 0 0.36 0.0005764500620213931
0.06 0 0.37 0.0008926696533284845
0.06 0 0.38 0.0015172767421071235
0.06 0 0.39 0.001424745396953142
0.06 0 0.4 0.001141231156494775
0.06 0 0.41000000000000003 0.00030567154132685664
0.06 0 0.42 0.00041769694628227824
0.06 0 0.43 0.0011593353004444129
0.06 0 0.44 0.0016212213720427364
0.06 0 0.45 0.0016357153236759984
0.06 0 0.46 0.0009857739514819138
0.06 0 0.47000000000000003 0.0012058217705607124
0.06 0 0.48 0.0025747887849471404
0.06 0 0.49 0.008071916517790855
0.06 0 0.5 0.014998411751910641
0.07 0 0.0 0.710400245277239
0.07 0 0.01 0.9334490943505069
0.07 0 0.02 0.8324481226098187
0.07 0 0.03 0.5509211943500882
0.07 0 0.04 0.25843782147046096
0.07 0 0.05 0.0867973389664535
0.07 0 0.06 0.11323548583880909
0.07 0 0.07 0.17374855047370777
0.07 0 0.08 0.13216730559067946
0.07 0 0.09 0.19613671572785088
0.07 0 0.1 0.28455769388359287
0.07 0 0.11 0.12226166155166526
0.07 0 0.12 0.12752643121517188
0.07 0 0.13 0.05236725340111233
0.07 0 0.14 0.09480124367039286
0.07 0 0.15 0.05499710095198254
0.07 0 0.16 0.014191892082459539
0.07 0 0.17 0.0020939191996228604
0.07 0 0.18 0.000427155939156658
0.07 0 0.19 0.00015122860021598837
0.07 0 0.2 0.0007605539086259905
0.07 0 0.21 0.0010779342715763031
0.07 0 0.22 0.0012355957234010803
0.07 0 0.23 0.0002813798552429545
0.07 0 0.24 0.00012600997236579263
0.07 0 0.25 7.092196609847017e-05
0.07 0 0.26 6.392832239379854e-05
0.07 0 0.27 5.915133797679644e-05
0.07 0 0.28 4.3840714237052965e-05
0.07 0 0.29 1.7323233696139765e-05
0.07 0 0.3 2.9776498611885613e-05
0.07 0 0.31 6.704306004637498e-05
0.07 0 0.32 0.0001305030557980671
0.07 0 0.33 0.0002048267678308034
0.07 0 0.34 0.00019323091971364624
0.07 0 0.35000000000000003 0.000288593869904479
0.07 0 0.36 0.00028317389816854676
0.07 0 0.37 0.0003996480576865237
0.07 0 0.38 0.0006196444521928439
0.07 0 0.39 0.0013700489716811195
0.07 0 0.4 0.0013070593614796617
0.07 0 0.41000000000000003 0.006516007734105821
0.07 0 0.42 0.010024786182829067
0.07 0 0.43 0.004225774715363597
0.07 0 0.44 0.0013323107561740834
0.07 0 0.45 0.001226978434048525
0.07 0 0.46 0.0010506756430358872
0.07 0 0.47000000000000003 0.010228988626989942
0.07 0 0.48 0.01488979772056841
0.07 0 0.49 0.034613643790877655
0.07 0 0.5 0.045153079326703566
0.08 0 0.0 1.6213687743448781
0.08 0 0.01 0.8425720539333027
0.08 0 0.02 1.1829669671767693
0.08 0 0.03 0.32919356880044315
0.08 0 0.04 0.24666045249154697
0.08 0 0.05 0.2645540944990622
0.08 0 0.06 0.1795370671185074
0.08 0 0.07 0.06205257682261801
0.08 0 0.08 0.08126109171304997
0.08 0 0.09 0.07807295387497235
0.08 0 0.1 0.3066166378349184
0.08 0 0.11 0.25563598297716644
0.08 0 0.12 0.11775602024517143
0.08 0 0.13 0.014237615636268323
0.08 0 0.14 0.00493163115079369
0.08 0 0.15 0.006752667394556025
0.08 0 0.16 0.008670785534861393
0.08 0 0.17 0.002624464893249023
0.08 0 0.18 0.0007162558613967493
0.08 0 0.19 0.00026401135999393443
0.08 0 0.2 0.0003019069424425305
0.08 0 0.21 0.00045473793770293167
0.08 0 0.22 0.00036968802598936297
0.08 0 0.23 0.0001896519599431074
0.08 0 0.24 4.2814896330649365e-05
0.08 0 0.25 4.660229064530552e-05
0.08 0 0.26 0.00012708419217259808
0.08 0 0.27 0.0003227529587999029
0.08 0 0.28 0.00017252390988739438
0.08 0 0.29 0.00022669367188326534
0.08 0 0.3 0.00010473556157306646
0.08 0 0.31 8.296372032820346e-05
0.08 0 0.32 9.24049296175048e-05
0.08 0 0.33 0.00014353477901168124
0.08 0 0.34 0.00014901886724078543
0.08 0 0.35000000000000003 0.0004889956524435266
0.08 0 0.36 0.0003767434975168776
0.08 0 0.37 0.00210630029455443
0.08 0 0.38 0.0030243957675553865
0.08 0 0.39 0.003177625243112157
0.08 0 0.4 0.00939160141907702
0.08 0 0.41000000000000003 0.006067345690317123
0.08 0 0.42 0.00173243251762672
0.08 0 0.43 0.0027951561333144376
0.08 0 0.44 0.0008276280810104712
0.08 0 0.45 0.0016236936977361421
0.08 0 0.46 0.006374955486069958
0.08 0 0.47000000000000003 0.007078048926754472
0.08 0 0.48 0.019902384209193925
0.08 0 0.49 0.009673120189171621
0.08 0 0.5 0.004335025215371643
0.09 0 0.0 8.553786696225876
0.09 0 0.01 6.14598173506253
0.09 0 0.02 6.726863264474075
0.09 0 0.03 5.041001779163641
0.09 0 0.04 1.9561400795280046
0.09 0 0.05 0.630148892155157
0.09 0 0.06 0.6454083917342118
0.09 0 0.07 1.3061835822008376
0.09 0 0.08 1.8369213452840032
0.09 0 0.09 0.7878091843416879
0.09 0 0.1 0.2246864354999653
0.09 0 0.11 0.0720238327727547
0.09 0 0.12 0.01861817072575054
0.09 0 0.13 0.022327513641942954
0.09 0 0.14 0.027731909775564667
0.09 0 0.15 0.024035492205452376
0.09 0 0.16 0.006223931704683972
0.09 0 0.17 0.003455813930197238
0.09 0 0.18 0.0005465033978567179
0.09 0 0.19 0.00015872246019902592
0.09 0 0.2 3.1642862858015445e-05
0.09 0 0.21 1.0078735671884723e-05
0.09 0 0.22 5.0112447679834195e-06
0.09 0 0.23 8.278697876853334e-06
0.09 0 0.24 1.1058410653949198e-05
0.09 0 0.25 0.00010713193971080766
0.09 0 0.26 8.844188204018488e-05
0.09 0 0.27 0.0001418349967008716
0.09 0 0.28 0.0004684338168006356
0.09 0 0.29 0.000575669294866805
0.09 0 0.3 0.0016832746446138146
0.09 0 0.31 0.005617304881445486
0.09 0 0.32 0.0023144641992494017
0.09 0 0.33 0.005705321113443301
0.09 0 0.34 0.007628474563146735
0.09 0 0.35000000000000003 0.010207398013591457
0.09 0 0.36 0.026130762531296557
0.09 0 0.37 0.005374802526853273
0.09 0 0.38 0.0035661199708607438
0.09 0 0.39 0.00447240245502542
0.09 0 0.4 0.002756917503543911
0.09 0 0.41000000000000003 0.004971662531858652
0.09 0 0.42 0.008657051476456576
0.09 0 0.43 0.0017838241726881939
0.09 0 0.44 0.0024003790074401516
0.09 0 0.45 0.002897827066593742
0.09 0 0.46 0.01009395693164209
0.09 0 0.47000000000000003 0.02783119260898266
0.09 0 0.48 0.05602222631810644
0.09 0 0.49 0.05145028027074217
0.09 0 0.5 0.1207177841767396
0.1 0 0.0 1.5134034481347556
0.1 0 0.01 1.3387155419134547
0.1 0 0.02 0.7063182246702961
0.1 0 0.03 0.566671497865543
0.1 0 0.04 0.26609826413126664
0.1 0 0.05 0.23006166475778347
0.1 0 0.06 0.054353362791506016
0.1 0 0.07 0.03396106294397235
0.1 0 0.08 0.01756861468460482
0.1 0 0.09 0.021969407294772255
0.1 0 0.1 0.01556998534108815
0.1 0 0.11 0.006697561663949834
0.1 0 0.12 0.0028113001689285006
0.1 0 0.13 0.009305995420026952
0.1 0 0.14 0.008601766197871853
0.1 0 0.15 0.04764732496730267
0.1 0 0.16 0.05868582872015081
0.1 0 0.17 0.015571152949332596
0.1 0 0.18 0.01757048265078417
0.1 0 0.19 0.023864225940799073
0.1 0 0.2 0.02323285974580351
0.1 0 0.21 0.03695251882093798
0.1 0 0.22 0.004764559910997557
0.1 0 0.23 0.0017065291764642432
0.1 0 0.24 0.001489377384290586
0.1 0 0.25 0.0006262153163675892
0.1 0 0.26 0.0024928093030098875
0.1 0 0.27 0.0022078613860732096
0.1 0 0.28 0.0010659531925855661
0.1 0 0.29 0.003281003997762681
0.1 0 0.3 0.013456419995464555
0.1 0 0.31 0.021730827075326798
0.1 0 0.32 0.06545398965758335
0.1 0 0.33 0.02311019258391349
0.1 0 0.34 0.015903645213329792
0.1 0 0.35000000000000003 0.004689929821985682
0.1 0 0.36 0.0014580893817683685
0.1 0 0.37 0.0007570374853685403
0.1 0 0.38 0.001108752072999679
0.1 0 0.39 0.0005540589777412504
0.1 0 0.4 0.002400122538548183
0.1 0 0.41000000000000003 0.0036527544288800645
0.1 0 0.42 0.004160785584734192
0.1 0 0.43 0.010270652925656595
0.1 0 0.44 0.024113650161515503
0.1 0 0.45 0.02070160091765201
0.1 0 0.46 0.02190789472021199
0.1 0 0.47000000000000003 0.0050787204115598
0.1 0 0.48 0.004140832572441391
0.1 0 0.49 0.0040925689409423245
0.1 0 0.5 0.003734930273643853
0.11 0 0.0 0.027997018907159086
0.11 0 0.01 0.09225254894161554
0.11 0 0.02 0.09931191519186298
0.11 0 0.03 0.5473918539221022
0.11 0 0.04 0.30403209265679126
0.11 0 0.05 0.15295442605449494
0.11 0 0.06 0.22205963679253493
0.11 0 0.07 0.15360262844557387
0.11 0 0.08 0.11226348442150236
0.11 0 0.09 0.03865248250616379
0.11 0 0.1 0.003207833432444912
0.11 0 0.11 0.002966808913932159
0.11 0 0.12 0.002361554939920079
0.11 0 0.13 0.0019293326204374603
0.11 0 0.14 0.010520212626552512
0.11 0 0.15 0.005476808921009587
0.11 0 0.16 0.00503293232745115
0.11 0 0.17 0.012412832815226878
0.11 0 0.18 0.021267397684136283
0.11 0 0.19 0.030041924817808898
0.11 0 0.2 0.05479588165676751
0.11 0 0.21 0.02671344975544484
0.11 0 0.22 0.06544000222086384
0.11 0 0.23 0.031673383218366276
0.11 0 0.24 0.013772688344076186
0.11 0 0.25 0.006666538391197324
0.11 0 0.26 0.004163169893815035
0.11 0 0.27 0.0029964008037760828
0.11 0 0.28 0.03786820279262244
0.11 0 0.29 0.07605405018220833
0.11 0 0.3 0.0674366900836232
0.11 0 0.31 0.021619275822116677
0.11 0 0.32 0.0040631330143713115
0.11 0 0.33 0.0025937279705710928
0.11 0 0.34 0.005542228954676341
0.11 0 0.35000000000000003 0.004068496970105083
0.11 0 0.36 0.004618087616709356
0.11 0 0.37 0.001276915111797079
0.11 0 0.38 0.0008560836759810524
0.11 0 0.39 0.0035546900544738053
0.11 0 0.4 0.0024368062983636824
0.11 0 0.41000000000000003 0.0019011350010115422
0.11 0 0.42 0.0008213521398077339
0.11 0 0.43 0.0003716405222031613
0.11 0 0.44 0.0006250992708875033
0.11 0 0.45 0.000987315641513876
0.11 0 0.46 0.0006417731794760567
0.11 0 0.47000000000000003 0.0006340523342820584
0.11 0 0.48 0.00019453332460568913
0.11 0 0.49 0.001417114456729002
0.11 0 0.5 0.004044673154008242
0.12 0 0.0 0.17579366907504868
0.12 0 0.01 0.0776017011671333
0.12 0 0.02 0.20350715537972544
0.12 0 0.03 0.10873389203334691
0.12 0 0.04 0.21991169227230778
0.12 0 0.05 0.21624482018438004
0.12 0 0.06 0.1784560383497176
0.12 0 0.07 0.21858014697250475
0.12 0 0.08 0.21259994890159503
0.12 0 0.09 0.10820329876824043
0.12 0 0.1 0.2253112791520274
0.12 0 0.11 0.0715925242965396
0.12 0 0.12 0.07751399999798413
0.12 0 0.13 0.08541251160391128
0.12 0 0.14 0.046831224488331276
0.12 0 0.15 0.01972630795970552
0.12 0 0.16 0.035309290003698486
0.12 0 0.17 0.01290934897653132
0.12 0 0.18 0.021142732162764046
0.12 0 0.19 0.026197138269026688
0.12 0 0.2 0.02758278999185677
0.12 0 0.21 0.044136528668826634
0.12 0 0.22 0.03770883776675151
0.12 0 0.23 0.02915617987700055
0.12 0 0.24 0.0906066105633734
0.12 0 0.25 0.09567144581849354
0.12 0 0.26 0.29689790670831423
0.12 0 0.27 0.7131166487680997
0.12 0 0.28 0.22190102821448623
0.12 0 0.29 0.27726158135830403
0.12 0 0.3 0.19704347418898502
0.12 0 0.31 0.1746637957652949
0.12 0 0.32 0.15290239468752967
0.12 0 0.33 0.10374127641084295
0.12 0 0.34 0.1589064192946853
0.12 0 0.35000000000000003 0.3194701568694943
0.12 0 0.36 0.09616952067829965
0.12 0 0.37 0.08020924437749821
0.12 0 0.38 0.004775537486868674
0.12 0 0.39 0.0007347824191956227
0.12 0 0.4 0.0004043160682815457
0.12 0 0.41000000000000003 0.0005335987220452396
0.12 0 0.42 0.0007896657291624906
0.12 0 0.43 0.0016174922751504243
0.12 0 0.44 0.0017744130056347362
0.12 0 0.45 0.01499085889410955
0.12 0 0.46 0.034626990305722465
0.12 0 0.47000000000000003 0.1140786638522049
0.12 0 0.48 0.31838907725766163
0.12 0 0.49 0.21555648944588626
0.12 0 0.5 0.09175515626345061
0.13 0 0.0 1.0062854546613624
0.13 0 0.01 0.9365999131017284
0.13 0 0.02 0.5263042653797475
0.13 0 0.03 0.34234891904663467
0.13 0 0.04 0.35118252874729744
0.13 0 0.05 0.11922048332262583
0.13 0 0.06 0.3080632568139545
0.13 0 0.07 0.32788861475681097
0.13 0 0.08 0.5363808241500314
0.13 0 0.09 0.9653686031593771
0.13 0 0.1 0.8582698619016618
0.13 0 0.11 2.0585185451584924
0.13 0 0.12 4.773708025005891
0.13 0 0.13 1.3804209812806238
0.13 0 0.14 1.057696931249065
0.13 0 0.15 0.4300777620074285
0.13 0 0.16 0.1372304215491965
0.13 0 0.17 0.2548676012598029
0.13 0 0.18 0.1067837041838875
0.13 0 0.19 0.07669312276306484
0.13 0 0.2 0.04996849608335264
0.13 0 0.21 0.09041879225201782
0.13 0 0.22 0.5008404200231948
0.13 0 0.23 0.6840232996792935
0.13 0 0.24 0.1521252474374479
0.13 0 0.25 0.16171362022731217
0.13 0 0.26 0.06429632167469271
0.13 0 0.27 0.26531453071710404
0.13 0 0.28 0.6439262500136929
0.13 0 0.29 0.9849449201355832
0.13 0 0.3 0.943123182050301
0.13 0 0.31 1.186923015538206
0.13 0 0.32 2.1387043730938493
0.13 0 0.33 8.396591543440072
0.13 0 0.34 1.6837768974574736
0.13 0 0.35000000000000003 0.42977698697346906
0.13 0 0.36 0.10891849082262318
0.13 0 0.37 0.03458246478333233
0.13 0 0.38 0.031630304362740204
0.13 0 0.39 0.0383030627389706
0.13 0 0.4 0.015750216333170187
0.13 0 0.41000000000000003 0.012275491663786093
0.13 0 0.42 0.01369968917585111
0.13 0 0.43 0.014855772617520196
0.13 0 0.44 0.038132819991750146
0.13 0 0.45 0.024404025118404594
0.13 0 0.46 0.03029674091560967
0.13 0 0.47000000000000003 0.09282143197077806
0.13 0 0.48 0.21054363499186182
0.13 0 0.49 0.7624778739570561
0.13 0 0.5 4.31985488327452
0.14 0 0.0 0.1689966192309206
0.14 0 0.01 0.09483216725881138
0.14 0 0.02 0.45109101285203407
0.14 0 0.03 0.4976489749755708
0.14 0 0.04 0.28506597258894034
0.14 0 0.05 0.23048433351384356
0.14 0 0.06 0.0955972689021447
0.14 0 0.07 0.3689095307717544
0.14 0 0.08 0.5255761058205171
0.14 0 0.09 0.7812379448811082
0.14 0 0.1 0.7551311426339595
0.14 0 0.11 0.22905811517697705
0.14 0 0.12 0.1322748583890453
0.14 0 0.13 0.4546185728756753
0.14 0 0.14 0.33135386737545863
0.14 0 0.15 0.7843768360536723
0.14 0 0.16 0.43240732959375566
0.14 0 0.17 0.530583777222192
0.14 0 0.18 0.3817379753012111
0.14 0 0.19 0.15995441208580918
0.14 0 0.2 0.08748444755876048
0.14 0 0.21 0.11637033995058649
0.14 0 0.22 0.07219362460990544
0.14 0 0.23 0.30770401021969085
0.14 0 0.24 0.6520328399653261
0.14 0 0.25 1.1428163846612078
0.14 0 0.26 3.610971092254517
0.14 0 0.27 8.835319466989375
0.14 0 0.28 9.774832099916525
0.14 0 0.29 9.019423215773777
0.14 0 0.3 4.033810949041694
0.14 0 0.31 3.102946793474565
0.14 0 0.32 7.4819729250913705
0.14 0 0.33 7.333524993479252
0.14 0 0.34 22.58382904989196
0.14 0 0.35000000000000003 18.46911089547316
0.14 0 0.36 2.987907616710582
0.14 0 0.37 0.8046158400024177
0.14 0 0.38 0.2453365275918724
0.14 0 0.39 0.03510239832211867
0.14 0 0.4 0.1317850846999012
0.14 0 0.41000000000000003 0.133812016122198
0.14 0 0.42 0.19551474645204156
0.14 0 0.43 0.10460206593653633
0.14 0 0.44 0.0391646273477924
0.14 0 0.45 0.09693240614816849
0.14 0 0.46 0.88108639063228
0.14 0 0.47000000000000003 1.607301512523106
0.14 0 0.48 8.479587637030372
0.14 0 0.49 2.7938625555648295
0.14 0 0.5 0.9539959169393657
0.15 0 0.0 0.06617777191953741
0.15 0 0.01 0.19871221968091982
0.15 0 0.02 0.1725245893356492
0.15 0 0.03 0.6560510020012694
0.15 0 0.04 0.5372107244558717
0.15 0 0.05 0.8319513495156636
0.15 0 0.06 0.21304676439144554
0.15 0 0.07 0.05711918293893433
0.15 0 0.08 0.060727397374861276
0.15 0 0.09 0.14512454088283158
0.15 0 0.1 0.16528791041584442
0.15 0 0.11 0.36958558649029943
0.15 0 0.12 0.16413919182271094
0.15 0 0.13 0.14803509091301276
0.15 0 0.14 0.36689391014514006
0.15 0 0.15 0.9470251208682269
0.15 0 0.16 1.9008627602615364
0.15 0 0.17 2.152364183779926
0.15 0 0.18 1.361996992994698
0.15 0 0.19 2.0492681384382667
0.15 0 0.2 4.1087425046114205
0.15 0 0.21 4.857315261279933
0.15 0 0.22 26.541435656147815
0.15 0 0.23 16.635542146809556
0.15 0 0.24 5.690877689586691
0.15 0 0.25 4.314665865602942
0.15 0 0.26 2.392553185354128
0.15 0 0.27 1.4915554223305094
0.15 0 0.28 5.837078889659826
0.15 0 0.29 3.510812256636287
0.15 0 0.3 11.577741185580402
0.15 0 0.31 9.021324873319479
0.15 0 0.32 7.714039484376194
0.15 0 0.33 15.190310827214493
0.15 0 0.34 9.737259182875476
0.15 0 0.35000000000000003 3.876207240965183
0.15 0 0.36 15.951774159395624
0.15 0 0.37 11.735565395510477
0.15 0 0.38 21.04739521668615
0.15 0 0.39 21.77725498471896
0.15 0 0.4 10.976311488076329
0.15 0 0.41000000000000003 6.751362348676843
0.15 0 0.42 3.3908743754200366
0.15 0 0.43 1.532974634667111
0.15 0 0.44 0.8964267061873693
0.15 0 0.45 0.3992984447271136
0.15 0 0.46 0.3627551631434001
0.15 0 0.47000000000000003 0.9793765586513078
0.15 0 0.48 1.4774462379305238
0.15 0 0.49 1.6124650603238395
0.15 0 0.5 0.9653738920608337
0.16 0 0.0 0.037543074193204386
0.16 0 0.01 0.06946420187402451
0.16 0 0.02 0.04398348406077671
0.16 0 0.03 0.011788565602896674
0.16 0 0.04 0.005021690493644609
0.16 0 0.05 0.004110719923446331
0.16 0 0.06 0.009684729100865012
0.16 0 0.07 0.03990916829304068
0.16 0 0.08 0.037936162283802595
0.16 0 0.09 0.020686891543497985
0.16 0 0.1 0.05923918803382606
0.16 0 0.11 0.04288554957816159
0.16 0 0.12 0.1281441149880262
0.16 0 0.13 0.4324276993043243
0.16 0 0.14 0.47983541155202464
0.16 0 0.15 0.4985770431199116
0.16 0 0.16 0.7275327387297449
0.16 0 0.17 0.4451048572821959
0.16 0 0.18 2.654021892147377
0.16 0 0.19 1.4795233878371907
0.16 0 0.2 2.6828974922524567
0.16 0 0.21 6.82822571939133
0.16 0 0.22 4.815740077593771
0.16 0 0.23 6.290415185142921
0.16 0 0.24 21.303353467489732
0.16 0 0.25 13.285574106158812
0.16 0 0.26 46.74093339971505
0.16 0 0.27 59.51552389400727
0.16 0 0.28 59.0345705798448
0.16 0 0.29 39.27784929227006
0.16 0 0.3 8.563294743927369
0.16 0 0.31 3.326158317256216
0.16 0 0.32 2.6885438052523116
0.16 0 0.33 2.2575996846018036
0.16 0 0.34 3.6683018288582203
0.16 0 0.35000000000000003 7.1800675718506195
0.16 0 0.36 5.001619040047862
0.16 0 0.37 5.873237223082772
0.16 0 0.38 7.871758840967466
0.16 0 0.39 13.513489393242669
0.16 0 0.4 13.819370241198019
0.16 0 0.41000000000000003 34.44211815893996
0.16 0 0.42 14.730879680172153
0.16 0 0.43 7.0959164521973195
0.16 0 0.44 1.695322638376991
0.16 0 0.45 0.9068861152818009
0.16 0 0.46 0.30065722076675483
0.16 0 0.47000000000000003 0.10268030328979377
0.16 0 0.48 0.02432951926863326
0.16 0 0.49 0.029405372395547878
0.16 0 0.5 0.019012458048832514
0.17 0 0.0 0.48993232719437596
0.17 0 0.01 0.46294363894502666
0.17 0 0.02 0.36547816314780873
0.17 0 0.03 0.25477546944820983
0.17 0 0.04 0.07325861322548076
0.17 0 0.05 0.01765447587983892
0.17 0 0.06 0.016895403111641852
0.17 0 0.07 0.0016622492866255516
0.17 0 0.08 0.0031378236369414654
0.17 0 0.09 0.004260871827315498
0.17 0 0.1 0.002997699286913891
0.17 0 0.11 0.005591528400329796
0.17 0 0.12 0.008974724251570225
0.17 0 0.13 0.010445376061940926
0.17 0 0.14 0.08073400383759623
0.17 0 0.15 0.0995802317615558
0.17 0 0.16 0.14080590134913504
0.17 0 0.17 0.09575258162680433
0.17 0 0.18 0.062154111715562045
0.17 0 0.19 0.33612643720341073
0.17 0 0.2 2.29309592002965
0.17 0 0.21 7.064538843196784
0.17 0 0.22 15.212503579807889
0.17 0 0.23 15.706263189914136
0.17 0 0.24 9.447471852544012
0.17 0 0.25 24.564989763529503
0.17 0 0.26 53.85239753890159
0.17 0 0.27 76.11611957598832
0.17 0 0.28 45.83816254135303
0.17 0 0.29 53.372876016627764
0.17 0 0.3 28.252572831083427
0.17 0 0.31 31.77366403547037
0.17 0 0.32 8.088099586016066
0.17 0 0.33 3.050718882922191
0.17 0 0.34 0.4743360410205646
0.17 0 0.35000000000000003 0.14614632015941492
0.17 0 0.36 0.15520194876993737
0.17 0 0.37 0.8481941999892881
0.17 0 0.38 1.410300425087491
0.17 0 0.39 3.8034960803497455
0.17 0 0.4 3.417770693497276
0.17 0 0.41000000000000003 2.4058651295975477
0.17 0 0.42 0.5252191766500415
0.17 0 0.43 0.2013744271144782
0.17 0 0.44 0.12358707434969066
0.17 0 0.45 0.11699450505026557
0.17 0 0.46 0.25283814008137423
0.17 0 0.47000000000000003 0.35898568611530407
0.17 0 0.48 0.1260852413332829
0.17 0 0.49 0.019063065552543047
0.17 0 0.5 0.002868718515823813
0.18 0 0.0 0.2204999130588728
0.18 0 0.01 0.17173668589565708
0.18 0 0.02 0.13291276297467486
0.18 0 0.03 0.019490536486411084
0.18 0 0.04 0.01766403111103741
0.18 0 0.05 0.009190026831538998
0.18 0 0.06 0.006708556626966718
0.18 0 0.07 0.012121769211327753
0.18 0 0.08 0.005272812585973361
0.18 0 0.09 0.0022694534888470157
0.18 0 0.1 0.0019419672002334108
0.18 0 0.11 0.0013764501951320934
0.18 0 0.12 0.0010294783604749423
0.18 0 0.13 0.0035993072354597176
0.18 0 0.14 0.013130671060173797
0.18 0 0.15 0.09375408542854341
0.18 0 0.16 0.3970841214964551
0.18 0 0.17 1.585821966230951
0.18 0 0.18 1.6905872969361642
0.18 0 0.19 1.5803766675708866
0.18 0 0.2 0.4065067210119633
0.18 0 0.21 0.49192522445189407
0.18 0 0.22 0.18363672988166746
0.18 0 0.23 0.07648617973473547
0.18 0 0.24 0.042117068577801536
0.18 0 0.25 0.05279378106390615
0.18 0 0.26 0.06559229167955187
0.18 0 0.27 0.42689988272786267
0.18 0 0.28 1.38808548186024
0.18 0 0.29 3.0012057789846858
0.18 0 0.3 1.2106742058351696
0.18 0 0.31 1.0353887507115216
0.18 0 0.32 1.7654560478182766
0.18 0 0.33 4.792007088343304
0.18 0 0.34 16.64093439903237
0.18 0 0.35000000000000003 24.182500404969257
0.18 0 0.36 20.532287758348147
0.18 0 0.37 10.798000126339595
0.18 0 0.38 4.766036801025234
0.18 0 0.39 2.8536022413554654
0.18 0 0.4 1.3433336405154988
0.18 0 0.41000000000000003 0.6732827551573608
0.18 0 0.42 2.3738163185812673
0.18 0 0.43 1.7821626325858333
0.18 0 0.44 2.0791176709154984
0.18 0 0.45 0.8744802382201746
0.18 0 0.46 0.2950254944447351
0.18 0 0.47000000000000003 0.08626790204468371
0.18 0 0.48 0.04698937425050702
0.18 0 0.49 0.017244392715425803
0.18 0 0.5 0.01693645294095566
0.19 0 0.0 0.004110090394879477
0.19 0 0.01 0.005395862147332523
0.19 0 0.02 0.003156548176468789
0.19 0 0.03 0.003735829746178944
0.19 0 0.04 0.0028062477713047453
0.19 0 0.05 0.004563298992052092
0.19 0 0.06 0.004332888391743859
0.19 0 0.07 0.003020659074234866
0.19 0 0.08 0.0012325023508146786
0.19 0 0.09 0.004148546076446036
0.19 0 0.1 0.004000841152769455
0.19 0 0.11 0.008592589883062732
0.19 0 0.12 0.017013737363775133
0.19 0 0.13 0.039780298464242365
0.19 0 0.14 0.060736506576279436
0.19 0 0.15 0.13735621601174652
0.19 0 0.16 0.14529552521411362
0.19 0 0.17 0.31267190283084495
0.19 0 0.18 0.4425141382392657
0.19 0 0.19 1.7836473489731874
0.19 0 0.2 2.7038126629934363
0.19 0 0.21 1.3351570709712342
0.19 0 0.22 0.5967889259948217
0.19 0 0.23 0.384477164138039
0.19 0 0.24 0.641147638482937
0.19 0 0.25 0.5642713552100316
0.19 0 0.26 0.2930177186848562
0.19 0 0.27 0.13163760519949658
0.19 0 0.28 0.0789375397619008
0.19 0 0.29 0.2250998470619251
0.19 0 0.3 2.8362996284421804
0.19 0 0.31 4.657496120006439
0.19 0 0.32 13.582111770424723
0.19 0 0.33 13.581987036266469
0.19 0 0.34 24.352842106329266
0.19 0 0.35000000000000003 23.927287274125618
0.19 0 0.36 16.265145560962274
0.19 0 0.37 5.893179213234503
0.19 0 0.38 3.337147542279112
0.19 0 0.39 0.977688420761165
0.19 0 0.4 2.1241251355715267
0.19 0 0.41000000000000003 1.6984805933147513
0.19 0 0.42 1.4351977540008563
0.19 0 0.43 0.7604422999460664
0.19 0 0.44 0.9090964633374671
0.19 0 0.45 0.9538844450506343
0.19 0 0.46 0.9814929254444391
0.19 0 0.47000000000000003 1.4092104466671016
0.19 0 0.48 2.0272885716536937
0.19 0 0.49 0.867814018177216
0.19 0 0.5 0.46981308783612863
0.2 0 0.0 0.01645904025460245
0.2 0 0.01 0.006517265494141135
0.2 0 0.02 0.0016942410573729352
0.2 0 0.03 0.0008555694363816403
0.2 0 0.04 0.0008466016502063995
0.2 0 0.05 0.0027333976450403907
0.2 0 0.06 0.0053342906968470456
0.2 0 0.07 0.02679475845136194
0.2 0 0.08 0.04981540491350922
0.2 0 0.09 0.05859192177267897
0.2 0 0.1 0.04830099277163425
0.2 0 0.11 0.024297483969007022
0.2 0 0.12 0.018470456680217684
0.2 0 0.13 0.01442941787210004
0.2 0 0.14 0.03966557305230731
0.2 0 0.15 0.0827539337473528
0.2 0 0.16 0.0688926788516444
0.2 0 0.17 0.08068065490663848
0.2 0 0.18 0.19404365602689116
0.2 0 0.19 0.2708608140433323
0.2 0 0.2 1.4241138703267544
0.2 0 0.21 1.244380189351875
0.2 0 0.22 1.2746940305300962
0.2 0 0.23 0.46296137805436166
0.2 0 0.24 0.38314211755142386
0.2 0 0.25 0.502501632082935
0.2 0 0.26 0.4917610321569478
0.2 0 0.27 0.12089700775911699
0.2 0 0.28 0.11427382485130874
0.2 0 0.29 0.05210284074892544
0.2 0 0.3 0.06290019017235769
0.2 0 0.31 0.07544666373614684
0.2 0 0.32 0.30922919093796947
0.2 0 0.33 1.120941151346589
0.2 0 0.34 4.2481217433127645
0.2 0 0.35000000000000003 13.182270485861041
0.2 0 0.36 14.465244881546491
0.2 0 0.37 4.7287580348583065
0.2 0 0.38 1.6152947704265577
0.2 0 0.39 0.5391763832495857
0.2 0 0.4 0.23784333980946304
0.2 0 0.41000000000000003 0.15591885733894795
0.2 0 0.42 0.13714018987548485
0.2 0 0.43 0.4268934902114967
0.2 0 0.44 0.38140589335941244
0.2 0 0.45 0.2652026218178766
0.2 0 0.46 0.09260552594556627
0.2 0 0.47000000000000003 0.05343640970930503
0.2 0 0.48 0.03904769459345337
0.2 0 0.49 0.22307049583411487
0.2 0 0.5 0.45443229765488174
0.21 0 0.0 0.0156376819086245
0.21 0 0.01 0.0173603603674222
0.21 0 0.02 0.06706859243269787
0.21 0 0.03 0.0723582727843995
0.21 0 0.04 0.029542672328384527
0.21 0 0.05 0.014016345963310575
0.21 0 0.06 0.008059507762383674
0.21 0 0.07 0.0037421952075613585
0.21 0 0.08 0.006317747560968327
0.21 0 0.09 0.006003056009741931
0.21 0 0.1 0.03067041318722469
0.21 0 0.11 0.045034681300438514
0.21 0 0.12 0.10239203122629965
0.21 0 0.13 0.11835715304706532
0.21 0 0.14 0.05462847326280827
0.21 0 0.15 0.013396206451386103
0.21 0 0.16 0.014472951060349477
0.21 0 0.17 0.0082919438230997
0.21 0 0.18 0.012493833793327924
0.21 0 0.19 0.01467759854970375
0.21 0 0.2 0.04093986624880905
0.21 0 0.21 0.04424770575838541
0.21 0 0.22 0.036441011601771954
0.21 0 0.23 0.028976378457975578
0.21 0 0.24 0.025209979428364344
0.21 0 0.25 0.028441313691843842
0.21 0 0.26 0.04049770699768897
0.21 0 0.27 0.06276621644442627
0.21 0 0.28 0.09371452696132594
0.21 0 0.29 0.11074503355945252
0.21 0 0.3 0.13340219597601602
0.21 0 0.31 0.21781994130595475
0.21 0 0.32 0.11534188531259068
0.21 0 0.33 0.2039080540190888
0.21 0 0.34 0.2667294639387786
0.21 0 0.35000000000000003 0.2924492525925458
0.21 0 0.36 0.10791994046991432
0.21 0 0.37 0.10179112931528932
0.21 0 0.38 0.06495909319322203
0.21 0 0.39 0.16630251416951353
0.21 0 0.4 0.29687109831867275
0.21 0 0.41000000000000003 0.1998026997771591
0.21 0 0.42 0.017570221565101827
0.21 0 0.43 0.0026957918295171758
0.21 0 0.44 0.0005480429403085073
0.21 0 0.45 0.0027638007765062823
0.21 0 0.46 0.007489244254678286
0.21 0 0.47000000000000003 0.024181820729442915
0.21 0 0.48 0.13556416038498895
0.21 0 0.49 0.11235405211384
0.21 0 0.5 0.06416727827988247
0.22 0 0.0 0.6199201647399787
0.22 0 0.01 0.6037011571523354
0.22 0 0.02 0.5062669839010048
0.22 0 0.03 0.19424012120580025
0.22 0 0.04 0.06766273013772842
0.22 0 0.05 0.008749006661085922
0.22 0 0.06 0.006067046864589874
0.22 0 0.07 0.007834395100991404
0.22 0 0.08 0.025170819170083857
0.22 0 0.09 0.015157502997056965
0.22 0 0.1 0.005522723145810466
0.22 0 0.11 0.0026221671395217708
0.22 0 0.12 0.0035128641677200255
0.22 0 0.13 0.0090677207036231
0.22 0 0.14 0.02102893439312374
0.22 0 0.15 0.04836206637455548
0.22 0 0.16 0.059965300139681044
0.22 0 0.17 0.053123283953536
0.22 0 0.18 0.04090220113934656
0.22 0 0.19 0.016845154111323882
0.22 0 0.2 0.0027891669967093596
0.22 0 0.21 0.00269288870783772
0.22 0 0.22 0.0029421526619508873
0.22 0 0.23 0.007111882084597013
0.22 0 0.24 0.008005989824041526
0.22 0 0.25 0.013496884558227173
0.22 0 0.26 0.00736225257889061
0.22 0 0.27 0.010016716056095377
0.22 0 0.28 0.013238868211643573
0.22 0 0.29 0.036009871704555316
0.22 0 0.3 0.047478403751713937
0.22 0 0.31 0.07325568178820835
0.22 0 0.32 0.08621406288599885
0.22 0 0.33 0.4572922179395082
0.22 0 0.34 0.34766620126505327
0.22 0 0.35000000000000003 0.6098006097920149
0.22 0 0.36 0.8665142510069193
0.22 0 0.37 0.22209657554489973
0.22 0 0.38 0.11714792609177144
0.22 0 0.39 0.06714531447775207
0.22 0 0.4 0.014319605228496903
0.22 0 0.41000000000000003 0.012331762945483112
0.22 0 0.42 0.005337959204339275
0.22 0 0.43 0.005645063231391836
0.22 0 0.44 0.022970683487457632
0.22 0 0.45 0.009998963640873784
0.22 0 0.46 0.017220209884757358
0.22 0 0.47000000000000003 0.014537200773694622
0.22 0 0.48 0.0037529664923527705
0.22 0 0.49 0.0021008597940459523
0.22 0 0.5 0.0014683837881231333
0.23 0 0.0 0.20111452170753533
0.23 0 0.01 0.16138582317373998
0.23 0 0.02 0.14043613949494987
0.23 0 0.03 0.1447623082706476
0.23 0 0.04 0.05767113509459164
0.23 0 0.05 0.03864614863646983
0.23 0 0.06 0.04736200400744522
0.23 0 0.07 0.036950516937909794
0.23 0 0.08 0.010147814509244155
0.23 0 0.09 0.004033419290503496
0.23 0 0.1 0.0010025699547976088
0.23 0 0.11 0.0013459373952766091
0.23 0 0.12 0.002217015067718542
0.23 0 0.13 0.01014853854866659
0.23 0 0.14 0.01095293378495443
0.23 0 0.15 0.013599075789452948
0.23 0 0.16 0.012340642586274833
0.23 0 0.17 0.03127971135595268
0.23 0 0.18 0.03182818061452582
0.23 0 0.19 0.031609006834175585
0.23 0 0.2 0.03831932776911718
0.23 0 0.21 0.11597605248583337
0.23 0 0.22 0.04639969097571578
0.23 0 0.23 0.043164680833105505
0.23 0 0.24 0.011696522281750254
0.23 0 0.25 0.0024919832482826216
0.23 0 0.26 0.003786026663977155
0.23 0 0.27 0.005840304566767978
0.23 0 0.28 0.009119318851920702
0.23 0 0.29 0.016306035559641732
0.23 0 0.3 0.009048198627321145
0.23 0 0.31 0.043278186064632795
0.23 0 0.32 0.3539674761155484
0.23 0 0.33 0.4401364243445161
0.23 0 0.34 1.3953202935868294
0.23 0 0.35000000000000003 0.3240091978890634
0.23 0 0.36 0.07578676902246388
0.23 0 0.37 0.08433999927482635
0.23 0 0.38 0.11066708893204398
0.23 0 0.39 0.09365179491392041
0.23 0 0.4 0.13910541840712715
0.23 0 0.41000000000000003 0.025459316470056264
0.23 0 0.42 0.016735768374731
0.23 0 0.43 0.005579281418779895
0.23 0 0.44 0.0030592937909566403
0.23 0 0.45 0.0021950932248551184
0.23 0 0.46 0.0018061080488046871
0.23 0 0.47000000000000003 0.0006509556596334688
0.23 0 0.48 0.002085533229689754
0.23 0 0.49 0.0020876377739432986
0.23 0 0.5 0.0014916569314320793
0.24 0 0.0 0.11796527034705873
0.24 0 0.01 0.4716614741071098
0.24 0 0.02 0.34899639974067687
0.24 0 0.03 0.17232944450362495
0.24 0 0.04 0.0456093192493519
0.24 0 0.05 0.04415692588920595
0.24 0 0.06 0.028936291110855824
0.24 0 0.07 0.03241643705196676
0.24 0 0.08 0.02952453123507661
0.24 0 0.09 0.01688892106286921
0.24 0 0.1 0.002224375575616804
0.24 0 0.11 0.0019182835789844142
0.24 0 0.12 0.0010485820817287285
0.24 0 0.13 0.001663871658671061
0.24 0 0.14 0.00589280859646971
0.24 0 0.15 0.010951493818937641
0.24 0 0.16 0.044164385541297375
0.24 0 0.17 0.07250388920385309
0.24 0 0.18 0.03856696671733086
0.24 0 0.19 0.07331686337147779
0.24 0 0.2 0.051216716699776295
0.24 0 0.21 0.033064853489718986
0.24 0 0.22 0.099364171107689
0.24 0 0.23 0.020033671345740866
0.24 0 0.24 0.008947301013921334
0.24 0 0.25 0.005046035340024406
0.24 0 0.26 0.0036429437519021877
0.24 0 0.27 0.005774536888629587
0.24 0 0.28 0.014240962073856101
0.24 0 0.29 0.01000755669799541
0.24 0 0.3 0.03132998426315058
0.24 0 0.31 0.0271432807691493
0.24 0 0.32 0.08231970456566043
0.24 0 0.33 0.28614371059742366
0.24 0 0.34 0.3988017703917939
0.24 0 0.35000000000000003 0.22132096920696748
0.24 0 0.36 0.5674889906128575
0.24 0 0.37 0.3674329247695696
0.24 0 0.38 0.5603133536349513
0.24 0 0.39 0.915638035530563
0.24 0 0.4 0.5220848048862523
0.24 0 0.41000000000000003 0.17981615495351863
0.24 0 0.42 0.04106332465921139
0.24 0 0.43 0.009792024099579468
0.24 0 0.44 0.012746880637351476
0.24 0 0.45 0.007393397073991635
0.24 0 0.46 0.005341764362954196
0.24 0 0.47000000000000003 0.0098589511233342
0.24 0 0.48 0.0031732076360447264
0.24 0 0.49 0.004707252994156102
0.24 0 0.5 0.006740575659996962
0.25 0 0.0 0.0965894123266513
0.25 0 0.01 0.2657657739954208
0.25 0 0.02 0.3606249077747686
0.25 0 0.03 0.2857866249430193
0.25 0 0.04 0.43081402871912683
0.25 0 0.05 0.115033706165875
0.25 0 0.06 0.026726498926576536
0.25 0 0.07 0.009713819005458769
0.25 0 0.08 0.0010707348987121742
0.25 0 0.09 0.0006715075277283368
0.25 0 0.1 0.0021279849015278275
0.25 0 0.11 0.0016756289098022843
0.25 0 0.12 0.006840551498595371
0.25 0 0.13 0.007086614956568568
0.25 0 0.14 0.00704514403469019
0.25 0 0.15 0.006721411708982643
0.25 0 0.16 0.004375833186094266
0.25 0 0.17 0.002228049445397516
0.25 0 0.18 0.004586976661374746
0.25 0 0.19 0.0028133120044452208
0.25 0 0.2 0.014251265032646053
0.25 0 0.21 0.03145297247924162
0.25 0 0.22 0.01028527407585549
0.25 0 0.23 0.0014174006626446326
0.25 0 0.24 0.0008453343052157695
0.25 0 0.25 0.000548115695889438
0.25 0 0.26 0.0036897786161981284
0.25 0 0.27 0.011988366549822549
0.25 0 0.28 0.010476560243746871
0.25 0 0.29 0.005125725880095585
0.25 0 0.3 0.0013396346092868004
0.25 0 0.31 0.0009798289758622643
0.25 0 0.32 0.001525969027976686
0.25 0 0.33 0.0004116359839062251
0.25 0 0.34 0.00033979898642152773
0.25 0 0.35000000000000003 0.0009438804789399509
0.25 0 0.36 0.0014538445438801821
0.25 0 0.37 0.008490258866150515
0.25 0 0.38 0.006868872322659203
0.25 0 0.39 0.0068434339193967145
0.25 0 0.4 0.010952869993557993
0.25 0 0.41000000000000003 0.027823614122373885
0.25 0 0.42 0.09949013917689883
0.25 0 0.43 0.14259953252972568
0.25 0 0.44 0.02819479293567979
0.25 0 0.45 0.054589145531731505
0.25 0 0.46 0.028105016798504807
0.25 0 0.47000000000000003 0.04316259569639411
0.25 0 0.48 0.03337102165127419
0.25 0 0.49 0.010312762816430853
0.25 0 0.5 0.004309360086376384
0.26 0 0.0 0.0061849573675173556
0.26 0 0.01 0.00436287201809043
0.26 0 0.02 0.004813915208775259
0.26 0 0.03 0.002781106093808033
0.26 0 0.04 0.002703356406349742
0.26 0 0.05 0.008701985179411498
0.26 0 0.06 0.037449091506311975
0.26 0 0.07 0.019961803601357724
0.26 0 0.08 0.0547618459593256
0.26 0 0.09 0.04482105033870454
0.26 0 0.1 0.025630887151597247
0.26 0 0.11 0.01388304531667515
0.26 0 0.12 0.007737591826319772
0.26 0 0.13 0.0017812460051131055
0.26 0 0.14 0.0019437073486775413
0.26 0 0.15 0.0012858193932714132
0.26 0 0.16 0.0021547020179433604
0.26 0 0.17 0.0029637695798653135
0.26 0 0.18 0.001112078756885389
0.26 0 0.19 0.0009795794200142384
0.26 0 0.2 0.0006064767521482546
0.26 0 0.21 0.00012383379484128966
0.26 0 0.22 0.00010877609627657163
0.26 0 0.23 8.983373958516879e-05
0.26 0 0.24 8.95857955027749e-05
0.26 0 0.25 0.000632816426293442
0.26 0 0.26 0.001011127086185109
0.26 0 0.27 0.0025329583251255975
0.26 0 0.28 0.0011552486116351004
0.26 0 0.29 0.0004913979498888528
0.26 0 0.3 0.0006790287395255938
0.26 0 0.31 0.0011326800018712807
0.26 0 0.32 0.001295939568521678
0.26 0 0.33 0.003551614485845732
0.26 0 0.34 0.0006779939004750763
0.26 0 0.35000000000000003 0.0006498598083793697
0.26 0 0.36 0.00048365981171015075
0.26 0 0.37 0.0006243934799189076
0.26 0 0.38 0.0008029191891837604
0.26 0 0.39 0.0007016922641564355
0.26 0 0.4 0.000756634113431355
0.26 0 0.41000000000000003 0.0019164885100054852
0.26 0 0.42 0.0008546078349695365
0.26 0 0.43 0.0016849526178601994
0.26 0 0.44 0.003146662439522045
0.26 0 0.45 0.0030187443864891973
0.26 0 0.46 0.005109487159583173
0.26 0 0.47000000000000003 0.003839572554200017
0.26 0 0.48 0.0010524801222582757
0.26 0 0.49 0.0006121636113926189
0.26 0 0.5 0.0008310527452874205
0.27 0 0.0 0.00022560110257868895
0.27 0 0.01 0.00011519043813909553
0.27 0 0.02 0.00017987855643744334
0.27 0 0.03 0.0001568355244327072
0.27 0 0.04 0.0005349703936659042
0.27 0 0.05 0.0007285545394621197
0.27 0 0.06 0.0007077334327190906
0.27 0 0.07 0.00440566409889444
0.27 0 0.08 0.009550872042693689
0.27 0 0.09 0.006757467881159007
0.27 0 0.1 0.0037522149111813155
0.27 0 0.11 0.0005082924947598594
0.27 0 0.12 0.0002480158411554212
0.27 0 0.13 0.000824568547265639
0.27 0 0.14 0.0009030309592351058
0.27 0 0.15 0.0015544270280654123
0.27 0 0.16 0.00023070237061618317
0.27 0 0.17 0.00011804850996012082
0.27 0 0.18 0.0002502028275387642
0.27 0 0.19 0.0005865394811205606
0.27 0 0.2 0.0013783314183226838
0.27 0 0.21 0.0028042726397843384
0.27 0 0.22 0.0005574410797970342
0.27 0 0.23 0.000603276612560262
0.27 0 0.24 0.0002585978500312076
0.27 0 0.25 0.00032475386527270245
0.27 0 0.26 0.0002713531331445294
0.27 0 0.27 0.00023321280962185182
0.27 0 0.28 0.0005754190564748413
0.27 0 0.29 0.0016264595527797452
0.27 0 0.3 0.0011696358666191853
0.27 0 0.31 0.0035880073885570596
0.27 0 0.32 0.004574039737321048
0.27 0 0.33 0.00513250949440367
0.27 0 0.34 0.011176900843148367
0.27 0 0.35000000000000003 0.012639713745237207
0.27 0 0.36 0.010949544714623642
0.27 0 0.37 0.006272954397165834
0.27 0 0.38 0.002253557572549288
0.27 0 0.39 0.0016409737942875828
0.27 0 0.4 0.0021773885456472823
0.27 0 0.41000000000000003 0.0007297945931216443
0.27 0 0.42 0.0011161427679449467
0.27 0 0.43 0.0005092544032847141
0.27 0 0.44 0.0002129277884628975
0.27 0 0.45 0.0005003787786373602
0.27 0 0.46 0.0014892566350777957
0.27 0 0.47000000000000003 0.0008971512718892992
0.27 0 0.48 0.001493788536559773
0.27 0 0.49 0.00018913315956313727
0.27 0 0.5 0.00016371364018940803
0.28 0 0.0 0.00019946552034987518
0.28 0 0.01 0.00012311132142191962
0.28 0 0.02 5.3878115382339643e-05
0.28 0 0.03 0.0002183956363068205
0.28 0 0.04 0.0002433897794555681
0.28 0 0.05 0.0008698339495877683
0.28 0 0.06 0.0005469451755798378
0.28 0 0.07 0.00014464261201246667
0.28 0 0.08 0.00017332940310157077
0.28 0 0.09 0.0007042876204527293
0.28 0 0.1 0.0010400276716352273
0.28 0 0.11 0.0025451013290362415
0.28 0 0.12 0.0009975629705853547
0.28 0 0.13 0.0024336416520542403
0.28 0 0.14 0.003644605062693057
0.28 0 0.15 0.007052202365188694
0.28 0 0.16 0.014582806065472164
0.28 0 0.17 0.009442967249609824
0.28 0 0.18 0.0037709255258072407
0.28 0 0.19 0.008179392373561196
0.28 0 0.2 0.0076248453117241256
0.28 0 0.21 0.010132199034849602
0.28 0 0.22 0.01859849369764265
0.28 0 0.23 0.03546529295991386
0.28 0 0.24 0.12147201718882297
0.28 0 0.25 0.12043597527919796
0.28 0 0.26 0.044887781394875016
0.28 0 0.27 0.02104668158480766
0.28 0 0.28 0.008873952073037743
0.28 0 0.29 0.0029338949998789408
0.28 0 0.3 0.008456553778363556
0.28 0 0.31 0.00564401704526984
0.28 0 0.32 0.010097348261693567
0.28 0 0.33 0.04090645458615186
0.28 0 0.34 0.06052474152001918
0.28 0 0.35000000000000003 0.03526087161932538
0.28 0 0.36 0.02557184754304278
0.28 0 0.37 0.0026421950978948866
0.28 0 0.38 0.00513716143738395
0.28 0 0.39 0.004543827537885238
0.28 0 0.4 0.007118676732031695
0.28 0 0.41000000000000003 0.018691253372948403
0.28 0 0.42 0.007360670826079531
0.28 0 0.43 0.0025900959619316773
0.28 0 0.44 0.004875120312507813
0.28 0 0.45 0.001123558879312275
0.28 0 0.46 0.001237533368234652
0.28 0 0.47000000000000003 0.0012848381031097078
0.28 0 0.48 0.0007218467354386398
0.28 0 0.49 0.0007119528561788567
0.28 0 0.5 0.00027580713187092877
0.29 0 0.0 0.00020379518736192957
0.29 0 0.01 0.002298779369209351
0.29 0 0.02 0.002210739940583894
0.29 0 0.03 0.002065370581907792
0.29 0 0.04 0.0019646350666151376
0.29 0 0.05 0.0013889700948112188
0.29 0 0.06 0.0019372729873428137
0.29 0 0.07 0.006885576624873788
0.29 0 0.08 0.007376191835038491
0.29 0 0.09 0.008236681567356876
0.29 0 0.1 0.005740192752335374
0.29 0 0.11 0.006973014653089357
0.29 0 0.12 0.025823908768854147
0.29 0 0.13 0.03709424681965633
0.29 0 0.14 0.04467682730773228
0.29 0 0.15 0.04076158852194365
0.29 0 0.16 0.02170297168062335
0.29 0 0.17 0.027142653716567752
0.29 0 0.18 0.20290891157334656
0.29 0 0.19 0.1488975983150794
0.29 0 0.2 0.18912606744530897
0.29 0 0.21 0.11396149547784676
0.29 0 0.22 0.0805808231085343
0.29 0 0.23 0.1796046851661107
0.29 0 0.24 0.2774443291899645
0.29 0 0.25 0.05044250564729049
0.29 0 0.26 0.030980486860430326
0.29 0 0.27 0.0031508412563773635
0.29 0 0.28 0.006345031917191755
0.29 0 0.29 0.01792876547381474
0.29 0 0.3 0.004457777410492702
0.29 0 0.31 0.0013566546932612174
0.29 0 0.32 0.0007220081952133391
0.29 0 0.33 0.0002633407291670126
0.29 0 0.34 0.0016199624426939507
0.29 0 0.35000000000000003 0.003129461740000422
0.29 0 0.36 0.00444906064123775
0.29 0 0.37 0.008197425198761786
0.29 0 0.38 0.008384174953315988
0.29 0 0.39 0.036783205587325826
0.29 0 0.4 0.07161921130075573
0.29 0 0.41000000000000003 0.02490807628901136
0.29 0 0.42 0.011094502481409734
0.29 0 0.43 0.007758927788142443
0.29 0 0.44 0.002456086049981728
0.29 0 0.45 0.0018533571402452147
0.29 0 0.46 0.0006768868068928164
0.29 0 0.47000000000000003 0.00033694973001074474
0.29 0 0.48 0.00014941667947585265
0.29 0 0.49 0.0002558254350371209
0.29 0 0.5 0.0001994220116267285
0.3 0 0.0 0.0011581888241740037
0.3 0 0.01 0.0011664213567825737
0.3 0 0.02 0.004051635632366407
0.3 0 0.03 0.010483941176967795
0.3 0 0.04 0.014506391108397885
0.3 0 0.05 0.03540552456803907
0.3 0 0.06 0.11855642961602277
0.3 0 0.07 0.0537822970942497
0.3 0 0.08 0.08207786414244825
0.3 0 0.09 0.029461748072727518
0.3 0 0.1 0.020298693821054068
0.3 0 0.11 0.023768835029511975
0.3 0 0.12 0.018066057650613105
0.3 0 0.13 0.01633043108100923
0.3 0 0.14 0.03469655781601018
0.3 0 0.15 0.007801867574978752
0.3 0 0.16 0.02980485954645766
0.3 0 0.17 0.03149022489801651
0.3 0 0.18 0.020986459816765217
0.3 0 0.19 0.07387355519457611
0.3 0 0.2 0.11222563184859885
0.3 0 0.21 0.06446461726088955
0.3 0 0.22 0.06581690132598186
0.3 0 0.23 0.01201771377483251
0.3 0 0.24 0.011863869609425988
0.3 0 0.25 0.011964772575842442
0.3 0 0.26 0.0057815383019890155
0.3 0 0.27 0.00888337911357782
0.3 0 0.28 0.0026689642383735017
0.3 0 0.29 0.0005860156821080383
0.3 0 0.3 0.00048767187830424684
0.3 0 0.31 0.000632871517195808
0.3 0 0.32 0.0005415988759991991
0.3 0 0.33 0.0008493681059016966
0.3 0 0.34 0.00035443642599741363
0.3 0 0.35000000000000003 0.00022106958018234033
0.3 0 0.36 0.00012561186135548396
0.3 0 0.37 0.0002739828782196273
0.3 0 0.38 0.0005743327469808864
0.3 0 0.39 0.002263600576959088
0.3 0 0.4 0.0019599918141086047
0.3 0 0.41000000000000003 0.004248002569002923
0.3 0 0.42 0.0032406743569343356
0.3 0 0.43 0.0026327280113095032
0.3 0 0.44 0.0021767955635151656
0.3 0 0.45 0.0023728444562362253
0.3 0 0.46 0.0013151893708551303
0.3 0 0.47000000000000003 0.0020863679767156524
0.3 0 0.48 0.0012809106595658142
0.3 0 0.49 0.0006558931455834532
0.3 0 0.5 0.00015132912189822672
#STOP
