#MEDIUM_PROPERTIES_DISTRIBUTED
$MSH_TYPE
	 GROUNDWATER_FLOW	
$MMP_TYPE
	 PERMEABILITY	
$DIS_TYPE
	 NEAREST_VALUE	
;hj
$CONVERSION_FACTOR
2e-8;2e-6;2e-13
$DATA
0.0 0 0.0 0.36769900312846215
0.0 0 0.01 0.4017115928195965
0.0 0 0.02 0.36718645463045485
0.0 0 0.03 0.3549755594352241
0.0 0 0.04 0.2375075110481
0.0 0 0.05 0.2473923899583919
0.0 0 0.06 0.26278729873071277
0.0 0 0.07 0.2470475752902698
0.0 0 0.08 0.4089549717222906
0.0 0 0.09 0.6274656171740052
0.0 0 0.1 0.6406253019512204
0.0 0 0.11 0.45034604097380443
0.0 0 0.12 0.5660359517671596
0.0 0 0.13 0.19677264188519009
0.0 0 0.14 0.26172045565973134
0.0 0 0.15 0.3030343360746802
0.0 0 0.16 0.5849644079353188
0.0 0 0.17 0.5862491988330034
0.0 0 0.18 0.5521175989972423
0.0 0 0.19 0.8142963226482707
0.0 0 0.2 1.0093185315846125
0.0 0 0.21 1.7563132731924531
0.0 0 0.22 1.1741665887284196
0.0 0 0.23 1.5669700337853
0.0 0 0.24 1.3846189270498028
0.0 0 0.25 1.164628819010178
0.0 0 0.26 0.9344075636290817
0.0 0 0.27 0.8838954225541816
0.0 0 0.28 0.8578818543792363
0.0 0 0.29 6.0208912912700105
0.0 0 0.3 2.9543089547204335
0.0 0 0.31 3.309602738481276
0.0 0 0.32 2.7512541020927825
0.0 0 0.33 0.9343501484200294
0.0 0 0.34 0.8732443726414121
0.0 0 0.35000000000000003 0.5506921140510403
0.0 0 0.36 0.4882896898471818
0.0 0 0.37 0.3835061948143768
0.0 0 0.38 0.46296664932802345
0.0 0 0.39 1.018963611167382
0.0 0 0.4 0.8632672793692221
0.0 0 0.41000000000000003 0.2458555595518432
0.0 0 0.42 0.31529973366563696
0.0 0 0.43 0.26913486593374836
0.0 0 0.44 0.40411717870047453
0.0 0 0.45 0.4101018624331724
0.0 0 0.46 0.28433967291604034
0.0 0 0.47000000000000003 0.36888543125798634
0.0 0 0.48 0.523159605330841
0.0 0 0.49 0.23368122278390357
0.0 0 0.5 0.355683852960008
0.01 0 0.0 0.24721756478145857
0.01 0 0.01 0.3693220292247013
0.01 0 0.02 0.13173010530476126
0.01 0 0.03 0.08621829728041609
0.01 0 0.04 0.15269178758837149
0.01 0 0.05 0.4512688696290172
0.01 0 0.06 0.8695377835664435
0.01 0 0.07 0.6347856365480166
0.01 0 0.08 0.5075492644847319
0.01 0 0.09 0.35991529632002217
0.01 0 0.1 0.3221201758971802
0.01 0 0.11 0.2702570877159213
0.01 0 0.12 0.38387798589581723
0.01 0 0.13 0.3139300998076976
0.01 0 0.14 0.3271293844407559
0.01 0 0.15 0.2244764756903142
0.01 0 0.16 0.5194675693641135
0.01 0 0.17 1.473290034429531
0.01 0 0.18 1.9238833463333882
0.01 0 0.19 2.1085180481968853
0.01 0 0.2 6.098439816152918
0.01 0 0.21 4.9465188520629
0.01 0 0.22 3.5650646424711145
0.01 0 0.23 3.701725221513162
0.01 0 0.24 1.6503376054985168
0.01 0 0.25 3.9305856207408487
0.01 0 0.26 2.0977053657815996
0.01 0 0.27 1.0142458405215689
0.01 0 0.28 1.8514073120113843
0.01 0 0.29 1.5257775477502156
0.01 0 0.3 4.688947520090984
0.01 0 0.31 2.649469078471071
0.01 0 0.32 1.325325444929494
0.01 0 0.33 1.0101931472770302
0.01 0 0.34 0.6000503731773397
0.01 0 0.35000000000000003 1.1104881179098969
0.01 0 0.36 0.5612628123866636
0.01 0 0.37 0.3431188055924396
0.01 0 0.38 0.501105901618743
0.01 0 0.39 0.32730586080435414
0.01 0 0.4 0.22369250541287566
0.01 0 0.41000000000000003 0.24013889089230808
0.01 0 0.42 0.16557426993704694
0.01 0 0.43 0.4603474841384999
0.01 0 0.44 0.22184595202253143
0.01 0 0.45 0.2031836412853329
0.01 0 0.46 0.16382668008511864
0.01 0 0.47000000000000003 0.28872527280885096
0.01 0 0.48 0.29836257963274826
0.01 0 0.49 0.6274587224167079
0.01 0 0.5 0.28893922941004235
0.02 0 0.0 0.31463865475398123
0.02 0 0.01 0.297166276543607
0.02 0 0.02 0.17338852886940492
0.02 0 0.03 0.12100167915309673
0.02 0 0.04 0.2799357920634268
0.02 0 0.05 0.31698505393183907
0.02 0 0.06 0.369299578140848
0.02 0 0.07 0.3093501625844956
0.02 0 0.08 0.3581270324395227
0.02 0 0.09 0.6062818613089461
0.02 0 0.1 0.40022778269463954
0.02 0 0.11 0.1754706224273567
0.02 0 0.12 0.20379045771670193
0.02 0 0.13 0.7148819217378483
0.02 0 0.14 0.8884180763541016
0.02 0 0.15 2.1961039344875215
0.02 0 0.16 1.9419745371642552
0.02 0 0.17 4.324758777216885
0.02 0 0.18 2.767329743992967
0.02 0 0.19 4.302618053573092
0.02 0 0.2 3.380764954333395
0.02 0 0.21 1.7983969040011138
0.02 0 0.22 2.5215843228415498
0.02 0 0.23 1.2224104746234343
0.02 0 0.24 1.1683175324952755
0.02 0 0.25 1.3102746040979392
0.02 0 0.26 1.9217712593169407
0.02 0 0.27 1.321874433493494
0.02 0 0.28 1.3329803638420024
0.02 0 0.29 1.8357935709386688
0.02 0 0.3 7.9167051857675945
0.02 0 0.31 3.531706163884409
0.02 0 0.32 1.9633296209713884
0.02 0 0.33 1.5487652213134575
0.02 0 0.34 1.1572156690961342
0.02 0 0.35000000000000003 0.7556534991869279
0.02 0 0.36 0.6932019157975696
0.02 0 0.37 0.5525358898624134
0.02 0 0.38 0.45422367686438636
0.02 0 0.39 0.32156125361345994
0.02 0 0.4 0.19404173910541062
0.02 0 0.41000000000000003 0.29785788888424575
0.02 0 0.42 0.13859431604992173
0.02 0 0.43 0.1979153087205461
0.02 0 0.44 0.4397037501680479
0.02 0 0.45 0.6946101635575906
0.02 0 0.46 0.7671420476781204
0.02 0 0.47000000000000003 0.39989750598088525
0.02 0 0.48 0.4441357017956654
0.02 0 0.49 0.40948702007586646
0.02 0 0.5 0.4082895411691694
0.03 0 0.0 0.36250892662565065
0.03 0 0.01 0.32466385029930045
0.03 0 0.02 0.4683739977957453
0.03 0 0.03 0.18052232961173362
0.03 0 0.04 0.2928277724765696
0.03 0 0.05 0.2633582525042086
0.03 0 0.06 0.38142835465656383
0.03 0 0.07 0.2835466229770782
0.03 0 0.08 0.3104224915272488
0.03 0 0.09 0.22707209341570697
0.03 0 0.1 0.21241001309794064
0.03 0 0.11 0.2672523273120528
0.03 0 0.12 0.33423007914717595
0.03 0 0.13 0.9103431522104971
0.03 0 0.14 1.4910538627123098
0.03 0 0.15 3.8109909294006576
0.03 0 0.16 2.565420409159119
0.03 0 0.17 2.796614514365539
0.03 0 0.18 3.6991209244083794
0.03 0 0.19 3.725462104296305
0.03 0 0.2 2.7367010366664406
0.03 0 0.21 2.727794260699984
0.03 0 0.22 1.7939536177397404
0.03 0 0.23 1.0858422940803423
0.03 0 0.24 1.0264919181930832
0.03 0 0.25 1.8400082397949702
0.03 0 0.26 1.7675640996106086
0.03 0 0.27 1.0963343501851337
0.03 0 0.28 1.8191107278545908
0.03 0 0.29 2.499569665719722
0.03 0 0.3 2.8892049082167164
0.03 0 0.31 1.7378146793587985
0.03 0 0.32 2.3027054056919236
0.03 0 0.33 1.7176685201615964
0.03 0 0.34 1.0065270540736628
0.03 0 0.35000000000000003 1.4826459307997748
0.03 0 0.36 0.9558244530436628
0.03 0 0.37 1.250559845173602
0.03 0 0.38 0.691167615321011
0.03 0 0.39 0.5841289681407292
0.03 0 0.4 0.6408968489058005
0.03 0 0.41000000000000003 0.6418470401169738
0.03 0 0.42 0.6135558963822528
0.03 0 0.43 0.6288255321610356
0.03 0 0.44 0.8084275109427617
0.03 0 0.45 0.7668532076771857
0.03 0 0.46 0.965651771057828
0.03 0 0.47000000000000003 0.4051800907631495
0.03 0 0.48 0.4093550685080244
0.03 0 0.49 0.5687870068395654
0.03 0 0.5 0.7852407262302108
0.04 0 0.0 0.2760611907608237
0.04 0 0.01 0.45574580681444177
0.04 0 0.02 0.5244798127276967
0.04 0 0.03 0.378460747471572
0.04 0 0.04 0.3946263246815147
0.04 0 0.05 0.2775754244900425
0.04 0 0.06 0.204874376552164
0.04 0 0.07 0.4032789961501143
0.04 0 0.08 0.22571891352689002
0.04 0 0.09 0.3326216098033421
0.04 0 0.1 0.2903498488425991
0.04 0 0.11 0.7949328117535319
0.04 0 0.12 1.6986926909771385
0.04 0 0.13 1.1571002604358411
0.04 0 0.14 0.8982743079987711
0.04 0 0.15 2.319567162503444
0.04 0 0.16 2.7132944983881315
0.04 0 0.17 3.7743194773825413
0.04 0 0.18 4.280896824924385
0.04 0 0.19 2.6016474762085444
0.04 0 0.2 3.5631485059321335
0.04 0 0.21 2.2253459214606752
0.04 0 0.22 2.731049210481833
0.04 0 0.23 0.7297112098244269
0.04 0 0.24 1.28072257843114
0.04 0 0.25 1.7411524012890922
0.04 0 0.26 1.0737783623991155
0.04 0 0.27 0.6597359116231755
0.04 0 0.28 1.3233426632620533
0.04 0 0.29 1.0349609947825078
0.04 0 0.3 0.8106829823974503
0.04 0 0.31 1.235439190387552
0.04 0 0.32 0.7340571123357524
0.04 0 0.33 0.9715161394051112
0.04 0 0.34 0.5218761969178212
0.04 0 0.35000000000000003 0.5388172401493464
0.04 0 0.36 0.3362805843389513
0.04 0 0.37 0.3450746439374157
0.04 0 0.38 0.29707380299447866
0.04 0 0.39 0.7109601585001354
0.04 0 0.4 0.44673144529407804
0.04 0 0.41000000000000003 0.8122724614195699
0.04 0 0.42 0.4275857531079586
0.04 0 0.43 0.4494703743705662
0.04 0 0.44 1.0097202148189401
0.04 0 0.45 1.111143056504859
0.04 0 0.46 1.2304457794533556
0.04 0 0.47000000000000003 0.35686930829730584
0.04 0 0.48 0.7552211719647263
0.04 0 0.49 1.2363958538357958
0.04 0 0.5 0.5891336319870251
0.05 0 0.0 1.1614282597573586
0.05 0 0.01 0.4905949195821689
0.05 0 0.02 1.1853732242109094
0.05 0 0.03 0.9022622295301038
0.05 0 0.04 0.41941950203913614
0.05 0 0.05 0.52240697421515
0.05 0 0.06 0.5138860528211111
0.05 0 0.07 0.3261580526955485
0.05 0 0.08 0.19035281850652794
0.05 0 0.09 0.20638471778942233
0.05 0 0.1 0.1967809223890731
0.05 0 0.11 0.5927826650287893
0.05 0 0.12 0.8177215669666313
0.05 0 0.13 0.628520688776744
0.05 0 0.14 0.46844336888461513
0.05 0 0.15 1.2978331320887309
0.05 0 0.16 1.2613222515974822
0.05 0 0.17 3.2784327203963253
0.05 0 0.18 2.2459961947945106
0.05 0 0.19 1.708196498164315
0.05 0 0.2 3.413765405078441
0.05 0 0.21 4.233276453562622
0.05 0 0.22 4.221878206849254
0.05 0 0.23 1.6713141951371007
0.05 0 0.24 1.7028734245335082
0.05 0 0.25 1.335197869055014
0.05 0 0.26 1.7718326789780037
0.05 0 0.27 1.034336136878317
0.05 0 0.28 1.493105634515649
0.05 0 0.29 1.4964796001368832
0.05 0 0.3 1.7974009675718652
0.05 0 0.31 1.693650103872617
0.05 0 0.32 1.8852572620074886
0.05 0 0.33 1.3580061833898571
0.05 0 0.34 0.8233478150703559
0.05 0 0.35000000000000003 1.0457535978947754
0.05 0 0.36 0.8274383689526001
0.05 0 0.37 1.021025982885108
0.05 0 0.38 0.9503310420180461
0.05 0 0.39 1.2611052012011112
0.05 0 0.4 1.75034554965885
0.05 0 0.41000000000000003 1.8935961074845544
0.05 0 0.42 1.5357603217825613
0.05 0 0.43 1.7973929399398423
0.05 0 0.44 1.461594744905611
0.05 0 0.45 1.0909060402523314
0.05 0 0.46 0.9607055191838433
0.05 0 0.47000000000000003 0.4869488837911363
0.05 0 0.48 0.7923255232637657
0.05 0 0.49 1.033643597855055
0.05 0 0.5 0.5615604899446369
0.06 0 0.0 0.2967564057484113
0.06 0 0.01 0.44578585051452
0.06 0 0.02 0.6403744914800509
0.06 0 0.03 0.34228377872531596
0.06 0 0.04 0.2983742709758727
0.06 0 0.05 0.419519518930551
0.06 0 0.06 0.5260031247810492
0.06 0 0.07 0.5023573963851685
0.06 0 0.08 0.20418088816410238
0.06 0 0.09 0.2402557254207384
0.06 0 0.1 0.41141485440732956
0.06 0 0.11 0.31818252588135576
0.06 0 0.12 0.7076396935878587
0.06 0 0.13 0.5739972491783909
0.06 0 0.14 0.5337329956581118
0.06 0 0.15 1.1741307502932254
0.06 0 0.16 1.5900576605958452
0.06 0 0.17 1.6279250261454805
0.06 0 0.18 2.0948185160388184
0.06 0 0.19 1.665210960994103
0.06 0 0.2 3.120810259037361
0.06 0 0.21 1.619788831537367
0.06 0 0.22 1.2594451189239348
0.06 0 0.23 1.12420899768802
0.06 0 0.24 0.6031069047926262
0.06 0 0.25 1.8062569027501907
0.06 0 0.26 1.7284740810479207
0.06 0 0.27 1.3489786344397008
0.06 0 0.28 0.8887042726549987
0.06 0 0.29 1.112045976378463
0.06 0 0.3 1.4518869199605762
0.06 0 0.31 2.465016686501716
0.06 0 0.32 0.8669907792286659
0.06 0 0.33 1.1443821281712176
0.06 0 0.34 1.1697274805961981
0.06 0 0.35000000000000003 0.8667893500272901
0.06 0 0.36 1.3826683637395418
0.06 0 0.37 0.6280397531511219
0.06 0 0.38 1.0105939181312698
0.06 0 0.39 1.1129576749403627
0.06 0 0.4 1.3458484322257132
0.06 0 0.41000000000000003 1.048841694181701
0.06 0 0.42 1.309132226414104
0.06 0 0.43 1.0992513975549996
0.06 0 0.44 0.8725344299371888
0.06 0 0.45 0.4853357730761929
0.06 0 0.46 1.0893970741671908
0.06 0 0.47000000000000003 0.8975021222476008
0.06 0 0.48 1.115197165739206
0.06 0 0.49 0.887097438552923
0.06 0 0.5 0.693758129868105
0.07 0 0.0 0.7051514036231873
0.07 0 0.01 0.45824991142438104
0.07 0 0.02 0.34975299202098026
0.07 0 0.03 0.34427253362235954
0.07 0 0.04 0.27469164532159535
0.07 0 0.05 0.2797112586938598
0.07 0 0.06 0.265086939029334
0.07 0 0.07 0.40363927597255406
0.07 0 0.08 0.28685815918853913
0.07 0 0.09 0.34108280199762026
0.07 0 0.1 0.18958179322805851
0.07 0 0.11 0.288590291643314
0.07 0 0.12 0.24294013948260243
0.07 0 0.13 0.16767789814962314
0.07 0 0.14 0.43009627476435147
0.07 0 0.15 0.2535546162418858
0.07 0 0.16 0.5833304429678604
0.07 0 0.17 0.6492137470430513
0.07 0 0.18 0.5669069152574074
0.07 0 0.19 0.48840201066307065
0.07 0 0.2 0.47932492185236475
0.07 0 0.21 0.7244266464315674
0.07 0 0.22 0.5419790751592856
0.07 0 0.23 0.3919230920299913
0.07 0 0.24 0.4633048115786647
0.07 0 0.25 0.39905978156567823
0.07 0 0.26 0.7259164288787702
0.07 0 0.27 1.3249900886385582
0.07 0 0.28 1.026583274771385
0.07 0 0.29 1.612720466057379
0.07 0 0.3 2.634070817190437
0.07 0 0.31 3.0965983045515806
0.07 0 0.32 1.5496447195653245
0.07 0 0.33 1.5145675730864137
0.07 0 0.34 1.9905739048402729
0.07 0 0.35000000000000003 3.7230997957544285
0.07 0 0.36 4.202477697099261
0.07 0 0.37 1.8062837460083414
0.07 0 0.38 2.4567260637325936
0.07 0 0.39 2.6949597602851685
0.07 0 0.4 1.1971266716904538
0.07 0 0.41000000000000003 0.9839793883964368
0.07 0 0.42 0.6005361309608429
0.07 0 0.43 0.3372796590161304
0.07 0 0.44 0.35535816316076696
0.07 0 0.45 0.46790283548474626
0.07 0 0.46 0.5919061358040412
0.07 0 0.47000000000000003 1.146690918353564
0.07 0 0.48 0.6205863314223236
0.07 0 0.49 0.4429904640949052
0.07 0 0.5 0.5110990797555007
0.08 0 0.0 0.4104571911555137
0.08 0 0.01 0.4469512471660606
0.08 0 0.02 0.20179921190049
0.08 0 0.03 0.18973642434754762
0.08 0 0.04 0.22278982636966138
0.08 0 0.05 0.13188625562347614
0.08 0 0.06 0.07821206065780453
0.08 0 0.07 0.2724481193746029
0.08 0 0.08 0.5741136278413672
0.08 0 0.09 0.22715773266019754
0.08 0 0.1 0.6240784925597801
0.08 0 0.11 0.34761670413677404
0.08 0 0.12 0.5018797046309291
0.08 0 0.13 0.4509788343414901
0.08 0 0.14 0.32087535009937207
0.08 0 0.15 0.32737784942610054
0.08 0 0.16 0.3496335094215857
0.08 0 0.17 0.7201417727072289
0.08 0 0.18 0.41834179222141143
0.08 0 0.19 0.41602890646808377
0.08 0 0.2 0.6012544730164283
0.08 0 0.21 0.6198048388065854
0.08 0 0.22 0.35079199854930493
0.08 0 0.23 0.6712997128467042
0.08 0 0.24 0.3241295947222367
0.08 0 0.25 0.7905086467125274
0.08 0 0.26 1.1359290351923883
0.08 0 0.27 2.3294448955649423
0.08 0 0.28 2.8382660900946837
0.08 0 0.29 1.378035317877611
0.08 0 0.3 3.3848152412770776
0.08 0 0.31 3.817609750888264
0.08 0 0.32 3.63282783658069
0.08 0 0.33 2.516729654424772
0.08 0 0.34 5.231826653314957
0.08 0 0.35000000000000003 2.454677168601578
0.08 0 0.36 3.164676885892197
0.08 0 0.37 2.6108004714931763
0.08 0 0.38 3.329472620943855
0.08 0 0.39 1.6369322797190768
0.08 0 0.4 1.621834162582765
0.08 0 0.41000000000000003 1.892703686299209
0.08 0 0.42 0.6097964887322206
0.08 0 0.43 0.3534341699592997
0.08 0 0.44 0.3522023524141289
0.08 0 0.45 0.8388522256414997
0.08 0 0.46 0.5787625808982619
0.08 0 0.47000000000000003 0.7975026728875048
0.08 0 0.48 0.3784024381876712
0.08 0 0.49 0.5342785899917005
0.08 0 0.5 0.21273535940609697
0.09 0 0.0 0.927499422895825
0.09 0 0.01 0.7231716252863091
0.09 0 0.02 0.7382670124540266
0.09 0 0.03 0.42546947937848745
0.09 0 0.04 0.3856703917728878
0.09 0 0.05 0.11319178806443576
0.09 0 0.06 0.13611934915684729
0.09 0 0.07 0.33533978748965304
0.09 0 0.08 0.3897002924982744
0.09 0 0.09 0.16469172354670536
0.09 0 0.1 0.34131729393238147
0.09 0 0.11 0.39075785547936
0.09 0 0.12 0.7091041926167524
0.09 0 0.13 0.4967386024661751
0.09 0 0.14 0.3677914453665305
0.09 0 0.15 0.31548177326848603
0.09 0 0.16 0.42365410990999414
0.09 0 0.17 0.5213027892113615
0.09 0 0.18 0.5768735979702148
0.09 0 0.19 0.3712282158459171
0.09 0 0.2 0.4223571883944853
0.09 0 0.21 1.0087208040326197
0.09 0 0.22 0.31556367443348077
0.09 0 0.23 0.62739896843005
0.09 0 0.24 0.43118941408421246
0.09 0 0.25 0.6232694297428121
0.09 0 0.26 1.4913566999924424
0.09 0 0.27 1.2212949501249533
0.09 0 0.28 2.1105017281845093
0.09 0 0.29 3.524431973036157
0.09 0 0.3 3.3934264353071124
0.09 0 0.31 3.107316687794634
0.09 0 0.32 1.6837404148077488
0.09 0 0.33 2.331165527403061
0.09 0 0.34 3.0365060834455697
0.09 0 0.35000000000000003 4.074922899663055
0.09 0 0.36 9.41243815522557
0.09 0 0.37 3.8454526926248
0.09 0 0.38 3.77627006851002
0.09 0 0.39 1.5579603178355392
0.09 0 0.4 2.187983701331369
0.09 0 0.41000000000000003 2.027144880079944
0.09 0 0.42 0.7743280359697754
0.09 0 0.43 0.6801054594808872
0.09 0 0.44 0.5333552220079152
0.09 0 0.45 0.5325997663911137
0.09 0 0.46 0.47202588550861974
0.09 0 0.47000000000000003 0.6947112287491278
0.09 0 0.48 0.8659503045041876
0.09 0 0.49 0.6279036857908941
0.09 0 0.5 0.4599595743538166
0.1 0 0.0 0.2724950248129345
0.1 0 0.01 0.5043807693138753
0.1 0 0.02 0.524054727324071
0.1 0 0.03 0.681046004994758
0.1 0 0.04 0.5478663966370991
0.1 0 0.05 0.2576479918689781
0.1 0 0.06 0.42818890184369335
0.1 0 0.07 0.2694947545548977
0.1 0 0.08 0.3098114623872724
0.1 0 0.09 0.20494199314117303
0.1 0 0.1 0.1911809401125875
0.1 0 0.11 0.3158351852048812
0.1 0 0.12 0.45782550433416375
0.1 0 0.13 0.39450803886369024
0.1 0 0.14 0.4236487794221576
0.1 0 0.15 0.456764637948981
0.1 0 0.16 0.38477222745035106
0.1 0 0.17 0.5853678391189095
0.1 0 0.18 0.3210135200717272
0.1 0 0.19 0.6242308897793548
0.1 0 0.2 1.7603094023665147
0.1 0 0.21 1.4956421067807553
0.1 0 0.22 1.5795328251005143
0.1 0 0.23 0.7455856164734688
0.1 0 0.24 0.32065252985291187
0.1 0 0.25 0.9737146455280778
0.1 0 0.26 1.7072198962112688
0.1 0 0.27 2.526179213156183
0.1 0 0.28 2.798060401357242
0.1 0 0.29 1.2064432033577188
0.1 0 0.3 2.0182652365969402
0.1 0 0.31 2.5352199472260977
0.1 0 0.32 3.775742699216673
0.1 0 0.33 1.6666393959381518
0.1 0 0.34 3.1147514021614557
0.1 0 0.35000000000000003 4.855623121413798
0.1 0 0.36 5.251283796759315
0.1 0 0.37 5.113565213215077
0.1 0 0.38 2.2257351349843937
0.1 0 0.39 3.205935338750048
0.1 0 0.4 2.812397969304522
0.1 0 0.41000000000000003 2.768411148644235
0.1 0 0.42 1.3945589738814126
0.1 0 0.43 2.1107416109445305
0.1 0 0.44 1.622928090959566
0.1 0 0.45 0.7926731845090376
0.1 0 0.46 0.6210433218008358
0.1 0 0.47000000000000003 0.8518167838181813
0.1 0 0.48 0.6558798242137935
0.1 0 0.49 1.5942624950358715
0.1 0 0.5 1.459069161033958
0.11 0 0.0 0.3278484675704434
0.11 0 0.01 0.348183943601483
0.11 0 0.02 0.7673002628558727
0.11 0 0.03 0.6972450526006577
0.11 0 0.04 0.589559329053985
0.11 0 0.05 0.5787715362468198
0.11 0 0.06 0.3393942024941138
0.11 0 0.07 0.3431831189342353
0.11 0 0.08 0.2281723908621546
0.11 0 0.09 0.16345925470040526
0.11 0 0.1 0.27007524581356607
0.11 0 0.11 0.3053511212292241
0.11 0 0.12 0.3489265067741395
0.11 0 0.13 0.7078062785536645
0.11 0 0.14 0.5491566845562557
0.11 0 0.15 1.1802799377077327
0.11 0 0.16 1.0976314592393237
0.11 0 0.17 0.5225520835818434
0.11 0 0.18 0.7123851759376542
0.11 0 0.19 0.5657098042201204
0.11 0 0.2 0.4013221828680923
0.11 0 0.21 0.6835025756012778
0.11 0 0.22 0.4308461983788551
0.11 0 0.23 0.9653898792491706
0.11 0 0.24 0.7368142282327109
0.11 0 0.25 0.4010746343203069
0.11 0 0.26 0.780978534297237
0.11 0 0.27 0.8128662118686132
0.11 0 0.28 1.2837569734602663
0.11 0 0.29 0.6336643631868402
0.11 0 0.3 0.606561198727978
0.11 0 0.31 1.1995890134158844
0.11 0 0.32 1.0750619247683653
0.11 0 0.33 0.9565211573621232
0.11 0 0.34 1.6722041977129403
0.11 0 0.35000000000000003 2.9428742145579414
0.11 0 0.36 6.960963622838272
0.11 0 0.37 6.26304757466933
0.11 0 0.38 3.3143147540886706
0.11 0 0.39 3.801751654188653
0.11 0 0.4 2.7332659794659198
0.11 0 0.41000000000000003 1.2479753421140392
0.11 0 0.42 1.2770685575933747
0.11 0 0.43 1.3886991058995704
0.11 0 0.44 1.132256755550475
0.11 0 0.45 0.8368437665001006
0.11 0 0.46 0.47368262536282224
0.11 0 0.47000000000000003 0.8597231124845188
0.11 0 0.48 0.8096519414060167
0.11 0 0.49 0.9217720849456953
0.11 0 0.5 2.2554207593531626
0.12 0 0.0 0.16024797772045898
0.12 0 0.01 0.12163768946959859
0.12 0 0.02 0.353446240152567
0.12 0 0.03 0.32489911742407485
0.12 0 0.04 0.3028289820684889
0.12 0 0.05 0.3918510044939393
0.12 0 0.06 0.29855189320551645
0.12 0 0.07 0.17270167673019624
0.12 0 0.08 0.17429334821409379
0.12 0 0.09 0.14063290956438113
0.12 0 0.1 0.1828173307941387
0.12 0 0.11 0.19977785948828203
0.12 0 0.12 0.30318389647767646
0.12 0 0.13 0.4941640726104222
0.12 0 0.14 0.4181018492393915
0.12 0 0.15 0.9671617951690241
0.12 0 0.16 0.9212935288609035
0.12 0 0.17 0.643599434422562
0.12 0 0.18 0.3083995869429397
0.12 0 0.19 0.32592651828844144
0.12 0 0.2 0.45654018075696273
0.12 0 0.21 0.2441534286564895
0.12 0 0.22 0.4288877804955825
0.12 0 0.23 0.30211355550951396
0.12 0 0.24 0.22673701635945398
0.12 0 0.25 0.2350520351626888
0.12 0 0.26 0.27363728891400685
0.12 0 0.27 0.6456402409310718
0.12 0 0.28 1.1491999408264433
0.12 0 0.29 0.7796076287790792
0.12 0 0.3 0.867339079103784
0.12 0 0.31 1.1093175755109974
0.12 0 0.32 0.7540172720259075
0.12 0 0.33 1.3625859375307159
0.12 0 0.34 1.6196908834500148
0.12 0 0.35000000000000003 3.3406403687328177
0.12 0 0.36 3.2636801243622506
0.12 0 0.37 3.5888571843270807
0.12 0 0.38 2.2692927599641597
0.12 0 0.39 2.9854570318235636
0.12 0 0.4 3.1712282213621377
0.12 0 0.41000000000000003 4.025494997363316
0.12 0 0.42 2.9090755305959624
0.12 0 0.43 1.2792072602248996
0.12 0 0.44 1.3263011737091301
0.12 0 0.45 0.4819302918474145
0.12 0 0.46 1.6504636893715303
0.12 0 0.47000000000000003 1.3144554911722617
0.12 0 0.48 0.9437959921087675
0.12 0 0.49 0.7546628958116823
0.12 0 0.5 1.0522918131938945
0.13 0 0.0 0.1146166059634438
0.13 0 0.01 0.1763459810097879
0.13 0 0.02 0.32006558340222485
0.13 0 0.03 0.5989095538575739
0.13 0 0.04 0.4217869845196493
0.13 0 0.05 0.5543640497298623
0.13 0 0.06 0.24885163407734429
0.13 0 0.07 0.3337978663774696
0.13 0 0.08 0.39958794105173273
0.13 0 0.09 0.5253401852205233
0.13 0 0.1 0.4276866532105247
0.13 0 0.11 0.3934468734810626
0.13 0 0.12 0.7390496634117328
0.13 0 0.13 0.9742412324597365
0.13 0 0.14 0.5740480608818683
0.13 0 0.15 0.9367807268635534
0.13 0 0.16 1.287742876144258
0.13 0 0.17 0.5932310382822062
0.13 0 0.18 0.9117562480643667
0.13 0 0.19 0.2621515439289554
0.13 0 0.2 0.2848742622661255
0.13 0 0.21 0.22721190801042568
0.13 0 0.22 0.34371484693045257
0.13 0 0.23 0.26584649143064065
0.13 0 0.24 0.251076050075816
0.13 0 0.25 0.3108490547082799
0.13 0 0.26 0.30183464535301485
0.13 0 0.27 0.17079376020911283
0.13 0 0.28 0.19985772997292758
0.13 0 0.29 0.3410516807437973
0.13 0 0.3 0.3082990442526702
0.13 0 0.31 0.8341375857429527
0.13 0 0.32 0.5420780753014061
0.13 0 0.33 0.9646443548007071
0.13 0 0.34 0.8010482856017574
0.13 0 0.35000000000000003 0.8806956542582528
0.13 0 0.36 1.8203717068409997
0.13 0 0.37 1.8357146943128364
0.13 0 0.38 1.975590247773415
0.13 0 0.39 3.4656911546970313
0.13 0 0.4 2.432095889068441
0.13 0 0.41000000000000003 1.7883038929180082
0.13 0 0.42 2.04238546628069
0.13 0 0.43 0.49806589389010764
0.13 0 0.44 0.3396949046344131
0.13 0 0.45 0.40864395076419674
0.13 0 0.46 0.7795680061441387
0.13 0 0.47000000000000003 0.6925775943141668
0.13 0 0.48 0.3981441039317424
0.13 0 0.49 0.37452938562115934
0.13 0 0.5 0.4442203363063886
0.14 0 0.0 0.1443205509777158
0.14 0 0.01 0.14801994787618802
0.14 0 0.02 0.369871124172381
0.14 0 0.03 0.6275748919034457
0.14 0 0.04 0.3161866172395413
0.14 0 0.05 0.46067680553661705
0.14 0 0.06 0.2684839458063284
0.14 0 0.07 0.5362404403221678
0.14 0 0.08 0.7167425326474658
0.14 0 0.09 1.274480603525133
0.14 0 0.1 0.39466146127536744
0.14 0 0.11 0.7932746185061681
0.14 0 0.12 1.08072995468964
0.14 0 0.13 1.030270212398917
0.14 0 0.14 0.6915186664560826
0.14 0 0.15 0.647577819964428
0.14 0 0.16 0.9286891465810266
0.14 0 0.17 0.6201790891744619
0.14 0 0.18 0.8310345873282471
0.14 0 0.19 0.5853032611069244
0.14 0 0.2 0.5354711005081653
0.14 0 0.21 0.46992933254144426
0.14 0 0.22 0.7044725339189802
0.14 0 0.23 0.5433690449333669
0.14 0 0.24 0.8545268019901674
0.14 0 0.25 0.6050023915611834
0.14 0 0.26 0.5483956500169476
0.14 0 0.27 0.4492903124822058
0.14 0 0.28 0.2230014969088523
0.14 0 0.29 0.8413841416121844
0.14 0 0.3 0.5775780888057763
0.14 0 0.31 0.48113478101393753
0.14 0 0.32 0.6177385922127622
0.14 0 0.33 0.4254155430296134
0.14 0 0.34 0.5166624798643014
0.14 0 0.35000000000000003 0.8774430302544345
0.14 0 0.36 0.752841756789188
0.14 0 0.37 1.3277785852147432
0.14 0 0.38 2.2256798354947764
0.14 0 0.39 2.1242595171335377
0.14 0 0.4 2.0357714251888304
0.14 0 0.41000000000000003 1.4728751807166325
0.14 0 0.42 2.3075838236997126
0.14 0 0.43 1.1935722776449125
0.14 0 0.44 0.8157155317499722
0.14 0 0.45 0.6161719307822378
0.14 0 0.46 1.09273777027437
0.14 0 0.47000000000000003 0.42884543378358797
0.14 0 0.48 0.5172060673314544
0.14 0 0.49 0.6371137211476606
0.14 0 0.5 0.2332164162591614
0.15 0 0.0 0.3724970602997884
0.15 0 0.01 0.261969902423953
0.15 0 0.02 0.6311319832015198
0.15 0 0.03 1.202849424923239
0.15 0 0.04 0.781092122261441
0.15 0 0.05 0.7157022268525604
0.15 0 0.06 0.42715409236430185
0.15 0 0.07 1.0534132546129915
0.15 0 0.08 0.910162680094429
0.15 0 0.09 0.35630487805316613
0.15 0 0.1 0.5615393487772756
0.15 0 0.11 0.40269415081156473
0.15 0 0.12 0.8689564595605238
0.15 0 0.13 0.6375361072783824
0.15 0 0.14 0.5498620483477206
0.15 0 0.15 0.6672455330374378
0.15 0 0.16 0.858469007476924
0.15 0 0.17 0.9609323956704942
0.15 0 0.18 1.1824904848468372
0.15 0 0.19 1.062610281911381
0.15 0 0.2 1.3515989998993878
0.15 0 0.21 1.694012751476023
0.15 0 0.22 1.3531571764626678
0.15 0 0.23 2.3043498558656346
0.15 0 0.24 1.0401654238659002
0.15 0 0.25 1.2706745039876315
0.15 0 0.26 1.1140720524707464
0.15 0 0.27 0.39349990536858537
0.15 0 0.28 0.40274731240427614
0.15 0 0.29 0.9589712069887326
0.15 0 0.3 0.7485829656505361
0.15 0 0.31 1.3725116964524269
0.15 0 0.32 0.9649013853081841
0.15 0 0.33 1.3705545621375126
0.15 0 0.34 1.4007239451463018
0.15 0 0.35000000000000003 1.0344571989244147
0.15 0 0.36 3.3357876498749537
0.15 0 0.37 2.5297618072595998
0.15 0 0.38 2.7464618748976717
0.15 0 0.39 7.146922711499056
0.15 0 0.4 5.218060469166822
0.15 0 0.41000000000000003 2.343857221671989
0.15 0 0.42 2.9452046594312042
0.15 0 0.43 1.9491092060227428
0.15 0 0.44 2.6771679745937247
0.15 0 0.45 1.3144239760581407
0.15 0 0.46 0.6401424040211414
0.15 0 0.47000000000000003 0.80643155702004
0.15 0 0.48 0.897336730558708
0.15 0 0.49 0.75090136442982
0.15 0 0.5 0.3451879996434869
0.16 0 0.0 0.3591584139644433
0.16 0 0.01 0.3709606087207932
0.16 0 0.02 0.32343478733559494
0.16 0 0.03 0.5948643292220749
0.16 0 0.04 0.41268160799870596
0.16 0 0.05 0.816275377392798
0.16 0 0.06 1.2405269641685124
0.16 0 0.07 1.131886380627334
0.16 0 0.08 1.0827286993202174
0.16 0 0.09 0.7706993069767646
0.16 0 0.1 0.7667810402557491
0.16 0 0.11 0.6866101088831609
0.16 0 0.12 0.7502457937003428
0.16 0 0.13 1.2496714036275356
0.16 0 0.14 1.4300622262133031
0.16 0 0.15 0.5838994176255213
0.16 0 0.16 0.7678398826400501
0.16 0 0.17 0.6215620411811852
0.16 0 0.18 0.8858769491417747
0.16 0 0.19 0.613098541987004
0.16 0 0.2 1.3280386361854033
0.16 0 0.21 1.7738599652573552
0.16 0 0.22 1.9807634250454664
0.16 0 0.23 3.261555242847029
0.16 0 0.24 2.990612006730904
0.16 0 0.25 1.9966106540005217
0.16 0 0.26 1.5286091112633016
0.16 0 0.27 1.003727012221311
0.16 0 0.28 0.5390764702145924
0.16 0 0.29 0.44171432218585743
0.16 0 0.3 0.4293649518569703
0.16 0 0.31 0.7448917264883188
0.16 0 0.32 0.6761527240149876
0.16 0 0.33 0.6491249644695745
0.16 0 0.34 0.32769906060583903
0.16 0 0.35000000000000003 0.6122059219987909
0.16 0 0.36 1.9009588425098158
0.16 0 0.37 2.2381889112508553
0.16 0 0.38 2.981515207432688
0.16 0 0.39 2.088727591532832
0.16 0 0.4 1.5280173473305787
0.16 0 0.41000000000000003 1.041032723888658
0.16 0 0.42 1.0538939893952415
0.16 0 0.43 2.4010652752961965
0.16 0 0.44 3.3121042331813415
0.16 0 0.45 1.9874189715443766
0.16 0 0.46 0.7408533832073018
0.16 0 0.47000000000000003 0.47949862703229906
0.16 0 0.48 0.5045112679859676
0.16 0 0.49 0.5398944460409171
0.16 0 0.5 0.459017319143087
0.17 0 0.0 0.21120142014886528
0.17 0 0.01 0.29596553491665056
0.17 0 0.02 0.4376604382736808
0.17 0 0.03 0.21481310862417358
0.17 0 0.04 0.6511387887331173
0.17 0 0.05 1.2849869439341728
0.17 0 0.06 0.7134652008222004
0.17 0 0.07 0.6597123746949778
0.17 0 0.08 0.5116643154019708
0.17 0 0.09 0.4651720425662475
0.17 0 0.1 0.8065768424763925
0.17 0 0.11 0.8606667628094682
0.17 0 0.12 0.3252033561252785
0.17 0 0.13 0.652343186560771
0.17 0 0.14 1.1940781107779008
0.17 0 0.15 0.6774433925848902
0.17 0 0.16 0.5989049610122544
0.17 0 0.17 1.0856696188568928
0.17 0 0.18 0.7068552469945197
0.17 0 0.19 1.5961192102798818
0.17 0 0.2 1.0913697890972476
0.17 0 0.21 2.1116663720074595
0.17 0 0.22 2.96687828816228
0.17 0 0.23 2.7969010227519466
0.17 0 0.24 4.908428910089776
0.17 0 0.25 2.3855993998251113
0.17 0 0.26 1.9618047548521864
0.17 0 0.27 1.2649561194000942
0.17 0 0.28 1.079781788336938
0.17 0 0.29 0.752776859861422
0.17 0 0.3 0.7481577608526699
0.17 0 0.31 0.7498153734872415
0.17 0 0.32 0.7484262305474042
0.17 0 0.33 0.36977865155516865
0.17 0 0.34 1.0355010886772333
0.17 0 0.35000000000000003 0.7542713970348907
0.17 0 0.36 1.3260889327498906
0.17 0 0.37 1.9566928784638538
0.17 0 0.38 1.4939443927408842
0.17 0 0.39 1.218904008723222
0.17 0 0.4 0.7645032351829394
0.17 0 0.41000000000000003 1.106530799807301
0.17 0 0.42 0.7400852735772889
0.17 0 0.43 0.7919511529155275
0.17 0 0.44 0.4902115045126412
0.17 0 0.45 0.5991584013298383
0.17 0 0.46 0.29142649472092746
0.17 0 0.47000000000000003 0.2867452230653213
0.17 0 0.48 0.15053641050198377
0.17 0 0.49 0.10451733777682846
0.17 0 0.5 0.25035329388089717
0.18 0 0.0 0.19532103298283532
0.18 0 0.01 0.2923196672805007
0.18 0 0.02 0.3297441343055277
0.18 0 0.03 0.3141998825336721
0.18 0 0.04 0.42410482163987595
0.18 0 0.05 0.34188162323572996
0.18 0 0.06 0.5175896159721652
0.18 0 0.07 0.5631681262319641
0.18 0 0.08 1.5063412425665446
0.18 0 0.09 0.6404041808645319
0.18 0 0.1 0.7727922815394667
0.18 0 0.11 0.7853205215787021
0.18 0 0.12 0.7646292031799876
0.18 0 0.13 2.3525794339912456
0.18 0 0.14 2.6317347354634477
0.18 0 0.15 2.484343251588523
0.18 0 0.16 1.0563014162237727
0.18 0 0.17 0.7712815173693613
0.18 0 0.18 1.3089859185725128
0.18 0 0.19 0.9477947277785642
0.18 0 0.2 0.8848610192734785
0.18 0 0.21 3.529804624849801
0.18 0 0.22 1.6730082341281134
0.18 0 0.23 3.585743335930886
0.18 0 0.24 3.068537334093973
0.18 0 0.25 3.9264489776785663
0.18 0 0.26 4.038985630789699
0.18 0 0.27 2.874566390990211
0.18 0 0.28 2.5501810204428543
0.18 0 0.29 0.891423767909176
0.18 0 0.3 0.965869833982748
0.18 0 0.31 0.5864009329902846
0.18 0 0.32 0.32721743614359916
0.18 0 0.33 0.24237562292219897
0.18 0 0.34 0.5714091207366411
0.18 0 0.35000000000000003 0.5355185453497876
0.18 0 0.36 0.3617155442895473
0.18 0 0.37 0.8714020067463817
0.18 0 0.38 1.3866618308865362
0.18 0 0.39 1.1453597683416388
0.18 0 0.4 0.5286890680128469
0.18 0 0.41000000000000003 0.5276420391103639
0.18 0 0.42 0.5955440993142517
0.18 0 0.43 0.3457394128948303
0.18 0 0.44 0.45716983606884826
0.18 0 0.45 0.5770055663698996
0.18 0 0.46 0.20089094244054032
0.18 0 0.47000000000000003 0.1865910738719981
0.18 0 0.48 0.08966697161457787
0.18 0 0.49 0.09973864908419847
0.18 0 0.5 0.25313704065745163
0.19 0 0.0 0.12429904728378506
0.19 0 0.01 0.08474786391360056
0.19 0 0.02 0.15515752622748127
0.19 0 0.03 0.20724630326158253
0.19 0 0.04 0.43459493784360215
0.19 0 0.05 0.22378590969277984
0.19 0 0.06 0.218342061822076
0.19 0 0.07 0.3271592801488127
0.19 0 0.08 0.5544543077200151
0.19 0 0.09 0.5110057461201537
0.19 0 0.1 0.5010220113777276
0.19 0 0.11 0.6939884623137917
0.19 0 0.12 0.5642952786423627
0.19 0 0.13 0.4810191420894349
0.19 0 0.14 0.3594078289834218
0.19 0 0.15 0.3814870304042276
0.19 0 0.16 0.3265562291973293
0.19 0 0.17 0.7166759306735591
0.19 0 0.18 1.1037039739386367
0.19 0 0.19 1.3845239231114932
0.19 0 0.2 1.1544435831476638
0.19 0 0.21 1.8509058434593118
0.19 0 0.22 2.7512390238569187
0.19 0 0.23 1.4874106220265941
0.19 0 0.24 2.3880666706736164
0.19 0 0.25 1.975750814941224
0.19 0 0.26 2.5327783319078163
0.19 0 0.27 0.7393309186324246
0.19 0 0.28 0.9140803030324626
0.19 0 0.29 0.572741806733838
0.19 0 0.3 0.4420479055302811
0.19 0 0.31 0.4584393711397846
0.19 0 0.32 0.3286837684277966
0.19 0 0.33 0.40680484450652826
0.19 0 0.34 0.4758923255461895
0.19 0 0.35000000000000003 0.7850721440216133
0.19 0 0.36 0.48013937798447187
0.19 0 0.37 1.2623242714804976
0.19 0 0.38 1.5504664952339802
0.19 0 0.39 1.187821290408794
0.19 0 0.4 0.7934703316440366
0.19 0 0.41000000000000003 1.515272316771662
0.19 0 0.42 0.35273116880062505
0.19 0 0.43 0.3344868041203471
0.19 0 0.44 0.20507446471833662
0.19 0 0.45 0.16834390985869419
0.19 0 0.46 0.30223374827471766
0.19 0 0.47000000000000003 0.1689897628522171
0.19 0 0.48 0.2955556414254558
0.19 0 0.49 0.2555396238012044
0.19 0 0.5 0.18406400541347567
0.2 0 0.0 0.1597520350280055
0.2 0 0.01 0.1848056947454645
0.2 0 0.02 0.4616797612784128
0.2 0 0.03 0.6498033142635279
0.2 0 0.04 0.31239561473589267
0.2 0 0.05 0.30394082939540057
0.2 0 0.06 0.48548255541694396
0.2 0 0.07 0.2658761327280434
0.2 0 0.08 0.3487818941281675
0.2 0 0.09 0.31787801157462947
0.2 0 0.1 0.375261491644724
0.2 0 0.11 0.6607605415579445
0.2 0 0.12 0.5978091231957758
0.2 0 0.13 1.058550004885603
0.2 0 0.14 0.2576365491434043
0.2 0 0.15 0.5909006601754627
0.2 0 0.16 0.8016898366625245
0.2 0 0.17 0.6013839130326973
0.2 0 0.18 0.8303639686820447
0.2 0 0.19 0.6688411920654985
0.2 0 0.2 0.6935377941300805
0.2 0 0.21 1.5326839808285821
0.2 0 0.22 1.415470981984642
0.2 0 0.23 0.9969953601803178
0.2 0 0.24 1.6296534106634717
0.2 0 0.25 0.9521486000228977
0.2 0 0.26 0.7471774506409941
0.2 0 0.27 0.45784288703512627
0.2 0 0.28 0.5196623949098835
0.2 0 0.29 0.4855607471044434
0.2 0 0.3 0.5660213112713366
0.2 0 0.31 0.32040256506757264
0.2 0 0.32 0.5278874603289089
0.2 0 0.33 0.5015461519861925
0.2 0 0.34 0.6133977011028451
0.2 0 0.35000000000000003 0.2921134488685252
0.2 0 0.36 0.19706393604787945
0.2 0 0.37 0.5815657878615453
0.2 0 0.38 0.6115515669776771
0.2 0 0.39 1.0434384071750336
0.2 0 0.4 0.9835341899183416
0.2 0 0.41000000000000003 0.7762380063701186
0.2 0 0.42 1.1105485540798408
0.2 0 0.43 0.628365291453101
0.2 0 0.44 0.6156141172780147
0.2 0 0.45 1.1845077188641657
0.2 0 0.46 0.43466452997078375
0.2 0 0.47000000000000003 0.47356374340849583
0.2 0 0.48 0.32455089584812485
0.2 0 0.49 0.30648519277313
0.2 0 0.5 0.22707935923478953
0.21 0 0.0 0.23450156743693643
0.21 0 0.01 0.18389517599858124
0.21 0 0.02 0.26399709007841937
0.21 0 0.03 0.4350828460294912
0.21 0 0.04 0.3838333626392429
0.21 0 0.05 0.43883534136419894
0.21 0 0.06 0.8609704495940219
0.21 0 0.07 0.6614614543488913
0.21 0 0.08 0.35785672398739765
0.21 0 0.09 0.5289361434062887
0.21 0 0.1 0.49883304028763914
0.21 0 0.11 1.5302572518134092
0.21 0 0.12 1.9824926693698117
0.21 0 0.13 1.733074540680153
0.21 0 0.14 1.5669111821835546
0.21 0 0.15 0.9277364824894405
0.21 0 0.16 0.8979042363381132
0.21 0 0.17 0.9142881521264673
0.21 0 0.18 0.6571602474366807
0.21 0 0.19 0.8780412272853318
0.21 0 0.2 0.8400794228945238
0.21 0 0.21 0.5588680580144553
0.21 0 0.22 0.8243998351708653
0.21 0 0.23 0.7667533371774725
0.21 0 0.24 0.7318480105222406
0.21 0 0.25 1.105784137995315
0.21 0 0.26 0.7449904333387158
0.21 0 0.27 0.28707591121215903
0.21 0 0.28 0.13840863878072715
0.21 0 0.29 0.22864566091597052
0.21 0 0.3 0.23686153337925836
0.21 0 0.31 0.28459232963774644
0.21 0 0.32 0.25650371601575317
0.21 0 0.33 0.42551989960937336
0.21 0 0.34 0.46247157732287303
0.21 0 0.35000000000000003 0.3546227491603618
0.21 0 0.36 0.5232077961091343
0.21 0 0.37 0.7321602705379512
0.21 0 0.38 0.6834445373862725
0.21 0 0.39 0.9027579209094397
0.21 0 0.4 1.3681723501931573
0.21 0 0.41000000000000003 1.2092101988589319
0.21 0 0.42 1.6860621120168207
0.21 0 0.43 1.3547871293881626
0.21 0 0.44 2.1707874804455543
0.21 0 0.45 1.6600443027189031
0.21 0 0.46 1.5394334324715393
0.21 0 0.47000000000000003 1.1137589647720758
0.21 0 0.48 1.180456175754752
0.21 0 0.49 0.5055006933124777
0.21 0 0.5 0.4304798755898365
0.22 0 0.0 0.1689801891192167
0.22 0 0.01 0.09446570584025084
0.22 0 0.02 0.2710942754344476
0.22 0 0.03 0.83341049853483
0.22 0 0.04 0.3922396078497842
0.22 0 0.05 0.6434977030483385
0.22 0 0.06 0.7769943282103792
0.22 0 0.07 0.6612877219790113
0.22 0 0.08 0.7039122744887958
0.22 0 0.09 0.4593627955677172
0.22 0 0.1 0.922391075166359
0.22 0 0.11 0.45162182018167574
0.22 0 0.12 0.36729081340680847
0.22 0 0.13 1.077390548904587
0.22 0 0.14 1.2450704343898211
0.22 0 0.15 1.2156999626945288
0.22 0 0.16 1.616950582308659
0.22 0 0.17 0.8672287953325437
0.22 0 0.18 1.2951776969972748
0.22 0 0.19 1.295039584820035
0.22 0 0.2 1.2416799246297856
0.22 0 0.21 1.2937577124515331
0.22 0 0.22 0.9527432701380205
0.22 0 0.23 0.7866887763855689
0.22 0 0.24 0.7629903219726708
0.22 0 0.25 0.6091678930997924
0.22 0 0.26 0.4590128675245521
0.22 0 0.27 0.4940730255815657
0.22 0 0.28 0.20212298687402713
0.22 0 0.29 0.2588205381836353
0.22 0 0.3 0.5763119427612736
0.22 0 0.31 0.867743384612299
0.22 0 0.32 1.1364344713669385
0.22 0 0.33 0.9833605565901468
0.22 0 0.34 0.5827657099979913
0.22 0 0.35000000000000003 0.6277234835574573
0.22 0 0.36 0.70235377291362
0.22 0 0.37 0.8321253844288753
0.22 0 0.38 0.6089033314890753
0.22 0 0.39 1.1518440193462922
0.22 0 0.4 0.7441767401025958
0.22 0 0.41000000000000003 0.493042561282772
0.22 0 0.42 1.1107112521420213
0.22 0 0.43 1.1946006785450678
0.22 0 0.44 1.471174133328746
0.22 0 0.45 1.7344723147893688
0.22 0 0.46 2.147176763905573
0.22 0 0.47000000000000003 1.297881599662336
0.22 0 0.48 0.6695735683243984
0.22 0 0.49 0.47998028039919166
0.22 0 0.5 0.23686029152515323
0.23 0 0.0 0.07656535723580857
0.23 0 0.01 0.093681812253465
0.23 0 0.02 0.0950312107885594
0.23 0 0.03 0.3494920245200327
0.23 0 0.04 0.23512088334646186
0.23 0 0.05 0.5347187636525195
0.23 0 0.06 0.6517809242893136
0.23 0 0.07 0.7363777621767514
0.23 0 0.08 0.9565597681426565
0.23 0 0.09 0.7771348883845651
0.23 0 0.1 0.7354027250880039
0.23 0 0.11 0.7897728836423691
0.23 0 0.12 1.3381940748176404
0.23 0 0.13 1.7437102091321424
0.23 0 0.14 2.9405709732282355
0.23 0 0.15 1.7731544464843463
0.23 0 0.16 2.7004752557160807
0.23 0 0.17 1.353263020613028
0.23 0 0.18 0.6912677379008683
0.23 0 0.19 0.6421788552341229
0.23 0 0.2 1.1251054251417574
0.23 0 0.21 1.6727999348030218
0.23 0 0.22 1.6590175491284482
0.23 0 0.23 1.3445366905622336
0.23 0 0.24 0.7333257470833
0.23 0 0.25 0.4718534836473082
0.23 0 0.26 0.800548887644349
0.23 0 0.27 1.0433542880189715
0.23 0 0.28 0.36010040771430657
0.23 0 0.29 0.5422277234348957
0.23 0 0.3 0.37799664858662485
0.23 0 0.31 0.3930439713402926
0.23 0 0.32 0.4400011047878231
0.23 0 0.33 0.46118489290705156
0.23 0 0.34 0.7343762683259456
0.23 0 0.35000000000000003 0.9100439501846269
0.23 0 0.36 1.5019872602641353
0.23 0 0.37 0.693959847303437
0.23 0 0.38 1.3741985039481728
0.23 0 0.39 1.036992650328744
0.23 0 0.4 1.097725555464044
0.23 0 0.41000000000000003 0.854746307053317
0.23 0 0.42 1.456588476261325
0.23 0 0.43 2.261704247188244
0.23 0 0.44 2.519159205868546
0.23 0 0.45 2.049294175899983
0.23 0 0.46 1.2664525886441753
0.23 0 0.47000000000000003 1.2708314987228617
0.23 0 0.48 0.3831826260393038
0.23 0 0.49 0.5009206740717566
0.23 0 0.5 0.39982965903730167
0.24 0 0.0 0.030885543241887612
0.24 0 0.01 0.07744116681473272
0.24 0 0.02 0.08647203111406784
0.24 0 0.03 0.11480529968375967
0.24 0 0.04 0.3647485090287589
0.24 0 0.05 0.21710161848946308
0.24 0 0.06 0.14581123577984345
0.24 0 0.07 0.27873165707092484
0.24 0 0.08 0.3469865193347376
0.24 0 0.09 0.4605702616951438
0.24 0 0.1 0.23813548125972492
0.24 0 0.11 0.14274186836455685
0.24 0 0.12 0.43583429439635063
0.24 0 0.13 0.5293569489112603
0.24 0 0.14 0.7281725847923729
0.24 0 0.15 0.8604123129597214
0.24 0 0.16 1.50810946657884
0.24 0 0.17 1.4267080100004523
0.24 0 0.18 0.683600849238642
0.24 0 0.19 0.673626848338839
0.24 0 0.2 0.9643386235861983
0.24 0 0.21 2.006613608024842
0.24 0 0.22 1.8313055821145323
0.24 0 0.23 1.6667925671057404
0.24 0 0.24 0.7960231133805669
0.24 0 0.25 0.8984949237680093
0.24 0 0.26 1.2066727397078394
0.24 0 0.27 1.5415652869647114
0.24 0 0.28 0.6749429040633931
0.24 0 0.29 1.1641870739106321
0.24 0 0.3 1.5052280619496738
0.24 0 0.31 0.9161104669290709
0.24 0 0.32 0.6465788812577654
0.24 0 0.33 0.47891089661821135
0.24 0 0.34 0.941397806153332
0.24 0 0.35000000000000003 1.0480784418908509
0.24 0 0.36 1.8560492784763978
0.24 0 0.37 0.9189630774445342
0.24 0 0.38 0.8386416950375555
0.24 0 0.39 0.9639245737207576
0.24 0 0.4 1.5873310135743361
0.24 0 0.41000000000000003 1.0330461179436992
0.24 0 0.42 1.032126631323391
0.24 0 0.43 0.8789325487407186
0.24 0 0.44 0.8816875722649706
0.24 0 0.45 1.4765869389654587
0.24 0 0.46 1.4398608461005513
0.24 0 0.47000000000000003 0.5659260517422008
0.24 0 0.48 0.27754014790966547
0.24 0 0.49 0.4922087236868686
0.24 0 0.5 0.38836234956531096
0.25 0 0.0 0.03902673072809952
0.25 0 0.01 0.04728052992489263
0.25 0 0.02 0.025637072335112452
0.25 0 0.03 0.126172110424122
0.25 0 0.04 0.13154599772310552
0.25 0 0.05 0.2330686620917751
0.25 0 0.06 0.20906150138777718
0.25 0 0.07 0.1331197918384554
0.25 0 0.08 0.444787867039063
0.25 0 0.09 0.25265194981447386
0.25 0 0.1 0.504964119276603
0.25 0 0.11 0.9508933146568768
0.25 0 0.12 1.392000187921908
0.25 0 0.13 1.294136505237061
0.25 0 0.14 2.1221772519785813
0.25 0 0.15 1.2106965274412302
0.25 0 0.16 1.819659046545356
0.25 0 0.17 1.1115865157062523
0.25 0 0.18 0.5859282290888965
0.25 0 0.19 0.7522346390497614
0.25 0 0.2 0.40400391891014376
0.25 0 0.21 1.0398705186496304
0.25 0 0.22 1.3084492729910628
0.25 0 0.23 1.0089423295831708
0.25 0 0.24 0.6520840759994335
0.25 0 0.25 0.6010602625974731
0.25 0 0.26 0.5670856109162398
0.25 0 0.27 0.992424878440565
0.25 0 0.28 0.439733311538822
0.25 0 0.29 0.8348323594657588
0.25 0 0.3 0.6161043471676948
0.25 0 0.31 0.2917790689070509
0.25 0 0.32 0.6926554469695875
0.25 0 0.33 0.5635168106804903
0.25 0 0.34 0.8067334855964786
0.25 0 0.35000000000000003 0.8671432170470195
0.25 0 0.36 1.0001806681587277
0.25 0 0.37 0.929807800404212
0.25 0 0.38 0.5797328761903642
0.25 0 0.39 0.436599907230745
0.25 0 0.4 0.9178970637432152
0.25 0 0.41000000000000003 1.379191175234666
0.25 0 0.42 0.8623039221270385
0.25 0 0.43 0.7946036553811333
0.25 0 0.44 0.6886102200976384
0.25 0 0.45 1.1345820073018034
0.25 0 0.46 0.8749585142631968
0.25 0 0.47000000000000003 0.7546814016576617
0.25 0 0.48 0.45277347407342955
0.25 0 0.49 0.4769225224356459
0.25 0 0.5 0.7765838009565736
0.26 0 0.0 0.027188164563280406
0.26 0 0.01 0.02921428234751876
0.26 0 0.02 0.0698443616239881
0.26 0 0.03 0.07438963002794768
0.26 0 0.04 0.1954236507710579
0.26 0 0.05 0.18200815682101187
0.26 0 0.06 0.24356415008899354
0.26 0 0.07 0.32090234124000344
0.26 0 0.08 0.2263627417182648
0.26 0 0.09 0.26014335455618404
0.26 0 0.1 0.4288079952888555
0.26 0 0.11 0.7626513101749729
0.26 0 0.12 0.550728898113338
0.26 0 0.13 0.45145165123395997
0.26 0 0.14 0.5242540945330992
0.26 0 0.15 0.6014509695689773
0.26 0 0.16 0.7660641323354866
0.26 0 0.17 0.6214150253838542
0.26 0 0.18 0.5557019514394814
0.26 0 0.19 0.47824759113463944
0.26 0 0.2 0.6292177480690421
0.26 0 0.21 0.7124376165584969
0.26 0 0.22 0.45830790296205365
0.26 0 0.23 0.7588642945601841
0.26 0 0.24 0.9227974945855358
0.26 0 0.25 1.0205294104469944
0.26 0 0.26 1.1150942429888775
0.26 0 0.27 0.5548611467511456
0.26 0 0.28 1.8480935619758807
0.26 0 0.29 0.5683963859746586
0.26 0 0.3 0.37744773789847264
0.26 0 0.31 1.21440764904413
0.26 0 0.32 0.8104470807087619
0.26 0 0.33 1.193543502823258
0.26 0 0.34 0.9280219348238854
0.26 0 0.35000000000000003 0.5462525562807813
0.26 0 0.36 0.7020315627095064
0.26 0 0.37 0.7269554817683429
0.26 0 0.38 0.6849844280736621
0.26 0 0.39 0.7898073204999336
0.26 0 0.4 0.9344538860567242
0.26 0 0.41000000000000003 1.3791351724309764
0.26 0 0.42 0.9659744294299082
0.26 0 0.43 0.8632921340496124
0.26 0 0.44 0.7735471840321776
0.26 0 0.45 0.7698250728417751
0.26 0 0.46 0.5356316290453473
0.26 0 0.47000000000000003 0.4182527824274171
0.26 0 0.48 0.3561019053862034
0.26 0 0.49 0.30039883629089054
0.26 0 0.5 0.34996400177163756
0.27 0 0.0 0.08934014377298896
0.27 0 0.01 0.10328938952481301
0.27 0 0.02 0.08856907742139145
0.27 0 0.03 0.1650346875292737
0.27 0 0.04 0.3054020613872302
0.27 0 0.05 0.31748132953463226
0.27 0 0.06 0.5312513695330275
0.27 0 0.07 0.49185095026484865
0.27 0 0.08 0.7721559831862984
0.27 0 0.09 0.7310478434333997
0.27 0 0.1 0.5319714717582616
0.27 0 0.11 1.0441355358424314
0.27 0 0.12 0.999809031007033
0.27 0 0.13 0.5153609878650075
0.27 0 0.14 0.4069809767627974
0.27 0 0.15 0.5831076037247473
0.27 0 0.16 0.5788498986975711
0.27 0 0.17 0.5362671033299119
0.27 0 0.18 0.31312869809596994
0.27 0 0.19 0.5830390961467812
0.27 0 0.2 0.39841614371421036
0.27 0 0.21 0.5391176541278577
0.27 0 0.22 0.8233166596010686
0.27 0 0.23 0.4096780108919661
0.27 0 0.24 1.2593766314631947
0.27 0 0.25 0.9991963242112789
0.27 0 0.26 0.6459927816555332
0.27 0 0.27 1.275820711006776
0.27 0 0.28 1.0080510800578255
0.27 0 0.29 0.6706740862725785
0.27 0 0.3 0.7412286029235431
0.27 0 0.31 0.9167903307599784
0.27 0 0.32 2.2769842586343385
0.27 0 0.33 0.999901909616472
0.27 0 0.34 0.7441807264711393
0.27 0 0.35000000000000003 0.9114080337879784
0.27 0 0.36 0.6073929436158605
0.27 0 0.37 0.6876819736729547
0.27 0 0.38 0.4377687455541782
0.27 0 0.39 0.3587444762652333
0.27 0 0.4 0.8531274991072196
0.27 0 0.41000000000000003 1.6714259265411773
0.27 0 0.42 1.075849502244023
0.27 0 0.43 0.6183357892845239
0.27 0 0.44 0.6183454884495517
0.27 0 0.45 0.600004100969761
0.27 0 0.46 0.5470723133483202
0.27 0 0.47000000000000003 0.8463369765358686
0.27 0 0.48 0.7472500532878017
0.27 0 0.49 0.23730189164028842
0.27 0 0.5 0.23726231390328076
0.28 0 0.0 0.2848900180123631
0.28 0 0.01 0.3684248688457087
0.28 0 0.02 0.3656258649235375
0.28 0 0.03 0.5341652501146352
0.28 0 0.04 1.0712984979583937
0.28 0 0.05 1.2938205404453804
0.28 0 0.06 0.9582565201085637
0.28 0 0.07 0.961253275554015
0.28 0 0.08 1.3382871299728254
0.28 0 0.09 1.9691363660204637
0.28 0 0.1 0.6166804713717678
0.28 0 0.11 0.8348596843692915
0.28 0 0.12 0.3677274499792394
0.28 0 0.13 0.2825324158820945
0.28 0 0.14 0.22163057105990455
0.28 0 0.15 0.24190785994540026
0.28 0 0.16 0.4259503659747097
0.28 0 0.17 0.35750540887603194
0.28 0 0.18 0.7249819510122791
0.28 0 0.19 0.6776871986958709
0.28 0 0.2 0.8489307784740262
0.28 0 0.21 1.276299788746429
0.28 0 0.22 1.5238759036562008
0.28 0 0.23 1.1574886627449403
0.28 0 0.24 2.458198737753898
0.28 0 0.25 4.379385147635354
0.28 0 0.26 2.228433598219204
0.28 0 0.27 0.954865614884428
0.28 0 0.28 0.8603215733337034
0.28 0 0.29 0.4608624865282534
0.28 0 0.3 0.41188760584903567
0.28 0 0.31 0.9983737609776108
0.28 0 0.32 1.3848687629766983
0.28 0 0.33 1.3586545013752198
0.28 0 0.34 0.5297213695365314
0.28 0 0.35000000000000003 1.3707847023630824
0.28 0 0.36 0.6876819285337593
0.28 0 0.37 0.5154769734072581
0.28 0 0.38 0.5423169730367067
0.28 0 0.39 0.5707547619871783
0.28 0 0.4 0.8247788758576354
0.28 0 0.41000000000000003 0.9186078663926652
0.28 0 0.42 1.0545094381759998
0.28 0 0.43 0.6581952333137615
0.28 0 0.44 0.5843144942702282
0.28 0 0.45 0.7826528292908083
0.28 0 0.46 1.2285365269251276
0.28 0 0.47000000000000003 0.7020189432658706
0.28 0 0.48 0.6206511409826666
0.28 0 0.49 0.302283994563791
0.28 0 0.5 0.4569797291553887
0.29 0 0.0 0.7884561964980631
0.29 0 0.01 0.6799798670299453
0.29 0 0.02 0.6974605293948084
0.29 0 0.03 0.757966153009052
0.29 0 0.04 0.8865464787487468
0.29 0 0.05 0.6028763536644616
0.29 0 0.06 0.5232865066902748
0.29 0 0.07 0.6577395681004969
0.29 0 0.08 0.8448778990472149
0.29 0 0.09 1.2182381232172548
0.29 0 0.1 0.4899548829063376
0.29 0 0.11 0.2571196891419716
0.29 0 0.12 0.2291048235217826
0.29 0 0.13 0.24460496837830048
0.29 0 0.14 0.09558274756925497
0.29 0 0.15 0.25562434366750186
0.29 0 0.16 0.3781129248648581
0.29 0 0.17 0.49121548784057184
0.29 0 0.18 0.8162046124790562
0.29 0 0.19 0.5346672708744407
0.29 0 0.2 0.8044265576382198
0.29 0 0.21 2.035939712233098
0.29 0 0.22 3.9467629572250473
0.29 0 0.23 2.206627874200286
0.29 0 0.24 3.9378435876303466
0.29 0 0.25 2.3030088457789573
0.29 0 0.26 1.9802879114263652
0.29 0 0.27 1.0459874218303649
0.29 0 0.28 0.8657522844374377
0.29 0 0.29 1.4578413403223522
0.29 0 0.3 1.616719347018683
0.29 0 0.31 1.8552498962387838
0.29 0 0.32 1.2138522367043931
0.29 0 0.33 0.8242660783942173
0.29 0 0.34 0.8315208460107104
0.29 0 0.35000000000000003 1.3844493677577532
0.29 0 0.36 0.6311487378398181
0.29 0 0.37 0.4360902898380007
0.29 0 0.38 0.22575285191501704
0.29 0 0.39 0.40660164762751577
0.29 0 0.4 0.2099919682778554
0.29 0 0.41000000000000003 0.3231642094914436
0.29 0 0.42 0.7557099983583516
0.29 0 0.43 0.7485541090421868
0.29 0 0.44 1.2158205176615975
0.29 0 0.45 1.3383886984338311
0.29 0 0.46 1.578004293797674
0.29 0 0.47000000000000003 0.74049327294887
0.29 0 0.48 1.2754274510122474
0.29 0 0.49 1.037447684928671
0.29 0 0.5 0.6417077203404327
0.3 0 0.0 0.996386645481386
0.3 0 0.01 1.678713058339691
0.3 0 0.02 1.638611628333226
0.3 0 0.03 2.6751817315608
0.3 0 0.04 1.5670130231529744
0.3 0 0.05 0.9508711117098755
0.3 0 0.06 0.9289688110740598
0.3 0 0.07 0.8118478751817467
0.3 0 0.08 1.1092355254996702
0.3 0 0.09 1.414470125522786
0.3 0 0.1 0.4884073199071208
0.3 0 0.11 0.49775748584431556
0.3 0 0.12 0.451877589040332
0.3 0 0.13 0.3822305203799425
0.3 0 0.14 0.32893121348749443
0.3 0 0.15 0.14268603491405824
0.3 0 0.16 0.27445490707178816
0.3 0 0.17 0.41637329896077246
0.3 0 0.18 0.45849962485990503
0.3 0 0.19 0.5116031023940337
0.3 0 0.2 1.6797143634666611
0.3 0 0.21 1.5413186622018389
0.3 0 0.22 2.57784680745144
0.3 0 0.23 3.382851190005782
0.3 0 0.24 1.9910216361241213
0.3 0 0.25 1.8258377150897498
0.3 0 0.26 1.642640573817992
0.3 0 0.27 1.5511916468635498
0.3 0 0.28 0.7428823388734804
0.3 0 0.29 0.5200420089603731
0.3 0 0.3 0.8109233265546714
0.3 0 0.31 1.0630354958328012
0.3 0 0.32 1.077193214390446
0.3 0 0.33 1.4186948185463493
0.3 0 0.34 0.5710158090154996
0.3 0 0.35000000000000003 0.5347021956287547
0.3 0 0.36 0.3014348304610453
0.3 0 0.37 0.20586476834943476
0.3 0 0.38 0.231640667863127
0.3 0 0.39 0.19565231322644425
0.3 0 0.4 0.48958422492638515
0.3 0 0.41000000000000003 0.4890290963203292
0.3 0 0.42 1.1201968348279352
0.3 0 0.43 1.3623964379354365
0.3 0 0.44 2.7931115209706903
0.3 0 0.45 3.1878377615549116
0.3 0 0.46 2.6640677198427065
0.3 0 0.47000000000000003 1.7954994863218174
0.3 0 0.48 1.249530659764598
0.3 0 0.49 2.576059358417237
0.3 0 0.5 1.5762077529699723
#STOP
