#MEDIUM_PROPERTIES_DISTRIBUTED
$MSH_TYPE
	 GROUNDWATER_FLOW	
$MMP_TYPE
	 PERMEABILITY	
$DIS_TYPE
	 NEAREST_VALUE	
;hj
$CONVERSION_FACTOR
2e-8;2e-6;2e-13
$DATA
0.0 0 0.0 0.20325409604291653
0.0 0 0.01 0.16997593626248883
0.0 0 0.02 0.12636248318453458
0.0 0 0.03 0.08096191097296378
0.0 0 0.04 0.11234656100789521
0.0 0 0.05 0.08840214673599654
0.0 0 0.06 0.15924370502935528
0.0 0 0.07 0.18145253463960842
0.0 0 0.08 0.23802376721726254
0.0 0 0.09 0.3348475811925822
0.0 0 0.1 0.5502301091119085
0.0 0 0.11 0.6214081767836576
0.0 0 0.12 0.8578543974368489
0.0 0 0.13 0.5698489093513887
0.0 0 0.14 0.2747269423463264
0.0 0 0.15 0.24221980246720667
0.0 0 0.16 0.26108055849435574
0.0 0 0.17 0.17381787763319206
0.0 0 0.18 0.25265815237563294
0.0 0 0.19 0.450820994785071
0.0 0 0.2 0.4694238650484518
0.0 0 0.21 0.5072322708848459
0.0 0 0.22 0.3770061939899457
0.0 0 0.23 0.3184000861640693
0.0 0 0.24 0.30689800269748935
0.0 0 0.25 0.23118374371603825
0.0 0 0.26 0.1849919801216159
0.0 0 0.27 0.416234476576067
0.0 0 0.28 0.4135342588540935
0.0 0 0.29 0.37854477434139705
0.0 0 0.3 0.27163413997973057
0.0 0 0.31 0.42227486162525957
0.0 0 0.32 0.5087771094883293
0.0 0 0.33 0.5294785160342856
0.0 0 0.34 0.3881357704520991
0.0 0 0.35000000000000003 0.4666365561950955
0.0 0 0.36 0.3746455897283545
0.0 0 0.37 0.24999274940144922
0.0 0 0.38 0.2618035004247709
0.0 0 0.39 0.4416873761892622
0.0 0 0.4 0.31902113093115025
0.0 0 0.41000000000000003 0.691021733217977
0.0 0 0.42 0.7050638782171224
0.0 0 0.43 0.6424803505527794
0.0 0 0.44 0.6352490696787397
0.0 0 0.45 0.5786768436057546
0.0 0 0.46 0.48421557596198656
0.0 0 0.47000000000000003 0.7206002093530959
0.0 0 0.48 0.6512704188462481
0.0 0 0.49 0.4090297409639855
0.0 0 0.5 0.5591813186256365
0.01 0 0.0 0.17510076341282402
0.01 0 0.01 0.19676659196103813
0.01 0 0.02 0.39671848391350434
0.01 0 0.03 0.20240783093264014
0.01 0 0.04 0.12802447606339457
0.01 0 0.05 0.16216144900285737
0.01 0 0.06 0.20183508287517093
0.01 0 0.07 0.25898647467590824
0.01 0 0.08 0.23373037804498845
0.01 0 0.09 0.4182608891045228
0.01 0 0.1 0.3888782599187329
0.01 0 0.11 0.6024467504793461
0.01 0 0.12 0.6208540030100049
0.01 0 0.13 0.8463835696168035
0.01 0 0.14 0.794588526286085
0.01 0 0.15 0.6291558808258696
0.01 0 0.16 0.5521454191436042
0.01 0 0.17 0.48065969315909385
0.01 0 0.18 0.46117433246515327
0.01 0 0.19 0.7646309776529786
0.01 0 0.2 1.0315225255855145
0.01 0 0.21 0.8392660450608521
0.01 0 0.22 1.0511224621193347
0.01 0 0.23 1.3246684976537872
0.01 0 0.24 0.9282060285227697
0.01 0 0.25 1.2298761379787964
0.01 0 0.26 0.5918745895980904
0.01 0 0.27 0.5562983199697838
0.01 0 0.28 0.6859998478934791
0.01 0 0.29 0.954268996495209
0.01 0 0.3 0.39552977155451163
0.01 0 0.31 0.6661802227098379
0.01 0 0.32 0.7793558745261536
0.01 0 0.33 0.5949181507886817
0.01 0 0.34 0.6238093422057815
0.01 0 0.35000000000000003 0.7866776178977792
0.01 0 0.36 0.5333692691798029
0.01 0 0.37 0.8055105961582063
0.01 0 0.38 0.7623138330991632
0.01 0 0.39 0.44136038806881517
0.01 0 0.4 0.7564249704856557
0.01 0 0.41000000000000003 0.892482400580405
0.01 0 0.42 0.7809157589738954
0.01 0 0.43 0.765219502600085
0.01 0 0.44 1.1177998843434347
0.01 0 0.45 0.5560683855852527
0.01 0 0.46 0.47196098400454056
0.01 0 0.47000000000000003 0.6358961606519894
0.01 0 0.48 0.4441055400020687
0.01 0 0.49 0.44854340393593145
0.01 0 0.5 0.5752580417998225
0.02 0 0.0 0.08247298882466146
0.02 0 0.01 0.07406734111533488
0.02 0 0.02 0.1155047889944443
0.02 0 0.03 0.1736849689263599
0.02 0 0.04 0.14926925704177316
0.02 0 0.05 0.3040388614729871
0.02 0 0.06 0.34865998345911203
0.02 0 0.07 0.4030695372397116
0.02 0 0.08 0.16144765053427032
0.02 0 0.09 0.23344364616658408
0.02 0 0.1 0.16134102579356605
0.02 0 0.11 0.16945352304563394
0.02 0 0.12 0.1629499347573904
0.02 0 0.13 0.2944513872214151
0.02 0 0.14 0.21972481641718497
0.02 0 0.15 0.3601138578620495
0.02 0 0.16 0.4439386805705002
0.02 0 0.17 0.387296829057668
0.02 0 0.18 0.47546007527867956
0.02 0 0.19 0.3865437412264126
0.02 0 0.2 0.3478511801942882
0.02 0 0.21 0.5951915967815339
0.02 0 0.22 0.9654210063574454
0.02 0 0.23 0.7676997318217206
0.02 0 0.24 1.3952829213402387
0.02 0 0.25 3.1260453808410644
0.02 0 0.26 1.679849338567283
0.02 0 0.27 1.8825074537967934
0.02 0 0.28 2.2031322218885747
0.02 0 0.29 1.9646380626915707
0.02 0 0.3 1.0916451117185615
0.02 0 0.31 0.9776626110388313
0.02 0 0.32 0.42283303356524354
0.02 0 0.33 0.6032759355341487
0.02 0 0.34 0.7313304022601314
0.02 0 0.35000000000000003 0.71572436359872
0.02 0 0.36 1.1172775857074706
0.02 0 0.37 1.3685687264076043
0.02 0 0.38 1.5525301739521027
0.02 0 0.39 0.7124145944579757
0.02 0 0.4 1.45999427583116
0.02 0 0.41000000000000003 1.0013445076852312
0.02 0 0.42 1.4267636021314052
0.02 0 0.43 1.354771878259004
0.02 0 0.44 2.333220447714121
0.02 0 0.45 2.084058076324614
0.02 0 0.46 2.0592217671053397
0.02 0 0.47000000000000003 1.8025644257731437
0.02 0 0.48 1.1589262971113707
0.02 0 0.49 0.743703293720327
0.02 0 0.5 0.777273124817385
0.03 0 0.0 0.07873131522581125
0.03 0 0.01 0.08278521870447769
0.03 0 0.02 0.08321693705870495
0.03 0 0.03 0.13722885174349175
0.03 0 0.04 0.05385217092708046
0.03 0 0.05 0.10536964031431019
0.03 0 0.06 0.20159382615950927
0.03 0 0.07 0.14511382033049386
0.03 0 0.08 0.09302332439720623
0.03 0 0.09 0.1513901126284202
0.03 0 0.1 0.09989998193759417
0.03 0 0.11 0.16900557530849541
0.03 0 0.12 0.1787932874284179
0.03 0 0.13 0.11077720535598154
0.03 0 0.14 0.1218127972294564
0.03 0 0.15 0.22241695947016626
0.03 0 0.16 0.21271153981687085
0.03 0 0.17 0.33038786614173155
0.03 0 0.18 0.8719234612703516
0.03 0 0.19 0.707079421847893
0.03 0 0.2 0.7228268715695827
0.03 0 0.21 0.878932568896201
0.03 0 0.22 0.7665892792836028
0.03 0 0.23 0.74312839640133
0.03 0 0.24 0.8676609716558986
0.03 0 0.25 0.5861037929865626
0.03 0 0.26 0.4716971099332771
0.03 0 0.27 0.560090571382254
0.03 0 0.28 0.6773929442737155
0.03 0 0.29 0.9619239204958642
0.03 0 0.3 1.1537154857938023
0.03 0 0.31 1.256301168909796
0.03 0 0.32 1.16179541475276
0.03 0 0.33 1.031001117661867
0.03 0 0.34 1.1544823476433848
0.03 0 0.35000000000000003 0.6345568417271384
0.03 0 0.36 1.2292230679462284
0.03 0 0.37 1.8907059091708913
0.03 0 0.38 3.2511840127865375
0.03 0 0.39 2.0029154672882847
0.03 0 0.4 3.9632255848952584
0.03 0 0.41000000000000003 3.623442676820767
0.03 0 0.42 2.5778340969923
0.03 0 0.43 1.64470829410612
0.03 0 0.44 1.6549100784080877
0.03 0 0.45 1.552622599573732
0.03 0 0.46 3.2609946583019
0.03 0 0.47000000000000003 3.330085307154362
0.03 0 0.48 3.170654434328488
0.03 0 0.49 3.534594064276569
0.03 0 0.5 2.0155192332024576
0.04 0 0.0 0.18287956727651894
0.04 0 0.01 0.30588602411826155
0.04 0 0.02 0.3197297077858699
0.04 0 0.03 0.22938025918747657
0.04 0 0.04 0.1313652419217491
0.04 0 0.05 0.14449514075324
0.04 0 0.06 0.11433443733493105
0.04 0 0.07 0.18933532532407996
0.04 0 0.08 0.18947525614729308
0.04 0 0.09 0.10583833313105119
0.04 0 0.1 0.10483862384711788
0.04 0 0.11 0.11540266150864735
0.04 0 0.12 0.09611551651054757
0.04 0 0.13 0.047173479853159186
0.04 0 0.14 0.08108084651821752
0.04 0 0.15 0.09258112862947175
0.04 0 0.16 0.14650736438028564
0.04 0 0.17 0.1469709030241605
0.04 0 0.18 0.22131501756498356
0.04 0 0.19 0.28409120465264065
0.04 0 0.2 0.31750003464795484
0.04 0 0.21 0.4408183235437016
0.04 0 0.22 0.6106639836595575
0.04 0 0.23 0.7008809391337599
0.04 0 0.24 0.6748192149882145
0.04 0 0.25 0.5510050524792682
0.04 0 0.26 0.47532897983908556
0.04 0 0.27 0.6210271926415163
0.04 0 0.28 0.9045771786728481
0.04 0 0.29 0.8964944488327952
0.04 0 0.3 1.5488206758328855
0.04 0 0.31 0.9820644493591106
0.04 0 0.32 1.2244524137197466
0.04 0 0.33 1.3070187832404292
0.04 0 0.34 2.654791419755792
0.04 0 0.35000000000000003 1.2535863463310304
0.04 0 0.36 1.2382734196197311
0.04 0 0.37 1.0706643816251582
0.04 0 0.38 1.2754286694639885
0.04 0 0.39 1.7739951391005189
0.04 0 0.4 1.7416253096330392
0.04 0 0.41000000000000003 1.9082867185624754
0.04 0 0.42 2.6771379051875956
0.04 0 0.43 2.912371798984677
0.04 0 0.44 2.4775116738729013
0.04 0 0.45 3.6674439772047114
0.04 0 0.46 3.863225871887746
0.04 0 0.47000000000000003 4.54535595546805
0.04 0 0.48 2.3374153858341455
0.04 0 0.49 2.1359426723609674
0.04 0 0.5 1.828642396208002
0.05 0 0.0 0.07942834525401227
0.05 0 0.01 0.06590283352643266
0.05 0 0.02 0.06286130520952367
0.05 0 0.03 0.10577614256828391
0.05 0 0.04 0.12122369786496803
0.05 0 0.05 0.1550837124233472
0.05 0 0.06 0.1447290702801953
0.05 0 0.07 0.1637830614919424
0.05 0 0.08 0.15041510523640467
0.05 0 0.09 0.08858336151572183
0.05 0 0.1 0.11998125203681856
0.05 0 0.11 0.13287768722529178
0.05 0 0.12 0.2580213313618409
0.05 0 0.13 0.10692475538385321
0.05 0 0.14 0.13516995078173516
0.05 0 0.15 0.14718519632558982
0.05 0 0.16 0.20421993256198448
0.05 0 0.17 0.16897933432446208
0.05 0 0.18 0.22643680540488997
0.05 0 0.19 0.2030393304067054
0.05 0 0.2 0.2595478105066339
0.05 0 0.21 0.3189485908342775
0.05 0 0.22 0.32718159929638113
0.05 0 0.23 0.5261843528624761
0.05 0 0.24 0.6913671081872284
0.05 0 0.25 0.7100642416290202
0.05 0 0.26 0.7939347751160705
0.05 0 0.27 1.0914593097140244
0.05 0 0.28 1.3047104670528027
0.05 0 0.29 1.37524394489366
0.05 0 0.3 2.421463410661638
0.05 0 0.31 1.8963707839525388
0.05 0 0.32 2.2886088474213397
0.05 0 0.33 2.4991094151827276
0.05 0 0.34 5.175819138067942
0.05 0 0.35000000000000003 5.7900706696647655
0.05 0 0.36 4.7657293055380165
0.05 0 0.37 4.621206743962744
0.05 0 0.38 5.046526131708976
0.05 0 0.39 4.513661533662457
0.05 0 0.4 3.789580750604505
0.05 0 0.41000000000000003 3.7384149766386643
0.05 0 0.42 2.0475483089971385
0.05 0 0.43 2.2054300489208747
0.05 0 0.44 0.7054184565968722
0.05 0 0.45 0.9563080833361258
0.05 0 0.46 1.0748568659792992
0.05 0 0.47000000000000003 1.8431129261142805
0.05 0 0.48 0.806312391343529
0.05 0 0.49 1.2302670964057312
0.05 0 0.5 1.3028277792527418
0.06 0 0.0 0.0917186576207185
0.06 0 0.01 0.10423503013547435
0.06 0 0.02 0.14120778855211377
0.06 0 0.03 0.12719255458917417
0.06 0 0.04 0.14781310613573745
0.06 0 0.05 0.20757790662894682
0.06 0 0.06 0.182167357349924
0.06 0 0.07 0.12953497507605993
0.06 0 0.08 0.21224499516367124
0.06 0 0.09 0.17262130340295984
0.06 0 0.1 0.2723681525094183
0.06 0 0.11 0.384418652399958
0.06 0 0.12 0.37931523038483417
0.06 0 0.13 0.2291732612764569
0.06 0 0.14 0.22630221454583221
0.06 0 0.15 0.17714261392149275
0.06 0 0.16 0.25036957111601477
0.06 0 0.17 0.20818402927052893
0.06 0 0.18 0.19886510770440663
0.06 0 0.19 0.14665441876276267
0.06 0 0.2 0.14356211668965388
0.06 0 0.21 0.12414845189949583
0.06 0 0.22 0.13637896088371682
0.06 0 0.23 0.17511023962608913
0.06 0 0.24 0.1916070325192104
0.06 0 0.25 0.2582329194221403
0.06 0 0.26 0.26126924009642627
0.06 0 0.27 0.37447844948397757
0.06 0 0.28 0.33957330824342147
0.06 0 0.29 0.2691418159765611
0.06 0 0.3 0.23090810579502793
0.06 0 0.31 0.3645323730608269
0.06 0 0.32 0.4188279001253057
0.06 0 0.33 0.8171589883413185
0.06 0 0.34 0.9402712329501569
0.06 0 0.35000000000000003 0.7334599559718906
0.06 0 0.36 0.7957499165984948
0.06 0 0.37 0.898546606448804
0.06 0 0.38 0.8299520109605502
0.06 0 0.39 1.1640024943423737
0.06 0 0.4 0.8822328069530854
0.06 0 0.41000000000000003 0.7844291573981587
0.06 0 0.42 0.6322601097675113
0.06 0 0.43 1.0785956928772449
0.06 0 0.44 0.5778139303489501
0.06 0 0.45 1.0312061255336382
0.06 0 0.46 1.017282395704998
0.06 0 0.47000000000000003 0.9388983173013037
0.06 0 0.48 0.954863682956489
0.06 0 0.49 1.0205847173341944
0.06 0 0.5 1.0467259629512977
0.07 0 0.0 0.17048993150091646
0.07 0 0.01 0.17350402474377613
0.07 0 0.02 0.1738517578990112
0.07 0 0.03 0.1119500761048315
0.07 0 0.04 0.1429208307275705
0.07 0 0.05 0.12452081530808574
0.07 0 0.06 0.17574001561584376
0.07 0 0.07 0.18506260980049935
0.07 0 0.08 0.23244568276600136
0.07 0 0.09 0.22105588152575387
0.07 0 0.1 0.180647216085908
0.07 0 0.11 0.20087380641743882
0.07 0 0.12 0.21227190660660242
0.07 0 0.13 0.1537392095710037
0.07 0 0.14 0.1260877304007588
0.07 0 0.15 0.11765532940724589
0.07 0 0.16 0.1576246550315825
0.07 0 0.17 0.2582645495017843
0.07 0 0.18 0.2533206764392679
0.07 0 0.19 0.24134891833397748
0.07 0 0.2 0.407062402601329
0.07 0 0.21 0.8507659320594212
0.07 0 0.22 0.6247494393305143
0.07 0 0.23 0.8065099785117006
0.07 0 0.24 0.8017959616946014
0.07 0 0.25 0.608528679232167
0.07 0 0.26 0.4120387615932343
0.07 0 0.27 0.46942852947981745
0.07 0 0.28 0.3823977613449109
0.07 0 0.29 0.7603449459940361
0.07 0 0.3 0.5121979011063357
0.07 0 0.31 0.3242801768997203
0.07 0 0.32 0.37821206738535246
0.07 0 0.33 0.740567837682261
0.07 0 0.34 0.8024196060657832
0.07 0 0.35000000000000003 1.3450693115128287
0.07 0 0.36 1.065235982596498
0.07 0 0.37 0.7953416965268784
0.07 0 0.38 0.8813480807520893
0.07 0 0.39 1.1000608275277082
0.07 0 0.4 0.5479336233129772
0.07 0 0.41000000000000003 0.6933569349290519
0.07 0 0.42 0.6614146978358139
0.07 0 0.43 0.4878589865101127
0.07 0 0.44 0.6085691079402057
0.07 0 0.45 0.3988850788726089
0.07 0 0.46 0.3345271304967411
0.07 0 0.47000000000000003 0.3813416990358251
0.07 0 0.48 0.3480741910291409
0.07 0 0.49 0.29773944584504813
0.07 0 0.5 0.5368091745772013
0.08 0 0.0 0.4377018473541897
0.08 0 0.01 0.31236030843891227
0.08 0 0.02 0.19839982734719575
0.08 0 0.03 0.1292619918541458
0.08 0 0.04 0.11591185481033589
0.08 0 0.05 0.15616985883403658
0.08 0 0.06 0.20005298613336298
0.08 0 0.07 0.2839044482517585
0.08 0 0.08 0.3650287074665683
0.08 0 0.09 0.343350704586396
0.08 0 0.1 0.4576691532992852
0.08 0 0.11 0.43625133362607665
0.08 0 0.12 0.5031053556412853
0.08 0 0.13 0.5721263667562082
0.08 0 0.14 0.512306232027804
0.08 0 0.15 0.4328593551151456
0.08 0 0.16 0.375202327757729
0.08 0 0.17 0.5593600762738933
0.08 0 0.18 0.2933132604964128
0.08 0 0.19 0.5646858218955093
0.08 0 0.2 0.476826990978776
0.08 0 0.21 0.5964452711114998
0.08 0 0.22 0.4325156333353981
0.08 0 0.23 0.38540028385847525
0.08 0 0.24 0.22105864115659596
0.08 0 0.25 0.39590885769328615
0.08 0 0.26 0.3807166788755109
0.08 0 0.27 0.3239892155118486
0.08 0 0.28 0.42472659223099757
0.08 0 0.29 0.3705529750899428
0.08 0 0.3 0.32052107174270045
0.08 0 0.31 0.41519389763434084
0.08 0 0.32 0.557054043540333
0.08 0 0.33 0.590765206097573
0.08 0 0.34 1.1154012579488959
0.08 0 0.35000000000000003 1.434051492600736
0.08 0 0.36 1.1071224388316876
0.08 0 0.37 1.4309704934503236
0.08 0 0.38 0.958770874699416
0.08 0 0.39 0.6849523446830956
0.08 0 0.4 0.8028605793206343
0.08 0 0.41000000000000003 0.6689062445351922
0.08 0 0.42 0.6437626091867001
0.08 0 0.43 0.7729008978334336
0.08 0 0.44 1.1049124032721944
0.08 0 0.45 0.9754236521311486
0.08 0 0.46 1.3642537479990018
0.08 0 0.47000000000000003 1.8456936594693356
0.08 0 0.48 2.628107012473963
0.08 0 0.49 2.2413462520852887
0.08 0 0.5 2.867142497625007
0.09 0 0.0 0.49558759137668845
0.09 0 0.01 0.9984199352805511
0.09 0 0.02 0.6285878476822478
0.09 0 0.03 0.8982596818405008
0.09 0 0.04 0.6163629657772645
0.09 0 0.05 0.5818611704052895
0.09 0 0.06 0.8460039440139346
0.09 0 0.07 1.1467049995590999
0.09 0 0.08 1.0722186223734167
0.09 0 0.09 0.962939554684519
0.09 0 0.1 1.4167285767359357
0.09 0 0.11 0.9751193864167476
0.09 0 0.12 0.9388118896478148
0.09 0 0.13 0.8125272742812153
0.09 0 0.14 0.47608396968779854
0.09 0 0.15 0.8999585136303205
0.09 0 0.16 0.8992040712132082
0.09 0 0.17 1.3129249723687424
0.09 0 0.18 1.3558690011070749
0.09 0 0.19 1.7094916070859478
0.09 0 0.2 0.94393881493155
0.09 0 0.21 2.4386397416832724
0.09 0 0.22 2.588624494601827
0.09 0 0.23 2.154291469761996
0.09 0 0.24 1.5377760419832758
0.09 0 0.25 1.2046714541995125
0.09 0 0.26 0.776179380316484
0.09 0 0.27 0.6862539116234511
0.09 0 0.28 0.8537919760330853
0.09 0 0.29 0.4295690038513213
0.09 0 0.3 0.5761593448340715
0.09 0 0.31 0.3427192740353009
0.09 0 0.32 0.3741293830214668
0.09 0 0.33 0.43471585558488113
0.09 0 0.34 0.8792265948646427
0.09 0 0.35000000000000003 0.8189914736234181
0.09 0 0.36 1.2767113801502534
0.09 0 0.37 1.592063982695234
0.09 0 0.38 2.169434712038017
0.09 0 0.39 1.9721546854049727
0.09 0 0.4 1.283250943161158
0.09 0 0.41000000000000003 0.7384743306539958
0.09 0 0.42 0.44913936884408107
0.09 0 0.43 0.5127763857197192
0.09 0 0.44 0.5071927234111296
0.09 0 0.45 0.6158019951696413
0.09 0 0.46 0.981046709691856
0.09 0 0.47000000000000003 1.1855162104488084
0.09 0 0.48 1.5367401118802497
0.09 0 0.49 0.7839121800054333
0.09 0 0.5 1.289630100727833
0.1 0 0.0 0.824173433358214
0.1 0 0.01 0.7771937797134362
0.1 0 0.02 1.1406978081374217
0.1 0 0.03 1.9054019272940272
0.1 0 0.04 1.4495421425293242
0.1 0 0.05 1.9228759107035283
0.1 0 0.06 3.06715214522122
0.1 0 0.07 2.593060769532595
0.1 0 0.08 2.7061377671992632
0.1 0 0.09 1.8856442604066186
0.1 0 0.1 1.0873583466806052
0.1 0 0.11 2.386543051911692
0.1 0 0.12 2.977933443810893
0.1 0 0.13 2.754210877957435
0.1 0 0.14 3.3145321711427393
0.1 0 0.15 4.315380381452085
0.1 0 0.16 3.791341548741448
0.1 0 0.17 5.627108826294282
0.1 0 0.18 5.590775065997144
0.1 0 0.19 3.519102168647631
0.1 0 0.2 3.140068435806326
0.1 0 0.21 3.389530585394902
0.1 0 0.22 3.01500727501558
0.1 0 0.23 3.4093533975349017
0.1 0 0.24 4.1545989252322615
0.1 0 0.25 2.5189918843946173
0.1 0 0.26 2.1971054193347586
0.1 0 0.27 0.9655230853877758
0.1 0 0.28 0.9840886171316438
0.1 0 0.29 0.8579960421793209
0.1 0 0.3 1.440422006620982
0.1 0 0.31 1.0467535977245417
0.1 0 0.32 1.1505669172732689
0.1 0 0.33 1.0972938577987563
0.1 0 0.34 2.6483671564031583
0.1 0 0.35000000000000003 2.1879433788324536
0.1 0 0.36 2.3937706783142816
0.1 0 0.37 3.425798415320768
0.1 0 0.38 3.738264363078689
0.1 0 0.39 3.115349392765128
0.1 0 0.4 2.421660371765093
0.1 0 0.41000000000000003 1.9078926622328396
0.1 0 0.42 1.2539365575463521
0.1 0 0.43 1.6615326452641537
0.1 0 0.44 1.4044051575485017
0.1 0 0.45 1.0961997714939424
0.1 0 0.46 1.6794454468116862
0.1 0 0.47000000000000003 1.096435955441897
0.1 0 0.48 1.0823102970196683
0.1 0 0.49 1.205051104068876
0.1 0 0.5 1.1873569795762176
0.11 0 0.0 0.9191600199134481
0.11 0 0.01 1.2005654457994548
0.11 0 0.02 1.715796390076013
0.11 0 0.03 1.1166706651082485
0.11 0 0.04 1.976777705968267
0.11 0 0.05 1.8836673483962034
0.11 0 0.06 1.313727580269977
0.11 0 0.07 1.4939500020517817
0.11 0 0.08 1.6682005998855316
0.11 0 0.09 2.1936229497291713
0.11 0 0.1 2.9281401957226025
0.11 0 0.11 4.271870106056635
0.11 0 0.12 4.298059243889233
0.11 0 0.13 4.316672905443452
0.11 0 0.14 3.96176201071838
0.11 0 0.15 3.6260705179980923
0.11 0 0.16 4.5311338586942815
0.11 0 0.17 5.286895064336089
0.11 0 0.18 6.528587778201981
0.11 0 0.19 4.448710457721179
0.11 0 0.2 4.0433944718805614
0.11 0 0.21 3.4015995869863196
0.11 0 0.22 4.14456647252135
0.11 0 0.23 1.4130199857520254
0.11 0 0.24 1.4815011033608123
0.11 0 0.25 0.9300306543366047
0.11 0 0.26 1.564048471179446
0.11 0 0.27 1.896061728475422
0.11 0 0.28 2.3663375209911375
0.11 0 0.29 1.849864872523953
0.11 0 0.3 2.5004198778944997
0.11 0 0.31 1.9803645865033934
0.11 0 0.32 1.4101295601410138
0.11 0 0.33 1.785256409323205
0.11 0 0.34 1.79119535686098
0.11 0 0.35000000000000003 1.8152936949183112
0.11 0 0.36 1.5903732591384778
0.11 0 0.37 2.2666235522365916
0.11 0 0.38 2.3376323348519925
0.11 0 0.39 4.09204799375076
0.11 0 0.4 5.2488771055422765
0.11 0 0.41000000000000003 3.7680782753516704
0.11 0 0.42 2.1097108715603667
0.11 0 0.43 1.0913631740933887
0.11 0 0.44 1.0290603589412406
0.11 0 0.45 0.7288756354839
0.11 0 0.46 0.729758393562736
0.11 0 0.47000000000000003 0.8533307413994924
0.11 0 0.48 0.5389982670060842
0.11 0 0.49 0.5390511151357703
0.11 0 0.5 0.35830300592590336
0.12 0 0.0 0.8973486630512939
0.12 0 0.01 0.934317439279576
0.12 0 0.02 1.155902046682635
0.12 0 0.03 0.9650061903747736
0.12 0 0.04 1.1060457150661378
0.12 0 0.05 1.0020832312996248
0.12 0 0.06 1.088148187877503
0.12 0 0.07 0.6543210900564146
0.12 0 0.08 0.8557517216700062
0.12 0 0.09 0.6928653319136975
0.12 0 0.1 0.7717033647830776
0.12 0 0.11 0.9549869705225146
0.12 0 0.12 1.386168441029342
0.12 0 0.13 1.0697476829523302
0.12 0 0.14 1.007981697254817
0.12 0 0.15 1.3775528053734192
0.12 0 0.16 1.6645952822191248
0.12 0 0.17 2.9258124945611597
0.12 0 0.18 2.980644717470041
0.12 0 0.19 1.2536027991784373
0.12 0 0.2 1.8152172190098508
0.12 0 0.21 2.2869456828969335
0.12 0 0.22 3.9998363210299246
0.12 0 0.23 4.13931586190693
0.12 0 0.24 6.583907974854827
0.12 0 0.25 3.2326587886142657
0.12 0 0.26 2.922745512131937
0.12 0 0.27 2.6685846857285207
0.12 0 0.28 2.546258142170056
0.12 0 0.29 2.7248560787451326
0.12 0 0.3 2.805309563724812
0.12 0 0.31 2.4521206688262613
0.12 0 0.32 1.4849302042029107
0.12 0 0.33 2.7667800067361856
0.12 0 0.34 1.9559798357668579
0.12 0 0.35000000000000003 1.9043532124839555
0.12 0 0.36 0.9714813924872966
0.12 0 0.37 1.1643453591289457
0.12 0 0.38 0.8417031971953087
0.12 0 0.39 1.0899717448523316
0.12 0 0.4 1.4881420001379175
0.12 0 0.41000000000000003 1.427220237179481
0.12 0 0.42 1.5494062547503251
0.12 0 0.43 1.6286515639958763
0.12 0 0.44 0.8304589257937084
0.12 0 0.45 0.5051942741491641
0.12 0 0.46 0.4905808439324497
0.12 0 0.47000000000000003 0.3099554645097233
0.12 0 0.48 0.21246638274629048
0.12 0 0.49 0.32235162665177575
0.12 0 0.5 0.2803860014626331
0.13 0 0.0 0.36749766841963505
0.13 0 0.01 0.4663815623246978
0.13 0 0.02 0.6794876982462198
0.13 0 0.03 0.5160662819248653
0.13 0 0.04 0.9281652006429916
0.13 0 0.05 0.8118694925712696
0.13 0 0.06 0.6654194929982011
0.13 0 0.07 0.32557297599193097
0.13 0 0.08 0.5171882635018163
0.13 0 0.09 0.31510354731292
0.13 0 0.1 0.4838118051883661
0.13 0 0.11 0.9627322040558923
0.13 0 0.12 1.4533689043363194
0.13 0 0.13 2.1750179983232223
0.13 0 0.14 2.3715003965972596
0.13 0 0.15 2.007743050923315
0.13 0 0.16 1.8144312179011453
0.13 0 0.17 1.9506420829260451
0.13 0 0.18 1.5492375512438419
0.13 0 0.19 1.1568028473555174
0.13 0 0.2 1.072910184171862
0.13 0 0.21 1.1998874007499705
0.13 0 0.22 0.9956633358899558
0.13 0 0.23 0.9745595228742192
0.13 0 0.24 0.9151026527093454
0.13 0 0.25 0.8634410472810179
0.13 0 0.26 1.0331536477310013
0.13 0 0.27 1.626607252137278
0.13 0 0.28 1.1222306346766326
0.13 0 0.29 0.8074541736265862
0.13 0 0.3 0.9055326421703517
0.13 0 0.31 0.9359632611067673
0.13 0 0.32 0.6665316533371632
0.13 0 0.33 2.210217502676715
0.13 0 0.34 2.506245385072918
0.13 0 0.35000000000000003 2.5581686454303134
0.13 0 0.36 2.369776168655252
0.13 0 0.37 1.8375741986616638
0.13 0 0.38 1.0104378782270307
0.13 0 0.39 2.2913215595401044
0.13 0 0.4 1.343768672764266
0.13 0 0.41000000000000003 0.7086991795950304
0.13 0 0.42 0.7399682148130031
0.13 0 0.43 0.8068332038743199
0.13 0 0.44 0.6239556401479978
0.13 0 0.45 0.8821323115827773
0.13 0 0.46 0.7846225613118374
0.13 0 0.47000000000000003 0.32111817656380987
0.13 0 0.48 0.39067396353054906
0.13 0 0.49 0.2911232919511347
0.13 0 0.5 0.2345116394756147
0.14 0 0.0 0.1868562041842227
0.14 0 0.01 0.1817325205862729
0.14 0 0.02 0.20641618725100885
0.14 0 0.03 0.1915238107234962
0.14 0 0.04 0.5444719176538513
0.14 0 0.05 0.5689439603486626
0.14 0 0.06 0.415517206279607
0.14 0 0.07 0.32478087573533176
0.14 0 0.08 0.28809684295722704
0.14 0 0.09 0.3456943422008552
0.14 0 0.1 0.44798913494773573
0.14 0 0.11 0.8052301358738553
0.14 0 0.12 0.7512731311672037
0.14 0 0.13 0.9943323966083629
0.14 0 0.14 1.7276800875404021
0.14 0 0.15 1.8766849241753942
0.14 0 0.16 2.2357812629456735
0.14 0 0.17 5.160059802751086
0.14 0 0.18 3.4138905231587473
0.14 0 0.19 2.3563036569297644
0.14 0 0.2 2.039094593487538
0.14 0 0.21 2.5256091350321084
0.14 0 0.22 2.055136794252302
0.14 0 0.23 3.4720365683576313
0.14 0 0.24 1.657844570706807
0.14 0 0.25 1.0806533818109016
0.14 0 0.26 1.6273362054877463
0.14 0 0.27 1.647131776147443
0.14 0 0.28 0.7028102235691692
0.14 0 0.29 0.7724281719160132
0.14 0 0.3 0.4883849933963687
0.14 0 0.31 0.38550640812277115
0.14 0 0.32 0.4884829541719794
0.14 0 0.33 0.5842621062269852
0.14 0 0.34 0.653952507465267
0.14 0 0.35000000000000003 1.312094498883476
0.14 0 0.36 0.9922892456435732
0.14 0 0.37 0.592049011931144
0.14 0 0.38 0.6175845058659256
0.14 0 0.39 0.8432758991371606
0.14 0 0.4 0.5617887903865513
0.14 0 0.41000000000000003 0.4102845576261942
0.14 0 0.42 0.3311301943944264
0.14 0 0.43 0.2434940212644121
0.14 0 0.44 0.28401704887326634
0.14 0 0.45 0.27981057770106943
0.14 0 0.46 0.4198368357499364
0.14 0 0.47000000000000003 0.4380289394264309
0.14 0 0.48 0.4040986795482939
0.14 0 0.49 0.3447234199902486
0.14 0 0.5 0.3063947277792172
0.15 0 0.0 0.2523113802043508
0.15 0 0.01 0.19517836574843525
0.15 0 0.02 0.1742841620827486
0.15 0 0.03 0.10956721361357098
0.15 0 0.04 0.1255635076525509
0.15 0 0.05 0.23438793309133985
0.15 0 0.06 0.2614394939375417
0.15 0 0.07 0.7849936182464894
0.15 0 0.08 0.6849099220670849
0.15 0 0.09 0.8885015207967407
0.15 0 0.1 0.8879527491853374
0.15 0 0.11 0.9874170176807381
0.15 0 0.12 0.4602665250952392
0.15 0 0.13 0.6546737818987308
0.15 0 0.14 0.5203203359933025
0.15 0 0.15 0.5827811306050673
0.15 0 0.16 0.7966253962462688
0.15 0 0.17 1.391403266728807
0.15 0 0.18 1.035656474255419
0.15 0 0.19 1.3937101528412994
0.15 0 0.2 1.8512899996745455
0.15 0 0.21 1.6339671120875663
0.15 0 0.22 2.6527850878748342
0.15 0 0.23 2.72821331772794
0.15 0 0.24 1.7307729843453739
0.15 0 0.25 1.514895083250281
0.15 0 0.26 1.25310635764364
0.15 0 0.27 1.0465707884123365
0.15 0 0.28 0.6726048094325723
0.15 0 0.29 0.4705157350589217
0.15 0 0.3 0.19517415607691982
0.15 0 0.31 0.16825526092077928
0.15 0 0.32 0.14706553853426108
0.15 0 0.33 0.16157725549767984
0.15 0 0.34 0.1881060923370235
0.15 0 0.35000000000000003 0.2354892089483246
0.15 0 0.36 0.3610113238003661
0.15 0 0.37 0.5306242848268439
0.15 0 0.38 0.8400040030296841
0.15 0 0.39 0.6962402450216958
0.15 0 0.4 0.7894461836081461
0.15 0 0.41000000000000003 0.34463420748868673
0.15 0 0.42 0.539189825947083
0.15 0 0.43 0.6223742534436206
0.15 0 0.44 0.8678714469606783
0.15 0 0.45 0.8618734165802545
0.15 0 0.46 0.744393116206603
0.15 0 0.47000000000000003 0.42227498793685814
0.15 0 0.48 0.44217704431665467
0.15 0 0.49 0.4483772157340862
0.15 0 0.5 0.41375490585895525
0.16 0 0.0 0.4348881330020184
0.16 0 0.01 0.6712462816301284
0.16 0 0.02 0.4395379010354413
0.16 0 0.03 0.6313055579497097
0.16 0 0.04 0.6244294628487352
0.16 0 0.05 0.5578484242086156
0.16 0 0.06 0.4596010924724182
0.16 0 0.07 0.6149109742080966
0.16 0 0.08 0.3995269281558295
0.16 0 0.09 0.8137696079043139
0.16 0 0.1 0.5979625249244478
0.16 0 0.11 0.5909831923743911
0.16 0 0.12 0.4857052537598516
0.16 0 0.13 1.077974538233853
0.16 0 0.14 0.6832181340906224
0.16 0 0.15 0.8367060501546413
0.16 0 0.16 0.7248400818451688
0.16 0 0.17 0.57960368159449
0.16 0 0.18 0.8179136243048067
0.16 0 0.19 0.5209019098467099
0.16 0 0.2 0.9272031633044616
0.16 0 0.21 1.5142870107823814
0.16 0 0.22 2.8484223622938454
0.16 0 0.23 1.909310078921653
0.16 0 0.24 1.59677993217675
0.16 0 0.25 0.875170035947488
0.16 0 0.26 0.7977099615632274
0.16 0 0.27 0.7988913090318164
0.16 0 0.28 0.5364744997093311
0.16 0 0.29 0.4781222747693383
0.16 0 0.3 0.30412720176332575
0.16 0 0.31 0.20175589343800734
0.16 0 0.32 0.23785782953779802
0.16 0 0.33 0.4018130804821944
0.16 0 0.34 0.4324167975885793
0.16 0 0.35000000000000003 0.7487585478839395
0.16 0 0.36 1.1797000158890798
0.16 0 0.37 0.5492587199886432
0.16 0 0.38 0.7759983939338784
0.16 0 0.39 0.5949570383921182
0.16 0 0.4 0.6411107185901828
0.16 0 0.41000000000000003 0.25337082460075677
0.16 0 0.42 0.15532660755044705
0.16 0 0.43 0.07662966722634644
0.16 0 0.44 0.15349557250754184
0.16 0 0.45 0.12656462717378789
0.16 0 0.46 0.11131473597032276
0.16 0 0.47000000000000003 0.12291414123305931
0.16 0 0.48 0.2178791469334548
0.16 0 0.49 0.2700039767131175
0.16 0 0.5 0.2912272165570532
0.17 0 0.0 0.4012884818396999
0.17 0 0.01 0.516581516311941
0.17 0 0.02 0.4407141684874226
0.17 0 0.03 0.4026558894218278
0.17 0 0.04 0.38696519463265305
0.17 0 0.05 0.5137374092031606
0.17 0 0.06 0.3688105388584464
0.17 0 0.07 0.34996449639987204
0.17 0 0.08 0.3603348558617318
0.17 0 0.09 0.528868496701881
0.17 0 0.1 0.5102697209479101
0.17 0 0.11 0.6116233465878788
0.17 0 0.12 0.3841266552017032
0.17 0 0.13 0.4158646567887657
0.17 0 0.14 0.5738089574723177
0.17 0 0.15 0.35476053965530985
0.17 0 0.16 0.6756547551094565
0.17 0 0.17 0.772146255919805
0.17 0 0.18 0.7273336572901125
0.17 0 0.19 0.401919784474715
0.17 0 0.2 0.3950892617493637
0.17 0 0.21 0.2464224461792616
0.17 0 0.22 0.36309288885233504
0.17 0 0.23 0.42122186120423566
0.17 0 0.24 0.5371817998583057
0.17 0 0.25 0.6676414870868749
0.17 0 0.26 0.9411567407439702
0.17 0 0.27 0.6085545129836204
0.17 0 0.28 0.5886728301768925
0.17 0 0.29 0.508665387537897
0.17 0 0.3 0.3869371869983991
0.17 0 0.31 0.4460829646428872
0.17 0 0.32 0.5739306908722644
0.17 0 0.33 0.4748089544910343
0.17 0 0.34 0.42100402639237344
0.17 0 0.35000000000000003 0.3931245822496391
0.17 0 0.36 0.6366358081406044
0.17 0 0.37 0.6619203964546887
0.17 0 0.38 0.6926449859616355
0.17 0 0.39 0.43040788959137244
0.17 0 0.4 0.3707614146906408
0.17 0 0.41000000000000003 0.22736010598634063
0.17 0 0.42 0.16898146418667156
0.17 0 0.43 0.09283427981888086
0.17 0 0.44 0.13117101284391366
0.17 0 0.45 0.15758076017518163
0.17 0 0.46 0.13432100615087358
0.17 0 0.47000000000000003 0.13907339873050908
0.17 0 0.48 0.1906510669764358
0.17 0 0.49 0.302921871779481
0.17 0 0.5 0.17400184437090307
0.18 0 0.0 0.2532529142341173
0.18 0 0.01 0.3309210096569324
0.18 0 0.02 0.22157377158372035
0.18 0 0.03 0.19800949276409358
0.18 0 0.04 0.20323395433974883
0.18 0 0.05 0.24378198154773392
0.18 0 0.06 0.2972145120956168
0.18 0 0.07 0.43809609079736894
0.18 0 0.08 0.32730298969884175
0.18 0 0.09 0.3320516060744756
0.18 0 0.1 0.7353771051409993
0.18 0 0.11 0.5302025828699889
0.18 0 0.12 0.9034318930673069
0.18 0 0.13 0.6364016457368076
0.18 0 0.14 0.7431672294988815
0.18 0 0.15 0.4139736719284814
0.18 0 0.16 0.4601067107627773
0.18 0 0.17 0.24034146324062428
0.18 0 0.18 0.24882023456900523
0.18 0 0.19 0.23177835756331186
0.18 0 0.2 0.15959439872649545
0.18 0 0.21 0.1652629761078434
0.18 0 0.22 0.27818341424417287
0.18 0 0.23 0.24048128210022518
0.18 0 0.24 0.21374283100383856
0.18 0 0.25 0.2527725461207978
0.18 0 0.26 0.30568827995598374
0.18 0 0.27 0.5095014242072899
0.18 0 0.28 0.7244555847494125
0.18 0 0.29 0.7259014743460563
0.18 0 0.3 0.832690923562268
0.18 0 0.31 0.9306355033251787
0.18 0 0.32 1.2877259063012962
0.18 0 0.33 1.431668718426325
0.18 0 0.34 1.5907127795270983
0.18 0 0.35000000000000003 0.8594694691234328
0.18 0 0.36 0.792738961963184
0.18 0 0.37 1.0066748183082204
0.18 0 0.38 1.3063131384539088
0.18 0 0.39 1.3795830506181288
0.18 0 0.4 1.1466644096345535
0.18 0 0.41000000000000003 0.8845354411512915
0.18 0 0.42 0.3937054534921061
0.18 0 0.43 0.2762916927613224
0.18 0 0.44 0.2058806924790314
0.18 0 0.45 0.2880864649059968
0.18 0 0.46 0.15108145059604353
0.18 0 0.47000000000000003 0.20065650675573865
0.18 0 0.48 0.13203369642607643
0.18 0 0.49 0.2874824258902519
0.18 0 0.5 0.3273852850851818
0.19 0 0.0 0.6384292764858682
0.19 0 0.01 0.408904358430847
0.19 0 0.02 0.3027260742973867
0.19 0 0.03 0.35106118292947897
0.19 0 0.04 0.18361397379893155
0.19 0 0.05 0.13096170896930254
0.19 0 0.06 0.11158372631276643
0.19 0 0.07 0.06856874802368859
0.19 0 0.08 0.1008086878339
0.19 0 0.09 0.120739155758046
0.19 0 0.1 0.21117285717760878
0.19 0 0.11 0.21514439318187073
0.19 0 0.12 0.35978052446063286
0.19 0 0.13 0.2779847697927712
0.19 0 0.14 0.49673179038055143
0.19 0 0.15 0.486493759958904
0.19 0 0.16 0.5575595051570106
0.19 0 0.17 0.7816750854730242
0.19 0 0.18 1.388684696077121
0.19 0 0.19 0.9852478950420744
0.19 0 0.2 0.933406205839072
0.19 0 0.21 0.8839914990296769
0.19 0 0.22 0.9914577473863061
0.19 0 0.23 1.2778506667147116
0.19 0 0.24 0.6177524963745649
0.19 0 0.25 0.6177127474016193
0.19 0 0.26 0.5169296015177297
0.19 0 0.27 0.6761599551745002
0.19 0 0.28 0.5428406427321609
0.19 0 0.29 0.6448200268725326
0.19 0 0.3 0.680934683092451
0.19 0 0.31 0.7306112620983813
0.19 0 0.32 0.5983234975802499
0.19 0 0.33 0.6229058896449796
0.19 0 0.34 1.435666634049555
0.19 0 0.35000000000000003 1.7438746047697025
0.19 0 0.36 1.4161181990696219
0.19 0 0.37 1.3481911786658003
0.19 0 0.38 1.0434237825781003
0.19 0 0.39 1.027488039313405
0.19 0 0.4 1.103940964298251
0.19 0 0.41000000000000003 1.1575829441219132
0.19 0 0.42 0.7017244672883816
0.19 0 0.43 0.9687950106715558
0.19 0 0.44 0.2806907220109158
0.19 0 0.45 0.40062305117453695
0.19 0 0.46 0.3770754468888517
0.19 0 0.47000000000000003 0.36818100197177844
0.19 0 0.48 0.35521913311189657
0.19 0 0.49 0.9040903730444207
0.19 0 0.5 0.8256221132533572
0.2 0 0.0 0.23454883075012198
0.2 0 0.01 0.25791170893463816
0.2 0 0.02 0.2942067359084784
0.2 0 0.03 0.2080825578396845
0.2 0 0.04 0.30717801069391454
0.2 0 0.05 0.3747119038509064
0.2 0 0.06 0.3548050996898471
0.2 0 0.07 0.242580022146112
0.2 0 0.08 0.205063176999544
0.2 0 0.09 0.24665323877633874
0.2 0 0.1 0.34972960191225855
0.2 0 0.11 0.5677264224761076
0.2 0 0.12 0.5131989675050614
0.2 0 0.13 0.5090444762905926
0.2 0 0.14 0.6433189058820753
0.2 0 0.15 0.7292284006463652
0.2 0 0.16 0.7954523394161306
0.2 0 0.17 0.587658608123223
0.2 0 0.18 0.7138718281094967
0.2 0 0.19 0.6163335716582543
0.2 0 0.2 0.6028891128663066
0.2 0 0.21 0.8019718942779067
0.2 0 0.22 0.6611783446973418
0.2 0 0.23 1.2601310618538135
0.2 0 0.24 1.1303357694401464
0.2 0 0.25 0.9661272631865233
0.2 0 0.26 0.9235635965193316
0.2 0 0.27 2.1273604885606443
0.2 0 0.28 1.142892325203183
0.2 0 0.29 0.9195314917271498
0.2 0 0.3 0.7923973952904899
0.2 0 0.31 0.812155446683857
0.2 0 0.32 0.7994939604603585
0.2 0 0.33 1.3116451134844505
0.2 0 0.34 0.8268710753580357
0.2 0 0.35000000000000003 0.7811543905875128
0.2 0 0.36 1.0848538962829768
0.2 0 0.37 0.8681831487917973
0.2 0 0.38 0.8170999610078608
0.2 0 0.39 1.0096806903869369
0.2 0 0.4 0.5777715739498553
0.2 0 0.41000000000000003 0.5281096120685392
0.2 0 0.42 0.5552919213716694
0.2 0 0.43 0.43504351465012975
0.2 0 0.44 0.3361077549704703
0.2 0 0.45 0.5397726436790401
0.2 0 0.46 0.4686140256679191
0.2 0 0.47000000000000003 0.31814493637323027
0.2 0 0.48 0.3040598587266363
0.2 0 0.49 0.33503694942698237
0.2 0 0.5 0.44141725775277135
0.21 0 0.0 0.2006220390972919
0.21 0 0.01 0.25357792720401795
0.21 0 0.02 0.2125235672778587
0.21 0 0.03 0.1761047742184354
0.21 0 0.04 0.27740346137504085
0.21 0 0.05 0.41874684113654315
0.21 0 0.06 0.3699373999573141
0.21 0 0.07 0.42454430735989407
0.21 0 0.08 0.28540906506456987
0.21 0 0.09 0.32924687654636203
0.21 0 0.1 0.3707139175976766
0.21 0 0.11 0.6432588185883398
0.21 0 0.12 0.915080380007344
0.21 0 0.13 1.414995420014485
0.21 0 0.14 1.9859503022934137
0.21 0 0.15 2.1090346591673605
0.21 0 0.16 2.4178519452709275
0.21 0 0.17 3.469873399415287
0.21 0 0.18 1.8961574507407142
0.21 0 0.19 1.9805861681237154
0.21 0 0.2 1.8484589149179707
0.21 0 0.21 1.9246405746389768
0.21 0 0.22 1.438921926527221
0.21 0 0.23 2.192481973077889
0.21 0 0.24 1.4321948549847974
0.21 0 0.25 0.924144614687919
0.21 0 0.26 1.0029163672305423
0.21 0 0.27 1.4784617448827306
0.21 0 0.28 1.441856814980708
0.21 0 0.29 1.7291538044014183
0.21 0 0.3 0.6818766625883481
0.21 0 0.31 0.5121688573136961
0.21 0 0.32 0.7069108216973802
0.21 0 0.33 0.7275703900231174
0.21 0 0.34 0.5878691711354177
0.21 0 0.35000000000000003 0.7657072735026177
0.21 0 0.36 0.612618813033122
0.21 0 0.37 0.34196006217026953
0.21 0 0.38 0.38120973581308704
0.21 0 0.39 0.4518448985766939
0.21 0 0.4 0.550017596978192
0.21 0 0.41000000000000003 0.41769321619734046
0.21 0 0.42 0.38071743976810113
0.21 0 0.43 0.3453765989318836
0.21 0 0.44 0.5411834333688739
0.21 0 0.45 0.4031541881197276
0.21 0 0.46 0.5237964339848155
0.21 0 0.47000000000000003 0.6043812014326977
0.21 0 0.48 0.6531374088879209
0.21 0 0.49 0.6798086754988452
0.21 0 0.5 0.8324936020928924
0.22 0 0.0 0.1746633383311473
0.22 0 0.01 0.38875095980290414
0.22 0 0.02 0.31431355530100064
0.22 0 0.03 0.4782731756884016
0.22 0 0.04 0.571455838484537
0.22 0 0.05 0.8892084331518632
0.22 0 0.06 0.49657633599654366
0.22 0 0.07 0.5845853688952394
0.22 0 0.08 0.6100840696756449
0.22 0 0.09 0.579717596189088
0.22 0 0.1 1.0299025464994038
0.22 0 0.11 0.6759881120620268
0.22 0 0.12 0.595335076330986
0.22 0 0.13 0.9797361962569167
0.22 0 0.14 0.8066188145735422
0.22 0 0.15 0.7952533503531344
0.22 0 0.16 1.143090249637941
0.22 0 0.17 1.7229413308611612
0.22 0 0.18 0.9372528867328601
0.22 0 0.19 1.7502964261076444
0.22 0 0.2 1.658480096014599
0.22 0 0.21 1.6217692926771896
0.22 0 0.22 1.4775583697377073
0.22 0 0.23 1.4878651196457684
0.22 0 0.24 1.2790172438240779
0.22 0 0.25 1.573592440030248
0.22 0 0.26 1.0765608785256133
0.22 0 0.27 1.060494780058253
0.22 0 0.28 1.2532696788141005
0.22 0 0.29 0.6831755514043121
0.22 0 0.3 0.5123547981943188
0.22 0 0.31 0.3350144533287407
0.22 0 0.32 0.49737324805325345
0.22 0 0.33 0.4265382744872862
0.22 0 0.34 0.40881088910093
0.22 0 0.35000000000000003 0.31270246232815424
0.22 0 0.36 0.6199932427694989
0.22 0 0.37 0.48801745694422616
0.22 0 0.38 0.436592456939014
0.22 0 0.39 0.6502946284314958
0.22 0 0.4 0.8443080597361501
0.22 0 0.41000000000000003 0.6431220310632908
0.22 0 0.42 0.8812817767060165
0.22 0 0.43 0.8860571402761285
0.22 0 0.44 1.1556857364499518
0.22 0 0.45 1.5488678125955155
0.22 0 0.46 0.8483925104881157
0.22 0 0.47000000000000003 0.4088417735259592
0.22 0 0.48 0.6095705916330246
0.22 0 0.49 0.37595691305891976
0.22 0 0.5 0.4551461546291293
0.23 0 0.0 0.2321778670391025
0.23 0 0.01 0.40412888848251943
0.23 0 0.02 0.19304154061749823
0.23 0 0.03 0.2720565942538479
0.23 0 0.04 0.1773170967448139
0.23 0 0.05 0.2734084314596364
0.23 0 0.06 0.6026158347044628
0.23 0 0.07 0.5349451137211368
0.23 0 0.08 0.5537961711230818
0.23 0 0.09 0.6843284107552354
0.23 0 0.1 0.9440225007629215
0.23 0 0.11 0.6192842533044799
0.23 0 0.12 0.47735072216430063
0.23 0 0.13 0.4549645412122585
0.23 0 0.14 0.7792872395944402
0.23 0 0.15 1.2925069548258463
0.23 0 0.16 1.4600192539045609
0.23 0 0.17 1.3693717461546615
0.23 0 0.18 0.9581000820872788
0.23 0 0.19 0.6752395681959125
0.23 0 0.2 0.5549142822751773
0.23 0 0.21 0.6211557519551714
0.23 0 0.22 0.467226728559569
0.23 0 0.23 0.6261225813487875
0.23 0 0.24 0.331010710292267
0.23 0 0.25 0.21463918959925046
0.23 0 0.26 0.24878538498945652
0.23 0 0.27 0.18446425031698607
0.23 0 0.28 0.29918868832345685
0.23 0 0.29 0.28223169619571387
0.23 0 0.3 0.32427356638309285
0.23 0 0.31 0.15599304904037606
0.23 0 0.32 0.528040891755331
0.23 0 0.33 0.3958879817813212
0.23 0 0.34 0.2918649570636781
0.23 0 0.35000000000000003 0.19520816244207104
0.23 0 0.36 0.30291851949793247
0.23 0 0.37 0.28817329759093163
0.23 0 0.38 0.4059438947963452
0.23 0 0.39 0.42870710826657604
0.23 0 0.4 0.40626450297936545
0.23 0 0.41000000000000003 0.6810301078498409
0.23 0 0.42 0.4555960682179798
0.23 0 0.43 0.41343694293517186
0.23 0 0.44 0.5737364109640714
0.23 0 0.45 1.1195564484345835
0.23 0 0.46 0.8979680092627319
0.23 0 0.47000000000000003 0.7894434890004245
0.23 0 0.48 1.303292113906507
0.23 0 0.49 1.5000627203339185
0.23 0 0.5 2.3634203518763197
0.24 0 0.0 0.20537661256813844
0.24 0 0.01 0.28995822322495585
0.24 0 0.02 0.4271492837905897
0.24 0 0.03 0.4436172435811881
0.24 0 0.04 0.3596177917656007
0.24 0 0.05 0.2370845639094803
0.24 0 0.06 0.3174554686807284
0.24 0 0.07 0.43395961027640073
0.24 0 0.08 0.4442149889449344
0.24 0 0.09 0.4566164071481037
0.24 0 0.1 0.8005386417341216
0.24 0 0.11 0.720674469939873
0.24 0 0.12 0.5363255508350766
0.24 0 0.13 0.5257551717411381
0.24 0 0.14 0.743627145942475
0.24 0 0.15 0.44482108097537854
0.24 0 0.16 0.6887076604556939
0.24 0 0.17 0.7285187730422517
0.24 0 0.18 0.5899705585723928
0.24 0 0.19 0.7519080121969157
0.24 0 0.2 0.6719676499708424
0.24 0 0.21 0.558958312372047
0.24 0 0.22 0.9153953070301731
0.24 0 0.23 0.9098852528219067
0.24 0 0.24 0.6611245592560131
0.24 0 0.25 0.7548318710572842
0.24 0 0.26 1.1929725408146292
0.24 0 0.27 0.40063331736772806
0.24 0 0.28 0.5438436819904722
0.24 0 0.29 0.4808395869024722
0.24 0 0.3 0.3164591185120207
0.24 0 0.31 0.19001064018946956
0.24 0 0.32 0.2658231115116526
0.24 0 0.33 0.20764347104702513
0.24 0 0.34 0.2788722190127822
0.24 0 0.35000000000000003 0.24084658945206153
0.24 0 0.36 0.19629418266379142
0.24 0 0.37 0.3181377838122283
0.24 0 0.38 0.5031859906336679
0.24 0 0.39 0.4446956291938591
0.24 0 0.4 0.2679839007165786
0.24 0 0.41000000000000003 0.5322261650497692
0.24 0 0.42 0.5063590535959483
0.24 0 0.43 0.5480429199492304
0.24 0 0.44 0.6161344936043399
0.24 0 0.45 0.9948672151165683
0.24 0 0.46 0.598974962229452
0.24 0 0.47000000000000003 0.5698533387191734
0.24 0 0.48 0.6496641066112829
0.24 0 0.49 0.8390747463076466
0.24 0 0.5 0.9353696429608546
0.25 0 0.0 0.328527156422302
0.25 0 0.01 0.3909698771698375
0.25 0 0.02 0.5796823248495093
0.25 0 0.03 0.8797462149432351
0.25 0 0.04 1.4560356881814698
0.25 0 0.05 0.8368970992229311
0.25 0 0.06 1.5642408315226224
0.25 0 0.07 1.5651111761613155
0.25 0 0.08 0.9483173270724029
0.25 0 0.09 0.9934493670671428
0.25 0 0.1 1.4992209699598575
0.25 0 0.11 0.7901297572383675
0.25 0 0.12 1.0497717067521555
0.25 0 0.13 0.9220971532044072
0.25 0 0.14 0.6456282300571976
0.25 0 0.15 0.9442238402483838
0.25 0 0.16 0.7415830511810826
0.25 0 0.17 0.3727594568343918
0.25 0 0.18 0.4343073497978764
0.25 0 0.19 0.5121502650173786
0.25 0 0.2 0.3665742003428052
0.25 0 0.21 0.258929566119097
0.25 0 0.22 0.45722584643236314
0.25 0 0.23 0.31323690969510337
0.25 0 0.24 0.5138517730240258
0.25 0 0.25 0.5369333964459095
0.25 0 0.26 0.7664693122066978
0.25 0 0.27 0.7021730668034917
0.25 0 0.28 0.6039790566759987
0.25 0 0.29 0.4934766986068931
0.25 0 0.3 0.35133464125948977
0.25 0 0.31 0.3829456368016703
0.25 0 0.32 0.4532520726496702
0.25 0 0.33 0.6475057480515327
0.25 0 0.34 0.6271733894038787
0.25 0 0.35000000000000003 0.8717596406299074
0.25 0 0.36 0.5347693804419843
0.25 0 0.37 1.0683271962707996
0.25 0 0.38 1.4749393347245507
0.25 0 0.39 1.4513605511125913
0.25 0 0.4 0.9198743133677633
0.25 0 0.41000000000000003 1.251693107794332
0.25 0 0.42 0.5849433454468326
0.25 0 0.43 0.31806291920806967
0.25 0 0.44 0.36171346912437424
0.25 0 0.45 0.5308811657126355
0.25 0 0.46 0.6404536175800725
0.25 0 0.47000000000000003 0.8163145562339406
0.25 0 0.48 0.6152311082975931
0.25 0 0.49 0.9235669893084856
0.25 0 0.5 1.645166595575081
0.26 0 0.0 1.2696002354059344
0.26 0 0.01 0.6700576379699611
0.26 0 0.02 0.7017491881989724
0.26 0 0.03 0.5843864664437147
0.26 0 0.04 0.6025647497364799
0.26 0 0.05 0.5399218444815175
0.26 0 0.06 1.1597663300945915
0.26 0 0.07 0.8127434764597326
0.26 0 0.08 1.3136506255037934
0.26 0 0.09 1.129945509930108
0.26 0 0.1 1.411869777024505
0.26 0 0.11 1.8579444571221055
0.26 0 0.12 2.388966382155048
0.26 0 0.13 2.457223949476925
0.26 0 0.14 1.8334211538539773
0.26 0 0.15 3.8376381720740933
0.26 0 0.16 4.276484857420672
0.26 0 0.17 3.480989346619431
0.26 0 0.18 3.6330384404717972
0.26 0 0.19 4.335235292757851
0.26 0 0.2 3.360514986710415
0.26 0 0.21 1.9102600445058229
0.26 0 0.22 1.704982016087658
0.26 0 0.23 1.1926638183946885
0.26 0 0.24 1.0428588213167829
0.26 0 0.25 1.0384535169823699
0.26 0 0.26 0.7366272362802015
0.26 0 0.27 0.8848734553336834
0.26 0 0.28 1.3691505210638304
0.26 0 0.29 1.057055950219786
0.26 0 0.3 0.7609658732762306
0.26 0 0.31 1.1871679762085787
0.26 0 0.32 0.7202252456063662
0.26 0 0.33 0.7230455849132281
0.26 0 0.34 0.525907589949491
0.26 0 0.35000000000000003 0.6950131677062449
0.26 0 0.36 0.368920707860893
0.26 0 0.37 0.6339044644859735
0.26 0 0.38 0.4343630356164667
0.26 0 0.39 0.4895036424726437
0.26 0 0.4 0.4287550478410887
0.26 0 0.41000000000000003 0.4532511459773659
0.26 0 0.42 0.5621771225657585
0.26 0 0.43 0.6017784385685827
0.26 0 0.44 0.3676742090796502
0.26 0 0.45 0.24253390223530286
0.26 0 0.46 0.39270943100079553
0.26 0 0.47000000000000003 0.3715560056025945
0.26 0 0.48 0.5301858622345318
0.26 0 0.49 0.5738551895015895
0.26 0 0.5 0.9424510566297043
0.27 0 0.0 1.2758298139346382
0.27 0 0.01 1.1915408866325157
0.27 0 0.02 1.4184596797794904
0.27 0 0.03 1.0544319926547583
0.27 0 0.04 1.2485055181829456
0.27 0 0.05 0.9405625529672828
0.27 0 0.06 1.1021845197293276
0.27 0 0.07 1.1151575656771944
0.27 0 0.08 2.012897310483364
0.27 0 0.09 2.1524697171562335
0.27 0 0.1 1.8219159748021492
0.27 0 0.11 2.2747744407006856
0.27 0 0.12 2.253579025507351
0.27 0 0.13 1.3105789104115184
0.27 0 0.14 0.49202200011196306
0.27 0 0.15 0.5059900594608668
0.27 0 0.16 0.6388450683323204
0.27 0 0.17 0.7506461184949109
0.27 0 0.18 0.6686054052841877
0.27 0 0.19 1.327878143060931
0.27 0 0.2 1.3959577673947516
0.27 0 0.21 2.2886226926456277
0.27 0 0.22 1.23995988651092
0.27 0 0.23 1.469453245009313
0.27 0 0.24 1.7115843986190113
0.27 0 0.25 1.6077770375681968
0.27 0 0.26 1.4083583843770788
0.27 0 0.27 2.518640608473388
0.27 0 0.28 4.903660635170317
0.27 0 0.29 5.438344573557983
0.27 0 0.3 4.735163176542546
0.27 0 0.31 4.464098314809295
0.27 0 0.32 3.1909984606788244
0.27 0 0.33 3.3925250769724795
0.27 0 0.34 2.131357547045151
0.27 0 0.35000000000000003 2.5567752953239165
0.27 0 0.36 1.957461683170404
0.27 0 0.37 1.8205986136935035
0.27 0 0.38 2.152415270312559
0.27 0 0.39 2.9734150429222037
0.27 0 0.4 1.967435675552706
0.27 0 0.41000000000000003 2.009604857912103
0.27 0 0.42 2.563379454530964
0.27 0 0.43 2.737554951042999
0.27 0 0.44 3.8403112987611085
0.27 0 0.45 2.1023306206484773
0.27 0 0.46 1.9404543091384248
0.27 0 0.47000000000000003 1.9502960488303305
0.27 0 0.48 2.2007475933600764
0.27 0 0.49 1.1794072972975007
0.27 0 0.5 1.8878393284981818
0.28 0 0.0 1.5499095953357014
0.28 0 0.01 1.308536379219335
0.28 0 0.02 1.2752385898721526
0.28 0 0.03 1.0035207765679595
0.28 0 0.04 0.7830063712614366
0.28 0 0.05 1.2007573505472928
0.28 0 0.06 1.130986069994963
0.28 0 0.07 0.7821725977440247
0.28 0 0.08 0.596398852383267
0.28 0 0.09 0.7236430309134894
0.28 0 0.1 0.5005277200494067
0.28 0 0.11 0.7007076756169115
0.28 0 0.12 0.9205262759035355
0.28 0 0.13 1.1259775246274133
0.28 0 0.14 1.2333707554780757
0.28 0 0.15 1.4479632522571204
0.28 0 0.16 0.9269634416719084
0.28 0 0.17 1.2575112910791646
0.28 0 0.18 0.6493460899412445
0.28 0 0.19 0.8151174110352019
0.28 0 0.2 0.8319713670822195
0.28 0 0.21 1.179381732605188
0.28 0 0.22 1.3923667817917669
0.28 0 0.23 2.12074156287174
0.28 0 0.24 2.6838607064644324
0.28 0 0.25 2.7352351984999697
0.28 0 0.26 1.966869271446232
0.28 0 0.27 1.4944115328127348
0.28 0 0.28 2.0500057796619915
0.28 0 0.29 2.2477000498935715
0.28 0 0.3 1.3624075925176646
0.28 0 0.31 1.6679570507282215
0.28 0 0.32 2.310768189968108
0.28 0 0.33 1.9600045937238426
0.28 0 0.34 2.77540171251327
0.28 0 0.35000000000000003 2.399117924883906
0.28 0 0.36 1.9858739482738572
0.28 0 0.37 1.5547385494299275
0.28 0 0.38 1.007600482291563
0.28 0 0.39 0.7997405328478788
0.28 0 0.4 1.7528795264134809
0.28 0 0.41000000000000003 1.7895619771868532
0.28 0 0.42 1.4622215727932653
0.28 0 0.43 1.6107211356940516
0.28 0 0.44 1.8902611040935682
0.28 0 0.45 1.188316716868245
0.28 0 0.46 1.700730765470734
0.28 0 0.47000000000000003 1.4679309655549213
0.28 0 0.48 1.3596034972328457
0.28 0 0.49 1.2781377036153785
0.28 0 0.5 1.6060614025116842
0.29 0 0.0 0.7472834286121781
0.29 0 0.01 0.8103068477198025
0.29 0 0.02 0.9766392939155664
0.29 0 0.03 0.9448942838672528
0.29 0 0.04 0.8145132999865299
0.29 0 0.05 1.201194656833609
0.29 0 0.06 1.4829462528679132
0.29 0 0.07 1.8168815424644695
0.29 0 0.08 0.9801871095036305
0.29 0 0.09 1.3791428641534778
0.29 0 0.1 1.3805024747852173
0.29 0 0.11 1.7851096292540942
0.29 0 0.12 1.4942600200599014
0.29 0 0.13 2.644189568269406
0.29 0 0.14 1.5317141505008132
0.29 0 0.15 2.1030134488836927
0.29 0 0.16 1.6584483175621991
0.29 0 0.17 1.4612084136326529
0.29 0 0.18 1.2567195182312942
0.29 0 0.19 0.7432200722728924
0.29 0 0.2 0.9981223384488319
0.29 0 0.21 1.2201365125594914
0.29 0 0.22 1.406548979584928
0.29 0 0.23 0.6214205043696118
0.29 0 0.24 0.9224395748682145
0.29 0 0.25 1.1168527256344123
0.29 0 0.26 0.9841248552732516
0.29 0 0.27 1.1519729893248931
0.29 0 0.28 1.4750746538082513
0.29 0 0.29 1.4497474196717224
0.29 0 0.3 1.418819995492493
0.29 0 0.31 0.8023142140711879
0.29 0 0.32 0.8133462253714603
0.29 0 0.33 1.3404194478022842
0.29 0 0.34 1.3499170670300984
0.29 0 0.35000000000000003 0.8461624997593744
0.29 0 0.36 1.229656489972261
0.29 0 0.37 1.4598608544144345
0.29 0 0.38 1.7485339065139154
0.29 0 0.39 1.4556566038771892
0.29 0 0.4 1.5353743190420035
0.29 0 0.41000000000000003 1.0922182314780517
0.29 0 0.42 1.7529796377686004
0.29 0 0.43 1.122536115869479
0.29 0 0.44 1.389261089390416
0.29 0 0.45 1.6071277505522112
0.29 0 0.46 1.6468638724214935
0.29 0 0.47000000000000003 1.5678998823699644
0.29 0 0.48 2.2654889152117375
0.29 0 0.49 1.578392704061659
0.29 0 0.5 1.3586237111509563
0.3 0 0.0 2.103021306657021
0.3 0 0.01 1.590569937023964
0.3 0 0.02 1.886736167710487
0.3 0 0.03 1.4632945952745862
0.3 0 0.04 0.8044275775049439
0.3 0 0.05 0.6327795766899859
0.3 0 0.06 0.7632905640437248
0.3 0 0.07 0.9326058889774639
0.3 0 0.08 0.8786498946916808
0.3 0 0.09 1.3108558849960184
0.3 0 0.1 0.9101463865747451
0.3 0 0.11 1.708640807344014
0.3 0 0.12 1.1252788229510615
0.3 0 0.13 1.0901947535884007
0.3 0 0.14 1.0994720329618575
0.3 0 0.15 1.279815726643006
0.3 0 0.16 1.5226915273009238
0.3 0 0.17 1.5765470466026978
0.3 0 0.18 1.982455364920617
0.3 0 0.19 0.6573065767105077
0.3 0 0.2 0.9362893296442781
0.3 0 0.21 0.7370684166982139
0.3 0 0.22 1.0116377031938695
0.3 0 0.23 0.9403115440560381
0.3 0 0.24 1.1340055306233192
0.3 0 0.25 0.679662099796176
0.3 0 0.26 1.0796078190804888
0.3 0 0.27 0.6945216784730666
0.3 0 0.28 0.8252956356084006
0.3 0 0.29 1.5543945865614726
0.3 0 0.3 1.6027351947598334
0.3 0 0.31 1.064186114248687
0.3 0 0.32 1.152722186105097
0.3 0 0.33 1.904972535476937
0.3 0 0.34 1.296150063877167
0.3 0 0.35000000000000003 1.0691015934031136
0.3 0 0.36 0.6460569327135172
0.3 0 0.37 0.5487048178006074
0.3 0 0.38 0.9625590009963599
0.3 0 0.39 0.855156659710561
0.3 0 0.4 1.229765145493694
0.3 0 0.41000000000000003 1.2407758510000064
0.3 0 0.42 1.3565303276001157
0.3 0 0.43 0.7612305370484106
0.3 0 0.44 1.1679496097029745
0.3 0 0.45 1.12488007957146
0.3 0 0.46 0.8733904121852069
0.3 0 0.47000000000000003 0.6219727598273307
0.3 0 0.48 0.6528403991991009
0.3 0 0.49 0.8593692590998775
0.3 0 0.5 0.7027986816060617
#STOP
