#MEDIUM_PROPERTIES_DISTRIBUTED
$MSH_TYPE
	 GROUNDWATER_FLOW	
$MMP_TYPE
	 PERMEABILITY	
$DIS_TYPE
	 NEAREST_VALUE	
;hj
$CONVERSION_FACTOR
2e-8;2e-6;2e-13
$DATA
0.0 0 0.0 2.749685043658923
0.0 0 0.01 1.9901869842166817
0.0 0 0.02 1.2532004786324338
0.0 0 0.03 1.0852941733622388
0.0 0 0.04 1.174348144424028
0.0 0 0.05 1.338002175491249
0.0 0 0.06 1.4818183675465846
0.0 0 0.07 1.49970713460999
0.0 0 0.08 1.4892811793014802
0.0 0 0.09 1.481290799443287
0.0 0 0.1 1.5941770585326607
0.0 0 0.11 1.703090565814083
0.0 0 0.12 1.637780203309845
0.0 0 0.13 1.6376601325540867
0.0 0 0.14 1.4535213489217835
0.0 0 0.15 1.2305019717069372
0.0 0 0.16 1.3581717546820469
0.0 0 0.17 1.5031209171974964
0.0 0 0.18 1.5292944200097056
0.0 0 0.19 1.643765847940211
0.0 0 0.2 1.687264820271097
0.0 0 0.21 1.6932569149822927
0.0 0 0.22 1.5288417884734478
0.0 0 0.23 1.2095189500714654
0.0 0 0.24 1.0229393660348076
0.0 0 0.25 0.9786429435134741
0.0 0 0.26 1.0964941659839114
0.0 0 0.27 1.2654300062310835
0.0 0 0.28 1.306480955557006
0.0 0 0.29 1.2703007178574277
0.0 0 0.3 1.0825005854332268
0.0 0 0.31 0.8184580417033168
0.0 0 0.32 0.5968674778932463
0.0 0 0.33 0.5474755208603522
0.0 0 0.34 0.8152862702118554
0.0 0 0.35000000000000003 1.0908515861080563
0.0 0 0.36 0.9621500848573842
0.0 0 0.37 0.9254051532277943
0.0 0 0.38 0.9723795436147188
0.0 0 0.39 1.0535374180417192
0.0 0 0.4 1.3811171613532196
0.0 0 0.41000000000000003 1.7078196591924566
0.0 0 0.42 1.679692374643106
0.0 0 0.43 1.47488565160518
0.0 0 0.44 1.270208692996793
0.0 0 0.45 1.0282317595516468
0.0 0 0.46 0.8772188502750816
0.0 0 0.47000000000000003 0.9626656130940472
0.0 0 0.48 0.9223534807508046
0.0 0 0.49 0.6856872463512871
0.0 0 0.5 0.6395666180643254
0.01 0 0.0 1.6505380578710942
0.01 0 0.01 1.6971782085764575
0.01 0 0.02 1.8752245273143222
0.01 0 0.03 1.7096249819709142
0.01 0 0.04 1.7970462343976483
0.01 0 0.05 2.0683980956637833
0.01 0 0.06 2.097937644429055
0.01 0 0.07 1.9761749991310866
0.01 0 0.08 1.6621517564196897
0.01 0 0.09 1.1260386184183064
0.01 0 0.1 0.7958484119368776
0.01 0 0.11 0.8047950745405231
0.01 0 0.12 0.7168011847077416
0.01 0 0.13 0.48602946112960965
0.01 0 0.14 0.567706874934947
0.01 0 0.15 1.017741839074288
0.01 0 0.16 1.3633793933149339
0.01 0 0.17 1.3302340496184728
0.01 0 0.18 1.0210662286343775
0.01 0 0.19 0.6837013617365876
0.01 0 0.2 0.49205371305241746
0.01 0 0.21 0.45097997287416236
0.01 0 0.22 0.5515449162478897
0.01 0 0.23 0.6755748458949147
0.01 0 0.24 0.7848093024815042
0.01 0 0.25 0.9006268510014334
0.01 0 0.26 0.8465727553113712
0.01 0 0.27 0.8004995195746041
0.01 0 0.28 0.8511083746234404
0.01 0 0.29 0.7642559240243658
0.01 0 0.3 0.6077374485984315
0.01 0 0.31 0.6227233465049049
0.01 0 0.32 0.8876171210367663
0.01 0 0.33 1.027298308309241
0.01 0 0.34 0.856336847427694
0.01 0 0.35000000000000003 0.8404240654305924
0.01 0 0.36 0.8340553502128009
0.01 0 0.37 0.7940798664753126
0.01 0 0.38 0.9649099554315202
0.01 0 0.39 0.9606287885220428
0.01 0 0.4 0.6750225849522297
0.01 0 0.41000000000000003 0.5122509087683693
0.01 0 0.42 0.4140954278357695
0.01 0 0.43 0.3270836064190599
0.01 0 0.44 0.3113792337749063
0.01 0 0.45 0.3913667666490109
0.01 0 0.46 0.44920828377192024
0.01 0 0.47000000000000003 0.39396184799944933
0.01 0 0.48 0.3732386643344261
0.01 0 0.49 0.3561991812044829
0.01 0 0.5 0.29984419588887856
0.02 0 0.0 0.5168689946075663
0.02 0 0.01 0.43194429626817055
0.02 0 0.02 0.4065013268785203
0.02 0 0.03 0.43660200526055737
0.02 0 0.04 0.511713054408966
0.02 0 0.05 0.7212482495678105
0.02 0 0.06 0.8951094246935819
0.02 0 0.07 0.8580581395224315
0.02 0 0.08 0.8235283288677168
0.02 0 0.09 0.9157224360856904
0.02 0 0.1 0.9161246721249808
0.02 0 0.11 0.6683760241559441
0.02 0 0.12 0.5349578167406102
0.02 0 0.13 0.5727202418532756
0.02 0 0.14 0.6121536557026507
0.02 0 0.15 0.5292661034735802
0.02 0 0.16 0.3446195091999039
0.02 0 0.17 0.2696901284107474
0.02 0 0.18 0.33709378138816987
0.02 0 0.19 0.39320070848064387
0.02 0 0.2 0.3708575755076037
0.02 0 0.21 0.35203538039611115
0.02 0 0.22 0.36285701635501955
0.02 0 0.23 0.4406954676178492
0.02 0 0.24 0.49245973371944707
0.02 0 0.25 0.47556513122311955
0.02 0 0.26 0.5437206313138071
0.02 0 0.27 0.6976780753569919
0.02 0 0.28 0.7477343516905615
0.02 0 0.29 0.6607990610044082
0.02 0 0.3 0.6668775636065528
0.02 0 0.31 0.6729426322515031
0.02 0 0.32 0.4398828090914496
0.02 0 0.33 0.29618527820440743
0.02 0 0.34 0.3219855232750289
0.02 0 0.35000000000000003 0.3965433516913932
0.02 0 0.36 0.3831082209588471
0.02 0 0.37 0.246187520167235
0.02 0 0.38 0.16056958078339226
0.02 0 0.39 0.18335136064417593
0.02 0 0.4 0.2706568018256146
0.02 0 0.41000000000000003 0.33227250297032457
0.02 0 0.42 0.3157919093881285
0.02 0 0.43 0.30334331176751633
0.02 0 0.44 0.3802363447173206
0.02 0 0.45 0.44156197857890706
0.02 0 0.46 0.42939589391908883
0.02 0 0.47000000000000003 0.5028872079889112
0.02 0 0.48 0.641990333358718
0.02 0 0.49 0.6236215747700223
0.02 0 0.5 0.475411392139162
0.03 0 0.0 0.24216744205403407
0.03 0 0.01 0.27366850601266735
0.03 0 0.02 0.3061294452065664
0.03 0 0.03 0.33826880721143343
0.03 0 0.04 0.3760403942107484
0.03 0 0.05 0.356747035031041
0.03 0 0.06 0.2596383562460545
0.03 0 0.07 0.18277064980961355
0.03 0 0.08 0.17795557328699696
0.03 0 0.09 0.18637180082720703
0.03 0 0.1 0.17589938878609374
0.03 0 0.11 0.18912836367238958
0.03 0 0.12 0.20591966410101675
0.03 0 0.13 0.2088063400322846
0.03 0 0.14 0.23716046419448697
0.03 0 0.15 0.3196024902640007
0.03 0 0.16 0.39869380108843117
0.03 0 0.17 0.36373365334394947
0.03 0 0.18 0.3321463782928291
0.03 0 0.19 0.30920683962961365
0.03 0 0.2 0.2337617175013713
0.03 0 0.21 0.24161212776055538
0.03 0 0.22 0.33553199193555067
0.03 0 0.23 0.3370360280234902
0.03 0 0.24 0.2941430561750517
0.03 0 0.25 0.2672497783122985
0.03 0 0.26 0.20426474542424347
0.03 0 0.27 0.15299254993366238
0.03 0 0.28 0.15489522860987773
0.03 0 0.29 0.1904725429766781
0.03 0 0.3 0.20918860761391364
0.03 0 0.31 0.237140324714645
0.03 0 0.32 0.2636403016863089
0.03 0 0.33 0.2148011170531107
0.03 0 0.34 0.199432780581643
0.03 0 0.35000000000000003 0.23952864717024885
0.03 0 0.36 0.231745289570922
0.03 0 0.37 0.2078572717298748
0.03 0 0.38 0.22823318644829638
0.03 0 0.39 0.2877852145774087
0.03 0 0.4 0.33052756835027924
0.03 0 0.41000000000000003 0.30752310855631826
0.03 0 0.42 0.3015572596524264
0.03 0 0.43 0.3100648901676209
0.03 0 0.44 0.32244929974249836
0.03 0 0.45 0.44707592912351346
0.03 0 0.46 0.6649469658727128
0.03 0 0.47000000000000003 0.7598958837278833
0.03 0 0.48 0.6909530517062946
0.03 0 0.49 0.5496167596941092
0.03 0 0.5 0.45087870479603065
0.04 0 0.0 0.5562600511868
0.04 0 0.01 0.48762807683691045
0.04 0 0.02 0.43525992588894424
0.04 0 0.03 0.294039437182945
0.04 0 0.04 0.2162694755378467
0.04 0 0.05 0.22324911669242647
0.04 0 0.06 0.2777515391366108
0.04 0 0.07 0.28691517585969056
0.04 0 0.08 0.21441785795823468
0.04 0 0.09 0.17543368236864296
0.04 0 0.1 0.1810135466252072
0.04 0 0.11 0.19464644684829244
0.04 0 0.12 0.20651226254428845
0.04 0 0.13 0.22633567581535077
0.04 0 0.14 0.263752509456546
0.04 0 0.15 0.2617696476802929
0.04 0 0.16 0.247722589407292
0.04 0 0.17 0.33218809971967816
0.04 0 0.18 0.5113563750666377
0.04 0 0.19 0.6695409243681698
0.04 0 0.2 0.6229528822844822
0.04 0 0.21 0.42988651127280975
0.04 0 0.22 0.4137115054798857
0.04 0 0.23 0.545058513053604
0.04 0 0.24 0.505017725340854
0.04 0 0.25 0.33455732474241084
0.04 0 0.26 0.2549855200062715
0.04 0 0.27 0.2931020918814256
0.04 0 0.28 0.366547863927616
0.04 0 0.29 0.3266884179978856
0.04 0 0.3 0.2557295945634964
0.04 0 0.31 0.22620515074026093
0.04 0 0.32 0.22616028376571437
0.04 0 0.33 0.23826484227466066
0.04 0 0.34 0.26890408654819337
0.04 0 0.35000000000000003 0.3530087087338476
0.04 0 0.36 0.3804176952383019
0.04 0 0.37 0.318414110980047
0.04 0 0.38 0.33572742394004773
0.04 0 0.39 0.4352444468291352
0.04 0 0.4 0.5850865070653949
0.04 0 0.41000000000000003 0.6551642125771345
0.04 0 0.42 0.4849080493396316
0.04 0 0.43 0.4425731560073761
0.04 0 0.44 0.7129644823742508
0.04 0 0.45 1.0086882873162628
0.04 0 0.46 0.835817497401668
0.04 0 0.47000000000000003 0.6155195856567642
0.04 0 0.48 0.6183703773997701
0.04 0 0.49 0.6816186706282353
0.04 0 0.5 0.6576585377037056
0.05 0 0.0 1.8579790969892087
0.05 0 0.01 1.8734614211809526
0.05 0 0.02 1.7505271654010004
0.05 0 0.03 1.4491519262169155
0.05 0 0.04 1.421380568202255
0.05 0 0.05 1.7697242626813974
0.05 0 0.06 1.335160609924957
0.05 0 0.07 0.7036595894691504
0.05 0 0.08 0.5772263742634584
0.05 0 0.09 0.6393418296737509
0.05 0 0.1 0.6400366925171838
0.05 0 0.11 0.6224703289026595
0.05 0 0.12 0.639270984816067
0.05 0 0.13 0.5920919982497038
0.05 0 0.14 0.5762476027107231
0.05 0 0.15 0.775868181881976
0.05 0 0.16 0.9558239332822596
0.05 0 0.17 0.9424870699895254
0.05 0 0.18 0.9911559264639016
0.05 0 0.19 0.8321978179963047
0.05 0 0.2 0.6353191021078534
0.05 0 0.21 0.7154919419997945
0.05 0 0.22 0.8682156720254652
0.05 0 0.23 0.7493549956086573
0.05 0 0.24 0.5100780198379953
0.05 0 0.25 0.41140862157247887
0.05 0 0.26 0.41846075899180535
0.05 0 0.27 0.37821901361272214
0.05 0 0.28 0.33253535969686915
0.05 0 0.29 0.315618728293714
0.05 0 0.3 0.27975182117530534
0.05 0 0.31 0.2664624779713571
0.05 0 0.32 0.2659249913194729
0.05 0 0.33 0.24485571958568927
0.05 0 0.34 0.24449622001862895
0.05 0 0.35000000000000003 0.30625877415595265
0.05 0 0.36 0.3985923839729167
0.05 0 0.37 0.3937196107566492
0.05 0 0.38 0.42521826968678533
0.05 0 0.39 0.6226026930450526
0.05 0 0.4 0.6361046720346398
0.05 0 0.41000000000000003 0.5279871676711259
0.05 0 0.42 0.6430221857008124
0.05 0 0.43 0.8310643074155988
0.05 0 0.44 0.9394939873289261
0.05 0 0.45 1.0529298041865733
0.05 0 0.46 1.0852883510534637
0.05 0 0.47000000000000003 1.0432340605545949
0.05 0 0.48 1.0049574439784932
0.05 0 0.49 0.9287766306732116
0.05 0 0.5 0.7516677610925401
0.06 0 0.0 1.2263294988141322
0.06 0 0.01 1.1545318269295883
0.06 0 0.02 0.9316615850875614
0.06 0 0.03 0.9479892893040243
0.06 0 0.04 1.0520319752861338
0.06 0 0.05 1.2419629980072355
0.06 0 0.06 1.7618845141860238
0.06 0 0.07 1.8619822227374478
0.06 0 0.08 1.3933463298524567
0.06 0 0.09 1.1867149086543942
0.06 0 0.1 1.317269304670223
0.06 0 0.11 1.6739949639200356
0.06 0 0.12 1.8638441342346121
0.06 0 0.13 1.5855053249856326
0.06 0 0.14 1.1261514159781112
0.06 0 0.15 0.871221502841786
0.06 0 0.16 0.8469146316958062
0.06 0 0.17 0.7005218893393313
0.06 0 0.18 0.4807291877636994
0.06 0 0.19 0.3992637832933579
0.06 0 0.2 0.3670970964740367
0.06 0 0.21 0.3617530031325559
0.06 0 0.22 0.37694288373432466
0.06 0 0.23 0.37916260683073444
0.06 0 0.24 0.4344662794843041
0.06 0 0.25 0.4737391827446433
0.06 0 0.26 0.4443732491263345
0.06 0 0.27 0.4761029597644165
0.06 0 0.28 0.5077829092747969
0.06 0 0.29 0.4481832673309384
0.06 0 0.3 0.3878499522665117
0.06 0 0.31 0.42268300858785735
0.06 0 0.32 0.5882164575344928
0.06 0 0.33 0.7593097137466472
0.06 0 0.34 0.7952907150539624
0.06 0 0.35000000000000003 0.6965522330745348
0.06 0 0.36 0.6397468064427819
0.06 0 0.37 0.8562093147942403
0.06 0 0.38 1.1065098465645702
0.06 0 0.39 0.9900903090799269
0.06 0 0.4 0.8684206824696943
0.06 0 0.41000000000000003 0.8171878376655007
0.06 0 0.42 0.840723538730158
0.06 0 0.43 0.9695925968706283
0.06 0 0.44 1.1162802536900607
0.06 0 0.45 1.3203978481741627
0.06 0 0.46 1.3756605951776268
0.06 0 0.47000000000000003 1.2406484659646833
0.06 0 0.48 1.1845059685296189
0.06 0 0.49 1.0797201927669704
0.06 0 0.5 0.9461524810563046
0.07 0 0.0 1.125803940206114
0.07 0 0.01 1.0625386186454757
0.07 0 0.02 1.0549193542423232
0.07 0 0.03 0.928346042734108
0.07 0 0.04 1.0763874971395864
0.07 0 0.05 1.327584808590032
0.07 0 0.06 1.0690538781112597
0.07 0 0.07 0.8079278247180556
0.07 0 0.08 0.9489007426345576
0.07 0 0.09 1.552206756395061
0.07 0 0.1 1.9987877852963953
0.07 0 0.11 1.8691889669595416
0.07 0 0.12 1.8593962530262067
0.07 0 0.13 1.8964319221975416
0.07 0 0.14 1.933296871953361
0.07 0 0.15 1.9670047279355538
0.07 0 0.16 1.5482999192999296
0.07 0 0.17 1.0148613963010569
0.07 0 0.18 0.7383568835120314
0.07 0 0.19 0.6933632700063698
0.07 0 0.2 0.7307152353444688
0.07 0 0.21 0.7581089131968598
0.07 0 0.22 0.8821323528309242
0.07 0 0.23 0.8230001116285832
0.07 0 0.24 0.581234835794844
0.07 0 0.25 0.6035758310946288
0.07 0 0.26 0.7305533510905518
0.07 0 0.27 0.6576107976064566
0.07 0 0.28 0.6669533689525803
0.07 0 0.29 0.8462151502559887
0.07 0 0.3 0.9974209466604526
0.07 0 0.31 1.0842776560292224
0.07 0 0.32 1.2004798324994164
0.07 0 0.33 1.2060258096393504
0.07 0 0.34 1.1498529515957048
0.07 0 0.35000000000000003 1.4243827589335176
0.07 0 0.36 1.5383599455060464
0.07 0 0.37 0.9760313250024962
0.07 0 0.38 0.6792170766592204
0.07 0 0.39 0.6543502644547946
0.07 0 0.4 0.6593446608129806
0.07 0 0.41000000000000003 0.7244622869882643
0.07 0 0.42 0.8249760143754458
0.07 0 0.43 0.8820665641506229
0.07 0 0.44 0.8229758839671264
0.07 0 0.45 0.72111171108172
0.07 0 0.46 0.7176745415239053
0.07 0 0.47000000000000003 0.6453950695700557
0.07 0 0.48 0.5127143487739992
0.07 0 0.49 0.4755472122871254
0.07 0 0.5 0.4964908688872466
0.08 0 0.0 3.4256172656435386
0.08 0 0.01 2.4711126855428853
0.08 0 0.02 1.6503722089787587
0.08 0 0.03 1.4974626654983496
0.08 0 0.04 1.3998765782153144
0.08 0 0.05 1.307578011145482
0.08 0 0.06 1.16241470300369
0.08 0 0.07 1.0811439436252768
0.08 0 0.08 1.1950132472995196
0.08 0 0.09 1.2441882731692426
0.08 0 0.1 1.2495367317328703
0.08 0 0.11 1.4174951550941979
0.08 0 0.12 1.733830306528069
0.08 0 0.13 1.8528231559435167
0.08 0 0.14 1.4356258373738147
0.08 0 0.15 1.180989678873657
0.08 0 0.16 1.4071232585768747
0.08 0 0.17 1.7301766788090553
0.08 0 0.18 1.5997278940613442
0.08 0 0.19 1.3039752434859635
0.08 0 0.2 1.5496662721382535
0.08 0 0.21 2.27437952804093
0.08 0 0.22 2.1682813700383274
0.08 0 0.23 1.7674618660383692
0.08 0 0.24 1.8191582884003283
0.08 0 0.25 2.010301718181387
0.08 0 0.26 2.0565576950101523
0.08 0 0.27 1.587572759080992
0.08 0 0.28 1.13479783666943
0.08 0 0.29 1.1120197352084318
0.08 0 0.3 1.2300362949041124
0.08 0 0.31 1.2795330039100934
0.08 0 0.32 1.3687281532648856
0.08 0 0.33 1.586554788301137
0.08 0 0.34 1.632279327910627
0.08 0 0.35000000000000003 1.1859597717542019
0.08 0 0.36 0.8881663082197732
0.08 0 0.37 0.9929147540327693
0.08 0 0.38 1.360208607960163
0.08 0 0.39 1.5094288282018224
0.08 0 0.4 1.052948328689277
0.08 0 0.41000000000000003 0.7303387923102881
0.08 0 0.42 0.6668556971961059
0.08 0 0.43 0.5162710815130302
0.08 0 0.44 0.38560404438432455
0.08 0 0.45 0.36971838957905917
0.08 0 0.46 0.3798647903361024
0.08 0 0.47000000000000003 0.3892818619204685
0.08 0 0.48 0.32751776730246934
0.08 0 0.49 0.22684328165085585
0.08 0 0.5 0.20968586151502805
0.09 0 0.0 0.5815277262998313
0.09 0 0.01 0.5989044130304028
0.09 0 0.02 0.6647958994431098
0.09 0 0.03 0.7448604391378851
0.09 0 0.04 0.7351661547521946
0.09 0 0.05 0.7063757530493258
0.09 0 0.06 0.72906889645185
0.09 0 0.07 0.6549802464647204
0.09 0 0.08 0.6852563661143245
0.09 0 0.09 0.8971388125172602
0.09 0 0.1 0.8743245753517521
0.09 0 0.11 0.8128184484140275
0.09 0 0.12 1.0051777818881777
0.09 0 0.13 1.1573266142050584
0.09 0 0.14 1.1232565246236088
0.09 0 0.15 1.171340937745012
0.09 0 0.16 1.2559972235330674
0.09 0 0.17 1.1087652580599856
0.09 0 0.18 1.0686194403803722
0.09 0 0.19 1.3872221885587972
0.09 0 0.2 1.5698214545080693
0.09 0 0.21 1.6458566994742154
0.09 0 0.22 1.831494199230377
0.09 0 0.23 1.3805508977346108
0.09 0 0.24 0.8290476200019673
0.09 0 0.25 0.577187542373262
0.09 0 0.26 0.4370422918385109
0.09 0 0.27 0.396467256098659
0.09 0 0.28 0.4831271239024728
0.09 0 0.29 0.677508380929793
0.09 0 0.3 0.7050965554088162
0.09 0 0.31 0.5110785895896464
0.09 0 0.32 0.4634059904383994
0.09 0 0.33 0.5427811289394084
0.09 0 0.34 0.5908321675347099
0.09 0 0.35000000000000003 0.64053279818952
0.09 0 0.36 0.6547369146334244
0.09 0 0.37 0.5699740597776247
0.09 0 0.38 0.5048160060528581
0.09 0 0.39 0.5972698562070211
0.09 0 0.4 0.816765494689487
0.09 0 0.41000000000000003 0.8421737843054546
0.09 0 0.42 0.8002552502855732
0.09 0 0.43 0.7634597636018245
0.09 0 0.44 0.5512256611493868
0.09 0 0.45 0.4476912640369732
0.09 0 0.46 0.42124248410360293
0.09 0 0.47000000000000003 0.2946947864702008
0.09 0 0.48 0.2341204149920729
0.09 0 0.49 0.30299126179576213
0.09 0 0.5 0.4267667828763886
0.1 0 0.0 0.9985859985508627
0.1 0 0.01 0.9292646200616339
0.1 0 0.02 0.7352179311996897
0.1 0 0.03 0.7500994323120649
0.1 0 0.04 1.0626253793062117
0.1 0 0.05 1.1703587310452415
0.1 0 0.06 0.8748721931809598
0.1 0 0.07 0.6917886862977307
0.1 0 0.08 0.6330007374729156
0.1 0 0.09 0.7477568137189706
0.1 0 0.1 0.9826544432376291
0.1 0 0.11 0.9542674699007059
0.1 0 0.12 0.878751416968459
0.1 0 0.13 0.8729461745810523
0.1 0 0.14 0.7047777790248597
0.1 0 0.15 0.5516257432502547
0.1 0 0.16 0.6160069210502969
0.1 0 0.17 0.8602181649524773
0.1 0 0.18 0.877381961702469
0.1 0 0.19 0.7363944993488278
0.1 0 0.2 0.8686281364402898
0.1 0 0.21 1.2247231444418911
0.1 0 0.22 1.5221636809305312
0.1 0 0.23 1.5075614093403418
0.1 0 0.24 1.3609776930372295
0.1 0 0.25 1.7429239605877622
0.1 0 0.26 2.420800857551774
0.1 0 0.27 2.2131004009649877
0.1 0 0.28 1.6510350900441557
0.1 0 0.29 1.282145936704876
0.1 0 0.3 1.1787910840318685
0.1 0 0.31 1.196913633886776
0.1 0 0.32 1.0608775687131637
0.1 0 0.33 0.9333553134511883
0.1 0 0.34 0.844395406262228
0.1 0 0.35000000000000003 0.6597924015782257
0.1 0 0.36 0.47469550583082953
0.1 0 0.37 0.42789310941871106
0.1 0 0.38 0.5544649242918445
0.1 0 0.39 0.6358654660876489
0.1 0 0.4 0.5302114431792362
0.1 0 0.41000000000000003 0.4807074382327233
0.1 0 0.42 0.49003562631857833
0.1 0 0.43 0.5657702129055647
0.1 0 0.44 0.7354822030724855
0.1 0 0.45 0.8572365707827683
0.1 0 0.46 1.0374108536566393
0.1 0 0.47000000000000003 1.277800922149487
0.1 0 0.48 1.237411683390544
0.1 0 0.49 1.0273098901206883
0.1 0 0.5 0.8969894503015494
0.11 0 0.0 0.8039002547866577
0.11 0 0.01 0.6173636729772027
0.11 0 0.02 0.6298603097104689
0.11 0 0.03 0.6137029588361312
0.11 0 0.04 0.4360254224706502
0.11 0 0.05 0.38029249793175385
0.11 0 0.06 0.4060105870602831
0.11 0 0.07 0.4270451599063785
0.11 0 0.08 0.5120951900559974
0.11 0 0.09 0.5443168015767661
0.11 0 0.1 0.4762789582638159
0.11 0 0.11 0.45939668971593856
0.11 0 0.12 0.47475983952682493
0.11 0 0.13 0.4224634728251214
0.11 0 0.14 0.3144348362724114
0.11 0 0.15 0.28802600135852563
0.11 0 0.16 0.343947948460254
0.11 0 0.17 0.34311742934183004
0.11 0 0.18 0.31549986990768536
0.11 0 0.19 0.343262853780314
0.11 0 0.2 0.39904202314754905
0.11 0 0.21 0.4609910084071836
0.11 0 0.22 0.5047364149508109
0.11 0 0.23 0.5068409566249223
0.11 0 0.24 0.4117705636177422
0.11 0 0.25 0.3233114596611288
0.11 0 0.26 0.3722836482855278
0.11 0 0.27 0.5138242561829122
0.11 0 0.28 0.791160858321113
0.11 0 0.29 1.3427689125485176
0.11 0 0.3 1.2040021978331599
0.11 0 0.31 0.6420656994923202
0.11 0 0.32 0.5180917813016587
0.11 0 0.33 0.589323230154791
0.11 0 0.34 0.5356827040602413
0.11 0 0.35000000000000003 0.41129274851610303
0.11 0 0.36 0.3731467065479276
0.11 0 0.37 0.35574694694704884
0.11 0 0.38 0.3246178077645703
0.11 0 0.39 0.3622041428403526
0.11 0 0.4 0.40733895938083065
0.11 0 0.41000000000000003 0.4461907311047441
0.11 0 0.42 0.6335544239938988
0.11 0 0.43 0.8270500762529733
0.11 0 0.44 0.8780064538191432
0.11 0 0.45 0.9968753910015671
0.11 0 0.46 1.0360591678384432
0.11 0 0.47000000000000003 0.8965066815990503
0.11 0 0.48 0.8450535123563074
0.11 0 0.49 1.2400743617231427
0.11 0 0.5 2.1889920089490107
0.12 0 0.0 0.49441776393822484
0.12 0 0.01 0.5090045961030895
0.12 0 0.02 0.4539083848005072
0.12 0 0.03 0.4494361789052115
0.12 0 0.04 0.4361149174812101
0.12 0 0.05 0.36531816671323114
0.12 0 0.06 0.34090899340809017
0.12 0 0.07 0.2849800135677494
0.12 0 0.08 0.2320413706277558
0.12 0 0.09 0.31019244524637013
0.12 0 0.1 0.5065895800323192
0.12 0 0.11 0.6216889698951655
0.12 0 0.12 0.5657347478543929
0.12 0 0.13 0.4829322376452514
0.12 0 0.14 0.4690603948147129
0.12 0 0.15 0.43928376495497334
0.12 0 0.16 0.40531057187675307
0.12 0 0.17 0.4304844678123582
0.12 0 0.18 0.4499991851618609
0.12 0 0.19 0.4320139259091184
0.12 0 0.2 0.38707812037035255
0.12 0 0.21 0.3593305210994871
0.12 0 0.22 0.37073914327736746
0.12 0 0.23 0.37022145620502384
0.12 0 0.24 0.378880407533769
0.12 0 0.25 0.3848862186594785
0.12 0 0.26 0.3844380060490517
0.12 0 0.27 0.439962714506032
0.12 0 0.28 0.4044313584126612
0.12 0 0.29 0.29724991877360385
0.12 0 0.3 0.3034512588606095
0.12 0 0.31 0.405599335560014
0.12 0 0.32 0.5508981935298984
0.12 0 0.33 0.6787585206918166
0.12 0 0.34 0.6881727499649253
0.12 0 0.35000000000000003 0.6563612958001326
0.12 0 0.36 0.6357736200565679
0.12 0 0.37 0.6448117068563817
0.12 0 0.38 0.684305757079403
0.12 0 0.39 0.7450641243752975
0.12 0 0.4 0.8674491373586487
0.12 0 0.41000000000000003 0.864118113679722
0.12 0 0.42 0.7315825086715697
0.12 0 0.43 0.6811846770314867
0.12 0 0.44 0.6804797581568859
0.12 0 0.45 0.7169263150019735
0.12 0 0.46 0.6180429821278459
0.12 0 0.47000000000000003 0.39967386638017255
0.12 0 0.48 0.35308030773559856
0.12 0 0.49 0.43149717640576424
0.12 0 0.5 0.4976748169182799
0.13 0 0.0 0.48718187706439525
0.13 0 0.01 0.39105244623853996
0.13 0 0.02 0.3263634476326616
0.13 0 0.03 0.28210231587297807
0.13 0 0.04 0.28097903976106264
0.13 0 0.05 0.3789145094228116
0.13 0 0.06 0.6153009742184126
0.13 0 0.07 0.8948693330167908
0.13 0 0.08 0.8755744728115284
0.13 0 0.09 0.7809318109770593
0.13 0 0.1 0.8180927767875805
0.13 0 0.11 0.8174995042414531
0.13 0 0.12 0.8398553725478068
0.13 0 0.13 0.7582356482640129
0.13 0 0.14 0.5653738168992801
0.13 0 0.15 0.675987902370003
0.13 0 0.16 1.240517591922963
0.13 0 0.17 1.6445527324923364
0.13 0 0.18 1.444321399044387
0.13 0 0.19 1.3189259487286227
0.13 0 0.2 1.4370181021929485
0.13 0 0.21 1.5777545049378245
0.13 0 0.22 1.8768844510145914
0.13 0 0.23 1.9307160787842526
0.13 0 0.24 1.2155841992547383
0.13 0 0.25 0.8205855254128038
0.13 0 0.26 0.8009326005529427
0.13 0 0.27 0.811854711507851
0.13 0 0.28 0.9223825056875534
0.13 0 0.29 1.0047653872061786
0.13 0 0.3 0.7605569030129035
0.13 0 0.31 0.528238397296712
0.13 0 0.32 0.5230775899468169
0.13 0 0.33 0.7255397084216827
0.13 0 0.34 0.7975804266249849
0.13 0 0.35000000000000003 0.6634923375007742
0.13 0 0.36 0.7670137388263649
0.13 0 0.37 1.179452122320023
0.13 0 0.38 1.684583457266158
0.13 0 0.39 2.011180230326544
0.13 0 0.4 1.8901564349665634
0.13 0 0.41000000000000003 1.6299452255334066
0.13 0 0.42 1.550344873613266
0.13 0 0.43 1.5976071323649037
0.13 0 0.44 1.327875635113357
0.13 0 0.45 0.8531932190316254
0.13 0 0.46 0.6879741270920168
0.13 0 0.47000000000000003 0.6019618226683553
0.13 0 0.48 0.4801341601010838
0.13 0 0.49 0.6155232398316819
0.13 0 0.5 0.9128464606606891
0.14 0 0.0 0.3692598064009195
0.14 0 0.01 0.31386530179704414
0.14 0 0.02 0.35521683709085655
0.14 0 0.03 0.5027064220808503
0.14 0 0.04 0.564474894793562
0.14 0 0.05 0.5243778271458832
0.14 0 0.06 0.5065068471402394
0.14 0 0.07 0.48223672079626706
0.14 0 0.08 0.44207937394231095
0.14 0 0.09 0.4598160599781355
0.14 0 0.1 0.7199745620436374
0.14 0 0.11 1.043675601317265
0.14 0 0.12 0.7420991604072997
0.14 0 0.13 0.5040162507242153
0.14 0 0.14 0.5648123800115055
0.14 0 0.15 0.7119279844626196
0.14 0 0.16 0.7998001159973714
0.14 0 0.17 0.7879709167850908
0.14 0 0.18 0.8124015759131391
0.14 0 0.19 1.0619315528581175
0.14 0 0.2 1.4368339748529106
0.14 0 0.21 1.4853964726702438
0.14 0 0.22 1.2476067524092767
0.14 0 0.23 1.338049430555836
0.14 0 0.24 1.6736986402137237
0.14 0 0.25 1.5564166455470583
0.14 0 0.26 1.4450347720419465
0.14 0 0.27 1.5349927170647322
0.14 0 0.28 1.3234991255616646
0.14 0 0.29 0.9219237066561796
0.14 0 0.3 0.6034652090391062
0.14 0 0.31 0.5378711139413763
0.14 0 0.32 0.7095038463140863
0.14 0 0.33 0.7989397056210671
0.14 0 0.34 0.695116179301527
0.14 0 0.35000000000000003 0.6254559093149669
0.14 0 0.36 0.6744607260805193
0.14 0 0.37 0.8603108861999414
0.14 0 0.38 1.0285331773123656
0.14 0 0.39 1.1550376853865993
0.14 0 0.4 1.3791764091922043
0.14 0 0.41000000000000003 1.5744098328491458
0.14 0 0.42 1.4267893148897277
0.14 0 0.43 1.0302569658480285
0.14 0 0.44 1.0184356172305915
0.14 0 0.45 1.5050933296137903
0.14 0 0.46 1.6386294374718233
0.14 0 0.47000000000000003 1.2912213383994162
0.14 0 0.48 1.1256368057502089
0.14 0 0.49 1.2112090506852997
0.14 0 0.5 1.4771956602698695
0.15 0 0.0 0.6150716250139145
0.15 0 0.01 0.4218959988776585
0.15 0 0.02 0.347972949936659
0.15 0 0.03 0.3722376072603151
0.15 0 0.04 0.40664693556912634
0.15 0 0.05 0.44589261861394647
0.15 0 0.06 0.5457460546887379
0.15 0 0.07 0.5320549989661344
0.15 0 0.08 0.4571790159253439
0.15 0 0.09 0.5339116223925684
0.15 0 0.1 0.5976482277218614
0.15 0 0.11 0.5659457305309729
0.15 0 0.12 0.5924513198453959
0.15 0 0.13 0.6097398934308963
0.15 0 0.14 0.6560868828630716
0.15 0 0.15 0.8044681732329205
0.15 0 0.16 0.9116223347538689
0.15 0 0.17 0.7906138263973398
0.15 0 0.18 0.5599360177236611
0.15 0 0.19 0.4774998882445826
0.15 0 0.2 0.4969622094462588
0.15 0 0.21 0.5068433808394126
0.15 0 0.22 0.5726025745204834
0.15 0 0.23 0.6377774621547753
0.15 0 0.24 0.617209433928102
0.15 0 0.25 0.6693979751537042
0.15 0 0.26 0.9425232233473649
0.15 0 0.27 1.3847957374287696
0.15 0 0.28 1.4738382616392407
0.15 0 0.29 1.4556060815030805
0.15 0 0.3 1.7824518305122992
0.15 0 0.31 1.8187405651196824
0.15 0 0.32 1.7504385480366729
0.15 0 0.33 1.9761903909794
0.15 0 0.34 1.6715259726831755
0.15 0 0.35000000000000003 1.2295677238238498
0.15 0 0.36 1.1326703567572964
0.15 0 0.37 1.0116798525379838
0.15 0 0.38 0.7841733542267617
0.15 0 0.39 0.6596331544631249
0.15 0 0.4 0.5954189329040678
0.15 0 0.41000000000000003 0.45625786292485554
0.15 0 0.42 0.3858856368749887
0.15 0 0.43 0.450215017449501
0.15 0 0.44 0.4481781169089271
0.15 0 0.45 0.428384505934326
0.15 0 0.46 0.6032244527368431
0.15 0 0.47000000000000003 0.8498790921248125
0.15 0 0.48 0.9602976009756996
0.15 0 0.49 0.9883920900166688
0.15 0 0.5 0.948679048048911
0.16 0 0.0 0.414739523345704
0.16 0 0.01 0.377811407373102
0.16 0 0.02 0.4602321145713278
0.16 0 0.03 0.6349413894688194
0.16 0 0.04 0.6021129375304589
0.16 0 0.05 0.3653906460868124
0.16 0 0.06 0.2855207700410843
0.16 0 0.07 0.4064825891262368
0.16 0 0.08 0.48302754947720394
0.16 0 0.09 0.39708334782736876
0.16 0 0.1 0.4099312030560036
0.16 0 0.11 0.45535748917889923
0.16 0 0.12 0.4556690480375483
0.16 0 0.13 0.47894235130458274
0.16 0 0.14 0.49826970796010145
0.16 0 0.15 0.531636443158689
0.16 0 0.16 0.5496762768191391
0.16 0 0.17 0.5374592555009966
0.16 0 0.18 0.5786944938883264
0.16 0 0.19 0.6555363011597554
0.16 0 0.2 0.7136157357753763
0.16 0 0.21 0.6353925623834361
0.16 0 0.22 0.5031645150876529
0.16 0 0.23 0.5273840621569329
0.16 0 0.24 0.6418837792830818
0.16 0 0.25 0.6246192144973874
0.16 0 0.26 0.4873738936505666
0.16 0 0.27 0.43772126936927686
0.16 0 0.28 0.5551758835324878
0.16 0 0.29 0.6014396860368264
0.16 0 0.3 0.47395962486240095
0.16 0 0.31 0.4183824036931681
0.16 0 0.32 0.4354748864728051
0.16 0 0.33 0.5788343734392739
0.16 0 0.34 0.8708157030206737
0.16 0 0.35000000000000003 0.8968974019799225
0.16 0 0.36 0.7171879737084434
0.16 0 0.37 0.6309920963635401
0.16 0 0.38 0.6351351889294579
0.16 0 0.39 0.7138470278662264
0.16 0 0.4 0.8162969095878523
0.16 0 0.41000000000000003 0.8571458448957949
0.16 0 0.42 0.7019882338887817
0.16 0 0.43 0.5201002907788397
0.16 0 0.44 0.5095504649759336
0.16 0 0.45 0.5983189848197125
0.16 0 0.46 0.6547217429868799
0.16 0 0.47000000000000003 0.540345365957241
0.16 0 0.48 0.3817495486613866
0.16 0 0.49 0.4261487487562357
0.16 0 0.5 0.6607759009934258
0.17 0 0.0 0.3632104479693655
0.17 0 0.01 0.3804286901911064
0.17 0 0.02 0.38668784334114686
0.17 0 0.03 0.398078774265528
0.17 0 0.04 0.4219305009607852
0.17 0 0.05 0.5395274538615362
0.17 0 0.06 0.7115926818849561
0.17 0 0.07 0.6735853701040606
0.17 0 0.08 0.5775650211995139
0.17 0 0.09 0.6096085855669697
0.17 0 0.1 0.7677093886196108
0.17 0 0.11 0.8805975725238602
0.17 0 0.12 0.7911903735923608
0.17 0 0.13 0.7932961345050195
0.17 0 0.14 0.8718066374459634
0.17 0 0.15 0.8591285748896582
0.17 0 0.16 1.0010910903295318
0.17 0 0.17 1.1759561575701083
0.17 0 0.18 1.140882381017475
0.17 0 0.19 1.1468765633496099
0.17 0 0.2 1.0550737646422925
0.17 0 0.21 0.8854874801317258
0.17 0 0.22 0.9523581179889465
0.17 0 0.23 1.1750225035493587
0.17 0 0.24 1.0180637807602395
0.17 0 0.25 0.7109985327565943
0.17 0 0.26 0.8157960928546516
0.17 0 0.27 1.187776018937044
0.17 0 0.28 1.154514515308093
0.17 0 0.29 1.011522368890473
0.17 0 0.3 0.8991437081894362
0.17 0 0.31 0.7071436046552283
0.17 0 0.32 0.6140039368511847
0.17 0 0.33 0.5731616620001273
0.17 0 0.34 0.5590558688754921
0.17 0 0.35000000000000003 0.5998272679836903
0.17 0 0.36 0.6234754863189549
0.17 0 0.37 0.5963436944469278
0.17 0 0.38 0.5620764358927169
0.17 0 0.39 0.6996115283968808
0.17 0 0.4 1.0042592347743398
0.17 0 0.41000000000000003 0.9033389033841165
0.17 0 0.42 0.6463405819894397
0.17 0 0.43 0.6417472163688471
0.17 0 0.44 0.7322658377517969
0.17 0 0.45 0.6723353582019692
0.17 0 0.46 0.5621590274583633
0.17 0 0.47000000000000003 0.588413268177006
0.17 0 0.48 0.6044919840808741
0.17 0 0.49 0.5087123048379741
0.17 0 0.5 0.4706115229855074
0.18 0 0.0 0.48784077344258003
0.18 0 0.01 0.6372719700204881
0.18 0 0.02 0.7214935545452537
0.18 0 0.03 0.9148272432188569
0.18 0 0.04 1.3457239074059582
0.18 0 0.05 1.5401288251872147
0.18 0 0.06 1.5852862329623494
0.18 0 0.07 1.9289972780107258
0.18 0 0.08 2.1843125744063117
0.18 0 0.09 2.011887374077065
0.18 0 0.1 1.624733559638451
0.18 0 0.11 1.379971464272243
0.18 0 0.12 1.2234136556461017
0.18 0 0.13 1.0247709110726093
0.18 0 0.14 1.051502081125442
0.18 0 0.15 1.2383303663455598
0.18 0 0.16 1.4597381718506754
0.18 0 0.17 1.9627971816045908
0.18 0 0.18 1.8806686781786308
0.18 0 0.19 1.1322690435276876
0.18 0 0.2 0.8956081183803645
0.18 0 0.21 1.1358643505660118
0.18 0 0.22 1.5477863257986606
0.18 0 0.23 1.711240672981927
0.18 0 0.24 1.5565583234366442
0.18 0 0.25 1.28085852015267
0.18 0 0.26 1.1048510810907195
0.18 0 0.27 1.2541356653523341
0.18 0 0.28 1.3473942138573984
0.18 0 0.29 1.010936201734973
0.18 0 0.3 0.7477352178370423
0.18 0 0.31 0.5734648182231918
0.18 0 0.32 0.48987465449587664
0.18 0 0.33 0.613069018520205
0.18 0 0.34 0.8440971544564327
0.18 0 0.35000000000000003 0.9555093143972516
0.18 0 0.36 0.8935240656909474
0.18 0 0.37 0.9073796582361369
0.18 0 0.38 1.412650871443203
0.18 0 0.39 2.2348020914913693
0.18 0 0.4 2.1754433916522773
0.18 0 0.41000000000000003 1.6194842716474276
0.18 0 0.42 1.432228164164431
0.18 0 0.43 1.7453364558106301
0.18 0 0.44 2.023537671815635
0.18 0 0.45 1.6933727039521422
0.18 0 0.46 1.1694396868774863
0.18 0 0.47000000000000003 0.8302238895275313
0.18 0 0.48 0.8088371499005637
0.18 0 0.49 0.920337206149118
0.18 0 0.5 0.94361689074318
0.19 0 0.0 2.81520483137722
0.19 0 0.01 2.8025263308109327
0.19 0 0.02 3.0025878829410377
0.19 0 0.03 3.869475375909674
0.19 0 0.04 4.8016124677418635
0.19 0 0.05 5.323751652476463
0.19 0 0.06 4.78585749730372
0.19 0 0.07 3.274822916198041
0.19 0 0.08 2.1057863353857815
0.19 0 0.09 1.9965968011400692
0.19 0 0.1 2.6327481508674744
0.19 0 0.11 2.5044207939021663
0.19 0 0.12 2.0466553183991443
0.19 0 0.13 2.335443999507045
0.19 0 0.14 2.961539658861068
0.19 0 0.15 3.8828847125436066
0.19 0 0.16 4.744849841039615
0.19 0 0.17 4.323376950015992
0.19 0 0.18 3.8320011466307182
0.19 0 0.19 3.6870125545754453
0.19 0 0.2 3.1910571508100705
0.19 0 0.21 2.3667539161642828
0.19 0 0.22 1.8904536610921676
0.19 0 0.23 2.0342604159098086
0.19 0 0.24 2.125245058963401
0.19 0 0.25 1.9340735147793453
0.19 0 0.26 2.1494194428892994
0.19 0 0.27 2.411053449697459
0.19 0 0.28 1.9786759832863496
0.19 0 0.29 1.3998313402129618
0.19 0 0.3 1.3252349100844216
0.19 0 0.31 1.7957638446143924
0.19 0 0.32 2.240649999348683
0.19 0 0.33 2.594452552312016
0.19 0 0.34 3.082738860534853
0.19 0 0.35000000000000003 3.153235307442577
0.19 0 0.36 3.4600305225160657
0.19 0 0.37 3.3362217089215522
0.19 0 0.38 2.015318627646088
0.19 0 0.39 1.4049017440782134
0.19 0 0.4 1.4285856271174644
0.19 0 0.41000000000000003 1.2628105480123073
0.19 0 0.42 0.9946646089852013
0.19 0 0.43 1.1196737418801384
0.19 0 0.44 1.5820784559843666
0.19 0 0.45 1.639481396159842
0.19 0 0.46 1.532429357241686
0.19 0 0.47000000000000003 1.6937360117029403
0.19 0 0.48 1.6108076533543112
0.19 0 0.49 1.4737010190428677
0.19 0 0.5 1.4125526682240337
0.2 0 0.0 1.1453871565270963
0.2 0 0.01 1.7164567259438581
0.2 0 0.02 1.5524417338310665
0.2 0 0.03 1.3372666768976524
0.2 0 0.04 1.8183284842921852
0.2 0 0.05 2.3894617088330543
0.2 0 0.06 2.2032298405933566
0.2 0 0.07 1.928534748800042
0.2 0 0.08 2.0140713731755326
0.2 0 0.09 2.0614952821709553
0.2 0 0.1 2.0060393464456325
0.2 0 0.11 1.919722184510612
0.2 0 0.12 1.5866606260882392
0.2 0 0.13 1.7026935550242777
0.2 0 0.14 2.48916031097134
0.2 0 0.15 2.6795686713789157
0.2 0 0.16 2.535890640250511
0.2 0 0.17 2.709034653053781
0.2 0 0.18 2.252254515605588
0.2 0 0.19 1.4009037798951185
0.2 0 0.2 0.9830470669684144
0.2 0 0.21 1.1545908084601326
0.2 0 0.22 1.7662762752980148
0.2 0 0.23 1.979163321035048
0.2 0 0.24 1.6207919437340932
0.2 0 0.25 1.2102283442696997
0.2 0 0.26 1.0109738161161108
0.2 0 0.27 0.981414598380974
0.2 0 0.28 0.8747539445561705
0.2 0 0.29 0.7927448085352553
0.2 0 0.3 0.9076508193110467
0.2 0 0.31 1.2374813779942242
0.2 0 0.32 1.4747688219259556
0.2 0 0.33 1.218787844196025
0.2 0 0.34 1.1103414039627078
0.2 0 0.35000000000000003 1.2707972695898688
0.2 0 0.36 1.104574288399538
0.2 0 0.37 0.9344872406807688
0.2 0 0.38 1.0484983703610702
0.2 0 0.39 1.1482955670494426
0.2 0 0.4 1.0112136142192258
0.2 0 0.41000000000000003 0.7086870308475229
0.2 0 0.42 0.5270344005416868
0.2 0 0.43 0.5468923545329157
0.2 0 0.44 0.6334564416029466
0.2 0 0.45 0.6011901473150119
0.2 0 0.46 0.49333095280194095
0.2 0 0.47000000000000003 0.5432774114404276
0.2 0 0.48 0.7725481447207646
0.2 0 0.49 0.8602519170657287
0.2 0 0.5 0.8777431094593825
0.21 0 0.0 3.0455955346635624
0.21 0 0.01 2.3790366084024255
0.21 0 0.02 2.301637801419129
0.21 0 0.03 2.6650165227986
0.21 0 0.04 3.0498924606750686
0.21 0 0.05 2.816200989692266
0.21 0 0.06 2.081623085509326
0.21 0 0.07 1.4162829509946193
0.21 0 0.08 1.0066197176663374
0.21 0 0.09 0.9600249578040917
0.21 0 0.1 1.134750454528752
0.21 0 0.11 1.3673702364231455
0.21 0 0.12 1.6932459621825295
0.21 0 0.13 1.8370627944378561
0.21 0 0.14 1.6802910422395838
0.21 0 0.15 1.3341690925679643
0.21 0 0.16 1.0072941330735439
0.21 0 0.17 0.9401163874226136
0.21 0 0.18 0.9392795273989631
0.21 0 0.19 1.007952322183254
0.21 0 0.2 1.3141242751993627
0.21 0 0.21 1.2892574720785928
0.21 0 0.22 1.0192543631011892
0.21 0 0.23 1.1306187088305393
0.21 0 0.24 1.4826469248908531
0.21 0 0.25 1.6542721494460555
0.21 0 0.26 1.6942783136248318
0.21 0 0.27 1.8059598410039264
0.21 0 0.28 1.8042288659413712
0.21 0 0.29 1.8190583909108295
0.21 0 0.3 2.306562775603401
0.21 0 0.31 2.699589190227084
0.21 0 0.32 2.8990374841916173
0.21 0 0.33 3.921196827687177
0.21 0 0.34 4.158179231934507
0.21 0 0.35000000000000003 2.817038208701018
0.21 0 0.36 1.8020558420946935
0.21 0 0.37 1.1154287164849808
0.21 0 0.38 0.6948316978077836
0.21 0 0.39 0.524707620962782
0.21 0 0.4 0.5103201865970098
0.21 0 0.41000000000000003 0.5072839081322698
0.21 0 0.42 0.3942225382479724
0.21 0 0.43 0.34533528821397813
0.21 0 0.44 0.4261006266930876
0.21 0 0.45 0.5484918056142174
0.21 0 0.46 0.6949951604761311
0.21 0 0.47000000000000003 0.7895192674685482
0.21 0 0.48 0.709287111296661
0.21 0 0.49 0.6340253322709882
0.21 0 0.5 0.7527140995361604
0.22 0 0.0 1.8485672292688444
0.22 0 0.01 1.919681770887823
0.22 0 0.02 1.4351608489493228
0.22 0 0.03 1.1237515912092466
0.22 0 0.04 1.2868262538131734
0.22 0 0.05 1.699248697179049
0.22 0 0.06 1.6843891406003224
0.22 0 0.07 1.4818857210111867
0.22 0 0.08 1.5424810521158232
0.22 0 0.09 1.7238862395960095
0.22 0 0.1 1.9246925139908846
0.22 0 0.11 1.6597583181662334
0.22 0 0.12 1.0606374742410474
0.22 0 0.13 0.8245186428930387
0.22 0 0.14 0.9519078974611255
0.22 0 0.15 1.2600710946157307
0.22 0 0.16 1.279907436292377
0.22 0 0.17 1.0406840852285875
0.22 0 0.18 0.9540483531655651
0.22 0 0.19 0.8254496561650366
0.22 0 0.2 0.7857030469742439
0.22 0 0.21 1.1874863984357213
0.22 0 0.22 1.6921378616902285
0.22 0 0.23 1.7048597742611349
0.22 0 0.24 1.645509652950528
0.22 0 0.25 1.6345591866616007
0.22 0 0.26 1.776836501514993
0.22 0 0.27 2.2648975218914633
0.22 0 0.28 2.828697614445274
0.22 0 0.29 2.637664822296712
0.22 0 0.3 2.2424226868879886
0.22 0 0.31 2.4531526996054396
0.22 0 0.32 2.2632431606880994
0.22 0 0.33 1.485228116451747
0.22 0 0.34 1.1055119161919809
0.22 0 0.35000000000000003 0.9541666843532638
0.22 0 0.36 0.9249677747095768
0.22 0 0.37 0.9875632493493528
0.22 0 0.38 0.9467339231662979
0.22 0 0.39 0.8868226474621338
0.22 0 0.4 0.7742404488433847
0.22 0 0.41000000000000003 0.5932076299223534
0.22 0 0.42 0.49015219994202314
0.22 0 0.43 0.46505771017741926
0.22 0 0.44 0.5384096591913275
0.22 0 0.45 0.670872055331548
0.22 0 0.46 0.711140516768902
0.22 0 0.47000000000000003 0.6990428264171966
0.22 0 0.48 0.66911001451413
0.22 0 0.49 0.5859840534048221
0.22 0 0.5 0.43561911003561055
0.23 0 0.0 1.3107666631757136
0.23 0 0.01 1.2378592057718534
0.23 0 0.02 1.1634387424363644
0.23 0 0.03 1.428704860673288
0.23 0 0.04 1.8448413646496327
0.23 0 0.05 1.585846410612433
0.23 0 0.06 1.242112768079214
0.23 0 0.07 1.243611345169345
0.23 0 0.08 1.4307139458610205
0.23 0 0.09 1.514206571028843
0.23 0 0.1 1.3743760181095839
0.23 0 0.11 1.3371879778581341
0.23 0 0.12 1.5932091992634456
0.23 0 0.13 2.1188656533164747
0.23 0 0.14 2.135752012798772
0.23 0 0.15 1.447468594708699
0.23 0 0.16 1.2839193130341195
0.23 0 0.17 1.562081619688644
0.23 0 0.18 1.6105603230165064
0.23 0 0.19 1.833224957127334
0.23 0 0.2 2.3891349747270776
0.23 0 0.21 2.3355457093453333
0.23 0 0.22 1.6504767032255103
0.23 0 0.23 1.1235464748268444
0.23 0 0.24 1.0377916392589415
0.23 0 0.25 1.1441421315083542
0.23 0 0.26 1.073520373942296
0.23 0 0.27 0.8549705351878303
0.23 0 0.28 0.6331087792773541
0.23 0 0.29 0.5453314560809696
0.23 0 0.3 0.5281031674961654
0.23 0 0.31 0.43336048513981834
0.23 0 0.32 0.38504624939643034
0.23 0 0.33 0.48793113213698064
0.23 0 0.34 0.6742920874529452
0.23 0 0.35000000000000003 0.5994365294990358
0.23 0 0.36 0.35126812519910305
0.23 0 0.37 0.27925405953924287
0.23 0 0.38 0.2848714525038008
0.23 0 0.39 0.240051140130155
0.23 0 0.4 0.2345022425976441
0.23 0 0.41000000000000003 0.2599153905638644
0.23 0 0.42 0.25412747287634685
0.23 0 0.43 0.2775036520453029
0.23 0 0.44 0.30899121873450813
0.23 0 0.45 0.28763463164653214
0.23 0 0.46 0.2720649824672356
0.23 0 0.47000000000000003 0.28347768697611736
0.23 0 0.48 0.24287708451238088
0.23 0 0.49 0.18174287583149265
0.23 0 0.5 0.2151156273884166
0.24 0 0.0 0.9704525698362496
0.24 0 0.01 1.0347223920131154
0.24 0 0.02 1.2656225688889349
0.24 0 0.03 1.3109470474373688
0.24 0 0.04 1.4472695717499449
0.24 0 0.05 1.5117272202956824
0.24 0 0.06 1.204094403612232
0.24 0 0.07 1.1542181937830416
0.24 0 0.08 1.3110336796063407
0.24 0 0.09 1.1844634717342157
0.24 0 0.1 0.9865592415246096
0.24 0 0.11 0.9735140935713686
0.24 0 0.12 0.9724890185885576
0.24 0 0.13 0.9176030491061635
0.24 0 0.14 1.2518241694181516
0.24 0 0.15 2.1069021555714467
0.24 0 0.16 2.2841231583574024
0.24 0 0.17 1.915124829668945
0.24 0 0.18 1.5131275354094869
0.24 0 0.19 1.1201247640026821
0.24 0 0.2 1.18323362365107
0.24 0 0.21 1.5738773882238097
0.24 0 0.22 1.727688789988651
0.24 0 0.23 1.7284182237543357
0.24 0 0.24 1.8109524520725468
0.24 0 0.25 1.7881622466102294
0.24 0 0.26 1.3515512269472882
0.24 0 0.27 1.0086468771480765
0.24 0 0.28 1.0938669616091694
0.24 0 0.29 1.2373842939435606
0.24 0 0.3 1.0886196070253056
0.24 0 0.31 0.8465373707281744
0.24 0 0.32 0.6579963888409013
0.24 0 0.33 0.5425614404556177
0.24 0 0.34 0.44647464222864847
0.24 0 0.35000000000000003 0.4103134002407764
0.24 0 0.36 0.41785998109086037
0.24 0 0.37 0.3681021590039391
0.24 0 0.38 0.3102757744056907
0.24 0 0.39 0.24051170793557233
0.24 0 0.4 0.18394885753223547
0.24 0 0.41000000000000003 0.21548796819544228
0.24 0 0.42 0.27194478798646277
0.24 0 0.43 0.24450088915760304
0.24 0 0.44 0.23266661124917273
0.24 0 0.45 0.2814185967012002
0.24 0 0.46 0.33007846003345637
0.24 0 0.47000000000000003 0.30422206870472795
0.24 0 0.48 0.26213095465098457
0.24 0 0.49 0.26880109320931944
0.24 0 0.5 0.30957072627376225
0.25 0 0.0 2.044345089632044
0.25 0 0.01 2.1951856597198103
0.25 0 0.02 1.6844149572725053
0.25 0 0.03 1.4151357926378874
0.25 0 0.04 1.2219097992524606
0.25 0 0.05 1.1109632750790157
0.25 0 0.06 1.0672810131717247
0.25 0 0.07 1.0133004262298893
0.25 0 0.08 1.061373239991299
0.25 0 0.09 1.1370743968432195
0.25 0 0.1 1.1902064667072845
0.25 0 0.11 1.3015920164539638
0.25 0 0.12 1.5441767400579773
0.25 0 0.13 1.7433544764848068
0.25 0 0.14 1.3261302663610415
0.25 0 0.15 0.8823316104191528
0.25 0 0.16 0.876661548431842
0.25 0 0.17 1.1181720318565882
0.25 0 0.18 1.2033926636348589
0.25 0 0.19 0.9050297009452798
0.25 0 0.2 0.71468419000144
0.25 0 0.21 0.818539798284812
0.25 0 0.22 0.7962745717163515
0.25 0 0.23 0.5875470458205281
0.25 0 0.24 0.4704686988849659
0.25 0 0.25 0.39236362074310954
0.25 0 0.26 0.38086478278259783
0.25 0 0.27 0.4298115855696194
0.25 0 0.28 0.4315056712422482
0.25 0 0.29 0.423117794222127
0.25 0 0.3 0.4699213013123815
0.25 0 0.31 0.5200605511407691
0.25 0 0.32 0.5200223347453594
0.25 0 0.33 0.6154686318025044
0.25 0 0.34 0.7762535042157968
0.25 0 0.35000000000000003 0.5255088561898579
0.25 0 0.36 0.2715757219558602
0.25 0 0.37 0.24007663749468247
0.25 0 0.38 0.28487171350989954
0.25 0 0.39 0.32055251328275125
0.25 0 0.4 0.30802966935765974
0.25 0 0.41000000000000003 0.24853713962140153
0.25 0 0.42 0.23127891678301848
0.25 0 0.43 0.27159022387459436
0.25 0 0.44 0.3217843830839038
0.25 0 0.45 0.28830236320462665
0.25 0 0.46 0.20402332338737272
0.25 0 0.47000000000000003 0.18371740341924941
0.25 0 0.48 0.20216059844078288
0.25 0 0.49 0.21751030280262004
0.25 0 0.5 0.27509942800717113
0.26 0 0.0 1.9882851480285848
0.26 0 0.01 1.690542512617264
0.26 0 0.02 1.497477126679399
0.26 0 0.03 1.6344352777950844
0.26 0 0.04 2.351079138447945
0.26 0 0.05 2.3924910754129094
0.26 0 0.06 1.709971943701305
0.26 0 0.07 1.498961537688098
0.26 0 0.08 1.7845956889509396
0.26 0 0.09 2.1046764219537284
0.26 0 0.1 2.2095911118863163
0.26 0 0.11 2.5493880380490657
0.26 0 0.12 2.562676883426057
0.26 0 0.13 1.9156999951126203
0.26 0 0.14 1.7553689422364493
0.26 0 0.15 2.2022584152902067
0.26 0 0.16 2.6383341819061723
0.26 0 0.17 2.2895383199279022
0.26 0 0.18 1.508053985703004
0.26 0 0.19 1.1556336832999825
0.26 0 0.2 1.210223882990706
0.26 0 0.21 1.5302790112815323
0.26 0 0.22 1.6400026588765775
0.26 0 0.23 1.079388487517745
0.26 0 0.24 0.8074894921679977
0.26 0 0.25 0.9468270797786682
0.26 0 0.26 0.9296418417611633
0.26 0 0.27 0.8409696585259037
0.26 0 0.28 1.087565971475789
0.26 0 0.29 1.5207799642176696
0.26 0 0.3 1.6190691884771158
0.26 0 0.31 1.4613127441190241
0.26 0 0.32 1.385429636998456
0.26 0 0.33 1.220255675379483
0.26 0 0.34 1.014608400341187
0.26 0 0.35000000000000003 0.9415401768900356
0.26 0 0.36 0.9099124028776778
0.26 0 0.37 1.135679756402667
0.26 0 0.38 1.5923562283666786
0.26 0 0.39 1.3562864679030602
0.26 0 0.4 0.9504367247431131
0.26 0 0.41000000000000003 0.9260714129698246
0.26 0 0.42 1.08041638330522
0.26 0 0.43 1.1354483675878846
0.26 0 0.44 0.9771193670494835
0.26 0 0.45 0.924998369906187
0.26 0 0.46 1.0196932249082802
0.26 0 0.47000000000000003 0.9473853563558703
0.26 0 0.48 0.8516431384712368
0.26 0 0.49 0.9112476840471132
0.26 0 0.5 1.0270546692495628
0.27 0 0.0 3.652494652653296
0.27 0 0.01 2.5114298926575485
0.27 0 0.02 1.8119227142629837
0.27 0 0.03 1.3604725874270345
0.27 0 0.04 1.335576756830254
0.27 0 0.05 1.6929906809243687
0.27 0 0.06 1.8118251950116342
0.27 0 0.07 1.669558064965447
0.27 0 0.08 1.5177095062929737
0.27 0 0.09 1.5993167579073462
0.27 0 0.1 2.093883756176481
0.27 0 0.11 2.2504930721854883
0.27 0 0.12 1.7796363506560144
0.27 0 0.13 1.480723556822309
0.27 0 0.14 1.559928733654089
0.27 0 0.15 1.7591581295110463
0.27 0 0.16 1.797205204517192
0.27 0 0.17 1.9707984379235115
0.27 0 0.18 2.100529506386381
0.27 0 0.19 1.9565378736249484
0.27 0 0.2 2.2232449550466313
0.27 0 0.21 2.515057582009957
0.27 0 0.22 2.2008898728511603
0.27 0 0.23 1.9377850525654066
0.27 0 0.24 1.7176873937488617
0.27 0 0.25 1.7045732742191186
0.27 0 0.26 2.1612205383685783
0.27 0 0.27 2.4242150937828035
0.27 0 0.28 1.8103289750704312
0.27 0 0.29 1.0728048203347633
0.27 0 0.3 0.8865744380354227
0.27 0 0.31 1.1726907914164564
0.27 0 0.32 1.405182594484025
0.27 0 0.33 1.1988013470476635
0.27 0 0.34 0.8241356911711196
0.27 0 0.35000000000000003 0.5801928371184025
0.27 0 0.36 0.5813788832684095
0.27 0 0.37 0.800993172316309
0.27 0 0.38 1.148954725531792
0.27 0 0.39 1.238512228608777
0.27 0 0.4 1.0940405676469462
0.27 0 0.41000000000000003 1.1999287207962148
0.27 0 0.42 1.3051799473284866
0.27 0 0.43 1.3303193485357372
0.27 0 0.44 1.6976356074267291
0.27 0 0.45 1.702826508130414
0.27 0 0.46 1.2067670981731928
0.27 0 0.47000000000000003 1.0835814500394152
0.27 0 0.48 1.1815655767485573
0.27 0 0.49 1.0580417900792873
0.27 0 0.5 0.7916326055724354
0.28 0 0.0 1.3760647781655173
0.28 0 0.01 0.9688395331660011
0.28 0 0.02 0.8841750667273555
0.28 0 0.03 1.0340579252657582
0.28 0 0.04 1.1697025097384615
0.28 0 0.05 1.1421535752224095
0.28 0 0.06 0.8546963787979913
0.28 0 0.07 0.6440127290154326
0.28 0 0.08 0.7894751009448499
0.28 0 0.09 0.9612368829448068
0.28 0 0.1 0.8304687965372148
0.28 0 0.11 0.8254203589454823
0.28 0 0.12 0.9443874330999564
0.28 0 0.13 0.9783110119188086
0.28 0 0.14 1.0439393990232473
0.28 0 0.15 1.2053461069279516
0.28 0 0.16 1.1924228384243203
0.28 0 0.17 1.1016867436488078
0.28 0 0.18 1.476698854759281
0.28 0 0.19 2.1993576843938274
0.28 0 0.2 2.614701588909401
0.28 0 0.21 3.282275481500501
0.28 0 0.22 3.2984181456735455
0.28 0 0.23 2.316984150166895
0.28 0 0.24 2.069073998928706
0.28 0 0.25 2.340315288735983
0.28 0 0.26 2.2978476999229285
0.28 0 0.27 1.9165011114825428
0.28 0 0.28 1.6801091506671042
0.28 0 0.29 1.6925157136905558
0.28 0 0.3 1.4727160935168229
0.28 0 0.31 1.075572141252237
0.28 0 0.32 0.7938837966854276
0.28 0 0.33 0.6093536795291111
0.28 0 0.34 0.5857383085530543
0.28 0 0.35000000000000003 0.6616517999163503
0.28 0 0.36 0.6661874703685081
0.28 0 0.37 0.5917578965634394
0.28 0 0.38 0.5113490908180013
0.28 0 0.39 0.4848144786290393
0.28 0 0.4 0.45175543134762947
0.28 0 0.41000000000000003 0.4311904661587453
0.28 0 0.42 0.5298897454225512
0.28 0 0.43 0.5625085553647025
0.28 0 0.44 0.49619157899005056
0.28 0 0.45 0.6043820799711386
0.28 0 0.46 0.7818313577293226
0.28 0 0.47000000000000003 0.7967476466464807
0.28 0 0.48 0.7771583303913258
0.28 0 0.49 0.7889323323866165
0.28 0 0.5 0.8478435208559975
0.29 0 0.0 0.48162795253121066
0.29 0 0.01 0.48700018238163645
0.29 0 0.02 0.5503546397414744
0.29 0 0.03 0.600912976465439
0.29 0 0.04 0.6127473442494755
0.29 0 0.05 0.6074762975557775
0.29 0 0.06 0.81783869208099
0.29 0 0.07 1.1537816744710105
0.29 0 0.08 1.1320646972753257
0.29 0 0.09 1.1925512304264683
0.29 0 0.1 1.5987631239235287
0.29 0 0.11 1.8230578153870263
0.29 0 0.12 1.4443936465315976
0.29 0 0.13 1.0273342424070229
0.29 0 0.14 1.0088845680540761
0.29 0 0.15 1.189165639313003
0.29 0 0.16 1.173641748102704
0.29 0 0.17 0.9929574704081336
0.29 0 0.18 0.9068471978758998
0.29 0 0.19 1.1218311075712413
0.29 0 0.2 1.4028339523544722
0.29 0 0.21 1.283239985102203
0.29 0 0.22 1.1036451264715792
0.29 0 0.23 1.0137647411587338
0.29 0 0.24 1.0242395036204948
0.29 0 0.25 1.0767352872766294
0.29 0 0.26 1.0622457830051206
0.29 0 0.27 1.3473492851872089
0.29 0 0.28 1.7808831714602986
0.29 0 0.29 1.499779170154728
0.29 0 0.3 1.257938387302277
0.29 0 0.31 1.5271826923701433
0.29 0 0.32 1.8929420524166207
0.29 0 0.33 1.7021198877606138
0.29 0 0.34 1.1750571902862343
0.29 0 0.35000000000000003 0.8335819063333421
0.29 0 0.36 0.7271020471535308
0.29 0 0.37 0.8592385824297544
0.29 0 0.38 1.0050897701988126
0.29 0 0.39 0.8318344005300949
0.29 0 0.4 0.7907968793834447
0.29 0 0.41000000000000003 0.8845748231068328
0.29 0 0.42 0.6768137313174809
0.29 0 0.43 0.5083991159773406
0.29 0 0.44 0.584484081143058
0.29 0 0.45 0.8097176577877632
0.29 0 0.46 0.9107181285863825
0.29 0 0.47000000000000003 0.7653377745890505
0.29 0 0.48 0.7183653330800204
0.29 0 0.49 0.8516782310429979
0.29 0 0.5 1.0335737575981816
0.3 0 0.0 0.6214341359497713
0.3 0 0.01 0.6208581084885475
0.3 0 0.02 0.7417932627546928
0.3 0 0.03 0.5862741350631346
0.3 0 0.04 0.44810217017198084
0.3 0 0.05 0.5063772352969743
0.3 0 0.06 0.5369986444544937
0.3 0 0.07 0.5594237067601426
0.3 0 0.08 0.6619825499207083
0.3 0 0.09 0.6583614743237015
0.3 0 0.1 0.5899774724495795
0.3 0 0.11 0.56243209269483
0.3 0 0.12 0.5383638878277718
0.3 0 0.13 0.48098089418023604
0.3 0 0.14 0.4522361981781736
0.3 0 0.15 0.4875986967353629
0.3 0 0.16 0.45467724634244644
0.3 0 0.17 0.42678043630292384
0.3 0 0.18 0.5700940190453282
0.3 0 0.19 0.7363467681016798
0.3 0 0.2 0.7062825964648208
0.3 0 0.21 0.6518329762294892
0.3 0 0.22 0.7041054404598316
0.3 0 0.23 0.7332700373228149
0.3 0 0.24 0.5767355329458278
0.3 0 0.25 0.5325435114855843
0.3 0 0.26 0.73070030069918
0.3 0 0.27 1.0078487991006737
0.3 0 0.28 1.337175482146196
0.3 0 0.29 1.3632459525531697
0.3 0 0.3 0.888166028529045
0.3 0 0.31 0.685742402267495
0.3 0 0.32 0.7799837473034661
0.3 0 0.33 0.8933315412017494
0.3 0 0.34 0.9695118346033891
0.3 0 0.35000000000000003 1.1102334278973611
0.3 0 0.36 1.0954552177511032
0.3 0 0.37 0.8077418395020596
0.3 0 0.38 0.7215703294117781
0.3 0 0.39 0.8499328950364825
0.3 0 0.4 0.773166683218085
0.3 0 0.41000000000000003 0.6373457471816255
0.3 0 0.42 0.6107320882138337
0.3 0 0.43 0.606077187450338
0.3 0 0.44 0.6596397388288834
0.3 0 0.45 0.6208018571055389
0.3 0 0.46 0.4453783462427033
0.3 0 0.47000000000000003 0.35415587696258727
0.3 0 0.48 0.4080852983355319
0.3 0 0.49 0.6508101263211412
0.3 0 0.5 0.8688782755921609
#STOP
