#MEDIUM_PROPERTIES_DISTRIBUTED
$MSH_TYPE
	 GROUNDWATER_FLOW	
$MMP_TYPE
	 PERMEABILITY	
$DIS_TYPE
	 NEAREST_VALUE	
;hj
$CONVERSION_FACTOR
2e-8;2e-6;2e-13
$DATA
0.0 0 0.0 0.04498061515497428
0.0 0 0.01 0.030609759110643908
0.0 0 0.02 0.02828070222997383
0.0 0 0.03 0.027678207137529835
0.0 0 0.04 0.03047999248349683
0.0 0 0.05 0.047882002291620165
0.0 0 0.06 0.02616872625137802
0.0 0 0.07 0.019518434863803422
0.0 0 0.08 0.02858880150746146
0.0 0 0.09 0.019005690424371027
0.0 0 0.1 0.06888922156975415
0.0 0 0.11 0.06301991012240606
0.0 0 0.12 0.042635012477441586
0.0 0 0.13 0.11896308810491014
0.0 0 0.14 0.052160817699732
0.0 0 0.15 0.044426560015536735
0.0 0 0.16 0.034910359751704076
0.0 0 0.17 0.018600335492443606
0.0 0 0.18 0.03225423466821053
0.0 0 0.19 0.04061247427654931
0.0 0 0.2 0.04143481937405667
0.0 0 0.21 0.047744257857302734
0.0 0 0.22 0.06632841629471214
0.0 0 0.23 0.07994049172881018
0.0 0 0.24 0.09978973522700613
0.0 0 0.25 0.039906546357734565
0.0 0 0.26 0.03249503657683761
0.0 0 0.27 0.03552291802134713
0.0 0 0.28 0.03244580273478982
0.0 0 0.29 0.0498609994035673
0.0 0 0.3 0.06533472668929678
0.0 0 0.31 0.041746051460202244
0.0 0 0.32 0.10855532071681541
0.0 0 0.33 0.13786600348531697
0.0 0 0.34 0.09761291675864021
0.0 0 0.35000000000000003 0.39430921248369144
0.0 0 0.36 0.22003143688399907
0.0 0 0.37 0.3859314720610085
0.0 0 0.38 0.39250647834077357
0.0 0 0.39 0.15438251778506956
0.0 0 0.4 0.3625374672705243
0.0 0 0.41000000000000003 0.17877305952751427
0.0 0 0.42 0.22770004590144374
0.0 0 0.43 0.18478998129788743
0.0 0 0.44 0.13688648069094084
0.0 0 0.45 0.29421355673866095
0.0 0 0.46 0.38246300452230475
0.0 0 0.47000000000000003 0.48818085880446194
0.0 0 0.48 0.29537581881092045
0.0 0 0.49 0.6992406617982946
0.0 0 0.5 0.4727121076458394
0.01 0 0.0 0.305754448395099
0.01 0 0.01 0.40133958632447636
0.01 0 0.02 0.3071073497667826
0.01 0 0.03 0.2524656820205133
0.01 0 0.04 0.16667959018334855
0.01 0 0.05 0.11718523247716943
0.01 0 0.06 0.18992034973441604
0.01 0 0.07 0.1415803510115419
0.01 0 0.08 0.26921099374035645
0.01 0 0.09 0.4770768442486583
0.01 0 0.1 0.39372469450929104
0.01 0 0.11 0.7973073991311118
0.01 0 0.12 0.2692924360877204
0.01 0 0.13 0.2886803545487854
0.01 0 0.14 0.3135351252516116
0.01 0 0.15 0.15169336756400756
0.01 0 0.16 0.18424618916006566
0.01 0 0.17 0.25284338902391307
0.01 0 0.18 0.17987720962690915
0.01 0 0.19 0.2213368229018939
0.01 0 0.2 0.19260008899441497
0.01 0 0.21 0.07437011143204324
0.01 0 0.22 0.21854848101001123
0.01 0 0.23 0.15408334470537444
0.01 0 0.24 0.1198943532825827
0.01 0 0.25 0.05841699827846908
0.01 0 0.26 0.018958836361465524
0.01 0 0.27 0.03316197958191825
0.01 0 0.28 0.03366737328727532
0.01 0 0.29 0.05249232269348218
0.01 0 0.3 0.05024750459608908
0.01 0 0.31 0.05168803437172877
0.01 0 0.32 0.08842948200170139
0.01 0 0.33 0.151426943352592
0.01 0 0.34 0.24099984131297977
0.01 0 0.35000000000000003 0.1860604074217108
0.01 0 0.36 0.48244551811022846
0.01 0 0.37 0.36178599265180894
0.01 0 0.38 0.4956651862747413
0.01 0 0.39 0.5939358103693965
0.01 0 0.4 0.5031239262080146
0.01 0 0.41000000000000003 1.0470683428293324
0.01 0 0.42 0.8998424709679846
0.01 0 0.43 0.9038944441812445
0.01 0 0.44 0.5994392722014774
0.01 0 0.45 0.5951251635320356
0.01 0 0.46 1.0951979418678677
0.01 0 0.47000000000000003 1.0981523005039466
0.01 0 0.48 1.1125628689173424
0.01 0 0.49 1.4661069124310695
0.01 0 0.5 1.0801167941349024
0.02 0 0.0 0.17796680388430075
0.02 0 0.01 0.23767444500462878
0.02 0 0.02 0.27526228989321305
0.02 0 0.03 0.17908878264458805
0.02 0 0.04 0.2633533947296319
0.02 0 0.05 0.2198930824341031
0.02 0 0.06 0.11043070387954482
0.02 0 0.07 0.23787907934890998
0.02 0 0.08 0.1221657520189904
0.02 0 0.09 0.27316794810143036
0.02 0 0.1 0.4500975477675113
0.02 0 0.11 0.3139774046905368
0.02 0 0.12 0.31604801598071247
0.02 0 0.13 0.30935945356219074
0.02 0 0.14 0.48078257333527374
0.02 0 0.15 0.5215054753227215
0.02 0 0.16 0.2937621453323714
0.02 0 0.17 0.13297911793894052
0.02 0 0.18 0.10033676913371686
0.02 0 0.19 0.13653087707009604
0.02 0 0.2 0.3054650727143161
0.02 0 0.21 0.47575783566596774
0.02 0 0.22 0.31769792632613936
0.02 0 0.23 0.2558652106832343
0.02 0 0.24 0.16742883474238898
0.02 0 0.25 0.1573579505973092
0.02 0 0.26 0.27631528194227173
0.02 0 0.27 0.4650634104029868
0.02 0 0.28 0.3295895639407939
0.02 0 0.29 0.21101345934774146
0.02 0 0.3 0.11775655913281106
0.02 0 0.31 0.09461596603838647
0.02 0 0.32 0.18920330320154666
0.02 0 0.33 0.2080081256617143
0.02 0 0.34 0.23685123460705443
0.02 0 0.35000000000000003 0.18892087509998046
0.02 0 0.36 0.3547824530847317
0.02 0 0.37 0.6187655094991183
0.02 0 0.38 1.0061678105640892
0.02 0 0.39 1.1297369622975155
0.02 0 0.4 1.5694588436675643
0.02 0 0.41000000000000003 2.125178809263126
0.02 0 0.42 2.4458441217382365
0.02 0 0.43 3.409891773808717
0.02 0 0.44 2.2220355946049732
0.02 0 0.45 3.242302555046842
0.02 0 0.46 5.3729472747562115
0.02 0 0.47000000000000003 5.212529932056814
0.02 0 0.48 3.745963099358771
0.02 0 0.49 3.563059765568087
0.02 0 0.5 3.037167588957765
0.03 0 0.0 1.4999216645966043
0.03 0 0.01 1.5274098179413356
0.03 0 0.02 0.4253067857654701
0.03 0 0.03 0.16806742401616337
0.03 0 0.04 0.1049725364114788
0.03 0 0.05 0.1683604159480177
0.03 0 0.06 0.18883473860929323
0.03 0 0.07 0.18645992787040014
0.03 0 0.08 0.2345071104808373
0.03 0 0.09 0.23960718758338523
0.03 0 0.1 0.4853027010742305
0.03 0 0.11 0.6282618531518748
0.03 0 0.12 0.27021828426879124
0.03 0 0.13 0.2769719099192779
0.03 0 0.14 0.20088464965068978
0.03 0 0.15 0.17981327197184027
0.03 0 0.16 0.22946409398478915
0.03 0 0.17 0.17919628027198847
0.03 0 0.18 0.4516746158281605
0.03 0 0.19 0.48678389903290886
0.03 0 0.2 0.6106532310838276
0.03 0 0.21 0.6697293999076543
0.03 0 0.22 0.31736130287523695
0.03 0 0.23 1.168187558385821
0.03 0 0.24 0.68632991697202
0.03 0 0.25 0.7842556779923231
0.03 0 0.26 0.3856916442747179
0.03 0 0.27 0.2168261597316652
0.03 0 0.28 0.42598683005254206
0.03 0 0.29 0.23020661339469722
0.03 0 0.3 0.404827813717967
0.03 0 0.31 0.2574172102326248
0.03 0 0.32 0.4057872587302229
0.03 0 0.33 0.9835728324627606
0.03 0 0.34 1.675365073638777
0.03 0 0.35000000000000003 2.4725357285684626
0.03 0 0.36 2.66054967616637
0.03 0 0.37 8.003195612478603
0.03 0 0.38 7.740691201885848
0.03 0 0.39 19.9211587689081
0.03 0 0.4 28.990899903788364
0.03 0 0.41000000000000003 12.671168474106588
0.03 0 0.42 19.607003210012337
0.03 0 0.43 8.52384849519355
0.03 0 0.44 8.03464816204972
0.03 0 0.45 14.819488960229615
0.03 0 0.46 12.653525755688232
0.03 0 0.47000000000000003 9.698085184751207
0.03 0 0.48 4.231069193463492
0.03 0 0.49 1.1938206030521923
0.03 0 0.5 2.134422147599658
0.04 0 0.0 0.20419618140902798
0.04 0 0.01 0.5124768396797397
0.04 0 0.02 0.592088818647258
0.04 0 0.03 0.5551512163318743
0.04 0 0.04 0.35939309508966866
0.04 0 0.05 0.16689991774105553
0.04 0 0.06 0.13151172844367898
0.04 0 0.07 0.16782657358725214
0.04 0 0.08 0.2831717620912748
0.04 0 0.09 0.18386522486332216
0.04 0 0.1 0.24812636458539628
0.04 0 0.11 0.1401445337994182
0.04 0 0.12 0.1714186251864791
0.04 0 0.13 0.3341910326492756
0.04 0 0.14 0.4055339805838775
0.04 0 0.15 0.5026574929524439
0.04 0 0.16 0.26426515455867244
0.04 0 0.17 0.23165723943088593
0.04 0 0.18 0.43247074302693944
0.04 0 0.19 1.0721346385120771
0.04 0 0.2 0.8545943205945759
0.04 0 0.21 1.0039741239914086
0.04 0 0.22 0.28772302489760176
0.04 0 0.23 0.21288806472063634
0.04 0 0.24 0.4534022553496812
0.04 0 0.25 0.17197975054723513
0.04 0 0.26 0.2394806255542091
0.04 0 0.27 0.16745956344986992
0.04 0 0.28 0.09174848007447198
0.04 0 0.29 0.15599969069767713
0.04 0 0.3 0.11708275468705535
0.04 0 0.31 0.19647214845044514
0.04 0 0.32 0.3224544828730774
0.04 0 0.33 0.369307687697309
0.04 0 0.34 0.4132791437980988
0.04 0 0.35000000000000003 0.47295853660147347
0.04 0 0.36 0.6144242356868936
0.04 0 0.37 1.61531708173113
0.04 0 0.38 1.2793874431954517
0.04 0 0.39 0.480194515139551
0.04 0 0.4 0.42428894128547756
0.04 0 0.41000000000000003 0.34908309545011523
0.04 0 0.42 0.6607303526179532
0.04 0 0.43 1.8444958030542433
0.04 0 0.44 1.1401247033076463
0.04 0 0.45 0.9945598635663224
0.04 0 0.46 2.5588442551051216
0.04 0 0.47000000000000003 1.5743936071773277
0.04 0 0.48 4.000064296699966
0.04 0 0.49 3.4089016838643293
0.04 0 0.5 2.436771260802701
0.05 0 0.0 2.706334111119369
0.05 0 0.01 2.2022762734027252
0.05 0 0.02 1.2162545955992432
0.05 0 0.03 0.3453427764900413
0.05 0 0.04 0.3012609044874323
0.05 0 0.05 0.5017116342570533
0.05 0 0.06 1.4898893366467891
0.05 0 0.07 1.362931445731315
0.05 0 0.08 1.2513275252993186
0.05 0 0.09 1.5197362387732782
0.05 0 0.1 1.8433078690020626
0.05 0 0.11 4.646387028038535
0.05 0 0.12 3.7681572523414784
0.05 0 0.13 1.394693352671937
0.05 0 0.14 2.275340105072565
0.05 0 0.15 2.0482408340107843
0.05 0 0.16 2.7094236794922972
0.05 0 0.17 3.688497286785633
0.05 0 0.18 1.0801803710532212
0.05 0 0.19 1.1777516919585762
0.05 0 0.2 0.7915272945713622
0.05 0 0.21 0.907976821542623
0.05 0 0.22 2.013817695925288
0.05 0 0.23 1.4863555417361958
0.05 0 0.24 2.757877422329016
0.05 0 0.25 2.2418694256580465
0.05 0 0.26 1.8528294533582668
0.05 0 0.27 3.013227399085109
0.05 0 0.28 3.6828206622189814
0.05 0 0.29 1.9122976767492457
0.05 0 0.3 0.8925545700911414
0.05 0 0.31 0.6425088607980245
0.05 0 0.32 0.2832946160678417
0.05 0 0.33 1.1771756723768574
0.05 0 0.34 0.9449479336988696
0.05 0 0.35000000000000003 0.6494329985782643
0.05 0 0.36 0.8864963640580045
0.05 0 0.37 0.7705487430921705
0.05 0 0.38 2.2863036680234488
0.05 0 0.39 4.31214675456976
0.05 0 0.4 3.9720524945092124
0.05 0 0.41000000000000003 3.5957249527289665
0.05 0 0.42 3.0025329150470235
0.05 0 0.43 2.6518701818318715
0.05 0 0.44 6.435172161358203
0.05 0 0.45 6.173520765400567
0.05 0 0.46 5.5564865270344495
0.05 0 0.47000000000000003 5.113497647024643
0.05 0 0.48 1.2365922783664063
0.05 0 0.49 2.1508031068864013
0.05 0 0.5 3.210923201869417
0.06 0 0.0 1.0956296086651376
0.06 0 0.01 3.0535350396068712
0.06 0 0.02 2.4928406299792423
0.06 0 0.03 1.6436978269561897
0.06 0 0.04 2.9598536051827526
0.06 0 0.05 1.0767845068430952
0.06 0 0.06 1.9834863868260335
0.06 0 0.07 1.1249777248565598
0.06 0 0.08 0.6219251272360552
0.06 0 0.09 0.909336799176866
0.06 0 0.1 0.7202181688599488
0.06 0 0.11 1.3305009945234052
0.06 0 0.12 1.830305501570975
0.06 0 0.13 1.917898618365515
0.06 0 0.14 1.376163530020647
0.06 0 0.15 1.7596091363097373
0.06 0 0.16 0.6292049678489372
0.06 0 0.17 0.36850289267744213
0.06 0 0.18 1.2876300504350238
0.06 0 0.19 0.762183915251235
0.06 0 0.2 2.739740392117846
0.06 0 0.21 1.4023122484978066
0.06 0 0.22 0.5375374732512646
0.06 0 0.23 1.2467198294044166
0.06 0 0.24 1.6736303416936735
0.06 0 0.25 4.471732429712441
0.06 0 0.26 3.617160319562547
0.06 0 0.27 1.4444091809031225
0.06 0 0.28 1.1567517704594934
0.06 0 0.29 1.265643300429632
0.06 0 0.3 1.6910812061011675
0.06 0 0.31 4.778709264703663
0.06 0 0.32 4.5596127141959
0.06 0 0.33 5.654534961724133
0.06 0 0.34 9.527582468293243
0.06 0 0.35000000000000003 7.752999494683389
0.06 0 0.36 17.040519365200453
0.06 0 0.37 27.523035599912053
0.06 0 0.38 18.611422608212767
0.06 0 0.39 9.01813929225552
0.06 0 0.4 5.040980818613032
0.06 0 0.41000000000000003 5.723198886703571
0.06 0 0.42 12.74585281388662
0.06 0 0.43 23.910754969164874
0.06 0 0.44 10.442453693415132
0.06 0 0.45 7.870164337486635
0.06 0 0.46 4.273964185095953
0.06 0 0.47000000000000003 9.848873718491909
0.06 0 0.48 14.261755048279488
0.06 0 0.49 6.649054363086147
0.06 0 0.5 6.181499699018499
0.07 0 0.0 1.4204508792499007
0.07 0 0.01 0.6720372024346356
0.07 0 0.02 1.0505012523698347
0.07 0 0.03 0.9148334036266476
0.07 0 0.04 0.7056830413645029
0.07 0 0.05 2.0839745754735497
0.07 0 0.06 1.8368860214297087
0.07 0 0.07 2.636098168145347
0.07 0 0.08 2.7220095224177054
0.07 0 0.09 2.4417097932642142
0.07 0 0.1 2.6679167898674456
0.07 0 0.11 2.7738897299212533
0.07 0 0.12 1.6700384260866494
0.07 0 0.13 0.7992183528218277
0.07 0 0.14 0.826174429114012
0.07 0 0.15 0.8272411278485414
0.07 0 0.16 1.656155008746552
0.07 0 0.17 1.142433207596369
0.07 0 0.18 1.2130971669343023
0.07 0 0.19 1.093606124807591
0.07 0 0.2 0.6939265722657604
0.07 0 0.21 1.0165574622286722
0.07 0 0.22 1.046855802893499
0.07 0 0.23 1.204191535902198
0.07 0 0.24 2.29944959102357
0.07 0 0.25 1.4151958827583146
0.07 0 0.26 0.6346216097832458
0.07 0 0.27 0.4349482354961025
0.07 0 0.28 0.41540126870671695
0.07 0 0.29 0.6600949467788761
0.07 0 0.3 0.7431054955517657
0.07 0 0.31 0.7011719287640419
0.07 0 0.32 0.5782667228890089
0.07 0 0.33 0.6914954434016963
0.07 0 0.34 1.3805412039681864
0.07 0 0.35000000000000003 1.1566852331505157
0.07 0 0.36 1.8668363030927713
0.07 0 0.37 1.6591241063911262
0.07 0 0.38 2.2341721696085455
0.07 0 0.39 2.637331762139827
0.07 0 0.4 1.5676428257673545
0.07 0 0.41000000000000003 3.492637145631116
0.07 0 0.42 3.035321432542818
0.07 0 0.43 5.961206499415423
0.07 0 0.44 6.1977335315103845
0.07 0 0.45 4.2345453227510275
0.07 0 0.46 2.627714712661219
0.07 0 0.47000000000000003 2.015445764399994
0.07 0 0.48 1.3224495345071698
0.07 0 0.49 0.7020626786164463
0.07 0 0.5 1.3885943569210444
0.08 0 0.0 0.2981551988059886
0.08 0 0.01 0.25033671358856946
0.08 0 0.02 0.5327308372091449
0.08 0 0.03 0.8353216200145307
0.08 0 0.04 0.4173617277355655
0.08 0 0.05 0.5654110535992655
0.08 0 0.06 0.4263615427320069
0.08 0 0.07 0.5797356963006876
0.08 0 0.08 0.4643555019617416
0.08 0 0.09 0.8533378166872663
0.08 0 0.1 0.9852803916343547
0.08 0 0.11 1.5911388812075251
0.08 0 0.12 3.5975532901842358
0.08 0 0.13 1.303401207391108
0.08 0 0.14 2.0354243171573816
0.08 0 0.15 1.6354263195038659
0.08 0 0.16 1.6933357796591413
0.08 0 0.17 2.078127888492728
0.08 0 0.18 1.2283174129046162
0.08 0 0.19 1.5016808819084568
0.08 0 0.2 1.0290345317150995
0.08 0 0.21 1.2838483859947691
0.08 0 0.22 1.3103567978209696
0.08 0 0.23 1.0393613998410216
0.08 0 0.24 1.1130746792999375
0.08 0 0.25 0.6406773015715551
0.08 0 0.26 0.34046368477757144
0.08 0 0.27 0.2524791280883027
0.08 0 0.28 0.2911886066501062
0.08 0 0.29 0.31809201470150544
0.08 0 0.3 0.2790676414883972
0.08 0 0.31 0.1161314497511543
0.08 0 0.32 0.15580863700161263
0.08 0 0.33 0.12917849573197956
0.08 0 0.34 0.3410837584217236
0.08 0 0.35000000000000003 0.45065029496767733
0.08 0 0.36 0.22178895094534068
0.08 0 0.37 0.3291638411591928
0.08 0 0.38 0.23402756307435316
0.08 0 0.39 0.4287018657341356
0.08 0 0.4 0.5472536120757187
0.08 0 0.41000000000000003 1.1637578969976572
0.08 0 0.42 1.513087153881289
0.08 0 0.43 1.0694381648707227
0.08 0 0.44 0.7908562347508324
0.08 0 0.45 0.16780426587770653
0.08 0 0.46 0.21073206854349447
0.08 0 0.47000000000000003 0.16954829626277884
0.08 0 0.48 0.1918447442631119
0.08 0 0.49 0.15850494259474998
0.08 0 0.5 0.04718556430878654
0.09 0 0.0 0.6772234943736202
0.09 0 0.01 0.5330523553329164
0.09 0 0.02 0.2632615853190875
0.09 0 0.03 0.3389927454552375
0.09 0 0.04 0.17227097433642483
0.09 0 0.05 0.4031276083174755
0.09 0 0.06 1.0641131356553448
0.09 0 0.07 0.9181097936826434
0.09 0 0.08 2.067646709387462
0.09 0 0.09 1.4361448094837257
0.09 0 0.1 2.6176293621590814
0.09 0 0.11 5.101922739392139
0.09 0 0.12 4.583781184586815
0.09 0 0.13 4.060223835518887
0.09 0 0.14 2.6500442013632504
0.09 0 0.15 4.132724442868421
0.09 0 0.16 3.618811987742946
0.09 0 0.17 2.347299649314976
0.09 0 0.18 0.5622874756730822
0.09 0 0.19 0.36790365827431293
0.09 0 0.2 0.29100789648774844
0.09 0 0.21 0.28104315109956257
0.09 0 0.22 0.42093252437394185
0.09 0 0.23 0.16128564528989095
0.09 0 0.24 0.12608490834131136
0.09 0 0.25 0.1272226505006959
0.09 0 0.26 0.06648734286920158
0.09 0 0.27 0.055969792924511846
0.09 0 0.28 0.05928108843929814
0.09 0 0.29 0.03132187170931679
0.09 0 0.3 0.04922267431322177
0.09 0 0.31 0.03596808199825956
0.09 0 0.32 0.03941283623042953
0.09 0 0.33 0.10518853269507024
0.09 0 0.34 0.08903080719925432
0.09 0 0.35000000000000003 0.156682016866072
0.09 0 0.36 0.11152667657513823
0.09 0 0.37 0.05465285040424009
0.09 0 0.38 0.12232486610112324
0.09 0 0.39 0.0807733923663209
0.09 0 0.4 0.05450621910776432
0.09 0 0.41000000000000003 0.06097728209079984
0.09 0 0.42 0.02735935348912144
0.09 0 0.43 0.018637243832404466
0.09 0 0.44 0.029725905236637845
0.09 0 0.45 0.013195840694889913
0.09 0 0.46 0.019361006352352442
0.09 0 0.47000000000000003 0.030184917624698084
0.09 0 0.48 0.02017711776228003
0.09 0 0.49 0.028169498343109785
0.09 0 0.5 0.030180911770368624
0.1 0 0.0 1.3150391928553158
0.1 0 0.01 1.5349372295117558
0.1 0 0.02 2.443657775289347
0.1 0 0.03 3.3142825235130933
0.1 0 0.04 2.644438937570247
0.1 0 0.05 0.9340368082816579
0.1 0 0.06 0.7708608312366628
0.1 0 0.07 0.6636769874261934
0.1 0 0.08 0.9509946140141724
0.1 0 0.09 2.127744476096873
0.1 0 0.1 2.5179868566652117
0.1 0 0.11 2.2277666884032055
0.1 0 0.12 2.0019029748252755
0.1 0 0.13 1.3451292915837276
0.1 0 0.14 0.7666253936740584
0.1 0 0.15 1.073063167601143
0.1 0 0.16 0.3972248003951835
0.1 0 0.17 0.24882332868215612
0.1 0 0.18 0.16491032912705433
0.1 0 0.19 0.1490753906565431
0.1 0 0.2 0.3002851018474054
0.1 0 0.21 0.2644102232046385
0.1 0 0.22 0.1760886277350073
0.1 0 0.23 0.18805829893826653
0.1 0 0.24 0.1785243758969722
0.1 0 0.25 0.28711310545883817
0.1 0 0.26 0.4755326776312929
0.1 0 0.27 0.16731256670791733
0.1 0 0.28 0.23850089263630053
0.1 0 0.29 0.32333545066717195
0.1 0 0.3 0.2110271330488658
0.1 0 0.31 0.4148987776634228
0.1 0 0.32 0.18821204412689618
0.1 0 0.33 0.1557641575258578
0.1 0 0.34 0.14345146562334132
0.1 0 0.35000000000000003 0.07567791490292768
0.1 0 0.36 0.03810732469656634
0.1 0 0.37 0.02491030785563564
0.1 0 0.38 0.033042633181075844
0.1 0 0.39 0.0312994192209468
0.1 0 0.4 0.0518677099780784
0.1 0 0.41000000000000003 0.028488562501288145
0.1 0 0.42 0.056852560334164255
0.1 0 0.43 0.04969111326233931
0.1 0 0.44 0.043674571061744494
0.1 0 0.45 0.04950127385171049
0.1 0 0.46 0.017720720214116074
0.1 0 0.47000000000000003 0.036306941774974975
0.1 0 0.48 0.04529215638415315
0.1 0 0.49 0.038247408842461784
0.1 0 0.5 0.04044812334972174
0.11 0 0.0 7.074031205868999
0.11 0 0.01 2.1250470597205378
0.11 0 0.02 9.240438121808115
0.11 0 0.03 5.373881659924212
0.11 0 0.04 4.144180220911564
0.11 0 0.05 4.223770920631871
0.11 0 0.06 2.049204943387099
0.11 0 0.07 3.8633817225162255
0.11 0 0.08 3.552055808450377
0.11 0 0.09 1.3415095374512866
0.11 0 0.1 1.1359740112921026
0.11 0 0.11 0.7051456815233146
0.11 0 0.12 0.536447173642072
0.11 0 0.13 1.4124075010468788
0.11 0 0.14 0.720578708776649
0.11 0 0.15 1.0467410183781747
0.11 0 0.16 1.3550194246684508
0.11 0 0.17 0.43422663227302843
0.11 0 0.18 0.28624929539948907
0.11 0 0.19 0.15188179270870458
0.11 0 0.2 0.1356487312679638
0.11 0 0.21 0.1911258019389485
0.11 0 0.22 0.27640886334211223
0.11 0 0.23 0.14121632349546914
0.11 0 0.24 0.12676181060891725
0.11 0 0.25 0.13095853733088467
0.11 0 0.26 0.09725382772222278
0.11 0 0.27 0.3158935413979795
0.11 0 0.28 0.15018655216553228
0.11 0 0.29 0.3968136436730231
0.11 0 0.3 0.3053140609224817
0.11 0 0.31 0.14005869163870657
0.11 0 0.32 0.3898004865637999
0.11 0 0.33 0.17275751166695263
0.11 0 0.34 0.2705952028564216
0.11 0 0.35000000000000003 0.25951463180629264
0.11 0 0.36 0.0832902280704055
0.11 0 0.37 0.0788049660112535
0.11 0 0.38 0.09557499971765229
0.11 0 0.39 0.11421584759643844
0.11 0 0.4 0.14297715816933454
0.11 0 0.41000000000000003 0.14436380539981544
0.11 0 0.42 0.11865062581556629
0.11 0 0.43 0.15060443457675626
0.11 0 0.44 0.18695783031555818
0.11 0 0.45 0.155227433802973
0.11 0 0.46 0.19517610044496184
0.11 0 0.47000000000000003 0.14723572983173536
0.11 0 0.48 0.13049772530950313
0.11 0 0.49 0.13866454693795074
0.11 0 0.5 0.08744733383059332
0.12 0 0.0 8.231367134383012
0.12 0 0.01 16.342617968594954
0.12 0 0.02 15.140164326633856
0.12 0 0.03 16.619315987312508
0.12 0 0.04 3.817781851727706
0.12 0 0.05 3.1129982750157255
0.12 0 0.06 6.0176060111828304
0.12 0 0.07 7.805161803745583
0.12 0 0.08 8.047141436101208
0.12 0 0.09 4.406556587498885
0.12 0 0.1 3.1568170986596558
0.12 0 0.11 5.5938835842521275
0.12 0 0.12 10.713257855030024
0.12 0 0.13 10.129865104486063
0.12 0 0.14 6.243780597650088
0.12 0 0.15 2.1486527101264867
0.12 0 0.16 2.0272620202327243
0.12 0 0.17 2.1517502379041207
0.12 0 0.18 2.1734198151081694
0.12 0 0.19 3.140516094022165
0.12 0 0.2 4.094816991317587
0.12 0 0.21 2.5215306314641093
0.12 0 0.22 1.9644535377290997
0.12 0 0.23 1.667723962363626
0.12 0 0.24 1.0300350601337653
0.12 0 0.25 2.9080549723817453
0.12 0 0.26 2.251208441544995
0.12 0 0.27 1.4830914225785419
0.12 0 0.28 1.2349653936400484
0.12 0 0.29 1.2610871313632823
0.12 0 0.3 2.2876037011618164
0.12 0 0.31 2.817366488562048
0.12 0 0.32 2.8348301076702915
0.12 0 0.33 2.4746552001271778
0.12 0 0.34 2.341182702132007
0.12 0 0.35000000000000003 2.62647434847274
0.12 0 0.36 1.8711959411794639
0.12 0 0.37 1.3186641094483034
0.12 0 0.38 1.9916782782592093
0.12 0 0.39 3.115875736405816
0.12 0 0.4 4.224837048759936
0.12 0 0.41000000000000003 3.6721633562186047
0.12 0 0.42 1.9793945778128403
0.12 0 0.43 2.641797125131452
0.12 0 0.44 1.7119387816942657
0.12 0 0.45 3.3045355419653735
0.12 0 0.46 2.647704199597124
0.12 0 0.47000000000000003 1.8328652336779048
0.12 0 0.48 3.9039123610521567
0.12 0 0.49 1.7246133217075008
0.12 0 0.5 2.1107953771631762
0.13 0 0.0 0.4557222140500167
0.13 0 0.01 0.438032199214906
0.13 0 0.02 0.3074555292821921
0.13 0 0.03 0.5039422444912602
0.13 0 0.04 1.610176587008961
0.13 0 0.05 1.0165589871374092
0.13 0 0.06 0.8047942485936587
0.13 0 0.07 0.7585864284964302
0.13 0 0.08 0.40648602357933983
0.13 0 0.09 0.505385137727223
0.13 0 0.1 0.632592568379656
0.13 0 0.11 0.5479334835361718
0.13 0 0.12 0.7856272310497641
0.13 0 0.13 0.8463543334678209
0.13 0 0.14 1.0712333966778962
0.13 0 0.15 0.9518638961062504
0.13 0 0.16 1.8296231677878096
0.13 0 0.17 0.9397137767495686
0.13 0 0.18 0.9204720044683092
0.13 0 0.19 1.1266412164323831
0.13 0 0.2 1.530705049544422
0.13 0 0.21 4.210855414859407
0.13 0 0.22 1.8888634975675738
0.13 0 0.23 1.9233150288125966
0.13 0 0.24 0.6926738605897589
0.13 0 0.25 0.655808506476139
0.13 0 0.26 0.9800279696958867
0.13 0 0.27 0.29613535353197534
0.13 0 0.28 0.2851335619030326
0.13 0 0.29 0.13144137112883936
0.13 0 0.3 0.278098677829689
0.13 0 0.31 0.5409791085098851
0.13 0 0.32 0.8815569646137223
0.13 0 0.33 1.6748907956306271
0.13 0 0.34 0.7441753486864857
0.13 0 0.35000000000000003 1.226175627493115
0.13 0 0.36 0.9760726312747541
0.13 0 0.37 1.6226107092697655
0.13 0 0.38 2.9006689535661114
0.13 0 0.39 2.314614148173414
0.13 0 0.4 0.9736885629257519
0.13 0 0.41000000000000003 0.4103086658783209
0.13 0 0.42 0.39882535764950067
0.13 0 0.43 0.8269243084999124
0.13 0 0.44 1.1824203739060821
0.13 0 0.45 0.5944892831407792
0.13 0 0.46 0.22402206555172788
0.13 0 0.47000000000000003 0.10545707300947023
0.13 0 0.48 0.18184800383571895
0.13 0 0.49 0.37365106088665645
0.13 0 0.5 0.33927963045847714
0.14 0 0.0 0.11610107307833363
0.14 0 0.01 0.15604788791410104
0.14 0 0.02 0.08685807187566759
0.14 0 0.03 0.07236128426266848
0.14 0 0.04 0.05977451956926219
0.14 0 0.05 0.042501033568116665
0.14 0 0.06 0.07798090192192435
0.14 0 0.07 0.1831694232969611
0.14 0 0.08 0.3918771862329703
0.14 0 0.09 0.5126427768091167
0.14 0 0.1 1.3487716055284371
0.14 0 0.11 1.5770642320996215
0.14 0 0.12 3.4414185136620477
0.14 0 0.13 2.456104637840486
0.14 0 0.14 0.7619867777410039
0.14 0 0.15 0.5146892926776613
0.14 0 0.16 0.33352259317700267
0.14 0 0.17 1.0714888894399717
0.14 0 0.18 1.1578722896531897
0.14 0 0.19 0.9179157201611111
0.14 0 0.2 1.0417064491921182
0.14 0 0.21 0.4640919465751985
0.14 0 0.22 0.7589674642199281
0.14 0 0.23 0.9063911812626935
0.14 0 0.24 0.8767656197884935
0.14 0 0.25 0.7299079140618531
0.14 0 0.26 0.6230169737079609
0.14 0 0.27 0.3072829463894498
0.14 0 0.28 0.3997282627036578
0.14 0 0.29 0.9399961118762935
0.14 0 0.3 1.2001374312411874
0.14 0 0.31 1.359510518407691
0.14 0 0.32 0.4499810363529374
0.14 0 0.33 0.19053506975453444
0.14 0 0.34 0.29826993293611387
0.14 0 0.35000000000000003 0.32538725085238457
0.14 0 0.36 0.41851811679904954
0.14 0 0.37 0.36802730256686106
0.14 0 0.38 0.09711599264751863
0.14 0 0.39 0.2795677506485444
0.14 0 0.4 0.36429472158682286
0.14 0 0.41000000000000003 0.3276136468185735
0.14 0 0.42 0.6652535067240523
0.14 0 0.43 0.18056779154840588
0.14 0 0.44 0.1515925349770598
0.14 0 0.45 0.21872545315788755
0.14 0 0.46 0.2058039783214237
0.14 0 0.47000000000000003 0.4466729218867057
0.14 0 0.48 0.5928039061018439
0.14 0 0.49 0.46473476707749434
0.14 0 0.5 0.3688240553616578
0.15 0 0.0 0.03596073475359535
0.15 0 0.01 0.03470422066690355
0.15 0 0.02 0.0579375120653372
0.15 0 0.03 0.10135877217001685
0.15 0 0.04 0.20358787773726122
0.15 0 0.05 0.18355857465073075
0.15 0 0.06 0.14656211091850577
0.15 0 0.07 0.31632264436464896
0.15 0 0.08 0.45666464719880717
0.15 0 0.09 0.4339683012153223
0.15 0 0.1 0.632071340823841
0.15 0 0.11 0.5936309035746676
0.15 0 0.12 0.9028052443499405
0.15 0 0.13 2.314063407126262
0.15 0 0.14 1.5771971524801174
0.15 0 0.15 1.3664161526860013
0.15 0 0.16 1.1526090833415379
0.15 0 0.17 0.9646122137086831
0.15 0 0.18 1.1265573744489015
0.15 0 0.19 1.4025122536541246
0.15 0 0.2 1.864974954553152
0.15 0 0.21 3.2825042098930655
0.15 0 0.22 3.6352828218423334
0.15 0 0.23 1.8879333140747412
0.15 0 0.24 2.5168284237609515
0.15 0 0.25 1.0924103814140533
0.15 0 0.26 1.911031002694766
0.15 0 0.27 1.645615790866345
0.15 0 0.28 0.5776861161695419
0.15 0 0.29 0.6273243870402111
0.15 0 0.3 0.40019272567347447
0.15 0 0.31 0.3272927795579097
0.15 0 0.32 0.24040058513523585
0.15 0 0.33 0.15496504003053535
0.15 0 0.34 0.08757259914970524
0.15 0 0.35000000000000003 0.12010447866248714
0.15 0 0.36 0.13035836899706957
0.15 0 0.37 0.13513039586585884
0.15 0 0.38 0.2871333110095966
0.15 0 0.39 0.21238940484667884
0.15 0 0.4 0.5727306797558057
0.15 0 0.41000000000000003 0.3688935792980468
0.15 0 0.42 0.43682902350230446
0.15 0 0.43 1.1481250754759433
0.15 0 0.44 0.5757043796018863
0.15 0 0.45 0.8085420811876667
0.15 0 0.46 0.3833900485604703
0.15 0 0.47000000000000003 0.29662313151609393
0.15 0 0.48 0.6348106701464709
0.15 0 0.49 1.6102526211625274
0.15 0 0.5 1.295738536463939
0.16 0 0.0 0.16505083252652272
0.16 0 0.01 0.16994583722766676
0.16 0 0.02 0.09308218463326948
0.16 0 0.03 0.07833194951236125
0.16 0 0.04 0.11717231251748765
0.16 0 0.05 0.06262512821210718
0.16 0 0.06 0.14295658864031333
0.16 0 0.07 0.102861190878755
0.16 0 0.08 0.10709817423840963
0.16 0 0.09 0.34393649010220595
0.16 0 0.1 0.16942252546443196
0.16 0 0.11 1.0691740948967234
0.16 0 0.12 0.505080461267939
0.16 0 0.13 0.2803123192728206
0.16 0 0.14 0.33275575621855846
0.16 0 0.15 0.1353845600239933
0.16 0 0.16 0.7710359027156367
0.16 0 0.17 2.2681028419968445
0.16 0 0.18 2.6365092667831598
0.16 0 0.19 2.2045941357107535
0.16 0 0.2 1.7108259568913675
0.16 0 0.21 1.6664938198593344
0.16 0 0.22 2.898406195445548
0.16 0 0.23 2.9917121222691945
0.16 0 0.24 1.477129027974007
0.16 0 0.25 1.7064061600659288
0.16 0 0.26 1.2150993495598528
0.16 0 0.27 1.6172950458942779
0.16 0 0.28 2.0551659620005562
0.16 0 0.29 1.0117651408159463
0.16 0 0.3 1.390592611687983
0.16 0 0.31 0.9099542221815763
0.16 0 0.32 0.3144043523361592
0.16 0 0.33 0.38992201912563224
0.16 0 0.34 0.27671095569600723
0.16 0 0.35000000000000003 0.19735009501057565
0.16 0 0.36 0.5525372139510436
0.16 0 0.37 0.18397135647379945
0.16 0 0.38 0.29785602539627004
0.16 0 0.39 0.580334588345167
0.16 0 0.4 0.4765823626726669
0.16 0 0.41000000000000003 0.5991970092654346
0.16 0 0.42 0.21736213342418398
0.16 0 0.43 0.17803987107993863
0.16 0 0.44 0.23749352830669979
0.16 0 0.45 0.3962835591881729
0.16 0 0.46 0.5802118128347181
0.16 0 0.47000000000000003 0.5613033948132787
0.16 0 0.48 0.515368047019348
0.16 0 0.49 0.5804085617173417
0.16 0 0.5 0.8104978764119656
0.17 0 0.0 0.1949926451457261
0.17 0 0.01 0.16873745213988273
0.17 0 0.02 0.13387204880835055
0.17 0 0.03 0.229325937415716
0.17 0 0.04 0.5587699287613578
0.17 0 0.05 0.431485695966412
0.17 0 0.06 0.17284641948319412
0.17 0 0.07 0.3332336763741808
0.17 0 0.08 0.3410231987251137
0.17 0 0.09 1.1371057673696057
0.17 0 0.1 1.5790568684770099
0.17 0 0.11 0.7298419227851353
0.17 0 0.12 1.0362283388792621
0.17 0 0.13 0.6314242016583772
0.17 0 0.14 0.804958397819372
0.17 0 0.15 0.9390010404615738
0.17 0 0.16 0.37647077703089804
0.17 0 0.17 0.4407613503200833
0.17 0 0.18 0.33305378808609243
0.17 0 0.19 0.2608044648281063
0.17 0 0.2 0.458457705473612
0.17 0 0.21 0.5916232785858945
0.17 0 0.22 0.5407755397988193
0.17 0 0.23 0.5413695555056774
0.17 0 0.24 0.3933324223639769
0.17 0 0.25 0.3609092473292047
0.17 0 0.26 0.43711567192824524
0.17 0 0.27 0.6541730098360437
0.17 0 0.28 0.43331584068330586
0.17 0 0.29 0.5802654239788063
0.17 0 0.3 0.6380333033468236
0.17 0 0.31 0.5393430585504753
0.17 0 0.32 0.47021966223363076
0.17 0 0.33 0.1575009167574975
0.17 0 0.34 0.21268331346859484
0.17 0 0.35000000000000003 0.11775359205300286
0.17 0 0.36 0.17514778706808576
0.17 0 0.37 0.1344050854529877
0.17 0 0.38 0.0465032513629219
0.17 0 0.39 0.0634185674532289
0.17 0 0.4 0.045537212079817924
0.17 0 0.41000000000000003 0.07939048170386705
0.17 0 0.42 0.12039443889430614
0.17 0 0.43 0.1763906138671436
0.17 0 0.44 0.26025854378359636
0.17 0 0.45 0.16847606460929487
0.17 0 0.46 0.19424353893251017
0.17 0 0.47000000000000003 0.1822315020880355
0.17 0 0.48 0.3342788717850236
0.17 0 0.49 0.4989663968626358
0.17 0 0.5 0.3519098295044985
0.18 0 0.0 0.3432164043752826
0.18 0 0.01 0.22312810943063816
0.18 0 0.02 0.3667324119308833
0.18 0 0.03 0.38350491970216877
0.18 0 0.04 0.14589548481853376
0.18 0 0.05 0.26320283805131434
0.18 0 0.06 0.1433986035441627
0.18 0 0.07 0.38786555250679017
0.18 0 0.08 1.0825358518609611
0.18 0 0.09 0.5215596879715496
0.18 0 0.1 0.29957977656897183
0.18 0 0.11 0.09262967607945113
0.18 0 0.12 0.07233167687530369
0.18 0 0.13 0.06433913874636545
0.18 0 0.14 0.08148024790423307
0.18 0 0.15 0.060598701661086406
0.18 0 0.16 0.07319663503667266
0.18 0 0.17 0.18593240531615282
0.18 0 0.18 0.22188576368549404
0.18 0 0.19 0.3303221897261856
0.18 0 0.2 0.16829094198704125
0.18 0 0.21 0.2488730104130333
0.18 0 0.22 0.24802190829059362
0.18 0 0.23 0.24104929596265828
0.18 0 0.24 0.23556196801289336
0.18 0 0.25 0.17897148861366838
0.18 0 0.26 0.21888509453413613
0.18 0 0.27 0.38046275516597156
0.18 0 0.28 0.35483395194094586
0.18 0 0.29 0.17046120802725648
0.18 0 0.3 0.18114550711888
0.18 0 0.31 0.10053734513329456
0.18 0 0.32 0.0955566536261567
0.18 0 0.33 0.10782990584887961
0.18 0 0.34 0.10691861690253113
0.18 0 0.35000000000000003 0.19625391461875338
0.18 0 0.36 0.21277363997571935
0.18 0 0.37 0.30554137259990083
0.18 0 0.38 0.15706752109418815
0.18 0 0.39 0.23138237913215795
0.18 0 0.4 0.2855317527083201
0.18 0 0.41000000000000003 0.18033537057675014
0.18 0 0.42 0.15318867137017814
0.18 0 0.43 0.03672810026832559
0.18 0 0.44 0.04899983549557465
0.18 0 0.45 0.0473098463077147
0.18 0 0.46 0.07111614964817477
0.18 0 0.47000000000000003 0.09656655348969428
0.18 0 0.48 0.046526897721589716
0.18 0 0.49 0.03412541697018498
0.18 0 0.5 0.031375465362826115
0.19 0 0.0 0.36103379392710405
0.19 0 0.01 0.47860669593159827
0.19 0 0.02 0.3233579590501773
0.19 0 0.03 0.2961571666754092
0.19 0 0.04 0.4294679677795276
0.19 0 0.05 0.3082421022942082
0.19 0 0.06 0.37203870664587396
0.19 0 0.07 0.1483715747256078
0.19 0 0.08 0.23436671185647084
0.19 0 0.09 0.2076362641450737
0.19 0 0.1 0.20178305425599322
0.19 0 0.11 0.306685198548592
0.19 0 0.12 0.2544120383073687
0.19 0 0.13 0.30256631273283285
0.19 0 0.14 0.24492099304030898
0.19 0 0.15 0.16307930130309026
0.19 0 0.16 0.1008058255324052
0.19 0 0.17 0.07644798255590428
0.19 0 0.18 0.0751317827621343
0.19 0 0.19 0.07514801599410215
0.19 0 0.2 0.06235514368186132
0.19 0 0.21 0.13583053039393134
0.19 0 0.22 0.1235210330411134
0.19 0 0.23 0.10173531141447284
0.19 0 0.24 0.16846413219984138
0.19 0 0.25 0.11432306922441501
0.19 0 0.26 0.2791361851708214
0.19 0 0.27 0.4714553935883296
0.19 0 0.28 0.2697619029810957
0.19 0 0.29 0.2650918715087943
0.19 0 0.3 0.1908410140344817
0.19 0 0.31 0.2783628589482725
0.19 0 0.32 0.3750832493008414
0.19 0 0.33 0.4106990961584629
0.19 0 0.34 0.3705188356767026
0.19 0 0.35000000000000003 0.5431642195985316
0.19 0 0.36 0.4061579068370177
0.19 0 0.37 0.44785653132555386
0.19 0 0.38 0.46284328840216127
0.19 0 0.39 0.32667468625681667
0.19 0 0.4 0.5999096784794266
0.19 0 0.41000000000000003 0.40013999535470546
0.19 0 0.42 0.13241381480598166
0.19 0 0.43 0.12905734605181432
0.19 0 0.44 0.10481443652940124
0.19 0 0.45 0.08057371351097586
0.19 0 0.46 0.10922232245511714
0.19 0 0.47000000000000003 0.02317173854674124
0.19 0 0.48 0.022045917113543853
0.19 0 0.49 0.03335534149291033
0.19 0 0.5 0.032999730504345307
0.2 0 0.0 0.6407724871811656
0.2 0 0.01 0.341571641315827
0.2 0 0.02 0.2022262831980866
0.2 0 0.03 0.11317896771649429
0.2 0 0.04 0.09293130880429554
0.2 0 0.05 0.1510723288848792
0.2 0 0.06 0.17946839360869946
0.2 0 0.07 0.13098170115570099
0.2 0 0.08 0.3047612878220984
0.2 0 0.09 0.2683501036152217
0.2 0 0.1 0.19951009448415155
0.2 0 0.11 0.16385126405446462
0.2 0 0.12 0.08900051192094807
0.2 0 0.13 0.0692449598767948
0.2 0 0.14 0.07451409721304587
0.2 0 0.15 0.06373277090921296
0.2 0 0.16 0.05574906352783072
0.2 0 0.17 0.1036506783771713
0.2 0 0.18 0.08588491061617391
0.2 0 0.19 0.07583565614512527
0.2 0 0.2 0.05100563990182261
0.2 0 0.21 0.03499246605957643
0.2 0 0.22 0.13105879779051455
0.2 0 0.23 0.12083063450077694
0.2 0 0.24 0.2468419865166489
0.2 0 0.25 0.2440151239875982
0.2 0 0.26 0.14148756713242602
0.2 0 0.27 0.30876998343360484
0.2 0 0.28 0.22460233770893162
0.2 0 0.29 0.16140784783789375
0.2 0 0.3 0.12163431633144707
0.2 0 0.31 0.12351249249112896
0.2 0 0.32 0.09050925217623679
0.2 0 0.33 0.16050980809519838
0.2 0 0.34 0.13030932215329016
0.2 0 0.35000000000000003 0.16469010065523967
0.2 0 0.36 0.2917884540343996
0.2 0 0.37 0.2074486459139524
0.2 0 0.38 0.3115421629720808
0.2 0 0.39 0.19569478937676235
0.2 0 0.4 0.14835357736324492
0.2 0 0.41000000000000003 0.17353933943837238
0.2 0 0.42 0.09727725060016126
0.2 0 0.43 0.08645326604921773
0.2 0 0.44 0.15128798747796945
0.2 0 0.45 0.12448354329647192
0.2 0 0.46 0.09284891955188594
0.2 0 0.47000000000000003 0.1534850386165151
0.2 0 0.48 0.04687217053362923
0.2 0 0.49 0.10257190878493255
0.2 0 0.5 0.12183324286653964
0.21 0 0.0 0.2810645918670625
0.21 0 0.01 0.2569003995704739
0.21 0 0.02 0.30273124905241167
0.21 0 0.03 0.2145695843781723
0.21 0 0.04 0.21991623802479862
0.21 0 0.05 0.15131819204212496
0.21 0 0.06 0.09083856492490015
0.21 0 0.07 0.12676924419318117
0.21 0 0.08 0.16025961515917037
0.21 0 0.09 0.316165379813807
0.21 0 0.1 0.27002265219948796
0.21 0 0.11 0.15190773439176863
0.21 0 0.12 0.23453338013445685
0.21 0 0.13 0.39820845727087495
0.21 0 0.14 0.4692467758124807
0.21 0 0.15 0.7318177393195665
0.21 0 0.16 0.22841798459963222
0.21 0 0.17 0.11264293542992952
0.21 0 0.18 0.33217335095015554
0.21 0 0.19 0.14235914753516143
0.21 0 0.2 0.42465797996780724
0.21 0 0.21 0.25574442730362024
0.21 0 0.22 0.10770390093154066
0.21 0 0.23 0.13106292796084046
0.21 0 0.24 0.047872694330676174
0.21 0 0.25 0.09830626721980042
0.21 0 0.26 0.15260639842165588
0.21 0 0.27 0.20743216796543362
0.21 0 0.28 0.24005234839767578
0.21 0 0.29 0.201372323460269
0.21 0 0.3 0.21895800696966014
0.21 0 0.31 0.47602830263539053
0.21 0 0.32 1.0308312032149463
0.21 0 0.33 0.36120806849737647
0.21 0 0.34 0.36985313617576376
0.21 0 0.35000000000000003 0.21927793418241878
0.21 0 0.36 0.15644724272665808
0.21 0 0.37 0.4244118816271263
0.21 0 0.38 0.15793410736581148
0.21 0 0.39 0.15785232495912593
0.21 0 0.4 0.28365940645468735
0.21 0 0.41000000000000003 0.33992033054543713
0.21 0 0.42 0.7510217292218728
0.21 0 0.43 0.4977174179998115
0.21 0 0.44 0.2706608582129353
0.21 0 0.45 0.3180090094227503
0.21 0 0.46 0.14584383458232433
0.21 0 0.47000000000000003 0.2561594140686624
0.21 0 0.48 0.21874465699561846
0.21 0 0.49 0.23680265364090164
0.21 0 0.5 0.4800191127388421
0.22 0 0.0 0.31578313832121896
0.22 0 0.01 0.1567216663069616
0.22 0 0.02 0.10068847814108682
0.22 0 0.03 0.06200444487352922
0.22 0 0.04 0.06548311292283909
0.22 0 0.05 0.27208631281179824
0.22 0 0.06 0.261166205160598
0.22 0 0.07 0.2815860380278806
0.22 0 0.08 0.3345760510824858
0.22 0 0.09 0.19875236614155634
0.22 0 0.1 0.20273332289964988
0.22 0 0.11 0.17372993556871424
0.22 0 0.12 0.10696267836936149
0.22 0 0.13 0.15501381759997337
0.22 0 0.14 0.11477745720444861
0.22 0 0.15 0.06975752246892857
0.22 0 0.16 0.10833319994106957
0.22 0 0.17 0.047213561476483284
0.22 0 0.18 0.08482287169945507
0.22 0 0.19 0.06747095294503104
0.22 0 0.2 0.02321321075119433
0.22 0 0.21 0.042491682609123185
0.22 0 0.22 0.058086159926441006
0.22 0 0.23 0.14607758800756065
0.22 0 0.24 0.3784288996256447
0.22 0 0.25 0.39002682436204067
0.22 0 0.26 0.5878436008987507
0.22 0 0.27 0.9023234697199928
0.22 0 0.28 1.1124521676580348
0.22 0 0.29 0.9739680986120963
0.22 0 0.3 0.6005358039393024
0.22 0 0.31 0.45710913972491485
0.22 0 0.32 0.7207896869940031
0.22 0 0.33 0.5585564364643305
0.22 0 0.34 0.7080797877742725
0.22 0 0.35000000000000003 0.6288376947846318
0.22 0 0.36 0.5506637124629682
0.22 0 0.37 0.6590469176558021
0.22 0 0.38 1.0963208718758979
0.22 0 0.39 1.3630344787271156
0.22 0 0.4 1.5898194959510719
0.22 0 0.41000000000000003 2.599813467476024
0.22 0 0.42 0.753770342772287
0.22 0 0.43 1.1854836670455566
0.22 0 0.44 1.4764325407542307
0.22 0 0.45 2.8098469044116947
0.22 0 0.46 4.670849519136387
0.22 0 0.47000000000000003 1.4591067753154652
0.22 0 0.48 1.3065603340945444
0.22 0 0.49 0.7983830181561943
0.22 0 0.5 2.755641880081194
0.23 0 0.0 0.17412806618647325
0.23 0 0.01 0.2608967406269625
0.23 0 0.02 0.11674117939354757
0.23 0 0.03 0.09403357404625852
0.23 0 0.04 0.03856739482353683
0.23 0 0.05 0.03665483810897289
0.23 0 0.06 0.048957060653934056
0.23 0 0.07 0.03693175096434497
0.23 0 0.08 0.029408539959183633
0.23 0 0.09 0.05084050789002332
0.23 0 0.1 0.05186439955088017
0.23 0 0.11 0.08894210838291548
0.23 0 0.12 0.20913694014161663
0.23 0 0.13 0.1407007790871554
0.23 0 0.14 0.18698394907120383
0.23 0 0.15 0.08660112253516981
0.23 0 0.16 0.061187113106962086
0.23 0 0.17 0.10165244055445134
0.23 0 0.18 0.13041246611630528
0.23 0 0.19 0.3063608791185668
0.23 0 0.2 0.16110190903034569
0.23 0 0.21 0.13420622275373986
0.23 0 0.22 0.12546496596780607
0.23 0 0.23 0.22131102732850105
0.23 0 0.24 0.3162820637990076
0.23 0 0.25 0.3278575862406791
0.23 0 0.26 0.43456493669747026
0.23 0 0.27 0.18345896627927888
0.23 0 0.28 0.449443551813835
0.23 0 0.29 0.3667141234893962
0.23 0 0.3 0.5191962976164939
0.23 0 0.31 1.025037382134444
0.23 0 0.32 0.8116675824693665
0.23 0 0.33 0.5548683431528474
0.23 0 0.34 0.30270852626770073
0.23 0 0.35000000000000003 0.38515257948961934
0.23 0 0.36 0.4854459348562808
0.23 0 0.37 0.9519195771814282
0.23 0 0.38 0.8224663402108032
0.23 0 0.39 0.3976945792169554
0.23 0 0.4 0.47780227238964457
0.23 0 0.41000000000000003 0.5729179254356375
0.23 0 0.42 0.9652929408178259
0.23 0 0.43 0.755916341900753
0.23 0 0.44 0.4682013367973661
0.23 0 0.45 0.3200753424392045
0.23 0 0.46 0.30139245479175586
0.23 0 0.47000000000000003 0.3947878121021939
0.23 0 0.48 0.8778823564191803
0.23 0 0.49 1.540742940674326
0.23 0 0.5 1.7819693191561539
0.24 0 0.0 0.31628911483980154
0.24 0 0.01 0.20290405594644956
0.24 0 0.02 0.06217202638984378
0.24 0 0.03 0.06421318655634428
0.24 0 0.04 0.11857961166836728
0.24 0 0.05 0.13544787085167478
0.24 0 0.06 0.12680208021259332
0.24 0 0.07 0.039117616114319506
0.24 0 0.08 0.0391829321728782
0.24 0 0.09 0.04945462612612037
0.24 0 0.1 0.08477079076212783
0.24 0 0.11 0.053192590516845634
0.24 0 0.12 0.025213557186595018
0.24 0 0.13 0.048754269532794346
0.24 0 0.14 0.06382966925280757
0.24 0 0.15 0.33111744570676416
0.24 0 0.16 0.3269630981732566
0.24 0 0.17 0.23147212701208897
0.24 0 0.18 0.16346112784236194
0.24 0 0.19 0.11867824835210487
0.24 0 0.2 0.1768420992434821
0.24 0 0.21 0.15711897592059795
0.24 0 0.22 0.35361210488423367
0.24 0 0.23 0.4801975302056595
0.24 0 0.24 0.3783976010699366
0.24 0 0.25 0.7036499768147013
0.24 0 0.26 0.692827885253465
0.24 0 0.27 1.299698662079227
0.24 0 0.28 3.6331881668710517
0.24 0 0.29 2.464314835821428
0.24 0 0.3 3.137429171294932
0.24 0 0.31 3.162296616501614
0.24 0 0.32 4.672050244369958
0.24 0 0.33 7.83789064380171
0.24 0 0.34 3.985544699947671
0.24 0 0.35000000000000003 3.961659066001847
0.24 0 0.36 2.9822882908429795
0.24 0 0.37 3.1936710502000523
0.24 0 0.38 4.5089573423028835
0.24 0 0.39 2.7028087346276095
0.24 0 0.4 2.0290151498477065
0.24 0 0.41000000000000003 1.920971389859927
0.24 0 0.42 3.2202179467930114
0.24 0 0.43 2.0803488161030903
0.24 0 0.44 3.626427481090572
0.24 0 0.45 1.7699728722370363
0.24 0 0.46 0.9413700022526431
0.24 0 0.47000000000000003 0.9976675096213087
0.24 0 0.48 0.45382827631353295
0.24 0 0.49 1.0120699406824674
0.24 0 0.5 1.071436539043107
0.25 0 0.0 0.3105117839265252
0.25 0 0.01 0.4736541332209909
0.25 0 0.02 0.5492332624207283
0.25 0 0.03 0.4227800265057015
0.25 0 0.04 0.39729901357765574
0.25 0 0.05 0.17918597862957358
0.25 0 0.06 0.2568953347465427
0.25 0 0.07 0.19409586946224539
0.25 0 0.08 0.10732989141132641
0.25 0 0.09 0.1319771589608139
0.25 0 0.1 0.10119081461922314
0.25 0 0.11 0.12539786888065504
0.25 0 0.12 0.21897534454088968
0.25 0 0.13 0.30562317672506206
0.25 0 0.14 0.2285800853199337
0.25 0 0.15 0.20408759701395646
0.25 0 0.16 0.11734587344724608
0.25 0 0.17 0.2075112259721301
0.25 0 0.18 0.39782943811136345
0.25 0 0.19 0.5553442801526454
0.25 0 0.2 0.4762598997610919
0.25 0 0.21 0.1848132053682186
0.25 0 0.22 0.20325665311386196
0.25 0 0.23 0.40843652646355144
0.25 0 0.24 0.5341346574800028
0.25 0 0.25 0.5409365031715214
0.25 0 0.26 0.6252188194962299
0.25 0 0.27 0.36647667757549635
0.25 0 0.28 0.7628506986994045
0.25 0 0.29 1.611533217577134
0.25 0 0.3 0.5476356991989633
0.25 0 0.31 1.2635540867548207
0.25 0 0.32 0.4112404865203068
0.25 0 0.33 0.34583984090650743
0.25 0 0.34 0.564668055382856
0.25 0 0.35000000000000003 0.3388650130482755
0.25 0 0.36 1.3955456454037436
0.25 0 0.37 1.166253047690761
0.25 0 0.38 1.4700994054284873
0.25 0 0.39 1.6956520100240475
0.25 0 0.4 2.5934719524961505
0.25 0 0.41000000000000003 4.733454893861983
0.25 0 0.42 5.0293607009582955
0.25 0 0.43 1.3944662480558545
0.25 0 0.44 0.20635534573699435
0.25 0 0.45 0.2633076438966368
0.25 0 0.46 0.2634288557200746
0.25 0 0.47000000000000003 0.6029160926565699
0.25 0 0.48 1.1195607891070187
0.25 0 0.49 0.30562655834787616
0.25 0 0.5 0.459613415371598
0.26 0 0.0 0.28875827330934556
0.26 0 0.01 0.10731538257533284
0.26 0 0.02 0.2224246067483045
0.26 0 0.03 0.08808034587893966
0.26 0 0.04 0.1545574615377134
0.26 0 0.05 0.2008784683059088
0.26 0 0.06 0.12042592428710075
0.26 0 0.07 0.11377356140665612
0.26 0 0.08 0.0342988586265896
0.26 0 0.09 0.05629892339782136
0.26 0 0.1 0.09341146675415363
0.26 0 0.11 0.1458820770301227
0.26 0 0.12 0.11420893520596768
0.26 0 0.13 0.14681363947306628
0.26 0 0.14 0.2805412469600381
0.26 0 0.15 0.30316261364021185
0.26 0 0.16 1.0002634661759708
0.26 0 0.17 0.301764656427516
0.26 0 0.18 0.18698545716926038
0.26 0 0.19 0.21122196803835258
0.26 0 0.2 0.08440438183627952
0.26 0 0.21 0.15419897027111773
0.26 0 0.22 0.13438354460148896
0.26 0 0.23 0.12007666738979086
0.26 0 0.24 0.14044588763239627
0.26 0 0.25 0.07640167151287537
0.26 0 0.26 0.05276489053888659
0.26 0 0.27 0.07882133740812097
0.26 0 0.28 0.05988016156896954
0.26 0 0.29 0.12723167847846611
0.26 0 0.3 0.11956428424524304
0.26 0 0.31 0.09269405267128361
0.26 0 0.32 0.19271784413069468
0.26 0 0.33 0.1882025588704496
0.26 0 0.34 0.16633731053082423
0.26 0 0.35000000000000003 0.164480341380512
0.26 0 0.36 0.12858773490805292
0.26 0 0.37 0.0930811459926943
0.26 0 0.38 0.12247841652460095
0.26 0 0.39 0.07629318920430918
0.26 0 0.4 0.05598505125764944
0.26 0 0.41000000000000003 0.08531833259059986
0.26 0 0.42 0.06211867032157356
0.26 0 0.43 0.13330391718811685
0.26 0 0.44 0.1462005449004552
0.26 0 0.45 0.18849187433876394
0.26 0 0.46 0.3746377792329255
0.26 0 0.47000000000000003 0.16677187631295545
0.26 0 0.48 0.21751419663401747
0.26 0 0.49 0.2799263732214129
0.26 0 0.5 0.26003609511593057
0.27 0 0.0 0.09499338183229963
0.27 0 0.01 0.13252726067114065
0.27 0 0.02 0.09887749032592483
0.27 0 0.03 0.2878830335404948
0.27 0 0.04 0.11656102481163881
0.27 0 0.05 0.09814895824864878
0.27 0 0.06 0.12844416133267136
0.27 0 0.07 0.07954845302862186
0.27 0 0.08 0.15516686504950364
0.27 0 0.09 0.2470534991740876
0.27 0 0.1 0.3116267306541933
0.27 0 0.11 0.2581738836180543
0.27 0 0.12 0.12759518178749624
0.27 0 0.13 0.06618553482697917
0.27 0 0.14 0.090809820248647
0.27 0 0.15 0.06649594885506042
0.27 0 0.16 0.06383976849039613
0.27 0 0.17 0.06975974344097756
0.27 0 0.18 0.04939886757514127
0.27 0 0.19 0.08604346638721118
0.27 0 0.2 0.1524966093064221
0.27 0 0.21 0.07722724113583133
0.27 0 0.22 0.13796135105583465
0.27 0 0.23 0.16387469543667516
0.27 0 0.24 0.08623787892435572
0.27 0 0.25 0.172593442928275
0.27 0 0.26 0.0646678577236431
0.27 0 0.27 0.1402758147069919
0.27 0 0.28 0.32489178818832554
0.27 0 0.29 0.23053813583631697
0.27 0 0.3 0.27784271790628856
0.27 0 0.31 0.07357375325041138
0.27 0 0.32 0.07074866277766154
0.27 0 0.33 0.11238145692422788
0.27 0 0.34 0.08993979404385687
0.27 0 0.35000000000000003 0.0827775964615022
0.27 0 0.36 0.07543910185131779
0.27 0 0.37 0.0872531849245532
0.27 0 0.38 0.1212766919326311
0.27 0 0.39 0.3525919233913728
0.27 0 0.4 0.24066524722410873
0.27 0 0.41000000000000003 0.4043954195943217
0.27 0 0.42 0.38575888128462915
0.27 0 0.43 0.1842284340497848
0.27 0 0.44 0.11609083929245494
0.27 0 0.45 0.07088429813265842
0.27 0 0.46 0.09373222769880402
0.27 0 0.47000000000000003 0.10637789484910126
0.27 0 0.48 0.11598745036704974
0.27 0 0.49 0.056066127804659305
0.27 0 0.5 0.03526822464175853
0.28 0 0.0 0.2718205333343878
0.28 0 0.01 0.44076913522104094
0.28 0 0.02 0.28824861667472756
0.28 0 0.03 0.2176008852778394
0.28 0 0.04 0.1933721438940209
0.28 0 0.05 0.1885780057632221
0.28 0 0.06 0.14318270222183507
0.28 0 0.07 0.18819107911893937
0.28 0 0.08 0.08606503948077616
0.28 0 0.09 0.059299329294941486
0.28 0 0.1 0.12700634320800666
0.28 0 0.11 0.051934365175162825
0.28 0 0.12 0.08834914193902965
0.28 0 0.13 0.06702879038041923
0.28 0 0.14 0.08986612127126756
0.28 0 0.15 0.14559700838118905
0.28 0 0.16 0.09233135056952227
0.28 0 0.17 0.05722503552435656
0.28 0 0.18 0.0295182170978029
0.28 0 0.19 0.044814039773839145
0.28 0 0.2 0.07684049488611538
0.28 0 0.21 0.1623448397269851
0.28 0 0.22 0.13919144935858968
0.28 0 0.23 0.1312820971413502
0.28 0 0.24 0.16432864172065653
0.28 0 0.25 0.12320231880251803
0.28 0 0.26 0.37259846575542377
0.28 0 0.27 0.4480520504979217
0.28 0 0.28 0.6011734840488708
0.28 0 0.29 0.5239889374277809
0.28 0 0.3 0.3350036121886971
0.28 0 0.31 0.27380054439656554
0.28 0 0.32 0.32733663273829483
0.28 0 0.33 0.5595106367386861
0.28 0 0.34 0.2592341221099316
0.28 0 0.35000000000000003 0.2147398166846618
0.28 0 0.36 0.1602918326104846
0.28 0 0.37 0.24314374715271697
0.28 0 0.38 0.4452739005265752
0.28 0 0.39 0.62720709536944
0.28 0 0.4 0.5642489756569813
0.28 0 0.41000000000000003 0.5299628867090591
0.28 0 0.42 0.5362880828320082
0.28 0 0.43 0.34111719873144625
0.28 0 0.44 0.1928328278434037
0.28 0 0.45 0.10666210779002784
0.28 0 0.46 0.11326149970336236
0.28 0 0.47000000000000003 0.0744131951019831
0.28 0 0.48 0.04052055421094189
0.28 0 0.49 0.037208794199086744
0.28 0 0.5 0.028181770124900633
0.29 0 0.0 0.13259866572344817
0.29 0 0.01 0.16262346086458515
0.29 0 0.02 0.38615183311937235
0.29 0 0.03 0.17633961396332318
0.29 0 0.04 0.09502609875881957
0.29 0 0.05 0.05137672214245174
0.29 0 0.06 0.044912023801828356
0.29 0 0.07 0.06677497347810926
0.29 0 0.08 0.06491655232467042
0.29 0 0.09 0.04277809273405902
0.29 0 0.1 0.03594164707972271
0.29 0 0.11 0.028832941017628642
0.29 0 0.12 0.023305931960663284
0.29 0 0.13 0.025681885806446383
0.29 0 0.14 0.027969591382461582
0.29 0 0.15 0.02298400844139154
0.29 0 0.16 0.01828340410487044
0.29 0 0.17 0.024735033539449322
0.29 0 0.18 0.03352834772163161
0.29 0 0.19 0.07941370543572339
0.29 0 0.2 0.08610888058068267
0.29 0 0.21 0.0319497242207246
0.29 0 0.22 0.01680850459243352
0.29 0 0.23 0.012224271377495252
0.29 0 0.24 0.04784582670457501
0.29 0 0.25 0.06993149728625073
0.29 0 0.26 0.12713666115920483
0.29 0 0.27 0.1296141070398556
0.29 0 0.28 0.11607249551522836
0.29 0 0.29 0.3033520033392624
0.29 0 0.3 0.3754754475805147
0.29 0 0.31 0.4041484837292594
0.29 0 0.32 0.32759563160282534
0.29 0 0.33 0.26223280439960955
0.29 0 0.34 0.270315824426689
0.29 0 0.35000000000000003 0.2092160079949151
0.29 0 0.36 0.29429810406587614
0.29 0 0.37 0.48087763968073144
0.29 0 0.38 0.4107053088312509
0.29 0 0.39 0.6331677056444659
0.29 0 0.4 0.3237511054576173
0.29 0 0.41000000000000003 0.1360644647712107
0.29 0 0.42 0.14705496102142143
0.29 0 0.43 0.06125863791105457
0.29 0 0.44 0.0614672256277403
0.29 0 0.45 0.07512985507988248
0.29 0 0.46 0.10004487344059648
0.29 0 0.47000000000000003 0.1538070240543407
0.29 0 0.48 0.11563120284942861
0.29 0 0.49 0.11317409192742725
0.29 0 0.5 0.07676439628483032
0.3 0 0.0 0.5831038822114429
0.3 0 0.01 0.798430292078302
0.3 0 0.02 0.6415071875290073
0.3 0 0.03 0.3995258567581104
0.3 0 0.04 0.19512090781582891
0.3 0 0.05 0.15430772094643802
0.3 0 0.06 0.10579014388476218
0.3 0 0.07 0.06521242266023876
0.3 0 0.08 0.03775019019509825
0.3 0 0.09 0.012438644111347371
0.3 0 0.1 0.018228366620841124
0.3 0 0.11 0.023959474054781358
0.3 0 0.12 0.017188917071302778
0.3 0 0.13 0.03302247155004182
0.3 0 0.14 0.02058201978273455
0.3 0 0.15 0.059875612650353245
0.3 0 0.16 0.07527818699034071
0.3 0 0.17 0.06792274278992459
0.3 0 0.18 0.08923300039274015
0.3 0 0.19 0.052361565763131904
0.3 0 0.2 0.11422521015834865
0.3 0 0.21 0.11537875866935682
0.3 0 0.22 0.11374510591106593
0.3 0 0.23 0.08244099404882452
0.3 0 0.24 0.11815371167007295
0.3 0 0.25 0.09346032934157221
0.3 0 0.26 0.11707930213754457
0.3 0 0.27 0.362058743983925
0.3 0 0.28 0.27179306015647114
0.3 0 0.29 0.723324166690146
0.3 0 0.3 0.7523365876108608
0.3 0 0.31 0.35258011882368284
0.3 0 0.32 0.7547707997691584
0.3 0 0.33 0.6384027062788183
0.3 0 0.34 0.5275516253205579
0.3 0 0.35000000000000003 0.4466499377325339
0.3 0 0.36 0.21230702798497475
0.3 0 0.37 0.2968056482042659
0.3 0 0.38 0.716399756363834
0.3 0 0.39 0.38518374844996534
0.3 0 0.4 0.6159576976910484
0.3 0 0.41000000000000003 0.26169995248726297
0.3 0 0.42 0.3117776357931004
0.3 0 0.43 1.3994225704487884
0.3 0 0.44 0.7887291181045649
0.3 0 0.45 1.1491855201069028
0.3 0 0.46 0.5549423694681151
0.3 0 0.47000000000000003 0.31723096735636913
0.3 0 0.48 0.34923823127647163
0.3 0 0.49 0.5335396211449497
0.3 0 0.5 0.6856655190727159
#STOP
