#MEDIUM_PROPERTIES_DISTRIBUTED
$MSH_TYPE
	 GROUNDWATER_FLOW	
$MMP_TYPE
	 PERMEABILITY	
$DIS_TYPE
	 NEAREST_VALUE	
;hj
$CONVERSION_FACTOR
2e-8;2e-6;2e-13
$DATA
0.0 0 0.0 0.0694803534021074
0.0 0 0.01 0.017109603363700352
0.0 0 0.02 0.03710302985798178
0.0 0 0.03 0.0591179829491568
0.0 0 0.04 0.08244664084057032
0.0 0 0.05 0.047295308511394976
0.0 0 0.06 0.1458351017675261
0.0 0 0.07 0.2264147539303117
0.0 0 0.08 0.17936822209324307
0.0 0 0.09 0.8845189177498027
0.0 0 0.1 4.9928895579419414
0.0 0 0.11 6.037696799505091
0.0 0 0.12 10.912573234089853
0.0 0 0.13 8.210189666189654
0.0 0 0.14 3.534263589846951
0.0 0 0.15 5.803710439206971
0.0 0 0.16 35.31717557282399
0.0 0 0.17 131.0700111675774
0.0 0 0.18 12.501233648389155
0.0 0 0.19 4.334529694667268
0.0 0 0.2 2.138397001048618
0.0 0 0.21 2.1673680984397405
0.0 0 0.22 2.028014045762524
0.0 0 0.23 2.6118578095793086
0.0 0 0.24 1.4180112662553257
0.0 0 0.25 0.8967558631929262
0.0 0 0.26 0.9240343525088717
0.0 0 0.27 1.1063184317726786
0.0 0 0.28 2.491884497682184
0.0 0 0.29 1.9249386757588376
0.0 0 0.3 2.059530053672874
0.0 0 0.31 4.2119156937600355
0.0 0 0.32 2.4061364221773913
0.0 0 0.33 9.894287424490189
0.0 0 0.34 3.732467542251838
0.0 0 0.35000000000000003 6.013114309240359
0.0 0 0.36 8.57638036976326
0.0 0 0.37 14.579732498404677
0.0 0 0.38 4.207322550708191
0.0 0 0.39 3.658999885296511
0.0 0 0.4 4.932011639087112
0.0 0 0.41000000000000003 0.7423212771524995
0.0 0 0.42 0.10511198059408706
0.0 0 0.43 0.03404999992740783
0.0 0 0.44 0.12542029485687212
0.0 0 0.45 0.022091109075839326
0.0 0 0.46 0.006401062541448756
0.0 0 0.47000000000000003 0.010992744773025443
0.0 0 0.48 0.00627602889552072
0.0 0 0.49 0.007417243532508204
0.0 0 0.5 0.007469261344677956
0.01 0 0.0 0.020485074501813888
0.01 0 0.01 0.03469780281243715
0.01 0 0.02 0.03919907553927052
0.01 0 0.03 0.024885474982084356
0.01 0 0.04 0.05447681118394814
0.01 0 0.05 0.13323099962660123
0.01 0 0.06 1.3835773119554635
0.01 0 0.07 6.551531226756733
0.01 0 0.08 3.4088436710786496
0.01 0 0.09 3.058160700641341
0.01 0 0.1 2.089973800250142
0.01 0 0.11 6.309353355088708
0.01 0 0.12 2.4466077294736293
0.01 0 0.13 10.578442068983701
0.01 0 0.14 7.933479293465063
0.01 0 0.15 13.257809608100208
0.01 0 0.16 6.7292549101152055
0.01 0 0.17 1.7093462385057034
0.01 0 0.18 0.3138971476016675
0.01 0 0.19 1.4688127290196156
0.01 0 0.2 0.9527890082424698
0.01 0 0.21 0.10233235661018546
0.01 0 0.22 0.15945629076542372
0.01 0 0.23 0.44978978413859677
0.01 0 0.24 0.16096280866017124
0.01 0 0.25 0.3326259952218695
0.01 0 0.26 0.20862118162801696
0.01 0 0.27 0.1421861490482095
0.01 0 0.28 0.03298917434888449
0.01 0 0.29 0.01612969679911919
0.01 0 0.3 0.05730332230126252
0.01 0 0.31 0.03897249171809557
0.01 0 0.32 0.026300511684808434
0.01 0 0.33 0.017010590103915136
0.01 0 0.34 0.24728113782440808
0.01 0 0.35000000000000003 0.11767133845453638
0.01 0 0.36 2.3114927883487337
0.01 0 0.37 7.005307798416304
0.01 0 0.38 8.655006569368553
0.01 0 0.39 1.2131576696133244
0.01 0 0.4 5.3214652999952285
0.01 0 0.41000000000000003 12.389052849072783
0.01 0 0.42 2.2740405611070824
0.01 0 0.43 3.658138646791697
0.01 0 0.44 1.9234693972934944
0.01 0 0.45 0.25769689782877475
0.01 0 0.46 0.22883934002138545
0.01 0 0.47000000000000003 0.990807254076978
0.01 0 0.48 1.0327311985749454
0.01 0 0.49 0.16339035282797637
0.01 0 0.5 0.08740580269898077
0.02 0 0.0 0.021021289287611437
0.02 0 0.01 0.01260284441293645
0.02 0 0.02 0.017943097723919915
0.02 0 0.03 0.21708787375706515
0.02 0 0.04 0.3008189378247948
0.02 0 0.05 0.886213501727671
0.02 0 0.06 1.282681416986861
0.02 0 0.07 0.6221269482922198
0.02 0 0.08 0.31702068168435493
0.02 0 0.09 0.23022716245789168
0.02 0 0.1 0.50916802417144
0.02 0 0.11 0.1689565489018033
0.02 0 0.12 0.09941436094326427
0.02 0 0.13 0.031087361220484045
0.02 0 0.14 0.0735583149155382
0.02 0 0.15 0.030666915975984303
0.02 0 0.16 0.03895480948048737
0.02 0 0.17 0.013057001386766286
0.02 0 0.18 0.0031070216277089744
0.02 0 0.19 0.010858439970095484
0.02 0 0.2 0.029795548905166638
0.02 0 0.21 0.053702241068492834
0.02 0 0.22 0.11222923354043045
0.02 0 0.23 0.13142546440653588
0.02 0 0.24 0.1299157487857478
0.02 0 0.25 0.0921331902870158
0.02 0 0.26 0.36889797314138273
0.02 0 0.27 0.22353337925565195
0.02 0 0.28 0.10233660529768747
0.02 0 0.29 0.02730167564174832
0.02 0 0.3 0.08145046913656223
0.02 0 0.31 0.06983366376100228
0.02 0 0.32 0.10450516519515095
0.02 0 0.33 1.0605277627073637
0.02 0 0.34 1.9186139310423893
0.02 0 0.35000000000000003 1.037296185218702
0.02 0 0.36 0.14549703385291943
0.02 0 0.37 0.4546734152415876
0.02 0 0.38 0.9061079312516813
0.02 0 0.39 0.9588560446955818
0.02 0 0.4 7.11278963375024
0.02 0 0.41000000000000003 10.712178022726777
0.02 0 0.42 1.8444693281947466
0.02 0 0.43 1.2798867136098906
0.02 0 0.44 11.882452254525026
0.02 0 0.45 6.9920455347880495
0.02 0 0.46 2.538765923762977
0.02 0 0.47000000000000003 1.7450417323444338
0.02 0 0.48 0.5179071078766688
0.02 0 0.49 0.34463359221185796
0.02 0 0.5 0.04831644028832521
0.03 0 0.0 0.031652084093184596
0.03 0 0.01 0.004743561378902962
0.03 0 0.02 0.006459082949885768
0.03 0 0.03 0.02967682648481253
0.03 0 0.04 0.047140681681745074
0.03 0 0.05 0.003718268984007195
0.03 0 0.06 0.032558136552500755
0.03 0 0.07 0.03584978703533838
0.03 0 0.08 0.019006930416599045
0.03 0 0.09 0.007846247480737104
0.03 0 0.1 0.03951722136465964
0.03 0 0.11 0.026948912413063752
0.03 0 0.12 0.011065214596486454
0.03 0 0.13 0.030516344270024785
0.03 0 0.14 0.06399262998765988
0.03 0 0.15 0.03999210784740712
0.03 0 0.16 0.055086847327037766
0.03 0 0.17 0.05158572237829045
0.03 0 0.18 0.196118123581226
0.03 0 0.19 0.07173578297767678
0.03 0 0.2 0.014856154215373958
0.03 0 0.21 0.009084804389919574
0.03 0 0.22 0.02863516616201097
0.03 0 0.23 0.11236474037234856
0.03 0 0.24 0.7189727655426124
0.03 0 0.25 1.9407826659307772
0.03 0 0.26 0.2727692876646833
0.03 0 0.27 0.7114512042571087
0.03 0 0.28 0.08211876208649023
0.03 0 0.29 0.1547435663883894
0.03 0 0.3 0.23686613970011786
0.03 0 0.31 0.3380990619040098
0.03 0 0.32 0.02309256704915786
0.03 0 0.33 0.017590492999097592
0.03 0 0.34 0.0548410099949064
0.03 0 0.35000000000000003 0.19443768460244357
0.03 0 0.36 0.3534094861323631
0.03 0 0.37 0.8019893043274898
0.03 0 0.38 1.1475427736919073
0.03 0 0.39 1.0559732788931462
0.03 0 0.4 0.8610710158595482
0.03 0 0.41000000000000003 1.1214592374708228
0.03 0 0.42 1.0606522274318186
0.03 0 0.43 2.1841176303117287
0.03 0 0.44 0.9330267278211769
0.03 0 0.45 0.786035486265083
0.03 0 0.46 0.635135547552901
0.03 0 0.47000000000000003 0.2029350462627026
0.03 0 0.48 0.4301728836472655
0.03 0 0.49 0.1279156945712984
0.03 0 0.5 0.1043057947237853
0.04 0 0.0 0.011772360999430775
0.04 0 0.01 0.006883976334501092
0.04 0 0.02 0.00452072890460912
0.04 0 0.03 0.03721821960847858
0.04 0 0.04 0.0229879596615169
0.04 0 0.05 0.021476677724797343
0.04 0 0.06 0.007126093182789812
0.04 0 0.07 0.019417932663349294
0.04 0 0.08 0.0013751120386305022
0.04 0 0.09 0.0006694567164294747
0.04 0 0.1 0.0024351668173553213
0.04 0 0.11 0.0015514447957634169
0.04 0 0.12 0.000397413712633414
0.04 0 0.13 0.002238922265578982
0.04 0 0.14 0.013987235406242542
0.04 0 0.15 0.012805034408295906
0.04 0 0.16 0.013429149754266278
0.04 0 0.17 0.02669058999305295
0.04 0 0.18 0.03962200135606812
0.04 0 0.19 0.07128890464399483
0.04 0 0.2 0.06166753025936086
0.04 0 0.21 1.0821194840312955
0.04 0 0.22 3.4226948697646393
0.04 0 0.23 5.786383077729355
0.04 0 0.24 23.184107995179158
0.04 0 0.25 26.186619552607624
0.04 0 0.26 7.7019325928126205
0.04 0 0.27 2.4697298981693265
0.04 0 0.28 3.2533575547180345
0.04 0 0.29 1.2497474663303458
0.04 0 0.3 0.7954607872504984
0.04 0 0.31 0.6153861485580788
0.04 0 0.32 0.5624942800532299
0.04 0 0.33 1.0372801031645806
0.04 0 0.34 1.9249818916870192
0.04 0 0.35000000000000003 0.7884878145008919
0.04 0 0.36 0.188699243884965
0.04 0 0.37 0.8822132166464494
0.04 0 0.38 2.252626504135548
0.04 0 0.39 1.634064271742026
0.04 0 0.4 3.4823590382351184
0.04 0 0.41000000000000003 3.239985186560811
0.04 0 0.42 32.74646336510978
0.04 0 0.43 54.75031455200723
0.04 0 0.44 24.60909331738388
0.04 0 0.45 4.435235975684598
0.04 0 0.46 1.6259351595374494
0.04 0 0.47000000000000003 0.09098610739044564
0.04 0 0.48 0.053353459907327046
0.04 0 0.49 0.032580284792513535
0.04 0 0.5 0.018177626200189773
0.05 0 0.0 0.007905610711854673
0.05 0 0.01 0.005039906721952813
0.05 0 0.02 0.002365955341193803
0.05 0 0.03 0.0029492135676132407
0.05 0 0.04 0.0005330591911031666
0.05 0 0.05 8.648570396175142e-05
0.05 0 0.06 8.031569736637011e-05
0.05 0 0.07 0.0002659575592398331
0.05 0 0.08 0.00023302323783963382
0.05 0 0.09 0.00015704446978124104
0.05 0 0.1 0.00020229911868561895
0.05 0 0.11 0.0008974225932737257
0.05 0 0.12 0.001997732672716287
0.05 0 0.13 0.010838177718603964
0.05 0 0.14 0.011645670092790446
0.05 0 0.15 0.011027951232703665
0.05 0 0.16 0.006546821379411033
0.05 0 0.17 0.008121271412646295
0.05 0 0.18 0.04075854340736007
0.05 0 0.19 0.021512956449425257
0.05 0 0.2 0.13760179031553965
0.05 0 0.21 0.7267319190001169
0.05 0 0.22 5.358131636229091
0.05 0 0.23 7.866857274166186
0.05 0 0.24 22.155895099623606
0.05 0 0.25 6.048282224185436
0.05 0 0.26 19.286070253781496
0.05 0 0.27 33.49774064691654
0.05 0 0.28 22.994502295190397
0.05 0 0.29 6.025426271653805
0.05 0 0.3 5.897620217064509
0.05 0 0.31 2.870913155696115
0.05 0 0.32 2.415059413194312
0.05 0 0.33 1.1236146387962482
0.05 0 0.34 3.0100286394106677
0.05 0 0.35000000000000003 0.5958607171805851
0.05 0 0.36 0.1046762620802178
0.05 0 0.37 0.2028734997097814
0.05 0 0.38 0.6565638990145847
0.05 0 0.39 1.3806118704918067
0.05 0 0.4 0.8987148470979567
0.05 0 0.41000000000000003 4.123919159004785
0.05 0 0.42 3.5099541281006776
0.05 0 0.43 2.527848599023308
0.05 0 0.44 0.5871417244674546
0.05 0 0.45 1.5546067291105328
0.05 0 0.46 0.32762380240925204
0.05 0 0.47000000000000003 0.1341879255997003
0.05 0 0.48 0.08342164687629532
0.05 0 0.49 0.06945376878108656
0.05 0 0.5 0.07057016806306457
0.06 0 0.0 0.5423074740543653
0.06 0 0.01 0.248806432621896
0.06 0 0.02 0.06563079437285461
0.06 0 0.03 0.005469343327782781
0.06 0 0.04 0.0026412920263015633
0.06 0 0.05 0.0008641826376215422
0.06 0 0.06 0.0003789874414737077
0.06 0 0.07 0.00011531135124037678
0.06 0 0.08 6.601035180049936e-05
0.06 0 0.09 0.00015951213506951268
0.06 0 0.1 0.00032222548236062175
0.06 0 0.11 0.0001651906069419414
0.06 0 0.12 0.0009959151298611763
0.06 0 0.13 0.0011311475910390882
0.06 0 0.14 0.0004947156128906936
0.06 0 0.15 0.0009046108059450316
0.06 0 0.16 0.00325956414806996
0.06 0 0.17 0.013686107203582026
0.06 0 0.18 0.0442829746235442
0.06 0 0.19 0.06685304692602904
0.06 0 0.2 0.17981772350837413
0.06 0 0.21 0.6177342279611244
0.06 0 0.22 0.1378184016063936
0.06 0 0.23 0.08575742215831086
0.06 0 0.24 0.1349138895538565
0.06 0 0.25 0.061919283644772734
0.06 0 0.26 0.08874644500977848
0.06 0 0.27 0.2234850347847252
0.06 0 0.28 0.13098655776717094
0.06 0 0.29 0.10930083797758096
0.06 0 0.3 0.5948782290700915
0.06 0 0.31 2.725157661445489
0.06 0 0.32 0.3619490105098645
0.06 0 0.33 0.2850326514598998
0.06 0 0.34 0.1547298474753713
0.06 0 0.35000000000000003 0.064750125370138
0.06 0 0.36 0.038794651979507135
0.06 0 0.37 0.13122902231488281
0.06 0 0.38 0.07107927351592341
0.06 0 0.39 0.01512307078021093
0.06 0 0.4 0.00841450596364523
0.06 0 0.41000000000000003 0.07200815715756499
0.06 0 0.42 0.40773227844926424
0.06 0 0.43 0.03860940950746893
0.06 0 0.44 0.017844295376827166
0.06 0 0.45 0.18150201817477757
0.06 0 0.46 0.053706028126485894
0.06 0 0.47000000000000003 0.08741519647528675
0.06 0 0.48 0.5149337909060306
0.06 0 0.49 0.78243810291141
0.06 0 0.5 0.0838395947571953
0.07 0 0.0 0.055713317438017294
0.07 0 0.01 0.016613699355553985
0.07 0 0.02 0.003727821594462662
0.07 0 0.03 0.000916740601345326
0.07 0 0.04 0.0024745678259155035
0.07 0 0.05 0.0017722898758823634
0.07 0 0.06 0.0014954795401504422
0.07 0 0.07 0.0010827152796429925
0.07 0 0.08 0.0008581065209309685
0.07 0 0.09 0.0012241944371718493
0.07 0 0.1 0.0016988082714173773
0.07 0 0.11 0.003027327990174909
0.07 0 0.12 0.0027265696855500927
0.07 0 0.13 0.0015289417339400004
0.07 0 0.14 0.0004909295650454693
0.07 0 0.15 0.0016559582351029685
0.07 0 0.16 0.003315285996785217
0.07 0 0.17 0.009020798267516963
0.07 0 0.18 0.003512361353080629
0.07 0 0.19 0.004041787851498639
0.07 0 0.2 0.0081219422946849
0.07 0 0.21 0.021295549321913444
0.07 0 0.22 0.00504166646845675
0.07 0 0.23 0.022064176216228665
0.07 0 0.24 0.019283546998503556
0.07 0 0.25 0.024555730664212422
0.07 0 0.26 0.003623827193232456
0.07 0 0.27 0.005048173233827356
0.07 0 0.28 0.003945436692031962
0.07 0 0.29 0.0016930586838706547
0.07 0 0.3 0.0033545128257501246
0.07 0 0.31 0.007772992014783805
0.07 0 0.32 0.008223335077862801
0.07 0 0.33 0.0054496664821046155
0.07 0 0.34 0.07616405579188686
0.07 0 0.35000000000000003 0.031154579221804625
0.07 0 0.36 0.02376570886348699
0.07 0 0.37 0.016668458988598315
0.07 0 0.38 0.0662686773393784
0.07 0 0.39 0.06484960113000068
0.07 0 0.4 0.018511175631113305
0.07 0 0.41000000000000003 0.01539585971491821
0.07 0 0.42 0.0268250879031858
0.07 0 0.43 0.007222951686113254
0.07 0 0.44 0.01699226937692476
0.07 0 0.45 0.05805538172424419
0.07 0 0.46 0.07105359163855327
0.07 0 0.47000000000000003 0.011373958104696411
0.07 0 0.48 0.04188041280465797
0.07 0 0.49 0.04359949258325317
0.07 0 0.5 0.08104950875634916
0.08 0 0.0 0.006518368987583526
0.08 0 0.01 0.012144916855420627
0.08 0 0.02 0.0014263004413038376
0.08 0 0.03 0.0010538764656278052
0.08 0 0.04 0.0009815322329690727
0.08 0 0.05 0.000727645614464634
0.08 0 0.06 0.00026286129862351034
0.08 0 0.07 0.000193975015531378
0.08 0 0.08 0.0003130326637449417
0.08 0 0.09 0.000179991317685645
0.08 0 0.1 7.061209934869753e-05
0.08 0 0.11 0.0001423537800117926
0.08 0 0.12 0.0005502537992958427
0.08 0 0.13 0.0006153087636188668
0.08 0 0.14 0.0026726074336920593
0.08 0 0.15 0.0032105274158142857
0.08 0 0.16 0.0007819999854715708
0.08 0 0.17 0.0022389462271299055
0.08 0 0.18 0.0018943359234779443
0.08 0 0.19 0.0006291067844581162
0.08 0 0.2 0.0020149321596994252
0.08 0 0.21 0.0026506344043134115
0.08 0 0.22 0.0011321287045577724
0.08 0 0.23 0.0003699220328273002
0.08 0 0.24 0.001770339335077047
0.08 0 0.25 0.001445638825622181
0.08 0 0.26 0.0011277717855208956
0.08 0 0.27 0.00023985791282660915
0.08 0 0.28 0.0006789977418688337
0.08 0 0.29 0.0011222004737594475
0.08 0 0.3 0.0015359367599165712
0.08 0 0.31 0.004941400366840102
0.08 0 0.32 0.007717141682899081
0.08 0 0.33 0.008177599902993177
0.08 0 0.34 0.0032848959144086984
0.08 0 0.35000000000000003 0.02327942152792236
0.08 0 0.36 0.0890836119359395
0.08 0 0.37 0.03692130237369341
0.08 0 0.38 0.06901862781330062
0.08 0 0.39 0.05779016488174129
0.08 0 0.4 0.0842791199476875
0.08 0 0.41000000000000003 0.10544638467747579
0.08 0 0.42 0.2013481554664677
0.08 0 0.43 0.023308852337525485
0.08 0 0.44 0.03630186211009594
0.08 0 0.45 0.06651872040247331
0.08 0 0.46 0.07427073523976124
0.08 0 0.47000000000000003 0.30731164292566876
0.08 0 0.48 0.2592762926281813
0.08 0 0.49 1.0837457061445566
0.08 0 0.5 0.4783447122288643
0.09 0 0.0 0.0019701128641735587
0.09 0 0.01 0.0010267640811584679
0.09 0 0.02 0.00022605506776613167
0.09 0 0.03 0.0007781490247281731
0.09 0 0.04 0.004668352188394809
0.09 0 0.05 0.0011149256391275357
0.09 0 0.06 0.0002321645370302378
0.09 0 0.07 0.00013413089155984547
0.09 0 0.08 0.00018181685652373286
0.09 0 0.09 8.930445897266121e-05
0.09 0 0.1 3.563778398028628e-05
0.09 0 0.11 5.393300627290018e-05
0.09 0 0.12 5.4743444551037225e-05
0.09 0 0.13 7.150831196788941e-06
0.09 0 0.14 6.734344854053026e-05
0.09 0 0.15 8.641203393831127e-05
0.09 0 0.16 0.00010674349033495195
0.09 0 0.17 4.243926251735923e-05
0.09 0 0.18 0.0004041034832616257
0.09 0 0.19 0.00038711164406419487
0.09 0 0.2 0.0032866328846170812
0.09 0 0.21 0.013037247063734362
0.09 0 0.22 0.016699394805750098
0.09 0 0.23 0.011319618150169224
0.09 0 0.24 0.008534355956559088
0.09 0 0.25 0.017529478182511108
0.09 0 0.26 0.00211982117520618
0.09 0 0.27 0.006666528154602884
0.09 0 0.28 0.008915583424787368
0.09 0 0.29 0.008915583379452441
0.09 0 0.3 0.0021964880215043316
0.09 0 0.31 0.0024693858617587387
0.09 0 0.32 0.015932794147079363
0.09 0 0.33 0.04777835259290461
0.09 0 0.34 0.02598906206624094
0.09 0 0.35000000000000003 0.06211463591331643
0.09 0 0.36 0.06685941038507952
0.09 0 0.37 0.017176190472739526
0.09 0 0.38 0.03305203030660448
0.09 0 0.39 1.4167941010192422
0.09 0 0.4 0.42447921008780537
0.09 0 0.41000000000000003 0.41057713781632166
0.09 0 0.42 0.10530788438160357
0.09 0 0.43 0.308837382278032
0.09 0 0.44 0.4582271819358576
0.09 0 0.45 0.7417359786931585
0.09 0 0.46 0.7734065567836841
0.09 0 0.47000000000000003 0.7627109691616354
0.09 0 0.48 1.647766655870469
0.09 0 0.49 1.1599356930905187
0.09 0 0.5 6.303443375316231
0.1 0 0.0 0.004207575434686937
0.1 0 0.01 0.0032457173036807997
0.1 0 0.02 0.0011521988422044857
0.1 0 0.03 0.0008202279032884304
0.1 0 0.04 0.0006262883011490055
0.1 0 0.05 0.0006266624505397889
0.1 0 0.06 0.00022093235339236628
0.1 0 0.07 0.0001303810804811419
0.1 0 0.08 0.00023674834126295824
0.1 0 0.09 5.223311566605551e-05
0.1 0 0.1 3.474190649299705e-05
0.1 0 0.11 0.00013430348391211766
0.1 0 0.12 0.00023459919771663714
0.1 0 0.13 0.0003889401975023527
0.1 0 0.14 0.00043853005827190067
0.1 0 0.15 0.0005822448482171338
0.1 0 0.16 0.0004717456488259106
0.1 0 0.17 0.006013315541113829
0.1 0 0.18 0.0027201062392152825
0.1 0 0.19 0.004214594289808448
0.1 0 0.2 0.0008848110669071361
0.1 0 0.21 0.0006190216723028343
0.1 0 0.22 0.0006570493408699071
0.1 0 0.23 0.0011536699289570098
0.1 0 0.24 0.0167159653586656
0.1 0 0.25 0.0407640203058666
0.1 0 0.26 0.021836829134215145
0.1 0 0.27 0.005823633641592203
0.1 0 0.28 0.029274650004658547
0.1 0 0.29 0.061870900205595755
0.1 0 0.3 0.05450604105447453
0.1 0 0.31 0.09701285977094648
0.1 0 0.32 0.06738124685551128
0.1 0 0.33 0.0369445322011937
0.1 0 0.34 0.005544153144175038
0.1 0 0.35000000000000003 0.037011081631046175
0.1 0 0.36 0.03476840148113636
0.1 0 0.37 0.04114173009907066
0.1 0 0.38 0.13850540840768114
0.1 0 0.39 0.19283617096853173
0.1 0 0.4 0.21924657823645716
0.1 0 0.41000000000000003 0.11043575555226688
0.1 0 0.42 0.3535270270991656
0.1 0 0.43 0.34312170876059933
0.1 0 0.44 0.32776004380109985
0.1 0 0.45 0.03927246867526898
0.1 0 0.46 0.04717272389436306
0.1 0 0.47000000000000003 0.08432862485051322
0.1 0 0.48 0.5452136303338991
0.1 0 0.49 1.614874935959516
0.1 0 0.5 0.7221807651395504
0.11 0 0.0 0.004147648691626592
0.11 0 0.01 0.001003243983801944
0.11 0 0.02 0.0028481338429891616
0.11 0 0.03 0.002778186804888146
0.11 0 0.04 0.0008700183031981414
0.11 0 0.05 0.0015459033054451286
0.11 0 0.06 0.0006725690631935418
0.11 0 0.07 0.001117135418034836
0.11 0 0.08 0.0009346966452180338
0.11 0 0.09 0.0011904118314672277
0.11 0 0.1 0.00011409094387524478
0.11 0 0.11 0.0006921935629764868
0.11 0 0.12 0.00031106604690301243
0.11 0 0.13 0.0015961370822978264
0.11 0 0.14 0.0057970755097405055
0.11 0 0.15 0.007205379518076079
0.11 0 0.16 0.018962472072039754
0.11 0 0.17 0.03242229794465025
0.11 0 0.18 0.06100554953362533
0.11 0 0.19 0.028558887946421127
0.11 0 0.2 0.10751306796335507
0.11 0 0.21 0.07125545434127414
0.11 0 0.22 0.0736636124454099
0.11 0 0.23 0.054880540768014005
0.11 0 0.24 0.02660819415112487
0.11 0 0.25 0.004331637696818644
0.11 0 0.26 0.0016124552840093755
0.11 0 0.27 0.003914443219357544
0.11 0 0.28 0.006536730363382247
0.11 0 0.29 0.003339577357174149
0.11 0 0.3 0.0035860696869782897
0.11 0 0.31 0.010527804006818903
0.11 0 0.32 0.41406938295349144
0.11 0 0.33 0.06573904189918124
0.11 0 0.34 0.16436790109992366
0.11 0 0.35000000000000003 0.5852228439046836
0.11 0 0.36 1.0267193872131382
0.11 0 0.37 0.30559044929565005
0.11 0 0.38 2.9018478794664984
0.11 0 0.39 3.205958202009481
0.11 0 0.4 0.7337537547767977
0.11 0 0.41000000000000003 0.7612103133281519
0.11 0 0.42 0.3300714384818659
0.11 0 0.43 0.45190246341717344
0.11 0 0.44 0.11161311627888408
0.11 0 0.45 0.1396979864252507
0.11 0 0.46 0.13923075823182812
0.11 0 0.47000000000000003 0.22506930676302728
0.11 0 0.48 0.1523020379916642
0.11 0 0.49 0.41015631041529643
0.11 0 0.5 0.5931018328485878
0.12 0 0.0 0.0004278714607345308
0.12 0 0.01 0.0009007583106029518
0.12 0 0.02 0.002067009023547481
0.12 0 0.03 0.0013217754985626197
0.12 0 0.04 0.0004556034654097685
0.12 0 0.05 0.0012454462085077788
0.12 0 0.06 0.005585080809138121
0.12 0 0.07 0.004286284289202334
0.12 0 0.08 0.006997189236548288
0.12 0 0.09 0.0011338375125956397
0.12 0 0.1 0.004714902516334062
0.12 0 0.11 0.0026728694286881623
0.12 0 0.12 0.006191577549333357
0.12 0 0.13 0.006218879185698934
0.12 0 0.14 0.018974661394400932
0.12 0 0.15 0.03230259383115429
0.12 0 0.16 0.05882471526658331
0.12 0 0.17 0.15737211261293632
0.12 0 0.18 0.1272048989413446
0.12 0 0.19 0.141199887224262
0.12 0 0.2 0.06074244730726746
0.12 0 0.21 0.2684501703531359
0.12 0 0.22 0.19017192709143457
0.12 0 0.23 0.04403860356459544
0.12 0 0.24 0.04179661513288104
0.12 0 0.25 0.025536181886455254
0.12 0 0.26 0.06133250528639286
0.12 0 0.27 0.05120876276105076
0.12 0 0.28 0.11116578361561129
0.12 0 0.29 0.082429716187952
0.12 0 0.3 0.046191255476538025
0.12 0 0.31 0.0762432544678005
0.12 0 0.32 0.3388402326613398
0.12 0 0.33 0.5702902619974639
0.12 0 0.34 0.41920830028199396
0.12 0 0.35000000000000003 3.268398511553858
0.12 0 0.36 1.7339500251109086
0.12 0 0.37 1.707224406631477
0.12 0 0.38 2.212041262526788
0.12 0 0.39 4.824378274491319
0.12 0 0.4 2.5220529339475015
0.12 0 0.41000000000000003 1.6422138090586325
0.12 0 0.42 1.8910298402488597
0.12 0 0.43 1.6406410998835959
0.12 0 0.44 0.5405975675018667
0.12 0 0.45 1.2028749633646878
0.12 0 0.46 1.6168487057533183
0.12 0 0.47000000000000003 1.5700177977997116
0.12 0 0.48 0.6785526568122012
0.12 0 0.49 0.41708491244514384
0.12 0 0.5 0.1267957327198547
0.13 0 0.0 0.00020984015119511785
0.13 0 0.01 7.163462939074034e-05
0.13 0 0.02 0.00022753654876059103
0.13 0 0.03 3.843917056574892e-05
0.13 0 0.04 0.00041645880310665846
0.13 0 0.05 0.0005924165854117966
0.13 0 0.06 0.0005642331716863743
0.13 0 0.07 0.0007916179739762875
0.13 0 0.08 0.0007398718721709552
0.13 0 0.09 0.00017334775941295843
0.13 0 0.1 0.0003396049628464639
0.13 0 0.11 0.003542889415163563
0.13 0 0.12 0.0026863455779911776
0.13 0 0.13 0.005640379883338511
0.13 0 0.14 0.00892744730474396
0.13 0 0.15 0.032697358279070825
0.13 0 0.16 0.03327033062509465
0.13 0 0.17 0.01024394473196228
0.13 0 0.18 0.016427413068908294
0.13 0 0.19 0.0195455007761682
0.13 0 0.2 0.004879777426503248
0.13 0 0.21 0.00559331027367293
0.13 0 0.22 0.013499833049462348
0.13 0 0.23 0.02270233331064267
0.13 0 0.24 0.007074098845704006
0.13 0 0.25 0.1485689426852641
0.13 0 0.26 0.20470919938054935
0.13 0 0.27 0.10479614939136336
0.13 0 0.28 0.026784421730692044
0.13 0 0.29 0.25767237681367494
0.13 0 0.3 0.2146308153808057
0.13 0 0.31 0.7606256995248689
0.13 0 0.32 1.3105159862073557
0.13 0 0.33 0.635266859741263
0.13 0 0.34 1.488525329036586
0.13 0 0.35000000000000003 3.843162135447271
0.13 0 0.36 7.279023881215977
0.13 0 0.37 2.3678068532481418
0.13 0 0.38 0.45994626441199027
0.13 0 0.39 0.14779257732403706
0.13 0 0.4 0.3131185129996229
0.13 0 0.41000000000000003 0.06378349960901149
0.13 0 0.42 0.13837771741080074
0.13 0 0.43 0.40748967342489334
0.13 0 0.44 0.5113554800365306
0.13 0 0.45 0.12760605079825466
0.13 0 0.46 0.5011612919767304
0.13 0 0.47000000000000003 0.5490826859043404
0.13 0 0.48 0.7723387761412306
0.13 0 0.49 0.4429983348158532
0.13 0 0.5 1.0101680244195965
0.14 0 0.0 0.0007312729639683706
0.14 0 0.01 0.0026864698801103704
0.14 0 0.02 0.001384737556524259
0.14 0 0.03 0.001423365327893465
0.14 0 0.04 0.0013905019686567557
0.14 0 0.05 0.005312827066986742
0.14 0 0.06 0.0002737079780221561
0.14 0 0.07 9.5382389125108e-05
0.14 0 0.08 8.93030827469199e-05
0.14 0 0.09 9.14044265244245e-05
0.14 0 0.1 0.0002803551729558699
0.14 0 0.11 0.0005896920210991791
0.14 0 0.12 0.001202972498873989
0.14 0 0.13 0.0008844525141666265
0.14 0 0.14 0.002532133698850237
0.14 0 0.15 0.005299946251421447
0.14 0 0.16 0.001069933399716145
0.14 0 0.17 0.0004386943668583175
0.14 0 0.18 0.0010257004648369903
0.14 0 0.19 0.0024689572470991644
0.14 0 0.2 0.0009895601144802844
0.14 0 0.21 0.0019205494822218771
0.14 0 0.22 0.015857984669693532
0.14 0 0.23 0.02765221982906195
0.14 0 0.24 0.012305835933370729
0.14 0 0.25 0.04936929108106574
0.14 0 0.26 0.5784302250641453
0.14 0 0.27 0.05326354261056973
0.14 0 0.28 0.04353290236583777
0.14 0 0.29 0.24351303145160125
0.14 0 0.3 0.2842578713551543
0.14 0 0.31 0.19219862707789642
0.14 0 0.32 1.0396738226918458
0.14 0 0.33 3.2729328122025976
0.14 0 0.34 3.2486901522356564
0.14 0 0.35000000000000003 0.7162325262693976
0.14 0 0.36 0.7056951046104919
0.14 0 0.37 0.9857676230371647
0.14 0 0.38 0.8866102640355134
0.14 0 0.39 0.5871244385249744
0.14 0 0.4 1.8411578077965662
0.14 0 0.41000000000000003 0.763700274905786
0.14 0 0.42 0.2730498123381257
0.14 0 0.43 0.1843839007712779
0.14 0 0.44 0.19738066309183394
0.14 0 0.45 0.11389860981065122
0.14 0 0.46 0.07039675362611598
0.14 0 0.47000000000000003 0.06716446684283862
0.14 0 0.48 0.022985590560284746
0.14 0 0.49 0.034424812593296834
0.14 0 0.5 0.29423904953873725
0.15 0 0.0 0.002047788471172423
0.15 0 0.01 0.01690872169355893
0.15 0 0.02 0.028957043413483593
0.15 0 0.03 0.010458635149277284
0.15 0 0.04 0.007224368743355064
0.15 0 0.05 0.0019295013676045136
0.15 0 0.06 0.0011085512259710706
0.15 0 0.07 0.000955093877157857
0.15 0 0.08 0.00029528925833458415
0.15 0 0.09 0.00017325184969464356
0.15 0 0.1 9.196054806329465e-05
0.15 0 0.11 7.03173914096703e-05
0.15 0 0.12 0.00024130699160273314
0.15 0 0.13 0.0002372202277319586
0.15 0 0.14 0.000272679032106309
0.15 0 0.15 0.000275071309594067
0.15 0 0.16 0.00029202538016001253
0.15 0 0.17 6.191128531375355e-05
0.15 0 0.18 0.0007088786003838695
0.15 0 0.19 0.0010736086939502603
0.15 0 0.2 0.0025234405991969595
0.15 0 0.21 0.0026191162792353335
0.15 0 0.22 0.03496806674423472
0.15 0 0.23 0.07294775279946497
0.15 0 0.24 0.12320028962158948
0.15 0 0.25 0.4553887394899113
0.15 0 0.26 0.9757948663188468
0.15 0 0.27 0.32759475574973373
0.15 0 0.28 0.45355115770770965
0.15 0 0.29 1.7022823267760583
0.15 0 0.3 2.715376981285125
0.15 0 0.31 1.1312906648753511
0.15 0 0.32 0.20318700629776712
0.15 0 0.33 0.254565558497092
0.15 0 0.34 0.1886651647534928
0.15 0 0.35000000000000003 0.16833100050827438
0.15 0 0.36 0.09132137997661034
0.15 0 0.37 0.13353541322188656
0.15 0 0.38 0.025865451947716025
0.15 0 0.39 0.1610439334924845
0.15 0 0.4 0.08199481275437985
0.15 0 0.41000000000000003 0.05775885800194625
0.15 0 0.42 0.023295514742123772
0.15 0 0.43 0.016145459022791218
0.15 0 0.44 0.00826896227037613
0.15 0 0.45 0.009529465103774061
0.15 0 0.46 0.024689006145523065
0.15 0 0.47000000000000003 0.04489496048505459
0.15 0 0.48 0.05232829817740125
0.15 0 0.49 0.07914355338153134
0.15 0 0.5 0.07976222979206866
0.16 0 0.0 0.006671521427151496
0.16 0 0.01 0.003208522832467465
0.16 0 0.02 0.0035949392198000437
0.16 0 0.03 0.005501026030635922
0.16 0 0.04 0.011900436453511585
0.16 0 0.05 0.005054540818753548
0.16 0 0.06 0.002384785521466708
0.16 0 0.07 0.0011586758240401942
0.16 0 0.08 0.0010742521437512949
0.16 0 0.09 0.0037450449800112413
0.16 0 0.1 0.00898846985570898
0.16 0 0.11 0.0020974383448887956
0.16 0 0.12 0.001675343561467722
0.16 0 0.13 0.005233362733634404
0.16 0 0.14 0.00397793886895354
0.16 0 0.15 0.0023215035052579465
0.16 0 0.16 0.0006551809816809548
0.16 0 0.17 0.0005744356141661959
0.16 0 0.18 0.00016408801136338783
0.16 0 0.19 0.00022040390928482223
0.16 0 0.2 0.00022999480579462636
0.16 0 0.21 0.0010587785618675549
0.16 0 0.22 0.009242020718403776
0.16 0 0.23 0.0084884162993486
0.16 0 0.24 0.006655563976590097
0.16 0 0.25 0.06145463673134568
0.16 0 0.26 0.1688783311264
0.16 0 0.27 0.19871453055304944
0.16 0 0.28 0.48517624959847805
0.16 0 0.29 0.5432389068751104
0.16 0 0.3 0.13607098692253403
0.16 0 0.31 0.18023229565664325
0.16 0 0.32 0.08387103375497255
0.16 0 0.33 0.28933216262711664
0.16 0 0.34 0.2549017537905785
0.16 0 0.35000000000000003 0.05154095572021402
0.16 0 0.36 0.03062308605529083
0.16 0 0.37 0.03796596750756413
0.16 0 0.38 0.08563312719906868
0.16 0 0.39 0.18882339039400817
0.16 0 0.4 0.2755723935248178
0.16 0 0.41000000000000003 0.1548174385492236
0.16 0 0.42 0.2819307801182559
0.16 0 0.43 0.8020911226013729
0.16 0 0.44 0.49029170277505324
0.16 0 0.45 1.0929266181550676
0.16 0 0.46 1.404582864865483
0.16 0 0.47000000000000003 0.4922757309796172
0.16 0 0.48 0.21745587710335867
0.16 0 0.49 2.5462009441312583
0.16 0 0.5 3.6357567843375946
0.17 0 0.0 0.0268127473387795
0.17 0 0.01 0.012801887216237973
0.17 0 0.02 0.006380704381641473
0.17 0 0.03 0.0038552566208484747
0.17 0 0.04 0.0018341151077435108
0.17 0 0.05 0.0018214684144617626
0.17 0 0.06 0.001750942267796205
0.17 0 0.07 0.0020040750540466765
0.17 0 0.08 0.0005321940323691953
0.17 0 0.09 0.0013025490650906714
0.17 0 0.1 0.0003600940201806023
0.17 0 0.11 0.0028208835965414657
0.17 0 0.12 0.011792364121457486
0.17 0 0.13 0.022984880465914542
0.17 0 0.14 0.004576292891442727
0.17 0 0.15 0.0015189729518771662
0.17 0 0.16 0.0009993599980668904
0.17 0 0.17 0.002110570765496989
0.17 0 0.18 0.003172757619939359
0.17 0 0.19 0.007231999351135439
0.17 0 0.2 0.004344732108464961
0.17 0 0.21 0.0037871344851135016
0.17 0 0.22 0.012566227073105122
0.17 0 0.23 0.10096014700158255
0.17 0 0.24 0.13887616852875936
0.17 0 0.25 0.21863119503724202
0.17 0 0.26 0.12191684529159619
0.17 0 0.27 0.06312860080100526
0.17 0 0.28 0.2014420310509414
0.17 0 0.29 0.17778995694579464
0.17 0 0.3 0.8686969260222126
0.17 0 0.31 0.32843250334491714
0.17 0 0.32 0.9285665270462601
0.17 0 0.33 0.26220137577919156
0.17 0 0.34 0.1028660640948542
0.17 0 0.35000000000000003 0.0171471616498121
0.17 0 0.36 0.040193950892608576
0.17 0 0.37 0.05171568060897745
0.17 0 0.38 0.07178594914563753
0.17 0 0.39 0.08298795106659179
0.17 0 0.4 0.07441093201923443
0.17 0 0.41000000000000003 0.14582985652593064
0.17 0 0.42 0.33488973661300303
0.17 0 0.43 0.342215458343668
0.17 0 0.44 0.1371762172934952
0.17 0 0.45 0.023233446613094157
0.17 0 0.46 0.13791044883743672
0.17 0 0.47000000000000003 0.23975280096277443
0.17 0 0.48 0.31518643046220857
0.17 0 0.49 1.2255538853814376
0.17 0 0.5 1.2987702179162555
0.18 0 0.0 0.0020582496694449433
0.18 0 0.01 0.00801747434498743
0.18 0 0.02 0.004885740595580705
0.18 0 0.03 0.00698375187138563
0.18 0 0.04 0.004558496311126253
0.18 0 0.05 0.002633809001477265
0.18 0 0.06 0.005741369179425771
0.18 0 0.07 0.0018304126990142798
0.18 0 0.08 0.013151101022726118
0.18 0 0.09 0.025603362254875098
0.18 0 0.1 0.014505450197790431
0.18 0 0.11 0.004555634824832762
0.18 0 0.12 0.0446160584412349
0.18 0 0.13 0.048434453867279396
0.18 0 0.14 0.021903955231125018
0.18 0 0.15 0.07456376660269
0.18 0 0.16 0.1646842753068992
0.18 0 0.17 0.03872529257763242
0.18 0 0.18 0.008044950448777555
0.18 0 0.19 0.014317872907060528
0.18 0 0.2 0.016281039011942347
0.18 0 0.21 0.014159257903787774
0.18 0 0.22 0.03383499966755749
0.18 0 0.23 0.005933006960983174
0.18 0 0.24 0.004620105244344223
0.18 0 0.25 0.003595978664295934
0.18 0 0.26 0.019889748156228303
0.18 0 0.27 0.04289624638656101
0.18 0 0.28 0.01279939574358957
0.18 0 0.29 0.009632949640127746
0.18 0 0.3 0.033669031774009636
0.18 0 0.31 0.022194505253462282
0.18 0 0.32 0.0063069211904370455
0.18 0 0.33 0.027061467200485294
0.18 0 0.34 0.007892185179765736
0.18 0 0.35000000000000003 0.0022954403311013353
0.18 0 0.36 0.008688256080222693
0.18 0 0.37 0.016986770151124413
0.18 0 0.38 0.019011786762228398
0.18 0 0.39 0.01375389961327081
0.18 0 0.4 0.050620177359750024
0.18 0 0.41000000000000003 0.04761543550387168
0.18 0 0.42 0.014712145225631306
0.18 0 0.43 0.008804156150955846
0.18 0 0.44 0.006945627208708937
0.18 0 0.45 0.040302129847392586
0.18 0 0.46 0.03678514611153122
0.18 0 0.47000000000000003 0.10948091653566033
0.18 0 0.48 0.07960206920122569
0.18 0 0.49 0.28052589019281665
0.18 0 0.5 0.09279501371219215
0.19 0 0.0 0.2071155386743084
0.19 0 0.01 0.11690173228205639
0.19 0 0.02 0.09599011237733274
0.19 0 0.03 0.012714897188956862
0.19 0 0.04 0.029135166299042062
0.19 0 0.05 0.07192864460214694
0.19 0 0.06 0.08529074621222539
0.19 0 0.07 0.023892561583134703
0.19 0 0.08 0.02714001780186416
0.19 0 0.09 0.023831235572588684
0.19 0 0.1 0.004539168642849538
0.19 0 0.11 0.004111620012471422
0.19 0 0.12 0.026390431767076766
0.19 0 0.13 0.01965174128816843
0.19 0 0.14 0.005671383349656504
0.19 0 0.15 0.006415160814459644
0.19 0 0.16 0.1052786801196809
0.19 0 0.17 0.008669276557994508
0.19 0 0.18 0.0016378504752541823
0.19 0 0.19 0.0028919859039996543
0.19 0 0.2 0.001282988832042959
0.19 0 0.21 0.00038190654960845206
0.19 0 0.22 0.0002334883889466299
0.19 0 0.23 0.0010865597904692924
0.19 0 0.24 0.00026372725174785076
0.19 0 0.25 0.0003241834493291381
0.19 0 0.26 0.00029737751136463465
0.19 0 0.27 0.007056778733180496
0.19 0 0.28 0.003055618473046647
0.19 0 0.29 0.00419043595364684
0.19 0 0.3 0.011195545876277252
0.19 0 0.31 0.01043617350557731
0.19 0 0.32 0.004961739529167153
0.19 0 0.33 0.013429031318857485
0.19 0 0.34 0.02108785024110031
0.19 0 0.35000000000000003 0.016941988834385392
0.19 0 0.36 0.015698804557714625
0.19 0 0.37 0.031473087158723295
0.19 0 0.38 0.0063599556144766
0.19 0 0.39 0.006898329387491106
0.19 0 0.4 0.023436322132291007
0.19 0 0.41000000000000003 0.020340895300176593
0.19 0 0.42 0.005130323828543962
0.19 0 0.43 0.005524033317044667
0.19 0 0.44 0.015713881233868136
0.19 0 0.45 0.011045712878792148
0.19 0 0.46 0.03648046085025151
0.19 0 0.47000000000000003 0.01440685862330281
0.19 0 0.48 0.07933125382735982
0.19 0 0.49 0.027747483619956815
0.19 0 0.5 0.02479931731632316
0.2 0 0.0 0.007724125531185403
0.2 0 0.01 0.00335508016785195
0.2 0 0.02 0.0012371299491621848
0.2 0 0.03 0.00615171008140565
0.2 0 0.04 0.0029362194690679055
0.2 0 0.05 0.019933029952087327
0.2 0 0.06 0.017202704042370013
0.2 0 0.07 0.002861425578053318
0.2 0 0.08 0.0037312840747478933
0.2 0 0.09 0.006777352650957297
0.2 0 0.1 0.00989634806795095
0.2 0 0.11 0.009710944429918815
0.2 0 0.12 0.024006957154695748
0.2 0 0.13 0.05369627064993336
0.2 0 0.14 0.02357612654078547
0.2 0 0.15 0.02594056634933507
0.2 0 0.16 0.006294685313131895
0.2 0 0.17 0.0012361147087816217
0.2 0 0.18 8.895523859903711e-05
0.2 0 0.19 0.00011203332169292592
0.2 0 0.2 0.00010152111665012891
0.2 0 0.21 4.808695392153472e-05
0.2 0 0.22 2.2209319004317293e-05
0.2 0 0.23 8.978067406977742e-05
0.2 0 0.24 0.0014606738148298837
0.2 0 0.25 0.0011483904206488562
0.2 0 0.26 0.0035395646511741474
0.2 0 0.27 0.00361922101415004
0.2 0 0.28 0.00133491249775384
0.2 0 0.29 0.002368226129673239
0.2 0 0.3 0.006964518584834103
0.2 0 0.31 0.007074142694678503
0.2 0 0.32 0.006058402694515447
0.2 0 0.33 0.00875202530605767
0.2 0 0.34 0.010726073720463818
0.2 0 0.35000000000000003 0.02841175392647271
0.2 0 0.36 0.07876344155820006
0.2 0 0.37 0.08926615354350559
0.2 0 0.38 0.11726565652280573
0.2 0 0.39 0.051332383111912135
0.2 0 0.4 0.2138269951115327
0.2 0 0.41000000000000003 0.180054240222748
0.2 0 0.42 0.3080625370591943
0.2 0 0.43 0.28842412063627304
0.2 0 0.44 0.2326045165573179
0.2 0 0.45 0.07407983488194533
0.2 0 0.46 0.038299017695248606
0.2 0 0.47000000000000003 0.03308358282890605
0.2 0 0.48 0.03632463790614917
0.2 0 0.49 0.0208129469940104
0.2 0 0.5 0.06132476132903095
0.21 0 0.0 0.010842787582395718
0.21 0 0.01 0.0008958367476580153
0.21 0 0.02 0.0014743226387875384
0.21 0 0.03 0.009861693219142376
0.21 0 0.04 0.011019539471434718
0.21 0 0.05 0.008051122806888454
0.21 0 0.06 0.00873424793036181
0.21 0 0.07 0.029205545567753677
0.21 0 0.08 0.013364821318844677
0.21 0 0.09 0.03832161274205918
0.21 0 0.1 0.01769929045785425
0.21 0 0.11 0.017565037338354045
0.21 0 0.12 0.015226224771235435
0.21 0 0.13 0.017889259133996888
0.21 0 0.14 0.009432904638780252
0.21 0 0.15 0.003828598457744612
0.21 0 0.16 0.004126707104680704
0.21 0 0.17 0.0006478226499616035
0.21 0 0.18 0.0017062968582827276
0.21 0 0.19 0.0004391350450454644
0.21 0 0.2 0.0016677678439778777
0.21 0 0.21 0.0013755404816549017
0.21 0 0.22 0.0007179375470715897
0.21 0 0.23 0.0005223744199015485
0.21 0 0.24 0.002189329534133495
0.21 0 0.25 0.0006693609694819144
0.21 0 0.26 0.0017869515485829594
0.21 0 0.27 0.012004425529688962
0.21 0 0.28 0.02748036238902699
0.21 0 0.29 0.018760805427497612
0.21 0 0.3 0.04318019497696634
0.21 0 0.31 0.08719949205145598
0.21 0 0.32 0.6500388644012755
0.21 0 0.33 1.03095070280456
0.21 0 0.34 0.8201095006781243
0.21 0 0.35000000000000003 1.4620459936570038
0.21 0 0.36 1.1137447275563528
0.21 0 0.37 0.36667844326292565
0.21 0 0.38 0.09415208614822175
0.21 0 0.39 1.0544112767263472
0.21 0 0.4 0.505688930888162
0.21 0 0.41000000000000003 0.06415669368289188
0.21 0 0.42 0.017632364798440606
0.21 0 0.43 0.06892347514893954
0.21 0 0.44 0.09046161851723314
0.21 0 0.45 0.128317702918561
0.21 0 0.46 0.05794928096367877
0.21 0 0.47000000000000003 0.13924064752844423
0.21 0 0.48 0.12867244525952354
0.21 0 0.49 0.055871293765744005
0.21 0 0.5 0.06801843107656891
0.22 0 0.0 0.12090268143380692
0.22 0 0.01 0.14627524114357587
0.22 0 0.02 0.44712730110112864
0.22 0 0.03 0.6258349102856022
0.22 0 0.04 0.21371407668608386
0.22 0 0.05 0.10513531228467911
0.22 0 0.06 0.16255791052525234
0.22 0 0.07 0.12718496989831896
0.22 0 0.08 0.09751354168193282
0.22 0 0.09 0.0504590362320466
0.22 0 0.1 0.2596264674300227
0.22 0 0.11 0.08989954752546415
0.22 0 0.12 0.13472383142320504
0.22 0 0.13 0.3484578069106099
0.22 0 0.14 0.37674340104394805
0.22 0 0.15 0.10283244204503308
0.22 0 0.16 0.01600794349369399
0.22 0 0.17 0.014636820981778176
0.22 0 0.18 0.007452894033335392
0.22 0 0.19 0.004077625576882828
0.22 0 0.2 0.0018244552539513224
0.22 0 0.21 0.0017683694785323824
0.22 0 0.22 0.0015961980215979752
0.22 0 0.23 0.01148744214042076
0.22 0 0.24 0.039606059155234206
0.22 0 0.25 0.028536517214178603
0.22 0 0.26 0.02228819685616066
0.22 0 0.27 0.0235609363864384
0.22 0 0.28 0.024254263262232106
0.22 0 0.29 0.041745805940899494
0.22 0 0.3 0.028204078070886714
0.22 0 0.31 0.043869271845692386
0.22 0 0.32 0.02868695155604154
0.22 0 0.33 0.038064180407753126
0.22 0 0.34 0.07203945950151847
0.22 0 0.35000000000000003 0.1009803078368939
0.22 0 0.36 0.10469732103960036
0.22 0 0.37 0.07301512104286402
0.22 0 0.38 0.027313383451245926
0.22 0 0.39 0.05665530486118294
0.22 0 0.4 0.09090398632688494
0.22 0 0.41000000000000003 0.08321154483005111
0.22 0 0.42 0.06210637757418049
0.22 0 0.43 0.1177660265116997
0.22 0 0.44 0.03435212404490242
0.22 0 0.45 0.031049111595691084
0.22 0 0.46 0.02319777607622432
0.22 0 0.47000000000000003 0.10909223788191266
0.22 0 0.48 0.048420391433288655
0.22 0 0.49 0.003500834678163263
0.22 0 0.5 0.0046077292578281
0.23 0 0.0 21.34092916225719
0.23 0 0.01 4.151577207440355
0.23 0 0.02 54.90241183168934
0.23 0 0.03 46.04928113684064
0.23 0 0.04 23.661200663499276
0.23 0 0.05 7.311519710424981
0.23 0 0.06 3.5247290569057137
0.23 0 0.07 0.7077709650976042
0.23 0 0.08 0.13915372721648026
0.23 0 0.09 0.28657774472881525
0.23 0 0.1 0.13273840510550178
0.23 0 0.11 0.16300903419472262
0.23 0 0.12 0.0763916634881273
0.23 0 0.13 0.1680984880078039
0.23 0 0.14 0.08286867324565701
0.23 0 0.15 0.07957399107048817
0.23 0 0.16 0.0208525043740847
0.23 0 0.17 0.024628791780683723
0.23 0 0.18 0.0016915615747307255
0.23 0 0.19 0.0007059106996171781
0.23 0 0.2 0.002285764326442522
0.23 0 0.21 0.00454502477410425
0.23 0 0.22 0.0017106666281570145
0.23 0 0.23 0.014019960445755411
0.23 0 0.24 0.005692560585806392
0.23 0 0.25 0.0011222611795592146
0.23 0 0.26 0.003223280476079119
0.23 0 0.27 0.01219119478651941
0.23 0 0.28 0.016205295693050636
0.23 0 0.29 0.0062886237859522695
0.23 0 0.3 0.00894880162602393
0.23 0 0.31 0.010571705771134032
0.23 0 0.32 0.01657854606918576
0.23 0 0.33 0.007191980904756609
0.23 0 0.34 0.0064342337617407696
0.23 0 0.35000000000000003 0.0013493905505147052
0.23 0 0.36 0.0003644775520629608
0.23 0 0.37 0.00032203451211095907
0.23 0 0.38 0.001381654245103153
0.23 0 0.39 0.0012933649138229387
0.23 0 0.4 0.0016564754648703774
0.23 0 0.41000000000000003 0.0023542132819120098
0.23 0 0.42 0.01597468370504312
0.23 0 0.43 0.025132341372797896
0.23 0 0.44 0.5650779669914265
0.23 0 0.45 0.10924989140316853
0.23 0 0.46 0.03282434367496141
0.23 0 0.47000000000000003 0.05324599151003572
0.23 0 0.48 0.0636999664116656
0.23 0 0.49 0.017085349092956347
0.23 0 0.5 0.023139810209185988
0.24 0 0.0 2.8220255542731163
0.24 0 0.01 8.280509695357837
0.24 0 0.02 11.991215054920906
0.24 0 0.03 9.466147661193613
0.24 0 0.04 0.6712421957771922
0.24 0 0.05 0.6314677316990884
0.24 0 0.06 2.282456076199649
0.24 0 0.07 0.7452767450983381
0.24 0 0.08 0.0836090045705496
0.24 0 0.09 0.09572360410019341
0.24 0 0.1 0.20795549907000363
0.24 0 0.11 0.11037376540614656
0.24 0 0.12 0.3112493177527968
0.24 0 0.13 0.46494439283231376
0.24 0 0.14 0.22120755758999888
0.24 0 0.15 0.015494319343520661
0.24 0 0.16 0.009361648505165295
0.24 0 0.17 0.05135412074605473
0.24 0 0.18 0.10494102675532252
0.24 0 0.19 0.03127098833357274
0.24 0 0.2 0.08284445660771383
0.24 0 0.21 0.03430485735807912
0.24 0 0.22 0.019334136496500072
0.24 0 0.23 0.01788084006090401
0.24 0 0.24 0.00960221139947576
0.24 0 0.25 0.0018793623735940143
0.24 0 0.26 0.0017313510897754604
0.24 0 0.27 0.003641297616443048
0.24 0 0.28 0.0013495171536456012
0.24 0 0.29 0.0011085135086142499
0.24 0 0.3 0.005934415380760276
0.24 0 0.31 0.01653075190949541
0.24 0 0.32 0.0035893423817208764
0.24 0 0.33 0.0008794228925352702
0.24 0 0.34 0.0010121460245661605
0.24 0 0.35000000000000003 0.0003109904514481195
0.24 0 0.36 0.0007886763145363228
0.24 0 0.37 0.000861534683877588
0.24 0 0.38 0.0047002455010349544
0.24 0 0.39 0.0021721137836971383
0.24 0 0.4 0.003121433986351979
0.24 0 0.41000000000000003 0.04004805980340632
0.24 0 0.42 0.029553829365591144
0.24 0 0.43 0.003316976040747649
0.24 0 0.44 0.001244168318640605
0.24 0 0.45 0.004454796020551346
0.24 0 0.46 0.0014794868663615996
0.24 0 0.47000000000000003 0.017374837601171526
0.24 0 0.48 0.055873880947822904
0.24 0 0.49 0.13855169182875732
0.24 0 0.5 0.29815564321277793
0.25 0 0.0 0.1236512625939742
0.25 0 0.01 0.30674984443198555
0.25 0 0.02 0.9997451592180646
0.25 0 0.03 1.0482262578414117
0.25 0 0.04 1.3258264047550141
0.25 0 0.05 0.3730657034376917
0.25 0 0.06 0.4272539691197863
0.25 0 0.07 0.16350935860212137
0.25 0 0.08 0.07459338361489834
0.25 0 0.09 0.037822812815370636
0.25 0 0.1 0.18899329977825435
0.25 0 0.11 0.07880630145845756
0.25 0 0.12 0.057991465577375646
0.25 0 0.13 0.1600831886320138
0.25 0 0.14 10.275546961812466
0.25 0 0.15 13.656572647867666
0.25 0 0.16 31.641289996907123
0.25 0 0.17 24.970482594253458
0.25 0 0.18 3.16538415668043
0.25 0 0.19 0.9572872592539067
0.25 0 0.2 0.9954490112547366
0.25 0 0.21 0.6251668471774976
0.25 0 0.22 0.10728962281450716
0.25 0 0.23 0.02833461077156911
0.25 0 0.24 0.006416497761813397
0.25 0 0.25 0.013876573812285728
0.25 0 0.26 0.015264455130622386
0.25 0 0.27 0.018742679048932488
0.25 0 0.28 0.02663192814794291
0.25 0 0.29 0.011303608158401358
0.25 0 0.3 0.007921350533361236
0.25 0 0.31 0.011018877405965957
0.25 0 0.32 0.0031973628697418393
0.25 0 0.33 0.0042010022154606325
0.25 0 0.34 0.0019193588602142279
0.25 0 0.35000000000000003 0.00415174212571913
0.25 0 0.36 0.0007775695480816315
0.25 0 0.37 0.0042571163870069465
0.25 0 0.38 0.003349202549553121
0.25 0 0.39 0.008473944744976872
0.25 0 0.4 0.00880530125493147
0.25 0 0.41000000000000003 0.03420310484278215
0.25 0 0.42 0.018954753939358554
0.25 0 0.43 0.01035793028645623
0.25 0 0.44 0.08824929204674785
0.25 0 0.45 0.05740788019936136
0.25 0 0.46 0.2043174352178374
0.25 0 0.47000000000000003 0.1277463414832895
0.25 0 0.48 0.1629176172688891
0.25 0 0.49 0.05973590166677146
0.25 0 0.5 0.06198062217493374
0.26 0 0.0 0.3829176920020844
0.26 0 0.01 0.31860444747720557
0.26 0 0.02 0.10446669377338552
0.26 0 0.03 0.14990066551357745
0.26 0 0.04 0.18970408166761674
0.26 0 0.05 0.2134973087387792
0.26 0 0.06 0.21143575465614037
0.26 0 0.07 0.22307623757955847
0.26 0 0.08 0.09809733441835343
0.26 0 0.09 0.04944699703329425
0.26 0 0.1 0.0922030191518684
0.26 0 0.11 0.8765543453773186
0.26 0 0.12 0.15161708988188577
0.26 0 0.13 0.35401380320315134
0.26 0 0.14 1.3663027889774864
0.26 0 0.15 0.76097767927058
0.26 0 0.16 0.1493032936740699
0.26 0 0.17 0.8304336854742997
0.26 0 0.18 1.1720313934759594
0.26 0 0.19 0.4422294296226996
0.26 0 0.2 0.4650361424684485
0.26 0 0.21 0.525305394424592
0.26 0 0.22 1.6079691705621921
0.26 0 0.23 0.3615135281860515
0.26 0 0.24 0.10584285711642447
0.26 0 0.25 0.10891842589057764
0.26 0 0.26 0.028101462554078867
0.26 0 0.27 0.00688237861290684
0.26 0 0.28 0.0037688010390158873
0.26 0 0.29 0.058824245514569336
0.26 0 0.3 0.05887573521179809
0.26 0 0.31 0.06386616683144429
0.26 0 0.32 0.058314521223565764
0.26 0 0.33 0.13669595896278572
0.26 0 0.34 0.20923824051294632
0.26 0 0.35000000000000003 0.1362777142366395
0.26 0 0.36 0.09304449070868452
0.26 0 0.37 0.025438684223755746
0.26 0 0.38 0.07192090394540075
0.26 0 0.39 0.012360670413620465
0.26 0 0.4 0.06945354828326786
0.26 0 0.41000000000000003 0.2954382305337487
0.26 0 0.42 0.12290860178404735
0.26 0 0.43 0.08461530753739985
0.26 0 0.44 0.15424760573475163
0.26 0 0.45 0.09655011046412326
0.26 0 0.46 0.059222862244268405
0.26 0 0.47000000000000003 0.12781694040343447
0.26 0 0.48 0.14734530711138796
0.26 0 0.49 0.2778613284852189
0.26 0 0.5 1.0227461770694124
0.27 0 0.0 0.08446746294461556
0.27 0 0.01 0.07076622397871257
0.27 0 0.02 0.008968480084674855
0.27 0 0.03 0.048334134954103096
0.27 0 0.04 0.11350075174645467
0.27 0 0.05 0.15508204437114642
0.27 0 0.06 0.02354788802651464
0.27 0 0.07 0.08275318903814018
0.27 0 0.08 0.0720499950444447
0.27 0 0.09 0.12975580673332493
0.27 0 0.1 0.20798304752249483
0.27 0 0.11 0.5958472212902087
0.27 0 0.12 0.3708394323841533
0.27 0 0.13 0.4792662269638583
0.27 0 0.14 1.8070688487356736
0.27 0 0.15 0.5360678841013388
0.27 0 0.16 0.2937771596895263
0.27 0 0.17 0.2470711812631744
0.27 0 0.18 0.675152914436275
0.27 0 0.19 1.2664026635803416
0.27 0 0.2 0.9053513962634467
0.27 0 0.21 1.8970204359823313
0.27 0 0.22 1.6313655423073126
0.27 0 0.23 0.44701340380403726
0.27 0 0.24 0.39488142831708556
0.27 0 0.25 0.1509948775626024
0.27 0 0.26 0.06291375219206867
0.27 0 0.27 0.01092095699443932
0.27 0 0.28 0.038725201574003415
0.27 0 0.29 0.015279651971865175
0.27 0 0.3 0.06877378188279612
0.27 0 0.31 0.013565414598366507
0.27 0 0.32 0.03451144085453179
0.27 0 0.33 0.008588648175344212
0.27 0 0.34 0.002584548496610673
0.27 0 0.35000000000000003 0.001277205900060312
0.27 0 0.36 0.0007706995353523469
0.27 0 0.37 0.0032709215777061646
0.27 0 0.38 0.0026663987409724175
0.27 0 0.39 0.004199664072779456
0.27 0 0.4 0.006570550202175518
0.27 0 0.41000000000000003 0.05277848147504474
0.27 0 0.42 0.019966593945903634
0.27 0 0.43 0.016973394106218495
0.27 0 0.44 0.025506777988555607
0.27 0 0.45 0.019479896260517715
0.27 0 0.46 0.005889908913456119
0.27 0 0.47000000000000003 0.002445595745717649
0.27 0 0.48 0.009667987874804655
0.27 0 0.49 0.07493693359207432
0.27 0 0.5 0.18358047514738682
0.28 0 0.0 0.12086355149641699
0.28 0 0.01 0.18307555718045043
0.28 0 0.02 0.39533414361183994
0.28 0 0.03 0.4550039471952232
0.28 0 0.04 1.8508656039133142
0.28 0 0.05 0.860764057249507
0.28 0 0.06 2.673792961354966
0.28 0 0.07 6.277432238166434
0.28 0 0.08 20.883580400031565
0.28 0 0.09 3.426459429053574
0.28 0 0.1 4.369710260945504
0.28 0 0.11 0.6555891831107448
0.28 0 0.12 0.03850198667711614
0.28 0 0.13 0.0695129528669678
0.28 0 0.14 0.05012604533793043
0.28 0 0.15 0.031397485815955826
0.28 0 0.16 0.05417843068455413
0.28 0 0.17 0.21608941212030616
0.28 0 0.18 0.7361565411773776
0.28 0 0.19 2.9394937148506988
0.28 0 0.2 10.715056845900484
0.28 0 0.21 11.588274717331501
0.28 0 0.22 11.009469376837469
0.28 0 0.23 0.7662005537997013
0.28 0 0.24 0.6246567243263809
0.28 0 0.25 0.3078653223335185
0.28 0 0.26 0.09072403618266607
0.28 0 0.27 0.11048728505346815
0.28 0 0.28 0.10653456576931067
0.28 0 0.29 0.0695163643866123
0.28 0 0.3 0.0061701478789382164
0.28 0 0.31 0.008115372115186825
0.28 0 0.32 0.0021220789016451057
0.28 0 0.33 0.0019508828612538269
0.28 0 0.34 0.0039252537120803505
0.28 0 0.35000000000000003 0.0018472455542270691
0.28 0 0.36 0.00020112023632802776
0.28 0 0.37 0.00036862707621119096
0.28 0 0.38 0.0017797368882483283
0.28 0 0.39 0.0006422113248224448
0.28 0 0.4 0.0008182504725877251
0.28 0 0.41000000000000003 0.001482852939414833
0.28 0 0.42 0.0015354105089797098
0.28 0 0.43 0.002715934431350654
0.28 0 0.44 0.0022410205935588126
0.28 0 0.45 0.04493738967176133
0.28 0 0.46 0.0854261972458864
0.28 0 0.47000000000000003 0.16520583622670687
0.28 0 0.48 1.300214796869671
0.28 0 0.49 22.81200472290457
0.28 0 0.5 2.303812789122895
0.29 0 0.0 1.983507516579262
0.29 0 0.01 0.8785835530839013
0.29 0 0.02 1.6105622371977482
0.29 0 0.03 1.3016139119608658
0.29 0 0.04 2.4862709448370555
0.29 0 0.05 1.5088265800818381
0.29 0 0.06 0.4770122902650485
0.29 0 0.07 1.1127390420300798
0.29 0 0.08 0.7781922697339325
0.29 0 0.09 0.24287636114312827
0.29 0 0.1 0.21500381685285225
0.29 0 0.11 0.37955151300623496
0.29 0 0.12 0.5863801451497986
0.29 0 0.13 1.1548090099709236
0.29 0 0.14 1.0611371391318116
0.29 0 0.15 0.5747383079803323
0.29 0 0.16 1.6739989702956846
0.29 0 0.17 6.580288232986748
0.29 0 0.18 3.862235029214968
0.29 0 0.19 2.9208230339623333
0.29 0 0.2 0.8258457258513584
0.29 0 0.21 2.9730677624878585
0.29 0 0.22 0.5045879264465126
0.29 0 0.23 3.0536234147976673
0.29 0 0.24 3.366566444456827
0.29 0 0.25 3.9565653976460187
0.29 0 0.26 0.6231280509685531
0.29 0 0.27 1.1420187924872753
0.29 0 0.28 2.4053091300107043
0.29 0 0.29 0.6159767012257655
0.29 0 0.3 0.10998423253064944
0.29 0 0.31 0.0802800216063052
0.29 0 0.32 0.06480366955355252
0.29 0 0.33 0.0023240943247765503
0.29 0 0.34 0.0023280081287008507
0.29 0 0.35000000000000003 0.0028869851920058057
0.29 0 0.36 0.0009267429376344542
0.29 0 0.37 0.0009440433101583275
0.29 0 0.38 0.0021101689658770276
0.29 0 0.39 0.001366774870243329
0.29 0 0.4 0.002411851444096132
0.29 0 0.41000000000000003 0.005805896285460154
0.29 0 0.42 0.01999301077511274
0.29 0 0.43 0.00452072394792694
0.29 0 0.44 0.0036178155057816066
0.29 0 0.45 0.006737001550147251
0.29 0 0.46 0.03846829481211391
0.29 0 0.47000000000000003 0.0204057065750658
0.29 0 0.48 0.13108282989614775
0.29 0 0.49 0.2180945195675553
0.29 0 0.5 0.07388042051879935
0.3 0 0.0 1.476522252891153
0.3 0 0.01 6.991768965520726
0.3 0 0.02 2.1666410437829944
0.3 0 0.03 6.638368704362346
0.3 0 0.04 14.876402044762045
0.3 0 0.05 4.632176184007577
0.3 0 0.06 1.2403411100383874
0.3 0 0.07 1.4566237901382337
0.3 0 0.08 1.132120368312053
0.3 0 0.09 0.3695976877754643
0.3 0 0.1 0.3846929401626566
0.3 0 0.11 0.24997934059465035
0.3 0 0.12 0.16008091375867559
0.3 0 0.13 0.1179455169449133
0.3 0 0.14 0.08818595603872174
0.3 0 0.15 0.7992517792337068
0.3 0 0.16 0.7957673670204832
0.3 0 0.17 0.5449018845415895
0.3 0 0.18 1.5977051591628257
0.3 0 0.19 1.4264637044775481
0.3 0 0.2 1.5617296642301894
0.3 0 0.21 2.5324790134328437
0.3 0 0.22 4.335773730063538
0.3 0 0.23 1.2004411107551105
0.3 0 0.24 1.614049600030492
0.3 0 0.25 0.5072874453680505
0.3 0 0.26 0.30657387976651973
0.3 0 0.27 0.26277309236682006
0.3 0 0.28 0.1930981820851511
0.3 0 0.29 0.03953843132696974
0.3 0 0.3 0.007734067017727446
0.3 0 0.31 0.011234861866565492
0.3 0 0.32 0.006677196983335746
0.3 0 0.33 0.0017735804572287137
0.3 0 0.34 0.001370363734081761
0.3 0 0.35000000000000003 0.0008934480335721544
0.3 0 0.36 0.00313918807565318
0.3 0 0.37 0.006494602452801183
0.3 0 0.38 0.016785311882525526
0.3 0 0.39 0.00894833594653781
0.3 0 0.4 0.003743063423941899
0.3 0 0.41000000000000003 0.0012520498490980647
0.3 0 0.42 0.0033453572542127426
0.3 0 0.43 0.0012703034929379402
0.3 0 0.44 0.0007134495213975287
0.3 0 0.45 0.004152194975151325
0.3 0 0.46 0.0048815647800955955
0.3 0 0.47000000000000003 0.0016178581024624708
0.3 0 0.48 0.0023693148651388165
0.3 0 0.49 0.007026243307326867
0.3 0 0.5 0.012879148728345231
#STOP
