#MEDIUM_PROPERTIES_DISTRIBUTED
$MSH_TYPE
	 GROUNDWATER_FLOW	
$MMP_TYPE
	 PERMEABILITY	
$DIS_TYPE
	 NEAREST_VALUE	
;hj
$CONVERSION_FACTOR
2e-8;2e-6;2e-13
$DATA
0.0 0 0.0 0.10312215067814179
0.0 0 0.01 0.22168142883272496
0.0 0 0.02 0.2258001807563994
0.0 0 0.03 0.27761300706556497
0.0 0 0.04 0.23038900441232635
0.0 0 0.05 0.25894373222576517
0.0 0 0.06 0.30245104338758594
0.0 0 0.07 0.21139519979924995
0.0 0 0.08 0.37119386663867293
0.0 0 0.09 0.13725217358284783
0.0 0 0.1 0.187023552083472
0.0 0 0.11 0.1632535479310309
0.0 0 0.12 0.24129800557567577
0.0 0 0.13 0.2612149579543718
0.0 0 0.14 0.22771659925146442
0.0 0 0.15 0.30103755730943416
0.0 0 0.16 0.05761154175445899
0.0 0 0.17 0.05263945315574386
0.0 0 0.18 0.018442938708439813
0.0 0 0.19 0.021943540049449508
0.0 0 0.2 0.023128845101886068
0.0 0 0.21 0.009396433751887963
0.0 0 0.22 0.00447197613620419
0.0 0 0.23 0.0009140500706295277
0.0 0 0.24 0.0009307413870233995
0.0 0 0.25 0.0004539794936381283
0.0 0 0.26 0.0008525581043275393
0.0 0 0.27 0.0012217706285994803
0.0 0 0.28 0.0010520060068587615
0.0 0 0.29 0.0017988996991019682
0.0 0 0.3 0.0013900248295693693
0.0 0 0.31 0.0009570635127158872
0.0 0 0.32 0.00028021831524697115
0.0 0 0.33 0.00014823141090827632
0.0 0 0.34 8.170749620982453e-05
0.0 0 0.35000000000000003 0.00010360684176640832
0.0 0 0.36 0.00023399431104954236
0.0 0 0.37 0.00039508195061731147
0.0 0 0.38 0.0008371627882356694
0.0 0 0.39 0.0016259306812242572
0.0 0 0.4 0.0024138506328283543
0.0 0 0.41000000000000003 0.0022934271872171483
0.0 0 0.42 0.0028088095153066023
0.0 0 0.43 0.0019461211155211613
0.0 0 0.44 0.0016607843518904957
0.0 0 0.45 0.0016943016720540834
0.0 0 0.46 0.0011992847395904725
0.0 0 0.47000000000000003 0.0010901839647231822
0.0 0 0.48 0.0009758780978863431
0.0 0 0.49 0.0007150517106993826
0.0 0 0.5 0.00027517137276832174
0.01 0 0.0 0.04012650053745458
0.01 0 0.01 0.03946744777615892
0.01 0 0.02 0.07418681412139451
0.01 0 0.03 0.08109099778357778
0.01 0 0.04 0.14922549243486063
0.01 0 0.05 0.14968325157840925
0.01 0 0.06 0.14450598279745613
0.01 0 0.07 0.19974612780763684
0.01 0 0.08 0.14222649379531782
0.01 0 0.09 0.25157264777809957
0.01 0 0.1 0.23853759253332257
0.01 0 0.11 0.19531709641151979
0.01 0 0.12 0.0656150234368248
0.01 0 0.13 0.053672586047971114
0.01 0 0.14 0.03003579960386751
0.01 0 0.15 0.01491913412516346
0.01 0 0.16 0.010589056344298988
0.01 0 0.17 0.0033705721107140704
0.01 0 0.18 0.0038117546620454693
0.01 0 0.19 0.0027975187535096546
0.01 0 0.2 0.006005035249529473
0.01 0 0.21 0.003764446599103524
0.01 0 0.22 0.0036880380606209807
0.01 0 0.23 0.0028923378358651744
0.01 0 0.24 0.0011555468458763615
0.01 0 0.25 0.0022618549434138676
0.01 0 0.26 0.001026441462996692
0.01 0 0.27 0.001874432686494038
0.01 0 0.28 0.001655150569509309
0.01 0 0.29 0.0030825156954618666
0.01 0 0.3 0.003824984877228995
0.01 0 0.31 0.003029800717884263
0.01 0 0.32 0.005538940669525819
0.01 0 0.33 0.0017382902515180683
0.01 0 0.34 0.002315283826010309
0.01 0 0.35000000000000003 0.0010582015742116558
0.01 0 0.36 0.0008258854135028559
0.01 0 0.37 0.0008875788048316227
0.01 0 0.38 0.0011172269876514348
0.01 0 0.39 0.0016311276754519032
0.01 0 0.4 0.0006965094130821142
0.01 0 0.41000000000000003 0.0005085561702896394
0.01 0 0.42 0.00015099255177591656
0.01 0 0.43 0.00013317852962028937
0.01 0 0.44 0.0001112097055361499
0.01 0 0.45 7.481928436393246e-05
0.01 0 0.46 4.8136227152079753e-05
0.01 0 0.47000000000000003 3.0447324088272517e-05
0.01 0 0.48 1.7941746293715353e-05
0.01 0 0.49 6.901759158395978e-06
0.01 0 0.5 6.2944271444807586e-06
0.02 0 0.0 0.010287725207187322
0.02 0 0.01 0.00711635135763079
0.02 0 0.02 0.009372098303388534
0.02 0 0.03 0.01813715942675976
0.02 0 0.04 0.018299297027620582
0.02 0 0.05 0.029918362990310865
0.02 0 0.06 0.026961326896318062
0.02 0 0.07 0.024766879961772768
0.02 0 0.08 0.0307372060659923
0.02 0 0.09 0.031959686717733644
0.02 0 0.1 0.03226025061111624
0.02 0 0.11 0.027592558381033166
0.02 0 0.12 0.07116359408190955
0.02 0 0.13 0.11907506712294745
0.02 0 0.14 0.1887231934015781
0.02 0 0.15 0.164769900900886
0.02 0 0.16 0.0563256095650984
0.02 0 0.17 0.028924940848234746
0.02 0 0.18 0.02368553498358968
0.02 0 0.19 0.02973511872263441
0.02 0 0.2 0.0198192738217903
0.02 0 0.21 0.020981876759750065
0.02 0 0.22 0.012629526219374378
0.02 0 0.23 0.016030861581508387
0.02 0 0.24 0.02822654426826002
0.02 0 0.25 0.037334836526087094
0.02 0 0.26 0.04063980552009466
0.02 0 0.27 0.021243974731953958
0.02 0 0.28 0.02217082809944276
0.02 0 0.29 0.009765718288397047
0.02 0 0.3 0.021678853071683043
0.02 0 0.31 0.020250456690529172
0.02 0 0.32 0.01602545293254356
0.02 0 0.33 0.016298609677889136
0.02 0 0.34 0.00527370592111045
0.02 0 0.35000000000000003 0.004297854109705892
0.02 0 0.36 0.0014891241648393042
0.02 0 0.37 0.003000028563127747
0.02 0 0.38 0.0015745373819459486
0.02 0 0.39 0.0010266490935196282
0.02 0 0.4 0.0006752473237746837
0.02 0 0.41000000000000003 0.0002114223129830534
0.02 0 0.42 0.000370379902098422
0.02 0 0.43 0.00017243248021185447
0.02 0 0.44 0.0001777883732280233
0.02 0 0.45 7.0362869577981e-05
0.02 0 0.46 5.732616416971589e-05
0.02 0 0.47000000000000003 3.803257968394849e-05
0.02 0 0.48 2.2265135603902965e-05
0.02 0 0.49 2.8408143545078964e-05
0.02 0 0.5 8.568933463716805e-06
0.03 0 0.0 0.001812908829148068
0.03 0 0.01 0.002036037871244004
0.03 0 0.02 0.0011139031328287015
0.03 0 0.03 0.001690398857248646
0.03 0 0.04 0.0013090024508246737
0.03 0 0.05 0.001961633572905361
0.03 0 0.06 0.0013996063213575515
0.03 0 0.07 0.0012924436566517817
0.03 0 0.08 0.0016148679326327096
0.03 0 0.09 0.0009103685002626769
0.03 0 0.1 0.0012984195764658127
0.03 0 0.11 0.001580060121338311
0.03 0 0.12 0.0025208179903327466
0.03 0 0.13 0.004204165575788351
0.03 0 0.14 0.003994251237777115
0.03 0 0.15 0.0020602669193916833
0.03 0 0.16 0.0009871789143114582
0.03 0 0.17 0.0009221516587307121
0.03 0 0.18 0.0007460637599059411
0.03 0 0.19 0.0005821140593573783
0.03 0 0.2 0.000638888813294255
0.03 0 0.21 0.0005603214960438174
0.03 0 0.22 0.000746514259525391
0.03 0 0.23 0.0014012198644050345
0.03 0 0.24 0.0019356693305419555
0.03 0 0.25 0.002114253039015631
0.03 0 0.26 0.0021809082331672737
0.03 0 0.27 0.0019961426457319647
0.03 0 0.28 0.0022716738868794454
0.03 0 0.29 0.0043534532869891
0.03 0 0.3 0.005455935456849117
0.03 0 0.31 0.008113352850177948
0.03 0 0.32 0.011685541642398383
0.03 0 0.33 0.014677726554484499
0.03 0 0.34 0.008600808246646883
0.03 0 0.35000000000000003 0.00802460996187465
0.03 0 0.36 0.013129735576696772
0.03 0 0.37 0.01377587977088007
0.03 0 0.38 0.03867965932456377
0.03 0 0.39 0.03534616987113239
0.03 0 0.4 0.04680489844957407
0.03 0 0.41000000000000003 0.030466469526998403
0.03 0 0.42 0.01401022535723619
0.03 0 0.43 0.00565830050660719
0.03 0 0.44 0.001206396086683279
0.03 0 0.45 0.0010740577979315533
0.03 0 0.46 0.00028504771676859323
0.03 0 0.47000000000000003 0.0003771621489384965
0.03 0 0.48 0.00021035729780824296
0.03 0 0.49 7.043503171670354e-05
0.03 0 0.5 4.260065154219506e-05
0.04 0 0.0 0.00040555761858225873
0.04 0 0.01 0.0007050328427742579
0.04 0 0.02 0.0008579740590560478
0.04 0 0.03 0.0009475182510712685
0.04 0 0.04 0.0011120441550969593
0.04 0 0.05 0.00023731650600072697
0.04 0 0.06 0.0002881347782716021
0.04 0 0.07 0.00011656970986109256
0.04 0 0.08 0.0001342370266390947
0.04 0 0.09 0.00010073597355912353
0.04 0 0.1 7.270599287683179e-05
0.04 0 0.11 0.00012720684537542948
0.04 0 0.12 0.00017439685345207575
0.04 0 0.13 0.0007845707145767599
0.04 0 0.14 0.0005551277147372195
0.04 0 0.15 0.0008660306399606462
0.04 0 0.16 0.0007644870312708741
0.04 0 0.17 0.0005005241855472542
0.04 0 0.18 0.0006414719660605672
0.04 0 0.19 0.0005614944565058694
0.04 0 0.2 0.0006764678762788008
0.04 0 0.21 0.00040075756021875844
0.04 0 0.22 0.0004362573468229513
0.04 0 0.23 0.00030596778712983444
0.04 0 0.24 0.00028769641761296227
0.04 0 0.25 0.0003622606913525474
0.04 0 0.26 0.00036574957400467464
0.04 0 0.27 0.0005070653538947122
0.04 0 0.28 0.0006770727180338773
0.04 0 0.29 0.0008277039365773708
0.04 0 0.3 0.0011370330703109356
0.04 0 0.31 0.0028150526671581514
0.04 0 0.32 0.0027012096728064633
0.04 0 0.33 0.001585066433161483
0.04 0 0.34 0.0010151290107021154
0.04 0 0.35000000000000003 0.0008048024163599557
0.04 0 0.36 0.0010616743829692963
0.04 0 0.37 0.001712022687819004
0.04 0 0.38 0.002681214449769266
0.04 0 0.39 0.002254486080588185
0.04 0 0.4 0.002464050603731927
0.04 0 0.41000000000000003 0.0028087587876859006
0.04 0 0.42 0.0019048440978857574
0.04 0 0.43 0.0016732831426653292
0.04 0 0.44 0.0006314290387788676
0.04 0 0.45 0.0002461773124536456
0.04 0 0.46 0.000203630416595023
0.04 0 0.47000000000000003 0.00016930222790421986
0.04 0 0.48 0.00021999309662860438
0.04 0 0.49 0.0001682200171743046
0.04 0 0.5 0.00022704748824774543
0.05 0 0.0 0.0004292860521646053
0.05 0 0.01 0.00026544647616730607
0.05 0 0.02 0.0003674494538676044
0.05 0 0.03 0.00023132098430448848
0.05 0 0.04 0.00014737697560846506
0.05 0 0.05 0.0002301642427291019
0.05 0 0.06 0.00032708788925199734
0.05 0 0.07 0.0009947326887766604
0.05 0 0.08 0.0007848691897587811
0.05 0 0.09 0.0010881898104099037
0.05 0 0.1 0.0005618303846344714
0.05 0 0.11 0.001076801796573251
0.05 0 0.12 0.0016133250530979983
0.05 0 0.13 0.0011676455192481915
0.05 0 0.14 0.0026735076303617635
0.05 0 0.15 0.0015209590990856322
0.05 0 0.16 0.0032151657722742414
0.05 0 0.17 0.0024518271873974155
0.05 0 0.18 0.003917693167298052
0.05 0 0.19 0.0021361945837944348
0.05 0 0.2 0.0009205082594436914
0.05 0 0.21 0.0013755933624979863
0.05 0 0.22 0.0007394607810847458
0.05 0 0.23 0.002252267995586382
0.05 0 0.24 0.0020153821269346854
0.05 0 0.25 0.002798311374880102
0.05 0 0.26 0.002506125317827352
0.05 0 0.27 0.002186489779236521
0.05 0 0.28 0.0029907063429534886
0.05 0 0.29 0.0036473039357642423
0.05 0 0.3 0.01436651762526376
0.05 0 0.31 0.011612434155365604
0.05 0 0.32 0.009961305687640143
0.05 0 0.33 0.005439685014971457
0.05 0 0.34 0.0038479589564426116
0.05 0 0.35000000000000003 0.004005692404514155
0.05 0 0.36 0.005285480401279877
0.05 0 0.37 0.004951228228857832
0.05 0 0.38 0.002109808153315519
0.05 0 0.39 0.002056182870061847
0.05 0 0.4 0.0015186726203993348
0.05 0 0.41000000000000003 0.0023683948273900413
0.05 0 0.42 0.0027804624701909483
0.05 0 0.43 0.002873698427141142
0.05 0 0.44 0.0023835119366537173
0.05 0 0.45 0.0026567105305046303
0.05 0 0.46 0.004665273282990455
0.05 0 0.47000000000000003 0.003452446896843224
0.05 0 0.48 0.005007723068793811
0.05 0 0.49 0.0036797631689609854
0.05 0 0.5 0.00325975471121708
0.06 0 0.0 0.0024183243196865254
0.06 0 0.01 0.006699290374615155
0.06 0 0.02 0.008887316762758593
0.06 0 0.03 0.01238915801182702
0.06 0 0.04 0.017149963202968622
0.06 0 0.05 0.017954933511053515
0.06 0 0.06 0.019525047968367404
0.06 0 0.07 0.014453476179352574
0.06 0 0.08 0.011630541857434009
0.06 0 0.09 0.0070958698552590765
0.06 0 0.1 0.010531902491848804
0.06 0 0.11 0.007714970773196926
0.06 0 0.12 0.007148788616236029
0.06 0 0.13 0.006440164173766232
0.06 0 0.14 0.005591442795849734
0.06 0 0.15 0.005739126926421106
0.06 0 0.16 0.005198761477196933
0.06 0 0.17 0.00752126530803243
0.06 0 0.18 0.002330280866317926
0.06 0 0.19 0.0025616411765696564
0.06 0 0.2 0.0015019173882227877
0.06 0 0.21 0.001558590549274507
0.06 0 0.22 0.0025932094247311326
0.06 0 0.23 0.0028936304011489837
0.06 0 0.24 0.00856447878793865
0.06 0 0.25 0.007188635789899708
0.06 0 0.26 0.017742495147566734
0.06 0 0.27 0.007175311532509017
0.06 0 0.28 0.007152636318840949
0.06 0 0.29 0.008591468228305085
0.06 0 0.3 0.005100216832057209
0.06 0 0.31 0.008508741818958004
0.06 0 0.32 0.0029572062053962174
0.06 0 0.33 0.0024497667335599458
0.06 0 0.34 0.0007611982177709959
0.06 0 0.35000000000000003 0.0006684394362708897
0.06 0 0.36 0.0003244406616659252
0.06 0 0.37 0.00014257779542013334
0.06 0 0.38 0.00019676795454252115
0.06 0 0.39 0.0001303415413790303
0.06 0 0.4 0.00028743707835681694
0.06 0 0.41000000000000003 0.0003419456431071201
0.06 0 0.42 0.0005945591852118745
0.06 0 0.43 0.0005214799254314108
0.06 0 0.44 0.000781386338562846
0.06 0 0.45 0.0009289506394639951
0.06 0 0.46 0.0007509436911408045
0.06 0 0.47000000000000003 0.0010398618708488427
0.06 0 0.48 0.0007155895226803287
0.06 0 0.49 0.0012477730010128315
0.06 0 0.5 0.0013787305095571151
0.07 0 0.0 0.0017350692647119324
0.07 0 0.01 0.0023693861618204206
0.07 0 0.02 0.0024034663640307577
0.07 0 0.03 0.002427400377372002
0.07 0 0.04 0.002778590585321149
0.07 0 0.05 0.0031324932252274587
0.07 0 0.06 0.004487627921237305
0.07 0 0.07 0.002920840871052728
0.07 0 0.08 0.0012446386275800213
0.07 0 0.09 0.0006374677514985884
0.07 0 0.1 0.00026810075916945035
0.07 0 0.11 0.00021488433129831605
0.07 0 0.12 0.00027897046456077686
0.07 0 0.13 0.00031821597707528673
0.07 0 0.14 0.0003429364496214498
0.07 0 0.15 0.00043150200938586915
0.07 0 0.16 0.00045475116023792973
0.07 0 0.17 0.0004479023637275563
0.07 0 0.18 0.0008178840610836173
0.07 0 0.19 0.001177721184789095
0.07 0 0.2 0.0015195957674234435
0.07 0 0.21 0.001550965604762797
0.07 0 0.22 0.001830408301347036
0.07 0 0.23 0.0014209233134873914
0.07 0 0.24 0.001541110908100283
0.07 0 0.25 0.0011871289319932655
0.07 0 0.26 0.0003183619513386195
0.07 0 0.27 0.00022415208274634786
0.07 0 0.28 0.00012466010158186303
0.07 0 0.29 0.0002582394321069372
0.07 0 0.3 0.0003691263823776004
0.07 0 0.31 0.0004833883567866196
0.07 0 0.32 0.0004230220028313223
0.07 0 0.33 0.0002760407989118773
0.07 0 0.34 0.000771063552483944
0.07 0 0.35000000000000003 0.000475191339917887
0.07 0 0.36 0.0010891592730686653
0.07 0 0.37 0.0009584162440454231
0.07 0 0.38 0.0010135005795260299
0.07 0 0.39 0.0020306102309668697
0.07 0 0.4 0.003589041727842047
0.07 0 0.41000000000000003 0.01404086651654515
0.07 0 0.42 0.009280936585565698
0.07 0 0.43 0.016270398802315688
0.07 0 0.44 0.006610294963714986
0.07 0 0.45 0.00464607908636849
0.07 0 0.46 0.004358865379200961
0.07 0 0.47000000000000003 0.0031427427241983033
0.07 0 0.48 0.006290312009946412
0.07 0 0.49 0.005656152616661575
0.07 0 0.5 0.007023799939301939
0.08 0 0.0 0.0013050902028827875
0.08 0 0.01 0.0005656973289871116
0.08 0 0.02 0.0005476663306087724
0.08 0 0.03 0.00012278728746380102
0.08 0 0.04 0.0001377240045957305
0.08 0 0.05 0.00012715589619799738
0.08 0 0.06 0.00012278447153016135
0.08 0 0.07 0.0001809314088915437
0.08 0 0.08 0.00021734250645126133
0.08 0 0.09 0.0005092859241729049
0.08 0 0.1 0.000719404261990721
0.08 0 0.11 0.0018541404154972243
0.08 0 0.12 0.002077751980576603
0.08 0 0.13 0.0026138223296311883
0.08 0 0.14 0.003879672940324534
0.08 0 0.15 0.0036619148128421877
0.08 0 0.16 0.0037635961532089105
0.08 0 0.17 0.003716829179338073
0.08 0 0.18 0.0029760847346350927
0.08 0 0.19 0.0020015164599413372
0.08 0 0.2 0.002505252117793129
0.08 0 0.21 0.002543674891413591
0.08 0 0.22 0.003432000041460361
0.08 0 0.23 0.006038324357613502
0.08 0 0.24 0.007358713124512401
0.08 0 0.25 0.005270648577378921
0.08 0 0.26 0.0038229765699756327
0.08 0 0.27 0.005104763775061637
0.08 0 0.28 0.007136418049604394
0.08 0 0.29 0.012982417677914828
0.08 0 0.3 0.013578068842101434
0.08 0 0.31 0.007750936377087306
0.08 0 0.32 0.010323775904374758
0.08 0 0.33 0.013150144395820417
0.08 0 0.34 0.019701152077235197
0.08 0 0.35000000000000003 0.029423825938502058
0.08 0 0.36 0.023602829767041474
0.08 0 0.37 0.019704389593859343
0.08 0 0.38 0.015130021090435068
0.08 0 0.39 0.043843163510722545
0.08 0 0.4 0.057219075871828055
0.08 0 0.41000000000000003 0.0789993498731155
0.08 0 0.42 0.12151889944832123
0.08 0 0.43 0.06795326768684584
0.08 0 0.44 0.09741141748107937
0.08 0 0.45 0.048057468536141734
0.08 0 0.46 0.05229376740781959
0.08 0 0.47000000000000003 0.035519307338781
0.08 0 0.48 0.030114587420433308
0.08 0 0.49 0.020478646669571412
0.08 0 0.5 0.006319956922457824
0.09 0 0.0 0.00026620710516589424
0.09 0 0.01 0.0002585468615932797
0.09 0 0.02 0.0001536811002592943
0.09 0 0.03 0.00025015851841083043
0.09 0 0.04 0.000124429864961489
0.09 0 0.05 0.0001931032921432353
0.09 0 0.06 9.773300376518892e-05
0.09 0 0.07 0.00018740238624064885
0.09 0 0.08 0.00013585790704364126
0.09 0 0.09 9.354013644373343e-05
0.09 0 0.1 0.00012261844554190086
0.09 0 0.11 5.4017842305209374e-05
0.09 0 0.12 0.0001739437331101742
0.09 0 0.13 0.00025908876509621776
0.09 0 0.14 0.0009856417682574826
0.09 0 0.15 0.00199781587475244
0.09 0 0.16 0.004127269225036368
0.09 0 0.17 0.007781374115504616
0.09 0 0.18 0.008514812561709535
0.09 0 0.19 0.02408067076220488
0.09 0 0.2 0.017135394344303816
0.09 0 0.21 0.026714756020571023
0.09 0 0.22 0.047494330182119786
0.09 0 0.23 0.10593968880064751
0.09 0 0.24 0.14755813461758888
0.09 0 0.25 0.17544457751017048
0.09 0 0.26 0.19965660456498796
0.09 0 0.27 0.1572365645727513
0.09 0 0.28 0.21572412376756653
0.09 0 0.29 0.11788790121565808
0.09 0 0.3 0.0732447214242582
0.09 0 0.31 0.032208290420605246
0.09 0 0.32 0.018930464405996803
0.09 0 0.33 0.011380529221547305
0.09 0 0.34 0.011651354974594673
0.09 0 0.35000000000000003 0.015281116613133935
0.09 0 0.36 0.009034365970942003
0.09 0 0.37 0.014254019340134108
0.09 0 0.38 0.01393253308784064
0.09 0 0.39 0.014587890996929191
0.09 0 0.4 0.020123924887764284
0.09 0 0.41000000000000003 0.03385776436406167
0.09 0 0.42 0.08308322246881465
0.09 0 0.43 0.11805195789736357
0.09 0 0.44 0.2009379738402612
0.09 0 0.45 0.17393785485334362
0.09 0 0.46 0.19605645606325658
0.09 0 0.47000000000000003 0.35556225032563243
0.09 0 0.48 0.23803163015353787
0.09 0 0.49 0.2564537148537379
0.09 0 0.5 0.16401373741666403
0.1 0 0.0 0.0007087857829390292
0.1 0 0.01 0.0003864337000432442
0.1 0 0.02 0.0002231613857423887
0.1 0 0.03 0.00017553092798900787
0.1 0 0.04 0.0001692836747830347
0.1 0 0.05 0.00020424039102993227
0.1 0 0.06 0.00046802704741611984
0.1 0 0.07 0.00022637657717435142
0.1 0 0.08 0.0002530578158136737
0.1 0 0.09 9.619328397531512e-05
0.1 0 0.1 6.521437521697646e-05
0.1 0 0.11 5.823900922627784e-05
0.1 0 0.12 4.9965217567957276e-05
0.1 0 0.13 9.890868731022983e-05
0.1 0 0.14 7.400532165301516e-05
0.1 0 0.15 0.0002853534455176457
0.1 0 0.16 0.0002925161464923156
0.1 0 0.17 0.0010502363812928965
0.1 0 0.18 0.0018278608570704868
0.1 0 0.19 0.000900306734911385
0.1 0 0.2 0.0011223012933209353
0.1 0 0.21 0.0009254150187677924
0.1 0 0.22 0.0040116505944307
0.1 0 0.23 0.0047755136414881294
0.1 0 0.24 0.012231603540216152
0.1 0 0.25 0.010713028927636864
0.1 0 0.26 0.009056471211697467
0.1 0 0.27 0.01991927729896012
0.1 0 0.28 0.01972582739390077
0.1 0 0.29 0.0473488020384521
0.1 0 0.3 0.04737407250429416
0.1 0 0.31 0.08801887736386786
0.1 0 0.32 0.11044609066456254
0.1 0 0.33 0.29252505805663337
0.1 0 0.34 0.4042880549367999
0.1 0 0.35000000000000003 0.2762145412026696
0.1 0 0.36 0.29208421618635805
0.1 0 0.37 0.1731160084143751
0.1 0 0.38 0.2332879034062772
0.1 0 0.39 0.3098936686480059
0.1 0 0.4 1.0976149804155186
0.1 0 0.41000000000000003 1.44051400822215
0.1 0 0.42 2.22897459428137
0.1 0 0.43 2.0458352490564335
0.1 0 0.44 1.0671579079476694
0.1 0 0.45 1.8447000039562997
0.1 0 0.46 1.686310837511023
0.1 0 0.47000000000000003 2.3896614077250904
0.1 0 0.48 1.284124236074363
0.1 0 0.49 1.1000838307055276
0.1 0 0.5 0.9921759395939981
0.11 0 0.0 0.0029975798690378675
0.11 0 0.01 0.002038801232532971
0.11 0 0.02 0.0011297634355113295
0.11 0 0.03 0.0006207886613771006
0.11 0 0.04 0.0005578965969208691
0.11 0 0.05 0.0005375445745779019
0.11 0 0.06 0.00039440091401620766
0.11 0 0.07 0.0004451631300278588
0.11 0 0.08 0.00041364626052655605
0.11 0 0.09 0.00039294011654663025
0.11 0 0.1 0.00040639702327948085
0.11 0 0.11 0.0006979717648543757
0.11 0 0.12 0.0008752160354496129
0.11 0 0.13 0.001495454032466718
0.11 0 0.14 0.002013416807792868
0.11 0 0.15 0.001701090643709397
0.11 0 0.16 0.0037458804741735165
0.11 0 0.17 0.003226701822268844
0.11 0 0.18 0.0037236980501030624
0.11 0 0.19 0.0023832878118277756
0.11 0 0.2 0.0034066308495691176
0.11 0 0.21 0.003721096561704522
0.11 0 0.22 0.002515788190037055
0.11 0 0.23 0.0037744140243308848
0.11 0 0.24 0.0011069170408415769
0.11 0 0.25 0.0016496501905825642
0.11 0 0.26 0.001314396143203142
0.11 0 0.27 0.0016614079466294005
0.11 0 0.28 0.0015389113769336163
0.11 0 0.29 0.0008802491590906078
0.11 0 0.3 0.001370024254324529
0.11 0 0.31 0.0011199556387403644
0.11 0 0.32 0.0066337922946541955
0.11 0 0.33 0.008940704052106212
0.11 0 0.34 0.017295611223189667
0.11 0 0.35000000000000003 0.02319358960818643
0.11 0 0.36 0.01764426857085233
0.11 0 0.37 0.026519853444454598
0.11 0 0.38 0.030139345652169046
0.11 0 0.39 0.10181482443075524
0.11 0 0.4 0.1350402745193458
0.11 0 0.41000000000000003 0.4776390887322355
0.11 0 0.42 0.5485338807571131
0.11 0 0.43 0.5369889508945827
0.11 0 0.44 0.6888347966857902
0.11 0 0.45 0.7978569028095899
0.11 0 0.46 1.1951384211418994
0.11 0 0.47000000000000003 0.9139552335890574
0.11 0 0.48 1.5965909938222163
0.11 0 0.49 1.03743580189223
0.11 0 0.5 2.3977630317928282
0.12 0 0.0 0.0029000750496953
0.12 0 0.01 0.0019088098111941154
0.12 0 0.02 0.000947386989671242
0.12 0 0.03 0.0005034687703571981
0.12 0 0.04 0.00023486220750043674
0.12 0 0.05 0.00019818812212023582
0.12 0 0.06 0.0002805628191999124
0.12 0 0.07 0.0003671208930787253
0.12 0 0.08 0.0002665563014262723
0.12 0 0.09 0.000268992428233181
0.12 0 0.1 0.00028793450414799006
0.12 0 0.11 0.00046158384638415634
0.12 0 0.12 0.0008445238400566236
0.12 0 0.13 0.0012341034831719207
0.12 0 0.14 0.0016785470998656833
0.12 0 0.15 0.003712487374135415
0.12 0 0.16 0.010802935052165487
0.12 0 0.17 0.017201294969632002
0.12 0 0.18 0.029928944982544742
0.12 0 0.19 0.036963751952859634
0.12 0 0.2 0.030114660591987336
0.12 0 0.21 0.04451595530979382
0.12 0 0.22 0.04627593481669504
0.12 0 0.23 0.043483507862411605
0.12 0 0.24 0.04381018251222627
0.12 0 0.25 0.05019213319499203
0.12 0 0.26 0.07286697582107568
0.12 0 0.27 0.07036183885413726
0.12 0 0.28 0.15872713714601577
0.12 0 0.29 0.13581340586407634
0.12 0 0.3 0.18028962397166545
0.12 0 0.31 0.2744737243369281
0.12 0 0.32 0.19743491959063897
0.12 0 0.33 0.3761477561749838
0.12 0 0.34 0.30227573603217217
0.12 0 0.35000000000000003 0.5085359000337865
0.12 0 0.36 0.3152122759033323
0.12 0 0.37 0.30139757538148326
0.12 0 0.38 0.2783511015011529
0.12 0 0.39 0.22675726535334884
0.12 0 0.4 0.9202336284541834
0.12 0 0.41000000000000003 0.6880677102498126
0.12 0 0.42 0.9231768971163359
0.12 0 0.43 0.6422121123333788
0.12 0 0.44 0.818263959796002
0.12 0 0.45 1.02125507760315
0.12 0 0.46 1.0487852692245039
0.12 0 0.47000000000000003 1.4293852233662843
0.12 0 0.48 0.5556416009147287
0.12 0 0.49 0.6754600349106363
0.12 0 0.5 0.36334281567089066
0.13 0 0.0 0.0020744833864957766
0.13 0 0.01 0.005654239871184547
0.13 0 0.02 0.00442694163600387
0.13 0 0.03 0.009342485959692502
0.13 0 0.04 0.011369163916203458
0.13 0 0.05 0.02553472092988163
0.13 0 0.06 0.03767315903176827
0.13 0 0.07 0.02147207685108899
0.13 0 0.08 0.030617769946316212
0.13 0 0.09 0.01562948834207679
0.13 0 0.1 0.015151340365322714
0.13 0 0.11 0.006622695827056047
0.13 0 0.12 0.0022492841594388686
0.13 0 0.13 0.0006936200136169732
0.13 0 0.14 0.0006088209975352789
0.13 0 0.15 0.001270661784865986
0.13 0 0.16 0.0023631597814882627
0.13 0 0.17 0.006237370005202867
0.13 0 0.18 0.0064765152855696785
0.13 0 0.19 0.009199549947708208
0.13 0 0.2 0.01320803223336905
0.13 0 0.21 0.02516626368404887
0.13 0 0.22 0.02540628695750978
0.13 0 0.23 0.030499796475552475
0.13 0 0.24 0.041373993402102696
0.13 0 0.25 0.028337065567243087
0.13 0 0.26 0.041488661243209615
0.13 0 0.27 0.02909680728865514
0.13 0 0.28 0.01697154819400068
0.13 0 0.29 0.008781981044191289
0.13 0 0.3 0.006461546722506209
0.13 0 0.31 0.009274540410619554
0.13 0 0.32 0.016342484686066208
0.13 0 0.33 0.07153122264086928
0.13 0 0.34 0.1592059858708444
0.13 0 0.35000000000000003 0.2896790644317368
0.13 0 0.36 0.4135534749766038
0.13 0 0.37 0.23844742930826676
0.13 0 0.38 0.403941627508245
0.13 0 0.39 0.6068491382009158
0.13 0 0.4 0.7363267085110053
0.13 0 0.41000000000000003 0.7139482942842077
0.13 0 0.42 0.7776941606699932
0.13 0 0.43 2.080092885362644
0.13 0 0.44 2.917904301045226
0.13 0 0.45 9.206968727076525
0.13 0 0.46 7.412817116623929
0.13 0 0.47000000000000003 4.194372877276045
0.13 0 0.48 4.309457811319806
0.13 0 0.49 3.5072435625415586
0.13 0 0.5 8.610129233304708
0.14 0 0.0 0.12933970578793869
0.14 0 0.01 0.11802630271901418
0.14 0 0.02 0.127564129011166
0.14 0 0.03 0.05685640909504992
0.14 0 0.04 0.1399132394756213
0.14 0 0.05 0.06624010362875554
0.14 0 0.06 0.10679167480232668
0.14 0 0.07 0.10522443684009325
0.14 0 0.08 0.08507853957321733
0.14 0 0.09 0.15853071995396895
0.14 0 0.1 0.11610470358123719
0.14 0 0.11 0.1831741411304035
0.14 0 0.12 0.053796136090695376
0.14 0 0.13 0.06865536363878175
0.14 0 0.14 0.046730143018462636
0.14 0 0.15 0.040525688411753975
0.14 0 0.16 0.05313319412891611
0.14 0 0.17 0.026311673706687983
0.14 0 0.18 0.03343059894030827
0.14 0 0.19 0.021026976822693604
0.14 0 0.2 0.023452759435488284
0.14 0 0.21 0.012349524966725617
0.14 0 0.22 0.01895019171799401
0.14 0 0.23 0.0302602269287535
0.14 0 0.24 0.05223119314688135
0.14 0 0.25 0.16523492749878685
0.14 0 0.26 0.20496055999699367
0.14 0 0.27 0.207612460905918
0.14 0 0.28 0.10164867009500705
0.14 0 0.29 0.1132767750894862
0.14 0 0.3 0.056118952625653015
0.14 0 0.31 0.05732551579189718
0.14 0 0.32 0.05597728345950408
0.14 0 0.33 0.04720811714404767
0.14 0 0.34 0.08046161528204623
0.14 0 0.35000000000000003 0.053008125661112696
0.14 0 0.36 0.06189030270461667
0.14 0 0.37 0.04914251676060125
0.14 0 0.38 0.09017517113645684
0.14 0 0.39 0.07874945028229406
0.14 0 0.4 0.05847950295875686
0.14 0 0.41000000000000003 0.0920211779667651
0.14 0 0.42 0.0684635746910607
0.14 0 0.43 0.16077507365455806
0.14 0 0.44 0.27735170292485756
0.14 0 0.45 0.35708100721830094
0.14 0 0.46 0.31981797646939014
0.14 0 0.47000000000000003 0.23741900287681322
0.14 0 0.48 0.3541118226531346
0.14 0 0.49 0.44339741165854957
0.14 0 0.5 1.1098701081910414
0.15 0 0.0 0.03401110091330124
0.15 0 0.01 0.04187176489968035
0.15 0 0.02 0.0885235215253612
0.15 0 0.03 0.2157683235005268
0.15 0 0.04 0.3422491358969395
0.15 0 0.05 0.7293880399858269
0.15 0 0.06 0.4533856585239922
0.15 0 0.07 0.40593983286024227
0.15 0 0.08 0.3029608001743007
0.15 0 0.09 0.847604255677405
0.15 0 0.1 1.2440067522557297
0.15 0 0.11 0.917269910542542
0.15 0 0.12 1.1125615900821355
0.15 0 0.13 0.2939715441637352
0.15 0 0.14 0.3231144902931708
0.15 0 0.15 0.14671756124563315
0.15 0 0.16 0.16034889783485726
0.15 0 0.17 0.13962262571958176
0.15 0 0.18 0.10400812869289136
0.15 0 0.19 0.11193817962486995
0.15 0 0.2 0.035495210575941426
0.15 0 0.21 0.05897511094471463
0.15 0 0.22 0.02182959874814066
0.15 0 0.23 0.022345932453791104
0.15 0 0.24 0.02317524562278448
0.15 0 0.25 0.02128812690325868
0.15 0 0.26 0.029056783153975717
0.15 0 0.27 0.028715943031966888
0.15 0 0.28 0.06870616589685864
0.15 0 0.29 0.036730603985438905
0.15 0 0.3 0.04633538787696129
0.15 0 0.31 0.03249997136240494
0.15 0 0.32 0.04428057695062728
0.15 0 0.33 0.06907555346331569
0.15 0 0.34 0.05462097669267438
0.15 0 0.35000000000000003 0.0312950437033781
0.15 0 0.36 0.012158419280457872
0.15 0 0.37 0.016339860262810146
0.15 0 0.38 0.010877409926830665
0.15 0 0.39 0.028219570897750512
0.15 0 0.4 0.03140571666299701
0.15 0 0.41000000000000003 0.03568629181497353
0.15 0 0.42 0.05651438344462662
0.15 0 0.43 0.09371378665818964
0.15 0 0.44 0.26241279473584445
0.15 0 0.45 0.20887208086999703
0.15 0 0.46 0.4498514593714477
0.15 0 0.47000000000000003 0.24390706619779653
0.15 0 0.48 0.31720260424582153
0.15 0 0.49 0.48307825627860645
0.15 0 0.5 0.41322623949382303
0.16 0 0.0 0.03745753757567852
0.16 0 0.01 0.04991478510096091
0.16 0 0.02 0.08335562776796045
0.16 0 0.03 0.1266924526174095
0.16 0 0.04 0.18320210886877233
0.16 0 0.05 0.16617632635051457
0.16 0 0.06 0.08282813038661749
0.16 0 0.07 0.09940220101701329
0.16 0 0.08 0.15987501923549483
0.16 0 0.09 0.1371236360823363
0.16 0 0.1 0.10212609158566992
0.16 0 0.11 0.047589612265293374
0.16 0 0.12 0.025423823218860053
0.16 0 0.13 0.016620175046895565
0.16 0 0.14 0.015929046198615335
0.16 0 0.15 0.01850287088437683
0.16 0 0.16 0.015584512356967813
0.16 0 0.17 0.034462194130233346
0.16 0 0.18 0.03678266150156982
0.16 0 0.19 0.0849840983698553
0.16 0 0.2 0.1691823080964546
0.16 0 0.21 0.13240573628706842
0.16 0 0.22 0.18281377805508708
0.16 0 0.23 0.11727322520258085
0.16 0 0.24 0.19058281646607997
0.16 0 0.25 0.1435930564494184
0.16 0 0.26 0.36082150263115936
0.16 0 0.27 0.6338112318692268
0.16 0 0.28 0.42878447247722573
0.16 0 0.29 0.5587402210201843
0.16 0 0.3 0.17727146707583805
0.16 0 0.31 0.22143417311955704
0.16 0 0.32 0.16641478464052697
0.16 0 0.33 0.21189107700807452
0.16 0 0.34 0.1595587230463779
0.16 0 0.35000000000000003 0.13538316014989732
0.16 0 0.36 0.21868084117721245
0.16 0 0.37 0.1226091210813751
0.16 0 0.38 0.1411865491778765
0.16 0 0.39 0.031811690468120435
0.16 0 0.4 0.010979331939665375
0.16 0 0.41000000000000003 0.005060979778977966
0.16 0 0.42 0.007683291640663067
0.16 0 0.43 0.012695787064680775
0.16 0 0.44 0.0175973489083375
0.16 0 0.45 0.026324057121763694
0.16 0 0.46 0.010108513739956223
0.16 0 0.47000000000000003 0.013939130734388249
0.16 0 0.48 0.010108341748323982
0.16 0 0.49 0.015284350370861384
0.16 0 0.5 0.011136702073446969
0.17 0 0.0 0.003950081730085748
0.17 0 0.01 0.00460234549051849
0.17 0 0.02 0.004652839898237253
0.17 0 0.03 0.006036526021622689
0.17 0 0.04 0.005646303172070852
0.17 0 0.05 0.003340968104258928
0.17 0 0.06 0.005668092504869859
0.17 0 0.07 0.008747441627562543
0.17 0 0.08 0.017250541012701917
0.17 0 0.09 0.023122166080709095
0.17 0 0.1 0.03173494790987721
0.17 0 0.11 0.016811116191995674
0.17 0 0.12 0.009516043996573444
0.17 0 0.13 0.006109749876325524
0.17 0 0.14 0.0029712418427819344
0.17 0 0.15 0.0045991917079772964
0.17 0 0.16 0.007241765408016113
0.17 0 0.17 0.018293178740910018
0.17 0 0.18 0.0356154188029648
0.17 0 0.19 0.055597949314686756
0.17 0 0.2 0.06667014262300164
0.17 0 0.21 0.06602398940400327
0.17 0 0.22 0.12894188891009395
0.17 0 0.23 0.09745441132572794
0.17 0 0.24 0.08063043971544032
0.17 0 0.25 0.09011954437755998
0.17 0 0.26 0.06230520156031
0.17 0 0.27 0.08397533144506227
0.17 0 0.28 0.06577891721420401
0.17 0 0.29 0.04580704046957212
0.17 0 0.3 0.022993820110936633
0.17 0 0.31 0.012872171923348235
0.17 0 0.32 0.010776191409835816
0.17 0 0.33 0.003852727128868522
0.17 0 0.34 0.005156226154407451
0.17 0 0.35000000000000003 0.004147092254970077
0.17 0 0.36 0.0054423099612491916
0.17 0 0.37 0.007937099324573956
0.17 0 0.38 0.0038169680870132677
0.17 0 0.39 0.0025823313457857466
0.17 0 0.4 0.0009354203693369679
0.17 0 0.41000000000000003 0.0010875755506653188
0.17 0 0.42 0.0008065102897692095
0.17 0 0.43 0.001605333020084539
0.17 0 0.44 0.002877919735414602
0.17 0 0.45 0.0026568167456134002
0.17 0 0.46 0.005682015073130053
0.17 0 0.47000000000000003 0.005345833687186329
0.17 0 0.48 0.006881847995888412
0.17 0 0.49 0.0052133762310853995
0.17 0 0.5 0.010076880953233268
0.18 0 0.0 0.004497395874855656
0.18 0 0.01 0.002388871031837406
0.18 0 0.02 0.008775674757109856
0.18 0 0.03 0.008385100274992402
0.18 0 0.04 0.006629137155501318
0.18 0 0.05 0.0053255597199364105
0.18 0 0.06 0.001949297366575715
0.18 0 0.07 0.002051778100819485
0.18 0 0.08 0.0016713415815720956
0.18 0 0.09 0.003801495345916297
0.18 0 0.1 0.00315075984866897
0.18 0 0.11 0.005000526637769782
0.18 0 0.12 0.004490335270124967
0.18 0 0.13 0.00292233822810766
0.18 0 0.14 0.002998245798011498
0.18 0 0.15 0.0021181443232112813
0.18 0 0.16 0.00201284609240289
0.18 0 0.17 0.001220244836267555
0.18 0 0.18 0.0018393108806472284
0.18 0 0.19 0.001730603065620143
0.18 0 0.2 0.005730667260358281
0.18 0 0.21 0.016175229337627287
0.18 0 0.22 0.024949141265229697
0.18 0 0.23 0.04217566311405948
0.18 0 0.24 0.036406418977515675
0.18 0 0.25 0.06552835317612289
0.18 0 0.26 0.06599248768474816
0.18 0 0.27 0.10946545231384272
0.18 0 0.28 0.049961722234554584
0.18 0 0.29 0.023070284063730205
0.18 0 0.3 0.027406627257362495
0.18 0 0.31 0.017376766434577744
0.18 0 0.32 0.021704624888747026
0.18 0 0.33 0.014092931433930922
0.18 0 0.34 0.010971806104659584
0.18 0 0.35000000000000003 0.009464995933415907
0.18 0 0.36 0.01064957061550865
0.18 0 0.37 0.017616846066097154
0.18 0 0.38 0.01347875248224174
0.18 0 0.39 0.016785848415403308
0.18 0 0.4 0.013684664546264207
0.18 0 0.41000000000000003 0.015234960005388811
0.18 0 0.42 0.04954424193492212
0.18 0 0.43 0.07818931203161701
0.18 0 0.44 0.14432510704019447
0.18 0 0.45 0.15955230898852202
0.18 0 0.46 0.12631677216153006
0.18 0 0.47000000000000003 0.06935381382196978
0.18 0 0.48 0.04417932736838368
0.18 0 0.49 0.08604175836894282
0.18 0 0.5 0.08340673220833145
0.19 0 0.0 0.01761420057224958
0.19 0 0.01 0.04033958356628711
0.19 0 0.02 0.02323086448669768
0.19 0 0.03 0.033462030633536206
0.19 0 0.04 0.012619672231280205
0.19 0 0.05 0.01114729990130748
0.19 0 0.06 0.005946278381962957
0.19 0 0.07 0.004044040423523322
0.19 0 0.08 0.003289422592534924
0.19 0 0.09 0.0008827012371817323
0.19 0 0.1 0.0015584713296463337
0.19 0 0.11 0.0007675829506272189
0.19 0 0.12 0.0012527083438872517
0.19 0 0.13 0.0015668016633548407
0.19 0 0.14 0.0021630010018982766
0.19 0 0.15 0.0032387244230622178
0.19 0 0.16 0.003258706347110843
0.19 0 0.17 0.008855335577405941
0.19 0 0.18 0.008417794215335221
0.19 0 0.19 0.031096218010682283
0.19 0 0.2 0.05063542198118659
0.19 0 0.21 0.08541904465567852
0.19 0 0.22 0.09073944406332586
0.19 0 0.23 0.07199720716050466
0.19 0 0.24 0.07312914488807253
0.19 0 0.25 0.07008539924435517
0.19 0 0.26 0.12501682158497313
0.19 0 0.27 0.04962193228929354
0.19 0 0.28 0.06346095632965831
0.19 0 0.29 0.05530556782814658
0.19 0 0.3 0.0691268064478986
0.19 0 0.31 0.06507551743890345
0.19 0 0.32 0.0505314266336949
0.19 0 0.33 0.06019800922902591
0.19 0 0.34 0.04176593601808773
0.19 0 0.35000000000000003 0.16271774963819308
0.19 0 0.36 0.1851322579124903
0.19 0 0.37 0.33235112295380237
0.19 0 0.38 0.2610117206312682
0.19 0 0.39 0.10432195009916972
0.19 0 0.4 0.0832533154985714
0.19 0 0.41000000000000003 0.03747509907400577
0.19 0 0.42 0.034639357661040704
0.19 0 0.43 0.014748062821548658
0.19 0 0.44 0.02247590044474206
0.19 0 0.45 0.029901155280284163
0.19 0 0.46 0.03293076805514057
0.19 0 0.47000000000000003 0.09016403675614382
0.19 0 0.48 0.10762749782537873
0.19 0 0.49 0.14123322775689182
0.19 0 0.5 0.10552123183730544
0.2 0 0.0 0.028479261831212938
0.2 0 0.01 0.027930224415255653
0.2 0 0.02 0.01896390134270399
0.2 0 0.03 0.015015408495809004
0.2 0 0.04 0.012608114730567619
0.2 0 0.05 0.0090704018311269
0.2 0 0.06 0.016281455956641707
0.2 0 0.07 0.012915156829314578
0.2 0 0.08 0.02801941786808956
0.2 0 0.09 0.06697547482472013
0.2 0 0.1 0.09042553045384902
0.2 0 0.11 0.1424131813508031
0.2 0 0.12 0.08965230756995121
0.2 0 0.13 0.1170526136758733
0.2 0 0.14 0.04743225650805531
0.2 0 0.15 0.0593707537737826
0.2 0 0.16 0.039376550637425595
0.2 0 0.17 0.017079175406509144
0.2 0 0.18 0.025309698424009486
0.2 0 0.19 0.019584328802305904
0.2 0 0.2 0.05538832537438495
0.2 0 0.21 0.04031068320101672
0.2 0 0.22 0.03355818839291443
0.2 0 0.23 0.013439814848866121
0.2 0 0.24 0.010072659194498129
0.2 0 0.25 0.01640392774654906
0.2 0 0.26 0.013846102401639056
0.2 0 0.27 0.05207339947328949
0.2 0 0.28 0.07675923056000598
0.2 0 0.29 0.15603764811096663
0.2 0 0.3 0.1507523224551438
0.2 0 0.31 0.20472257823240755
0.2 0 0.32 0.17078281257948635
0.2 0 0.33 0.17803614932767864
0.2 0 0.34 0.4414833483933328
0.2 0 0.35000000000000003 0.5449144791142367
0.2 0 0.36 1.7857328612723111
0.2 0 0.37 2.0287427306691876
0.2 0 0.38 4.195820580268496
0.2 0 0.39 3.5280405884169377
0.2 0 0.4 3.6333085429217156
0.2 0 0.41000000000000003 1.645761656748604
0.2 0 0.42 0.44865290085632914
0.2 0 0.43 0.4326820802682207
0.2 0 0.44 0.0985782162649305
0.2 0 0.45 0.08725784366276614
0.2 0 0.46 0.03735769682275068
0.2 0 0.47000000000000003 0.039787952630792316
0.2 0 0.48 0.043524445048950124
0.2 0 0.49 0.04511099561915887
0.2 0 0.5 0.06398201592249246
0.21 0 0.0 0.04264098246373108
0.21 0 0.01 0.07932907612667645
0.21 0 0.02 0.15010627637637947
0.21 0 0.03 0.1672448261072182
0.21 0 0.04 0.292794433886302
0.21 0 0.05 0.32233389824585207
0.21 0 0.06 0.5062584632481218
0.21 0 0.07 0.7542838951408716
0.21 0 0.08 1.309556738119651
0.21 0 0.09 1.2745663359198163
0.21 0 0.1 0.7902788513173925
0.21 0 0.11 1.0199112290281975
0.21 0 0.12 0.8050195632525203
0.21 0 0.13 1.2671700467621723
0.21 0 0.14 2.6559762161719966
0.21 0 0.15 2.0841456124649844
0.21 0 0.16 1.3854588737142934
0.21 0 0.17 0.6137284048984245
0.21 0 0.18 0.6248426109597921
0.21 0 0.19 0.6230351531564311
0.21 0 0.2 0.5949010077305977
0.21 0 0.21 0.4771153087257714
0.21 0 0.22 0.15636417424208465
0.21 0 0.23 0.19454809423822275
0.21 0 0.24 0.10003397573163256
0.21 0 0.25 0.07089343387932388
0.21 0 0.26 0.05076053770840452
0.21 0 0.27 0.02293575559577049
0.21 0 0.28 0.021628435764161676
0.21 0 0.29 0.016320228819286086
0.21 0 0.3 0.03821460621656222
0.21 0 0.31 0.025067186631759455
0.21 0 0.32 0.030437944240467436
0.21 0 0.33 0.031950043515867124
0.21 0 0.34 0.02624329909649357
0.21 0 0.35000000000000003 0.05179950449316842
0.21 0 0.36 0.05312430657895762
0.21 0 0.37 0.08177796686936879
0.21 0 0.38 0.05267364172770801
0.21 0 0.39 0.05708332004031411
0.21 0 0.4 0.028868949259924167
0.21 0 0.41000000000000003 0.03610363718794007
0.21 0 0.42 0.07613074819763731
0.21 0 0.43 0.11073629206971032
0.21 0 0.44 0.21778634980672829
0.21 0 0.45 0.17441172598084642
0.21 0 0.46 0.25635171014146074
0.21 0 0.47000000000000003 0.18621241427767432
0.21 0 0.48 0.45203968946000084
0.21 0 0.49 0.2618184363866573
0.21 0 0.5 0.15214987989507286
0.22 0 0.0 1.0131381802642836
0.22 0 0.01 1.0982057189125334
0.22 0 0.02 1.4959906017503608
0.22 0 0.03 4.141917598943292
0.22 0 0.04 10.178202328897049
0.22 0 0.05 33.03601817962269
0.22 0 0.06 60.21521903265147
0.22 0 0.07 162.67235398920405
0.22 0 0.08 134.25200995813796
0.22 0 0.09 217.81619277261242
0.22 0 0.1 200.90546529153383
0.22 0 0.11 113.63807391601593
0.22 0 0.12 79.94698647148599
0.22 0 0.13 38.804037979863644
0.22 0 0.14 22.73497683520301
0.22 0 0.15 4.895679869122379
0.22 0 0.16 3.254343139367846
0.22 0 0.17 1.5187226408258365
0.22 0 0.18 1.2138257023134391
0.22 0 0.19 1.3820193333688193
0.22 0 0.2 0.6323766411035378
0.22 0 0.21 0.6230772064623333
0.22 0 0.22 0.4756151177265865
0.22 0 0.23 0.5623856742501867
0.22 0 0.24 0.4445249335737697
0.22 0 0.25 0.3039972411495061
0.22 0 0.26 0.19849190544350515
0.22 0 0.27 0.06987545191815969
0.22 0 0.28 0.06724017068440896
0.22 0 0.29 0.03932448252160524
0.22 0 0.3 0.02097130663094638
0.22 0 0.31 0.02228713644966492
0.22 0 0.32 0.017103762314031438
0.22 0 0.33 0.025014454774554495
0.22 0 0.34 0.030377260845843704
0.22 0 0.35000000000000003 0.04824499739542726
0.22 0 0.36 0.05958134347524334
0.22 0 0.37 0.078453034357395
0.22 0 0.38 0.18225437485265072
0.22 0 0.39 0.13652251966646822
0.22 0 0.4 0.18170875895690466
0.22 0 0.41000000000000003 0.12229716809675392
0.22 0 0.42 0.07940617473152518
0.22 0 0.43 0.06296904368932846
0.22 0 0.44 0.046521093531825604
0.22 0 0.45 0.06356258297250925
0.22 0 0.46 0.11098773452027401
0.22 0 0.47000000000000003 0.46180658569498234
0.22 0 0.48 0.5342319457735475
0.22 0 0.49 0.6753385342200905
0.22 0 0.5 0.6171999776534062
0.23 0 0.0 0.25218216029355195
0.23 0 0.01 0.6106462041535828
0.23 0 0.02 0.8035021085845975
0.23 0 0.03 1.358157281841228
0.23 0 0.04 1.6929211761457028
0.23 0 0.05 1.2452755957056747
0.23 0 0.06 2.080155362245612
0.23 0 0.07 1.3012591571358183
0.23 0 0.08 3.553339846718828
0.23 0 0.09 3.588344150034908
0.23 0 0.1 4.548420391521563
0.23 0 0.11 6.057323257594947
0.23 0 0.12 10.632926869233623
0.23 0 0.13 12.587362062398144
0.23 0 0.14 5.409317985353951
0.23 0 0.15 2.6326133293366754
0.23 0 0.16 0.37926300236443694
0.23 0 0.17 0.2468386684086579
0.23 0 0.18 0.14721262562937523
0.23 0 0.19 0.17333574325759968
0.23 0 0.2 0.1458559019813048
0.23 0 0.21 0.12117868383458483
0.23 0 0.22 0.10405318746351681
0.23 0 0.23 0.039910678250900854
0.23 0 0.24 0.058854429403180676
0.23 0 0.25 0.02719378321346707
0.23 0 0.26 0.040867943685282265
0.23 0 0.27 0.047494925324634805
0.23 0 0.28 0.048021043539128866
0.23 0 0.29 0.07603857886956612
0.23 0 0.3 0.08683341862118128
0.23 0 0.31 0.21576232235729711
0.23 0 0.32 0.15233028610322358
0.23 0 0.33 0.2203204391406927
0.23 0 0.34 0.14322519695638378
0.23 0 0.35000000000000003 0.08554699680827503
0.23 0 0.36 0.1675629316831497
0.23 0 0.37 0.23368732634156497
0.23 0 0.38 0.4366278631996325
0.23 0 0.39 0.42743423969273875
0.23 0 0.4 0.4350956255499109
0.23 0 0.41000000000000003 0.3703098977336937
0.23 0 0.42 0.24471995929903465
0.23 0 0.43 0.14946812164150086
0.23 0 0.44 0.04647107437346323
0.23 0 0.45 0.036612450150454556
0.23 0 0.46 0.04976089732834392
0.23 0 0.47000000000000003 0.06527506357953727
0.23 0 0.48 0.16226864523541215
0.23 0 0.49 0.26328555552021543
0.23 0 0.5 0.35606572733058345
0.24 0 0.0 0.048918847907913655
0.24 0 0.01 0.06130338796033042
0.24 0 0.02 0.1889541365124789
0.24 0 0.03 0.16006973854078024
0.24 0 0.04 0.4810753770371143
0.24 0 0.05 0.8649276314504044
0.24 0 0.06 1.743588863645693
0.24 0 0.07 6.842478396263078
0.24 0 0.08 6.098211996349482
0.24 0 0.09 10.947806222515082
0.24 0 0.1 8.17534832713626
0.24 0 0.11 20.814872388931136
0.24 0 0.12 21.486724733469337
0.24 0 0.13 20.878918446217288
0.24 0 0.14 13.682740388259832
0.24 0 0.15 2.7758936732234956
0.24 0 0.16 2.441027044121562
0.24 0 0.17 1.2046967951866208
0.24 0 0.18 1.0988599582064438
0.24 0 0.19 0.4616890067194569
0.24 0 0.2 0.3758613012091172
0.24 0 0.21 0.22520211048085167
0.24 0 0.22 0.20080529612769552
0.24 0 0.23 0.35034692497037706
0.24 0 0.24 0.2926047170705294
0.24 0 0.25 0.593325706244367
0.24 0 0.26 0.5047407178012927
0.24 0 0.27 0.9186676225040076
0.24 0 0.28 0.8478128610252696
0.24 0 0.29 1.8392994098153281
0.24 0 0.3 2.1060089922918017
0.24 0 0.31 1.782081720420814
0.24 0 0.32 3.6145269964347304
0.24 0 0.33 1.6241335446184306
0.24 0 0.34 2.717548045410462
0.24 0 0.35000000000000003 2.313271572984711
0.24 0 0.36 4.354217328669828
0.24 0 0.37 2.9484472793649714
0.24 0 0.38 1.7177531825808712
0.24 0 0.39 1.9655106808989653
0.24 0 0.4 1.0043036963824568
0.24 0 0.41000000000000003 2.2679984140725167
0.24 0 0.42 1.0053875589752845
0.24 0 0.43 0.7391648567101288
0.24 0 0.44 0.602262354181003
0.24 0 0.45 0.67146734240821
0.24 0 0.46 1.4246600539401137
0.24 0 0.47000000000000003 1.7331085559344916
0.24 0 0.48 2.4055884199322466
0.24 0 0.49 0.7694717947494406
0.24 0 0.5 0.5773210873084066
0.25 0 0.0 0.0784322502109655
0.25 0 0.01 0.08147708098012084
0.25 0 0.02 0.15256664843397222
0.25 0 0.03 0.3567031719319371
0.25 0 0.04 0.5853955366058239
0.25 0 0.05 1.2737345889652918
0.25 0 0.06 1.8757411648139921
0.25 0 0.07 3.5145878466230385
0.25 0 0.08 3.146140639655801
0.25 0 0.09 3.4594416786032944
0.25 0 0.1 4.343280027443804
0.25 0 0.11 2.740161951747562
0.25 0 0.12 4.682469047865771
0.25 0 0.13 2.271001855716196
0.25 0 0.14 1.8953808000973786
0.25 0 0.15 2.123144627095131
0.25 0 0.16 2.3153317506280247
0.25 0 0.17 2.921034121380849
0.25 0 0.18 1.8474662174957481
0.25 0 0.19 3.6916491555922435
0.25 0 0.2 2.393951745589603
0.25 0 0.21 3.7788788222083136
0.25 0 0.22 3.858853981432539
0.25 0 0.23 2.556054788126629
0.25 0 0.24 2.672657344308565
0.25 0 0.25 1.5114685714306941
0.25 0 0.26 1.5521386398478025
0.25 0 0.27 0.7730063064146875
0.25 0 0.28 0.7731627314436067
0.25 0 0.29 0.3242349580870034
0.25 0 0.3 0.311757766338847
0.25 0 0.31 0.34798153308384927
0.25 0 0.32 0.21817224946020994
0.25 0 0.33 0.21256795826168234
0.25 0 0.34 0.20433519148837043
0.25 0 0.35000000000000003 0.4926554282463017
0.25 0 0.36 0.43116021977236996
0.25 0 0.37 1.0527532583875125
0.25 0 0.38 0.7426109359899389
0.25 0 0.39 0.7183740479175573
0.25 0 0.4 0.696225169649684
0.25 0 0.41000000000000003 0.2897322477450355
0.25 0 0.42 0.2760235308784931
0.25 0 0.43 0.1043305656274759
0.25 0 0.44 0.17014063472351681
0.25 0 0.45 0.08876215529820644
0.25 0 0.46 0.14678441015881852
0.25 0 0.47000000000000003 0.1253636972902992
0.25 0 0.48 0.05927188478135968
0.25 0 0.49 0.12076717588531997
0.25 0 0.5 0.0767805822076016
0.26 0 0.0 0.1053271252500398
0.26 0 0.01 0.08556251109646208
0.26 0 0.02 0.06618169464430562
0.26 0 0.03 0.06542725089937661
0.26 0 0.04 0.02927856897891033
0.26 0 0.05 0.04253892608785928
0.26 0 0.06 0.027331051422737156
0.26 0 0.07 0.019500774958333335
0.26 0 0.08 0.014241344739584008
0.26 0 0.09 0.007197275378733066
0.26 0 0.1 0.011236735295823978
0.26 0 0.11 0.013881125115788182
0.26 0 0.12 0.02072827215114464
0.26 0 0.13 0.015045647773227996
0.26 0 0.14 0.013256807232623902
0.26 0 0.15 0.011376545516973346
0.26 0 0.16 0.004840418249002067
0.26 0 0.17 0.0060197047061259674
0.26 0 0.18 0.00520279558959904
0.26 0 0.19 0.004775415750853843
0.26 0 0.2 0.00711743216756464
0.26 0 0.21 0.008709348912803833
0.26 0 0.22 0.0206832902453998
0.26 0 0.23 0.03830565585680183
0.26 0 0.24 0.09844113827337618
0.26 0 0.25 0.10901688107273289
0.26 0 0.26 0.0689264289349013
0.26 0 0.27 0.04835745964444947
0.26 0 0.28 0.018622890409502508
0.26 0 0.29 0.037106109051417334
0.26 0 0.3 0.05365260973112347
0.26 0 0.31 0.0546784343032261
0.26 0 0.32 0.03569517084557838
0.26 0 0.33 0.021651506157704215
0.26 0 0.34 0.019238250721419995
0.26 0 0.35000000000000003 0.015169021559760694
0.26 0 0.36 0.03005720495462794
0.26 0 0.37 0.02544868857940064
0.26 0 0.38 0.04190381239878155
0.26 0 0.39 0.06650474313779357
0.26 0 0.4 0.10378381858774936
0.26 0 0.41000000000000003 0.10631676041898457
0.26 0 0.42 0.0753450086444941
0.26 0 0.43 0.046853428158749266
0.26 0 0.44 0.01764014487230475
0.26 0 0.45 0.024238319295780648
0.26 0 0.46 0.012101431260848857
0.26 0 0.47000000000000003 0.014813859180015175
0.26 0 0.48 0.012847313291865293
0.26 0 0.49 0.01515539761940068
0.26 0 0.5 0.02192777485396599
0.27 0 0.0 0.04746577313187235
0.27 0 0.01 0.033387832137135275
0.27 0 0.02 0.019747005026677502
0.27 0 0.03 0.011801425898279429
0.27 0 0.04 0.022142049557625925
0.27 0 0.05 0.0150043545243677
0.27 0 0.06 0.016040505098211352
0.27 0 0.07 0.005884328333968548
0.27 0 0.08 0.0044965901225533685
0.27 0 0.09 0.0041783970722599345
0.27 0 0.1 0.00755325554559837
0.27 0 0.11 0.011846908563676047
0.27 0 0.12 0.00779398998546512
0.27 0 0.13 0.014266312084744503
0.27 0 0.14 0.006111291243225765
0.27 0 0.15 0.007185341810791264
0.27 0 0.16 0.005852606466792653
0.27 0 0.17 0.005165828953706915
0.27 0 0.18 0.004626134346749701
0.27 0 0.19 0.0033664827954556424
0.27 0 0.2 0.006139503642702363
0.27 0 0.21 0.00382474169703414
0.27 0 0.22 0.007497162294920872
0.27 0 0.23 0.008182022390479842
0.27 0 0.24 0.008601945109757675
0.27 0 0.25 0.013397775301001376
0.27 0 0.26 0.010512326022476447
0.27 0 0.27 0.016221821572615272
0.27 0 0.28 0.024857774492112916
0.27 0 0.29 0.051876336440681944
0.27 0 0.3 0.05242106790356745
0.27 0 0.31 0.03927240240886953
0.27 0 0.32 0.040545947212469846
0.27 0 0.33 0.024748653402446707
0.27 0 0.34 0.027786469470120492
0.27 0 0.35000000000000003 0.024256318003887285
0.27 0 0.36 0.012291868211413707
0.27 0 0.37 0.012204411538052976
0.27 0 0.38 0.016123737913221716
0.27 0 0.39 0.029525057409533702
0.27 0 0.4 0.035857442691600995
0.27 0 0.41000000000000003 0.03639581286869485
0.27 0 0.42 0.02095562426481643
0.27 0 0.43 0.011173819846472758
0.27 0 0.44 0.011498439923919376
0.27 0 0.45 0.0074880088900343665
0.27 0 0.46 0.005942952426588014
0.27 0 0.47000000000000003 0.0035371247991102077
0.27 0 0.48 0.0019634836811665453
0.27 0 0.49 0.0009195906674650935
0.27 0 0.5 0.0006528449159373148
0.28 0 0.0 0.006500791876416524
0.28 0 0.01 0.0041612708698794175
0.28 0 0.02 0.0038630830840914367
0.28 0 0.03 0.004171955201086561
0.28 0 0.04 0.00201732532012645
0.28 0 0.05 0.0025404002054295067
0.28 0 0.06 0.0013961329816597316
0.28 0 0.07 0.0020608910404744272
0.28 0 0.08 0.0017860379832940353
0.28 0 0.09 0.002887801409185813
0.28 0 0.1 0.0019369064623327935
0.28 0 0.11 0.0015551964169719574
0.28 0 0.12 0.0022289238117204134
0.28 0 0.13 0.0018009977162248508
0.28 0 0.14 0.003335900461010116
0.28 0 0.15 0.0025690234511474962
0.28 0 0.16 0.0031420877165551464
0.28 0 0.17 0.0016319600418375157
0.28 0 0.18 0.0031579326961839135
0.28 0 0.19 0.003893570521376716
0.28 0 0.2 0.0042184565605501104
0.28 0 0.21 0.009159803647422929
0.28 0 0.22 0.006290112152700074
0.28 0 0.23 0.012797643230989895
0.28 0 0.24 0.007431531241586882
0.28 0 0.25 0.007661024215810068
0.28 0 0.26 0.002910577922508558
0.28 0 0.27 0.00220130987818107
0.28 0 0.28 0.00338741545412152
0.28 0 0.29 0.002200301536275921
0.28 0 0.3 0.005108263972333549
0.28 0 0.31 0.0025650163956171916
0.28 0 0.32 0.0029700396852216553
0.28 0 0.33 0.0030586247091349598
0.28 0 0.34 0.0038762263045092637
0.28 0 0.35000000000000003 0.005744443416692111
0.28 0 0.36 0.0068285970981262125
0.28 0 0.37 0.019935318595609066
0.28 0 0.38 0.017547688785065442
0.28 0 0.39 0.02616928428381152
0.28 0 0.4 0.027346200473556962
0.28 0 0.41000000000000003 0.019851963073630692
0.28 0 0.42 0.019801635976194394
0.28 0 0.43 0.01716021060704787
0.28 0 0.44 0.0146127759482752
0.28 0 0.45 0.010565998673731869
0.28 0 0.46 0.010801765510622853
0.28 0 0.47000000000000003 0.011310747206637092
0.28 0 0.48 0.015110716982750797
0.28 0 0.49 0.01843654619384111
0.28 0 0.5 0.01113749309119062
0.29 0 0.0 0.001521141137002167
0.29 0 0.01 0.0020431015362162622
0.29 0 0.02 0.0012331405917705128
0.29 0 0.03 0.0016016469714153574
0.29 0 0.04 0.0016689833544250871
0.29 0 0.05 0.0016931650139403289
0.29 0 0.06 0.0016734591676560277
0.29 0 0.07 0.0008905677502435685
0.29 0 0.08 0.0013113797840486198
0.29 0 0.09 0.0005368657544172823
0.29 0 0.1 0.0007119563630256387
0.29 0 0.11 0.0007639868671558347
0.29 0 0.12 0.0010097058837012763
0.29 0 0.13 0.0027357977810859775
0.29 0 0.14 0.005211059824864961
0.29 0 0.15 0.016420538007563674
0.29 0 0.16 0.023301370344411914
0.29 0 0.17 0.06784435927299722
0.29 0 0.18 0.04533559580092098
0.29 0 0.19 0.0366097996794542
0.29 0 0.2 0.030952874489424416
0.29 0 0.21 0.030882408886721713
0.29 0 0.22 0.06668892252320559
0.29 0 0.23 0.10965500157857001
0.29 0 0.24 0.16708692267010683
0.29 0 0.25 0.047928214604220046
0.29 0 0.26 0.04368883796656847
0.29 0 0.27 0.020397031434323865
0.29 0 0.28 0.022702613230617404
0.29 0 0.29 0.02191003968970911
0.29 0 0.3 0.011339628649353875
0.29 0 0.31 0.013300287311309677
0.29 0 0.32 0.009558269254970853
0.29 0 0.33 0.029837495513690943
0.29 0 0.34 0.02141994963734799
0.29 0 0.35000000000000003 0.05311483170380015
0.29 0 0.36 0.05431422956857721
0.29 0 0.37 0.03583214490255848
0.29 0 0.38 0.07147901345337389
0.29 0 0.39 0.05205248531202605
0.29 0 0.4 0.10599251064200647
0.29 0 0.41000000000000003 0.05764362810549681
0.29 0 0.42 0.07548742889742534
0.29 0 0.43 0.03488899642529571
0.29 0 0.44 0.015948395197853574
0.29 0 0.45 0.012511505610245683
0.29 0 0.46 0.004459003774418259
0.29 0 0.47000000000000003 0.005886325332679992
0.29 0 0.48 0.0031581864787753435
0.29 0 0.49 0.0026848639270391794
0.29 0 0.5 0.0025210546904370075
0.3 0 0.0 0.0003907541096615458
0.3 0 0.01 0.0003321303646367935
0.3 0 0.02 0.00024054953344679995
0.3 0 0.03 0.00039146274944209944
0.3 0 0.04 0.000701230816641894
0.3 0 0.05 0.0007078425550032127
0.3 0 0.06 0.002245980381314591
0.3 0 0.07 0.005242485876604003
0.3 0 0.08 0.012309503734607869
0.3 0 0.09 0.024535500091312223
0.3 0 0.1 0.025940696961425404
0.3 0 0.11 0.035896089010958934
0.3 0 0.12 0.03684588464480007
0.3 0 0.13 0.07554888572116944
0.3 0 0.14 0.0879961788991517
0.3 0 0.15 0.10961343259584452
0.3 0 0.16 0.1513971587647475
0.3 0 0.17 0.06293654583685503
0.3 0 0.18 0.05817769917475694
0.3 0 0.19 0.03030989711137806
0.3 0 0.2 0.023604514486292652
0.3 0 0.21 0.023259787755670766
0.3 0 0.22 0.03151986830063055
0.3 0 0.23 0.03095178706500782
0.3 0 0.24 0.011452521301529796
0.3 0 0.25 0.008694368132938635
0.3 0 0.26 0.0033794584278571994
0.3 0 0.27 0.0025173583707628223
0.3 0 0.28 0.0012959305037067866
0.3 0 0.29 0.0007666537180883214
0.3 0 0.3 0.0005575601399094676
0.3 0 0.31 0.0006891930009604986
0.3 0 0.32 0.0009628925176735837
0.3 0 0.33 0.0007014382110542547
0.3 0 0.34 0.0012424648667384106
0.3 0 0.35000000000000003 0.0007353187737762023
0.3 0 0.36 0.0012984913074440363
0.3 0 0.37 0.002237577685259799
0.3 0 0.38 0.006674991009606428
0.3 0 0.39 0.01279772704320079
0.3 0 0.4 0.018108627303828444
0.3 0 0.41000000000000003 0.054943330490244476
0.3 0 0.42 0.029541657434338356
0.3 0 0.43 0.05371883868191512
0.3 0 0.44 0.019757673903941172
0.3 0 0.45 0.014076550378561759
0.3 0 0.46 0.010362099567600971
0.3 0 0.47000000000000003 0.0059070528097853675
0.3 0 0.48 0.008544791617321839
0.3 0 0.49 0.006297664118958106
0.3 0 0.5 0.02755288889466168
#STOP
