#MEDIUM_PROPERTIES_DISTRIBUTED
$MSH_TYPE
	 GROUNDWATER_FLOW	
$MMP_TYPE
	 PERMEABILITY	
$DIS_TYPE
	 NEAREST_VALUE	
;hj
$CONVERSION_FACTOR
2e-8;2e-6;2e-13
$DATA
0.0 0 0.0 1.684093188860648
0.0 0 0.01 1.4762181846453912
0.0 0 0.02 1.5236063636483976
0.0 0 0.03 1.3405750113349177
0.0 0 0.04 1.3042716358419544
0.0 0 0.05 1.3162442377712615
0.0 0 0.06 1.2273539544368028
0.0 0 0.07 1.2872019941840211
0.0 0 0.08 1.285571991842066
0.0 0 0.09 1.006879290881597
0.0 0 0.1 1.1464602996601474
0.0 0 0.11 1.4431119822189806
0.0 0 0.12 1.5022081692456013
0.0 0 0.13 2.089878210278911
0.0 0 0.14 1.525982812376512
0.0 0 0.15 1.6428369836645755
0.0 0 0.16 1.968905166688559
0.0 0 0.17 1.2252492485053914
0.0 0 0.18 1.116254562511569
0.0 0 0.19 0.6023434784908984
0.0 0 0.2 0.5296557635011144
0.0 0 0.21 0.44558336026771733
0.0 0 0.22 0.3407466307144624
0.0 0 0.23 0.3504938014326585
0.0 0 0.24 0.45091659311490523
0.0 0 0.25 0.3225318659660768
0.0 0 0.26 0.484208535134845
0.0 0 0.27 0.4123816631010625
0.0 0 0.28 0.4675458214941687
0.0 0 0.29 0.3957499543484405
0.0 0 0.3 0.37793162801331665
0.0 0 0.31 0.42325361140209716
0.0 0 0.32 0.47897002159438107
0.0 0 0.33 0.6233970012418512
0.0 0 0.34 1.0239502561159164
0.0 0 0.35000000000000003 1.6329675618382038
0.0 0 0.36 1.3052790141717947
0.0 0 0.37 0.9787960459811553
0.0 0 0.38 0.7201573491333083
0.0 0 0.39 0.7677131279736178
0.0 0 0.4 0.903544511335484
0.0 0 0.41000000000000003 0.6212334894715287
0.0 0 0.42 0.3791821550541917
0.0 0 0.43 0.3861580275192086
0.0 0 0.44 0.3329109207338476
0.0 0 0.45 0.44937223056626363
0.0 0 0.46 0.5493027465775826
0.0 0 0.47000000000000003 0.4760279784866516
0.0 0 0.48 0.5751051962431609
0.0 0 0.49 0.40143099344708405
0.0 0 0.5 0.5508743459644421
0.01 0 0.0 1.1848433854267593
0.01 0 0.01 1.0150967242766666
0.01 0 0.02 1.1440699101400509
0.01 0 0.03 1.2749900340629914
0.01 0 0.04 1.2242206962555495
0.01 0 0.05 1.7563208827513146
0.01 0 0.06 1.753746715143973
0.01 0 0.07 1.6844110753599186
0.01 0 0.08 1.8230341432222623
0.01 0 0.09 1.3515829669275112
0.01 0 0.1 1.9582423153859256
0.01 0 0.11 1.7045929727201796
0.01 0 0.12 1.8018075434481642
0.01 0 0.13 1.4130720008376714
0.01 0 0.14 1.5586471224315261
0.01 0 0.15 1.4242640832062654
0.01 0 0.16 1.7861141856301799
0.01 0 0.17 1.3777673005338629
0.01 0 0.18 1.247163317369939
0.01 0 0.19 1.2815736579596144
0.01 0 0.2 1.1813488097849456
0.01 0 0.21 1.0363524664965724
0.01 0 0.22 1.149344303042333
0.01 0 0.23 0.9719143397876927
0.01 0 0.24 1.0230429144743776
0.01 0 0.25 0.9925844556081699
0.01 0 0.26 0.8740134905214118
0.01 0 0.27 1.236945885777223
0.01 0 0.28 1.037111191399752
0.01 0 0.29 1.362196068209309
0.01 0 0.3 1.599317866516231
0.01 0 0.31 1.0209937980175334
0.01 0 0.32 1.2625513011938292
0.01 0 0.33 1.2375216035781058
0.01 0 0.34 1.456425379662559
0.01 0 0.35000000000000003 1.4120086305173152
0.01 0 0.36 0.8987970618404113
0.01 0 0.37 0.6619561925396755
0.01 0 0.38 0.5069898348404424
0.01 0 0.39 0.2888651791129325
0.01 0 0.4 0.2903659654100272
0.01 0 0.41000000000000003 0.21581445871150523
0.01 0 0.42 0.21700228000108676
0.01 0 0.43 0.23149973187072653
0.01 0 0.44 0.23702913926927002
0.01 0 0.45 0.3305939150466906
0.01 0 0.46 0.33715550383009685
0.01 0 0.47000000000000003 0.2913547544084885
0.01 0 0.48 0.21204490296955186
0.01 0 0.49 0.29570257928528626
0.01 0 0.5 0.2560557079276045
0.02 0 0.0 1.6558816090977602
0.02 0 0.01 1.1675829194242149
0.02 0 0.02 0.9507487239502108
0.02 0 0.03 0.7351997529504469
0.02 0 0.04 0.7792396303229895
0.02 0 0.05 0.9354718153807501
0.02 0 0.06 2.1934423345157374
0.02 0 0.07 1.8910018389283196
0.02 0 0.08 1.7389724448613362
0.02 0 0.09 1.575582294351357
0.02 0 0.1 1.2247263441317338
0.02 0 0.11 1.6931193673244942
0.02 0 0.12 1.539045678190798
0.02 0 0.13 1.461474552910225
0.02 0 0.14 1.4615743069878244
0.02 0 0.15 0.8641559070408437
0.02 0 0.16 0.7982449672277029
0.02 0 0.17 0.7474215725256851
0.02 0 0.18 0.6681479227468923
0.02 0 0.19 0.6997615999012795
0.02 0 0.2 0.5111907086334511
0.02 0 0.21 0.46197817933337815
0.02 0 0.22 0.6450420806098864
0.02 0 0.23 0.5852544222711042
0.02 0 0.24 0.8980236947938374
0.02 0 0.25 1.0201300567254779
0.02 0 0.26 1.2894536230566054
0.02 0 0.27 1.1050574401237905
0.02 0 0.28 1.3566138177473
0.02 0 0.29 1.492760591374229
0.02 0 0.3 1.8920231361205146
0.02 0 0.31 1.608458214192659
0.02 0 0.32 1.3844519068022223
0.02 0 0.33 1.6940620367307946
0.02 0 0.34 1.74514134814182
0.02 0 0.35000000000000003 2.1165697026344032
0.02 0 0.36 2.0935262967061927
0.02 0 0.37 1.3493934466957762
0.02 0 0.38 1.0264106737403729
0.02 0 0.39 0.970496027675774
0.02 0 0.4 0.5763099437569518
0.02 0 0.41000000000000003 0.573499784017017
0.02 0 0.42 0.277194519875619
0.02 0 0.43 0.2985658309708626
0.02 0 0.44 0.3360245265900368
0.02 0 0.45 0.30620046980202503
0.02 0 0.46 0.34744316502994343
0.02 0 0.47000000000000003 0.2888073919887163
0.02 0 0.48 0.28560590092875393
0.02 0 0.49 0.3577101810336252
0.02 0 0.5 0.26190525701068623
0.03 0 0.0 2.067686320477239
0.03 0 0.01 2.4030946486489664
0.03 0 0.02 1.7002478901797182
0.03 0 0.03 1.6256341835805326
0.03 0 0.04 1.3868600033594125
0.03 0 0.05 1.260138937684923
0.03 0 0.06 1.1247038309733581
0.03 0 0.07 0.8715309993961485
0.03 0 0.08 1.0129472883045014
0.03 0 0.09 1.0253919272709493
0.03 0 0.1 1.019635771104899
0.03 0 0.11 0.8033670168876734
0.03 0 0.12 1.0908760170050795
0.03 0 0.13 0.9654861886037903
0.03 0 0.14 1.3220298714062395
0.03 0 0.15 1.4071031071506868
0.03 0 0.16 1.2643608500737566
0.03 0 0.17 0.889082350909134
0.03 0 0.18 0.708757329665522
0.03 0 0.19 0.487244065770382
0.03 0 0.2 0.649553248958865
0.03 0 0.21 0.4402811808394995
0.03 0 0.22 0.41697010538068074
0.03 0 0.23 0.5464593220739994
0.03 0 0.24 0.6529423976781379
0.03 0 0.25 1.254764039966492
0.03 0 0.26 1.035837781242744
0.03 0 0.27 1.132067284950407
0.03 0 0.28 1.6345180077987516
0.03 0 0.29 1.6534473076185814
0.03 0 0.3 1.7636865282973644
0.03 0 0.31 1.9229467485892953
0.03 0 0.32 1.4637497530280357
0.03 0 0.33 1.4775337762719651
0.03 0 0.34 1.1111904019712366
0.03 0 0.35000000000000003 1.2911536879218881
0.03 0 0.36 1.5852078430793999
0.03 0 0.37 1.2712040962842366
0.03 0 0.38 1.1002269988621696
0.03 0 0.39 0.7410676325554012
0.03 0 0.4 0.5121156575137458
0.03 0 0.41000000000000003 0.4183416300966389
0.03 0 0.42 0.49257962205392347
0.03 0 0.43 0.5300674647655411
0.03 0 0.44 0.5708499385249156
0.03 0 0.45 0.5518658995979091
0.03 0 0.46 0.4817510566347987
0.03 0 0.47000000000000003 0.8608998395480963
0.03 0 0.48 1.056438509295901
0.03 0 0.49 1.316668463534248
0.03 0 0.5 1.0798508357163956
0.04 0 0.0 1.0573876874116817
0.04 0 0.01 0.805217218734103
0.04 0 0.02 0.719579231054989
0.04 0 0.03 0.40278965460008104
0.04 0 0.04 0.7240386523377214
0.04 0 0.05 0.6001543587169741
0.04 0 0.06 0.6181852156141614
0.04 0 0.07 0.6014540801011196
0.04 0 0.08 0.46327638661765075
0.04 0 0.09 0.44748537903091434
0.04 0 0.1 0.4144605404395281
0.04 0 0.11 0.27275224140774923
0.04 0 0.12 0.237642346595127
0.04 0 0.13 0.16501979945435402
0.04 0 0.14 0.1992782344927283
0.04 0 0.15 0.3132014057801363
0.04 0 0.16 0.2993857688075799
0.04 0 0.17 0.3899251271115635
0.04 0 0.18 0.4120944599407415
0.04 0 0.19 0.4777704296998501
0.04 0 0.2 0.5481599450407213
0.04 0 0.21 0.5526048890697655
0.04 0 0.22 0.4863673650736682
0.04 0 0.23 0.38297116913460755
0.04 0 0.24 0.3030654489316578
0.04 0 0.25 0.2284254757783887
0.04 0 0.26 0.29104073669449754
0.04 0 0.27 0.26943456772793045
0.04 0 0.28 0.26107805206368867
0.04 0 0.29 0.2354917861549907
0.04 0 0.3 0.2262586357843361
0.04 0 0.31 0.33317616496306934
0.04 0 0.32 0.4642989602209287
0.04 0 0.33 0.5743873625230937
0.04 0 0.34 0.9872440757166011
0.04 0 0.35000000000000003 0.8072271399191056
0.04 0 0.36 0.6787459843675816
0.04 0 0.37 0.9993216549968286
0.04 0 0.38 0.9601561079430133
0.04 0 0.39 1.416074336870063
0.04 0 0.4 0.7104732501002224
0.04 0 0.41000000000000003 0.5613087174082649
0.04 0 0.42 0.5315273671290673
0.04 0 0.43 0.5601646956978875
0.04 0 0.44 0.656290221566022
0.04 0 0.45 0.808456196502708
0.04 0 0.46 0.5526688817913024
0.04 0 0.47000000000000003 0.6306866985762084
0.04 0 0.48 0.5595701790676046
0.04 0 0.49 0.7240458936634622
0.04 0 0.5 0.8506263169531901
0.05 0 0.0 0.8714196271999998
0.05 0 0.01 0.8380422238345324
0.05 0 0.02 0.8358230866261607
0.05 0 0.03 0.8839130636265127
0.05 0 0.04 0.8285025067942757
0.05 0 0.05 0.8333603294192775
0.05 0 0.06 0.7959460999805512
0.05 0 0.07 0.8472770581110642
0.05 0 0.08 0.7821880959854993
0.05 0 0.09 0.5308791493521642
0.05 0 0.1 0.5378119838892637
0.05 0 0.11 0.3855810084380098
0.05 0 0.12 0.27521178889080194
0.05 0 0.13 0.2946939379691666
0.05 0 0.14 0.311085737659501
0.05 0 0.15 0.3310918991303022
0.05 0 0.16 0.45520248912629807
0.05 0 0.17 0.36060288558029513
0.05 0 0.18 0.567493926088271
0.05 0 0.19 0.41326685610610187
0.05 0 0.2 0.3494723536128307
0.05 0 0.21 0.3144855254791805
0.05 0 0.22 0.1883440262922014
0.05 0 0.23 0.1731351677013791
0.05 0 0.24 0.130598683238543
0.05 0 0.25 0.09327705556865147
0.05 0 0.26 0.0924832925273852
0.05 0 0.27 0.09267275481930826
0.05 0 0.28 0.09682308676269362
0.05 0 0.29 0.1418123692073195
0.05 0 0.3 0.11124280355402849
0.05 0 0.31 0.12998113257705055
0.05 0 0.32 0.11323762435332294
0.05 0 0.33 0.15500722213792129
0.05 0 0.34 0.1673064117597734
0.05 0 0.35000000000000003 0.1848830950302554
0.05 0 0.36 0.1739266572656598
0.05 0 0.37 0.2271214978701145
0.05 0 0.38 0.2413611931102688
0.05 0 0.39 0.2169200165734731
0.05 0 0.4 0.24532693200648392
0.05 0 0.41000000000000003 0.1967205362924582
0.05 0 0.42 0.17958440230254635
0.05 0 0.43 0.24913131558556204
0.05 0 0.44 0.3054759280684589
0.05 0 0.45 0.4502285628282095
0.05 0 0.46 0.4761561899790987
0.05 0 0.47000000000000003 0.4549935062326639
0.05 0 0.48 0.6111089144045886
0.05 0 0.49 0.4636860884361351
0.05 0 0.5 0.37606390485940033
0.06 0 0.0 0.39171769039231524
0.06 0 0.01 0.21343363277397276
0.06 0 0.02 0.24767523493888835
0.06 0 0.03 0.2223394029469187
0.06 0 0.04 0.30110029486416445
0.06 0 0.05 0.49289933221353144
0.06 0 0.06 0.5856006156559674
0.06 0 0.07 0.5314785666897128
0.06 0 0.08 0.806775587432558
0.06 0 0.09 0.8991627038921168
0.06 0 0.1 1.3092862975950432
0.06 0 0.11 0.9839369336622628
0.06 0 0.12 0.8455042524529963
0.06 0 0.13 0.9761370559022874
0.06 0 0.14 0.8746843362515836
0.06 0 0.15 0.8867424293823585
0.06 0 0.16 0.9141408623552372
0.06 0 0.17 1.042363664856638
0.06 0 0.18 0.8084494222859624
0.06 0 0.19 0.8786104765216661
0.06 0 0.2 0.64016164496429
0.06 0 0.21 0.5374683400513094
0.06 0 0.22 0.3930304150426691
0.06 0 0.23 0.29194369050288854
0.06 0 0.24 0.2840767288219797
0.06 0 0.25 0.24058931179904966
0.06 0 0.26 0.16402803889132248
0.06 0 0.27 0.1846495956233084
0.06 0 0.28 0.1602249703324713
0.06 0 0.29 0.18079438827031669
0.06 0 0.3 0.20067238142055768
0.06 0 0.31 0.1441598585134531
0.06 0 0.32 0.21510718531468392
0.06 0 0.33 0.19872992047596313
0.06 0 0.34 0.1604975391680937
0.06 0 0.35000000000000003 0.17424682694669158
0.06 0 0.36 0.14381214977656456
0.06 0 0.37 0.21782551389661975
0.06 0 0.38 0.23675392603319473
0.06 0 0.39 0.27266064675094503
0.06 0 0.4 0.3199301473981697
0.06 0 0.41000000000000003 0.33346899172999384
0.06 0 0.42 0.31380820736875964
0.06 0 0.43 0.45884348681490494
0.06 0 0.44 0.351306631054526
0.06 0 0.45 0.41835693583016487
0.06 0 0.46 0.41335455959667544
0.06 0 0.47000000000000003 0.5186636592626852
0.06 0 0.48 0.4190358551391379
0.06 0 0.49 0.34718614449254553
0.06 0 0.5 0.24015115645606358
0.07 0 0.0 0.17713471531218206
0.07 0 0.01 0.1685272419337527
0.07 0 0.02 0.16041188061034456
0.07 0 0.03 0.22716207445663592
0.07 0 0.04 0.25286918759992116
0.07 0 0.05 0.24257274830849676
0.07 0 0.06 0.2805587782909894
0.07 0 0.07 0.29999870477286705
0.07 0 0.08 0.4033663243409563
0.07 0 0.09 0.5338222177978279
0.07 0 0.1 0.329156502465475
0.07 0 0.11 0.352462303912057
0.07 0 0.12 0.2625346173058261
0.07 0 0.13 0.21736804378661304
0.07 0 0.14 0.2736304992207652
0.07 0 0.15 0.2546881126301794
0.07 0 0.16 0.4219381232331529
0.07 0 0.17 0.48999536611885686
0.07 0 0.18 0.5594186352978627
0.07 0 0.19 0.776337125646253
0.07 0 0.2 0.6301399120013309
0.07 0 0.21 0.5330441897019181
0.07 0 0.22 0.6665033846084
0.07 0 0.23 0.6421871555213549
0.07 0 0.24 0.6182283956856467
0.07 0 0.25 0.5035442131783863
0.07 0 0.26 0.43050425547278515
0.07 0 0.27 0.5355929840507092
0.07 0 0.28 0.4444486244581834
0.07 0 0.29 0.4276939415336607
0.07 0 0.3 0.30486828430261914
0.07 0 0.31 0.2775771932545543
0.07 0 0.32 0.1589300426644329
0.07 0 0.33 0.17182941740501675
0.07 0 0.34 0.14249649309485987
0.07 0 0.35000000000000003 0.20898228792058124
0.07 0 0.36 0.23824491646834878
0.07 0 0.37 0.22687349271621682
0.07 0 0.38 0.3013925901676642
0.07 0 0.39 0.42471783937173035
0.07 0 0.4 0.400362388745658
0.07 0 0.41000000000000003 0.5172366442633801
0.07 0 0.42 0.4017073921062877
0.07 0 0.43 0.2973657135861223
0.07 0 0.44 0.20233629591955943
0.07 0 0.45 0.10806542159171383
0.07 0 0.46 0.16288111876356462
0.07 0 0.47000000000000003 0.16691887424421575
0.07 0 0.48 0.18303561976114968
0.07 0 0.49 0.23085287572093507
0.07 0 0.5 0.19922104502847066
0.08 0 0.0 0.18887698516063722
0.08 0 0.01 0.17847811031161148
0.08 0 0.02 0.17355014122917184
0.08 0 0.03 0.235729966821153
0.08 0 0.04 0.26753143128157425
0.08 0 0.05 0.2174445656169258
0.08 0 0.06 0.2537116062411492
0.08 0 0.07 0.23457552966146647
0.08 0 0.08 0.32950055656112315
0.08 0 0.09 0.34395043840244127
0.08 0 0.1 0.34680431766179676
0.08 0 0.11 0.29975485232275
0.08 0 0.12 0.31073445943018696
0.08 0 0.13 0.29856369639575514
0.08 0 0.14 0.32462797859781395
0.08 0 0.15 0.3845554028843682
0.08 0 0.16 0.26885151950106245
0.08 0 0.17 0.37176183369018695
0.08 0 0.18 0.47247418934895674
0.08 0 0.19 0.6686996549874537
0.08 0 0.2 0.729062818352025
0.08 0 0.21 0.6125907602363028
0.08 0 0.22 0.47846137929493404
0.08 0 0.23 0.5858272940336386
0.08 0 0.24 0.4700236239333625
0.08 0 0.25 0.9376802999983256
0.08 0 0.26 0.856816919819502
0.08 0 0.27 0.8099805777236426
0.08 0 0.28 0.9504532606048454
0.08 0 0.29 0.791705426850118
0.08 0 0.3 0.9308157521884811
0.08 0 0.31 0.9322292039629179
0.08 0 0.32 0.8422477201330417
0.08 0 0.33 0.9182447597037281
0.08 0 0.34 0.6369176425845262
0.08 0 0.35000000000000003 0.522182435977942
0.08 0 0.36 0.6331697564851021
0.08 0 0.37 0.7118823212710309
0.08 0 0.38 0.7787509850473099
0.08 0 0.39 0.579615090229229
0.08 0 0.4 0.4035481981957406
0.08 0 0.41000000000000003 0.46155502602433035
0.08 0 0.42 0.40023135956126316
0.08 0 0.43 0.2852013379457377
0.08 0 0.44 0.17011518385873384
0.08 0 0.45 0.1546758661010454
0.08 0 0.46 0.11326950041264076
0.08 0 0.47000000000000003 0.1529134574228566
0.08 0 0.48 0.14752612558803704
0.08 0 0.49 0.15493518661622313
0.08 0 0.5 0.14432144488291795
0.09 0 0.0 0.749798475492967
0.09 0 0.01 0.7197870496474349
0.09 0 0.02 0.7583817543398884
0.09 0 0.03 0.5180033685981124
0.09 0 0.04 0.5544336309333698
0.09 0 0.05 0.47026134146854076
0.09 0 0.06 0.35822653371122365
0.09 0 0.07 0.4578830838523347
0.09 0 0.08 0.3081445236553547
0.09 0 0.09 0.4270598462999364
0.09 0 0.1 0.3614888312061547
0.09 0 0.11 0.3196079779067297
0.09 0 0.12 0.3548431476224826
0.09 0 0.13 0.3525747336329032
0.09 0 0.14 0.33046987248125687
0.09 0 0.15 0.33832870473670956
0.09 0 0.16 0.2867657187596209
0.09 0 0.17 0.47985741135144083
0.09 0 0.18 0.6118866804258237
0.09 0 0.19 0.5821965567860401
0.09 0 0.2 0.672025231495536
0.09 0 0.21 0.7444071341590932
0.09 0 0.22 0.8110479976620807
0.09 0 0.23 0.7344400602079991
0.09 0 0.24 0.6785785599395926
0.09 0 0.25 0.6694189875019912
0.09 0 0.26 0.8200610041488597
0.09 0 0.27 1.0308544091892249
0.09 0 0.28 1.1735263024231393
0.09 0 0.29 1.4572540555764624
0.09 0 0.3 1.0039736369526595
0.09 0 0.31 1.2976156241483916
0.09 0 0.32 1.0063638866124798
0.09 0 0.33 0.777919401663438
0.09 0 0.34 0.630092507093329
0.09 0 0.35000000000000003 0.4898395840911844
0.09 0 0.36 0.41843324084053424
0.09 0 0.37 0.5302057279965764
0.09 0 0.38 0.36264960216735426
0.09 0 0.39 0.4963159978666604
0.09 0 0.4 0.43287997488010194
0.09 0 0.41000000000000003 0.4393117483265516
0.09 0 0.42 0.5923703720400989
0.09 0 0.43 0.4942040567424903
0.09 0 0.44 0.6514296846441224
0.09 0 0.45 0.5268342000088325
0.09 0 0.46 0.42332927869707165
0.09 0 0.47000000000000003 0.4642792188643175
0.09 0 0.48 0.5141196060382501
0.09 0 0.49 0.4690624404241555
0.09 0 0.5 0.5660707131235244
0.1 0 0.0 0.43288397254752153
0.1 0 0.01 0.49592591387730617
0.1 0 0.02 0.4919479977866825
0.1 0 0.03 0.5119432376972316
0.1 0 0.04 0.5106079276016416
0.1 0 0.05 0.467723377839471
0.1 0 0.06 0.4567342179669169
0.1 0 0.07 0.5366272411620717
0.1 0 0.08 0.604332285962318
0.1 0 0.09 0.35605781798120933
0.1 0 0.1 0.28912143564147286
0.1 0 0.11 0.2478364461591753
0.1 0 0.12 0.23823576197691446
0.1 0 0.13 0.25357348254936285
0.1 0 0.14 0.14740120071084048
0.1 0 0.15 0.12315095304434305
0.1 0 0.16 0.1312895689613055
0.1 0 0.17 0.13517689418025888
0.1 0 0.18 0.18887468373252497
0.1 0 0.19 0.23292919260046618
0.1 0 0.2 0.2064234180707355
0.1 0 0.21 0.28696908512923613
0.1 0 0.22 0.19439686678011703
0.1 0 0.23 0.3918206581445816
0.1 0 0.24 0.46126081426743515
0.1 0 0.25 0.4780925634670944
0.1 0 0.26 0.5689657105131991
0.1 0 0.27 0.7850218285261514
0.1 0 0.28 1.0335118837346104
0.1 0 0.29 1.3600325506856292
0.1 0 0.3 1.142874320001989
0.1 0 0.31 1.1683790572284318
0.1 0 0.32 0.8891024346418112
0.1 0 0.33 0.5955215074609971
0.1 0 0.34 0.556737113316384
0.1 0 0.35000000000000003 0.4761393567142878
0.1 0 0.36 0.5037223603999471
0.1 0 0.37 0.5422946081590344
0.1 0 0.38 0.7344701170048232
0.1 0 0.39 0.880797213997873
0.1 0 0.4 1.3929232500288782
0.1 0 0.41000000000000003 1.3431898409859002
0.1 0 0.42 1.0898278816334337
0.1 0 0.43 0.8790642515593555
0.1 0 0.44 0.45141993468740277
0.1 0 0.45 0.39743564151235544
0.1 0 0.46 0.33394287731290984
0.1 0 0.47000000000000003 0.27074464925657615
0.1 0 0.48 0.2510377657189292
0.1 0 0.49 0.18765334547710108
0.1 0 0.5 0.24976275391637107
0.11 0 0.0 0.6697733484238821
0.11 0 0.01 0.5636065124578689
0.11 0 0.02 0.8369849357096009
0.11 0 0.03 0.8673132367049847
0.11 0 0.04 0.5293023257486522
0.11 0 0.05 0.5243655798798736
0.11 0 0.06 0.4006596536262094
0.11 0 0.07 0.5738991143798091
0.11 0 0.08 0.6232279152997259
0.11 0 0.09 0.5757973486157214
0.11 0 0.1 0.4985910960806696
0.11 0 0.11 0.45152964597107026
0.11 0 0.12 0.29800550916233204
0.11 0 0.13 0.35395855399544696
0.11 0 0.14 0.24267052445486845
0.11 0 0.15 0.22481038539975054
0.11 0 0.16 0.16921720816763763
0.11 0 0.17 0.16629750633397083
0.11 0 0.18 0.16279033140385485
0.11 0 0.19 0.21243226350206892
0.11 0 0.2 0.25530606820722945
0.11 0 0.21 0.36801934524866825
0.11 0 0.22 0.6137367859529689
0.11 0 0.23 0.586217523213151
0.11 0 0.24 0.6439671190852388
0.11 0 0.25 0.6738379109510553
0.11 0 0.26 0.8576994447252552
0.11 0 0.27 1.239335143836666
0.11 0 0.28 0.9165633445137444
0.11 0 0.29 0.880157603633472
0.11 0 0.3 0.916806611537667
0.11 0 0.31 0.6473011382280589
0.11 0 0.32 0.7213098449973382
0.11 0 0.33 0.7711534643169095
0.11 0 0.34 0.6996042235591318
0.11 0 0.35000000000000003 0.9096904051427693
0.11 0 0.36 0.63392241060473
0.11 0 0.37 0.8826124622203082
0.11 0 0.38 0.8132503332908124
0.11 0 0.39 0.7021206258715204
0.11 0 0.4 0.8373350157387184
0.11 0 0.41000000000000003 0.7800671321626399
0.11 0 0.42 0.7065675467907677
0.11 0 0.43 0.564804566102656
0.11 0 0.44 0.43518600969356513
0.11 0 0.45 0.4459044053986752
0.11 0 0.46 0.5498013148743804
0.11 0 0.47000000000000003 0.4257943867032367
0.11 0 0.48 0.4820473725843894
0.11 0 0.49 0.4865996769394136
0.11 0 0.5 0.6242952617367548
0.12 0 0.0 0.35700156642062314
0.12 0 0.01 0.3394763332711553
0.12 0 0.02 0.2503480853361228
0.12 0 0.03 0.2714245706007267
0.12 0 0.04 0.19181484269705584
0.12 0 0.05 0.19724557205145812
0.12 0 0.06 0.28422621900954126
0.12 0 0.07 0.2769999928967039
0.12 0 0.08 0.2799116396316824
0.12 0 0.09 0.3295098011895687
0.12 0 0.1 0.30432356819451706
0.12 0 0.11 0.439702353751441
0.12 0 0.12 0.41737496931643103
0.12 0 0.13 0.3058697474469948
0.12 0 0.14 0.2585238556290102
0.12 0 0.15 0.1437327400885529
0.12 0 0.16 0.1670519897893946
0.12 0 0.17 0.19626908033721627
0.12 0 0.18 0.16779306359335894
0.12 0 0.19 0.22642458271603766
0.12 0 0.2 0.17943757358840803
0.12 0 0.21 0.2499761784280348
0.12 0 0.22 0.29536194694023626
0.12 0 0.23 0.27806551385482925
0.12 0 0.24 0.23833702123622763
0.12 0 0.25 0.2603203462102505
0.12 0 0.26 0.24223917439064047
0.12 0 0.27 0.35259622544870267
0.12 0 0.28 0.3898378887976505
0.12 0 0.29 0.5380821183945121
0.12 0 0.3 0.6052790277763374
0.12 0 0.31 0.6922873260342426
0.12 0 0.32 0.7928361000118507
0.12 0 0.33 0.8434724895190008
0.12 0 0.34 0.7293797039930838
0.12 0 0.35000000000000003 0.6392537354322105
0.12 0 0.36 0.890167539478763
0.12 0 0.37 0.6379015854173047
0.12 0 0.38 0.7977701841073693
0.12 0 0.39 0.7652863148153995
0.12 0 0.4 0.8036726715909193
0.12 0 0.41000000000000003 0.771645462294784
0.12 0 0.42 0.5609925454427959
0.12 0 0.43 0.5083184308533949
0.12 0 0.44 0.6418246564173198
0.12 0 0.45 0.463497355617427
0.12 0 0.46 0.5288863592977058
0.12 0 0.47000000000000003 0.3906876851941537
0.12 0 0.48 0.3207503070039574
0.12 0 0.49 0.4083991023680415
0.12 0 0.5 0.3469196526301036
0.13 0 0.0 0.6124572699898112
0.13 0 0.01 0.6986225173423053
0.13 0 0.02 0.5143701413845349
0.13 0 0.03 0.47793104624340454
0.13 0 0.04 0.44700277702111085
0.13 0 0.05 0.49152810588974793
0.13 0 0.06 0.503814322029875
0.13 0 0.07 0.4060660233509948
0.13 0 0.08 0.3461300534094295
0.13 0 0.09 0.36759402945684005
0.13 0 0.1 0.26823233278664715
0.13 0 0.11 0.31836040833233764
0.13 0 0.12 0.29218596451874346
0.13 0 0.13 0.2889630701863218
0.13 0 0.14 0.21834978647201303
0.13 0 0.15 0.3210475476870134
0.13 0 0.16 0.3001323468134707
0.13 0 0.17 0.36437435176532607
0.13 0 0.18 0.26143266200610155
0.13 0 0.19 0.22573041512066144
0.13 0 0.2 0.30474793435087383
0.13 0 0.21 0.30173503757510395
0.13 0 0.22 0.32691459658331956
0.13 0 0.23 0.31248167201849053
0.13 0 0.24 0.24259304254204386
0.13 0 0.25 0.2858106490814726
0.13 0 0.26 0.29119026539734477
0.13 0 0.27 0.30529517155005476
0.13 0 0.28 0.6111993804675586
0.13 0 0.29 0.5809159690692979
0.13 0 0.3 0.9258338956316522
0.13 0 0.31 1.1604647694944854
0.13 0 0.32 1.1907334499286273
0.13 0 0.33 1.3198864013624638
0.13 0 0.34 0.9993895769044255
0.13 0 0.35000000000000003 1.0723374489689128
0.13 0 0.36 1.1313552159853955
0.13 0 0.37 0.8754518706720467
0.13 0 0.38 0.7891143074149161
0.13 0 0.39 0.7058398846226585
0.13 0 0.4 0.5807199735752295
0.13 0 0.41000000000000003 0.6514298790823664
0.13 0 0.42 0.6968227670602236
0.13 0 0.43 0.6349728521235077
0.13 0 0.44 0.5883255812715203
0.13 0 0.45 0.535603488684459
0.13 0 0.46 0.5766293822023203
0.13 0 0.47000000000000003 0.6190129182278863
0.13 0 0.48 0.6799520124522301
0.13 0 0.49 0.5474152183442434
0.13 0 0.5 0.6291171119853335
0.14 0 0.0 0.4081637248610882
0.14 0 0.01 0.4540131223282888
0.14 0 0.02 0.3388649402645872
0.14 0 0.03 0.2968501829853907
0.14 0 0.04 0.3508668477979598
0.14 0 0.05 0.4161511831525602
0.14 0 0.06 0.37892016067528667
0.14 0 0.07 0.5634622226032745
0.14 0 0.08 0.37230802811794983
0.14 0 0.09 0.43274733438821916
0.14 0 0.1 0.5133765954028403
0.14 0 0.11 0.5205944157985812
0.14 0 0.12 0.5461434756069347
0.14 0 0.13 0.25728009345784164
0.14 0 0.14 0.19871560300193475
0.14 0 0.15 0.19026207982853063
0.14 0 0.16 0.15293966098482464
0.14 0 0.17 0.15389154197847202
0.14 0 0.18 0.1377882026044272
0.14 0 0.19 0.11195662656975809
0.14 0 0.2 0.13285519235372706
0.14 0 0.21 0.1896790706159407
0.14 0 0.22 0.3113569598770848
0.14 0 0.23 0.43850041882370633
0.14 0 0.24 0.3980997829196809
0.14 0 0.25 0.43543073084764783
0.14 0 0.26 0.5113657084412324
0.14 0 0.27 0.5805044646884062
0.14 0 0.28 0.4698891685291756
0.14 0 0.29 0.49331740751258324
0.14 0 0.3 0.462905061461313
0.14 0 0.31 0.6531980930461034
0.14 0 0.32 0.6086836622318262
0.14 0 0.33 0.4480913953215269
0.14 0 0.34 0.5967889031054625
0.14 0 0.35000000000000003 0.42502982641053716
0.14 0 0.36 0.42512474107347753
0.14 0 0.37 0.41099924291960627
0.14 0 0.38 0.4288058143510626
0.14 0 0.39 0.48972861191220224
0.14 0 0.4 0.4912320938888432
0.14 0 0.41000000000000003 0.3716214689659588
0.14 0 0.42 0.5361377941278528
0.14 0 0.43 0.3509631982201391
0.14 0 0.44 0.5306301401086031
0.14 0 0.45 0.5643175099151838
0.14 0 0.46 0.5235407647925544
0.14 0 0.47000000000000003 0.5714071709708303
0.14 0 0.48 0.598039545284561
0.14 0 0.49 0.8416386768388993
0.14 0 0.5 1.2385248307004415
0.15 0 0.0 0.6097067000514076
0.15 0 0.01 0.7851504775122001
0.15 0 0.02 0.8018255524306934
0.15 0 0.03 0.5210073375270442
0.15 0 0.04 0.3675988103205297
0.15 0 0.05 0.3052466337130314
0.15 0 0.06 0.3510500591249584
0.15 0 0.07 0.42248543401513805
0.15 0 0.08 0.39382642001138674
0.15 0 0.09 0.3189744581941099
0.15 0 0.1 0.338053795156769
0.15 0 0.11 0.3857305928203777
0.15 0 0.12 0.3122805226155624
0.15 0 0.13 0.44889301167119644
0.15 0 0.14 0.3497579261048542
0.15 0 0.15 0.3778824651349023
0.15 0 0.16 0.3268365343976689
0.15 0 0.17 0.278818953342703
0.15 0 0.18 0.33406680126219107
0.15 0 0.19 0.37519989376574386
0.15 0 0.2 0.43186801397975694
0.15 0 0.21 0.6398226740608933
0.15 0 0.22 0.45250788065334474
0.15 0 0.23 0.5129043206633614
0.15 0 0.24 0.7202952822269953
0.15 0 0.25 0.653434166982349
0.15 0 0.26 0.8061193092366
0.15 0 0.27 0.4335594032391255
0.15 0 0.28 0.4397656666633499
0.15 0 0.29 0.4569531646413838
0.15 0 0.3 0.5162522971644883
0.15 0 0.31 0.5254995998050884
0.15 0 0.32 0.5796941185741843
0.15 0 0.33 0.49810809128332045
0.15 0 0.34 0.5506957246780605
0.15 0 0.35000000000000003 0.4160809053149264
0.15 0 0.36 0.379665013247082
0.15 0 0.37 0.3270685683007746
0.15 0 0.38 0.2367575768462639
0.15 0 0.39 0.18763422581801328
0.15 0 0.4 0.23586331127916121
0.15 0 0.41000000000000003 0.2736937246016589
0.15 0 0.42 0.2585930859093572
0.15 0 0.43 0.3133278416218829
0.15 0 0.44 0.32050499759370793
0.15 0 0.45 0.4337538480504486
0.15 0 0.46 0.4823951664657935
0.15 0 0.47000000000000003 0.46704268617406314
0.15 0 0.48 0.7661359180995875
0.15 0 0.49 0.5969174081798788
0.15 0 0.5 0.7137978453621449
0.16 0 0.0 0.4720947537646549
0.16 0 0.01 0.42596776911958095
0.16 0 0.02 0.45892533989996287
0.16 0 0.03 0.5722594043682215
0.16 0 0.04 0.4119337843202476
0.16 0 0.05 0.5866198814202607
0.16 0 0.06 0.33350567506852263
0.16 0 0.07 0.30842528217826115
0.16 0 0.08 0.33386319852621377
0.16 0 0.09 0.4187449251940007
0.16 0 0.1 0.6153819282510973
0.16 0 0.11 0.5904776988333286
0.16 0 0.12 0.5965293649083947
0.16 0 0.13 0.7937222821996326
0.16 0 0.14 0.8623061464316361
0.16 0 0.15 0.7989448280834508
0.16 0 0.16 0.8706820837844544
0.16 0 0.17 0.6401421785037893
0.16 0 0.18 0.6025339007431166
0.16 0 0.19 0.5902206191732703
0.16 0 0.2 0.7859034398892031
0.16 0 0.21 0.7819639100466418
0.16 0 0.22 0.8514846992413211
0.16 0 0.23 0.7556031866515858
0.16 0 0.24 1.154986980200847
0.16 0 0.25 1.6036852814201117
0.16 0 0.26 1.7047787934407332
0.16 0 0.27 1.9848551622608355
0.16 0 0.28 1.262734592120564
0.16 0 0.29 1.317123176759933
0.16 0 0.3 1.8239758425716655
0.16 0 0.31 1.8321489120007883
0.16 0 0.32 2.198978432830649
0.16 0 0.33 1.46094817031247
0.16 0 0.34 1.015531095675735
0.16 0 0.35000000000000003 1.1097013423706765
0.16 0 0.36 0.9249933715545725
0.16 0 0.37 0.8653928873964595
0.16 0 0.38 0.8035559261864464
0.16 0 0.39 0.5165102032043701
0.16 0 0.4 0.6959961176863368
0.16 0 0.41000000000000003 0.469320245360414
0.16 0 0.42 0.6332058831074223
0.16 0 0.43 0.7788040013398311
0.16 0 0.44 0.8624756942715648
0.16 0 0.45 0.7179937423076372
0.16 0 0.46 0.7039306081197002
0.16 0 0.47000000000000003 0.5565521332094554
0.16 0 0.48 0.5614246355015771
0.16 0 0.49 0.5242733051970684
0.16 0 0.5 0.5356908004579515
0.17 0 0.0 1.3386286155124576
0.17 0 0.01 1.161239756005128
0.17 0 0.02 0.9487007580722928
0.17 0 0.03 0.9596244634867578
0.17 0 0.04 0.9308197875342149
0.17 0 0.05 0.6517712798320919
0.17 0 0.06 0.6570527263180316
0.17 0 0.07 0.4457461939492532
0.17 0 0.08 0.4913774821602899
0.17 0 0.09 0.5752230743748479
0.17 0 0.1 0.5764082464594219
0.17 0 0.11 0.8903565337769124
0.17 0 0.12 0.9156366424568819
0.17 0 0.13 0.9438841815246345
0.17 0 0.14 1.5239601712105981
0.17 0 0.15 1.9874940877945895
0.17 0 0.16 2.753473649120294
0.17 0 0.17 2.5521730038428827
0.17 0 0.18 1.8915126761831436
0.17 0 0.19 3.4738289774169964
0.17 0 0.2 3.590665832108326
0.17 0 0.21 3.936396732607083
0.17 0 0.22 4.42735630524535
0.17 0 0.23 3.5333854339715547
0.17 0 0.24 3.6468832429193005
0.17 0 0.25 2.6152904423773666
0.17 0 0.26 2.437250837569212
0.17 0 0.27 2.1903888851114743
0.17 0 0.28 2.2751102568853896
0.17 0 0.29 2.069072831194163
0.17 0 0.3 2.870704609734966
0.17 0 0.31 2.5537026113841224
0.17 0 0.32 3.2296023486250562
0.17 0 0.33 3.2527797264718066
0.17 0 0.34 3.5861505167339796
0.17 0 0.35000000000000003 2.401015827651481
0.17 0 0.36 1.7034694360508509
0.17 0 0.37 0.7775435864733004
0.17 0 0.38 0.7829831617976404
0.17 0 0.39 0.8904896938628872
0.17 0 0.4 0.8636250957052575
0.17 0 0.41000000000000003 1.1925167054490429
0.17 0 0.42 1.069340435458777
0.17 0 0.43 1.3198053515525
0.17 0 0.44 1.432416771443181
0.17 0 0.45 1.1718186970814939
0.17 0 0.46 1.3260627226178463
0.17 0 0.47000000000000003 0.9466012192998655
0.17 0 0.48 0.5996205371235913
0.17 0 0.49 0.6036404494350666
0.17 0 0.5 0.39310119793065534
0.18 0 0.0 0.3730333300501215
0.18 0 0.01 0.37936842649306174
0.18 0 0.02 0.27853273952936075
0.18 0 0.03 0.391193638497472
0.18 0 0.04 0.3648727750999474
0.18 0 0.05 0.41888759834746986
0.18 0 0.06 0.4293517681445564
0.18 0 0.07 0.3935878029018974
0.18 0 0.08 0.4348318215626613
0.18 0 0.09 0.6831815882120746
0.18 0 0.1 0.7932940157252447
0.18 0 0.11 0.8558568382584365
0.18 0 0.12 0.7769924051833308
0.18 0 0.13 0.7133722002150751
0.18 0 0.14 0.9233108616626271
0.18 0 0.15 1.0249934642301342
0.18 0 0.16 1.042173476241798
0.18 0 0.17 1.0705977822310848
0.18 0 0.18 1.5756152453997239
0.18 0 0.19 1.5184943280041174
0.18 0 0.2 2.697173406388594
0.18 0 0.21 2.64937387535618
0.18 0 0.22 4.343041133018364
0.18 0 0.23 4.939080452435903
0.18 0 0.24 5.175039418535342
0.18 0 0.25 7.360732880021432
0.18 0 0.26 6.487633947190608
0.18 0 0.27 4.058441240106554
0.18 0 0.28 4.243603553296843
0.18 0 0.29 3.150163025347491
0.18 0 0.3 3.160400828152684
0.18 0 0.31 2.7542644710555697
0.18 0 0.32 2.29397107260676
0.18 0 0.33 3.860836078060002
0.18 0 0.34 4.032821102953494
0.18 0 0.35000000000000003 4.647605082562188
0.18 0 0.36 5.33765940472611
0.18 0 0.37 4.626558788985409
0.18 0 0.38 5.714936806118529
0.18 0 0.39 5.299830915937978
0.18 0 0.4 5.449103829752261
0.18 0 0.41000000000000003 5.075231891872395
0.18 0 0.42 4.1766058310116225
0.18 0 0.43 2.3385916460011895
0.18 0 0.44 1.9344716787694818
0.18 0 0.45 1.2891686557880346
0.18 0 0.46 0.8582803686247713
0.18 0 0.47000000000000003 0.5444546183671827
0.18 0 0.48 0.4832474911552496
0.18 0 0.49 0.4916061792058749
0.18 0 0.5 0.6033624132579485
0.19 0 0.0 0.7884620550104805
0.19 0 0.01 0.714302399937703
0.19 0 0.02 0.6041022897466901
0.19 0 0.03 0.37405371577687613
0.19 0 0.04 0.5524701194984515
0.19 0 0.05 0.5906885241729479
0.19 0 0.06 0.6802804958943077
0.19 0 0.07 0.7181620450974312
0.19 0 0.08 0.6309245209766262
0.19 0 0.09 0.7438206219966529
0.19 0 0.1 1.0888999631443461
0.19 0 0.11 1.0296445527303932
0.19 0 0.12 1.8178865020723918
0.19 0 0.13 1.5480941000154718
0.19 0 0.14 1.6802384247604216
0.19 0 0.15 1.655558607625266
0.19 0 0.16 1.3098435220429512
0.19 0 0.17 1.849446836297994
0.19 0 0.18 2.2310400142899067
0.19 0 0.19 2.5632687814200903
0.19 0 0.2 3.3277748373183966
0.19 0 0.21 3.765773567510003
0.19 0 0.22 4.557715416802313
0.19 0 0.23 5.946078508581728
0.19 0 0.24 6.900351007333223
0.19 0 0.25 6.125661682851603
0.19 0 0.26 4.924302357031959
0.19 0 0.27 3.6338795883262245
0.19 0 0.28 3.8642702134010247
0.19 0 0.29 3.0336416476775394
0.19 0 0.3 2.175389864364324
0.19 0 0.31 1.7187254885287357
0.19 0 0.32 1.9769190991913848
0.19 0 0.33 1.6652993374616742
0.19 0 0.34 3.082063660243713
0.19 0 0.35000000000000003 2.671358585211368
0.19 0 0.36 2.85238855565752
0.19 0 0.37 2.363040523672306
0.19 0 0.38 1.8938719980663086
0.19 0 0.39 2.5754340582714157
0.19 0 0.4 2.328929552225798
0.19 0 0.41000000000000003 1.8053394468771287
0.19 0 0.42 1.8089221723230515
0.19 0 0.43 1.4689764879085232
0.19 0 0.44 1.501324006195288
0.19 0 0.45 1.3349871664016764
0.19 0 0.46 0.71995277820796
0.19 0 0.47000000000000003 0.8792453922114248
0.19 0 0.48 0.6153425369714284
0.19 0 0.49 0.5652958611441028
0.19 0 0.5 0.5126838355486483
0.2 0 0.0 0.47737071340304627
0.2 0 0.01 0.40240006803299627
0.2 0 0.02 0.3318802330519759
0.2 0 0.03 0.27976477406901185
0.2 0 0.04 0.3289708584978291
0.2 0 0.05 0.3604339353189982
0.2 0 0.06 0.37795559219926633
0.2 0 0.07 0.5522761147526879
0.2 0 0.08 0.7020424626885549
0.2 0 0.09 0.6886287435979966
0.2 0 0.1 0.7027455790472966
0.2 0 0.11 0.8397127000312183
0.2 0 0.12 0.9822378983069947
0.2 0 0.13 1.4004247077917409
0.2 0 0.14 1.3207346597444156
0.2 0 0.15 1.2784533617412213
0.2 0 0.16 1.6660727197434144
0.2 0 0.17 1.433488844780182
0.2 0 0.18 2.846201259644536
0.2 0 0.19 2.9443776226518223
0.2 0 0.2 3.4065677424005028
0.2 0 0.21 2.931054394513112
0.2 0 0.22 2.4535307423735646
0.2 0 0.23 3.365408445723331
0.2 0 0.24 5.711749799677518
0.2 0 0.25 3.721392714913964
0.2 0 0.26 3.924553846713115
0.2 0 0.27 2.8053852500390843
0.2 0 0.28 3.6868102846419104
0.2 0 0.29 5.182473339127929
0.2 0 0.3 4.774608297552636
0.2 0 0.31 4.690134932273535
0.2 0 0.32 2.893589741538116
0.2 0 0.33 2.2625386890208694
0.2 0 0.34 2.297701553345476
0.2 0 0.35000000000000003 2.170369271947975
0.2 0 0.36 1.5802187608217424
0.2 0 0.37 1.2895831263893445
0.2 0 0.38 0.832612156008055
0.2 0 0.39 0.5827432583586478
0.2 0 0.4 0.49656688567961776
0.2 0 0.41000000000000003 0.48262411995211996
0.2 0 0.42 0.5359749637955051
0.2 0 0.43 0.585063697432401
0.2 0 0.44 0.4634618763373695
0.2 0 0.45 0.43383891601002944
0.2 0 0.46 0.4620868051197105
0.2 0 0.47000000000000003 0.39765394846825663
0.2 0 0.48 0.5216401920849264
0.2 0 0.49 0.3881850623946169
0.2 0 0.5 0.40835559540164457
0.21 0 0.0 1.0165204457121724
0.21 0 0.01 0.7332214344733875
0.21 0 0.02 0.9999345504872714
0.21 0 0.03 1.3668241836859178
0.21 0 0.04 1.3486801272495077
0.21 0 0.05 1.5007444437988453
0.21 0 0.06 1.3818006773933709
0.21 0 0.07 1.2663094155571648
0.21 0 0.08 1.5286477416439896
0.21 0 0.09 0.8413245779992039
0.21 0 0.1 0.8890129544115445
0.21 0 0.11 0.4846205448601738
0.21 0 0.12 0.4859943628841505
0.21 0 0.13 0.7409759058404557
0.21 0 0.14 1.305104893818708
0.21 0 0.15 1.5085879635665524
0.21 0 0.16 1.6289500597500433
0.21 0 0.17 1.5249877363292486
0.21 0 0.18 1.9743104910729916
0.21 0 0.19 2.2349355604973824
0.21 0 0.2 1.9146368244776928
0.21 0 0.21 1.6811037764214223
0.21 0 0.22 1.550630773904588
0.21 0 0.23 1.2795159018905855
0.21 0 0.24 1.1835128567216748
0.21 0 0.25 1.3739125191277255
0.21 0 0.26 1.726150028673777
0.21 0 0.27 2.6817828475861925
0.21 0 0.28 2.2057063929069844
0.21 0 0.29 2.1951548642991887
0.21 0 0.3 2.763975268430686
0.21 0 0.31 1.9006887467625315
0.21 0 0.32 2.3433580787511676
0.21 0 0.33 1.7253936679539406
0.21 0 0.34 1.309746749644685
0.21 0 0.35000000000000003 0.9722040377333973
0.21 0 0.36 0.6599646619951929
0.21 0 0.37 0.7415813574153428
0.21 0 0.38 0.8072407648309262
0.21 0 0.39 0.5174095567608209
0.21 0 0.4 0.5284783233242772
0.21 0 0.41000000000000003 0.40281194802682363
0.21 0 0.42 0.3988730231220727
0.21 0 0.43 0.5147902867472601
0.21 0 0.44 0.38922777530793656
0.21 0 0.45 0.4439811442373866
0.21 0 0.46 0.3387353348547756
0.21 0 0.47000000000000003 0.36235169528764255
0.21 0 0.48 0.3343730418488468
0.21 0 0.49 0.36869472840698264
0.21 0 0.5 0.2489702045894596
0.22 0 0.0 1.4674216602028385
0.22 0 0.01 1.4014315454500952
0.22 0 0.02 1.788140697728255
0.22 0 0.03 1.85845728479577
0.22 0 0.04 1.961848398331682
0.22 0 0.05 1.8685612350560143
0.22 0 0.06 2.5866162303127966
0.22 0 0.07 2.233721037998521
0.22 0 0.08 2.211619993075855
0.22 0 0.09 2.396899319479746
0.22 0 0.1 1.6574479481367752
0.22 0 0.11 1.822271342784349
0.22 0 0.12 1.6379966357818603
0.22 0 0.13 1.7081163323893158
0.22 0 0.14 2.262031098297444
0.22 0 0.15 1.9315457086336953
0.22 0 0.16 2.8546040630211746
0.22 0 0.17 3.0046591943848475
0.22 0 0.18 2.3618539665112754
0.22 0 0.19 2.4191365369808544
0.22 0 0.2 2.095232800378088
0.22 0 0.21 1.8383216853516071
0.22 0 0.22 2.5306903713773954
0.22 0 0.23 1.972144806336737
0.22 0 0.24 2.889182929977035
0.22 0 0.25 2.3985682065464737
0.22 0 0.26 2.355070787659596
0.22 0 0.27 2.393792502849924
0.22 0 0.28 2.4270036783309594
0.22 0 0.29 1.9471773827903798
0.22 0 0.3 1.2435246234331145
0.22 0 0.31 0.8698612948548079
0.22 0 0.32 0.9328325163479846
0.22 0 0.33 1.2761636498443791
0.22 0 0.34 0.9943560615846485
0.22 0 0.35000000000000003 0.9768570771801938
0.22 0 0.36 0.9936029716279964
0.22 0 0.37 1.0895805741313427
0.22 0 0.38 1.0898594238263635
0.22 0 0.39 1.1817709972153734
0.22 0 0.4 0.6975412177345742
0.22 0 0.41000000000000003 0.6573800330555051
0.22 0 0.42 0.4623994745180151
0.22 0 0.43 0.7033613882117289
0.22 0 0.44 1.0733494551574199
0.22 0 0.45 0.9020481845117405
0.22 0 0.46 1.0777225188875696
0.22 0 0.47000000000000003 0.9473879221835683
0.22 0 0.48 0.9017213286308321
0.22 0 0.49 1.0593972310185407
0.22 0 0.5 0.7456271952963531
0.23 0 0.0 2.25579649783636
0.23 0 0.01 2.5755234199459722
0.23 0 0.02 1.8453330880756822
0.23 0 0.03 2.2574824473381163
0.23 0 0.04 2.6365847804364586
0.23 0 0.05 2.7212956905672763
0.23 0 0.06 3.161141015765526
0.23 0 0.07 2.1398690809409113
0.23 0 0.08 2.6690364429046984
0.23 0 0.09 2.3056495898809257
0.23 0 0.1 1.985582842346439
0.23 0 0.11 1.613715442907618
0.23 0 0.12 2.206364173377464
0.23 0 0.13 2.0530750214606615
0.23 0 0.14 2.5812990358493324
0.23 0 0.15 2.6790893603791335
0.23 0 0.16 3.4801782170626296
0.23 0 0.17 4.04270834913727
0.23 0 0.18 4.3307625650098
0.23 0 0.19 3.129801259624672
0.23 0 0.2 2.69035995485219
0.23 0 0.21 1.8478515979486427
0.23 0 0.22 1.6253877733450406
0.23 0 0.23 1.635034830698709
0.23 0 0.24 0.8747319373949878
0.23 0 0.25 0.9572159885727107
0.23 0 0.26 0.79782631131153
0.23 0 0.27 0.9701377434167833
0.23 0 0.28 1.2763388967735296
0.23 0 0.29 0.9415325084087507
0.23 0 0.3 0.8784011529075817
0.23 0 0.31 0.9749438787644298
0.23 0 0.32 0.8959090014769461
0.23 0 0.33 1.163528848222666
0.23 0 0.34 0.9760669477426778
0.23 0 0.35000000000000003 0.9718040969335926
0.23 0 0.36 1.114803520080607
0.23 0 0.37 0.8313220060235174
0.23 0 0.38 0.9653691536216014
0.23 0 0.39 0.7362568688263987
0.23 0 0.4 0.46158212134402204
0.23 0 0.41000000000000003 0.3612081714460534
0.23 0 0.42 0.29777401138352316
0.23 0 0.43 0.279539594060101
0.23 0 0.44 0.25540878453830806
0.23 0 0.45 0.33623374655483546
0.23 0 0.46 0.3957763303510208
0.23 0 0.47000000000000003 0.5515014354533909
0.23 0 0.48 0.41731722200817345
0.23 0 0.49 0.4796405530054938
0.23 0 0.5 0.48299097621616305
0.24 0 0.0 1.5795448436577444
0.24 0 0.01 1.3822720966549855
0.24 0 0.02 2.0517705201957828
0.24 0 0.03 1.8417495559462775
0.24 0 0.04 3.119561940638206
0.24 0 0.05 2.4581237887729794
0.24 0 0.06 2.30821430575048
0.24 0 0.07 2.537721350606345
0.24 0 0.08 1.6750078892348703
0.24 0 0.09 1.4660074920215043
0.24 0 0.1 1.4435927469486693
0.24 0 0.11 1.3820099614166876
0.24 0 0.12 1.6131013862524486
0.24 0 0.13 1.1539935439533389
0.24 0 0.14 1.2007407798688492
0.24 0 0.15 1.9307632917202722
0.24 0 0.16 1.707630781855027
0.24 0 0.17 2.038959347221943
0.24 0 0.18 1.49082135311032
0.24 0 0.19 0.8554139996870611
0.24 0 0.2 0.6404941199875107
0.24 0 0.21 0.5221776453268718
0.24 0 0.22 0.7430211234000537
0.24 0 0.23 0.8161790050226198
0.24 0 0.24 0.7315595703726556
0.24 0 0.25 0.5996701889496926
0.24 0 0.26 0.71724468975041
0.24 0 0.27 0.810509488632196
0.24 0 0.28 1.0074296773348814
0.24 0 0.29 0.9556867166045672
0.24 0 0.3 0.7378134661767816
0.24 0 0.31 0.7161531118336768
0.24 0 0.32 0.6449898869090006
0.24 0 0.33 0.6361133033083124
0.24 0 0.34 0.7961702558139394
0.24 0 0.35000000000000003 0.7474569330284905
0.24 0 0.36 0.5701496769903118
0.24 0 0.37 0.6810806745556856
0.24 0 0.38 0.3906642151085859
0.24 0 0.39 0.40892784709355906
0.24 0 0.4 0.200715711156971
0.24 0 0.41000000000000003 0.16053033738614056
0.24 0 0.42 0.13906212236399904
0.24 0 0.43 0.09607881569023365
0.24 0 0.44 0.09364540070665088
0.24 0 0.45 0.1255654418253342
0.24 0 0.46 0.12562282677234618
0.24 0 0.47000000000000003 0.2095402265138421
0.24 0 0.48 0.2084036429164985
0.24 0 0.49 0.1941633370765221
0.24 0 0.5 0.1956757479338534
0.25 0 0.0 0.8163204864610526
0.25 0 0.01 1.1708373312026117
0.25 0 0.02 1.3743793982185843
0.25 0 0.03 1.205307966746854
0.25 0 0.04 1.0555870804480338
0.25 0 0.05 0.8605920645319779
0.25 0 0.06 0.7740428006619049
0.25 0 0.07 0.7496606333250287
0.25 0 0.08 0.7120018245628408
0.25 0 0.09 0.5532420566576474
0.25 0 0.1 0.6274215307656915
0.25 0 0.11 0.6067607788153613
0.25 0 0.12 0.8167124284216497
0.25 0 0.13 1.226074308040101
0.25 0 0.14 1.46903990504768
0.25 0 0.15 1.2573371997252338
0.25 0 0.16 1.5747915430218096
0.25 0 0.17 1.3844108035144573
0.25 0 0.18 1.8606586860950123
0.25 0 0.19 1.2622189532100756
0.25 0 0.2 0.9681631208790797
0.25 0 0.21 1.1518189281566564
0.25 0 0.22 0.7505108270400849
0.25 0 0.23 0.9497593007966181
0.25 0 0.24 1.178323993554266
0.25 0 0.25 1.5149007931034284
0.25 0 0.26 1.9278653387561708
0.25 0 0.27 1.8063261459101954
0.25 0 0.28 1.4913531432767728
0.25 0 0.29 1.8989516752201256
0.25 0 0.3 1.3104693080956824
0.25 0 0.31 1.7518222404754393
0.25 0 0.32 1.4601030535481092
0.25 0 0.33 1.2850127043935418
0.25 0 0.34 1.0652505920460704
0.25 0 0.35000000000000003 0.8844904164735505
0.25 0 0.36 0.9860480332787774
0.25 0 0.37 1.0832301736654952
0.25 0 0.38 0.7807896010175744
0.25 0 0.39 0.518202080603183
0.25 0 0.4 0.5301648265984353
0.25 0 0.41000000000000003 0.506893440900547
0.25 0 0.42 0.39090377090126205
0.25 0 0.43 0.279414392064551
0.25 0 0.44 0.18392629961607995
0.25 0 0.45 0.18884966821799537
0.25 0 0.46 0.18110872492264599
0.25 0 0.47000000000000003 0.17264482404825796
0.25 0 0.48 0.1627587594852089
0.25 0 0.49 0.09812087985587375
0.25 0 0.5 0.06400427540333319
0.26 0 0.0 0.7380410238903133
0.26 0 0.01 0.4121798744121125
0.26 0 0.02 0.5208033093878465
0.26 0 0.03 0.4677509342869373
0.26 0 0.04 0.4350517278326497
0.26 0 0.05 0.4415879691878558
0.26 0 0.06 0.36981791286121596
0.26 0 0.07 0.35958168408823304
0.26 0 0.08 0.559345055683991
0.26 0 0.09 0.5654287809223814
0.26 0 0.1 0.8080418156648401
0.26 0 0.11 0.7717567755159844
0.26 0 0.12 0.6653775777196892
0.26 0 0.13 0.868723047047969
0.26 0 0.14 0.65135071488431
0.26 0 0.15 0.7183039397246371
0.26 0 0.16 0.6642662754307429
0.26 0 0.17 0.6326695362584762
0.26 0 0.18 0.50791047208859
0.26 0 0.19 0.558293016568178
0.26 0 0.2 0.5688422298994436
0.26 0 0.21 0.6553346038170844
0.26 0 0.22 0.6415317107550913
0.26 0 0.23 0.6575879237876912
0.26 0 0.24 0.8429256322039449
0.26 0 0.25 1.0454862677177303
0.26 0 0.26 1.2936689805301236
0.26 0 0.27 1.6471240276264234
0.26 0 0.28 1.090029885330377
0.26 0 0.29 0.7821248781391373
0.26 0 0.3 0.9422360709103934
0.26 0 0.31 0.9160955978946542
0.26 0 0.32 1.0969908867634295
0.26 0 0.33 0.7241491304585456
0.26 0 0.34 0.4613411642924597
0.26 0 0.35000000000000003 0.6473724667923576
0.26 0 0.36 0.5516547212653625
0.26 0 0.37 0.761411339886527
0.26 0 0.38 0.5518914452301599
0.26 0 0.39 0.3877089148259124
0.26 0 0.4 0.3237702760767651
0.26 0 0.41000000000000003 0.2948491167254212
0.26 0 0.42 0.29235601653016974
0.26 0 0.43 0.43588324213998425
0.26 0 0.44 0.2417730145752724
0.26 0 0.45 0.20136716447573275
0.26 0 0.46 0.160914670431646
0.26 0 0.47000000000000003 0.18464311569096648
0.26 0 0.48 0.1988303862854606
0.26 0 0.49 0.16580992127345937
0.26 0 0.5 0.14859467148887764
0.27 0 0.0 1.1423875019843335
0.27 0 0.01 1.1624003070376157
0.27 0 0.02 1.1546937597857392
0.27 0 0.03 1.4127862724047653
0.27 0 0.04 1.1855445989103484
0.27 0 0.05 1.0071953239206097
0.27 0 0.06 1.00165470959
0.27 0 0.07 0.9349959919664993
0.27 0 0.08 0.82239730990689
0.27 0 0.09 0.8144777079819594
0.27 0 0.1 0.6697532116667123
0.27 0 0.11 0.9807424404790347
0.27 0 0.12 0.9887336765471086
0.27 0 0.13 0.6871134463108055
0.27 0 0.14 0.6929836391469915
0.27 0 0.15 0.4944402173179988
0.27 0 0.16 0.6865065533470965
0.27 0 0.17 0.6860790669590664
0.27 0 0.18 0.644522022511292
0.27 0 0.19 1.0742166874782282
0.27 0 0.2 1.179718132157566
0.27 0 0.21 1.3553176117166144
0.27 0 0.22 1.678918213643771
0.27 0 0.23 1.4711964989903579
0.27 0 0.24 1.5054482634992687
0.27 0 0.25 1.594026147915152
0.27 0 0.26 1.3704730271676138
0.27 0 0.27 1.7094547926422674
0.27 0 0.28 1.0381810049122493
0.27 0 0.29 1.1463331944331778
0.27 0 0.3 1.007094972708112
0.27 0 0.31 1.1465515723478101
0.27 0 0.32 1.049646747919071
0.27 0 0.33 1.36962412831433
0.27 0 0.34 1.233764179148927
0.27 0 0.35000000000000003 1.4031542199834863
0.27 0 0.36 1.4132834572370379
0.27 0 0.37 1.2342132802853858
0.27 0 0.38 1.1794358274869856
0.27 0 0.39 1.0072528853673037
0.27 0 0.4 0.7725142018693733
0.27 0 0.41000000000000003 0.7525823013510805
0.27 0 0.42 0.5564820912162246
0.27 0 0.43 0.4477074312606188
0.27 0 0.44 0.5241216778664166
0.27 0 0.45 0.4669234478925434
0.27 0 0.46 0.6938470090773211
0.27 0 0.47000000000000003 0.5032197466098121
0.27 0 0.48 0.3403224138397077
0.27 0 0.49 0.38680503741440136
0.27 0 0.5 0.24878610216428984
0.28 0 0.0 0.6550275582354853
0.28 0 0.01 0.821923971116342
0.28 0 0.02 0.9746953272774901
0.28 0 0.03 1.169320115816336
0.28 0 0.04 1.064328324964907
0.28 0 0.05 0.8841057365072457
0.28 0 0.06 1.422973316248741
0.28 0 0.07 1.3652909785107428
0.28 0 0.08 1.9664666834308435
0.28 0 0.09 2.3624434274273516
0.28 0 0.1 2.1035375298470047
0.28 0 0.11 1.8538299613429938
0.28 0 0.12 1.4528088635517515
0.28 0 0.13 1.4802560951998933
0.28 0 0.14 1.3536523685214599
0.28 0 0.15 1.3281412800019592
0.28 0 0.16 0.8864704607642638
0.28 0 0.17 1.1245290481805392
0.28 0 0.18 1.1799207951148925
0.28 0 0.19 1.5787954744455162
0.28 0 0.2 1.9638532033353227
0.28 0 0.21 2.763651923002827
0.28 0 0.22 3.015928081315934
0.28 0 0.23 3.1508199880497667
0.28 0 0.24 1.837948047065273
0.28 0 0.25 2.463963280797643
0.28 0 0.26 2.2111409467164287
0.28 0 0.27 1.7022496203731543
0.28 0 0.28 1.9486122811836861
0.28 0 0.29 1.5753717743039521
0.28 0 0.3 1.9902573707219895
0.28 0 0.31 1.9624636737941241
0.28 0 0.32 1.5931011300879994
0.28 0 0.33 1.9203684264954701
0.28 0 0.34 1.5630721651135182
0.28 0 0.35000000000000003 1.6369010772205745
0.28 0 0.36 1.8755394323206853
0.28 0 0.37 1.4348604076152494
0.28 0 0.38 1.427366114375789
0.28 0 0.39 1.7019870741954903
0.28 0 0.4 1.9897604066849301
0.28 0 0.41000000000000003 3.3263590579514926
0.28 0 0.42 2.6046101183591075
0.28 0 0.43 2.3043773531630207
0.28 0 0.44 1.9027072721535747
0.28 0 0.45 2.1878940854756026
0.28 0 0.46 1.8251392929563337
0.28 0 0.47000000000000003 1.4474852518030652
0.28 0 0.48 0.9149525692590642
0.28 0 0.49 0.7017493408860502
0.28 0 0.5 0.6388624662676802
0.29 0 0.0 0.8495555733072904
0.29 0 0.01 1.1799892038860043
0.29 0 0.02 1.401361817572023
0.29 0 0.03 1.1799603920464368
0.29 0 0.04 1.2728963718341977
0.29 0 0.05 1.4928967786311276
0.29 0 0.06 1.3266337054457116
0.29 0 0.07 1.9273152003241136
0.29 0 0.08 1.254128268737847
0.29 0 0.09 1.4889756007304937
0.29 0 0.1 1.3883817344147305
0.29 0 0.11 1.4880578088958296
0.29 0 0.12 2.0214565331022056
0.29 0 0.13 1.5276972337572554
0.29 0 0.14 1.2650140481993895
0.29 0 0.15 1.5248654490109315
0.29 0 0.16 1.3592499698965888
0.29 0 0.17 1.6384685016419214
0.29 0 0.18 1.4375729373955526
0.29 0 0.19 1.1735898591658736
0.29 0 0.2 1.3782822898941245
0.29 0 0.21 1.0223228226733778
0.29 0 0.22 0.8042234666611249
0.29 0 0.23 0.7276549066811732
0.29 0 0.24 0.7562587540083036
0.29 0 0.25 1.0278187465642588
0.29 0 0.26 1.063982220049303
0.29 0 0.27 1.4577639474659492
0.29 0 0.28 1.8998890820835048
0.29 0 0.29 2.86315386539054
0.29 0 0.3 2.4130057658934994
0.29 0 0.31 3.2906965557612966
0.29 0 0.32 2.701028932561904
0.29 0 0.33 2.3140781697366735
0.29 0 0.34 2.1944834493279957
0.29 0 0.35000000000000003 2.066172387878996
0.29 0 0.36 1.5702932367075668
0.29 0 0.37 1.4152538047195267
0.29 0 0.38 1.057736988344256
0.29 0 0.39 1.7125386896824515
0.29 0 0.4 1.8920047265946753
0.29 0 0.41000000000000003 1.420688040976025
0.29 0 0.42 1.6021700591644026
0.29 0 0.43 1.086896167929649
0.29 0 0.44 1.6243459379749812
0.29 0 0.45 1.6592386910834598
0.29 0 0.46 1.4730306762999779
0.29 0 0.47000000000000003 1.6003519647018178
0.29 0 0.48 1.4366212840890569
0.29 0 0.49 1.2540373758534529
0.29 0 0.5 1.6833722179244277
0.3 0 0.0 0.5034807548471375
0.3 0 0.01 0.598500439579053
0.3 0 0.02 0.5429426916647413
0.3 0 0.03 0.44089802712947834
0.3 0 0.04 0.5695851897901931
0.3 0 0.05 0.5887325493623289
0.3 0 0.06 0.6867170486077246
0.3 0 0.07 0.888409244162895
0.3 0 0.08 1.1685277975061248
0.3 0 0.09 1.2107865014283372
0.3 0 0.1 1.442323692539871
0.3 0 0.11 1.5573583148472523
0.3 0 0.12 1.337436692283723
0.3 0 0.13 1.265710938643351
0.3 0 0.14 0.7940882494511785
0.3 0 0.15 0.6946241896198084
0.3 0 0.16 0.5503428272723793
0.3 0 0.17 0.47905758917030156
0.3 0 0.18 0.5131489344069965
0.3 0 0.19 0.6090833726652959
0.3 0 0.2 0.5153951590968949
0.3 0 0.21 0.8530728423563827
0.3 0 0.22 0.6198875565186525
0.3 0 0.23 0.9553320227571003
0.3 0 0.24 0.9346174450577531
0.3 0 0.25 0.7822668988049948
0.3 0 0.26 0.906157156609394
0.3 0 0.27 0.8971791445212448
0.3 0 0.28 1.1104372956260091
0.3 0 0.29 1.7198038075075033
0.3 0 0.3 1.9105065196415851
0.3 0 0.31 2.1886507282701158
0.3 0 0.32 1.704873269377085
0.3 0 0.33 1.2919253991174393
0.3 0 0.34 1.9912280308410086
0.3 0 0.35000000000000003 1.9643447824529356
0.3 0 0.36 1.9526218012771073
0.3 0 0.37 1.5247472286371797
0.3 0 0.38 1.1792157353289487
0.3 0 0.39 1.0083174490427442
0.3 0 0.4 1.1398600106404158
0.3 0 0.41000000000000003 1.4217606935754017
0.3 0 0.42 1.4650339392082963
0.3 0 0.43 1.4500171152420214
0.3 0 0.44 1.157286293959989
0.3 0 0.45 1.568538343887952
0.3 0 0.46 1.7159701616967051
0.3 0 0.47000000000000003 1.5427766960118041
0.3 0 0.48 1.6992797382435305
0.3 0 0.49 1.5006242266772927
0.3 0 0.5 1.519496881841518
#STOP
