#MEDIUM_PROPERTIES_DISTRIBUTED
$MSH_TYPE
	 GROUNDWATER_FLOW	
$MMP_TYPE
	 PERMEABILITY	
$DIS_TYPE
	 NEAREST_VALUE	
;hj
$CONVERSION_FACTOR
2e-8;2e-6;2e-13
$DATA
0.0 0 0.0 0.06521805005186063
0.0 0 0.01 0.07602114541830922
0.0 0 0.02 0.06954795682077675
0.0 0 0.03 0.07921780754180509
0.0 0 0.04 0.0570347125301821
0.0 0 0.05 0.04436332739069967
0.0 0 0.06 0.0676975620053576
0.0 0 0.07 0.05656992095076153
0.0 0 0.08 0.03165518594083915
0.0 0 0.09 0.03722315618566012
0.0 0 0.1 0.05070826365179315
0.0 0 0.11 0.05016217525936063
0.0 0 0.12 0.06243976404094731
0.0 0 0.13 0.0680736627609132
0.0 0 0.14 0.055318503915008505
0.0 0 0.15 0.06599215926842557
0.0 0 0.16 0.061667739856920305
0.0 0 0.17 0.04745374917227863
0.0 0 0.18 0.07851940888171247
0.0 0 0.19 0.10812823529472287
0.0 0 0.2 0.09135109443585715
0.0 0 0.21 0.10812394332370386
0.0 0 0.22 0.15535441153878116
0.0 0 0.23 0.24597844200298893
0.0 0 0.24 0.3215677435862488
0.0 0 0.25 0.2708213703267553
0.0 0 0.26 0.2139667362386791
0.0 0 0.27 0.2153190781822813
0.0 0 0.28 0.3456800738585051
0.0 0 0.29 0.5039282737773736
0.0 0 0.3 0.4274394844257227
0.0 0 0.31 0.3866994695210104
0.0 0 0.32 0.39572127438777277
0.0 0 0.33 0.3135414410483843
0.0 0 0.34 0.22954774243308462
0.0 0 0.35000000000000003 0.2675341642185674
0.0 0 0.36 0.4610778332315674
0.0 0 0.37 0.6248186460399908
0.0 0 0.38 0.7072409659302382
0.0 0 0.39 0.7618914052701793
0.0 0 0.4 0.888079049400914
0.0 0 0.41000000000000003 1.4012929858407923
0.0 0 0.42 1.8044448266921764
0.0 0 0.43 1.8344247955979593
0.0 0 0.44 2.0983218728565975
0.0 0 0.45 2.47421974374546
0.0 0 0.46 2.7577255958654554
0.0 0 0.47000000000000003 2.489170524852827
0.0 0 0.48 2.420116370473481
0.0 0 0.49 2.686465266952758
0.0 0 0.5 2.5278297752744803
0.01 0 0.0 0.0676699203966923
0.01 0 0.01 0.0555528804576143
0.01 0 0.02 0.05577268400514104
0.01 0 0.03 0.0606016738540347
0.01 0 0.04 0.07361796942803582
0.01 0 0.05 0.08977054579732757
0.01 0 0.06 0.08703630946003282
0.01 0 0.07 0.08049875887830774
0.01 0 0.08 0.06271308415033228
0.01 0 0.09 0.062242630045316764
0.01 0 0.1 0.11618971232051158
0.01 0 0.11 0.13967490776235061
0.01 0 0.12 0.07765415291644531
0.01 0 0.13 0.04680756097459792
0.01 0 0.14 0.04370452256265435
0.01 0 0.15 0.051500992985485106
0.01 0 0.16 0.062236660217766256
0.01 0 0.17 0.06952217493940743
0.01 0 0.18 0.058881176961634
0.01 0 0.19 0.05298418624791509
0.01 0 0.2 0.05849226174925652
0.01 0 0.21 0.055003175176464476
0.01 0 0.22 0.07205901517788608
0.01 0 0.23 0.10431549446155546
0.01 0 0.24 0.07650663313468299
0.01 0 0.25 0.053202254597778886
0.01 0 0.26 0.05771592341837117
0.01 0 0.27 0.08574160502442563
0.01 0 0.28 0.12479639947395135
0.01 0 0.29 0.1401592470346965
0.01 0 0.3 0.1487704983441709
0.01 0 0.31 0.12648801810658147
0.01 0 0.32 0.12584448134473955
0.01 0 0.33 0.19883911364068027
0.01 0 0.34 0.21552868706616082
0.01 0 0.35000000000000003 0.20398145088048597
0.01 0 0.36 0.28171336473176484
0.01 0 0.37 0.29738044805617897
0.01 0 0.38 0.2225690452019278
0.01 0 0.39 0.211061509951382
0.01 0 0.4 0.27936799406595497
0.01 0 0.41000000000000003 0.3800934714240658
0.01 0 0.42 0.4474315646885057
0.01 0 0.43 0.358561382331998
0.01 0 0.44 0.2690493993599236
0.01 0 0.45 0.4200009070411316
0.01 0 0.46 0.6811172133869445
0.01 0 0.47000000000000003 0.694370540673747
0.01 0 0.48 0.9175790758510418
0.01 0 0.49 1.2274613161830643
0.01 0 0.5 1.2739703216499676
0.02 0 0.0 0.13496199082345756
0.02 0 0.01 0.15723857467711475
0.02 0 0.02 0.18706896831663863
0.02 0 0.03 0.13687685014885131
0.02 0 0.04 0.13013021242353742
0.02 0 0.05 0.11483539820548935
0.02 0 0.06 0.07725103433646374
0.02 0 0.07 0.07375236480935482
0.02 0 0.08 0.07971524689087532
0.02 0 0.09 0.08598733744931254
0.02 0 0.1 0.09535128999132192
0.02 0 0.11 0.08448428925789349
0.02 0 0.12 0.06302880868587067
0.02 0 0.13 0.054968079510785174
0.02 0 0.14 0.06665883417760085
0.02 0 0.15 0.08328202850351504
0.02 0 0.16 0.08528176965373799
0.02 0 0.17 0.06993248953494512
0.02 0 0.18 0.05818222833813027
0.02 0 0.19 0.0644379771332793
0.02 0 0.2 0.06648744640826625
0.02 0 0.21 0.06545479260831932
0.02 0 0.22 0.06420013836112971
0.02 0 0.23 0.05629109780063445
0.02 0 0.24 0.07677808878238707
0.02 0 0.25 0.09713546835740669
0.02 0 0.26 0.08315889619059712
0.02 0 0.27 0.10295710479350337
0.02 0 0.28 0.09279474843393377
0.02 0 0.29 0.051955027664794255
0.02 0 0.3 0.049841834106289326
0.02 0 0.31 0.0688725443059635
0.02 0 0.32 0.0911116825047966
0.02 0 0.33 0.11025848233447294
0.02 0 0.34 0.12126486750551879
0.02 0 0.35000000000000003 0.1315656303220274
0.02 0 0.36 0.15663198541420514
0.02 0 0.37 0.22568121563395624
0.02 0 0.38 0.2897712335915674
0.02 0 0.39 0.31316860078867187
0.02 0 0.4 0.3544486678454843
0.02 0 0.41000000000000003 0.3516641503147191
0.02 0 0.42 0.27192285086261836
0.02 0 0.43 0.2125956194781128
0.02 0 0.44 0.25907884724316715
0.02 0 0.45 0.34359358491098546
0.02 0 0.46 0.3355753509459257
0.02 0 0.47000000000000003 0.3472469901477798
0.02 0 0.48 0.274984135300561
0.02 0 0.49 0.22889473259581045
0.02 0 0.5 0.33211434854731275
0.03 0 0.0 0.027130299288843588
0.03 0 0.01 0.033312977224935036
0.03 0 0.02 0.04449928987624196
0.03 0 0.03 0.040452260706448674
0.03 0 0.04 0.028259202435615367
0.03 0 0.05 0.020680906995833134
0.03 0 0.06 0.021194383121581544
0.03 0 0.07 0.02324606712143572
0.03 0 0.08 0.030025943038685544
0.03 0 0.09 0.04310037917382453
0.03 0 0.1 0.038208412319018954
0.03 0 0.11 0.026512120904218003
0.03 0 0.12 0.022576357349323683
0.03 0 0.13 0.022730050213808337
0.03 0 0.14 0.025441180361390644
0.03 0 0.15 0.03361919141886106
0.03 0 0.16 0.038991600817912135
0.03 0 0.17 0.033572869946672725
0.03 0 0.18 0.040695647832903865
0.03 0 0.19 0.05342151715737184
0.03 0 0.2 0.04889176053979419
0.03 0 0.21 0.05822635713138015
0.03 0 0.22 0.06507348824528274
0.03 0 0.23 0.055879285166877325
0.03 0 0.24 0.06293911897286272
0.03 0 0.25 0.07076903269787338
0.03 0 0.26 0.07976127526797644
0.03 0 0.27 0.09861607211011712
0.03 0 0.28 0.10483606753294274
0.03 0 0.29 0.09979398422888337
0.03 0 0.3 0.09293196893494213
0.03 0 0.31 0.11287713784503625
0.03 0 0.32 0.1405681620642433
0.03 0 0.33 0.11821821470307883
0.03 0 0.34 0.09951229506139957
0.03 0 0.35000000000000003 0.10548015149344243
0.03 0 0.36 0.11231005837490858
0.03 0 0.37 0.08547516316018298
0.03 0 0.38 0.0642887181293518
0.03 0 0.39 0.08048907747196613
0.03 0 0.4 0.09177186856563777
0.03 0 0.41000000000000003 0.07793507637087405
0.03 0 0.42 0.06431661696894848
0.03 0 0.43 0.04908518257770328
0.03 0 0.44 0.059834746617026494
0.03 0 0.45 0.11212113927468097
0.03 0 0.46 0.15604317160702774
0.03 0 0.47000000000000003 0.17300128650252286
0.03 0 0.48 0.1932807822642092
0.03 0 0.49 0.15300407233643565
0.03 0 0.5 0.093075315168926
0.04 0 0.0 0.015914485595063373
0.04 0 0.01 0.0245552961618146
0.04 0 0.02 0.02236610876742974
0.04 0 0.03 0.016819873610665424
0.04 0 0.04 0.01222052279578282
0.04 0 0.05 0.012781230524797937
0.04 0 0.06 0.01893216084498993
0.04 0 0.07 0.027886650760060663
0.04 0 0.08 0.032439742458741705
0.04 0 0.09 0.028239065806378697
0.04 0 0.1 0.02628948221660063
0.04 0 0.11 0.01989523348052568
0.04 0 0.12 0.015499763786854429
0.04 0 0.13 0.027757597074359177
0.04 0 0.14 0.04331716690676117
0.04 0 0.15 0.03178332283982181
0.04 0 0.16 0.02547902071559163
0.04 0 0.17 0.025307523117791282
0.04 0 0.18 0.028869358494784846
0.04 0 0.19 0.04786104334458464
0.04 0 0.2 0.06828925195955705
0.04 0 0.21 0.05524766937235614
0.04 0 0.22 0.054682953310601155
0.04 0 0.23 0.05450839253406115
0.04 0 0.24 0.02709651997423203
0.04 0 0.25 0.02267199221506127
0.04 0 0.26 0.03351220370425196
0.04 0 0.27 0.030324954833830964
0.04 0 0.28 0.031171643585799113
0.04 0 0.29 0.03107202280052793
0.04 0 0.3 0.024820074083903007
0.04 0 0.31 0.03181452023573947
0.04 0 0.32 0.036165969996654106
0.04 0 0.33 0.034006902888828204
0.04 0 0.34 0.04130245631452484
0.04 0 0.35000000000000003 0.04224623442204017
0.04 0 0.36 0.039810868134660886
0.04 0 0.37 0.03743149904461882
0.04 0 0.38 0.030089871212577515
0.04 0 0.39 0.03449907875734019
0.04 0 0.4 0.05433775642586945
0.04 0 0.41000000000000003 0.046494064265046355
0.04 0 0.42 0.027049678908210636
0.04 0 0.43 0.026335834256302156
0.04 0 0.44 0.02995214924519301
0.04 0 0.45 0.03571503149605775
0.04 0 0.46 0.04175945729384799
0.04 0 0.47000000000000003 0.025643385505459637
0.04 0 0.48 0.024452218056584568
0.04 0 0.49 0.049418833696732854
0.04 0 0.5 0.05724145378744885
0.05 0 0.0 0.04180550745414016
0.05 0 0.01 0.054176340982973796
0.05 0 0.02 0.07218225416104504
0.05 0 0.03 0.064773268450148
0.05 0 0.04 0.05808929765133751
0.05 0 0.05 0.08078559555264381
0.05 0 0.06 0.05951605299664059
0.05 0 0.07 0.0363867486788938
0.05 0 0.08 0.04103868257273867
0.05 0 0.09 0.045224134199024886
0.05 0 0.1 0.04968202391809693
0.05 0 0.11 0.06467791354014264
0.05 0 0.12 0.061659136030348484
0.05 0 0.13 0.05834609506809226
0.05 0 0.14 0.08304542242038841
0.05 0 0.15 0.07397251401464047
0.05 0 0.16 0.04613586671893263
0.05 0 0.17 0.06120964793925118
0.05 0 0.18 0.07487607645728889
0.05 0 0.19 0.04950890071204334
0.05 0 0.2 0.03689375339391611
0.05 0 0.21 0.027359120156288292
0.05 0 0.22 0.02633800910698242
0.05 0 0.23 0.03873781274884828
0.05 0 0.24 0.045067379960090116
0.05 0 0.25 0.04364071127137227
0.05 0 0.26 0.047682892984447785
0.05 0 0.27 0.05648731613594523
0.05 0 0.28 0.04656249328934644
0.05 0 0.29 0.028476687012748154
0.05 0 0.3 0.02869622977193178
0.05 0 0.31 0.03822714778402983
0.05 0 0.32 0.04445869997624435
0.05 0 0.33 0.04795518624566241
0.05 0 0.34 0.04274601866358145
0.05 0 0.35000000000000003 0.03969474894423183
0.05 0 0.36 0.04088921049702819
0.05 0 0.37 0.03872435977256846
0.05 0 0.38 0.03035936213090941
0.05 0 0.39 0.022270591238248975
0.05 0 0.4 0.02334870753583633
0.05 0 0.41000000000000003 0.023942644096615978
0.05 0 0.42 0.02026582568671199
0.05 0 0.43 0.02609412820541783
0.05 0 0.44 0.04018483785466558
0.05 0 0.45 0.04623935005976815
0.05 0 0.46 0.038933100403633195
0.05 0 0.47000000000000003 0.03161649024671545
0.05 0 0.48 0.03776026787392357
0.05 0 0.49 0.06322397325597863
0.05 0 0.5 0.09026372015448088
0.06 0 0.0 0.06093950194044001
0.06 0 0.01 0.08296835422088636
0.06 0 0.02 0.06960767896327748
0.06 0 0.03 0.052187607675604264
0.06 0 0.04 0.061118224801713215
0.06 0 0.05 0.07505661053951942
0.06 0 0.06 0.07826765576327398
0.06 0 0.07 0.06733177663084773
0.06 0 0.08 0.06143442393638106
0.06 0 0.09 0.07891915124986397
0.06 0 0.1 0.06678110467960396
0.06 0 0.11 0.04354942162296053
0.06 0 0.12 0.04181202280090998
0.06 0 0.13 0.037714650564894196
0.06 0 0.14 0.0361535919150316
0.06 0 0.15 0.04387083287730941
0.06 0 0.16 0.046402957327996895
0.06 0 0.17 0.05653618782621303
0.06 0 0.18 0.1017307378723653
0.06 0 0.19 0.1402649093002371
0.06 0 0.2 0.09611415134194227
0.06 0 0.21 0.06617563487847361
0.06 0 0.22 0.05897521662955114
0.06 0 0.23 0.04939964580721732
0.06 0 0.24 0.04674681808224137
0.06 0 0.25 0.04139227607394097
0.06 0 0.26 0.03805124111228033
0.06 0 0.27 0.04569655877674747
0.06 0 0.28 0.04360797526873217
0.06 0 0.29 0.03872896933149554
0.06 0 0.3 0.03906141863844838
0.06 0 0.31 0.046864759136383584
0.06 0 0.32 0.06441316158003522
0.06 0 0.33 0.04764095520108439
0.06 0 0.34 0.03649375073631225
0.06 0 0.35000000000000003 0.05995954175980456
0.06 0 0.36 0.07368942257519415
0.06 0 0.37 0.0639931847446618
0.06 0 0.38 0.062815534190248
0.06 0 0.39 0.05642326884935164
0.06 0 0.4 0.06680898377973625
0.06 0 0.41000000000000003 0.11212344896937139
0.06 0 0.42 0.1253191626437847
0.06 0 0.43 0.10282664363316404
0.06 0 0.44 0.11964626592281874
0.06 0 0.45 0.11029864312844308
0.06 0 0.46 0.06826125368885363
0.06 0 0.47000000000000003 0.06813602222031921
0.06 0 0.48 0.0750918215444519
0.06 0 0.49 0.07392697210005296
0.06 0 0.5 0.08739592632992753
0.07 0 0.0 0.12597491957293033
0.07 0 0.01 0.11769487332546723
0.07 0 0.02 0.06462713185501913
0.07 0 0.03 0.05469614569639917
0.07 0 0.04 0.052296771028551625
0.07 0 0.05 0.04324703189673565
0.07 0 0.06 0.04685062690309569
0.07 0 0.07 0.034658370525292505
0.07 0 0.08 0.026496444735253425
0.07 0 0.09 0.04108348815032424
0.07 0 0.1 0.05447770858134593
0.07 0 0.11 0.0556486828000875
0.07 0 0.12 0.07175142845528515
0.07 0 0.13 0.08353678873849847
0.07 0 0.14 0.058884937958241304
0.07 0 0.15 0.03605053113865765
0.07 0 0.16 0.031849265743212556
0.07 0 0.17 0.04103095638671357
0.07 0 0.18 0.0627041699591576
0.07 0 0.19 0.06301726995662607
0.07 0 0.2 0.03818339266350302
0.07 0 0.21 0.027894661660161243
0.07 0 0.22 0.03102178380519806
0.07 0 0.23 0.05180188991252944
0.07 0 0.24 0.07460395335395649
0.07 0 0.25 0.06967001904388534
0.07 0 0.26 0.0815930859582923
0.07 0 0.27 0.08322530194859355
0.07 0 0.28 0.061660009106559444
0.07 0 0.29 0.059293404284566885
0.07 0 0.3 0.05793590493433485
0.07 0 0.31 0.0626337401834296
0.07 0 0.32 0.07611654666614284
0.07 0 0.33 0.06910585091139612
0.07 0 0.34 0.06302499396751234
0.07 0 0.35000000000000003 0.07257744565321368
0.07 0 0.36 0.08970630579601074
0.07 0 0.37 0.08522307809413958
0.07 0 0.38 0.07143895602887686
0.07 0 0.39 0.08455701377879747
0.07 0 0.4 0.08974837124753407
0.07 0 0.41000000000000003 0.06925062699121015
0.07 0 0.42 0.06146406660690229
0.07 0 0.43 0.06380770467825632
0.07 0 0.44 0.0688822653563683
0.07 0 0.45 0.078711630127921
0.07 0 0.46 0.08576906396259851
0.07 0 0.47000000000000003 0.06858950103421037
0.07 0 0.48 0.06422435807507113
0.07 0 0.49 0.0936132604720637
0.07 0 0.5 0.08415893449494599
0.08 0 0.0 0.14463652347987338
0.08 0 0.01 0.11406520160064264
0.08 0 0.02 0.06575829622517698
0.08 0 0.03 0.05736702006363158
0.08 0 0.04 0.07384851233658736
0.08 0 0.05 0.09137216593871357
0.08 0 0.06 0.0733967252123367
0.08 0 0.07 0.057544333777371205
0.08 0 0.08 0.05928739541770953
0.08 0 0.09 0.057554528803242876
0.08 0 0.1 0.06784335200237272
0.08 0 0.11 0.07141669242874413
0.08 0 0.12 0.04945707786733094
0.08 0 0.13 0.04536413202584622
0.08 0 0.14 0.046433048968019607
0.08 0 0.15 0.03633825649315863
0.08 0 0.16 0.040354959143639485
0.08 0 0.17 0.07698988776403043
0.08 0 0.18 0.09582425003957853
0.08 0 0.19 0.05431466735874617
0.08 0 0.2 0.03715671535904236
0.08 0 0.21 0.03718296576704221
0.08 0 0.22 0.03865057790746494
0.08 0 0.23 0.03820685810465763
0.08 0 0.24 0.024476204652879807
0.08 0 0.25 0.017305573903250267
0.08 0 0.26 0.021918289076339408
0.08 0 0.27 0.027114064953433343
0.08 0 0.28 0.026272083884697244
0.08 0 0.29 0.02289589622187341
0.08 0 0.3 0.023869241988049517
0.08 0 0.31 0.02830565002831587
0.08 0 0.32 0.028829136952320658
0.08 0 0.33 0.03212228287667841
0.08 0 0.34 0.03286064454430944
0.08 0 0.35000000000000003 0.031555655625788485
0.08 0 0.36 0.036611920780291886
0.08 0 0.37 0.0347116702922481
0.08 0 0.38 0.03305843946800156
0.08 0 0.39 0.04071512929372847
0.08 0 0.4 0.05250273475523209
0.08 0 0.41000000000000003 0.06063272792033644
0.08 0 0.42 0.047333274153091125
0.08 0 0.43 0.037949274492011305
0.08 0 0.44 0.03933508335893278
0.08 0 0.45 0.030664714078295824
0.08 0 0.46 0.02260145716406502
0.08 0 0.47000000000000003 0.024082417244049026
0.08 0 0.48 0.029458636900754485
0.08 0 0.49 0.035178009908438
0.08 0 0.5 0.04531167178053719
0.09 0 0.0 0.28655211559317334
0.09 0 0.01 0.19447220155427336
0.09 0 0.02 0.15216331221211865
0.09 0 0.03 0.1663494668926926
0.09 0 0.04 0.28467517516141366
0.09 0 0.05 0.3896565198519467
0.09 0 0.06 0.2682839101388309
0.09 0 0.07 0.21771702543464921
0.09 0 0.08 0.2528342281014218
0.09 0 0.09 0.2750746085083235
0.09 0 0.1 0.18780229449127045
0.09 0 0.11 0.09713753086207706
0.09 0 0.12 0.09158447399568878
0.09 0 0.13 0.10354750965399678
0.09 0 0.14 0.09817941590778372
0.09 0 0.15 0.11972150912786401
0.09 0 0.16 0.10480652824537284
0.09 0 0.17 0.07284278586600215
0.09 0 0.18 0.07797807352442693
0.09 0 0.19 0.06873648055008248
0.09 0 0.2 0.04740123836169699
0.09 0 0.21 0.06437780922705534
0.09 0 0.22 0.09861125830292701
0.09 0 0.23 0.068227948675202
0.09 0 0.24 0.053035783454753536
0.09 0 0.25 0.0583092921262156
0.09 0 0.26 0.051707152624197686
0.09 0 0.27 0.05891030724078718
0.09 0 0.28 0.043687484948922294
0.09 0 0.29 0.01904786619389182
0.09 0 0.3 0.020862622504591664
0.09 0 0.31 0.028660984789649954
0.09 0 0.32 0.02447537236590831
0.09 0 0.33 0.0252014965844756
0.09 0 0.34 0.028135837883076123
0.09 0 0.35000000000000003 0.038002843891538
0.09 0 0.36 0.05497695969153408
0.09 0 0.37 0.04938990713722873
0.09 0 0.38 0.037576290335308266
0.09 0 0.39 0.03124292024648075
0.09 0 0.4 0.026869406012218554
0.09 0 0.41000000000000003 0.02731713480683288
0.09 0 0.42 0.03398497830534779
0.09 0 0.43 0.04634835254539433
0.09 0 0.44 0.07307486197026196
0.09 0 0.45 0.0897714737635404
0.09 0 0.46 0.0490293170655199
0.09 0 0.47000000000000003 0.032911337404666195
0.09 0 0.48 0.04591776894095776
0.09 0 0.49 0.048876235280775254
0.09 0 0.5 0.04644259542589629
0.1 0 0.0 0.3434509380384728
0.1 0 0.01 0.2754746030027235
0.1 0 0.02 0.2569918205077891
0.1 0 0.03 0.25213535682524507
0.1 0 0.04 0.3539624119444283
0.1 0 0.05 0.27856249743843603
0.1 0 0.06 0.15145225566760723
0.1 0 0.07 0.12439736794171005
0.1 0 0.08 0.1250569958969605
0.1 0 0.09 0.159937550523448
0.1 0 0.1 0.16286898267486663
0.1 0 0.11 0.09693145393822707
0.1 0 0.12 0.08094581862299231
0.1 0 0.13 0.1099511804058764
0.1 0 0.14 0.10826338516568271
0.1 0 0.15 0.08845455528922298
0.1 0 0.16 0.11880966370616847
0.1 0 0.17 0.1495534390293072
0.1 0 0.18 0.13575072937641364
0.1 0 0.19 0.15215722860402847
0.1 0 0.2 0.13207445084236913
0.1 0 0.21 0.10896108060605797
0.1 0 0.22 0.15310262683505724
0.1 0 0.23 0.16878392061580483
0.1 0 0.24 0.1286462034593347
0.1 0 0.25 0.12363345901882036
0.1 0 0.26 0.15456132404843861
0.1 0 0.27 0.1760704338764362
0.1 0 0.28 0.15192626210409357
0.1 0 0.29 0.13525864022152506
0.1 0 0.3 0.1302489392360412
0.1 0 0.31 0.14147232376927907
0.1 0 0.32 0.15162614346973416
0.1 0 0.33 0.11158514856343014
0.1 0 0.34 0.12065938950226981
0.1 0 0.35000000000000003 0.21546224189449015
0.1 0 0.36 0.22287496572603976
0.1 0 0.37 0.12667165538480882
0.1 0 0.38 0.07177609346032882
0.1 0 0.39 0.06936780520148224
0.1 0 0.4 0.09278432538332292
0.1 0 0.41000000000000003 0.11106366881693318
0.1 0 0.42 0.1526165993458907
0.1 0 0.43 0.1613320099491428
0.1 0 0.44 0.11079980824656094
0.1 0 0.45 0.09284018304173486
0.1 0 0.46 0.08730610550220783
0.1 0 0.47000000000000003 0.09434406046787112
0.1 0 0.48 0.15124617174681346
0.1 0 0.49 0.20911018620720598
0.1 0 0.5 0.15743202081142307
0.11 0 0.0 0.2643045312456504
0.11 0 0.01 0.3602572347947951
0.11 0 0.02 0.3845554872897826
0.11 0 0.03 0.400223248664591
0.11 0 0.04 0.3329010240822017
0.11 0 0.05 0.2741048880278629
0.11 0 0.06 0.24559770154032484
0.11 0 0.07 0.19054554990933426
0.11 0 0.08 0.18193256961025264
0.11 0 0.09 0.1655751317568339
0.11 0 0.1 0.13453544903942324
0.11 0 0.11 0.13110145062349404
0.11 0 0.12 0.11379298824016922
0.11 0 0.13 0.14673259021045792
0.11 0 0.14 0.22778828553294075
0.11 0 0.15 0.16033810624722047
0.11 0 0.16 0.11825196825875528
0.11 0 0.17 0.14647911473320097
0.11 0 0.18 0.14294620841759792
0.11 0 0.19 0.12236553007322651
0.11 0 0.2 0.1354690223497511
0.11 0 0.21 0.1472073601356415
0.11 0 0.22 0.13604244461016862
0.11 0 0.23 0.1283016839752662
0.11 0 0.24 0.1096202702713861
0.11 0 0.25 0.11278638421782859
0.11 0 0.26 0.16328792829494054
0.11 0 0.27 0.17474424933432173
0.11 0 0.28 0.17930327149016542
0.11 0 0.29 0.22089477684901826
0.11 0 0.3 0.24635243580634839
0.11 0 0.31 0.3245837137264825
0.11 0 0.32 0.3342275283354588
0.11 0 0.33 0.29568577229896953
0.11 0 0.34 0.36200419755967855
0.11 0 0.35000000000000003 0.3036462290187046
0.11 0 0.36 0.2284888363193054
0.11 0 0.37 0.2092212711384326
0.11 0 0.38 0.1527545854887976
0.11 0 0.39 0.19078046954820851
0.11 0 0.4 0.36175090572568575
0.11 0 0.41000000000000003 0.32836810612028033
0.11 0 0.42 0.22465574861974255
0.11 0 0.43 0.2392696045361399
0.11 0 0.44 0.22530957505179777
0.11 0 0.45 0.17436080686171876
0.11 0 0.46 0.19379090517477773
0.11 0 0.47000000000000003 0.17505764306621302
0.11 0 0.48 0.11988380810025182
0.11 0 0.49 0.11733445504733937
0.11 0 0.5 0.09503530656076031
0.12 0 0.0 0.6923564293498395
0.12 0 0.01 0.5443685741870307
0.12 0 0.02 0.6123653976650951
0.12 0 0.03 0.7762512916737248
0.12 0 0.04 0.9018808230368113
0.12 0 0.05 1.258261609117935
0.12 0 0.06 0.9664240993106296
0.12 0 0.07 0.6509885149459171
0.12 0 0.08 0.8285864036280399
0.12 0 0.09 0.7546222922487256
0.12 0 0.1 0.5964324293678391
0.12 0 0.11 0.702678760158684
0.12 0 0.12 0.6368724849525416
0.12 0 0.13 0.45327158259278827
0.12 0 0.14 0.3854164476730315
0.12 0 0.15 0.3266407606495002
0.12 0 0.16 0.2389995090264727
0.12 0 0.17 0.2122642866160356
0.12 0 0.18 0.19547654157803115
0.12 0 0.19 0.13329293053194752
0.12 0 0.2 0.11995266764989983
0.12 0 0.21 0.1541826452961012
0.12 0 0.22 0.18634239833862082
0.12 0 0.23 0.20507500696860456
0.12 0 0.24 0.19439910303899416
0.12 0 0.25 0.1989939030483275
0.12 0 0.26 0.20093510463630132
0.12 0 0.27 0.17724620934510824
0.12 0 0.28 0.19547994287171125
0.12 0 0.29 0.23494237920080469
0.12 0 0.3 0.2887990996117753
0.12 0 0.31 0.30864215722020616
0.12 0 0.32 0.2399782228139192
0.12 0 0.33 0.22953320621366743
0.12 0 0.34 0.23467905263961314
0.12 0 0.35000000000000003 0.1842390186906721
0.12 0 0.36 0.1359078740529791
0.12 0 0.37 0.11898828567757516
0.12 0 0.38 0.16006114811822264
0.12 0 0.39 0.20315408884175754
0.12 0 0.4 0.19979507067662197
0.12 0 0.41000000000000003 0.2115574840545544
0.12 0 0.42 0.1629935942955092
0.12 0 0.43 0.11858954216614923
0.12 0 0.44 0.12426181712367199
0.12 0 0.45 0.106941651787767
0.12 0 0.46 0.07696424174094678
0.12 0 0.47000000000000003 0.08416395961451457
0.12 0 0.48 0.10554402835366591
0.12 0 0.49 0.07418901733794313
0.12 0 0.5 0.048116727134098
0.13 0 0.0 0.6084021264173192
0.13 0 0.01 0.503612952086536
0.13 0 0.02 0.39321514936472485
0.13 0 0.03 0.3502154265657287
0.13 0 0.04 0.32357826092853353
0.13 0 0.05 0.2845055701098044
0.13 0 0.06 0.3128272824845758
0.13 0 0.07 0.43978134026232435
0.13 0 0.08 0.4887376727224233
0.13 0 0.09 0.506982970231066
0.13 0 0.1 0.3961583144434047
0.13 0 0.11 0.26189077875270256
0.13 0 0.12 0.3966475253519622
0.13 0 0.13 0.6203220707291818
0.13 0 0.14 0.5021669497957268
0.13 0 0.15 0.4633176650636998
0.13 0 0.16 0.3750601458401904
0.13 0 0.17 0.19049765483845477
0.13 0 0.18 0.117082074623
0.13 0 0.19 0.12048156035425439
0.13 0 0.2 0.14332691268521308
0.13 0 0.21 0.15841372659193745
0.13 0 0.22 0.16392619274001627
0.13 0 0.23 0.11938044363338518
0.13 0 0.24 0.09037672195782621
0.13 0 0.25 0.10997508615836513
0.13 0 0.26 0.12769344574383856
0.13 0 0.27 0.12657620861718596
0.13 0 0.28 0.12178058897261078
0.13 0 0.29 0.11888308569083418
0.13 0 0.3 0.12517622190048522
0.13 0 0.31 0.11510577765565577
0.13 0 0.32 0.10392769437692748
0.13 0 0.33 0.09537465021077372
0.13 0 0.34 0.10896208925659924
0.13 0 0.35000000000000003 0.16217099450938227
0.13 0 0.36 0.13864822687345077
0.13 0 0.37 0.11177260429313153
0.13 0 0.38 0.1649989370147244
0.13 0 0.39 0.1948488473614659
0.13 0 0.4 0.16425188200254498
0.13 0 0.41000000000000003 0.138076008470375
0.13 0 0.42 0.13929349792019988
0.13 0 0.43 0.18219378847171322
0.13 0 0.44 0.18586459140420594
0.13 0 0.45 0.16992551706509332
0.13 0 0.46 0.19904547866483432
0.13 0 0.47000000000000003 0.21501686049611524
0.13 0 0.48 0.1861530285848701
0.13 0 0.49 0.14202027781779486
0.13 0 0.5 0.10651284292402745
0.14 0 0.0 0.55567523251994
0.14 0 0.01 0.4581084302398335
0.14 0 0.02 0.3125165551966614
0.14 0 0.03 0.2959549285804593
0.14 0 0.04 0.34024385110049354
0.14 0 0.05 0.28435139369577683
0.14 0 0.06 0.26881174042581124
0.14 0 0.07 0.26255055136707334
0.14 0 0.08 0.21103374984970638
0.14 0 0.09 0.16328656181429962
0.14 0 0.1 0.10472791964832193
0.14 0 0.11 0.09105974183346513
0.14 0 0.12 0.11204402089685023
0.14 0 0.13 0.1278414173218851
0.14 0 0.14 0.14379333630697974
0.14 0 0.15 0.10784135396645249
0.14 0 0.16 0.08944722044340016
0.14 0 0.17 0.14786410430527605
0.14 0 0.18 0.176378463429166
0.14 0 0.19 0.15390407216789567
0.14 0 0.2 0.20735590574250085
0.14 0 0.21 0.24021474486356317
0.14 0 0.22 0.18324416904519206
0.14 0 0.23 0.1766605713080304
0.14 0 0.24 0.17249578905610957
0.14 0 0.25 0.1332025273020303
0.14 0 0.26 0.16089723675079912
0.14 0 0.27 0.18720424381250395
0.14 0 0.28 0.165521126539757
0.14 0 0.29 0.28740354075877733
0.14 0 0.3 0.3829486616604753
0.14 0 0.31 0.222639445679347
0.14 0 0.32 0.1671880906145219
0.14 0 0.33 0.15019101011490563
0.14 0 0.34 0.16518127245988687
0.14 0 0.35000000000000003 0.23661675300941082
0.14 0 0.36 0.2306755064339895
0.14 0 0.37 0.1961333096275764
0.14 0 0.38 0.21435370099311862
0.14 0 0.39 0.25717801059583095
0.14 0 0.4 0.23488606877184215
0.14 0 0.41000000000000003 0.16144887136490518
0.14 0 0.42 0.17151976147381467
0.14 0 0.43 0.29919312991008246
0.14 0 0.44 0.42402017768135764
0.14 0 0.45 0.40043329327347643
0.14 0 0.46 0.4327629752217799
0.14 0 0.47000000000000003 0.6038427157343744
0.14 0 0.48 0.6221650905792414
0.14 0 0.49 0.6298912831734367
0.14 0 0.5 0.7666637438950077
0.15 0 0.0 0.493631930712453
0.15 0 0.01 0.4688616423457425
0.15 0 0.02 0.3141962412231497
0.15 0 0.03 0.3006216699773016
0.15 0 0.04 0.31089688849404573
0.15 0 0.05 0.27965869781341357
0.15 0 0.06 0.2657927117759784
0.15 0 0.07 0.2123968427168506
0.15 0 0.08 0.19273344834462236
0.15 0 0.09 0.18319611561588547
0.15 0 0.1 0.16214062036050642
0.15 0 0.11 0.21652605995127117
0.15 0 0.12 0.315235277870944
0.15 0 0.13 0.30657192545489464
0.15 0 0.14 0.21713037233741178
0.15 0 0.15 0.15675258768420458
0.15 0 0.16 0.14469493621587506
0.15 0 0.17 0.17120614918143462
0.15 0 0.18 0.23804703549583528
0.15 0 0.19 0.22970257087881907
0.15 0 0.2 0.2058931140368498
0.15 0 0.21 0.3145313638511026
0.15 0 0.22 0.33775637097977057
0.15 0 0.23 0.2288116872137944
0.15 0 0.24 0.2213640916461412
0.15 0 0.25 0.24940591089858105
0.15 0 0.26 0.26525588958648627
0.15 0 0.27 0.2877062560584008
0.15 0 0.28 0.29216518468855035
0.15 0 0.29 0.2769477495023933
0.15 0 0.3 0.3131153404023368
0.15 0 0.31 0.40528930373870764
0.15 0 0.32 0.4384851496199741
0.15 0 0.33 0.6062425040859312
0.15 0 0.34 0.8390393960144934
0.15 0 0.35000000000000003 0.5772652423819675
0.15 0 0.36 0.4282078861977494
0.15 0 0.37 0.5008817348176746
0.15 0 0.38 0.6795228182878043
0.15 0 0.39 0.9279850519010417
0.15 0 0.4 0.8716898755601882
0.15 0 0.41000000000000003 0.7389489235220356
0.15 0 0.42 0.6594562515931249
0.15 0 0.43 0.627268860853301
0.15 0 0.44 0.8335126456978234
0.15 0 0.45 0.7706337560145746
0.15 0 0.46 0.5526771769924973
0.15 0 0.47000000000000003 0.7265106246030456
0.15 0 0.48 0.8908048812658105
0.15 0 0.49 0.6497577479152777
0.15 0 0.5 0.5406670542830246
0.16 0 0.0 0.6601261461097512
0.16 0 0.01 0.4391292807460933
0.16 0 0.02 0.4081875294779457
0.16 0 0.03 0.467964841059187
0.16 0 0.04 0.5823756306018391
0.16 0 0.05 0.7087470768693753
0.16 0 0.06 0.6401306599132853
0.16 0 0.07 0.6558624676744802
0.16 0 0.08 0.7064487723037597
0.16 0 0.09 0.6704037363083214
0.16 0 0.1 0.8188425888840593
0.16 0 0.11 0.9600333663182481
0.16 0 0.12 1.2642191035362118
0.16 0 0.13 1.700198333451933
0.16 0 0.14 1.3872377831097247
0.16 0 0.15 1.7094162421627026
0.16 0 0.16 2.676370403388506
0.16 0 0.17 2.095395845936737
0.16 0 0.18 1.6467591775550938
0.16 0 0.19 1.4634609819669215
0.16 0 0.2 1.0672323301053668
0.16 0 0.21 1.000895090674913
0.16 0 0.22 1.0191411854511438
0.16 0 0.23 0.7964454282135234
0.16 0 0.24 0.823757465212588
0.16 0 0.25 1.1874973416598276
0.16 0 0.26 1.1013951310425192
0.16 0 0.27 0.8487751650493505
0.16 0 0.28 0.7984233668855243
0.16 0 0.29 0.7799958376779169
0.16 0 0.3 1.1622326235736729
0.16 0 0.31 1.6146578398665177
0.16 0 0.32 1.3268026655019782
0.16 0 0.33 1.1036782098668487
0.16 0 0.34 0.7138799390305647
0.16 0 0.35000000000000003 0.5120813502270845
0.16 0 0.36 0.6584326457862613
0.16 0 0.37 0.8687587927085011
0.16 0 0.38 1.4475534120725126
0.16 0 0.39 1.9060809340603648
0.16 0 0.4 0.9695387851571886
0.16 0 0.41000000000000003 0.5948675182339255
0.16 0 0.42 0.7420641030794182
0.16 0 0.43 0.9257977394237051
0.16 0 0.44 1.1143874467319217
0.16 0 0.45 1.427142473954306
0.16 0 0.46 1.1800102655474385
0.16 0 0.47000000000000003 0.7998412668432098
0.16 0 0.48 0.7919157529507781
0.16 0 0.49 0.612615475857556
0.16 0 0.5 0.44466546405603224
0.17 0 0.0 0.6912926355241754
0.17 0 0.01 0.6158999245758624
0.17 0 0.02 0.7376938999012002
0.17 0 0.03 0.9985922386593508
0.17 0 0.04 1.3900515479188562
0.17 0 0.05 1.1076728444005848
0.17 0 0.06 0.9300454569118952
0.17 0 0.07 1.578532502227263
0.17 0 0.08 1.62720806153266
0.17 0 0.09 1.1778425801187176
0.17 0 0.1 1.3482648979666503
0.17 0 0.11 1.549264629904992
0.17 0 0.12 1.9649021857499083
0.17 0 0.13 2.7086850287133286
0.17 0 0.14 2.669711208769995
0.17 0 0.15 2.65800389914288
0.17 0 0.16 3.6349268927175693
0.17 0 0.17 4.026956741810425
0.17 0 0.18 2.789818025764484
0.17 0 0.19 2.818524889208886
0.17 0 0.2 3.978285108178759
0.17 0 0.21 3.8343083229802493
0.17 0 0.22 3.860819282490783
0.17 0 0.23 4.042357890020845
0.17 0 0.24 3.5630839053260708
0.17 0 0.25 3.7392673409719817
0.17 0 0.26 3.4530328455913906
0.17 0 0.27 2.448450855033137
0.17 0 0.28 2.1222588643948295
0.17 0 0.29 2.7479238207571064
0.17 0 0.3 3.3755029272409858
0.17 0 0.31 2.600050262805563
0.17 0 0.32 1.8417827540034257
0.17 0 0.33 1.4569934284794832
0.17 0 0.34 1.418351536668396
0.17 0 0.35000000000000003 1.7256216856571402
0.17 0 0.36 1.7597749712566582
0.17 0 0.37 1.9655359270702877
0.17 0 0.38 2.2104592177018008
0.17 0 0.39 1.7694953022511068
0.17 0 0.4 1.5043381508806222
0.17 0 0.41000000000000003 1.367480028159387
0.17 0 0.42 1.860173455497904
0.17 0 0.43 3.507284796649895
0.17 0 0.44 3.063832380450482
0.17 0 0.45 2.156674749802771
0.17 0 0.46 2.861068682117722
0.17 0 0.47000000000000003 3.75680682806963
0.17 0 0.48 3.5848913103093354
0.17 0 0.49 3.42206619436888
0.17 0 0.5 3.5517595234105315
0.18 0 0.0 0.6882840744233423
0.18 0 0.01 0.7945528463173284
0.18 0 0.02 1.152219128720371
0.18 0 0.03 1.3533812400506942
0.18 0 0.04 1.272996303609625
0.18 0 0.05 1.449057808701346
0.18 0 0.06 2.1862122824090933
0.18 0 0.07 3.252016094285548
0.18 0 0.08 4.812554309535758
0.18 0 0.09 4.576261192414899
0.18 0 0.1 3.0466833454909006
0.18 0 0.11 4.156269497965245
0.18 0 0.12 5.313877859325045
0.18 0 0.13 3.3619906776087545
0.18 0 0.14 2.701447884749058
0.18 0 0.15 2.172357024097082
0.18 0 0.16 1.7722764270724833
0.18 0 0.17 2.040993949483668
0.18 0 0.18 1.6582003637134877
0.18 0 0.19 1.370086362468973
0.18 0 0.2 2.358887810756988
0.18 0 0.21 4.272051633761951
0.18 0 0.22 3.8676546478761966
0.18 0 0.23 2.9445233287647654
0.18 0 0.24 3.564225130426889
0.18 0 0.25 4.506933028307766
0.18 0 0.26 4.762764007716984
0.18 0 0.27 4.815387482914827
0.18 0 0.28 4.815988584926138
0.18 0 0.29 5.84483473749522
0.18 0 0.3 6.513679410183029
0.18 0 0.31 5.003257083525018
0.18 0 0.32 3.407653051274597
0.18 0 0.33 3.657978039002082
0.18 0 0.34 6.801268882284553
0.18 0 0.35000000000000003 8.294457472067494
0.18 0 0.36 7.689582861871282
0.18 0 0.37 10.005277427292786
0.18 0 0.38 10.053607698482466
0.18 0 0.39 9.831352480640302
0.18 0 0.4 10.830906415266575
0.18 0 0.41000000000000003 9.295151701555367
0.18 0 0.42 10.605491558047634
0.18 0 0.43 12.703920342440966
0.18 0 0.44 9.969235878665181
0.18 0 0.45 7.660142509618176
0.18 0 0.46 7.03964680470457
0.18 0 0.47000000000000003 7.69328124043473
0.18 0 0.48 7.338740140339665
0.18 0 0.49 5.184805651946855
0.18 0 0.5 4.276188977167006
0.19 0 0.0 1.3072962577815102
0.19 0 0.01 1.1076373581468313
0.19 0 0.02 1.775431378998953
0.19 0 0.03 3.273484922491742
0.19 0 0.04 3.2387854164201046
0.19 0 0.05 2.553512329517455
0.19 0 0.06 2.112875362045128
0.19 0 0.07 1.9139344299279135
0.19 0 0.08 2.392295801878534
0.19 0 0.09 2.6948159789250465
0.19 0 0.1 3.221797068947401
0.19 0 0.11 4.819268555882739
0.19 0 0.12 5.0869089458306656
0.19 0 0.13 4.362294903201518
0.19 0 0.14 3.5192016117139273
0.19 0 0.15 4.087150674634692
0.19 0 0.16 8.830004344552806
0.19 0 0.17 11.903963563027556
0.19 0 0.18 9.732932089812396
0.19 0 0.19 9.488588003937124
0.19 0 0.2 9.395649363836055
0.19 0 0.21 10.928383210048356
0.19 0 0.22 12.938381215219305
0.19 0 0.23 10.148104453201626
0.19 0 0.24 8.899525475884978
0.19 0 0.25 12.454927088852914
0.19 0 0.26 11.719988771700901
0.19 0 0.27 7.41304088943648
0.19 0 0.28 10.299580876303887
0.19 0 0.29 18.140281639484098
0.19 0 0.3 18.17106168719586
0.19 0 0.31 17.108701598511278
0.19 0 0.32 12.592806716219986
0.19 0 0.33 9.684879129214861
0.19 0 0.34 12.763610195332937
0.19 0 0.35000000000000003 13.676306264845627
0.19 0 0.36 10.951484819745525
0.19 0 0.37 10.150352491255816
0.19 0 0.38 11.28695817034777
0.19 0 0.39 11.892119819703002
0.19 0 0.4 9.702166279548763
0.19 0 0.41000000000000003 9.02793629217978
0.19 0 0.42 8.686379681582522
0.19 0 0.43 6.594105381555164
0.19 0 0.44 4.783681868108831
0.19 0 0.45 2.994468714010644
0.19 0 0.46 2.36896989025321
0.19 0 0.47000000000000003 3.496255130339646
0.19 0 0.48 5.840024421407617
0.19 0 0.49 6.169948955060468
0.19 0 0.5 4.163581858235939
0.2 0 0.0 1.8528796456405154
0.2 0 0.01 1.7552854204661386
0.2 0 0.02 2.4607919508129625
0.2 0 0.03 4.016052706493686
0.2 0 0.04 3.5154120865574985
0.2 0 0.05 2.523004063898666
0.2 0 0.06 2.4971912170582238
0.2 0 0.07 3.8055126645456054
0.2 0 0.08 5.500662453499786
0.2 0 0.09 5.470956473342143
0.2 0 0.1 5.643368826101665
0.2 0 0.11 5.917011182610243
0.2 0 0.12 5.96671800397896
0.2 0 0.13 5.747134785327892
0.2 0 0.14 5.638508625846901
0.2 0 0.15 8.144548194886807
0.2 0 0.16 11.407620275074478
0.2 0 0.17 11.229046225250695
0.2 0 0.18 10.034307337256774
0.2 0 0.19 10.247237659406382
0.2 0 0.2 14.46020708565584
0.2 0 0.21 15.67206697990615
0.2 0 0.22 12.198581031856737
0.2 0 0.23 11.973149880668975
0.2 0 0.24 10.554361129462178
0.2 0 0.25 9.360094669638794
0.2 0 0.26 9.60458313823395
0.2 0 0.27 6.2055321474959655
0.2 0 0.28 3.503271915051208
0.2 0 0.29 3.3875537139041727
0.2 0 0.3 3.873482933632168
0.2 0 0.31 3.307253321717075
0.2 0 0.32 3.408913006919468
0.2 0 0.33 4.4927337140112975
0.2 0 0.34 4.472404876463725
0.2 0 0.35000000000000003 4.32870513507278
0.2 0 0.36 3.621449067366156
0.2 0 0.37 2.5945314712068996
0.2 0 0.38 2.867377956913346
0.2 0 0.39 3.0116052766210277
0.2 0 0.4 2.6178874870528177
0.2 0 0.41000000000000003 2.5550613710545034
0.2 0 0.42 2.3472678712048283
0.2 0 0.43 2.5025125011268714
0.2 0 0.44 2.2880939697991676
0.2 0 0.45 2.074784782099723
0.2 0 0.46 3.4840479126082506
0.2 0 0.47000000000000003 4.450351173823664
0.2 0 0.48 3.2768581887130144
0.2 0 0.49 2.427950922154327
0.2 0 0.5 1.4117602192407521
0.21 0 0.0 1.1372968126809715
0.21 0 0.01 1.573747509637816
0.21 0 0.02 1.7326079430937404
0.21 0 0.03 1.6088274148254926
0.21 0 0.04 1.529611352471092
0.21 0 0.05 1.3127172821085018
0.21 0 0.06 1.4450506412748854
0.21 0 0.07 1.9526243075128569
0.21 0 0.08 2.063456650375245
0.21 0 0.09 2.0332777538663716
0.21 0 0.1 1.7275736181340338
0.21 0 0.11 1.5433217976417832
0.21 0 0.12 1.5918464450446843
0.21 0 0.13 1.2085878891739446
0.21 0 0.14 1.351206322792669
0.21 0 0.15 2.201233261250431
0.21 0 0.16 2.692808252273118
0.21 0 0.17 3.9313500687801843
0.21 0 0.18 4.284895522523038
0.21 0 0.19 3.029266863596757
0.21 0 0.2 3.238022251377282
0.21 0 0.21 2.9263438188738435
0.21 0 0.22 2.040197568549348
0.21 0 0.23 2.7817546591447306
0.21 0 0.24 4.4611251222902215
0.21 0 0.25 3.6116392574559946
0.21 0 0.26 2.4639879198524124
0.21 0 0.27 2.0749017045993283
0.21 0 0.28 1.7637618481631905
0.21 0 0.29 2.0936406753354437
0.21 0 0.3 2.2283822343033717
0.21 0 0.31 1.215670354887418
0.21 0 0.32 0.767651055698643
0.21 0 0.33 0.6411143917016148
0.21 0 0.34 0.6323324040385397
0.21 0 0.35000000000000003 0.8022133248839683
0.21 0 0.36 0.7349512398534457
0.21 0 0.37 0.74436128792105
0.21 0 0.38 0.9785557396774652
0.21 0 0.39 0.8627453677875196
0.21 0 0.4 0.8126054550506986
0.21 0 0.41000000000000003 0.9056878149038111
0.21 0 0.42 0.8348466091098444
0.21 0 0.43 0.8322924824548649
0.21 0 0.44 0.9121627262555939
0.21 0 0.45 0.9895681518604168
0.21 0 0.46 1.1728390153535577
0.21 0 0.47000000000000003 1.2249560754101292
0.21 0 0.48 0.6705878309506018
0.21 0 0.49 0.35145284856875775
0.21 0 0.5 0.4264597774551374
0.22 0 0.0 0.6545069647696272
0.22 0 0.01 0.8489657573885477
0.22 0 0.02 1.0184023134402063
0.22 0 0.03 0.8766983182274625
0.22 0 0.04 0.5252501427023507
0.22 0 0.05 0.40901436379900974
0.22 0 0.06 0.6499555394815217
0.22 0 0.07 0.8139258697170948
0.22 0 0.08 0.7520889992659335
0.22 0 0.09 0.846983803900476
0.22 0 0.1 0.785846303751515
0.22 0 0.11 0.8838197747956178
0.22 0 0.12 1.3156703561392091
0.22 0 0.13 1.3735224902454346
0.22 0 0.14 1.3431203923701638
0.22 0 0.15 1.611313403161366
0.22 0 0.16 1.6335386526260138
0.22 0 0.17 1.240375879417575
0.22 0 0.18 1.1874955572513735
0.22 0 0.19 1.4026502851936704
0.22 0 0.2 1.3955333076392753
0.22 0 0.21 1.754263327681107
0.22 0 0.22 1.6909170539615472
0.22 0 0.23 0.9425670096515952
0.22 0 0.24 0.9653185844399473
0.22 0 0.25 1.172115949739207
0.22 0 0.26 0.9149553040531326
0.22 0 0.27 1.1296069162007203
0.22 0 0.28 1.7756161392602006
0.22 0 0.29 1.4175976351575268
0.22 0 0.3 0.7072243266032319
0.22 0 0.31 0.47082895603155633
0.22 0 0.32 0.5409877055004066
0.22 0 0.33 0.8744370201158729
0.22 0 0.34 1.0633503522748002
0.22 0 0.35000000000000003 0.5784536536690472
0.22 0 0.36 0.3029651948167311
0.22 0 0.37 0.23302774099018567
0.22 0 0.38 0.18335273271306018
0.22 0 0.39 0.18543844985247665
0.22 0 0.4 0.1718731203006563
0.22 0 0.41000000000000003 0.1402024224529909
0.22 0 0.42 0.1475387226953141
0.22 0 0.43 0.11669648372699531
0.22 0 0.44 0.10594235286423488
0.22 0 0.45 0.15140920100608343
0.22 0 0.46 0.16139443971956907
0.22 0 0.47000000000000003 0.16056330049884313
0.22 0 0.48 0.14779523502079245
0.22 0 0.49 0.10306190641510969
0.22 0 0.5 0.11180609686680225
0.23 0 0.0 0.2475201242222507
0.23 0 0.01 0.2260658779582953
0.23 0 0.02 0.22335383998431899
0.23 0 0.03 0.24424181581311838
0.23 0 0.04 0.2765281778003542
0.23 0 0.05 0.2885872509838895
0.23 0 0.06 0.3404639223777254
0.23 0 0.07 0.5273148567494701
0.23 0 0.08 0.6081886957712501
0.23 0 0.09 0.5185307028269335
0.23 0 0.1 0.8050992025824343
0.23 0 0.11 1.2187723034231324
0.23 0 0.12 1.0609174506419237
0.23 0 0.13 1.1896290657359707
0.23 0 0.14 1.2807787414159955
0.23 0 0.15 1.585941006254779
0.23 0 0.16 3.028329524644256
0.23 0 0.17 3.021458952755414
0.23 0 0.18 2.5871680071390633
0.23 0 0.19 3.8217282273267728
0.23 0 0.2 4.048712763113304
0.23 0 0.21 2.875449656238767
0.23 0 0.22 2.17407744079993
0.23 0 0.23 1.6944403851096974
0.23 0 0.24 1.3246887828775176
0.23 0 0.25 1.2686392268520776
0.23 0 0.26 1.2890701365136632
0.23 0 0.27 0.9467484975934425
0.23 0 0.28 0.719091588800253
0.23 0 0.29 0.6471320236529964
0.23 0 0.3 0.4925348230124154
0.23 0 0.31 0.41531136529470747
0.23 0 0.32 0.5320343748834813
0.23 0 0.33 0.7378788781450355
0.23 0 0.34 0.547179257355004
0.23 0 0.35000000000000003 0.3114792324116966
0.23 0 0.36 0.29071405461426947
0.23 0 0.37 0.30112697580226305
0.23 0 0.38 0.3488190589541982
0.23 0 0.39 0.3966495401904733
0.23 0 0.4 0.2922586234641427
0.23 0 0.41000000000000003 0.3152950808384525
0.23 0 0.42 0.40411943361230834
0.23 0 0.43 0.29228696899394135
0.23 0 0.44 0.2089809083180308
0.23 0 0.45 0.1659994383362439
0.23 0 0.46 0.12764070936369476
0.23 0 0.47000000000000003 0.10820127392049593
0.23 0 0.48 0.10430283826103247
0.23 0 0.49 0.13041674199195938
0.23 0 0.5 0.18692722091792524
0.24 0 0.0 0.20256938314120185
0.24 0 0.01 0.2631803271106416
0.24 0 0.02 0.37546522947101746
0.24 0 0.03 0.4782686230078794
0.24 0 0.04 0.4600521713776239
0.24 0 0.05 0.33191045910830547
0.24 0 0.06 0.2708255657354513
0.24 0 0.07 0.38586045666555957
0.24 0 0.08 0.5298477292046618
0.24 0 0.09 0.5579168339901168
0.24 0 0.1 0.661463666655433
0.24 0 0.11 0.6967499968327899
0.24 0 0.12 0.7501405824384844
0.24 0 0.13 0.869172346540796
0.24 0 0.14 0.9661958380522541
0.24 0 0.15 1.2793971331049407
0.24 0 0.16 1.2944269205519061
0.24 0 0.17 1.0573876590726439
0.24 0 0.18 0.9924546479948714
0.24 0 0.19 0.852558261796533
0.24 0 0.2 0.816616306064317
0.24 0 0.21 0.7053460511078239
0.24 0 0.22 0.5177799032929343
0.24 0 0.23 0.6581606000462741
0.24 0 0.24 1.098811697868884
0.24 0 0.25 1.2862984293722786
0.24 0 0.26 1.2547713369856406
0.24 0 0.27 1.2643271486996666
0.24 0 0.28 0.9382271480032043
0.24 0 0.29 0.5787517595515468
0.24 0 0.3 0.594653645746044
0.24 0 0.31 0.7001241707864347
0.24 0 0.32 0.7262869109736749
0.24 0 0.33 0.9229176757547894
0.24 0 0.34 0.8371312144418358
0.24 0 0.35000000000000003 0.5353134840364797
0.24 0 0.36 0.45162950899247223
0.24 0 0.37 0.5130115053835214
0.24 0 0.38 0.5551585626840012
0.24 0 0.39 0.45146928220716753
0.24 0 0.4 0.40329447260940643
0.24 0 0.41000000000000003 0.4344742503711959
0.24 0 0.42 0.5025015287490876
0.24 0 0.43 0.6737880173871185
0.24 0 0.44 0.6439851469260661
0.24 0 0.45 0.6456892804397076
0.24 0 0.46 1.0180994798382055
0.24 0 0.47000000000000003 1.0151157775383022
0.24 0 0.48 0.7794818659655668
0.24 0 0.49 0.9482483902766403
0.24 0 0.5 1.3167955884634013
0.25 0 0.0 0.5891746199056535
0.25 0 0.01 0.5470152047164929
0.25 0 0.02 0.5393199040232327
0.25 0 0.03 0.30985505333253127
0.25 0 0.04 0.21817653769114523
0.25 0 0.05 0.2813543834225096
0.25 0 0.06 0.36679191266679445
0.25 0 0.07 0.3959680119086159
0.25 0 0.08 0.36251684081045826
0.25 0 0.09 0.2846993687773317
0.25 0 0.1 0.21196296584148647
0.25 0 0.11 0.2026057853185654
0.25 0 0.12 0.2060479497808226
0.25 0 0.13 0.1663174777766604
0.25 0 0.14 0.16416284566374853
0.25 0 0.15 0.1623818294178246
0.25 0 0.16 0.1503713647312614
0.25 0 0.17 0.20100016464079531
0.25 0 0.18 0.2442888793211972
0.25 0 0.19 0.2529688682875519
0.25 0 0.2 0.25176462081840295
0.25 0 0.21 0.21144714265427042
0.25 0 0.22 0.22010029444766843
0.25 0 0.23 0.26270258983080913
0.25 0 0.24 0.37518232620940073
0.25 0 0.25 0.6083777591903767
0.25 0 0.26 0.5889849642169094
0.25 0 0.27 0.5511472893225589
0.25 0 0.28 0.7069633303009711
0.25 0 0.29 0.6738414850406261
0.25 0 0.3 0.6066149648768652
0.25 0 0.31 0.8638043378785938
0.25 0 0.32 1.2056704205890756
0.25 0 0.33 1.0109526450031825
0.25 0 0.34 0.77495736387967
0.25 0 0.35000000000000003 0.6602042566400975
0.25 0 0.36 0.6534713420295781
0.25 0 0.37 0.9069415912997444
0.25 0 0.38 0.8814397361333609
0.25 0 0.39 0.6399661754524758
0.25 0 0.4 0.6807327386587878
0.25 0 0.41000000000000003 0.7431443994538807
0.25 0 0.42 0.8669779734357624
0.25 0 0.43 0.9770471239192987
0.25 0 0.44 0.9248678174974132
0.25 0 0.45 1.1899395330969702
0.25 0 0.46 1.1992292625229686
0.25 0 0.47000000000000003 0.9352505396947303
0.25 0 0.48 1.0657247461534147
0.25 0 0.49 1.262301909454769
0.25 0 0.5 1.9376481325861246
0.26 0 0.0 1.0843091788214694
0.26 0 0.01 0.7849618397832887
0.26 0 0.02 0.6883408565676322
0.26 0 0.03 0.6006125907038926
0.26 0 0.04 0.4617702438822592
0.26 0 0.05 0.46753296512078135
0.26 0 0.06 0.5249835833876383
0.26 0 0.07 0.37277384065702196
0.26 0 0.08 0.24863868775887155
0.26 0 0.09 0.22886767187920695
0.26 0 0.1 0.2620717026475415
0.26 0 0.11 0.30572789865337124
0.26 0 0.12 0.24769651208793828
0.26 0 0.13 0.21679559653449468
0.26 0 0.14 0.23875960007472824
0.26 0 0.15 0.2306566029128226
0.26 0 0.16 0.28130919433487767
0.26 0 0.17 0.28548656304705944
0.26 0 0.18 0.25394489573529266
0.26 0 0.19 0.3948487020118531
0.26 0 0.2 0.40449277855095533
0.26 0 0.21 0.2864094973376561
0.26 0 0.22 0.3897322037943814
0.26 0 0.23 0.5437237342374798
0.26 0 0.24 0.5647734701354694
0.26 0 0.25 0.6310040036443251
0.26 0 0.26 0.5609909104249867
0.26 0 0.27 0.4083502506558104
0.26 0 0.28 0.4436726031065327
0.26 0 0.29 0.4966436244447991
0.26 0 0.3 0.3601716099870889
0.26 0 0.31 0.38020504958090895
0.26 0 0.32 0.5121137901389852
0.26 0 0.33 0.4251459635722833
0.26 0 0.34 0.33876159382405663
0.26 0 0.35000000000000003 0.31467343889362537
0.26 0 0.36 0.4042229703705723
0.26 0 0.37 0.6271805032955852
0.26 0 0.38 0.5406567426319846
0.26 0 0.39 0.41590498191553377
0.26 0 0.4 0.48739099645578454
0.26 0 0.41000000000000003 0.6380531888116894
0.26 0 0.42 0.7746375892529961
0.26 0 0.43 0.7440198789992432
0.26 0 0.44 0.7136653347754806
0.26 0 0.45 0.8007291751990679
0.26 0 0.46 0.8322945273498344
0.26 0 0.47000000000000003 0.7528216509875886
0.26 0 0.48 0.7879475831047874
0.26 0 0.49 1.248575910038157
0.26 0 0.5 1.4533081801198369
0.27 0 0.0 0.437583245935919
0.27 0 0.01 0.47412080612495017
0.27 0 0.02 0.5232703186945927
0.27 0 0.03 0.5829913473061528
0.27 0 0.04 0.5788641899475255
0.27 0 0.05 0.6716719750263656
0.27 0 0.06 0.7481667183644001
0.27 0 0.07 0.5640867072884881
0.27 0 0.08 0.37622616499174116
0.27 0 0.09 0.2665348680555298
0.27 0 0.1 0.3085004858853931
0.27 0 0.11 0.45196540028264565
0.27 0 0.12 0.38842711017044407
0.27 0 0.13 0.33835955441251975
0.27 0 0.14 0.44605996102460854
0.27 0 0.15 0.48885233885138524
0.27 0 0.16 0.3557892621277619
0.27 0 0.17 0.29137111586528847
0.27 0 0.18 0.3472170600347582
0.27 0 0.19 0.4466250302849467
0.27 0 0.2 0.6506041176001492
0.27 0 0.21 0.6475503531568079
0.27 0 0.22 0.4081163380947716
0.27 0 0.23 0.5228813559657297
0.27 0 0.24 0.610814193725927
0.27 0 0.25 0.3252261933057529
0.27 0 0.26 0.3063209314015513
0.27 0 0.27 0.36900102565376175
0.27 0 0.28 0.29365030163642836
0.27 0 0.29 0.28625606209860993
0.27 0 0.3 0.2677339075153581
0.27 0 0.31 0.20843369017724434
0.27 0 0.32 0.2391431881801823
0.27 0 0.33 0.29586790041728006
0.27 0 0.34 0.2372982072541409
0.27 0 0.35000000000000003 0.22346168575497932
0.27 0 0.36 0.2783399568012296
0.27 0 0.37 0.24798624173815517
0.27 0 0.38 0.1995114003590932
0.27 0 0.39 0.1597716108115689
0.27 0 0.4 0.16972898082229276
0.27 0 0.41000000000000003 0.3637311347206881
0.27 0 0.42 0.5102117177348262
0.27 0 0.43 0.3443425977568258
0.27 0 0.44 0.22389718926052915
0.27 0 0.45 0.15558169328607654
0.27 0 0.46 0.1878670203102974
0.27 0 0.47000000000000003 0.2494435189294838
0.27 0 0.48 0.22124636817359603
0.27 0 0.49 0.30332629627688273
0.27 0 0.5 0.41896173276965476
0.28 0 0.0 0.44913136242353596
0.28 0 0.01 0.5547301659055015
0.28 0 0.02 0.6280640781901604
0.28 0 0.03 0.7182663025437944
0.28 0 0.04 0.7816455290491033
0.28 0 0.05 0.8208821243554726
0.28 0 0.06 0.8396719448936482
0.28 0 0.07 0.6064039169173591
0.28 0 0.08 0.38299089750264964
0.28 0 0.09 0.4256751296612291
0.28 0 0.1 0.5715011294764633
0.28 0 0.11 0.5495506995227316
0.28 0 0.12 0.4946845281681639
0.28 0 0.13 0.3320842627626519
0.28 0 0.14 0.2825280759083922
0.28 0 0.15 0.4468803887723908
0.28 0 0.16 0.3840449544783911
0.28 0 0.17 0.2667224586679532
0.28 0 0.18 0.2962552408602511
0.28 0 0.19 0.22009466086010243
0.28 0 0.2 0.13872282482865872
0.28 0 0.21 0.1078411354409496
0.28 0 0.22 0.09198953862888508
0.28 0 0.23 0.12376779190202399
0.28 0 0.24 0.19132913577154595
0.28 0 0.25 0.1661591996514294
0.28 0 0.26 0.09240186079546049
0.28 0 0.27 0.08077620948501425
0.28 0 0.28 0.1246997733236319
0.28 0 0.29 0.15516455132087267
0.28 0 0.3 0.14930650825289613
0.28 0 0.31 0.13187502735799406
0.28 0 0.32 0.10535498841507994
0.28 0 0.33 0.09470993057155891
0.28 0 0.34 0.10504411222123168
0.28 0 0.35000000000000003 0.12785932002302294
0.28 0 0.36 0.12444699086313907
0.28 0 0.37 0.10684440019745532
0.28 0 0.38 0.080695998828111
0.28 0 0.39 0.04975099181606909
0.28 0 0.4 0.06567402134489292
0.28 0 0.41000000000000003 0.1481843547477488
0.28 0 0.42 0.18134162608782947
0.28 0 0.43 0.15994670178217862
0.28 0 0.44 0.13166684144653762
0.28 0 0.45 0.12553384196061204
0.28 0 0.46 0.18845499563128626
0.28 0 0.47000000000000003 0.2616643171613499
0.28 0 0.48 0.2698633989749554
0.28 0 0.49 0.2792612895634688
0.28 0 0.5 0.350217709340542
0.29 0 0.0 0.6404600693474484
0.29 0 0.01 0.7324507309035156
0.29 0 0.02 0.9451481310311919
0.29 0 0.03 0.7871117259542774
0.29 0 0.04 0.5608202456917956
0.29 0 0.05 0.5157135139910771
0.29 0 0.06 0.46640436617632935
0.29 0 0.07 0.31954509260344993
0.29 0 0.08 0.2462099317569455
0.29 0 0.09 0.3133932309859584
0.29 0 0.1 0.3558593814883224
0.29 0 0.11 0.29304657363641323
0.29 0 0.12 0.234988173991983
0.29 0 0.13 0.1745064955267156
0.29 0 0.14 0.16200211534402104
0.29 0 0.15 0.17728728224576462
0.29 0 0.16 0.1690057723686074
0.29 0 0.17 0.14279800597955364
0.29 0 0.18 0.115231408904045
0.29 0 0.19 0.12213754260243688
0.29 0 0.2 0.12000405488243035
0.29 0 0.21 0.09710720639142692
0.29 0 0.22 0.11707697162982186
0.29 0 0.23 0.13501345361641992
0.29 0 0.24 0.11315935637757267
0.29 0 0.25 0.08887023384900727
0.29 0 0.26 0.06828433174272895
0.29 0 0.27 0.08314760386676545
0.29 0 0.28 0.14124030143852606
0.29 0 0.29 0.16167026597860135
0.29 0 0.3 0.10660482272073213
0.29 0 0.31 0.0715500134761671
0.29 0 0.32 0.09043429513351602
0.29 0 0.33 0.12715199867516228
0.29 0 0.34 0.12399372408102015
0.29 0 0.35000000000000003 0.11916631281633054
0.29 0 0.36 0.11714562016530138
0.29 0 0.37 0.11465871443385935
0.29 0 0.38 0.13034555696277955
0.29 0 0.39 0.1827873221563014
0.29 0 0.4 0.23019948671598403
0.29 0 0.41000000000000003 0.22511443720023172
0.29 0 0.42 0.21791360143349953
0.29 0 0.43 0.1608237116143315
0.29 0 0.44 0.15188092442618267
0.29 0 0.45 0.28632831715269086
0.29 0 0.46 0.3500273388487257
0.29 0 0.47000000000000003 0.31157924423897815
0.29 0 0.48 0.3483359009463386
0.29 0 0.49 0.3004674970292112
0.29 0 0.5 0.29975789186515545
0.3 0 0.0 0.3166482513071012
0.3 0 0.01 0.3749806157712131
0.3 0 0.02 0.3060806889096366
0.3 0 0.03 0.264327810768945
0.3 0 0.04 0.32998636793100583
0.3 0 0.05 0.350214403844101
0.3 0 0.06 0.3601961425285066
0.3 0 0.07 0.33249826763586005
0.3 0 0.08 0.22995190439729876
0.3 0 0.09 0.23256272563579677
0.3 0 0.1 0.37401181728246163
0.3 0 0.11 0.3795484669737414
0.3 0 0.12 0.23882129757745987
0.3 0 0.13 0.24147482413700938
0.3 0 0.14 0.27135392685314497
0.3 0 0.15 0.19694804724036166
0.3 0 0.16 0.14965085207591858
0.3 0 0.17 0.1015199479796638
0.3 0 0.18 0.08007641436266946
0.3 0 0.19 0.10454705897394785
0.3 0 0.2 0.11308053103310503
0.3 0 0.21 0.11584236415062962
0.3 0 0.22 0.13895927378489864
0.3 0 0.23 0.1531824655405949
0.3 0 0.24 0.15318499193780383
0.3 0 0.25 0.11714128325885037
0.3 0 0.26 0.11998452376643731
0.3 0 0.27 0.19335225528420583
0.3 0 0.28 0.22959087309061602
0.3 0 0.29 0.23121013602041376
0.3 0 0.3 0.23708807715705907
0.3 0 0.31 0.22763450972418653
0.3 0 0.32 0.2528646882957673
0.3 0 0.33 0.2509445539177001
0.3 0 0.34 0.16843675189406718
0.3 0 0.35000000000000003 0.13508823025893207
0.3 0 0.36 0.20890747660760187
0.3 0 0.37 0.3177007086449487
0.3 0 0.38 0.3598220091756028
0.3 0 0.39 0.4436579094026093
0.3 0 0.4 0.44388308298543677
0.3 0 0.41000000000000003 0.4403828733550616
0.3 0 0.42 0.514172343570638
0.3 0 0.43 0.5319121906592357
0.3 0 0.44 0.7131703007258899
0.3 0 0.45 0.8924604533252516
0.3 0 0.46 0.8234570280694717
0.3 0 0.47000000000000003 0.8333008070257348
0.3 0 0.48 0.7228838565383428
0.3 0 0.49 0.8552986264372485
0.3 0 0.5 1.4109416038465363
#STOP
