#MEDIUM_PROPERTIES_DISTRIBUTED
$MSH_TYPE
	 GROUNDWATER_FLOW	
$MMP_TYPE
	 PERMEABILITY	
$DIS_TYPE
	 NEAREST_VALUE	
;hj
$CONVERSION_FACTOR
2e-8;2e-6;2e-13
$DATA
0.0 0 0.0 9.894171807491148
0.0 0 0.01 8.967845207677712
0.0 0 0.02 6.664157796469439
0.0 0 0.03 3.6419138448793835
0.0 0 0.04 6.57273795264649
0.0 0 0.05 10.642883109747919
0.0 0 0.06 8.605972099164726
0.0 0 0.07 6.848066094069091
0.0 0 0.08 6.561645984710694
0.0 0 0.09 5.13270761244028
0.0 0 0.1 4.13132883047365
0.0 0 0.11 7.218054064958081
0.0 0 0.12 6.06165926932751
0.0 0 0.13 4.586702982825458
0.0 0 0.14 4.541071321142185
0.0 0 0.15 10.026017572766044
0.0 0 0.16 11.575948808513917
0.0 0 0.17 14.452073792109058
0.0 0 0.18 12.059972482950554
0.0 0 0.19 9.212982537851664
0.0 0 0.2 7.016521484127904
0.0 0 0.21 8.903007782661971
0.0 0 0.22 10.836075622812814
0.0 0 0.23 7.299218033632152
0.0 0 0.24 3.8609196173644276
0.0 0 0.25 1.5996040353865706
0.0 0 0.26 1.1215219176769988
0.0 0 0.27 0.6448986821515227
0.0 0 0.28 0.4751334561423121
0.0 0 0.29 0.26425609080255297
0.0 0 0.3 0.21154823713701273
0.0 0 0.31 0.09578090558568253
0.0 0 0.32 0.06209939673113118
0.0 0 0.33 0.04045883981321907
0.0 0 0.34 0.02189018442529207
0.0 0 0.35000000000000003 0.009024682621757592
0.0 0 0.36 0.007974933186891863
0.0 0 0.37 0.01076880058823233
0.0 0 0.38 0.009280856232255365
0.0 0 0.39 0.011462862185052927
0.0 0 0.4 0.013525819198285447
0.0 0 0.41000000000000003 0.01265383077263798
0.0 0 0.42 0.009441433345150768
0.0 0 0.43 0.0243375998889694
0.0 0 0.44 0.038779966929743726
0.0 0 0.45 0.04135864406713364
0.0 0 0.46 0.037485114852242186
0.0 0 0.47000000000000003 0.048896260123115966
0.0 0 0.48 0.032780938334601974
0.0 0 0.49 0.03211513317782674
0.0 0 0.5 0.04434462632640748
0.01 0 0.0 15.90351108238529
0.01 0 0.01 16.33976098238487
0.01 0 0.02 13.00821696598517
0.01 0 0.03 13.527603284813678
0.01 0 0.04 10.544589781669373
0.01 0 0.05 8.66961499823113
0.01 0 0.06 6.49865260638708
0.01 0 0.07 4.074192114245122
0.01 0 0.08 2.0012091834967127
0.01 0 0.09 1.0953236458411912
0.01 0 0.1 1.2975538526505617
0.01 0 0.11 1.188222665405123
0.01 0 0.12 1.4071982553523537
0.01 0 0.13 1.6777047424318736
0.01 0 0.14 2.409128412228228
0.01 0 0.15 1.6172840814676734
0.01 0 0.16 2.346923689618073
0.01 0 0.17 3.4488844025502843
0.01 0 0.18 3.079398675494487
0.01 0 0.19 1.6649274469585564
0.01 0 0.2 1.6323721421545332
0.01 0 0.21 1.4311520014164418
0.01 0 0.22 1.096807460376391
0.01 0 0.23 1.641589872442742
0.01 0 0.24 1.5678232417800482
0.01 0 0.25 0.6175102557616784
0.01 0 0.26 0.18762765894023212
0.01 0 0.27 0.1724916289017918
0.01 0 0.28 0.1129588937380639
0.01 0 0.29 0.10057081548190873
0.01 0 0.3 0.09042850582626716
0.01 0 0.31 0.08633127312077565
0.01 0 0.32 0.04895862228470439
0.01 0 0.33 0.07156861993251162
0.01 0 0.34 0.14079378186391808
0.01 0 0.35000000000000003 0.15646980791285958
0.01 0 0.36 0.0993364300954419
0.01 0 0.37 0.060610149980256295
0.01 0 0.38 0.047299396843902095
0.01 0 0.39 0.03940996380624062
0.01 0 0.4 0.06103138201214459
0.01 0 0.41000000000000003 0.0609452045203964
0.01 0 0.42 0.056500050256902024
0.01 0 0.43 0.03389421355952693
0.01 0 0.44 0.037853278080498085
0.01 0 0.45 0.04101863333838073
0.01 0 0.46 0.055786857884767935
0.01 0 0.47000000000000003 0.042698087657618365
0.01 0 0.48 0.03994269964716684
0.01 0 0.49 0.04241404144266925
0.01 0 0.5 0.04424982595521222
0.02 0 0.0 24.175406661011156
0.02 0 0.01 45.1668790917295
0.02 0 0.02 62.20855250881885
0.02 0 0.03 53.860100711029226
0.02 0 0.04 41.98413410604554
0.02 0 0.05 11.468300638729557
0.02 0 0.06 3.419577593889356
0.02 0 0.07 2.754074087152396
0.02 0 0.08 2.1584144905302662
0.02 0 0.09 1.2338724888848767
0.02 0 0.1 0.7130287525972353
0.02 0 0.11 0.6695168555997426
0.02 0 0.12 0.35587116989296863
0.02 0 0.13 0.300500870551259
0.02 0 0.14 0.21197585836359784
0.02 0 0.15 0.14799553569045476
0.02 0 0.16 0.0740617996057782
0.02 0 0.17 0.09661728667970433
0.02 0 0.18 0.1568305540132135
0.02 0 0.19 0.26006391090497144
0.02 0 0.2 0.27277798994110336
0.02 0 0.21 0.2103885333995059
0.02 0 0.22 0.15847517726768212
0.02 0 0.23 0.12103307391249793
0.02 0 0.24 0.12642673176447178
0.02 0 0.25 0.10350394288444467
0.02 0 0.26 0.0846734496469375
0.02 0 0.27 0.028882765682517703
0.02 0 0.28 0.014688072059565398
0.02 0 0.29 0.010439441745125098
0.02 0 0.3 0.014282755507995123
0.02 0 0.31 0.016569807771533423
0.02 0 0.32 0.0416812041066069
0.02 0 0.33 0.08537841362309775
0.02 0 0.34 0.0981582155337197
0.02 0 0.35000000000000003 0.09350987950587553
0.02 0 0.36 0.09400176564822006
0.02 0 0.37 0.052333976603373134
0.02 0 0.38 0.02101007127350874
0.02 0 0.39 0.02602118629946426
0.02 0 0.4 0.031275961958955295
0.02 0 0.41000000000000003 0.03399802166526971
0.02 0 0.42 0.031867004884418154
0.02 0 0.43 0.04204315936536671
0.02 0 0.44 0.02115224813613043
0.02 0 0.45 0.021013886023441845
0.02 0 0.46 0.04182912600326621
0.02 0 0.47000000000000003 0.08255627606114875
0.02 0 0.48 0.07129124012292193
0.02 0 0.49 0.08078009001980639
0.02 0 0.5 0.10274597578140782
0.03 0 0.0 2.9616129606487727
0.03 0 0.01 4.462178364291112
0.03 0 0.02 5.007635757265894
0.03 0 0.03 6.003085734554461
0.03 0 0.04 4.226159119976004
0.03 0 0.05 3.3147151883400023
0.03 0 0.06 3.3426112558333765
0.03 0 0.07 2.8965668585409046
0.03 0 0.08 2.4325168713550727
0.03 0 0.09 2.0975969395903546
0.03 0 0.1 1.7306318386135462
0.03 0 0.11 0.5808186807060265
0.03 0 0.12 0.3875746720549734
0.03 0 0.13 0.35274886708734726
0.03 0 0.14 0.3708275582268734
0.03 0 0.15 0.256527610857276
0.03 0 0.16 0.3595768748001287
0.03 0 0.17 0.2935291061238216
0.03 0 0.18 0.22825351062541666
0.03 0 0.19 0.32153893437940795
0.03 0 0.2 0.536366897391939
0.03 0 0.21 0.2832852006986763
0.03 0 0.22 0.09143369959468321
0.03 0 0.23 0.06018341546328829
0.03 0 0.24 0.0420181398267992
0.03 0 0.25 0.06087301942714486
0.03 0 0.26 0.12294885722129423
0.03 0 0.27 0.1796127065025202
0.03 0 0.28 0.054196943472224354
0.03 0 0.29 0.028392399093383536
0.03 0 0.3 0.029479808855503952
0.03 0 0.31 0.0642104724743138
0.03 0 0.32 0.1322972975039437
0.03 0 0.33 0.2904380695310141
0.03 0 0.34 0.26023002793279293
0.03 0 0.35000000000000003 0.14477906487568024
0.03 0 0.36 0.1248459762402965
0.03 0 0.37 0.14570378503407483
0.03 0 0.38 0.1845079512941538
0.03 0 0.39 0.1407546552361296
0.03 0 0.4 0.11927256917928214
0.03 0 0.41000000000000003 0.07018118687089493
0.03 0 0.42 0.06261696727263726
0.03 0 0.43 0.04110335449140729
0.03 0 0.44 0.04266262145923767
0.03 0 0.45 0.03516834622291075
0.03 0 0.46 0.030188709411692317
0.03 0 0.47000000000000003 0.020320218919288244
0.03 0 0.48 0.02279106574790355
0.03 0 0.49 0.023493075434925556
0.03 0 0.5 0.01973494945707267
0.04 0 0.0 2.886283832001994
0.04 0 0.01 2.536949802552134
0.04 0 0.02 1.780998102643854
0.04 0 0.03 1.9843233277650973
0.04 0 0.04 3.2705232242061157
0.04 0 0.05 3.5772716437389467
0.04 0 0.06 4.26508666462685
0.04 0 0.07 4.219065397899193
0.04 0 0.08 1.7895516585243971
0.04 0 0.09 1.1277666117854377
0.04 0 0.1 1.206131326790246
0.04 0 0.11 1.8608464543089038
0.04 0 0.12 1.5433510612086863
0.04 0 0.13 1.7806234383550732
0.04 0 0.14 1.1797979594260064
0.04 0 0.15 0.7748787926284358
0.04 0 0.16 0.39030680489740155
0.04 0 0.17 0.3117303759720245
0.04 0 0.18 0.23781557065682796
0.04 0 0.19 0.2400044717806595
0.04 0 0.2 0.2709074646862949
0.04 0 0.21 0.3462868168622371
0.04 0 0.22 0.4911658260885785
0.04 0 0.23 0.4671770259267752
0.04 0 0.24 0.5763933849513617
0.04 0 0.25 0.725805370412069
0.04 0 0.26 0.9901235709424449
0.04 0 0.27 0.5320626430300005
0.04 0 0.28 0.36788339860440417
0.04 0 0.29 0.17191414627952056
0.04 0 0.3 0.09507902001639665
0.04 0 0.31 0.08280298833605212
0.04 0 0.32 0.21427362941131572
0.04 0 0.33 0.2819698324285633
0.04 0 0.34 0.16956660489564998
0.04 0 0.35000000000000003 0.103297380625994
0.04 0 0.36 0.060201532177329944
0.04 0 0.37 0.04231072753212536
0.04 0 0.38 0.06102201884682131
0.04 0 0.39 0.1600280438028585
0.04 0 0.4 0.09689397450328135
0.04 0 0.41000000000000003 0.04467255865083239
0.04 0 0.42 0.028019260332290453
0.04 0 0.43 0.03541451407787011
0.04 0 0.44 0.03683409129020317
0.04 0 0.45 0.0847577752582605
0.04 0 0.46 0.11506695493782385
0.04 0 0.47000000000000003 0.0782438100727271
0.04 0 0.48 0.05672749671317118
0.04 0 0.49 0.08723276628119112
0.04 0 0.5 0.11464176716755412
0.05 0 0.0 1.7172171390229387
0.05 0 0.01 2.065609508105617
0.05 0 0.02 2.397864033721439
0.05 0 0.03 2.8960154887158915
0.05 0 0.04 2.9422606794522643
0.05 0 0.05 5.496404280766493
0.05 0 0.06 11.71099414575482
0.05 0 0.07 12.064685470567222
0.05 0 0.08 11.528564126787758
0.05 0 0.09 9.644125146697254
0.05 0 0.1 7.5545237176494
0.05 0 0.11 4.67982058693592
0.05 0 0.12 7.254100246637332
0.05 0 0.13 5.16417483638245
0.05 0 0.14 2.3545866419030497
0.05 0 0.15 1.3169267211716185
0.05 0 0.16 2.052688259413012
0.05 0 0.17 2.0315704445138913
0.05 0 0.18 2.1727885676881002
0.05 0 0.19 2.1192644671511833
0.05 0 0.2 0.9613204356694733
0.05 0 0.21 0.361093970598659
0.05 0 0.22 0.3533462019317754
0.05 0 0.23 0.6772173984035104
0.05 0 0.24 0.5681930547739209
0.05 0 0.25 0.5733598565165916
0.05 0 0.26 0.4849789248712386
0.05 0 0.27 0.4338324210943394
0.05 0 0.28 0.2954924615372718
0.05 0 0.29 0.40804006563588213
0.05 0 0.3 0.2833680102573975
0.05 0 0.31 0.14967161869744697
0.05 0 0.32 0.08543168326230434
0.05 0 0.33 0.08815319239081285
0.05 0 0.34 0.09023234560734095
0.05 0 0.35000000000000003 0.08840538037288369
0.05 0 0.36 0.09084986679997566
0.05 0 0.37 0.07490652639894783
0.05 0 0.38 0.08490550318869673
0.05 0 0.39 0.08667235145635346
0.05 0 0.4 0.1306593687452248
0.05 0 0.41000000000000003 0.11993125060978113
0.05 0 0.42 0.10332546393238357
0.05 0 0.43 0.057967244759523306
0.05 0 0.44 0.0763503443079049
0.05 0 0.45 0.10278116505710369
0.05 0 0.46 0.15109641025075077
0.05 0 0.47000000000000003 0.20873565081314602
0.05 0 0.48 0.3006909727141235
0.05 0 0.49 0.21866740817579658
0.05 0 0.5 0.13396250746135133
0.06 0 0.0 1.9093781086851491
0.06 0 0.01 2.0510059598594976
0.06 0 0.02 5.370044584231999
0.06 0 0.03 13.952972604242694
0.06 0 0.04 16.012742639672787
0.06 0 0.05 11.377660953815615
0.06 0 0.06 11.196208076667952
0.06 0 0.07 11.881895077781383
0.06 0 0.08 8.722743247214668
0.06 0 0.09 9.799389014914812
0.06 0 0.1 7.605620342822382
0.06 0 0.11 5.828287874881286
0.06 0 0.12 3.5157032500401155
0.06 0 0.13 4.005193703642834
0.06 0 0.14 3.190990408090139
0.06 0 0.15 3.10101249286466
0.06 0 0.16 2.312825144534247
0.06 0 0.17 2.380916165708953
0.06 0 0.18 2.258140575400066
0.06 0 0.19 1.9424653420146765
0.06 0 0.2 1.4377270483364841
0.06 0 0.21 1.1229798967535045
0.06 0 0.22 1.0401051400361472
0.06 0 0.23 0.82187175233465
0.06 0 0.24 1.3592711439723157
0.06 0 0.25 1.7658988689578736
0.06 0 0.26 1.5338260615248291
0.06 0 0.27 0.7221258715169935
0.06 0 0.28 0.6954627453087852
0.06 0 0.29 0.40794762526735495
0.06 0 0.3 0.2588052054238024
0.06 0 0.31 0.1938988766713066
0.06 0 0.32 0.15840701118684575
0.06 0 0.33 0.07335545931996722
0.06 0 0.34 0.06699735968406496
0.06 0 0.35000000000000003 0.1243410043666623
0.06 0 0.36 0.09933100398929848
0.06 0 0.37 0.04808344762783447
0.06 0 0.38 0.024116722457955726
0.06 0 0.39 0.017654029535130126
0.06 0 0.4 0.011565620233723473
0.06 0 0.41000000000000003 0.027369128832217978
0.06 0 0.42 0.04871048733336346
0.06 0 0.43 0.03885115431648666
0.06 0 0.44 0.016397783180428557
0.06 0 0.45 0.017212413614716537
0.06 0 0.46 0.018327423399173533
0.06 0 0.47000000000000003 0.024177009253769394
0.06 0 0.48 0.03650831531596002
0.06 0 0.49 0.03808266499651291
0.06 0 0.5 0.02641963093710789
0.07 0 0.0 2.3561040491781133
0.07 0 0.01 2.4989306868997545
0.07 0 0.02 2.6386638259131696
0.07 0 0.03 2.9090022707858347
0.07 0 0.04 3.1619518836001363
0.07 0 0.05 3.4582102548636917
0.07 0 0.06 2.050393097049331
0.07 0 0.07 0.9586734302678812
0.07 0 0.08 1.4010423503358884
0.07 0 0.09 1.992592731395527
0.07 0 0.1 1.9499551304880824
0.07 0 0.11 1.2878634882578262
0.07 0 0.12 1.3765658274675519
0.07 0 0.13 0.7496235933288907
0.07 0 0.14 0.8391992242975369
0.07 0 0.15 1.4741473818954285
0.07 0 0.16 2.00034788897217
0.07 0 0.17 1.1239626352570875
0.07 0 0.18 1.2791885624020032
0.07 0 0.19 2.1613307206535244
0.07 0 0.2 2.3812403494084426
0.07 0 0.21 2.552662975411243
0.07 0 0.22 1.9712778392673094
0.07 0 0.23 0.8481124875432206
0.07 0 0.24 0.23817154002430896
0.07 0 0.25 0.20644143477673832
0.07 0 0.26 0.16156391991841204
0.07 0 0.27 0.12659477438075092
0.07 0 0.28 0.07270843903394134
0.07 0 0.29 0.0624886829926765
0.07 0 0.3 0.035203484288660554
0.07 0 0.31 0.028831259773968592
0.07 0 0.32 0.026768228849584956
0.07 0 0.33 0.02672580837799268
0.07 0 0.34 0.024253170485782717
0.07 0 0.35000000000000003 0.022996004822115373
0.07 0 0.36 0.02907423779533277
0.07 0 0.37 0.030445291936025937
0.07 0 0.38 0.030771785891166976
0.07 0 0.39 0.018114874620364187
0.07 0 0.4 0.018333788006060333
0.07 0 0.41000000000000003 0.01604022449251996
0.07 0 0.42 0.01962646574080376
0.07 0 0.43 0.022184852638129804
0.07 0 0.44 0.03672550426247592
0.07 0 0.45 0.026890485170527778
0.07 0 0.46 0.021761652151618162
0.07 0 0.47000000000000003 0.029698586596875413
0.07 0 0.48 0.04221046761443842
0.07 0 0.49 0.03696984806610176
0.07 0 0.5 0.03375157905411905
0.08 0 0.0 2.8501695448952504
0.08 0 0.01 2.1353536787680376
0.08 0 0.02 2.1875650129940256
0.08 0 0.03 1.7800523050883608
0.08 0 0.04 1.5538862121942543
0.08 0 0.05 2.300256469300612
0.08 0 0.06 3.0918761050272896
0.08 0 0.07 2.2798120894536216
0.08 0 0.08 0.9586780088440134
0.08 0 0.09 0.6633131989533194
0.08 0 0.1 0.4343112390909989
0.08 0 0.11 0.5359337903405941
0.08 0 0.12 0.6120729647020402
0.08 0 0.13 1.004999298802748
0.08 0 0.14 1.0270599265109106
0.08 0 0.15 1.1513191842110242
0.08 0 0.16 0.9148409179385382
0.08 0 0.17 0.8671059022258818
0.08 0 0.18 0.5890351787360072
0.08 0 0.19 0.3218002665771815
0.08 0 0.2 0.25004104004241756
0.08 0 0.21 0.22161201280637086
0.08 0 0.22 0.14637464552383092
0.08 0 0.23 0.05560712116402479
0.08 0 0.24 0.035842684297179225
0.08 0 0.25 0.01634500761574085
0.08 0 0.26 0.012756498884205549
0.08 0 0.27 0.016509161936031375
0.08 0 0.28 0.03130431384307459
0.08 0 0.29 0.017313091375218734
0.08 0 0.3 0.012444868140934684
0.08 0 0.31 0.014742425896859012
0.08 0 0.32 0.019441342321090627
0.08 0 0.33 0.02256839388456869
0.08 0 0.34 0.0347223514785837
0.08 0 0.35000000000000003 0.03171331215884293
0.08 0 0.36 0.011999235509025815
0.08 0 0.37 0.010563055722747697
0.08 0 0.38 0.012934291352443625
0.08 0 0.39 0.012541625291520487
0.08 0 0.4 0.006718585963649938
0.08 0 0.41000000000000003 0.007293042528667837
0.08 0 0.42 0.0053091958092968865
0.08 0 0.43 0.005957808498929582
0.08 0 0.44 0.00949736233307934
0.08 0 0.45 0.01748582043774938
0.08 0 0.46 0.012810305560806945
0.08 0 0.47000000000000003 0.009871999217627202
0.08 0 0.48 0.01126064097838687
0.08 0 0.49 0.01382891832745986
0.08 0 0.5 0.020159980060342097
0.09 0 0.0 4.483723368099042
0.09 0 0.01 7.897669107949168
0.09 0 0.02 4.342410409168192
0.09 0 0.03 1.1418660936569116
0.09 0 0.04 0.4569372905318396
0.09 0 0.05 0.322018211865219
0.09 0 0.06 0.27689328350114434
0.09 0 0.07 0.2981443101552641
0.09 0 0.08 0.42247586528076014
0.09 0 0.09 0.20025573882018144
0.09 0 0.1 0.1406113101198636
0.09 0 0.11 0.2103716855779207
0.09 0 0.12 0.4849070170943005
0.09 0 0.13 0.40291394516105417
0.09 0 0.14 0.4593486596400513
0.09 0 0.15 0.36449053738414705
0.09 0 0.16 0.2238735963464197
0.09 0 0.17 0.18122895239412093
0.09 0 0.18 0.30874452412858433
0.09 0 0.19 0.31558019465304504
0.09 0 0.2 0.17356451365803766
0.09 0 0.21 0.14071068072170528
0.09 0 0.22 0.08512867512994694
0.09 0 0.23 0.04262567158521502
0.09 0 0.24 0.017911456199250622
0.09 0 0.25 0.013037725740218354
0.09 0 0.26 0.005867851883268805
0.09 0 0.27 0.004853062943129799
0.09 0 0.28 0.005222025543208146
0.09 0 0.29 0.008967676320506286
0.09 0 0.3 0.010676681364371533
0.09 0 0.31 0.015050159528745131
0.09 0 0.32 0.019513507725452867
0.09 0 0.33 0.026875536608676295
0.09 0 0.34 0.03377900326685044
0.09 0 0.35000000000000003 0.03061697693120749
0.09 0 0.36 0.029508651079291046
0.09 0 0.37 0.01920691853433527
0.09 0 0.38 0.013960589890713904
0.09 0 0.39 0.009879161345602263
0.09 0 0.4 0.013382979446136926
0.09 0 0.41000000000000003 0.00852318465992999
0.09 0 0.42 0.006065064578266987
0.09 0 0.43 0.00540254210196043
0.09 0 0.44 0.007879972756184336
0.09 0 0.45 0.007798365876308757
0.09 0 0.46 0.012008643345157274
0.09 0 0.47000000000000003 0.01587509789977303
0.09 0 0.48 0.010027711305735335
0.09 0 0.49 0.008459849012672972
0.09 0 0.5 0.016631464031723428
0.1 0 0.0 1.7090599122194239
0.1 0 0.01 2.3626710166346645
0.1 0 0.02 3.556686549495023
0.1 0 0.03 1.9792442166993856
0.1 0 0.04 0.7131111218487864
0.1 0 0.05 0.3659409442437196
0.1 0 0.06 0.253026725675366
0.1 0 0.07 0.340784830598242
0.1 0 0.08 0.49618813530599565
0.1 0 0.09 0.730145272398445
0.1 0 0.1 0.41749063498083405
0.1 0 0.11 0.25519819185820325
0.1 0 0.12 0.14475918355794737
0.1 0 0.13 0.1885717559833169
0.1 0 0.14 0.18040497709872905
0.1 0 0.15 0.12604966203362478
0.1 0 0.16 0.054980748805550705
0.1 0 0.17 0.03369848531519888
0.1 0 0.18 0.02476680598450328
0.1 0 0.19 0.029765673339735153
0.1 0 0.2 0.061145877467709345
0.1 0 0.21 0.05774964986178189
0.1 0 0.22 0.028470938674925776
0.1 0 0.23 0.012972201511660154
0.1 0 0.24 0.010970487009403842
0.1 0 0.25 0.004811999533675655
0.1 0 0.26 0.0038687642477601932
0.1 0 0.27 0.004122126871220703
0.1 0 0.28 0.0051832735976191195
0.1 0 0.29 0.0051465237170475716
0.1 0 0.3 0.013902241758800287
0.1 0 0.31 0.028330443894088893
0.1 0 0.32 0.029860114188744034
0.1 0 0.33 0.041295062439878905
0.1 0 0.34 0.08502593673794445
0.1 0 0.35000000000000003 0.10963467885631735
0.1 0 0.36 0.07464759161644305
0.1 0 0.37 0.06435331890904573
0.1 0 0.38 0.02261087302238054
0.1 0 0.39 0.008131482482456574
0.1 0 0.4 0.0047905469998801
0.1 0 0.41000000000000003 0.0072749945597867655
0.1 0 0.42 0.006636871873743552
0.1 0 0.43 0.009561285141757588
0.1 0 0.44 0.01475443937146965
0.1 0 0.45 0.022404753202602535
0.1 0 0.46 0.02336655305084436
0.1 0 0.47000000000000003 0.025853849912150246
0.1 0 0.48 0.02391572589629589
0.1 0 0.49 0.018008023398435265
0.1 0 0.5 0.023158366994406925
0.11 0 0.0 1.2807017809293872
0.11 0 0.01 1.3681455476674336
0.11 0 0.02 0.7753300437563093
0.11 0 0.03 0.6116811999832099
0.11 0 0.04 0.6787781980455185
0.11 0 0.05 0.37237879814951863
0.11 0 0.06 0.19067829805795256
0.11 0 0.07 0.16918152332682426
0.11 0 0.08 0.20055457894934442
0.11 0 0.09 0.09432780846007734
0.11 0 0.1 0.07043874293463785
0.11 0 0.11 0.04014921599762493
0.11 0 0.12 0.0216034763145198
0.11 0 0.13 0.014044812919999285
0.11 0 0.14 0.029929651016312342
0.11 0 0.15 0.032913279822090045
0.11 0 0.16 0.020184090901987636
0.11 0 0.17 0.013166459959771329
0.11 0 0.18 0.011344838115726844
0.11 0 0.19 0.011352671953419113
0.11 0 0.2 0.0197448421997199
0.11 0 0.21 0.055606573235492195
0.11 0 0.22 0.057175329816781764
0.11 0 0.23 0.04155766650187426
0.11 0 0.24 0.02446350618266885
0.11 0 0.25 0.025504906351709707
0.11 0 0.26 0.02317643787377379
0.11 0 0.27 0.03902890687111809
0.11 0 0.28 0.048560782041524184
0.11 0 0.29 0.06491124970025637
0.11 0 0.3 0.06722075727507178
0.11 0 0.31 0.09343760102924444
0.11 0 0.32 0.14132044394688612
0.11 0 0.33 0.18023612842339023
0.11 0 0.34 0.15879349275898297
0.11 0 0.35000000000000003 0.12072515848940087
0.11 0 0.36 0.16663380628379126
0.11 0 0.37 0.17089808274797466
0.11 0 0.38 0.20206906019795304
0.11 0 0.39 0.1876520879075816
0.11 0 0.4 0.1766010478231655
0.11 0 0.41000000000000003 0.07352056243168226
0.11 0 0.42 0.06756529136633554
0.11 0 0.43 0.07449834990161114
0.11 0 0.44 0.06453112762908782
0.11 0 0.45 0.0422588652044979
0.11 0 0.46 0.057663937855191354
0.11 0 0.47000000000000003 0.07060668468739216
0.11 0 0.48 0.06389352376949484
0.11 0 0.49 0.11146372147752284
0.11 0 0.5 0.18022191258114062
0.12 0 0.0 1.7116771820937264
0.12 0 0.01 1.9718359905725744
0.12 0 0.02 1.5071171820930325
0.12 0 0.03 0.749453701865733
0.12 0 0.04 0.5655994216299667
0.12 0 0.05 0.8299489819047925
0.12 0 0.06 1.1866047568734817
0.12 0 0.07 1.821192668320995
0.12 0 0.08 1.68096842003475
0.12 0 0.09 2.0096561315491255
0.12 0 0.1 1.7538003308073145
0.12 0 0.11 1.987060574371345
0.12 0 0.12 1.5260909943032706
0.12 0 0.13 1.4692943827163853
0.12 0 0.14 0.7735410285775457
0.12 0 0.15 0.5187175964043444
0.12 0 0.16 0.4404967163352582
0.12 0 0.17 0.3165094623185928
0.12 0 0.18 0.12735144459571385
0.12 0 0.19 0.06775716199154502
0.12 0 0.2 0.06982091999672241
0.12 0 0.21 0.05113363204934271
0.12 0 0.22 0.05213313010989363
0.12 0 0.23 0.045369768431952374
0.12 0 0.24 0.025708042600300896
0.12 0 0.25 0.006739924243144761
0.12 0 0.26 0.006047074964263974
0.12 0 0.27 0.006341220496603793
0.12 0 0.28 0.006436586546212469
0.12 0 0.29 0.00720129465539441
0.12 0 0.3 0.01571363234940981
0.12 0 0.31 0.019510300625012224
0.12 0 0.32 0.022466795859545936
0.12 0 0.33 0.04071015773301837
0.12 0 0.34 0.04519436568724589
0.12 0 0.35000000000000003 0.03522816106270082
0.12 0 0.36 0.039259512109546126
0.12 0 0.37 0.09442630004703534
0.12 0 0.38 0.10986543593118799
0.12 0 0.39 0.13941628361102731
0.12 0 0.4 0.11298613321478886
0.12 0 0.41000000000000003 0.0773759537313037
0.12 0 0.42 0.03400655801830596
0.12 0 0.43 0.03497188302340271
0.12 0 0.44 0.03844677253332861
0.12 0 0.45 0.040867804072167085
0.12 0 0.46 0.03500448975027729
0.12 0 0.47000000000000003 0.02949690925977052
0.12 0 0.48 0.025807256960542906
0.12 0 0.49 0.020573494345182495
0.12 0 0.5 0.020354507785679692
0.13 0 0.0 2.4933591328750118
0.13 0 0.01 2.2634198939014816
0.13 0 0.02 1.3166907129680423
0.13 0 0.03 1.2997258622749894
0.13 0 0.04 1.4790673405257369
0.13 0 0.05 1.1632851924967818
0.13 0 0.06 1.8984135362727659
0.13 0 0.07 2.983647922969809
0.13 0 0.08 2.570592053544202
0.13 0 0.09 1.2605573647319803
0.13 0 0.1 1.7151735394903183
0.13 0 0.11 1.579074315078882
0.13 0 0.12 1.483163296213088
0.13 0 0.13 1.4063815557473154
0.13 0 0.14 1.5602889739136916
0.13 0 0.15 0.8065801205334892
0.13 0 0.16 0.6495691853660593
0.13 0 0.17 0.8418242520542609
0.13 0 0.18 0.740479248077264
0.13 0 0.19 0.42489213980078716
0.13 0 0.2 0.20626859053171973
0.13 0 0.21 0.12185624945008242
0.13 0 0.22 0.06226374255004277
0.13 0 0.23 0.07441847222728702
0.13 0 0.24 0.08119008676507997
0.13 0 0.25 0.09035058820185299
0.13 0 0.26 0.05075624470535932
0.13 0 0.27 0.04076719156034766
0.13 0 0.28 0.03460685509743687
0.13 0 0.29 0.046606120719860505
0.13 0 0.3 0.042372643858553376
0.13 0 0.31 0.032072344436927906
0.13 0 0.32 0.02176755576965266
0.13 0 0.33 0.012526137335622009
0.13 0 0.34 0.009510938946274023
0.13 0 0.35000000000000003 0.010891807462055772
0.13 0 0.36 0.017279548763701944
0.13 0 0.37 0.013204948076861968
0.13 0 0.38 0.017555021276029748
0.13 0 0.39 0.02386687054788562
0.13 0 0.4 0.028312733605267433
0.13 0 0.41000000000000003 0.018336047111017106
0.13 0 0.42 0.024792908186387425
0.13 0 0.43 0.02295972658054094
0.13 0 0.44 0.019716056390953616
0.13 0 0.45 0.025521387821692096
0.13 0 0.46 0.03875683273123906
0.13 0 0.47000000000000003 0.02631979235211213
0.13 0 0.48 0.017831507045565007
0.13 0 0.49 0.030563339876391916
0.13 0 0.5 0.03572042093691655
0.14 0 0.0 1.3632340823352695
0.14 0 0.01 1.1414897257485608
0.14 0 0.02 1.7971717484669234
0.14 0 0.03 3.535865017638272
0.14 0 0.04 4.79595284652071
0.14 0 0.05 4.065190765545377
0.14 0 0.06 2.014088720157801
0.14 0 0.07 1.5673210146877101
0.14 0 0.08 1.579988250071876
0.14 0 0.09 3.2529207843819257
0.14 0 0.1 3.54606983181662
0.14 0 0.11 3.856173778487396
0.14 0 0.12 3.30208161827097
0.14 0 0.13 3.1909021990764335
0.14 0 0.14 1.5594211250711347
0.14 0 0.15 1.0949139943885953
0.14 0 0.16 0.8856277248411244
0.14 0 0.17 0.5552012885577488
0.14 0 0.18 0.40146798652206295
0.14 0 0.19 0.4069182946753093
0.14 0 0.2 0.302870184101059
0.14 0 0.21 0.1071990406577467
0.14 0 0.22 0.09878520891854134
0.14 0 0.23 0.10237048581577417
0.14 0 0.24 0.09832303818072811
0.14 0 0.25 0.07381857642511129
0.14 0 0.26 0.10233142679213142
0.14 0 0.27 0.06079127596416597
0.14 0 0.28 0.04552945640606964
0.14 0 0.29 0.06214237602699931
0.14 0 0.3 0.09083072883882638
0.14 0 0.31 0.05954568958507483
0.14 0 0.32 0.04674636280621906
0.14 0 0.33 0.056035972019860616
0.14 0 0.34 0.04974561981006518
0.14 0 0.35000000000000003 0.07358012222396787
0.14 0 0.36 0.13531806638658161
0.14 0 0.37 0.2230368634989338
0.14 0 0.38 0.15625393563381224
0.14 0 0.39 0.18842080715304904
0.14 0 0.4 0.18381647363748865
0.14 0 0.41000000000000003 0.20153961302067414
0.14 0 0.42 0.15367244121309104
0.14 0 0.43 0.14008163160384562
0.14 0 0.44 0.08835949799066406
0.14 0 0.45 0.06807780082929316
0.14 0 0.46 0.07072248306387813
0.14 0 0.47000000000000003 0.09151900896749174
0.14 0 0.48 0.11782519242351583
0.14 0 0.49 0.08049536386292472
0.14 0 0.5 0.054749408662932174
0.15 0 0.0 2.019861820867593
0.15 0 0.01 0.9330699010517417
0.15 0 0.02 1.022004452269816
0.15 0 0.03 2.956986382493391
0.15 0 0.04 6.21707990030035
0.15 0 0.05 7.215892532650246
0.15 0 0.06 12.809973848783601
0.15 0 0.07 11.846520741696487
0.15 0 0.08 10.135971507710089
0.15 0 0.09 10.070236766935883
0.15 0 0.1 13.86573623968963
0.15 0 0.11 5.247671315502323
0.15 0 0.12 2.2578264622572277
0.15 0 0.13 1.3011550841210937
0.15 0 0.14 1.1485424279849543
0.15 0 0.15 1.0984940631337674
0.15 0 0.16 1.8882886844393494
0.15 0 0.17 2.6565263075856693
0.15 0 0.18 2.094045191682259
0.15 0 0.19 2.0234637407311054
0.15 0 0.2 2.049053447022359
0.15 0 0.21 2.21085564284177
0.15 0 0.22 1.3008438758619305
0.15 0 0.23 0.9377521860584543
0.15 0 0.24 0.5320335318533428
0.15 0 0.25 0.5805300941762679
0.15 0 0.26 0.5559750242292292
0.15 0 0.27 0.7135031888213154
0.15 0 0.28 0.5969965934974619
0.15 0 0.29 0.42554032117255386
0.15 0 0.3 0.257871320271166
0.15 0 0.31 0.3002031889931926
0.15 0 0.32 0.4430302684238999
0.15 0 0.33 0.35326684559473825
0.15 0 0.34 0.2742342032766461
0.15 0 0.35000000000000003 0.18998079453097386
0.15 0 0.36 0.12448680313805163
0.15 0 0.37 0.06367111950069065
0.15 0 0.38 0.09997875551188694
0.15 0 0.39 0.11747549159048193
0.15 0 0.4 0.1210920728243587
0.15 0 0.41000000000000003 0.11251720021794898
0.15 0 0.42 0.1264806598579641
0.15 0 0.43 0.04230402815838667
0.15 0 0.44 0.015481154049641656
0.15 0 0.45 0.01327750499711002
0.15 0 0.46 0.014806682470885771
0.15 0 0.47000000000000003 0.01571885934464549
0.15 0 0.48 0.01874136403797033
0.15 0 0.49 0.01553558806105616
0.15 0 0.5 0.0037871306100244403
0.16 0 0.0 1.2919841663823293
0.16 0 0.01 1.5505603374602104
0.16 0 0.02 1.6164879072065974
0.16 0 0.03 1.654595548476692
0.16 0 0.04 1.8032769129931603
0.16 0 0.05 2.740898960865005
0.16 0 0.06 2.456934106437296
0.16 0 0.07 2.0399049743380293
0.16 0 0.08 1.3119368194861767
0.16 0 0.09 1.27130326161291
0.16 0 0.1 0.7920859292688067
0.16 0 0.11 0.958570349307931
0.16 0 0.12 1.0738835452848423
0.16 0 0.13 1.02405371280752
0.16 0 0.14 0.7966008603340199
0.16 0 0.15 1.344341851962666
0.16 0 0.16 1.820819370206566
0.16 0 0.17 1.4837579761705004
0.16 0 0.18 1.854997147626338
0.16 0 0.19 2.3654251820313195
0.16 0 0.2 2.064187566333685
0.16 0 0.21 1.3875256415507295
0.16 0 0.22 1.694879088467453
0.16 0 0.23 0.7874105269491014
0.16 0 0.24 0.39271964769105266
0.16 0 0.25 0.30855723886024655
0.16 0 0.26 0.3807598924799722
0.16 0 0.27 0.1781677966095607
0.16 0 0.28 0.10688827379243229
0.16 0 0.29 0.06568307854078821
0.16 0 0.3 0.036789344652286934
0.16 0 0.31 0.03417476598721082
0.16 0 0.32 0.0809733282454467
0.16 0 0.33 0.1758636594529947
0.16 0 0.34 0.134191699550466
0.16 0 0.35000000000000003 0.09914370475389288
0.16 0 0.36 0.05675705880161264
0.16 0 0.37 0.05779962143562989
0.16 0 0.38 0.09390267888992092
0.16 0 0.39 0.37939342158519257
0.16 0 0.4 0.677841535779573
0.16 0 0.41000000000000003 0.658062718665178
0.16 0 0.42 0.27561187056032327
0.16 0 0.43 0.13874659498595932
0.16 0 0.44 0.08902005520452183
0.16 0 0.45 0.0918049423387401
0.16 0 0.46 0.11956585892400215
0.16 0 0.47000000000000003 0.15548699996584872
0.16 0 0.48 0.1710454934768666
0.16 0 0.49 0.09576627322020653
0.16 0 0.5 0.06863451855064387
0.17 0 0.0 0.46595273097257534
0.17 0 0.01 0.4288136167965787
0.17 0 0.02 0.5829655267666396
0.17 0 0.03 0.4934204621729498
0.17 0 0.04 0.2842371970712359
0.17 0 0.05 0.2875893498132427
0.17 0 0.06 0.7362154063882329
0.17 0 0.07 0.8301970448206256
0.17 0 0.08 0.876241212589919
0.17 0 0.09 0.6264221320551622
0.17 0 0.1 0.4049129180366221
0.17 0 0.11 0.18496701251434605
0.17 0 0.12 0.24838547923905271
0.17 0 0.13 0.3094556540826197
0.17 0 0.14 0.26520103124668926
0.17 0 0.15 0.18510147356942183
0.17 0 0.16 0.20361442125955034
0.17 0 0.17 0.3170909708100606
0.17 0 0.18 0.5889281659442323
0.17 0 0.19 1.2856289897955635
0.17 0 0.2 1.2493956203258245
0.17 0 0.21 0.8097561435196312
0.17 0 0.22 0.2891210832719888
0.17 0 0.23 0.18456796281362678
0.17 0 0.24 0.13406119728432492
0.17 0 0.25 0.16911959549648367
0.17 0 0.26 0.15508339507272484
0.17 0 0.27 0.2188654964025962
0.17 0 0.28 0.21970090499301573
0.17 0 0.29 0.15659440441405395
0.17 0 0.3 0.1155008337963273
0.17 0 0.31 0.1699102118284825
0.17 0 0.32 0.3236961088778103
0.17 0 0.33 0.5821034282983547
0.17 0 0.34 1.665162557221923
0.17 0 0.35000000000000003 1.9795524238089
0.17 0 0.36 1.221921037677739
0.17 0 0.37 0.7882079021434685
0.17 0 0.38 1.5835878020113987
0.17 0 0.39 1.7885682344066962
0.17 0 0.4 2.238878665830006
0.17 0 0.41000000000000003 2.2502824688276455
0.17 0 0.42 1.4831621101882053
0.17 0 0.43 0.5272848506840042
0.17 0 0.44 0.490387464072616
0.17 0 0.45 0.6388498272837803
0.17 0 0.46 0.4002129976864742
0.17 0 0.47000000000000003 0.23149877149023082
0.17 0 0.48 0.1417506616332135
0.17 0 0.49 0.07453484184318149
0.17 0 0.5 0.027621460318886095
0.18 0 0.0 0.5789403893227085
0.18 0 0.01 0.6376844075688588
0.18 0 0.02 0.6446256875108859
0.18 0 0.03 0.5536184738473582
0.18 0 0.04 0.3877101551351514
0.18 0 0.05 0.3252134943625283
0.18 0 0.06 0.19025996702930087
0.18 0 0.07 0.21264464805603436
0.18 0 0.08 0.21511136014276555
0.18 0 0.09 0.1900409027661369
0.18 0 0.1 0.1030132287730977
0.18 0 0.11 0.15547844998376725
0.18 0 0.12 0.21971265782938265
0.18 0 0.13 0.2858994086404499
0.18 0 0.14 0.3748899436054538
0.18 0 0.15 0.5098742126952532
0.18 0 0.16 0.3495460704203791
0.18 0 0.17 0.3028037269212592
0.18 0 0.18 0.7306262599497394
0.18 0 0.19 1.1416657232718157
0.18 0 0.2 1.2495615683139105
0.18 0 0.21 1.2006001386596938
0.18 0 0.22 1.2978409331442058
0.18 0 0.23 0.5503732407154481
0.18 0 0.24 0.4996890264486942
0.18 0 0.25 0.530425702415517
0.18 0 0.26 0.42094405753652003
0.18 0 0.27 0.1823628295368678
0.18 0 0.28 0.15049315991160767
0.18 0 0.29 0.11086397875050982
0.18 0 0.3 0.07937723635525867
0.18 0 0.31 0.10119296907051177
0.18 0 0.32 0.15943247963060522
0.18 0 0.33 0.2127427523561427
0.18 0 0.34 0.22973175727612213
0.18 0 0.35000000000000003 0.4015263421534996
0.18 0 0.36 0.3887972204339545
0.18 0 0.37 0.37959067690873094
0.18 0 0.38 0.2793648932398773
0.18 0 0.39 0.37130272517729335
0.18 0 0.4 0.45293082327200124
0.18 0 0.41000000000000003 0.7625060003839131
0.18 0 0.42 0.7560003449292928
0.18 0 0.43 0.5660220011789855
0.18 0 0.44 0.24057453879704632
0.18 0 0.45 0.08685964980066668
0.18 0 0.46 0.04833928096549365
0.18 0 0.47000000000000003 0.03222034238550423
0.18 0 0.48 0.019111245937944644
0.18 0 0.49 0.008937471452556075
0.18 0 0.5 0.010539827618858045
0.19 0 0.0 0.39917808041131786
0.19 0 0.01 0.22548961079034538
0.19 0 0.02 0.17267436143044682
0.19 0 0.03 0.08097559858344452
0.19 0 0.04 0.05454915415245249
0.19 0 0.05 0.058441564118274496
0.19 0 0.06 0.0752656830406279
0.19 0 0.07 0.05763225220836225
0.19 0 0.08 0.10850796162511675
0.19 0 0.09 0.15974479071616396
0.19 0 0.1 0.16758130247200373
0.19 0 0.11 0.09780458790470196
0.19 0 0.12 0.08851692508763824
0.19 0 0.13 0.07001456541714565
0.19 0 0.14 0.08417997679098374
0.19 0 0.15 0.1226492199090224
0.19 0 0.16 0.12817315010219238
0.19 0 0.17 0.08084849990026272
0.19 0 0.18 0.040388254034393
0.19 0 0.19 0.039641147551597866
0.19 0 0.2 0.054317183159504824
0.19 0 0.21 0.118431035622457
0.19 0 0.22 0.13493707274519282
0.19 0 0.23 0.17184750398443133
0.19 0 0.24 0.12792154036712558
0.19 0 0.25 0.09623609919741316
0.19 0 0.26 0.0588975666219364
0.19 0 0.27 0.06326372573990549
0.19 0 0.28 0.044533381830635155
0.19 0 0.29 0.03031919454730678
0.19 0 0.3 0.034376846366394376
0.19 0 0.31 0.04095118765859269
0.19 0 0.32 0.0330833513341122
0.19 0 0.33 0.031505313220734105
0.19 0 0.34 0.07324039724325093
0.19 0 0.35000000000000003 0.10300610521417508
0.19 0 0.36 0.17922927725053
0.19 0 0.37 0.2870712456028165
0.19 0 0.38 0.33916009676855496
0.19 0 0.39 0.13784333649043862
0.19 0 0.4 0.1419782009698028
0.19 0 0.41000000000000003 0.18852809159960118
0.19 0 0.42 0.17778690462478794
0.19 0 0.43 0.11330212810767516
0.19 0 0.44 0.08709141259959312
0.19 0 0.45 0.041957961896181534
0.19 0 0.46 0.01977703596473161
0.19 0 0.47000000000000003 0.029803060703169123
0.19 0 0.48 0.04899084703137645
0.19 0 0.49 0.056989034894377934
0.19 0 0.5 0.04061625963748195
0.2 0 0.0 0.3135894025544246
0.2 0 0.01 0.21233827959950116
0.2 0 0.02 0.10652139892314352
0.2 0 0.03 0.08380859476251902
0.2 0 0.04 0.09645103330740533
0.2 0 0.05 0.1361791725008068
0.2 0 0.06 0.12393641431660972
0.2 0 0.07 0.21216361586234603
0.2 0 0.08 0.21285172086892676
0.2 0 0.09 0.17221426223223144
0.2 0 0.1 0.11653174970249576
0.2 0 0.11 0.12124719344298164
0.2 0 0.12 0.05557195585765883
0.2 0 0.13 0.03611232454641592
0.2 0 0.14 0.05013644144816951
0.2 0 0.15 0.06783737208171252
0.2 0 0.16 0.055453354344258965
0.2 0 0.17 0.05090939537820535
0.2 0 0.18 0.04957335690126134
0.2 0 0.19 0.023284676534502814
0.2 0 0.2 0.02697844856457585
0.2 0 0.21 0.05674375243857895
0.2 0 0.22 0.11650115001807321
0.2 0 0.23 0.09827897321217566
0.2 0 0.24 0.1332337111379279
0.2 0 0.25 0.10992716494737889
0.2 0 0.26 0.10311444321827704
0.2 0 0.27 0.1547712769648048
0.2 0 0.28 0.38422055512849734
0.2 0 0.29 0.43491552716156406
0.2 0 0.3 0.31583061338012813
0.2 0 0.31 0.27532197308260015
0.2 0 0.32 0.21722763635457534
0.2 0 0.33 0.2297800113949603
0.2 0 0.34 0.25470917741118126
0.2 0 0.35000000000000003 0.38723563603073424
0.2 0 0.36 0.3408829331632487
0.2 0 0.37 0.3964750858788607
0.2 0 0.38 0.3240864512299716
0.2 0 0.39 0.3367443529589662
0.2 0 0.4 0.2104167519285711
0.2 0 0.41000000000000003 0.15181294526011188
0.2 0 0.42 0.12422722645268133
0.2 0 0.43 0.15349651869698272
0.2 0 0.44 0.12016261385213907
0.2 0 0.45 0.059899155377474866
0.2 0 0.46 0.0364079952973281
0.2 0 0.47000000000000003 0.02036455679017576
0.2 0 0.48 0.01808130005319496
0.2 0 0.49 0.027207090433792516
0.2 0 0.5 0.06731720661220165
0.21 0 0.0 0.17278879104604197
0.21 0 0.01 0.29588679938101925
0.21 0 0.02 0.4587025491780605
0.21 0 0.03 0.3476668036548002
0.21 0 0.04 0.4711971435118647
0.21 0 0.05 0.7122526669889854
0.21 0 0.06 1.188264512085903
0.21 0 0.07 1.4702524338818876
0.21 0 0.08 2.7494613054953074
0.21 0 0.09 2.208898785458843
0.21 0 0.1 1.8841187721949268
0.21 0 0.11 1.6353655188338894
0.21 0 0.12 1.8846737342644995
0.21 0 0.13 1.3174085618986162
0.21 0 0.14 0.8888205623279233
0.21 0 0.15 0.6543339002463626
0.21 0 0.16 0.567597010151473
0.21 0 0.17 0.585852960992138
0.21 0 0.18 0.41672283332761306
0.21 0 0.19 0.33831967923290257
0.21 0 0.2 0.21674443846300245
0.21 0 0.21 0.21249177456401633
0.21 0 0.22 0.21916693709995808
0.21 0 0.23 0.46748476291511126
0.21 0 0.24 0.46350386561449375
0.21 0 0.25 0.37344748058999255
0.21 0 0.26 0.34239724027394813
0.21 0 0.27 0.5510030071738606
0.21 0 0.28 0.5712977466673554
0.21 0 0.29 0.6266059876537525
0.21 0 0.3 0.6606186507960281
0.21 0 0.31 0.2925690776334221
0.21 0 0.32 0.13070633718596383
0.21 0 0.33 0.12813107674575588
0.21 0 0.34 0.23204983545699484
0.21 0 0.35000000000000003 0.2169274152621839
0.21 0 0.36 0.376048154659693
0.21 0 0.37 0.4623964727340965
0.21 0 0.38 0.3300110941265246
0.21 0 0.39 0.14097364257627618
0.21 0 0.4 0.1343716764998594
0.21 0 0.41000000000000003 0.08367710053369797
0.21 0 0.42 0.058358470915680596
0.21 0 0.43 0.08826630110413794
0.21 0 0.44 0.1934652682853034
0.21 0 0.45 0.24671481788948954
0.21 0 0.46 0.22021825191779473
0.21 0 0.47000000000000003 0.21350168775437475
0.21 0 0.48 0.10395971836521227
0.21 0 0.49 0.07978753914523688
0.21 0 0.5 0.09278226392941133
0.22 0 0.0 1.5554911169133312
0.22 0 0.01 2.2356136789962324
0.22 0 0.02 2.4069967157237824
0.22 0 0.03 3.884302772174403
0.22 0 0.04 4.427970423226805
0.22 0 0.05 4.411525449303485
0.22 0 0.06 4.381165335406661
0.22 0 0.07 8.437573036627896
0.22 0 0.08 5.817329113180031
0.22 0 0.09 3.678586122206078
0.22 0 0.1 2.323974969066613
0.22 0 0.11 1.526026372685568
0.22 0 0.12 0.5958221911108594
0.22 0 0.13 0.5375639504542117
0.22 0 0.14 0.5949318525466066
0.22 0 0.15 0.34714380613863105
0.22 0 0.16 0.23848694777732624
0.22 0 0.17 0.27057161228904403
0.22 0 0.18 0.2957729910109983
0.22 0 0.19 0.19702049430866142
0.22 0 0.2 0.2774518263409927
0.22 0 0.21 0.24319982237962146
0.22 0 0.22 0.19139748567110615
0.22 0 0.23 0.17539561398428866
0.22 0 0.24 0.3684040282529024
0.22 0 0.25 0.3585632454687094
0.22 0 0.26 0.311809212052116
0.22 0 0.27 0.2661242644561615
0.22 0 0.28 0.2526949485100386
0.22 0 0.29 0.23250910765806848
0.22 0 0.3 0.26693520675765947
0.22 0 0.31 0.2760300225211809
0.22 0 0.32 0.13622755650909407
0.22 0 0.33 0.07748835465004568
0.22 0 0.34 0.05213438190162654
0.22 0 0.35000000000000003 0.07776373737527895
0.22 0 0.36 0.08857265733677704
0.22 0 0.37 0.10225280679863033
0.22 0 0.38 0.0673416680713144
0.22 0 0.39 0.06725499208633103
0.22 0 0.4 0.05577354008393348
0.22 0 0.41000000000000003 0.07060821351767284
0.22 0 0.42 0.10774565090016477
0.22 0 0.43 0.15430317068661326
0.22 0 0.44 0.16679307570049132
0.22 0 0.45 0.26212439821788625
0.22 0 0.46 0.5746638735164498
0.22 0 0.47000000000000003 0.4587938221311071
0.22 0 0.48 0.2998947799559678
0.22 0 0.49 0.18983039034828006
0.22 0 0.5 0.1545995391350759
0.23 0 0.0 0.2745860925757433
0.23 0 0.01 0.27954507877052404
0.23 0 0.02 0.27267775786417864
0.23 0 0.03 0.28117890089596703
0.23 0 0.04 0.5402153270411743
0.23 0 0.05 0.5011286668703515
0.23 0 0.06 0.4347817959222818
0.23 0 0.07 0.3714521658510496
0.23 0 0.08 0.5525087633215036
0.23 0 0.09 0.4396920264983658
0.23 0 0.1 0.35762724268942203
0.23 0 0.11 0.20370326273793776
0.23 0 0.12 0.171103513467155
0.23 0 0.13 0.22026788367570874
0.23 0 0.14 0.5203830886653885
0.23 0 0.15 1.396386755964336
0.23 0 0.16 2.218840436082669
0.23 0 0.17 2.0122419956383553
0.23 0 0.18 1.166361615326453
0.23 0 0.19 1.2831150466189023
0.23 0 0.2 1.071452058676167
0.23 0 0.21 0.9904401614399142
0.23 0 0.22 0.8036968820639872
0.23 0 0.23 1.0713480796875188
0.23 0 0.24 0.8243100730072674
0.23 0 0.25 1.132325424904369
0.23 0 0.26 1.7587078816988215
0.23 0 0.27 1.5608715554397181
0.23 0 0.28 0.6462798808587896
0.23 0 0.29 0.3968074510220299
0.23 0 0.3 0.27218904580661757
0.23 0 0.31 0.11363026063991018
0.23 0 0.32 0.08857305236690236
0.23 0 0.33 0.07616296680171468
0.23 0 0.34 0.05039906109287755
0.23 0 0.35000000000000003 0.026666554953354925
0.23 0 0.36 0.04994413795238874
0.23 0 0.37 0.0669255777913013
0.23 0 0.38 0.08468137302372603
0.23 0 0.39 0.10972142023189237
0.23 0 0.4 0.18100171359781878
0.23 0 0.41000000000000003 0.13296398490613426
0.23 0 0.42 0.12535794806550338
0.23 0 0.43 0.15998986107422583
0.23 0 0.44 0.1367239441341903
0.23 0 0.45 0.10917651955264847
0.23 0 0.46 0.13299431920404334
0.23 0 0.47000000000000003 0.2534550021049004
0.23 0 0.48 0.2759079648875614
0.23 0 0.49 0.350027316764009
0.23 0 0.5 0.2637553249941668
0.24 0 0.0 0.45508301507184945
0.24 0 0.01 0.41714465673857387
0.24 0 0.02 0.35422160301800254
0.24 0 0.03 0.4225054762517053
0.24 0 0.04 0.22719009283330563
0.24 0 0.05 0.15819791121724314
0.24 0 0.06 0.18361337337218675
0.24 0 0.07 0.37677726909582715
0.24 0 0.08 0.42027426266473467
0.24 0 0.09 1.0290876098805823
0.24 0 0.1 2.1410449918718912
0.24 0 0.11 2.420197673778138
0.24 0 0.12 1.917776545541105
0.24 0 0.13 2.9051190425920903
0.24 0 0.14 3.3609438097334405
0.24 0 0.15 2.9092760132048903
0.24 0 0.16 4.561520298914401
0.24 0 0.17 5.197698359690986
0.24 0 0.18 3.8672588705142763
0.24 0 0.19 3.110890679430737
0.24 0 0.2 6.654379457115055
0.24 0 0.21 6.907406377327003
0.24 0 0.22 5.656288174077947
0.24 0 0.23 2.5388683521722157
0.24 0 0.24 1.0184211350682713
0.24 0 0.25 0.3218048710611989
0.24 0 0.26 0.3068269773113072
0.24 0 0.27 0.41113279024064514
0.24 0 0.28 0.3439359546619694
0.24 0 0.29 0.1455064228498411
0.24 0 0.3 0.04990906214986681
0.24 0 0.31 0.030024709846936958
0.24 0 0.32 0.02850352107123435
0.24 0 0.33 0.048928331652299324
0.24 0 0.34 0.0485618482238693
0.24 0 0.35000000000000003 0.04164667516749429
0.24 0 0.36 0.01819642678749222
0.24 0 0.37 0.01568507878690976
0.24 0 0.38 0.02263581824596346
0.24 0 0.39 0.05462363676959176
0.24 0 0.4 0.061640067192094534
0.24 0 0.41000000000000003 0.06840016084522674
0.24 0 0.42 0.06596822672507004
0.24 0 0.43 0.04574959005631559
0.24 0 0.44 0.03839022809349142
0.24 0 0.45 0.05442871037951705
0.24 0 0.46 0.07695541365275184
0.24 0 0.47000000000000003 0.0578598648879452
0.24 0 0.48 0.092569951074799
0.24 0 0.49 0.11844762241408544
0.24 0 0.5 0.11047931947716276
0.25 0 0.0 0.030996225929988675
0.25 0 0.01 0.04312034700044564
0.25 0 0.02 0.04775118788560031
0.25 0 0.03 0.04218458961438737
0.25 0 0.04 0.0520823659079345
0.25 0 0.05 0.04641018031141947
0.25 0 0.06 0.07848740922845295
0.25 0 0.07 0.1068005935109155
0.25 0 0.08 0.14212870266123298
0.25 0 0.09 0.10447286442736733
0.25 0 0.1 0.12137502156140259
0.25 0 0.11 0.1713187743668443
0.25 0 0.12 0.37185006613910027
0.25 0 0.13 0.6437782119568433
0.25 0 0.14 0.9345063207097322
0.25 0 0.15 1.5267110294086472
0.25 0 0.16 1.9717391950216288
0.25 0 0.17 2.4852858820408765
0.25 0 0.18 2.780413401207321
0.25 0 0.19 3.8803123971400164
0.25 0 0.2 2.086234445325174
0.25 0 0.21 1.4593000376867302
0.25 0 0.22 1.0622193637832091
0.25 0 0.23 0.8053248845136265
0.25 0 0.24 0.35072908918139595
0.25 0 0.25 0.365906317244689
0.25 0 0.26 0.38297044560605464
0.25 0 0.27 0.276092133072896
0.25 0 0.28 0.2104881814150101
0.25 0 0.29 0.1685914118706996
0.25 0 0.3 0.06391765058642761
0.25 0 0.31 0.018068435384559926
0.25 0 0.32 0.018719831943902754
0.25 0 0.33 0.02280875282042948
0.25 0 0.34 0.03285383295241891
0.25 0 0.35000000000000003 0.0449692607695665
0.25 0 0.36 0.07152782393742578
0.25 0 0.37 0.03537082557575624
0.25 0 0.38 0.02862161790836012
0.25 0 0.39 0.03719451170653993
0.25 0 0.4 0.04761226374606756
0.25 0 0.41000000000000003 0.03056315073644499
0.25 0 0.42 0.024625209324122963
0.25 0 0.43 0.023627285895378033
0.25 0 0.44 0.026823981640432905
0.25 0 0.45 0.06471657990622263
0.25 0 0.46 0.14613820610144176
0.25 0 0.47000000000000003 0.1987851925633708
0.25 0 0.48 0.10899475670656997
0.25 0 0.49 0.09568978857085415
0.25 0 0.5 0.09518212472042771
0.26 0 0.0 0.015561831086879344
0.26 0 0.01 0.01600459739382432
0.26 0 0.02 0.02044551470828645
0.26 0 0.03 0.025387848392143073
0.26 0 0.04 0.01114333397885926
0.26 0 0.05 0.009047137167870345
0.26 0 0.06 0.008665632947408828
0.26 0 0.07 0.008769700354333103
0.26 0 0.08 0.00718333121520135
0.26 0 0.09 0.014891315410516005
0.26 0 0.1 0.018808402997568495
0.26 0 0.11 0.02379776999015061
0.26 0 0.12 0.05915284777081238
0.26 0 0.13 0.1903916379613411
0.26 0 0.14 0.23876993791238862
0.26 0 0.15 0.18636914035126664
0.26 0 0.16 0.20106319094794092
0.26 0 0.17 0.15122831282317947
0.26 0 0.18 0.20207798182279682
0.26 0 0.19 0.4051718142988195
0.26 0 0.2 0.9059879737964425
0.26 0 0.21 0.6823316516278131
0.26 0 0.22 0.739822681040273
0.26 0 0.23 0.729705017665015
0.26 0 0.24 0.7178461259391766
0.26 0 0.25 0.3833737365189466
0.26 0 0.26 0.18995555077275922
0.26 0 0.27 0.07444952973651962
0.26 0 0.28 0.04251642536043995
0.26 0 0.29 0.050221673493756135
0.26 0 0.3 0.07798527824354652
0.26 0 0.31 0.1237732696613696
0.26 0 0.32 0.09388757219989838
0.26 0 0.33 0.08128807691551482
0.26 0 0.34 0.08083690615692843
0.26 0 0.35000000000000003 0.15288837143639442
0.26 0 0.36 0.15029693503099642
0.26 0 0.37 0.1638906070686151
0.26 0 0.38 0.1134801537323981
0.26 0 0.39 0.07180741011389181
0.26 0 0.4 0.049055898015626834
0.26 0 0.41000000000000003 0.08990274382715828
0.26 0 0.42 0.14079769590806832
0.26 0 0.43 0.11191650603834613
0.26 0 0.44 0.10745606386291863
0.26 0 0.45 0.09919785208462897
0.26 0 0.46 0.07442193233830025
0.26 0 0.47000000000000003 0.057507980563151456
0.26 0 0.48 0.11375613863512941
0.26 0 0.49 0.10304027113481544
0.26 0 0.5 0.09177930989899166
0.27 0 0.0 0.07733859603347412
0.27 0 0.01 0.04121433012821174
0.27 0 0.02 0.03776845769927523
0.27 0 0.03 0.05211670177695264
0.27 0 0.04 0.09897064362656685
0.27 0 0.05 0.09030166170899565
0.27 0 0.06 0.09107709943962668
0.27 0 0.07 0.06565314467503025
0.27 0 0.08 0.08244457345900796
0.27 0 0.09 0.09372562163387489
0.27 0 0.1 0.14164035273032613
0.27 0 0.11 0.17264553067515814
0.27 0 0.12 0.1922799223484635
0.27 0 0.13 0.1760364161842343
0.27 0 0.14 0.23010413421745562
0.27 0 0.15 0.45372384410730043
0.27 0 0.16 0.5204358789264316
0.27 0 0.17 0.63864924318404
0.27 0 0.18 0.7558738716545552
0.27 0 0.19 0.9190541380558553
0.27 0 0.2 0.5599804342426765
0.27 0 0.21 0.7231035337050894
0.27 0 0.22 0.6648479671260894
0.27 0 0.23 0.43056358482209395
0.27 0 0.24 0.24343603198554145
0.27 0 0.25 0.2640729307957523
0.27 0 0.26 0.13854809286765526
0.27 0 0.27 0.05463514558261864
0.27 0 0.28 0.038348675394816005
0.27 0 0.29 0.028376599028072054
0.27 0 0.3 0.020321348383908824
0.27 0 0.31 0.02233150894192508
0.27 0 0.32 0.039779425766690746
0.27 0 0.33 0.022753627508694387
0.27 0 0.34 0.01636090850130242
0.27 0 0.35000000000000003 0.017805573281839997
0.27 0 0.36 0.02989504162241948
0.27 0 0.37 0.027143014795359972
0.27 0 0.38 0.034353420162884986
0.27 0 0.39 0.024759593257671717
0.27 0 0.4 0.015502880995046365
0.27 0 0.41000000000000003 0.01709880814695584
0.27 0 0.42 0.04467057311871784
0.27 0 0.43 0.09698317845678299
0.27 0 0.44 0.09859412348088949
0.27 0 0.45 0.08599498277170138
0.27 0 0.46 0.06095575023290135
0.27 0 0.47000000000000003 0.08160462885995035
0.27 0 0.48 0.11095440567502995
0.27 0 0.49 0.1834874052556236
0.27 0 0.5 0.1285552537417285
0.28 0 0.0 0.05039383262409799
0.28 0 0.01 0.06432734481693825
0.28 0 0.02 0.09706678970663987
0.28 0 0.03 0.1098182542330296
0.28 0 0.04 0.06769635524936349
0.28 0 0.05 0.07555481335789785
0.28 0 0.06 0.03307005169593679
0.28 0 0.07 0.011956883447708247
0.28 0 0.08 0.008455384480125819
0.28 0 0.09 0.022646723719063795
0.28 0 0.1 0.04664793542309626
0.28 0 0.11 0.109243795738595
0.28 0 0.12 0.19846221875371178
0.28 0 0.13 0.14700002014134153
0.28 0 0.14 0.08611598591081253
0.28 0 0.15 0.10227444415674027
0.28 0 0.16 0.17888184118293365
0.28 0 0.17 0.12244005398398443
0.28 0 0.18 0.09005642654235285
0.28 0 0.19 0.0581591050916081
0.28 0 0.2 0.06521495429133979
0.28 0 0.21 0.08758586694504969
0.28 0 0.22 0.2414145448966412
0.28 0 0.23 0.30125020210113607
0.28 0 0.24 0.2269191233923609
0.28 0 0.25 0.11331284224291395
0.28 0 0.26 0.08269204769972505
0.28 0 0.27 0.07580117511209082
0.28 0 0.28 0.06964031000311117
0.28 0 0.29 0.05912437616794211
0.28 0 0.3 0.04347154173373534
0.28 0 0.31 0.04354539577707331
0.28 0 0.32 0.03290184555256175
0.28 0 0.33 0.042762963174230305
0.28 0 0.34 0.04421126514578138
0.28 0 0.35000000000000003 0.039724148295963546
0.28 0 0.36 0.021221788737734205
0.28 0 0.37 0.02828801700824128
0.28 0 0.38 0.0337808770607152
0.28 0 0.39 0.03831861537036797
0.28 0 0.4 0.048830561699703796
0.28 0 0.41000000000000003 0.0755574824918929
0.28 0 0.42 0.06016492726540929
0.28 0 0.43 0.04653779490696299
0.28 0 0.44 0.07378439435856893
0.28 0 0.45 0.06692140550280566
0.28 0 0.46 0.04900586900685678
0.28 0 0.47000000000000003 0.04628522878934505
0.28 0 0.48 0.07438249962210722
0.28 0 0.49 0.05157255747566871
0.28 0 0.5 0.061937756771161076
0.29 0 0.0 0.007422487100042051
0.29 0 0.01 0.007292607012425712
0.29 0 0.02 0.010713970258114224
0.29 0 0.03 0.010356710799126279
0.29 0 0.04 0.011309284060775651
0.29 0 0.05 0.009192838008631908
0.29 0 0.06 0.01366372435060015
0.29 0 0.07 0.018665580867926978
0.29 0 0.08 0.03293803882025987
0.29 0 0.09 0.033957543617917973
0.29 0 0.1 0.04485242680295329
0.29 0 0.11 0.0550583211244373
0.29 0 0.12 0.04853063773825395
0.29 0 0.13 0.03376180306230209
0.29 0 0.14 0.026705959462358132
0.29 0 0.15 0.020715189130131845
0.29 0 0.16 0.011091441202756937
0.29 0 0.17 0.014348543859404784
0.29 0 0.18 0.017253005108756794
0.29 0 0.19 0.015368318977149846
0.29 0 0.2 0.009758520406311246
0.29 0 0.21 0.01585147849035106
0.29 0 0.22 0.016039499300281097
0.29 0 0.23 0.019525809632304717
0.29 0 0.24 0.032229020147822626
0.29 0 0.25 0.05259473324906809
0.29 0 0.26 0.04108561071146133
0.29 0 0.27 0.054401884371032085
0.29 0 0.28 0.12383575102228776
0.29 0 0.29 0.12215754264272476
0.29 0 0.3 0.0871186516581183
0.29 0 0.31 0.06429503397922078
0.29 0 0.32 0.06044409775871151
0.29 0 0.33 0.043988635461908863
0.29 0 0.34 0.08951116285958075
0.29 0 0.35000000000000003 0.11991854569623715
0.29 0 0.36 0.09266125085045133
0.29 0 0.37 0.04890173544764246
0.29 0 0.38 0.06502502220826727
0.29 0 0.39 0.08715656676117438
0.29 0 0.4 0.11594229421841969
0.29 0 0.41000000000000003 0.10659570717771653
0.29 0 0.42 0.05803406013680126
0.29 0 0.43 0.030598517243544676
0.29 0 0.44 0.02905395194797485
0.29 0 0.45 0.08035224493895772
0.29 0 0.46 0.20395660180457023
0.29 0 0.47000000000000003 0.38997901552349606
0.29 0 0.48 0.23397572002437791
0.29 0 0.49 0.147868911997803
0.29 0 0.5 0.07980931235630861
0.3 0 0.0 0.005041666335816496
0.3 0 0.01 0.010691601090703313
0.3 0 0.02 0.022238013032345346
0.3 0 0.03 0.02988471846459121
0.3 0 0.04 0.02540567174101251
0.3 0 0.05 0.0296787758077012
0.3 0 0.06 0.0165156180268743
0.3 0 0.07 0.020342241454601295
0.3 0 0.08 0.03788582238576492
0.3 0 0.09 0.04897505889877207
0.3 0 0.1 0.02424858977628738
0.3 0 0.11 0.019752918561738872
0.3 0 0.12 0.02093991792796268
0.3 0 0.13 0.01703291139915978
0.3 0 0.14 0.01595594601429541
0.3 0 0.15 0.011667268905644915
0.3 0 0.16 0.006252113556830978
0.3 0 0.17 0.002682008388364933
0.3 0 0.18 0.0032454576224345984
0.3 0 0.19 0.0035880922258019086
0.3 0 0.2 0.004604654693789688
0.3 0 0.21 0.004201848663386491
0.3 0 0.22 0.006499351876132477
0.3 0 0.23 0.010189652196723584
0.3 0 0.24 0.025388483632359203
0.3 0 0.25 0.05049852185476236
0.3 0 0.26 0.07706207855491941
0.3 0 0.27 0.07014615519890574
0.3 0 0.28 0.04146376412432103
0.3 0 0.29 0.03668160574182156
0.3 0 0.3 0.04642565760004351
0.3 0 0.31 0.07468496247782372
0.3 0 0.32 0.0718685626652386
0.3 0 0.33 0.10785725515662707
0.3 0 0.34 0.08424107499297102
0.3 0 0.35000000000000003 0.05303172174275825
0.3 0 0.36 0.031563323290861006
0.3 0 0.37 0.039335566384911
0.3 0 0.38 0.03112327040239974
0.3 0 0.39 0.041238683627262795
0.3 0 0.4 0.11260625689948779
0.3 0 0.41000000000000003 0.2442658048821438
0.3 0 0.42 0.23480860688731767
0.3 0 0.43 0.2045831605833237
0.3 0 0.44 0.1982713101655891
0.3 0 0.45 0.1030741156832261
0.3 0 0.46 0.12672703391040957
0.3 0 0.47000000000000003 0.22140280490772934
0.3 0 0.48 0.2684181616955744
0.3 0 0.49 0.11698952039502375
0.3 0 0.5 0.11008855342134996
#STOP
