#MEDIUM_PROPERTIES_DISTRIBUTED
$MSH_TYPE
	 GROUNDWATER_FLOW	
$MMP_TYPE
	 PERMEABILITY	
$DIS_TYPE
	 NEAREST_VALUE	
;hj
$CONVERSION_FACTOR
2e-8;2e-6;2e-13
$DATA
0.0 0 0.0 2.2979928315171336
0.0 0 0.01 1.8760478608837678
0.0 0 0.02 1.265497474360837
0.0 0 0.03 1.1625125287841371
0.0 0 0.04 0.9707340152296158
0.0 0 0.05 0.5489953854095887
0.0 0 0.06 0.36004368700669825
0.0 0 0.07 0.3096945140811934
0.0 0 0.08 0.23276591098720478
0.0 0 0.09 0.16141682892017256
0.0 0 0.1 0.1441670405890243
0.0 0 0.11 0.143309389615424
0.0 0 0.12 0.11152714330848294
0.0 0 0.13 0.0882928934081333
0.0 0 0.14 0.10655079196933986
0.0 0 0.15 0.135876682319873
0.0 0 0.16 0.13703816343770914
0.0 0 0.17 0.15596448742152996
0.0 0 0.18 0.1788291390173608
0.0 0 0.19 0.15132990956530154
0.0 0 0.2 0.1408422783425264
0.0 0 0.21 0.16466569582161056
0.0 0 0.22 0.18625387366986731
0.0 0 0.23 0.2437307864200476
0.0 0 0.24 0.30916869571287686
0.0 0 0.25 0.26990763853817307
0.0 0 0.26 0.2864537579533838
0.0 0 0.27 0.4129413390959145
0.0 0 0.28 0.43931070276413503
0.0 0 0.29 0.5419108739849737
0.0 0 0.3 1.0102448905730366
0.0 0 0.31 1.0431317524455634
0.0 0 0.32 0.6587472506656838
0.0 0 0.33 0.6422852609889135
0.0 0 0.34 0.627063212208928
0.0 0 0.35000000000000003 0.4491940442326829
0.0 0 0.36 0.4588248699360316
0.0 0 0.37 0.5323119516878836
0.0 0 0.38 0.3929670120628859
0.0 0 0.39 0.2616827735510588
0.0 0 0.4 0.19932469681154702
0.0 0 0.41000000000000003 0.157869392225566
0.0 0 0.42 0.15105126582374898
0.0 0 0.43 0.1530858362173087
0.0 0 0.44 0.12815054805971388
0.0 0 0.45 0.10174610914977328
0.0 0 0.46 0.07612873080073652
0.0 0 0.47000000000000003 0.050393069003310954
0.0 0 0.48 0.04225542151674483
0.0 0 0.49 0.054101622472568105
0.0 0 0.5 0.07536916294801935
0.01 0 0.0 0.5780631349927191
0.01 0 0.01 0.8388034366811654
0.01 0 0.02 0.8856410362944823
0.01 0 0.03 1.0879275917645344
0.01 0 0.04 1.2364027346206634
0.01 0 0.05 0.7814073377676665
0.01 0 0.06 0.4296273747192355
0.01 0 0.07 0.240586501884886
0.01 0 0.08 0.11672903887007277
0.01 0 0.09 0.07704441558293168
0.01 0 0.1 0.05816358255856781
0.01 0 0.11 0.02878443932499951
0.01 0 0.12 0.016135430049915227
0.01 0 0.13 0.012409868648316003
0.01 0 0.14 0.007146005737635209
0.01 0 0.15 0.005138168055614913
0.01 0 0.16 0.007610702087393962
0.01 0 0.17 0.009594741641794672
0.01 0 0.18 0.008261058378417778
0.01 0 0.19 0.009457129594294929
0.01 0 0.2 0.011288792785367688
0.01 0 0.21 0.010122021031439195
0.01 0 0.22 0.01084982710106035
0.01 0 0.23 0.01536386983873856
0.01 0 0.24 0.019612454789442107
0.01 0 0.25 0.02100809597599348
0.01 0 0.26 0.02214677627850995
0.01 0 0.27 0.025803702044674286
0.01 0 0.28 0.03288443185955991
0.01 0 0.29 0.04332008715604897
0.01 0 0.3 0.061997872824835085
0.01 0 0.31 0.09187617404797778
0.01 0 0.32 0.12184075223858981
0.01 0 0.33 0.14223025299669015
0.01 0 0.34 0.14729721886834204
0.01 0 0.35000000000000003 0.15342963150928754
0.01 0 0.36 0.17692481606324945
0.01 0 0.37 0.16160335856469685
0.01 0 0.38 0.11946699164027201
0.01 0 0.39 0.12110574892706728
0.01 0 0.4 0.1223110823000297
0.01 0 0.41000000000000003 0.08306427041067727
0.01 0 0.42 0.07855521377417019
0.01 0 0.43 0.10501660539142013
0.01 0 0.44 0.0850650511205133
0.01 0 0.45 0.06661278691262722
0.01 0 0.46 0.08767202901190592
0.01 0 0.47000000000000003 0.09235869563720171
0.01 0 0.48 0.07553227043173362
0.01 0 0.49 0.08526612205092263
0.01 0 0.5 0.0867124258685149
0.02 0 0.0 0.8420912652883624
0.02 0 0.01 0.8015082886345177
0.02 0 0.02 1.1016867134425383
0.02 0 0.03 1.3592881755491852
0.02 0 0.04 1.12794602879253
0.02 0 0.05 0.9864810741120263
0.02 0 0.06 1.001127416345285
0.02 0 0.07 0.8311543544420644
0.02 0 0.08 0.5601775406484955
0.02 0 0.09 0.4199732788802378
0.02 0 0.1 0.3329053727071425
0.02 0 0.11 0.20353923158547685
0.02 0 0.12 0.12067512073108287
0.02 0 0.13 0.09999774315748282
0.02 0 0.14 0.08868379919925683
0.02 0 0.15 0.07317521567767281
0.02 0 0.16 0.07041981722956656
0.02 0 0.17 0.06705242168365415
0.02 0 0.18 0.06091966898313021
0.02 0 0.19 0.06932292670173512
0.02 0 0.2 0.07948734269473086
0.02 0 0.21 0.08921397099957905
0.02 0 0.22 0.13005364844144818
0.02 0 0.23 0.14063634087816304
0.02 0 0.24 0.08978062850004147
0.02 0 0.25 0.07876077681546709
0.02 0 0.26 0.08191051336165492
0.02 0 0.27 0.05514300062506791
0.02 0 0.28 0.0498010876337345
0.02 0 0.29 0.0694579082279258
0.02 0 0.3 0.0573123889709164
0.02 0 0.31 0.03919735379941379
0.02 0 0.32 0.04560975368551304
0.02 0 0.33 0.0556553962278981
0.02 0 0.34 0.06462151246587947
0.02 0 0.35000000000000003 0.1037784784013573
0.02 0 0.36 0.1518007185794485
0.02 0 0.37 0.156674583446096
0.02 0 0.38 0.14825472776282303
0.02 0 0.39 0.12281340913548688
0.02 0 0.4 0.10348746610369326
0.02 0 0.41000000000000003 0.11748487439192075
0.02 0 0.42 0.124697581251746
0.02 0 0.43 0.1007823359113876
0.02 0 0.44 0.08706025338019932
0.02 0 0.45 0.07729564762464067
0.02 0 0.46 0.05943355932875707
0.02 0 0.47000000000000003 0.055781212978455674
0.02 0 0.48 0.07966874026648715
0.02 0 0.49 0.11454580769079657
0.02 0 0.5 0.1127065561113597
0.03 0 0.0 0.08167181482176528
0.03 0 0.01 0.11261049672484422
0.03 0 0.02 0.19653719507317152
0.03 0 0.03 0.27959054682483936
0.03 0 0.04 0.2884008115180022
0.03 0 0.05 0.32890457299050696
0.03 0 0.06 0.32158481296846164
0.03 0 0.07 0.2914369067377879
0.03 0 0.08 0.44493365140694624
0.03 0 0.09 0.6328079503459453
0.03 0 0.1 0.5044913296848472
0.03 0 0.11 0.49872216119994706
0.03 0 0.12 0.5909660928304706
0.03 0 0.13 0.451458537033073
0.03 0 0.14 0.4375884065189225
0.03 0 0.15 0.7477771661727676
0.03 0 0.16 0.9468819404116173
0.03 0 0.17 0.8426994180946734
0.03 0 0.18 0.8721881072425585
0.03 0 0.19 0.8536104517619241
0.03 0 0.2 0.72811624832611
0.03 0 0.21 0.7247356064892125
0.03 0 0.22 0.7959166576519681
0.03 0 0.23 0.8006305244862064
0.03 0 0.24 0.6705274861885212
0.03 0 0.25 0.448862026707223
0.03 0 0.26 0.2902624763045528
0.03 0 0.27 0.21093075938265568
0.03 0 0.28 0.15657105422759598
0.03 0 0.29 0.11184834798822113
0.03 0 0.3 0.081498613554762
0.03 0 0.31 0.06400761410920713
0.03 0 0.32 0.04897092256389276
0.03 0 0.33 0.03440122916611812
0.03 0 0.34 0.03266986318925891
0.03 0 0.35000000000000003 0.046092052232016185
0.03 0 0.36 0.05276705694085804
0.03 0 0.37 0.05427869618411977
0.03 0 0.38 0.08780905154936905
0.03 0 0.39 0.12715319144591344
0.03 0 0.4 0.11810906238867554
0.03 0 0.41000000000000003 0.15512650717097673
0.03 0 0.42 0.2418891203692927
0.03 0 0.43 0.22058781577691597
0.03 0 0.44 0.20504274197794478
0.03 0 0.45 0.25563735379433816
0.03 0 0.46 0.24469552811404915
0.03 0 0.47000000000000003 0.22933474956451547
0.03 0 0.48 0.26339194408780886
0.03 0 0.49 0.2404183797578958
0.03 0 0.5 0.2196134777585022
0.04 0 0.0 0.030266279143850584
0.04 0 0.01 0.04916348924709723
0.04 0 0.02 0.08046121052053186
0.04 0 0.03 0.1034177679293885
0.04 0 0.04 0.13904218883081032
0.04 0 0.05 0.21309802871665556
0.04 0 0.06 0.2923387771514672
0.04 0 0.07 0.33454229465002355
0.04 0 0.08 0.40559625551073436
0.04 0 0.09 0.523227246371154
0.04 0 0.1 0.5616940001462605
0.04 0 0.11 0.5789684019066602
0.04 0 0.12 0.7034008436435021
0.04 0 0.13 0.8660964082821111
0.04 0 0.14 1.0821013832476603
0.04 0 0.15 1.3406677770358955
0.04 0 0.16 1.347560263875383
0.04 0 0.17 1.45077208630833
0.04 0 0.18 1.8632443451687868
0.04 0 0.19 1.8207960947375905
0.04 0 0.2 1.843913999183035
0.04 0 0.21 2.7627546359702526
0.04 0 0.22 2.7645922814474346
0.04 0 0.23 1.828377578082563
0.04 0 0.24 2.0405979859915675
0.04 0 0.25 2.566417705662773
0.04 0 0.26 2.1833805156694828
0.04 0 0.27 2.6366514577511864
0.04 0 0.28 3.9542687973063804
0.04 0 0.29 3.320269154202343
0.04 0 0.3 2.4058427383312364
0.04 0 0.31 2.181422502868959
0.04 0 0.32 1.7459511083779502
0.04 0 0.33 1.4950512648156282
0.04 0 0.34 1.4836684281220573
0.04 0 0.35000000000000003 1.1317506296330475
0.04 0 0.36 0.7905039777174465
0.04 0 0.37 0.5977558099390008
0.04 0 0.38 0.3826039649989238
0.04 0 0.39 0.2970235142762374
0.04 0 0.4 0.37397216323493293
0.04 0 0.41000000000000003 0.4234485259559354
0.04 0 0.42 0.345111240069789
0.04 0 0.43 0.3010765486752979
0.04 0 0.44 0.26583363753535794
0.04 0 0.45 0.18958392610569066
0.04 0 0.46 0.14860284044688393
0.04 0 0.47000000000000003 0.172206454210472
0.04 0 0.48 0.20301188293280556
0.04 0 0.49 0.15905801536606315
0.04 0 0.5 0.1176896628070079
0.05 0 0.0 0.09413820936849392
0.05 0 0.01 0.1888757429893904
0.05 0 0.02 0.26476297454229936
0.05 0 0.03 0.35374955188196017
0.05 0 0.04 0.6043413626319106
0.05 0 0.05 0.7482404172528718
0.05 0 0.06 0.9508137572419444
0.05 0 0.07 2.244426743277641
0.05 0 0.08 4.014364176845553
0.05 0 0.09 3.8618244684704814
0.05 0 0.1 4.770009251402579
0.05 0 0.11 6.152071163482394
0.05 0 0.12 5.298650200003297
0.05 0 0.13 6.1875012427926
0.05 0 0.14 10.81067010289333
0.05 0 0.15 14.242841136556788
0.05 0 0.16 15.01416478297284
0.05 0 0.17 15.869744907115585
0.05 0 0.18 15.074967756530146
0.05 0 0.19 15.00385778851505
0.05 0 0.2 16.649457801177736
0.05 0 0.21 17.318304990906544
0.05 0 0.22 17.45588855368467
0.05 0 0.23 15.807870388161822
0.05 0 0.24 10.903618176320233
0.05 0 0.25 7.38888323081091
0.05 0 0.26 6.6724845763091025
0.05 0 0.27 7.098231767002921
0.05 0 0.28 6.953360459888581
0.05 0 0.29 6.6912975177944745
0.05 0 0.3 7.45815509673383
0.05 0 0.31 7.27758503881272
0.05 0 0.32 5.21857255092125
0.05 0 0.33 4.781117101027728
0.05 0 0.34 5.757397486564038
0.05 0 0.35000000000000003 4.359764441324665
0.05 0 0.36 2.6672708132402825
0.05 0 0.37 2.2953056443984923
0.05 0 0.38 1.5460907390159175
0.05 0 0.39 0.7525848117253602
0.05 0 0.4 0.5566303597279232
0.05 0 0.41000000000000003 0.4633243856801339
0.05 0 0.42 0.28982995444161264
0.05 0 0.43 0.22211557715446215
0.05 0 0.44 0.1916321104445028
0.05 0 0.45 0.1436985964747773
0.05 0 0.46 0.1414500011280033
0.05 0 0.47000000000000003 0.14960562017564294
0.05 0 0.48 0.12388152150086415
0.05 0 0.49 0.14066472313791764
0.05 0 0.5 0.19353554810027152
0.06 0 0.0 1.1797782707423936
0.06 0 0.01 1.725500702587981
0.06 0 0.02 2.247040585731083
0.06 0 0.03 2.940629940280522
0.06 0 0.04 4.302414840544625
0.06 0 0.05 6.416098505882043
0.06 0 0.06 8.725584335711861
0.06 0 0.07 11.922215695175144
0.06 0 0.08 16.29880082660952
0.06 0 0.09 19.25133129846842
0.06 0 0.1 20.136121709175043
0.06 0 0.11 18.632306082579145
0.06 0 0.12 16.00637646316874
0.06 0 0.13 15.382510240370403
0.06 0 0.14 12.855436804405038
0.06 0 0.15 8.225805453847242
0.06 0 0.16 7.271993084902604
0.06 0 0.17 8.161861573126751
0.06 0 0.18 6.530023194858952
0.06 0 0.19 6.503802917230749
0.06 0 0.2 10.309115185514813
0.06 0 0.21 10.070122039478058
0.06 0 0.22 7.120045202712375
0.06 0 0.23 8.031717512950435
0.06 0 0.24 8.361791124970642
0.06 0 0.25 6.284970041615597
0.06 0 0.26 6.502355124591727
0.06 0 0.27 6.923333879056991
0.06 0 0.28 5.205467375498136
0.06 0 0.29 4.483505841325107
0.06 0 0.3 4.506948151330493
0.06 0 0.31 4.762594703346574
0.06 0 0.32 7.585188437511523
0.06 0 0.33 13.014829172472727
0.06 0 0.34 15.629095696067248
0.06 0 0.35000000000000003 19.836390392665216
0.06 0 0.36 25.16425624736602
0.06 0 0.37 21.135978456358075
0.06 0 0.38 19.026865782520648
0.06 0 0.39 24.078969923644976
0.06 0 0.4 22.79033096515109
0.06 0 0.41000000000000003 13.842389234018203
0.06 0 0.42 8.554897571452795
0.06 0 0.43 5.637404127218477
0.06 0 0.44 3.281146879289307
0.06 0 0.45 2.155064651141284
0.06 0 0.46 2.1899687850487357
0.06 0 0.47000000000000003 2.4265655153183876
0.06 0 0.48 1.8534926824111861
0.06 0 0.49 1.3646421981542152
0.06 0 0.5 1.3095864502349612
0.07 0 0.0 1.7216808672261041
0.07 0 0.01 1.4500166343239183
0.07 0 0.02 1.3385551365214936
0.07 0 0.03 1.5280628553290263
0.07 0 0.04 1.1067742079448686
0.07 0 0.05 0.9517711168452501
0.07 0 0.06 1.587956855257098
0.07 0 0.07 1.9260562301925244
0.07 0 0.08 1.5261454475662588
0.07 0 0.09 1.6550353412825014
0.07 0 0.1 1.776890464848432
0.07 0 0.11 1.5445386350372667
0.07 0 0.12 1.8514624884462556
0.07 0 0.13 2.5674499509250412
0.07 0 0.14 2.7489248720352273
0.07 0 0.15 2.538680005623026
0.07 0 0.16 1.9266000660341152
0.07 0 0.17 1.3087327156091684
0.07 0 0.18 1.1792658063545034
0.07 0 0.19 1.2446089822571513
0.07 0 0.2 1.2152960716729002
0.07 0 0.21 1.33831589329358
0.07 0 0.22 1.5517148372113567
0.07 0 0.23 1.4209930042522907
0.07 0 0.24 1.2724340059281614
0.07 0 0.25 1.6282980323502567
0.07 0 0.26 2.5488937540442342
0.07 0 0.27 3.1754591098614173
0.07 0 0.28 3.4424707491317523
0.07 0 0.29 4.38682407881361
0.07 0 0.3 4.620562740812069
0.07 0 0.31 3.4623571852646355
0.07 0 0.32 3.682876253168967
0.07 0 0.33 5.309481261247974
0.07 0 0.34 5.025549759450925
0.07 0 0.35000000000000003 4.303909720598671
0.07 0 0.36 4.758481848313544
0.07 0 0.37 3.946571049751615
0.07 0 0.38 2.799286308163749
0.07 0 0.39 2.6633064209565673
0.07 0 0.4 2.264713571821249
0.07 0 0.41000000000000003 1.6577638872033207
0.07 0 0.42 1.3967318993410691
0.07 0 0.43 0.9273184010636993
0.07 0 0.44 0.5693699452260285
0.07 0 0.45 0.5328038881639575
0.07 0 0.46 0.4353098953331801
0.07 0 0.47000000000000003 0.28066266364050313
0.07 0 0.48 0.30236858566118147
0.07 0 0.49 0.3603392655633043
0.07 0 0.5 0.28717044710729167
0.08 0 0.0 0.9181958861864918
0.08 0 0.01 0.9111048409436252
0.08 0 0.02 0.7766924493630312
0.08 0 0.03 0.6271743428704101
0.08 0 0.04 0.5219422169919511
0.08 0 0.05 0.42313245719195947
0.08 0 0.06 0.33439910473615886
0.08 0 0.07 0.2717170778947756
0.08 0 0.08 0.2466416931534022
0.08 0 0.09 0.23987335247049954
0.08 0 0.1 0.2080880604179353
0.08 0 0.11 0.20864463278595258
0.08 0 0.12 0.3142474480493043
0.08 0 0.13 0.40800249195232396
0.08 0 0.14 0.4085905446808464
0.08 0 0.15 0.6238803063066456
0.08 0 0.16 1.0187424658491646
0.08 0 0.17 0.9831655265784117
0.08 0 0.18 1.1255691493092004
0.08 0 0.19 1.6698546835450363
0.08 0 0.2 1.388893134779711
0.08 0 0.21 0.9370695070989774
0.08 0 0.22 0.8777327150534778
0.08 0 0.23 0.6939045837284646
0.08 0 0.24 0.5019564868829066
0.08 0 0.25 0.47384812558397943
0.08 0 0.26 0.37791478309503845
0.08 0 0.27 0.2644356294940372
0.08 0 0.28 0.2276508078206151
0.08 0 0.29 0.17168414159044584
0.08 0 0.3 0.13623892900651918
0.08 0 0.31 0.17953018785280933
0.08 0 0.32 0.21196995237418775
0.08 0 0.33 0.16912188816347534
0.08 0 0.34 0.17063821047761657
0.08 0 0.35000000000000003 0.18560623594276354
0.08 0 0.36 0.14582477158534454
0.08 0 0.37 0.1405945035136791
0.08 0 0.38 0.20355966161239034
0.08 0 0.39 0.24216029202775588
0.08 0 0.4 0.19999728086714472
0.08 0 0.41000000000000003 0.1660309182660395
0.08 0 0.42 0.15268513067602915
0.08 0 0.43 0.13102013239487492
0.08 0 0.44 0.11980678699833763
0.08 0 0.45 0.15355975225648968
0.08 0 0.46 0.20558997455885875
0.08 0 0.47000000000000003 0.1951255487520568
0.08 0 0.48 0.17536904515603477
0.08 0 0.49 0.1864783589844222
0.08 0 0.5 0.20342588091243505
0.09 0 0.0 0.5318430183266799
0.09 0 0.01 0.4639794342555039
0.09 0 0.02 0.5062859352895343
0.09 0 0.03 0.3664579722290114
0.09 0 0.04 0.3599055930870336
0.09 0 0.05 0.5898132764792505
0.09 0 0.06 0.6485508461590357
0.09 0 0.07 0.5262762836795172
0.09 0 0.08 0.49851350494571905
0.09 0 0.09 0.41575086163267055
0.09 0 0.1 0.356057852189628
0.09 0 0.11 0.4238919209821072
0.09 0 0.12 0.500236447569108
0.09 0 0.13 0.5606140219675838
0.09 0 0.14 0.6571997124247336
0.09 0 0.15 0.5885014343114324
0.09 0 0.16 0.5029132772585297
0.09 0 0.17 0.6587794504332369
0.09 0 0.18 0.9385590956771175
0.09 0 0.19 1.040163191857753
0.09 0 0.2 1.1489036837345712
0.09 0 0.21 1.2145308060014577
0.09 0 0.22 0.8920069280606953
0.09 0 0.23 0.5515729651024708
0.09 0 0.24 0.46903193840147467
0.09 0 0.25 0.4969882161043913
0.09 0 0.26 0.39413121043842236
0.09 0 0.27 0.27017604627370756
0.09 0 0.28 0.23490709416321334
0.09 0 0.29 0.17817640432457765
0.09 0 0.3 0.10922663484850363
0.09 0 0.31 0.10563288920401043
0.09 0 0.32 0.13638771612461595
0.09 0 0.33 0.131954896964041
0.09 0 0.34 0.13061794319659453
0.09 0 0.35000000000000003 0.14368453703398404
0.09 0 0.36 0.12648509529207713
0.09 0 0.37 0.12586545664464918
0.09 0 0.38 0.15043264056386643
0.09 0 0.39 0.1445861162700665
0.09 0 0.4 0.15363744681421854
0.09 0 0.41000000000000003 0.17704659916557391
0.09 0 0.42 0.1234101602817357
0.09 0 0.43 0.08939975833989319
0.09 0 0.44 0.10367654757918865
0.09 0 0.45 0.08585802981850398
0.09 0 0.46 0.05750353251733999
0.09 0 0.47000000000000003 0.06587457267921347
0.09 0 0.48 0.07080542569013501
0.09 0 0.49 0.0510360199738311
0.09 0 0.5 0.053221450410329045
0.1 0 0.0 0.7974129064202845
0.1 0 0.01 0.67413562342945
0.1 0 0.02 0.5380193499335797
0.1 0 0.03 0.5189727731867254
0.1 0 0.04 0.5998618372138975
0.1 0 0.05 0.6819928463692311
0.1 0 0.06 0.7538644196533788
0.1 0 0.07 0.9968153349144142
0.1 0 0.08 1.2759728407488806
0.1 0 0.09 1.0821257202186223
0.1 0 0.1 0.9498475202807213
0.1 0 0.11 1.163590392306831
0.1 0 0.12 1.0007387408240813
0.1 0 0.13 0.6425866745797751
0.1 0 0.14 0.6479316572702973
0.1 0 0.15 0.6582799943659119
0.1 0 0.16 0.46597822371460457
0.1 0 0.17 0.4742803667176475
0.1 0 0.18 0.6220991253967847
0.1 0 0.19 0.5830778366188083
0.1 0 0.2 0.5857579577351952
0.1 0 0.21 0.6891457886418102
0.1 0 0.22 0.6498547800334254
0.1 0 0.23 0.6766031716674695
0.1 0 0.24 0.7319011546678441
0.1 0 0.25 0.5157167611500665
0.1 0 0.26 0.37134804063423366
0.1 0 0.27 0.31620734065081024
0.1 0 0.28 0.18674349985819444
0.1 0 0.29 0.12459001626543317
0.1 0 0.3 0.1489374335681396
0.1 0 0.31 0.14833583924672952
0.1 0 0.32 0.1090561127478691
0.1 0 0.33 0.11346348184034502
0.1 0 0.34 0.13105574917029708
0.1 0 0.35000000000000003 0.1201044264988585
0.1 0 0.36 0.13550264456305725
0.1 0 0.37 0.20816287803020359
0.1 0 0.38 0.26888022054560246
0.1 0 0.39 0.2430864403169818
0.1 0 0.4 0.19702944114166218
0.1 0 0.41000000000000003 0.16892204465872737
0.1 0 0.42 0.1384479630856529
0.1 0 0.43 0.11352990740354284
0.1 0 0.44 0.11201000392562654
0.1 0 0.45 0.10762668865618667
0.1 0 0.46 0.08016890492256364
0.1 0 0.47000000000000003 0.056404815109057524
0.1 0 0.48 0.04223742096789963
0.1 0 0.49 0.03772076462214442
0.1 0 0.5 0.048331006032694336
0.11 0 0.0 2.8815994083632916
0.11 0 0.01 2.515858879629876
0.11 0 0.02 1.5379586434901005
0.11 0 0.03 1.3321616718735727
0.11 0 0.04 1.543137887002283
0.11 0 0.05 1.3136218197219087
0.11 0 0.06 1.0703698224143516
0.11 0 0.07 0.9167768549734394
0.11 0 0.08 0.7054325146579506
0.11 0 0.09 0.7415300640008914
0.11 0 0.1 1.0036818785576669
0.11 0 0.11 1.0767957367668284
0.11 0 0.12 1.150463568491574
0.11 0 0.13 1.2352732618088962
0.11 0 0.14 0.8272445160723442
0.11 0 0.15 0.4982222633747536
0.11 0 0.16 0.4634316885434614
0.11 0 0.17 0.4510347810583055
0.11 0 0.18 0.33300330640796477
0.11 0 0.19 0.24936888935955623
0.11 0 0.2 0.19982072371174245
0.11 0 0.21 0.12855602114543802
0.11 0 0.22 0.0756929810938263
0.11 0 0.23 0.06751241007147972
0.11 0 0.24 0.08204999948628681
0.11 0 0.25 0.07595159894224354
0.11 0 0.26 0.060630967412647965
0.11 0 0.27 0.058171312294332936
0.11 0 0.28 0.04771802337317096
0.11 0 0.29 0.035130664667980135
0.11 0 0.3 0.038725960350883985
0.11 0 0.31 0.04943029976628708
0.11 0 0.32 0.054438173361743815
0.11 0 0.33 0.06450644134460451
0.11 0 0.34 0.06748329932711677
0.11 0 0.35000000000000003 0.06284175929535289
0.11 0 0.36 0.08486990040258591
0.11 0 0.37 0.11726321915241794
0.11 0 0.38 0.12480101993600369
0.11 0 0.39 0.18412345112938147
0.11 0 0.4 0.2664859080630475
0.11 0 0.41000000000000003 0.2025706774516024
0.11 0 0.42 0.18368042960798298
0.11 0 0.43 0.25674499612321733
0.11 0 0.44 0.22846085663698515
0.11 0 0.45 0.17372718952000074
0.11 0 0.46 0.1978603618708226
0.11 0 0.47000000000000003 0.1775335738491173
0.11 0 0.48 0.11417006849190775
0.11 0 0.49 0.09755645500438925
0.11 0 0.5 0.09496196247218806
0.12 0 0.0 1.7419134624344255
0.12 0 0.01 1.248028797350254
0.12 0 0.02 1.0723174363955537
0.12 0 0.03 1.17030596962986
0.12 0 0.04 1.1369968228800031
0.12 0 0.05 0.9749887644901797
0.12 0 0.06 1.0812198143598322
0.12 0 0.07 1.168837019652144
0.12 0 0.08 0.8181329212604949
0.12 0 0.09 0.6859027263167661
0.12 0 0.1 0.8804396967944769
0.12 0 0.11 0.8324296995698636
0.12 0 0.12 0.6758777809051021
0.12 0 0.13 0.8030107273785454
0.12 0 0.14 0.8238432507653453
0.12 0 0.15 0.6467489661861848
0.12 0 0.16 0.6655171064195096
0.12 0 0.17 0.6742934032456085
0.12 0 0.18 0.5653096679324522
0.12 0 0.19 0.5805964111217499
0.12 0 0.2 0.5531461727083501
0.12 0 0.21 0.46370617747762644
0.12 0 0.22 0.5877466257964172
0.12 0 0.23 0.7301208677072409
0.12 0 0.24 0.6079874274803868
0.12 0 0.25 0.6898581083865617
0.12 0 0.26 0.927857626260257
0.12 0 0.27 0.7737876865211119
0.12 0 0.28 0.7448446593126703
0.12 0 0.29 1.12779017196147
0.12 0 0.3 1.2191435858468496
0.12 0 0.31 0.9513857600141997
0.12 0 0.32 0.9192264686075946
0.12 0 0.33 0.8853660442470379
0.12 0 0.34 0.7163994327143904
0.12 0 0.35000000000000003 0.66195681075151
0.12 0 0.36 0.7306795355962139
0.12 0 0.37 0.7361301047922112
0.12 0 0.38 0.5724598617380612
0.12 0 0.39 0.3877930184925205
0.12 0 0.4 0.28477035187553457
0.12 0 0.41000000000000003 0.2284959605871236
0.12 0 0.42 0.19721534842457109
0.12 0 0.43 0.18912592478369605
0.12 0 0.44 0.17763862449428403
0.12 0 0.45 0.1572807462449149
0.12 0 0.46 0.13441079335495845
0.12 0 0.47000000000000003 0.10832907347716181
0.12 0 0.48 0.11840282846915033
0.12 0 0.49 0.19831239233215872
0.12 0 0.5 0.26513199222860806
0.13 0 0.0 0.9641033295427693
0.13 0 0.01 0.6566256458856253
0.13 0 0.02 0.644607299916371
0.13 0 0.03 0.6449390167661754
0.13 0 0.04 0.5251653183807897
0.13 0 0.05 0.4634291221665446
0.13 0 0.06 0.33169843993223874
0.13 0 0.07 0.20286506650280117
0.13 0 0.08 0.19815482971219112
0.13 0 0.09 0.21985891882938108
0.13 0 0.1 0.1746459608995724
0.13 0 0.11 0.1589755644384364
0.13 0 0.12 0.15968317357659034
0.13 0 0.13 0.1080175479030098
0.13 0 0.14 0.07598350090396465
0.13 0 0.15 0.0914301593595793
0.13 0 0.16 0.1265413034750934
0.13 0 0.17 0.14157248698527064
0.13 0 0.18 0.15691089176289685
0.13 0 0.19 0.19012276048861307
0.13 0 0.2 0.19690084055536483
0.13 0 0.21 0.18454921222198278
0.13 0 0.22 0.24564994511579755
0.13 0 0.23 0.4134748797163033
0.13 0 0.24 0.5110766832730014
0.13 0 0.25 0.5090903900880394
0.13 0 0.26 0.5010024843625124
0.13 0 0.27 0.39607444780198936
0.13 0 0.28 0.30893306831068795
0.13 0 0.29 0.3028086684924864
0.13 0 0.3 0.28029236005560315
0.13 0 0.31 0.2602470766463832
0.13 0 0.32 0.25706532291373674
0.13 0 0.33 0.1801664242481874
0.13 0 0.34 0.13429752284366966
0.13 0 0.35000000000000003 0.17972980558532028
0.13 0 0.36 0.21674054296414474
0.13 0 0.37 0.2126843305216924
0.13 0 0.38 0.3352141822008982
0.13 0 0.39 0.45162116113839956
0.13 0 0.4 0.3114909903991999
0.13 0 0.41000000000000003 0.2791880877811997
0.13 0 0.42 0.34198396952473437
0.13 0 0.43 0.27475710770669065
0.13 0 0.44 0.21759496699490297
0.13 0 0.45 0.2263381873306539
0.13 0 0.46 0.1881453194363322
0.13 0 0.47000000000000003 0.1465248490110254
0.13 0 0.48 0.14815084004903004
0.13 0 0.49 0.15980546363038464
0.13 0 0.5 0.19427884041647836
0.14 0 0.0 0.42349937051696745
0.14 0 0.01 0.30968388000692787
0.14 0 0.02 0.3248547042743258
0.14 0 0.03 0.30942432432947076
0.14 0 0.04 0.26604781619658024
0.14 0 0.05 0.31993042764959595
0.14 0 0.06 0.3696170652758652
0.14 0 0.07 0.2813922953780619
0.14 0 0.08 0.2684707512239517
0.14 0 0.09 0.3561772959778929
0.14 0 0.1 0.35616052543268106
0.14 0 0.11 0.34073673791023595
0.14 0 0.12 0.39392514811208423
0.14 0 0.13 0.3587140191366163
0.14 0 0.14 0.3151139963368425
0.14 0 0.15 0.3381116848497314
0.14 0 0.16 0.2997261836061875
0.14 0 0.17 0.2813235956546679
0.14 0 0.18 0.34601318160425304
0.14 0 0.19 0.3021527015008719
0.14 0 0.2 0.2461660684624056
0.14 0 0.21 0.3408422016732573
0.14 0 0.22 0.39136163915801353
0.14 0 0.23 0.3076658457478892
0.14 0 0.24 0.37638756959659914
0.14 0 0.25 0.5069998436005699
0.14 0 0.26 0.42848210692956346
0.14 0 0.27 0.4359482563755755
0.14 0 0.28 0.6083995932377967
0.14 0 0.29 0.611510780723341
0.14 0 0.3 0.48533260740995826
0.14 0 0.31 0.41737983251860805
0.14 0 0.32 0.34320110162366196
0.14 0 0.33 0.27313513506272996
0.14 0 0.34 0.24074034550641155
0.14 0 0.35000000000000003 0.23746167542925894
0.14 0 0.36 0.2530916882411931
0.14 0 0.37 0.25559029337268385
0.14 0 0.38 0.2395937902876541
0.14 0 0.39 0.2545407405969795
0.14 0 0.4 0.337827019964082
0.14 0 0.41000000000000003 0.5039661348659563
0.14 0 0.42 0.6809696279093088
0.14 0 0.43 0.7720855900456569
0.14 0 0.44 0.8356587344997716
0.14 0 0.45 0.71751932323522
0.14 0 0.46 0.43862139758556884
0.14 0 0.47000000000000003 0.35808288989483844
0.14 0 0.48 0.41682123792590714
0.14 0 0.49 0.3182962835823128
0.14 0 0.5 0.20586063052586118
0.15 0 0.0 0.2164382331016662
0.15 0 0.01 0.1877643682440357
0.15 0 0.02 0.1355975565744383
0.15 0 0.03 0.10089598092884734
0.15 0 0.04 0.09847808236742048
0.15 0 0.05 0.07200583127343324
0.15 0 0.06 0.052285530001484566
0.15 0 0.07 0.07431632801782494
0.15 0 0.08 0.11646313842458698
0.15 0 0.09 0.1331439065899385
0.15 0 0.1 0.1855886765392947
0.15 0 0.11 0.27882261228753086
0.15 0 0.12 0.2895103419645857
0.15 0 0.13 0.3065489811142933
0.15 0 0.14 0.4864474431922226
0.15 0 0.15 0.8372024813559036
0.15 0 0.16 1.1035464210894426
0.15 0 0.17 1.2304170183049574
0.15 0 0.18 1.3546117746262294
0.15 0 0.19 1.284359480193491
0.15 0 0.2 1.0968101211648194
0.15 0 0.21 1.2115010115569989
0.15 0 0.22 1.566732953379175
0.15 0 0.23 1.638772582591134
0.15 0 0.24 1.4726686414347783
0.15 0 0.25 1.1847631407468373
0.15 0 0.26 0.8718544687459603
0.15 0 0.27 0.8226692325567577
0.15 0 0.28 0.8804076411487752
0.15 0 0.29 0.8009395626056216
0.15 0 0.3 0.8619844049209548
0.15 0 0.31 0.8796041130216068
0.15 0 0.32 0.49009350492189324
0.15 0 0.33 0.3077049612792292
0.15 0 0.34 0.33525567119383703
0.15 0 0.35000000000000003 0.2702682879769389
0.15 0 0.36 0.1876733192551685
0.15 0 0.37 0.2161102380590445
0.15 0 0.38 0.20184407055859663
0.15 0 0.39 0.12278369018699721
0.15 0 0.4 0.11628626815145265
0.15 0 0.41000000000000003 0.14747900020086396
0.15 0 0.42 0.15600043414050627
0.15 0 0.43 0.18892675500733802
0.15 0 0.44 0.23064150179560358
0.15 0 0.45 0.2087218098774553
0.15 0 0.46 0.1898194554904778
0.15 0 0.47000000000000003 0.1690227479748585
0.15 0 0.48 0.12814299758283873
0.15 0 0.49 0.11874978419781869
0.15 0 0.5 0.11829597871253843
0.16 0 0.0 0.17088876034089862
0.16 0 0.01 0.12982803118497788
0.16 0 0.02 0.08730235969491638
0.16 0 0.03 0.05236492274110189
0.16 0 0.04 0.042049222857903024
0.16 0 0.05 0.031145484525033674
0.16 0 0.06 0.01763294900265048
0.16 0 0.07 0.013754275072937557
0.16 0 0.08 0.014249970492339191
0.16 0 0.09 0.013970698075612523
0.16 0 0.1 0.016574983090593416
0.16 0 0.11 0.02047559339854518
0.16 0 0.12 0.020934862781404103
0.16 0 0.13 0.02787679951332393
0.16 0 0.14 0.041139784173445645
0.16 0 0.15 0.044608699499328046
0.16 0 0.16 0.0638082956976333
0.16 0 0.17 0.11320867687971253
0.16 0 0.18 0.11153895582569615
0.16 0 0.19 0.10560888870951621
0.16 0 0.2 0.16001767091375224
0.16 0 0.21 0.16702945745315306
0.16 0 0.22 0.12323983708324436
0.16 0 0.23 0.13497466073408415
0.16 0 0.24 0.14096569922145966
0.16 0 0.25 0.10134719598960286
0.16 0 0.26 0.08915352271414134
0.16 0 0.27 0.09547520253833139
0.16 0 0.28 0.08840557817469355
0.16 0 0.29 0.0805638221771085
0.16 0 0.3 0.07566861822347222
0.16 0 0.31 0.07194573132880287
0.16 0 0.32 0.07866337635421945
0.16 0 0.33 0.08903429501887486
0.16 0 0.34 0.09533395910047715
0.16 0 0.35000000000000003 0.10742690004291082
0.16 0 0.36 0.11449654894862708
0.16 0 0.37 0.09894039794533713
0.16 0 0.38 0.08247795551758545
0.16 0 0.39 0.08732792452597582
0.16 0 0.4 0.1090758810359559
0.16 0 0.41000000000000003 0.11250259988156153
0.16 0 0.42 0.10378435849693915
0.16 0 0.43 0.11819558433692237
0.16 0 0.44 0.11590130517723592
0.16 0 0.45 0.0843005565330236
0.16 0 0.46 0.0956253384047742
0.16 0 0.47000000000000003 0.15092971891764376
0.16 0 0.48 0.14422377395926558
0.16 0 0.49 0.12145305563344044
0.16 0 0.5 0.13312247260527513
0.17 0 0.0 0.04176312477772666
0.17 0 0.01 0.022031320841541205
0.17 0 0.02 0.014622082347121902
0.17 0 0.03 0.013414978801670677
0.17 0 0.04 0.00838469789261859
0.17 0 0.05 0.0055791094277345445
0.17 0 0.06 0.007120789774949377
0.17 0 0.07 0.008940000071896324
0.17 0 0.08 0.008159326583636807
0.17 0 0.09 0.008410671928367478
0.17 0 0.1 0.008537066097583408
0.17 0 0.11 0.006473529164627755
0.17 0 0.12 0.004996573096002114
0.17 0 0.13 0.005189457146121325
0.17 0 0.14 0.006156136665406395
0.17 0 0.15 0.006298328341723226
0.17 0 0.16 0.005622322787734234
0.17 0 0.17 0.005314059928663872
0.17 0 0.18 0.005356786059447666
0.17 0 0.19 0.006098705757641672
0.17 0 0.2 0.009328694010640235
0.17 0 0.21 0.01674101846452833
0.17 0 0.22 0.029239408960623218
0.17 0 0.23 0.045757531431356795
0.17 0 0.24 0.05255970512787986
0.17 0 0.25 0.05702289330238042
0.17 0 0.26 0.08616597030758383
0.17 0 0.27 0.11332908792475538
0.17 0 0.28 0.1085624079734819
0.17 0 0.29 0.1327364070604222
0.17 0 0.3 0.13498536036785838
0.17 0 0.31 0.0701707031661325
0.17 0 0.32 0.048833239449054426
0.17 0 0.33 0.05887076184083617
0.17 0 0.34 0.052891682628216655
0.17 0 0.35000000000000003 0.047921211104191425
0.17 0 0.36 0.06427718780957678
0.17 0 0.37 0.06258943009179463
0.17 0 0.38 0.04705850894142149
0.17 0 0.39 0.0495249466181648
0.17 0 0.4 0.05527486415617272
0.17 0 0.41000000000000003 0.06031825539414104
0.17 0 0.42 0.07778242666146065
0.17 0 0.43 0.07903454174698195
0.17 0 0.44 0.0665098193326169
0.17 0 0.45 0.07221557976708723
0.17 0 0.46 0.07467388389105524
0.17 0 0.47000000000000003 0.06998747298313529
0.17 0 0.48 0.09837507947036436
0.17 0 0.49 0.1504154337744348
0.17 0 0.5 0.15271201545106414
0.18 0 0.0 0.16682338623419352
0.18 0 0.01 0.12866321615797574
0.18 0 0.02 0.09019210631183038
0.18 0 0.03 0.07290558554465924
0.18 0 0.04 0.04904711273686432
0.18 0 0.05 0.028531354918844513
0.18 0 0.06 0.02097150099433369
0.18 0 0.07 0.01622041723950824
0.18 0 0.08 0.01335816878271435
0.18 0 0.09 0.013890007224220447
0.18 0 0.1 0.011200934679089674
0.18 0 0.11 0.007667030196488116
0.18 0 0.12 0.008432194752348614
0.18 0 0.13 0.009105652779714417
0.18 0 0.14 0.007260536894908922
0.18 0 0.15 0.00951215789393085
0.18 0 0.16 0.014721226994549823
0.18 0 0.17 0.012245407309973063
0.18 0 0.18 0.011272036452534167
0.18 0 0.19 0.015895917142401655
0.18 0 0.2 0.015975857919426982
0.18 0 0.21 0.014152093418724044
0.18 0 0.22 0.017919969477963364
0.18 0 0.23 0.020832404280883857
0.18 0 0.24 0.020763621588672013
0.18 0 0.25 0.024701870189439815
0.18 0 0.26 0.030053467286882053
0.18 0 0.27 0.035857079741714745
0.18 0 0.28 0.044752751585537445
0.18 0 0.29 0.04632932262035064
0.18 0 0.3 0.043901320057734915
0.18 0 0.31 0.04841255216084153
0.18 0 0.32 0.0488193602503539
0.18 0 0.33 0.040178897192115356
0.18 0 0.34 0.035303512678427684
0.18 0 0.35000000000000003 0.03330689193572939
0.18 0 0.36 0.026797009645215007
0.18 0 0.37 0.02081296480635701
0.18 0 0.38 0.023752704453083966
0.18 0 0.39 0.0366825386647546
0.18 0 0.4 0.045690768086896344
0.18 0 0.41000000000000003 0.05431410193253448
0.18 0 0.42 0.08998307801457262
0.18 0 0.43 0.12443025908808344
0.18 0 0.44 0.12736618451279927
0.18 0 0.45 0.20209499119801053
0.18 0 0.46 0.3842181793460044
0.18 0 0.47000000000000003 0.44677763828833
0.18 0 0.48 0.4905333665780523
0.18 0 0.49 0.5927547736357048
0.18 0 0.5 0.5305997914155525
0.19 0 0.0 0.864023207446118
0.19 0 0.01 0.5999043910099747
0.19 0 0.02 0.5097168326368696
0.19 0 0.03 0.2751221954523713
0.19 0 0.04 0.16322041857336608
0.19 0 0.05 0.163429408109687
0.19 0 0.06 0.1540919762842299
0.19 0 0.07 0.11683894819304834
0.19 0 0.08 0.09370530688180637
0.19 0 0.09 0.0721871106387869
0.19 0 0.1 0.04998335617465049
0.19 0 0.11 0.03716139016410992
0.19 0 0.12 0.034181148483435266
0.19 0 0.13 0.03791294605729008
0.19 0 0.14 0.0405733763904962
0.19 0 0.15 0.03726892652710184
0.19 0 0.16 0.033634269636319804
0.19 0 0.17 0.03395310808390144
0.19 0 0.18 0.04131834367623585
0.19 0 0.19 0.056750360863789914
0.19 0 0.2 0.07684857414679994
0.19 0 0.21 0.11042957552338252
0.19 0 0.22 0.13924334500195426
0.19 0 0.23 0.1117238658893208
0.19 0 0.24 0.09934881531344053
0.19 0 0.25 0.14751445454583537
0.19 0 0.26 0.18152749829324508
0.19 0 0.27 0.18103646941825033
0.19 0 0.28 0.2662427764678487
0.19 0 0.29 0.3065423971441419
0.19 0 0.3 0.19266710209467736
0.19 0 0.31 0.16918546128749198
0.19 0 0.32 0.20376400095527075
0.19 0 0.33 0.17172488244901582
0.19 0 0.34 0.14440132812702366
0.19 0 0.35000000000000003 0.12665900357889204
0.19 0 0.36 0.07197841904938719
0.19 0 0.37 0.03944076861085359
0.19 0 0.38 0.027455464548265716
0.19 0 0.39 0.018941082631134584
0.19 0 0.4 0.017977649270876136
0.19 0 0.41000000000000003 0.022870085067675388
0.19 0 0.42 0.020996577449369662
0.19 0 0.43 0.019516385965610106
0.19 0 0.44 0.028124291112372215
0.19 0 0.45 0.036886205124888376
0.19 0 0.46 0.0447700561083145
0.19 0 0.47000000000000003 0.083781730956413
0.19 0 0.48 0.15837773288073606
0.19 0 0.49 0.18861501906112912
0.19 0 0.5 0.21172209618746374
0.2 0 0.0 11.337459082879336
0.2 0 0.01 10.050174316088533
0.2 0 0.02 8.444184375158747
0.2 0 0.03 5.707322692939192
0.2 0 0.04 4.219149443050762
0.2 0 0.05 3.7359810593881635
0.2 0 0.06 3.00100907392924
0.2 0 0.07 3.064196852274476
0.2 0 0.08 3.844681571889986
0.2 0 0.09 2.7513329313334
0.2 0 0.1 1.6479004577810343
0.2 0 0.11 1.5842538254405578
0.2 0 0.12 1.1952024765699802
0.2 0 0.13 0.6633073022698078
0.2 0 0.14 0.6319910286261214
0.2 0 0.15 0.628514370071836
0.2 0 0.16 0.37556494597773216
0.2 0 0.17 0.28939522364091885
0.2 0 0.18 0.3185467910993289
0.2 0 0.19 0.296816452988982
0.2 0 0.2 0.3112717585996576
0.2 0 0.21 0.39743359235401776
0.2 0 0.22 0.4266182996545546
0.2 0 0.23 0.44779670496149343
0.2 0 0.24 0.46949404407561596
0.2 0 0.25 0.3961283753995113
0.2 0 0.26 0.3571042541822355
0.2 0 0.27 0.3529559627637647
0.2 0 0.28 0.26075546803440314
0.2 0 0.29 0.18212117082516352
0.2 0 0.3 0.16864149133648995
0.2 0 0.31 0.1524298611399682
0.2 0 0.32 0.11316127886296702
0.2 0 0.33 0.09333532087368954
0.2 0 0.34 0.08979484448474877
0.2 0 0.35000000000000003 0.07018560583107336
0.2 0 0.36 0.044628234086781696
0.2 0 0.37 0.03774283195372843
0.2 0 0.38 0.038765101008179266
0.2 0 0.39 0.027783995113092052
0.2 0 0.4 0.018763706923364844
0.2 0 0.41000000000000003 0.01802456496403452
0.2 0 0.42 0.015188891609764436
0.2 0 0.43 0.01172204485327146
0.2 0 0.44 0.015518525128672925
0.2 0 0.45 0.025020012194519034
0.2 0 0.46 0.03337059248766598
0.2 0 0.47000000000000003 0.051076317044225154
0.2 0 0.48 0.07547358816031749
0.2 0 0.49 0.09543298150207202
0.2 0 0.5 0.16658973193464638
0.21 0 0.0 6.542410951364771
0.21 0 0.01 6.257854321122712
0.21 0 0.02 3.919105712842204
0.21 0 0.03 2.7454757094506634
0.21 0 0.04 2.7066759935038425
0.21 0 0.05 2.619544822544003
0.21 0 0.06 2.4230760169964154
0.21 0 0.07 2.2314261244157425
0.21 0 0.08 1.948626559363329
0.21 0 0.09 1.7822686382363329
0.21 0 0.1 1.6917319513500166
0.21 0 0.11 1.5967958437752807
0.21 0 0.12 1.5813652594252747
0.21 0 0.13 1.421744394011357
0.21 0 0.14 0.9404361360013649
0.21 0 0.15 0.4946660843802778
0.21 0 0.16 0.28699078806946876
0.21 0 0.17 0.2202904754839996
0.21 0 0.18 0.17505921696422858
0.21 0 0.19 0.13584950242592952
0.21 0 0.2 0.1421701404685337
0.21 0 0.21 0.14464266005546106
0.21 0 0.22 0.09504170507975405
0.21 0 0.23 0.0828219320924602
0.21 0 0.24 0.12470139297219855
0.21 0 0.25 0.1398678382886764
0.21 0 0.26 0.1306144205636691
0.21 0 0.27 0.16387238672068666
0.21 0 0.28 0.14269194886035505
0.21 0 0.29 0.08213968986004265
0.21 0 0.3 0.07114622498837396
0.21 0 0.31 0.07796003637729809
0.21 0 0.32 0.08097741455093556
0.21 0 0.33 0.1080249530132602
0.21 0 0.34 0.13163354169873567
0.21 0 0.35000000000000003 0.12123677368423463
0.21 0 0.36 0.14353255623598632
0.21 0 0.37 0.1789800987107816
0.21 0 0.38 0.1842274761709128
0.21 0 0.39 0.26958630004768436
0.21 0 0.4 0.40853474100151804
0.21 0 0.41000000000000003 0.3186152834674487
0.21 0 0.42 0.22964872945698891
0.21 0 0.43 0.23063611898997524
0.21 0 0.44 0.19121206810295185
0.21 0 0.45 0.1527474025203308
0.21 0 0.46 0.1892893228963635
0.21 0 0.47000000000000003 0.24730482246832083
0.21 0 0.48 0.2353185298314135
0.21 0 0.49 0.22261020627631042
0.21 0 0.5 0.27258690455506174
0.22 0 0.0 1.561036701366939
0.22 0 0.01 1.5789971229391795
0.22 0 0.02 1.2318939777565912
0.22 0 0.03 1.2239684646123714
0.22 0 0.04 1.2356918723545876
0.22 0 0.05 0.9816360181871792
0.22 0 0.06 1.1569470586547572
0.22 0 0.07 1.6212703789254246
0.22 0 0.08 1.1900418634530237
0.22 0 0.09 0.881890782164954
0.22 0 0.1 1.121028454388273
0.22 0 0.11 1.105953735237046
0.22 0 0.12 0.9448988084200725
0.22 0 0.13 1.273292468661994
0.22 0 0.14 1.416643244318927
0.22 0 0.15 0.9852516722217994
0.22 0 0.16 0.7712434364914365
0.22 0 0.17 0.6105683026480428
0.22 0 0.18 0.43280499238951714
0.22 0 0.19 0.3828391081308677
0.22 0 0.2 0.33284386532116644
0.22 0 0.21 0.25405294256122135
0.22 0 0.22 0.25148515607366057
0.22 0 0.23 0.2564970955605601
0.22 0 0.24 0.21822124010583138
0.22 0 0.25 0.2492861807989969
0.22 0 0.26 0.34522488835294646
0.22 0 0.27 0.33561764184513426
0.22 0 0.28 0.28484107699651334
0.22 0 0.29 0.2934630870811058
0.22 0 0.3 0.26853625525789826
0.22 0 0.31 0.17873113257211232
0.22 0 0.32 0.12211817365220563
0.22 0 0.33 0.10211979609334856
0.22 0 0.34 0.07333723337067162
0.22 0 0.35000000000000003 0.04453386276293098
0.22 0 0.36 0.03961119306225552
0.22 0 0.37 0.046907031663772615
0.22 0 0.38 0.044076746026369615
0.22 0 0.39 0.04444802563478447
0.22 0 0.4 0.06079800765203326
0.22 0 0.41000000000000003 0.07223132687206822
0.22 0 0.42 0.08540696721899324
0.22 0 0.43 0.13741937256886502
0.22 0 0.44 0.20628964125216012
0.22 0 0.45 0.2839799503194101
0.22 0 0.46 0.41353655004700435
0.22 0 0.47000000000000003 0.42885896653040817
0.22 0 0.48 0.42105658142227576
0.22 0 0.49 0.6331632081132716
0.22 0 0.5 0.7823739920849246
0.23 0 0.0 2.9518811688323474
0.23 0 0.01 2.5242087872539187
0.23 0 0.02 2.4478796603053867
0.23 0 0.03 2.6074345947140785
0.23 0 0.04 2.7074786640296256
0.23 0 0.05 2.843034791257716
0.23 0 0.06 2.4980000016085873
0.23 0 0.07 1.926225269349056
0.23 0 0.08 1.7627227127372465
0.23 0 0.09 1.778639230627222
0.23 0 0.1 1.7489800350785065
0.23 0 0.11 1.9709878913042154
0.23 0 0.12 2.527012855460519
0.23 0 0.13 2.7475403900743096
0.23 0 0.14 2.3710132732761475
0.23 0 0.15 2.4534701135174073
0.23 0 0.16 3.556444160539491
0.23 0 0.17 4.35166855130717
0.23 0 0.18 4.296916304413746
0.23 0 0.19 5.296626034619979
0.23 0 0.2 5.236885740003506
0.23 0 0.21 2.954901098088166
0.23 0 0.22 2.209782693166745
0.23 0 0.23 2.5343372534039927
0.23 0 0.24 2.178196281099846
0.23 0 0.25 1.8155056951850141
0.23 0 0.26 1.8482241514916953
0.23 0 0.27 1.3055680138161865
0.23 0 0.28 0.8028186882394179
0.23 0 0.29 0.676497446782002
0.23 0 0.3 0.5596699997837193
0.23 0 0.31 0.4982136408455931
0.23 0 0.32 0.5320818298393257
0.23 0 0.33 0.36311301437104365
0.23 0 0.34 0.19748622501197383
0.23 0 0.35000000000000003 0.16309055069188008
0.23 0 0.36 0.12683289734797776
0.23 0 0.37 0.08852588197472211
0.23 0 0.38 0.1114379903171658
0.23 0 0.39 0.15206449064701552
0.23 0 0.4 0.11897850877892299
0.23 0 0.41000000000000003 0.1026392765889816
0.23 0 0.42 0.12777121853703896
0.23 0 0.43 0.14285326347037344
0.23 0 0.44 0.164867615271345
0.23 0 0.45 0.25576320469744246
0.23 0 0.46 0.3826167936734708
0.23 0 0.47000000000000003 0.4256816107027024
0.23 0 0.48 0.4201550129449604
0.23 0 0.49 0.4755015494144149
0.23 0 0.5 0.6129107577559321
0.24 0 0.0 0.7027644829684571
0.24 0 0.01 0.4481943053982122
0.24 0 0.02 0.4497610137377126
0.24 0 0.03 0.4408360255297674
0.24 0 0.04 0.3606727348142402
0.24 0 0.05 0.5161606702749569
0.24 0 0.06 0.8180905812605624
0.24 0 0.07 0.6832281138102975
0.24 0 0.08 0.6389081236471592
0.24 0 0.09 0.8889233227890896
0.24 0 0.1 0.946560206075789
0.24 0 0.11 1.0201334512253448
0.24 0 0.12 1.4340102695768997
0.24 0 0.13 1.466062204085921
0.24 0 0.14 1.200777617937904
0.24 0 0.15 1.0861625870469176
0.24 0 0.16 0.8567489705650154
0.24 0 0.17 0.7795530563868838
0.24 0 0.18 1.0185118735094718
0.24 0 0.19 1.0847411251215509
0.24 0 0.2 1.0295576192210274
0.24 0 0.21 1.3907765396258334
0.24 0 0.22 1.7246676866376758
0.24 0 0.23 1.6802515381628433
0.24 0 0.24 2.294917954856723
0.24 0 0.25 3.7844621169858224
0.24 0 0.26 4.350190732757917
0.24 0 0.27 4.246968596882413
0.24 0 0.28 4.900782825423553
0.24 0 0.29 5.277058826966711
0.24 0 0.3 4.218841133353869
0.24 0 0.31 3.349349271348439
0.24 0 0.32 3.2208489250011283
0.24 0 0.33 2.589509124641553
0.24 0 0.34 1.646666413145806
0.24 0 0.35000000000000003 1.3391366234350568
0.24 0 0.36 1.252527910925103
0.24 0 0.37 0.9530628950904326
0.24 0 0.38 0.7766967824328528
0.24 0 0.39 0.7059418637278294
0.24 0 0.4 0.5689395251792899
0.24 0 0.41000000000000003 0.5322374471874946
0.24 0 0.42 0.5575273299001345
0.24 0 0.43 0.49283856155664757
0.24 0 0.44 0.5248556263966987
0.24 0 0.45 0.5987672920680134
0.24 0 0.46 0.43516221379871006
0.24 0 0.47000000000000003 0.3859196678377153
0.24 0 0.48 0.598315121232867
0.24 0 0.49 0.6928285969396227
0.24 0 0.5 0.7187912739492833
0.25 0 0.0 0.41531320916445613
0.25 0 0.01 0.41677005656091026
0.25 0 0.02 0.38415425487750277
0.25 0 0.03 0.38534657973624176
0.25 0 0.04 0.4591522494863719
0.25 0 0.05 0.4491237301560048
0.25 0 0.06 0.397389598559603
0.25 0 0.07 0.4721466915983837
0.25 0 0.08 0.6462341323111886
0.25 0 0.09 0.7874565401924988
0.25 0 0.1 1.00477808152248
0.25 0 0.11 1.4813712008268822
0.25 0 0.12 1.7641932922983345
0.25 0 0.13 1.427065332034301
0.25 0 0.14 1.3226927957586136
0.25 0 0.15 1.6757042849160424
0.25 0 0.16 1.5992526093385553
0.25 0 0.17 1.2280098421059633
0.25 0 0.18 1.2271093927796466
0.25 0 0.19 0.994398915369156
0.25 0 0.2 0.547280246484951
0.25 0 0.21 0.4427417649447635
0.25 0 0.22 0.5005017788821567
0.25 0 0.23 0.48852374074789895
0.25 0 0.24 0.5385944313909192
0.25 0 0.25 0.5914751980285599
0.25 0 0.26 0.46344969772802486
0.25 0 0.27 0.4150462571751518
0.25 0 0.28 0.43511447897779876
0.25 0 0.29 0.3770053896751426
0.25 0 0.3 0.425767090702746
0.25 0 0.31 0.5359290086365045
0.25 0 0.32 0.33980829717991573
0.25 0 0.33 0.18944231620304638
0.25 0 0.34 0.16573191859009617
0.25 0 0.35000000000000003 0.11780247719227868
0.25 0 0.36 0.07740564638107196
0.25 0 0.37 0.09064384399793918
0.25 0 0.38 0.10398025039792408
0.25 0 0.39 0.07519350898250474
0.25 0 0.4 0.06334510688111815
0.25 0 0.41000000000000003 0.07338403043667072
0.25 0 0.42 0.08891416016727477
0.25 0 0.43 0.12409598270146921
0.25 0 0.44 0.2035063251748463
0.25 0 0.45 0.3112895802751595
0.25 0 0.46 0.3827954552061304
0.25 0 0.47000000000000003 0.38531552205885666
0.25 0 0.48 0.3915528760137783
0.25 0 0.49 0.4601271261013485
0.25 0 0.5 0.5559606986436616
0.26 0 0.0 0.09830384158797337
0.26 0 0.01 0.09987487814700241
0.26 0 0.02 0.08830402249947744
0.26 0 0.03 0.06645402291920088
0.26 0 0.04 0.08280598633854784
0.26 0 0.05 0.09518392494724706
0.26 0 0.06 0.06489823519969362
0.26 0 0.07 0.05585010759282229
0.26 0 0.08 0.0646879500280367
0.26 0 0.09 0.07280343005203264
0.26 0 0.1 0.11468568260983313
0.26 0 0.11 0.20897384379554604
0.26 0 0.12 0.2834661504051243
0.26 0 0.13 0.4064394451867493
0.26 0 0.14 0.5644150541771169
0.26 0 0.15 0.5425123491785689
0.26 0 0.16 0.634050622731134
0.26 0 0.17 0.9139528922933781
0.26 0 0.18 0.7613241270948058
0.26 0 0.19 0.49006448942933245
0.26 0 0.2 0.4028258374041314
0.26 0 0.21 0.26795601207801106
0.26 0 0.22 0.1429858961552107
0.26 0 0.23 0.11256726594911166
0.26 0 0.24 0.11633651648660463
0.26 0 0.25 0.10031178138052572
0.26 0 0.26 0.08205711830863338
0.26 0 0.27 0.08561859011325768
0.26 0 0.28 0.0997704435307569
0.26 0 0.29 0.1018632418411352
0.26 0 0.3 0.10950933652357828
0.26 0 0.31 0.14389312247938663
0.26 0 0.32 0.1641899699873322
0.26 0 0.33 0.15300325535933074
0.26 0 0.34 0.1591930403484413
0.26 0 0.35000000000000003 0.16669964626321923
0.26 0 0.36 0.1602153444704725
0.26 0 0.37 0.16620562143230594
0.26 0 0.38 0.1552969769207302
0.26 0 0.39 0.13923900833161745
0.26 0 0.4 0.16765361567156098
0.26 0 0.41000000000000003 0.18264703417387607
0.26 0 0.42 0.1606153687244448
0.26 0 0.43 0.2094128070360357
0.26 0 0.44 0.2647929292060627
0.26 0 0.45 0.18830489235333825
0.26 0 0.46 0.17743115806254106
0.26 0 0.47000000000000003 0.2519442881982562
0.26 0 0.48 0.22195805206933963
0.26 0 0.49 0.17990177573720995
0.26 0 0.5 0.21412973274971167
0.27 0 0.0 0.20724496189811872
0.27 0 0.01 0.1948303483745388
0.27 0 0.02 0.21748411103411822
0.27 0 0.03 0.30505252430345003
0.27 0 0.04 0.3201981282104165
0.27 0 0.05 0.27104498867025384
0.27 0 0.06 0.2822353276713189
0.27 0 0.07 0.31242416699585446
0.27 0 0.08 0.27054295724212235
0.27 0 0.09 0.2238848524919604
0.27 0 0.1 0.23023932735734395
0.27 0 0.11 0.21221736172540237
0.27 0 0.12 0.14398040871096762
0.27 0 0.13 0.12857850295316295
0.27 0 0.14 0.17219970468483392
0.27 0 0.15 0.1867697837387372
0.27 0 0.16 0.18186469540948644
0.27 0 0.17 0.2182279671523721
0.27 0 0.18 0.20009369604774568
0.27 0 0.19 0.14140903600360122
0.27 0 0.2 0.1304645025012828
0.27 0 0.21 0.1276148625509718
0.27 0 0.22 0.11965805625184445
0.27 0 0.23 0.1340998382875089
0.27 0 0.24 0.11782844515843191
0.27 0 0.25 0.08489956203825853
0.27 0 0.26 0.09584121497542115
0.27 0 0.27 0.11691257840416251
0.27 0 0.28 0.12123171384576027
0.27 0 0.29 0.21239508361758092
0.27 0 0.3 0.401929254958023
0.27 0 0.31 0.3647812296008283
0.27 0 0.32 0.33282896295324066
0.27 0 0.33 0.4450309648502736
0.27 0 0.34 0.4373366843047594
0.27 0 0.35000000000000003 0.40065446456862386
0.27 0 0.36 0.526884077385034
0.27 0 0.37 0.5545128862079252
0.27 0 0.38 0.3823561709643904
0.27 0 0.39 0.27049334621273435
0.27 0 0.4 0.21687318195370162
0.27 0 0.41000000000000003 0.19939474721625022
0.27 0 0.42 0.2217233874209418
0.27 0 0.43 0.25125273649319774
0.27 0 0.44 0.27178951934669077
0.27 0 0.45 0.2828105106678757
0.27 0 0.46 0.26039465738480844
0.27 0 0.47000000000000003 0.24389146459461206
0.27 0 0.48 0.29312538621596945
0.27 0 0.49 0.4176309383057986
0.27 0 0.5 0.5120622638624933
0.28 0 0.0 0.5396480639761315
0.28 0 0.01 0.41501851708555354
0.28 0 0.02 0.31629225370992914
0.28 0 0.03 0.366792795288526
0.28 0 0.04 0.3485029825790112
0.28 0 0.05 0.24564613826669393
0.28 0 0.06 0.21525903352627968
0.28 0 0.07 0.19218606669194171
0.28 0 0.08 0.18408108636322862
0.28 0 0.09 0.25708138034132183
0.28 0 0.1 0.2905040625401575
0.28 0 0.11 0.23019010060578332
0.28 0 0.12 0.23073363550028625
0.28 0 0.13 0.20580834354383845
0.28 0 0.14 0.131269665247497
0.28 0 0.15 0.13313557835776105
0.28 0 0.16 0.18419038895118908
0.28 0 0.17 0.15813870939939295
0.28 0 0.18 0.1218617435842924
0.28 0 0.19 0.1233086466447148
0.28 0 0.2 0.10580306316457612
0.28 0 0.21 0.07927207188067258
0.28 0 0.22 0.08000535881999098
0.28 0 0.23 0.09635371532233336
0.28 0 0.24 0.09738308443771251
0.28 0 0.25 0.0840095883910433
0.28 0 0.26 0.07930437241844467
0.28 0 0.27 0.0832753045494388
0.28 0 0.28 0.08238838024170733
0.28 0 0.29 0.08486009776735653
0.28 0 0.3 0.09877552726140731
0.28 0 0.31 0.10476866377071203
0.28 0 0.32 0.1004491948082941
0.28 0 0.33 0.09498861101940244
0.28 0 0.34 0.08322965655758303
0.28 0 0.35000000000000003 0.08191123230032199
0.28 0 0.36 0.08759110775283198
0.28 0 0.37 0.06935436240112945
0.28 0 0.38 0.05818315422042648
0.28 0 0.39 0.06998062992324569
0.28 0 0.4 0.06136201083892168
0.28 0 0.41000000000000003 0.04383130925796557
0.28 0 0.42 0.05219279279821064
0.28 0 0.43 0.05446662353322107
0.28 0 0.44 0.033427493337628573
0.28 0 0.45 0.030380411353643458
0.28 0 0.46 0.03762999328423442
0.28 0 0.47000000000000003 0.03197814984038495
0.28 0 0.48 0.030988811589833447
0.28 0 0.49 0.04098256386374944
0.28 0 0.5 0.04232514075659557
0.29 0 0.0 1.095319154297427
0.29 0 0.01 1.0252141593082063
0.29 0 0.02 1.2001686721986793
0.29 0 0.03 1.073068594717954
0.29 0 0.04 0.7902395693975944
0.29 0 0.05 0.7370925555435471
0.29 0 0.06 0.7955264054564513
0.29 0 0.07 0.6998774089805555
0.29 0 0.08 0.5843037048280375
0.29 0 0.09 0.6244317655715946
0.29 0 0.1 0.60994191026708
0.29 0 0.11 0.4407799981427854
0.29 0 0.12 0.40048078276486976
0.29 0 0.13 0.48468274740141176
0.29 0 0.14 0.4914275764635963
0.29 0 0.15 0.49287293383165104
0.29 0 0.16 0.5431787564027651
0.29 0 0.17 0.4738416295857995
0.29 0 0.18 0.41453438066176723
0.29 0 0.19 0.4297385723041857
0.29 0 0.2 0.3856504196104382
0.29 0 0.21 0.3899035329858586
0.29 0 0.22 0.45308838363296433
0.29 0 0.23 0.30629333462549324
0.29 0 0.24 0.18010857571040126
0.29 0 0.25 0.17850333339794536
0.29 0 0.26 0.1545874898358431
0.29 0 0.27 0.11366692224383121
0.29 0 0.28 0.15384708421863136
0.29 0 0.29 0.20446477226530338
0.29 0 0.3 0.14278450784273017
0.29 0 0.31 0.11487189832760372
0.29 0 0.32 0.12381261777290371
0.29 0 0.33 0.10522594662734096
0.29 0 0.34 0.09324986913960981
0.29 0 0.35000000000000003 0.09681802019636053
0.29 0 0.36 0.07551507984587302
0.29 0 0.37 0.046401442920059405
0.29 0 0.38 0.027782276886891066
0.29 0 0.39 0.017359353013868928
0.29 0 0.4 0.014976746963961394
0.29 0 0.41000000000000003 0.017318597679032093
0.29 0 0.42 0.018789353252102514
0.29 0 0.43 0.01980070889355108
0.29 0 0.44 0.022706586933117657
0.29 0 0.45 0.023889069868468008
0.29 0 0.46 0.023616676133763975
0.29 0 0.47000000000000003 0.02949106539383806
0.29 0 0.48 0.04669597270407009
0.29 0 0.49 0.058810523647872884
0.29 0 0.5 0.04996654309397617
0.3 0 0.0 0.3681277849336571
0.3 0 0.01 0.4787851056335057
0.3 0 0.02 0.703699509977049
0.3 0 0.03 0.6911085422088388
0.3 0 0.04 0.5987914754929656
0.3 0 0.05 0.563736178881171
0.3 0 0.06 0.4230225582126655
0.3 0 0.07 0.40982498152643576
0.3 0 0.08 0.609358764417167
0.3 0 0.09 0.5877564067206584
0.3 0 0.1 0.43016171130879816
0.3 0 0.11 0.4541686237225437
0.3 0 0.12 0.39519265826027716
0.3 0 0.13 0.2620479230324269
0.3 0 0.14 0.29949248950409635
0.3 0 0.15 0.43416635077145627
0.3 0 0.16 0.4066674930444531
0.3 0 0.17 0.3512365576581937
0.3 0 0.18 0.3560412890614678
0.3 0 0.19 0.32253505152446377
0.3 0 0.2 0.28096164715463673
0.3 0 0.21 0.2897529752841321
0.3 0 0.22 0.32185117761819765
0.3 0 0.23 0.30706776740968283
0.3 0 0.24 0.22905548256287897
0.3 0 0.25 0.15855189550786475
0.3 0 0.26 0.11866137311434391
0.3 0 0.27 0.09272359843262351
0.3 0 0.28 0.07625615706401816
0.3 0 0.29 0.0645898947850485
0.3 0 0.3 0.054899672838311785
0.3 0 0.31 0.049770936488718054
0.3 0 0.32 0.04049942697695001
0.3 0 0.33 0.029917457647165416
0.3 0 0.34 0.030875629166027794
0.3 0 0.35000000000000003 0.03364451848961969
0.3 0 0.36 0.02331227442050209
0.3 0 0.37 0.018787538671829078
0.3 0 0.38 0.02152998014887144
0.3 0 0.39 0.016177522314451884
0.3 0 0.4 0.011492483102473488
0.3 0 0.41000000000000003 0.01506738389568697
0.3 0 0.42 0.017671591955161922
0.3 0 0.43 0.015629059478247408
0.3 0 0.44 0.022042071537358345
0.3 0 0.45 0.036253997693446366
0.3 0 0.46 0.04668720748762961
0.3 0 0.47000000000000003 0.070619956943346
0.3 0 0.48 0.10198118154367874
0.3 0 0.49 0.10563759369165214
0.3 0 0.5 0.1157374860750547
#STOP
