#MEDIUM_PROPERTIES_DISTRIBUTED
$MSH_TYPE
	 GROUNDWATER_FLOW	
$MMP_TYPE
	 PERMEABILITY	
$DIS_TYPE
	 NEAREST_VALUE	
;hj
$CONVERSION_FACTOR
2e-8;2e-6;2e-13
$DATA
0.0 0 0.0 0.0005782410576183571
0.0 0 0.01 0.0003303944225974551
0.0 0 0.02 0.0003128011885918939
0.0 0 0.03 0.0023064825887747337
0.0 0 0.04 0.0003685848097865648
0.0 0 0.05 0.002749514601455274
0.0 0 0.06 0.0018049843975126002
0.0 0 0.07 0.0013260130002691942
0.0 0 0.08 0.002966310126808698
0.0 0 0.09 0.0012955485595163626
0.0 0 0.1 0.0004091676354404085
0.0 0 0.11 0.0004426456868125768
0.0 0 0.12 0.00041952355243006143
0.0 0 0.13 0.0007426183117869387
0.0 0 0.14 0.0022166218875241434
0.0 0 0.15 0.0037301861481283233
0.0 0 0.16 0.0048940046872764905
0.0 0 0.17 0.010435205786769293
0.0 0 0.18 0.004298783611532172
0.0 0 0.19 0.0033619397892527283
0.0 0 0.2 0.00039312612705629603
0.0 0 0.21 0.00012413191106176388
0.0 0 0.22 6.470830377309131e-05
0.0 0 0.23 7.486679499454246e-05
0.0 0 0.24 0.00013857754907492707
0.0 0 0.25 0.00048304778331734904
0.0 0 0.26 0.0001642360666225422
0.0 0 0.27 0.0005213207273753059
0.0 0 0.28 0.00022171940021410643
0.0 0 0.29 0.0003846449188400171
0.0 0 0.3 0.0005093730166426131
0.0 0 0.31 0.0010875439911541666
0.0 0 0.32 0.0017761182697999323
0.0 0 0.33 0.002505519802929305
0.0 0 0.34 0.004029275139829424
0.0 0 0.35000000000000003 0.00418184410549832
0.0 0 0.36 0.013139598434679758
0.0 0 0.37 0.03398422094810618
0.0 0 0.38 0.06206556579708488
0.0 0 0.39 0.108253831447648
0.0 0 0.4 0.06791708263429826
0.0 0 0.41000000000000003 0.14303652669739272
0.0 0 0.42 0.03213991062754702
0.0 0 0.43 0.08171096272586445
0.0 0 0.44 0.12920248943259263
0.0 0 0.45 0.08096360097794994
0.0 0 0.46 0.30435025522764264
0.0 0 0.47000000000000003 0.11895709203802746
0.0 0 0.48 0.04067732840136947
0.0 0 0.49 0.18432649710324928
0.0 0 0.5 0.04041319290374306
0.01 0 0.0 0.00046722396190385714
0.01 0 0.01 0.0006093903072002415
0.01 0 0.02 0.00017949376584968832
0.01 0 0.03 0.00021595141430017222
0.01 0 0.04 0.0002730185908253967
0.01 0 0.05 0.0008528231756420088
0.01 0 0.06 0.0025248972761141974
0.01 0 0.07 0.007268870293519353
0.01 0 0.08 0.0023246808807729225
0.01 0 0.09 0.002506645488926298
0.01 0 0.1 0.006245844980126721
0.01 0 0.11 0.003178640036490353
0.01 0 0.12 0.01260194728170771
0.01 0 0.13 0.007367831520366107
0.01 0 0.14 0.010085033066177765
0.01 0 0.15 0.009338500920136775
0.01 0 0.16 0.0049508516281146575
0.01 0 0.17 0.005493370634445422
0.01 0 0.18 0.002534973442291844
0.01 0 0.19 0.009168936322833882
0.01 0 0.2 0.003812102964527809
0.01 0 0.21 0.0008864147109783658
0.01 0 0.22 0.0005740880538261213
0.01 0 0.23 0.00019834957853826646
0.01 0 0.24 0.00012361523821038066
0.01 0 0.25 0.00031160629116778007
0.01 0 0.26 0.00013478283840396386
0.01 0 0.27 0.00014218568220652103
0.01 0 0.28 0.00019968928876934553
0.01 0 0.29 7.323156969233453e-05
0.01 0 0.3 3.435084311874383e-05
0.01 0 0.31 0.00018194419974258737
0.01 0 0.32 0.00026064666341980093
0.01 0 0.33 0.0010929225114571037
0.01 0 0.34 0.003061154258927542
0.01 0 0.35000000000000003 0.0008606273215511291
0.01 0 0.36 0.006118357110578764
0.01 0 0.37 0.0180330341424419
0.01 0 0.38 0.04819468996640103
0.01 0 0.39 0.09476143378829506
0.01 0 0.4 0.018950092397044732
0.01 0 0.41000000000000003 0.03191879969077052
0.01 0 0.42 0.02777444693630913
0.01 0 0.43 0.07279914116094913
0.01 0 0.44 0.05106770439247481
0.01 0 0.45 0.0747034969337826
0.01 0 0.46 0.051579255087585804
0.01 0 0.47000000000000003 0.3659900182595073
0.01 0 0.48 1.0286568908210751
0.01 0 0.49 0.7468100131476536
0.01 0 0.5 2.032035406877104
0.02 0 0.0 0.005632392397573684
0.02 0 0.01 0.02332066500972792
0.02 0 0.02 0.03210653530997517
0.02 0 0.03 0.02641694499514965
0.02 0 0.04 0.0061398194933241414
0.02 0 0.05 0.0014161584178399458
0.02 0 0.06 0.0014778816728330383
0.02 0 0.07 0.007754033499761944
0.02 0 0.08 0.017033640574660773
0.02 0 0.09 0.03082633250321171
0.02 0 0.1 0.01566829215358049
0.02 0 0.11 0.005492124512889911
0.02 0 0.12 0.005461210026472198
0.02 0 0.13 0.003194957523719288
0.02 0 0.14 0.0038417704349059437
0.02 0 0.15 0.0017787446861757654
0.02 0 0.16 0.0025349112178058232
0.02 0 0.17 0.0036964566643798184
0.02 0 0.18 0.007913466377265898
0.02 0 0.19 0.005741887093745577
0.02 0 0.2 0.001833146244430357
0.02 0 0.21 0.0024655037260242615
0.02 0 0.22 0.0007099491768125235
0.02 0 0.23 0.004593700954082253
0.02 0 0.24 0.005413875279675902
0.02 0 0.25 0.002327514345806161
0.02 0 0.26 0.006716870492253307
0.02 0 0.27 0.0009021082064576941
0.02 0 0.28 0.0005615293687066608
0.02 0 0.29 0.00044002061997104163
0.02 0 0.3 0.0003273664231342094
0.02 0 0.31 0.0004171956602297045
0.02 0 0.32 0.002243213330031852
0.02 0 0.33 0.002837712230204868
0.02 0 0.34 0.006032987058689183
0.02 0 0.35000000000000003 0.0076880745579859
0.02 0 0.36 0.005423889077349329
0.02 0 0.37 0.005148755233331733
0.02 0 0.38 0.024333461077096556
0.02 0 0.39 0.05666143412262597
0.02 0 0.4 0.05375891739167645
0.02 0 0.41000000000000003 0.03810021121989505
0.02 0 0.42 0.01490324688164031
0.02 0 0.43 0.01877537520453067
0.02 0 0.44 0.027348522503320993
0.02 0 0.45 0.05944800868842806
0.02 0 0.46 0.026335416092393274
0.02 0 0.47000000000000003 0.04209532289127981
0.02 0 0.48 0.29437269241067854
0.02 0 0.49 0.1288203581795747
0.02 0 0.5 1.1540718356427877
0.03 0 0.0 0.006988844372727686
0.03 0 0.01 0.06829363583740494
0.03 0 0.02 0.09821135001960102
0.03 0 0.03 0.03958141834061219
0.03 0 0.04 0.035870758938530894
0.03 0 0.05 0.03325808790045721
0.03 0 0.06 0.034128193105342354
0.03 0 0.07 0.07594648872565486
0.03 0 0.08 0.1306580382224706
0.03 0 0.09 0.09565342764133773
0.03 0 0.1 0.01859655364627032
0.03 0 0.11 0.019830050372337045
0.03 0 0.12 0.010416888777087335
0.03 0 0.13 0.011088536798780973
0.03 0 0.14 0.019523263203516758
0.03 0 0.15 0.005397886483129948
0.03 0 0.16 0.0013892089594797245
0.03 0 0.17 0.0009084052958909771
0.03 0 0.18 0.0002920454566551234
0.03 0 0.19 0.0007018253272242879
0.03 0 0.2 0.0022732232924719893
0.03 0 0.21 0.02441299214937906
0.03 0 0.22 0.03703950436944996
0.03 0 0.23 0.17546458798739478
0.03 0 0.24 0.11523834627029157
0.03 0 0.25 0.07139801730512034
0.03 0 0.26 0.15177843033007238
0.03 0 0.27 0.03918364089001278
0.03 0 0.28 0.045799561914867545
0.03 0 0.29 0.014510405412047745
0.03 0 0.3 0.012153658713019575
0.03 0 0.31 0.003883509327467442
0.03 0 0.32 0.006286388659197142
0.03 0 0.33 0.005381914499158265
0.03 0 0.34 0.0064450949531425815
0.03 0 0.35000000000000003 0.011583557769040367
0.03 0 0.36 0.00485791448518212
0.03 0 0.37 0.017789079237666955
0.03 0 0.38 0.019853734323057773
0.03 0 0.39 0.02741347797322963
0.03 0 0.4 0.06692642529312183
0.03 0 0.41000000000000003 0.023627804272602613
0.03 0 0.42 0.06310017084679363
0.03 0 0.43 0.03168439454846312
0.03 0 0.44 0.013956777090939856
0.03 0 0.45 0.004189296904737272
0.03 0 0.46 0.007470016513691735
0.03 0 0.47000000000000003 0.006391682505776111
0.03 0 0.48 0.02047175696939965
0.03 0 0.49 0.02846817549514702
0.03 0 0.5 0.01763480249744145
0.04 0 0.0 0.0011939905411567733
0.04 0 0.01 0.004006190125065832
0.04 0 0.02 0.016166857530906426
0.04 0 0.03 0.09358347741401399
0.04 0 0.04 0.1808725383329214
0.04 0 0.05 0.2532703124850242
0.04 0 0.06 0.27483015177319253
0.04 0 0.07 0.5588937882904301
0.04 0 0.08 2.429778158941345
0.04 0 0.09 1.1359245282710646
0.04 0 0.1 0.9938092177456227
0.04 0 0.11 0.5553922420710062
0.04 0 0.12 0.2506574154390153
0.04 0 0.13 1.132462726779202
0.04 0 0.14 0.0630652073401757
0.04 0 0.15 0.08327605667773942
0.04 0 0.16 0.04787960400516118
0.04 0 0.17 0.06177728798624952
0.04 0 0.18 0.11236661198892625
0.04 0 0.19 0.11721410039225097
0.04 0 0.2 0.014193254046832032
0.04 0 0.21 0.014605316725541826
0.04 0 0.22 0.01868088564736403
0.04 0 0.23 0.01065798927779182
0.04 0 0.24 0.044359839842666636
0.04 0 0.25 0.0706306474871999
0.04 0 0.26 0.01597778429736819
0.04 0 0.27 0.030457250639574083
0.04 0 0.28 0.009054468115428189
0.04 0 0.29 0.0020888493705157993
0.04 0 0.3 0.0062658974177393235
0.04 0 0.31 0.0027898021711184485
0.04 0 0.32 0.002911797965316252
0.04 0 0.33 0.004930489338478328
0.04 0 0.34 0.0016622343363171083
0.04 0 0.35000000000000003 0.0014037666951694444
0.04 0 0.36 0.00029909220580714475
0.04 0 0.37 0.00031396842519878165
0.04 0 0.38 0.0001223462312795279
0.04 0 0.39 0.00030650800977145273
0.04 0 0.4 0.0017423509957467025
0.04 0 0.41000000000000003 0.001176240456020771
0.04 0 0.42 0.0032636683670754954
0.04 0 0.43 0.0026757101736636993
0.04 0 0.44 0.0035787501452795405
0.04 0 0.45 0.0061939105700542065
0.04 0 0.46 0.010103647538767038
0.04 0 0.47000000000000003 0.001771354830587419
0.04 0 0.48 0.0030136677351607693
0.04 0 0.49 0.003975531916821199
0.04 0 0.5 0.005818134909514496
0.05 0 0.0 0.006257256310944033
0.05 0 0.01 0.012257964157912096
0.05 0 0.02 0.008136801366389826
0.05 0 0.03 0.07536527815732158
0.05 0 0.04 0.10275860803355807
0.05 0 0.05 0.13209982627779068
0.05 0 0.06 1.3990061258944213
0.05 0 0.07 0.6318356573032256
0.05 0 0.08 0.8644080762888218
0.05 0 0.09 1.22001426175706
0.05 0 0.1 0.38624950517070394
0.05 0 0.11 0.20865831213204672
0.05 0 0.12 0.09999619328350055
0.05 0 0.13 0.09542594099454231
0.05 0 0.14 0.07605675349978953
0.05 0 0.15 0.3834834444864656
0.05 0 0.16 0.11042927538072701
0.05 0 0.17 0.10312500838238285
0.05 0 0.18 0.038813217067091656
0.05 0 0.19 0.022855806372488633
0.05 0 0.2 0.031413157623241164
0.05 0 0.21 0.010640247852170374
0.05 0 0.22 0.017090570713252234
0.05 0 0.23 0.009188289014824253
0.05 0 0.24 0.008617034711350852
0.05 0 0.25 0.008235119913134484
0.05 0 0.26 0.002364524015247502
0.05 0 0.27 0.003283966325030788
0.05 0 0.28 0.004584644603683355
0.05 0 0.29 0.015183603591465204
0.05 0 0.3 0.05984074084242527
0.05 0 0.31 0.13286863482592426
0.05 0 0.32 0.08019638273323379
0.05 0 0.33 0.03559991972473481
0.05 0 0.34 0.004028051228656291
0.05 0 0.35000000000000003 0.002734685928049703
0.05 0 0.36 0.004533112633900923
0.05 0 0.37 0.0028198677252618425
0.05 0 0.38 0.00315377711241367
0.05 0 0.39 0.00164949201722561
0.05 0 0.4 0.00031576349168494243
0.05 0 0.41000000000000003 0.0048927128449194075
0.05 0 0.42 0.004678062804678319
0.05 0 0.43 0.005752057553813279
0.05 0 0.44 0.05564406035788954
0.05 0 0.45 0.008169869755137619
0.05 0 0.46 0.03199117675865022
0.05 0 0.47000000000000003 0.040474726529527216
0.05 0 0.48 0.015038215299840202
0.05 0 0.49 0.02988496904222536
0.05 0 0.5 0.07345180976017952
0.06 0 0.0 0.01585128466265742
0.06 0 0.01 0.01868258824726902
0.06 0 0.02 0.06094771058360652
0.06 0 0.03 0.02734889431155934
0.06 0 0.04 0.04922495496651997
0.06 0 0.05 0.28475433275927814
0.06 0 0.06 0.8654139183821173
0.06 0 0.07 6.042287356417671
0.06 0 0.08 8.548042246631452
0.06 0 0.09 5.351894662031926
0.06 0 0.1 3.58714058026576
0.06 0 0.11 2.1738332514646075
0.06 0 0.12 0.9450867438881996
0.06 0 0.13 0.20345001206525057
0.06 0 0.14 0.14684474795896335
0.06 0 0.15 0.024785070325786734
0.06 0 0.16 0.006807928853793537
0.06 0 0.17 0.017725175499320955
0.06 0 0.18 0.007884060105699408
0.06 0 0.19 0.01234089953928524
0.06 0 0.2 0.03307307236894117
0.06 0 0.21 0.004222010681981899
0.06 0 0.22 0.006435403308613341
0.06 0 0.23 0.008197792315282556
0.06 0 0.24 0.009636911205699726
0.06 0 0.25 0.01494444811146072
0.06 0 0.26 0.11185774855962116
0.06 0 0.27 0.02308777436667525
0.06 0 0.28 0.02240384665038267
0.06 0 0.29 0.02151584838551662
0.06 0 0.3 0.001968722607711949
0.06 0 0.31 0.006737252506871909
0.06 0 0.32 0.005659429371181192
0.06 0 0.33 0.002514150124576597
0.06 0 0.34 0.009074159076428293
0.06 0 0.35000000000000003 0.008219475763299351
0.06 0 0.36 0.009116408966522995
0.06 0 0.37 0.010158538967406785
0.06 0 0.38 0.005574618342956306
0.06 0 0.39 0.003921545079028057
0.06 0 0.4 0.006038206238169601
0.06 0 0.41000000000000003 0.005375001704175121
0.06 0 0.42 0.009293738841847667
0.06 0 0.43 0.010163391734486106
0.06 0 0.44 0.03320341721735268
0.06 0 0.45 0.0371398491803642
0.06 0 0.46 0.045050092032333754
0.06 0 0.47000000000000003 0.03211062804364882
0.06 0 0.48 0.036720030355926234
0.06 0 0.49 0.038623752498375026
0.06 0 0.5 0.04390774326522112
0.07 0 0.0 0.0005705225014061011
0.07 0 0.01 0.0011391821178055178
0.07 0 0.02 0.00214981695368334
0.07 0 0.03 0.00065235574922799
0.07 0 0.04 0.003297473367219383
0.07 0 0.05 0.029276807164265818
0.07 0 0.06 0.06716852221596521
0.07 0 0.07 1.04346139999594
0.07 0 0.08 0.8318665863748778
0.07 0 0.09 0.9195365210597765
0.07 0 0.1 1.0856241547555583
0.07 0 0.11 0.3570330406362242
0.07 0 0.12 0.07477704950216726
0.07 0 0.13 0.05097202000307238
0.07 0 0.14 0.04052615709412044
0.07 0 0.15 0.06871929878964778
0.07 0 0.16 0.1476385070127219
0.07 0 0.17 0.050512389585880044
0.07 0 0.18 0.0501865819696898
0.07 0 0.19 0.04716455314558313
0.07 0 0.2 0.057528739353367005
0.07 0 0.21 0.07551169025152066
0.07 0 0.22 0.04558150405899001
0.07 0 0.23 0.010679093350006255
0.07 0 0.24 0.02099372312450029
0.07 0 0.25 0.007662405934411543
0.07 0 0.26 0.008120818641015048
0.07 0 0.27 0.0015750074126869818
0.07 0 0.28 0.0005871302394672707
0.07 0 0.29 0.0003877226590391401
0.07 0 0.3 0.0009873089669683722
0.07 0 0.31 0.0046997828218294894
0.07 0 0.32 0.0029587703917767
0.07 0 0.33 0.006362554439235904
0.07 0 0.34 0.00419870552220351
0.07 0 0.35000000000000003 0.0017218550690533292
0.07 0 0.36 0.006050481641205992
0.07 0 0.37 0.0030096176698897253
0.07 0 0.38 0.0060505987146435136
0.07 0 0.39 0.002595004897707807
0.07 0 0.4 0.006338430015649346
0.07 0 0.41000000000000003 0.0009556331883355073
0.07 0 0.42 0.009174264805872922
0.07 0 0.43 0.018030289305860484
0.07 0 0.44 0.013393980964773832
0.07 0 0.45 0.14733021114419664
0.07 0 0.46 0.23162318907488505
0.07 0 0.47000000000000003 0.283493864781723
0.07 0 0.48 1.1499780812939597
0.07 0 0.49 0.13634264027250584
0.07 0 0.5 0.030664104085493415
0.08 0 0.0 0.0012006768448288077
0.08 0 0.01 0.003745719729066955
0.08 0 0.02 0.0074586539005893565
0.08 0 0.03 0.017816139236140827
0.08 0 0.04 0.024100948824284717
0.08 0 0.05 0.03177119560040431
0.08 0 0.06 0.21403018314269684
0.08 0 0.07 0.6731810265054406
0.08 0 0.08 0.3926018433934694
0.08 0 0.09 1.5034662546071007
0.08 0 0.1 0.1318769808044372
0.08 0 0.11 0.1520702635088931
0.08 0 0.12 0.06952440565748524
0.08 0 0.13 0.027103203179982972
0.08 0 0.14 0.004900046407527644
0.08 0 0.15 0.004694777167291235
0.08 0 0.16 0.010120035866581516
0.08 0 0.17 0.006208851161963552
0.08 0 0.18 0.07039649380574482
0.08 0 0.19 0.030940967059855648
0.08 0 0.2 0.03771361966907065
0.08 0 0.21 0.29986138156064174
0.08 0 0.22 0.1028410851326915
0.08 0 0.23 0.06677709614848634
0.08 0 0.24 0.06774511236398471
0.08 0 0.25 0.020439269970187
0.08 0 0.26 0.01823935036657981
0.08 0 0.27 0.03521793024046271
0.08 0 0.28 0.00870079586993524
0.08 0 0.29 0.008220908818601321
0.08 0 0.3 0.011197312836128827
0.08 0 0.31 0.004080332304567544
0.08 0 0.32 0.004560513582393389
0.08 0 0.33 0.005326603846343619
0.08 0 0.34 0.004430068448629003
0.08 0 0.35000000000000003 0.0060185763688922434
0.08 0 0.36 0.011937681809597834
0.08 0 0.37 0.005143548538054528
0.08 0 0.38 0.02248721273516692
0.08 0 0.39 0.014208975212630079
0.08 0 0.4 0.03432488530578632
0.08 0 0.41000000000000003 0.02707622131695704
0.08 0 0.42 0.059957170156016
0.08 0 0.43 0.07418267490966768
0.08 0 0.44 0.20594381947682128
0.08 0 0.45 0.186119454127266
0.08 0 0.46 0.10420433854467466
0.08 0 0.47000000000000003 0.17153179305078758
0.08 0 0.48 0.09878044723134817
0.08 0 0.49 0.16227330463950349
0.08 0 0.5 0.18127856088871397
0.09 0 0.0 0.6661327432329248
0.09 0 0.01 0.5413774950861784
0.09 0 0.02 0.7004040748465782
0.09 0 0.03 0.8910922067458373
0.09 0 0.04 0.10396759336860492
0.09 0 0.05 0.08867280617468924
0.09 0 0.06 0.03605448985453946
0.09 0 0.07 0.02398410245147407
0.09 0 0.08 0.08184609683365823
0.09 0 0.09 0.22136681725036317
0.09 0 0.1 0.18622674344464418
0.09 0 0.11 0.6386127989264385
0.09 0 0.12 0.13448055119697083
0.09 0 0.13 0.07311883075099736
0.09 0 0.14 0.07759760524052979
0.09 0 0.15 0.022663634308109595
0.09 0 0.16 0.05470114335075002
0.09 0 0.17 0.029347319161319687
0.09 0 0.18 0.011434550790929872
0.09 0 0.19 0.008504666201792075
0.09 0 0.2 0.008275777730507495
0.09 0 0.21 0.005138185155250686
0.09 0 0.22 0.012610365663208715
0.09 0 0.23 0.036037695184371776
0.09 0 0.24 0.026902728327658918
0.09 0 0.25 0.1957774188594865
0.09 0 0.26 0.07079618601591214
0.09 0 0.27 0.12318428342661018
0.09 0 0.28 0.13188276890531234
0.09 0 0.29 0.24767614095384327
0.09 0 0.3 0.4387290547059861
0.09 0 0.31 0.23591625388721338
0.09 0 0.32 0.6100085111806651
0.09 0 0.33 0.06564231083036616
0.09 0 0.34 0.05004125173772259
0.09 0 0.35000000000000003 0.07263605682466068
0.09 0 0.36 0.02545304089386206
0.09 0 0.37 0.14508626977483632
0.09 0 0.38 0.26915426575438905
0.09 0 0.39 0.09151355300745416
0.09 0 0.4 0.2915135330039317
0.09 0 0.41000000000000003 0.3977148220080377
0.09 0 0.42 0.29081892298291445
0.09 0 0.43 0.4188590459254622
0.09 0 0.44 0.2741741106677658
0.09 0 0.45 0.054870256530372676
0.09 0 0.46 0.09930687221814133
0.09 0 0.47000000000000003 0.23530615240902428
0.09 0 0.48 0.13891862423902054
0.09 0 0.49 0.7466509805094844
0.09 0 0.5 0.5962245887043827
0.1 0 0.0 0.1607591512433902
0.1 0 0.01 1.6607033781380662
0.1 0 0.02 0.3225193702067391
0.1 0 0.03 0.17211653002699848
0.1 0 0.04 0.0711676684463305
0.1 0 0.05 0.04407404297550339
0.1 0 0.06 0.03273276757289131
0.1 0 0.07 0.055572186934903255
0.1 0 0.08 0.04235404410582886
0.1 0 0.09 0.006996249456753417
0.1 0 0.1 0.013643757834176892
0.1 0 0.11 0.005255064023482444
0.1 0 0.12 0.012581302882304203
0.1 0 0.13 0.01997430681448229
0.1 0 0.14 0.03389779075659187
0.1 0 0.15 0.020411003885170448
0.1 0 0.16 0.035326530246370114
0.1 0 0.17 0.14108254878194024
0.1 0 0.18 0.15662398567823888
0.1 0 0.19 0.2388098867900385
0.1 0 0.2 0.26274137187123237
0.1 0 0.21 0.02961938371592132
0.1 0 0.22 0.14367028210971688
0.1 0 0.23 0.21686681098981261
0.1 0 0.24 0.060863523051834796
0.1 0 0.25 0.186850626012717
0.1 0 0.26 0.043043893478002006
0.1 0 0.27 0.05073260783636646
0.1 0 0.28 0.2490952686032671
0.1 0 0.29 0.0918782391451007
0.1 0 0.3 0.13720073537086958
0.1 0 0.31 0.2118734729692437
0.1 0 0.32 0.17763641200925112
0.1 0 0.33 0.2397549844603142
0.1 0 0.34 0.3458761425663035
0.1 0 0.35000000000000003 0.11634428243464366
0.1 0 0.36 0.8256433902938314
0.1 0 0.37 1.2051469625344795
0.1 0 0.38 2.280500237786184
0.1 0 0.39 9.455140611602967
0.1 0 0.4 3.0451124055882444
0.1 0 0.41000000000000003 4.099691989311532
0.1 0 0.42 2.861764296342306
0.1 0 0.43 1.4230958955385167
0.1 0 0.44 1.1647164778444417
0.1 0 0.45 0.6573606295842995
0.1 0 0.46 0.20145729385300726
0.1 0 0.47000000000000003 0.16150916881370764
0.1 0 0.48 0.42049939772748934
0.1 0 0.49 0.877458488415278
0.1 0 0.5 0.5366625482576513
0.11 0 0.0 0.009797693947534753
0.11 0 0.01 0.010761333036597553
0.11 0 0.02 0.005961594234709893
0.11 0 0.03 0.00938663535031128
0.11 0 0.04 0.012856492506766157
0.11 0 0.05 0.015214003680014148
0.11 0 0.06 0.010068396916451205
0.11 0 0.07 0.006125732666535813
0.11 0 0.08 0.003847541861890569
0.11 0 0.09 0.00425145077705262
0.11 0 0.1 0.016693676729220723
0.11 0 0.11 0.00655959044094342
0.11 0 0.12 0.047571462148005325
0.11 0 0.13 0.030034401110826774
0.11 0 0.14 0.06183343969279476
0.11 0 0.15 0.1105746901688016
0.11 0 0.16 0.0398598020414937
0.11 0 0.17 0.03936870306622662
0.11 0 0.18 0.18980737798639585
0.11 0 0.19 0.1414664377519613
0.11 0 0.2 0.1513279924591705
0.11 0 0.21 0.15640262251137052
0.11 0 0.22 0.0714544962504183
0.11 0 0.23 0.20621308184759155
0.11 0 0.24 2.2302226077949867
0.11 0 0.25 0.43543359504161167
0.11 0 0.26 0.5264423876051577
0.11 0 0.27 0.1301470625203786
0.11 0 0.28 0.029220414989538104
0.11 0 0.29 0.08976474220100972
0.11 0 0.3 0.2560327413200633
0.11 0 0.31 0.46582132294590023
0.11 0 0.32 2.6874239836997074
0.11 0 0.33 1.593701099704762
0.11 0 0.34 2.8739861265896876
0.11 0 0.35000000000000003 0.5548197931393528
0.11 0 0.36 2.4894726827797644
0.11 0 0.37 1.7103471092954468
0.11 0 0.38 3.6061734019492033
0.11 0 0.39 9.477081432733865
0.11 0 0.4 1.9557599093397096
0.11 0 0.41000000000000003 1.5917868235751869
0.11 0 0.42 1.7211075484811336
0.11 0 0.43 1.4347437181583258
0.11 0 0.44 0.8916547329148096
0.11 0 0.45 1.2731969410266706
0.11 0 0.46 0.3925575090580133
0.11 0 0.47000000000000003 0.17465668798868317
0.11 0 0.48 0.32225190572996915
0.11 0 0.49 0.022768083003800683
0.11 0 0.5 0.05397786200499646
0.12 0 0.0 0.25959002619409505
0.12 0 0.01 0.14618635765315374
0.12 0 0.02 0.29843180638926436
0.12 0 0.03 0.09585344052080326
0.12 0 0.04 0.016419021023648776
0.12 0 0.05 0.021232245030323144
0.12 0 0.06 0.016941114680233366
0.12 0 0.07 0.03417935229242811
0.12 0 0.08 0.05637012420659289
0.12 0 0.09 0.07537398845112994
0.12 0 0.1 0.0419850737927254
0.12 0 0.11 0.033215351856730364
0.12 0 0.12 0.1625365919375536
0.12 0 0.13 0.11778744854202225
0.12 0 0.14 0.5391046609611369
0.12 0 0.15 0.5388277240393834
0.12 0 0.16 0.47686968373906685
0.12 0 0.17 0.9189528164542985
0.12 0 0.18 1.3369858577689162
0.12 0 0.19 1.8791305470346915
0.12 0 0.2 2.335287384685138
0.12 0 0.21 8.938911355237865
0.12 0 0.22 9.428315102293274
0.12 0 0.23 17.37136661661923
0.12 0 0.24 17.724367116211834
0.12 0 0.25 3.709917342358507
0.12 0 0.26 4.830739196591594
0.12 0 0.27 1.2889120218231178
0.12 0 0.28 3.031208539846772
0.12 0 0.29 3.5048780927565173
0.12 0 0.3 10.109062424905213
0.12 0 0.31 7.6117846964427835
0.12 0 0.32 12.736766572335387
0.12 0 0.33 4.754838673972807
0.12 0 0.34 5.0499192996883915
0.12 0 0.35000000000000003 2.721719917631819
0.12 0 0.36 1.225425574935782
0.12 0 0.37 1.0950576514243036
0.12 0 0.38 1.6768505851903392
0.12 0 0.39 0.43805378076136464
0.12 0 0.4 0.4638512003287378
0.12 0 0.41000000000000003 0.17092669701289012
0.12 0 0.42 0.06525931733349176
0.12 0 0.43 0.32553499828684734
0.12 0 0.44 0.30177489128547613
0.12 0 0.45 0.14572744693640924
0.12 0 0.46 0.3648988162738418
0.12 0 0.47000000000000003 0.06207406874815705
0.12 0 0.48 0.08332437856448129
0.12 0 0.49 0.05166261805585741
0.12 0 0.5 0.06760002147421998
0.13 0 0.0 0.26438688563118273
0.13 0 0.01 0.07829961861682147
0.13 0 0.02 0.042059669918596596
0.13 0 0.03 0.045770401864303374
0.13 0 0.04 0.08555927470265791
0.13 0 0.05 0.09490630466911405
0.13 0 0.06 0.09182341566393191
0.13 0 0.07 0.13823206094051035
0.13 0 0.08 0.38150725925989104
0.13 0 0.09 0.28507745878403395
0.13 0 0.1 0.7149706899534353
0.13 0 0.11 0.9476840118957015
0.13 0 0.12 0.6019629780865565
0.13 0 0.13 3.0571412741751383
0.13 0 0.14 1.8640340638500397
0.13 0 0.15 0.9917457815501611
0.13 0 0.16 3.2826577855071006
0.13 0 0.17 1.1056155930996219
0.13 0 0.18 1.1755650985727077
0.13 0 0.19 8.393557359360171
0.13 0 0.2 2.408259097973416
0.13 0 0.21 4.741412054841511
0.13 0 0.22 1.767207186484103
0.13 0 0.23 0.7960610878008723
0.13 0 0.24 2.0246672208779852
0.13 0 0.25 8.677516484753149
0.13 0 0.26 36.12661233247163
0.13 0 0.27 21.89789631803979
0.13 0 0.28 120.70180957502531
0.13 0 0.29 45.574023491913465
0.13 0 0.3 68.88970869496711
0.13 0 0.31 33.286095121284376
0.13 0 0.32 4.452211772051324
0.13 0 0.33 1.6000255965891215
0.13 0 0.34 0.5145131466017495
0.13 0 0.35000000000000003 0.46918598185055305
0.13 0 0.36 0.1557712875313569
0.13 0 0.37 0.2842001190593781
0.13 0 0.38 0.316022045516969
0.13 0 0.39 0.458438648362429
0.13 0 0.4 3.2219785362260547
0.13 0 0.41000000000000003 3.9208490886038936
0.13 0 0.42 6.03020165994954
0.13 0 0.43 2.8681626893419905
0.13 0 0.44 1.4950219188595117
0.13 0 0.45 0.7617115598864254
0.13 0 0.46 1.6469611620208466
0.13 0 0.47000000000000003 1.259788623590343
0.13 0 0.48 0.7766954398597304
0.13 0 0.49 0.40038520911832925
0.13 0 0.5 0.4184348299803127
0.14 0 0.0 1.7561015919045984
0.14 0 0.01 2.3789419154589337
0.14 0 0.02 0.38338739959258494
0.14 0 0.03 0.19745854956516293
0.14 0 0.04 0.22654826613937665
0.14 0 0.05 0.0279575236498223
0.14 0 0.06 0.21201837386670427
0.14 0 0.07 0.09420678634306295
0.14 0 0.08 0.3653678532866484
0.14 0 0.09 0.5192819444721813
0.14 0 0.1 0.5776513823486968
0.14 0 0.11 1.8038108460114735
0.14 0 0.12 1.0503916353495681
0.14 0 0.13 1.3030483474559136
0.14 0 0.14 1.1000925121315228
0.14 0 0.15 1.4970549684712722
0.14 0 0.16 4.256652575192262
0.14 0 0.17 9.871801827522585
0.14 0 0.18 4.0034891300103554
0.14 0 0.19 1.5706362600827501
0.14 0 0.2 0.7162905833837646
0.14 0 0.21 0.3038684126005547
0.14 0 0.22 1.2186142319481859
0.14 0 0.23 1.6898750954171649
0.14 0 0.24 5.829600541496881
0.14 0 0.25 16.163858989355138
0.14 0 0.26 33.20705829929227
0.14 0 0.27 85.382771352574
0.14 0 0.28 73.02010462597774
0.14 0 0.29 44.81037093944665
0.14 0 0.3 65.32318457782547
0.14 0 0.31 16.74536834130592
0.14 0 0.32 7.047985700771912
0.14 0 0.33 1.2896334967758687
0.14 0 0.34 0.06284353788921385
0.14 0 0.35000000000000003 0.10399511762636357
0.14 0 0.36 0.10620270219203756
0.14 0 0.37 0.24332697785324886
0.14 0 0.38 0.4716068232174247
0.14 0 0.39 1.3735535692012033
0.14 0 0.4 1.5891825957897099
0.14 0 0.41000000000000003 4.592525899371966
0.14 0 0.42 6.390436338600983
0.14 0 0.43 0.6137230786903359
0.14 0 0.44 1.2969192401466751
0.14 0 0.45 0.7050531514256624
0.14 0 0.46 0.3966683429560338
0.14 0 0.47000000000000003 1.6834937689122484
0.14 0 0.48 1.1520462237941402
0.14 0 0.49 2.331379440505123
0.14 0 0.5 3.1683207032422986
0.15 0 0.0 0.021745246812169834
0.15 0 0.01 0.007693074236899255
0.15 0 0.02 0.007532598133709722
0.15 0 0.03 0.00412593268573913
0.15 0 0.04 0.021787721248646256
0.15 0 0.05 0.04831775109976868
0.15 0 0.06 0.22904104892572102
0.15 0 0.07 0.12114895593282554
0.15 0 0.08 0.20778770998841387
0.15 0 0.09 0.16077666631446205
0.15 0 0.1 0.2090880434804498
0.15 0 0.11 0.28996082543510526
0.15 0 0.12 0.4734212253322398
0.15 0 0.13 0.21862915164539493
0.15 0 0.14 0.2855028302578861
0.15 0 0.15 0.34483341384839744
0.15 0 0.16 0.04976724730932689
0.15 0 0.17 0.10417641247060262
0.15 0 0.18 0.1483970427033858
0.15 0 0.19 0.052543893915476696
0.15 0 0.2 1.2295053608904574
0.15 0 0.21 0.32377040036438653
0.15 0 0.22 1.6462870869924322
0.15 0 0.23 6.058646951251659
0.15 0 0.24 10.35042509996215
0.15 0 0.25 23.549210458493683
0.15 0 0.26 38.48455305238369
0.15 0 0.27 22.946130654188735
0.15 0 0.28 25.43584094730748
0.15 0 0.29 30.81466977729632
0.15 0 0.3 58.006235163656065
0.15 0 0.31 77.12462782520505
0.15 0 0.32 58.39564781159817
0.15 0 0.33 13.495078018092592
0.15 0 0.34 6.181349560100095
0.15 0 0.35000000000000003 3.6514535156495387
0.15 0 0.36 4.110078897869452
0.15 0 0.37 2.897305989638744
0.15 0 0.38 0.38781383199534564
0.15 0 0.39 0.22195146711129177
0.15 0 0.4 0.09189826754397079
0.15 0 0.41000000000000003 0.07540620299237463
0.15 0 0.42 0.10980463961132159
0.15 0 0.43 0.034150223367182146
0.15 0 0.44 0.035832401003992924
0.15 0 0.45 0.05069198628173195
0.15 0 0.46 0.22964731729743898
0.15 0 0.47000000000000003 0.560103948884234
0.15 0 0.48 1.4580589515621112
0.15 0 0.49 1.493875006718565
0.15 0 0.5 0.7324995651923216
0.16 0 0.0 0.0032851144983592614
0.16 0 0.01 0.005863960867127288
0.16 0 0.02 0.015646126069975085
0.16 0 0.03 0.006037621392077953
0.16 0 0.04 0.0073433501425601445
0.16 0 0.05 0.051006335239364674
0.16 0 0.06 0.15016083523484983
0.16 0 0.07 0.6080262270393568
0.16 0 0.08 0.6926051542844172
0.16 0 0.09 0.5751347575144624
0.16 0 0.1 2.6252022031644953
0.16 0 0.11 1.605349174736008
0.16 0 0.12 2.506169020074929
0.16 0 0.13 1.30069757384984
0.16 0 0.14 0.2635849605713451
0.16 0 0.15 0.2362505108726644
0.16 0 0.16 0.23595547882490658
0.16 0 0.17 0.12608500213923862
0.16 0 0.18 0.396662940299236
0.16 0 0.19 0.23931373354927243
0.16 0 0.2 0.24964800865320172
0.16 0 0.21 0.5150157020656023
0.16 0 0.22 1.6751841764927844
0.16 0 0.23 0.796416749102895
0.16 0 0.24 4.205137847741855
0.16 0 0.25 1.0854245347952889
0.16 0 0.26 1.7908120526023574
0.16 0 0.27 1.065072933731757
0.16 0 0.28 0.47967071257803184
0.16 0 0.29 0.3671000440475506
0.16 0 0.3 0.34598677171043174
0.16 0 0.31 1.49350598034393
0.16 0 0.32 1.6455591706474757
0.16 0 0.33 0.9905882146390933
0.16 0 0.34 0.9667690461741736
0.16 0 0.35000000000000003 0.15224692142665477
0.16 0 0.36 0.24033826832059071
0.16 0 0.37 0.2620114436560617
0.16 0 0.38 0.17743640079645595
0.16 0 0.39 0.09701369951823544
0.16 0 0.4 0.1303738608489067
0.16 0 0.41000000000000003 0.03574456802830159
0.16 0 0.42 0.06873095708110842
0.16 0 0.43 0.1042491699726058
0.16 0 0.44 0.05403221903651897
0.16 0 0.45 0.05046232496788193
0.16 0 0.46 0.13235019193560524
0.16 0 0.47000000000000003 0.04341356089105793
0.16 0 0.48 0.16724942017719513
0.16 0 0.49 0.13701899473796178
0.16 0 0.5 0.03407568845744135
0.17 0 0.0 0.002671477203391465
0.17 0 0.01 0.0029691690362057123
0.17 0 0.02 0.006266311635973872
0.17 0 0.03 0.006664283552452589
0.17 0 0.04 0.012337413162304418
0.17 0 0.05 0.026197184153511285
0.17 0 0.06 0.06909057937499488
0.17 0 0.07 0.2509355902751316
0.17 0 0.08 0.05865314557023213
0.17 0 0.09 0.0676628504390076
0.17 0 0.1 0.024941938370724198
0.17 0 0.11 0.014354032562934894
0.17 0 0.12 0.04209645623137259
0.17 0 0.13 0.056099988469448706
0.17 0 0.14 0.07540297143767308
0.17 0 0.15 0.07986857437007197
0.17 0 0.16 0.06900881311237721
0.17 0 0.17 0.03178383595878667
0.17 0 0.18 0.034476045953849906
0.17 0 0.19 0.052441489707438275
0.17 0 0.2 0.060390128458154675
0.17 0 0.21 0.0753437445844162
0.17 0 0.22 0.10190602819998971
0.17 0 0.23 0.0446467056129593
0.17 0 0.24 0.18940367675406386
0.17 0 0.25 0.14063674911211926
0.17 0 0.26 0.12639487477649952
0.17 0 0.27 0.05864862401081809
0.17 0 0.28 0.02322442278162571
0.17 0 0.29 0.04645810391270735
0.17 0 0.3 0.03777886363402637
0.17 0 0.31 0.05895087473587111
0.17 0 0.32 0.04772611690381056
0.17 0 0.33 0.09080068775772868
0.17 0 0.34 0.10746258790409982
0.17 0 0.35000000000000003 0.12013525674343956
0.17 0 0.36 0.11786837631619541
0.17 0 0.37 0.03178992157426401
0.17 0 0.38 0.31348284272718335
0.17 0 0.39 0.11546899431743896
0.17 0 0.4 0.3252495309367559
0.17 0 0.41000000000000003 0.4746826539503929
0.17 0 0.42 0.27016789875488884
0.17 0 0.43 0.39962041001014076
0.17 0 0.44 0.5149592153867437
0.17 0 0.45 0.3172234265599997
0.17 0 0.46 0.43481344993053694
0.17 0 0.47000000000000003 1.5053361712308877
0.17 0 0.48 0.6008536740363791
0.17 0 0.49 0.7058421753875674
0.17 0 0.5 0.7731341869309927
0.18 0 0.0 0.004332838247898943
0.18 0 0.01 0.001745049097089034
0.18 0 0.02 0.0052120319855477265
0.18 0 0.03 0.0018094970744921611
0.18 0 0.04 0.0008043013192690714
0.18 0 0.05 0.0011255271522724055
0.18 0 0.06 0.0006371178045573708
0.18 0 0.07 0.0010057690554038474
0.18 0 0.08 0.0016923014219124466
0.18 0 0.09 0.0009066450758135681
0.18 0 0.1 0.0006111606499262648
0.18 0 0.11 0.003049228497317146
0.18 0 0.12 0.0007550515896863397
0.18 0 0.13 0.0012315282211853012
0.18 0 0.14 0.00203298969365607
0.18 0 0.15 0.0005816180260296118
0.18 0 0.16 0.006750994820398666
0.18 0 0.17 0.005182312179792616
0.18 0 0.18 0.004958116229010427
0.18 0 0.19 0.004835947005432973
0.18 0 0.2 0.008969937628114988
0.18 0 0.21 0.020844550841634703
0.18 0 0.22 0.06506442269266513
0.18 0 0.23 0.4276590477016492
0.18 0 0.24 0.2415075559029018
0.18 0 0.25 0.4804634138129541
0.18 0 0.26 0.2727893248218395
0.18 0 0.27 0.10679913812548304
0.18 0 0.28 0.08577612184614465
0.18 0 0.29 0.12230188130418435
0.18 0 0.3 0.07970515932479519
0.18 0 0.31 0.12673577236214395
0.18 0 0.32 0.18848716233668927
0.18 0 0.33 0.2306540559284755
0.18 0 0.34 0.2548341830046304
0.18 0 0.35000000000000003 0.49796411737812246
0.18 0 0.36 0.4252998293119646
0.18 0 0.37 0.4904333298266485
0.18 0 0.38 1.6717108963197242
0.18 0 0.39 0.6111731253878927
0.18 0 0.4 0.6167153603307521
0.18 0 0.41000000000000003 0.2682585874495084
0.18 0 0.42 0.07228727054520763
0.18 0 0.43 0.10479747575594983
0.18 0 0.44 0.07119886826045965
0.18 0 0.45 0.18487290985427035
0.18 0 0.46 0.13235264656210105
0.18 0 0.47000000000000003 0.5530503498789506
0.18 0 0.48 0.7507403609838086
0.18 0 0.49 2.0227815707459436
0.18 0 0.5 1.575296495726867
0.19 0 0.0 0.1384362351809033
0.19 0 0.01 0.1685335048410375
0.19 0 0.02 0.03266416120800481
0.19 0 0.03 0.01856362943416985
0.19 0 0.04 0.01965157688761438
0.19 0 0.05 0.0039437106581255285
0.19 0 0.06 0.007305070132313041
0.19 0 0.07 0.006348691809099901
0.19 0 0.08 0.010938863232724775
0.19 0 0.09 0.01086429923848838
0.19 0 0.1 0.0032935875194264022
0.19 0 0.11 0.003356198276869913
0.19 0 0.12 0.0049456203416186175
0.19 0 0.13 0.0074547741907114015
0.19 0 0.14 0.060543785253449445
0.19 0 0.15 0.019543744948486767
0.19 0 0.16 0.02713357172586886
0.19 0 0.17 0.006760595031230891
0.19 0 0.18 0.0063803114703811295
0.19 0 0.19 0.004986496191535461
0.19 0 0.2 0.0076073323708874315
0.19 0 0.21 0.011571188194988731
0.19 0 0.22 0.03208251526897085
0.19 0 0.23 0.1869532950732608
0.19 0 0.24 0.1879397082097405
0.19 0 0.25 0.35060038108788305
0.19 0 0.26 0.043261232849416464
0.19 0 0.27 0.04041575078280957
0.19 0 0.28 0.07110919244638306
0.19 0 0.29 0.04112568359857315
0.19 0 0.3 0.12283070260479646
0.19 0 0.31 0.03724090250638161
0.19 0 0.32 0.01390941106836525
0.19 0 0.33 0.03797087298260541
0.19 0 0.34 0.09206169861081225
0.19 0 0.35000000000000003 0.1350227031619658
0.19 0 0.36 0.2973856198064164
0.19 0 0.37 0.08281446506773682
0.19 0 0.38 0.007658252556921843
0.19 0 0.39 0.02156441119088305
0.19 0 0.4 0.006361998392643786
0.19 0 0.41000000000000003 0.007155755634270211
0.19 0 0.42 0.027442780032439187
0.19 0 0.43 0.02065744189669853
0.19 0 0.44 0.06360552905412412
0.19 0 0.45 0.49070807040674586
0.19 0 0.46 0.2941644465938645
0.19 0 0.47000000000000003 1.9061148711201104
0.19 0 0.48 2.8679276435942453
0.19 0 0.49 10.944559159339205
0.19 0 0.5 3.394568685309325
0.2 0 0.0 0.005912437273922607
0.2 0 0.01 0.012201296260612952
0.2 0 0.02 0.0070411772838609755
0.2 0 0.03 0.025349624967466497
0.2 0 0.04 0.05703402823595615
0.2 0 0.05 0.08340130721272104
0.2 0 0.06 0.19409451283607593
0.2 0 0.07 0.040284226606015425
0.2 0 0.08 0.018527511003050227
0.2 0 0.09 0.01728532568910675
0.2 0 0.1 0.03600869073248182
0.2 0 0.11 0.008848017443982042
0.2 0 0.12 0.0825851164961565
0.2 0 0.13 0.0199896419497754
0.2 0 0.14 0.014345100030229006
0.2 0 0.15 0.025796120365635878
0.2 0 0.16 0.00439376189937988
0.2 0 0.17 0.004767256389209995
0.2 0 0.18 0.028562139171435488
0.2 0 0.19 0.0072798648229462064
0.2 0 0.2 0.012728506047056522
0.2 0 0.21 0.01164715690962029
0.2 0 0.22 0.011651798658176737
0.2 0 0.23 0.035612579748402214
0.2 0 0.24 0.10312890840871473
0.2 0 0.25 0.0706560072488409
0.2 0 0.26 0.07925258776622672
0.2 0 0.27 0.16636342025089323
0.2 0 0.28 0.10406847092913495
0.2 0 0.29 0.1634357135621206
0.2 0 0.3 0.31334349541941797
0.2 0 0.31 0.1396914206039288
0.2 0 0.32 0.36132647781496013
0.2 0 0.33 0.06020195513458879
0.2 0 0.34 0.04881424528076329
0.2 0 0.35000000000000003 0.017276563445941796
0.2 0 0.36 0.009046863033865647
0.2 0 0.37 0.010457576614795584
0.2 0 0.38 0.0035731909952184037
0.2 0 0.39 0.006155849897528409
0.2 0 0.4 0.007816526779671578
0.2 0 0.41000000000000003 0.013297932818211605
0.2 0 0.42 0.04041478507310252
0.2 0 0.43 0.11423785217089019
0.2 0 0.44 0.249319489456902
0.2 0 0.45 1.0586203719108196
0.2 0 0.46 0.7739694517656309
0.2 0 0.47000000000000003 1.600213495769759
0.2 0 0.48 0.9428991480199955
0.2 0 0.49 0.32483868159385115
0.2 0 0.5 0.14407409502743926
0.21 0 0.0 0.10241535022143965
0.21 0 0.01 0.06487269567433411
0.21 0 0.02 0.06522462005930484
0.21 0 0.03 0.058238654258183566
0.21 0 0.04 0.01922138984158441
0.21 0 0.05 0.04615313497771356
0.21 0 0.06 0.021311445129766578
0.21 0 0.07 0.025492626001589937
0.21 0 0.08 0.11911097509768298
0.21 0 0.09 0.0509510428196906
0.21 0 0.1 0.09007149004824119
0.21 0 0.11 0.01020824825773172
0.21 0 0.12 0.0034345127259702195
0.21 0 0.13 0.0019916637888835755
0.21 0 0.14 0.001300124950291371
0.21 0 0.15 0.0007217739269362186
0.21 0 0.16 0.0005341022383154798
0.21 0 0.17 0.0008579947554326133
0.21 0 0.18 0.001259504310324644
0.21 0 0.19 0.0029071328577543656
0.21 0 0.2 0.0022509924415782703
0.21 0 0.21 0.00079457066632364
0.21 0 0.22 0.0013942637482088078
0.21 0 0.23 0.0030421940398039455
0.21 0 0.24 0.007170045364111316
0.21 0 0.25 0.011213905533313724
0.21 0 0.26 0.010346587210119242
0.21 0 0.27 0.0049846181797089766
0.21 0 0.28 0.014413611195175419
0.21 0 0.29 0.08902269334571734
0.21 0 0.3 0.12877579794970273
0.21 0 0.31 0.1483988143741468
0.21 0 0.32 0.16996694487360067
0.21 0 0.33 0.015378946446709252
0.21 0 0.34 0.03249310228533953
0.21 0 0.35000000000000003 0.012397763569032045
0.21 0 0.36 0.0032451688230413305
0.21 0 0.37 0.0031233442233462
0.21 0 0.38 0.004251165124555537
0.21 0 0.39 0.0021332338015768774
0.21 0 0.4 0.007271944935819758
0.21 0 0.41000000000000003 0.0614750945420117
0.21 0 0.42 0.03983382622946738
0.21 0 0.43 1.573594746631203
0.21 0 0.44 1.209445533477778
0.21 0 0.45 0.32904296921818493
0.21 0 0.46 0.7827062858126798
0.21 0 0.47000000000000003 0.03893510660583307
0.21 0 0.48 0.02305700987902196
0.21 0 0.49 0.012516288406421397
0.21 0 0.5 0.012363386495091427
0.22 0 0.0 0.03890956371222018
0.22 0 0.01 0.07222805475487767
0.22 0 0.02 0.04329009112740463
0.22 0 0.03 0.007261375669497441
0.22 0 0.04 0.011894302127923915
0.22 0 0.05 0.016088200031479035
0.22 0 0.06 0.00753196607066808
0.22 0 0.07 0.02631921989871994
0.22 0 0.08 0.010693358213654311
0.22 0 0.09 0.0030763378521913576
0.22 0 0.1 0.00513171894578123
0.22 0 0.11 0.0016129593131028789
0.22 0 0.12 0.0007602751685919513
0.22 0 0.13 0.0007468614951352979
0.22 0 0.14 0.000803868946709981
0.22 0 0.15 0.0004835175137706424
0.22 0 0.16 0.002020153061472921
0.22 0 0.17 0.0026356205179323983
0.22 0 0.18 0.0008046808171887778
0.22 0 0.19 0.009639966281957435
0.22 0 0.2 0.004379584757725853
0.22 0 0.21 0.016570561589222075
0.22 0 0.22 0.02590767075863855
0.22 0 0.23 0.011099092849690292
0.22 0 0.24 0.009519401136918272
0.22 0 0.25 0.008565249996821402
0.22 0 0.26 0.006064381142277036
0.22 0 0.27 0.0036934092282796247
0.22 0 0.28 0.00710126739970819
0.22 0 0.29 0.005196379623834177
0.22 0 0.3 0.011332745517866066
0.22 0 0.31 0.022164486825056832
0.22 0 0.32 0.012120314356642028
0.22 0 0.33 0.017856836003273844
0.22 0 0.34 0.005354411596265201
0.22 0 0.35000000000000003 0.002193940136376088
0.22 0 0.36 0.0029515524077298387
0.22 0 0.37 0.003476044159794852
0.22 0 0.38 0.0060763829622034315
0.22 0 0.39 0.03049533158643933
0.22 0 0.4 0.026136110368046233
0.22 0 0.41000000000000003 0.20602049277882156
0.22 0 0.42 0.3901909980972486
0.22 0 0.43 0.3872801574627954
0.22 0 0.44 0.20058953116113618
0.22 0 0.45 0.1260896222039057
0.22 0 0.46 0.16819167528315607
0.22 0 0.47000000000000003 0.14053520748307122
0.22 0 0.48 0.26959334209453106
0.22 0 0.49 0.05214816186734925
0.22 0 0.5 0.022977222898524427
0.23 0 0.0 0.00227001870409053
0.23 0 0.01 0.0010258674473439264
0.23 0 0.02 0.0013897019697719363
0.23 0 0.03 0.0013253902058987456
0.23 0 0.04 0.0005731541355617906
0.23 0 0.05 0.00012617564559484298
0.23 0 0.06 0.0002299304799535098
0.23 0 0.07 0.00011602666665962622
0.23 0 0.08 0.00027387691457444124
0.23 0 0.09 0.000337764801447446
0.23 0 0.1 0.0002499121545860622
0.23 0 0.11 0.0006515172359424802
0.23 0 0.12 0.0025277557775026443
0.23 0 0.13 0.0035107917412778617
0.23 0 0.14 0.01102445139792367
0.23 0 0.15 0.037543962188962214
0.23 0 0.16 0.042129582077197664
0.23 0 0.17 0.07085071354688359
0.23 0 0.18 0.027910245745085303
0.23 0 0.19 0.008332160655355074
0.23 0 0.2 0.0017645137098896036
0.23 0 0.21 0.003145164742905435
0.23 0 0.22 0.0008572058995775579
0.23 0 0.23 0.0015140558923289634
0.23 0 0.24 0.0031994322803139716
0.23 0 0.25 0.0009449097749160539
0.23 0 0.26 0.0010871095725051823
0.23 0 0.27 0.0006341938888869263
0.23 0 0.28 0.00032196653530347627
0.23 0 0.29 0.00019589951365435638
0.23 0 0.3 0.00027864466515828797
0.23 0 0.31 8.608702951209352e-05
0.23 0 0.32 3.617347759867017e-05
0.23 0 0.33 0.00024141193226581554
0.23 0 0.34 3.6872684155208955e-05
0.23 0 0.35000000000000003 0.000356127077438449
0.23 0 0.36 0.00042166770688199296
0.23 0 0.37 0.0003827946295639682
0.23 0 0.38 0.0005440457116101626
0.23 0 0.39 0.0010392739917411697
0.23 0 0.4 0.0005828591572171742
0.23 0 0.41000000000000003 0.0011386562800231384
0.23 0 0.42 0.002145255243409899
0.23 0 0.43 0.0011052181810203168
0.23 0 0.44 0.0019248057520904445
0.23 0 0.45 0.0055290619893688595
0.23 0 0.46 0.0018093612287110323
0.23 0 0.47000000000000003 0.005988618554666353
0.23 0 0.48 0.0025098582913493195
0.23 0 0.49 0.0008883685808021253
0.23 0 0.5 0.0012464799917898965
0.24 0 0.0 0.00017485080947209953
0.24 0 0.01 9.179340362783616e-05
0.24 0 0.02 6.41048389328574e-05
0.24 0 0.03 2.457621252511267e-05
0.24 0 0.04 2.314373338152848e-05
0.24 0 0.05 4.868212469944524e-06
0.24 0 0.06 3.018377597836036e-05
0.24 0 0.07 1.7346620883615812e-06
0.24 0 0.08 2.3454672335824955e-06
0.24 0 0.09 2.326548681795694e-06
0.24 0 0.1 1.1776848227357302e-06
0.24 0 0.11 1.1703875349506822e-05
0.24 0 0.12 2.1331610602807976e-05
0.24 0 0.13 1.973816997138286e-05
0.24 0 0.14 4.5291642607012995e-05
0.24 0 0.15 0.00013752987550527278
0.24 0 0.16 0.0001563249962684994
0.24 0 0.17 0.0003854526391278667
0.24 0 0.18 0.0002765261154233535
0.24 0 0.19 3.174678751214929e-05
0.24 0 0.2 0.00010304859431497891
0.24 0 0.21 9.689924456013525e-05
0.24 0 0.22 0.0002724403514477123
0.24 0 0.23 0.0009350286694224042
0.24 0 0.24 0.00021444721930691265
0.24 0 0.25 0.00011425649626139225
0.24 0 0.26 0.00010872148485468501
0.24 0 0.27 2.316743064250017e-05
0.24 0 0.28 2.9061714863455373e-05
0.24 0 0.29 1.2535905915392618e-05
0.24 0 0.3 8.32749759789122e-06
0.24 0 0.31 5.412344830335991e-05
0.24 0 0.32 4.544831815867999e-05
0.24 0 0.33 5.102476406563829e-05
0.24 0 0.34 4.966426833478042e-05
0.24 0 0.35000000000000003 0.00011699472409062921
0.24 0 0.36 0.00019807019027897672
0.24 0 0.37 0.0014977553435573862
0.24 0 0.38 0.0006104655602815548
0.24 0 0.39 0.0007486078173738907
0.24 0 0.4 0.0015022916457888627
0.24 0 0.41000000000000003 0.00223065660729219
0.24 0 0.42 0.003480799526191863
0.24 0 0.43 0.0032924984185983505
0.24 0 0.44 0.0027608634423433214
0.24 0 0.45 0.0016945351082713704
0.24 0 0.46 0.0031264638594059777
0.24 0 0.47000000000000003 0.009006124052243733
0.24 0 0.48 0.0021679658793674955
0.24 0 0.49 0.004586075443133038
0.24 0 0.5 0.0003977603691089042
0.25 0 0.0 1.3176428164474506e-05
0.25 0 0.01 2.6118703337019674e-05
0.25 0 0.02 5.082742545129311e-05
0.25 0 0.03 1.4540930883515102e-05
0.25 0 0.04 3.7632676028046695e-05
0.25 0 0.05 1.2576499618274274e-05
0.25 0 0.06 7.749629754127952e-06
0.25 0 0.07 1.2737550315192311e-05
0.25 0 0.08 7.738927728573206e-06
0.25 0 0.09 3.4938294929087073e-06
0.25 0 0.1 8.760036126978387e-06
0.25 0 0.11 5.032322810305494e-06
0.25 0 0.12 3.7141264136063864e-06
0.25 0 0.13 2.3040457347918976e-05
0.25 0 0.14 6.406962394487866e-06
0.25 0 0.15 1.4958283546957139e-05
0.25 0 0.16 0.00012697696681873187
0.25 0 0.17 0.0002057056277561453
0.25 0 0.18 0.0009240869715097477
0.25 0 0.19 0.0005026619877457541
0.25 0 0.2 0.00010362745691632903
0.25 0 0.21 3.0440132192713898e-05
0.25 0 0.22 0.00012131146664968072
0.25 0 0.23 5.8962374520951126e-05
0.25 0 0.24 7.092347369013387e-05
0.25 0 0.25 4.5846823451411e-05
0.25 0 0.26 1.5744463763553402e-05
0.25 0 0.27 2.564742626934256e-05
0.25 0 0.28 3.696342327609067e-05
0.25 0 0.29 7.667912381874802e-05
0.25 0 0.3 5.961497279057086e-05
0.25 0 0.31 7.566135035814769e-05
0.25 0 0.32 6.420700819934587e-05
0.25 0 0.33 1.0997928864616984e-05
0.25 0 0.34 3.9488994645612013e-05
0.25 0 0.35000000000000003 4.56498689617482e-05
0.25 0 0.36 3.4240409957062144e-05
0.25 0 0.37 0.00043525890445125613
0.25 0 0.38 8.737935733105223e-05
0.25 0 0.39 9.476298527390903e-05
0.25 0 0.4 0.0001658927555166817
0.25 0 0.41000000000000003 3.2904548096604515e-05
0.25 0 0.42 0.00016286734002279453
0.25 0 0.43 0.00041067502594052826
0.25 0 0.44 0.0008758109581228904
0.25 0 0.45 0.0025295529229014393
0.25 0 0.46 0.0036563745835489843
0.25 0 0.47000000000000003 0.0015161859189751555
0.25 0 0.48 0.0017955788037012942
0.25 0 0.49 0.001050832915925485
0.25 0 0.5 0.00030566664222404885
0.26 0 0.0 0.00028932606814746766
0.26 0 0.01 0.0002460448846387239
0.26 0 0.02 4.4929891819790064e-05
0.26 0 0.03 1.8230207472864487e-05
0.26 0 0.04 8.841595338145193e-06
0.26 0 0.05 1.7101197950781117e-05
0.26 0 0.06 1.2169731903009322e-05
0.26 0 0.07 1.85517443093569e-05
0.26 0 0.08 3.3000718948355174e-06
0.26 0 0.09 1.609407394355455e-06
0.26 0 0.1 2.5439545489462595e-06
0.26 0 0.11 2.5509904315752196e-06
0.26 0 0.12 9.134309292151e-06
0.26 0 0.13 4.734545794902605e-05
0.26 0 0.14 6.697725427323397e-05
0.26 0 0.15 0.0003864708724649042
0.26 0 0.16 0.0004242068710633645
0.26 0 0.17 0.0006780343039466917
0.26 0 0.18 0.0004019768311993905
0.26 0 0.19 0.00023285282975366866
0.26 0 0.2 0.00013844050674045988
0.26 0 0.21 7.350238697419871e-05
0.26 0 0.22 0.00010605275172617916
0.26 0 0.23 3.990446261623875e-05
0.26 0 0.24 7.936221270606423e-05
0.26 0 0.25 6.603183699187307e-05
0.26 0 0.26 4.823648579367019e-05
0.26 0 0.27 0.00016379448696761723
0.26 0 0.28 3.5249992942367455e-05
0.26 0 0.29 4.940230412192696e-05
0.26 0 0.3 3.0418931271653694e-05
0.26 0 0.31 7.772104007073429e-06
0.26 0 0.32 4.946799024894373e-06
0.26 0 0.33 5.585747365209123e-06
0.26 0 0.34 1.0794890886578623e-06
0.26 0 0.35000000000000003 3.858648488124057e-06
0.26 0 0.36 1.2105460339568317e-05
0.26 0 0.37 1.1166864229049174e-05
0.26 0 0.38 0.000159990282293284
0.26 0 0.39 0.00014185805156637738
0.26 0 0.4 0.00010876288186658254
0.26 0 0.41000000000000003 0.00042582754864215085
0.26 0 0.42 0.0002891664115106132
0.26 0 0.43 0.0001525239614987977
0.26 0 0.44 0.00017396122997554196
0.26 0 0.45 7.120621266526408e-05
0.26 0 0.46 0.00014896554260913553
0.26 0 0.47000000000000003 0.00044264118550987744
0.26 0 0.48 0.0013531174900590385
0.26 0 0.49 0.002207310442915943
0.26 0 0.5 0.002081335995202006
0.27 0 0.0 2.0819987198764418e-05
0.27 0 0.01 2.350788652889158e-06
0.27 0 0.02 4.4478562973761195e-06
0.27 0 0.03 3.193181993303984e-06
0.27 0 0.04 7.773542994224908e-07
0.27 0 0.05 2.2493692601296607e-06
0.27 0 0.06 1.1274785380426147e-06
0.27 0 0.07 1.4056480469030118e-06
0.27 0 0.08 3.0347456881698535e-06
0.27 0 0.09 5.703007241847178e-06
0.27 0 0.1 4.416301253029691e-06
0.27 0 0.11 5.675433927388845e-05
0.27 0 0.12 8.555748523292808e-05
0.27 0 0.13 6.372012115745003e-05
0.27 0 0.14 8.556695789971742e-05
0.27 0 0.15 2.4247967588310666e-05
0.27 0 0.16 9.882049618670966e-06
0.27 0 0.17 2.762184780442624e-05
0.27 0 0.18 1.5290963004371054e-05
0.27 0 0.19 1.5874943322297565e-05
0.27 0 0.2 1.4692208215152616e-05
0.27 0 0.21 6.831875101982987e-06
0.27 0 0.22 2.9713986297128587e-06
0.27 0 0.23 7.255120620148442e-06
0.27 0 0.24 1.1786603580769072e-05
0.27 0 0.25 1.1204296551496941e-05
0.27 0 0.26 1.0308335157628556e-05
0.27 0 0.27 9.174796062623082e-06
0.27 0 0.28 4.351018820623099e-06
0.27 0 0.29 3.706170704777728e-05
0.27 0 0.3 1.172664934486803e-05
0.27 0 0.31 2.8112031766136475e-05
0.27 0 0.32 1.3655862902147743e-05
0.27 0 0.33 4.782923404115538e-05
0.27 0 0.34 4.631306908522937e-05
0.27 0 0.35000000000000003 3.8957781950912813e-05
0.27 0 0.36 6.0952371370277366e-05
0.27 0 0.37 3.0507131959793147e-05
0.27 0 0.38 0.00029790519791195495
0.27 0 0.39 0.0005868451279333442
0.27 0 0.4 0.00046988206282796014
0.27 0 0.41000000000000003 0.0005696167618535244
0.27 0 0.42 0.00012111100754163496
0.27 0 0.43 0.00037664185676362087
0.27 0 0.44 0.0008528237557174245
0.27 0 0.45 0.004822675679995987
0.27 0 0.46 0.0109326120817104
0.27 0 0.47000000000000003 0.02231472636278306
0.27 0 0.48 0.008646626028156204
0.27 0 0.49 0.012006753185264986
0.27 0 0.5 0.00677108389192023
0.28 0 0.0 1.3077066488008757e-05
0.28 0 0.01 6.552291992081377e-06
0.28 0 0.02 1.5964203827277463e-05
0.28 0 0.03 8.516488427705781e-06
0.28 0 0.04 1.0215231008274885e-05
0.28 0 0.05 7.951705463223761e-06
0.28 0 0.06 6.268864764394764e-06
0.28 0 0.07 9.78936146120088e-06
0.28 0 0.08 6.064717711437861e-06
0.28 0 0.09 2.7505200454343684e-05
0.28 0 0.1 1.8174201206345024e-05
0.28 0 0.11 3.0466883179270232e-05
0.28 0 0.12 1.66008063653979e-05
0.28 0 0.13 4.65320367969815e-06
0.28 0 0.14 1.2181035719468986e-05
0.28 0 0.15 8.41176681288703e-06
0.28 0 0.16 2.0879957605547245e-05
0.28 0 0.17 7.352606518333466e-06
0.28 0 0.18 4.0435674284063816e-06
0.28 0 0.19 6.168139177853553e-06
0.28 0 0.2 7.444944394868471e-06
0.28 0 0.21 1.517659820989908e-05
0.28 0 0.22 1.1612352894572476e-05
0.28 0 0.23 1.0433553317922835e-05
0.28 0 0.24 2.6883686353633964e-06
0.28 0 0.25 5.577913612690988e-06
0.28 0 0.26 9.136103847696777e-07
0.28 0 0.27 1.2536516624904062e-06
0.28 0 0.28 4.029979468194962e-06
0.28 0 0.29 7.887438054907428e-06
0.28 0 0.3 2.7866832188718005e-05
0.28 0 0.31 0.00012834435438996558
0.28 0 0.32 2.9344725011848695e-05
0.28 0 0.33 6.243129040902098e-05
0.28 0 0.34 9.498170061079445e-05
0.28 0 0.35000000000000003 7.273027821702548e-05
0.28 0 0.36 0.000149465864364547
0.28 0 0.37 0.00015509756774606385
0.28 0 0.38 5.054410008153783e-05
0.28 0 0.39 0.00011358525947156635
0.28 0 0.4 0.000290701598813033
0.28 0 0.41000000000000003 0.000401153007705561
0.28 0 0.42 0.000698309047495461
0.28 0 0.43 0.002157219708326337
0.28 0 0.44 0.0006666652859248753
0.28 0 0.45 0.0036023374965312212
0.28 0 0.46 0.001044302607959447
0.28 0 0.47000000000000003 0.001341285254833452
0.28 0 0.48 0.0005880184046589067
0.28 0 0.49 0.000710776847128646
0.28 0 0.5 0.0004369898692910582
0.29 0 0.0 1.4304001725038082e-05
0.29 0 0.01 1.8085455050060716e-05
0.29 0 0.02 2.8853723959476713e-06
0.29 0 0.03 3.5851730378596054e-06
0.29 0 0.04 4.9167603323753565e-06
0.29 0 0.05 1.4951868888887254e-06
0.29 0 0.06 2.3315010218504573e-06
0.29 0 0.07 3.4066012605208135e-06
0.29 0 0.08 1.8707201114425863e-06
0.29 0 0.09 7.228700319000713e-06
0.29 0 0.1 1.5625517837129463e-05
0.29 0 0.11 7.2121069623747685e-06
0.29 0 0.12 2.2243511699281983e-05
0.29 0 0.13 1.9523356219217615e-05
0.29 0 0.14 1.1233906728548004e-05
0.29 0 0.15 1.4526887894423073e-05
0.29 0 0.16 2.212096189180497e-05
0.29 0 0.17 9.467150343357866e-06
0.29 0 0.18 6.44421933708611e-05
0.29 0 0.19 3.384194894411661e-05
0.29 0 0.2 2.9151861621423426e-05
0.29 0 0.21 8.025000900201139e-05
0.29 0 0.22 4.223050049703996e-05
0.29 0 0.23 0.000285724225821165
0.29 0 0.24 0.0001510920894724478
0.29 0 0.25 0.0002858358393524194
0.29 0 0.26 0.00026307251848295605
0.29 0 0.27 0.0001729667109248867
0.29 0 0.28 0.00037546904028088406
0.29 0 0.29 0.0001964432665273241
0.29 0 0.3 0.00019001017287393636
0.29 0 0.31 0.00011556675349252549
0.29 0 0.32 8.56099219555657e-05
0.29 0 0.33 8.975123098699233e-05
0.29 0 0.34 0.00025740976257338557
0.29 0 0.35000000000000003 0.0006115722108912539
0.29 0 0.36 0.00042665302787989244
0.29 0 0.37 0.00045336969931029567
0.29 0 0.38 0.0002587568681221398
0.29 0 0.39 0.0006635405388490459
0.29 0 0.4 0.0010729055687699362
0.29 0 0.41000000000000003 0.0006656794103678605
0.29 0 0.42 0.00022410278008094513
0.29 0 0.43 4.775738085218601e-05
0.29 0 0.44 2.378190720467894e-05
0.29 0 0.45 3.324802393639018e-05
0.29 0 0.46 1.297273341536542e-05
0.29 0 0.47000000000000003 8.175747471205098e-05
0.29 0 0.48 6.552903892357033e-05
0.29 0 0.49 6.905937739477028e-05
0.29 0 0.5 4.905716096952972e-05
0.3 0 0.0 0.0005324441997670259
0.3 0 0.01 0.00048025369964050133
0.3 0 0.02 5.050616648168724e-05
0.3 0 0.03 4.754078826486492e-05
0.3 0 0.04 3.6524738404400556e-05
0.3 0 0.05 9.843208293663312e-05
0.3 0 0.06 3.3061222680889625e-05
0.3 0 0.07 6.087527675522637e-06
0.3 0 0.08 7.282332881844423e-06
0.3 0 0.09 2.3585982763576028e-06
0.3 0 0.1 6.665085830558443e-06
0.3 0 0.11 6.970181333572738e-06
0.3 0 0.12 1.954869564957506e-06
0.3 0 0.13 5.1740886358396355e-06
0.3 0 0.14 6.697383135773424e-06
0.3 0 0.15 1.0057847990091524e-05
0.3 0 0.16 2.031437554446566e-05
0.3 0 0.17 2.047907804123525e-05
0.3 0 0.18 1.8659373622257297e-05
0.3 0 0.19 3.2577985124620215e-05
0.3 0 0.2 4.790495847997051e-05
0.3 0 0.21 0.00015295146030076386
0.3 0 0.22 0.00026835296403987296
0.3 0 0.23 0.0007729144584773355
0.3 0 0.24 0.0007173013940413964
0.3 0 0.25 0.00030978812732050003
0.3 0 0.26 0.00016230737648301172
0.3 0 0.27 5.2817337038125225e-05
0.3 0 0.28 7.497644131852742e-06
0.3 0 0.29 2.3615875001582078e-05
0.3 0 0.3 2.8901672262495278e-05
0.3 0 0.31 2.4349068952628133e-05
0.3 0 0.32 0.0002092164671276892
0.3 0 0.33 2.4993073627395477e-05
0.3 0 0.34 6.616937453496776e-05
0.3 0 0.35000000000000003 0.0003074369637142959
0.3 0 0.36 0.0002985028316344156
0.3 0 0.37 0.0013489345856578106
0.3 0 0.38 0.0009630302158040191
0.3 0 0.39 0.0003982348119915528
0.3 0 0.4 0.00033294384887810327
0.3 0 0.41000000000000003 0.0003550409212613147
0.3 0 0.42 0.00018542308409808824
0.3 0 0.43 0.0001304859469424573
0.3 0 0.44 7.761555077088746e-05
0.3 0 0.45 6.110343359367798e-05
0.3 0 0.46 0.0001435257984100902
0.3 0 0.47000000000000003 0.00015880051150024893
0.3 0 0.48 0.00011423788246195897
0.3 0 0.49 6.0880656746351786e-05
0.3 0 0.5 3.8265295596792974e-05
#STOP
