#MEDIUM_PROPERTIES_DISTRIBUTED
$MSH_TYPE
	 GROUNDWATER_FLOW	
$MMP_TYPE
	 PERMEABILITY	
$DIS_TYPE
	 NEAREST_VALUE	
;hj
$CONVERSION_FACTOR
2e-8;2e-6;2e-13
$DATA
0.0 0 0.0 1.2595778948440877
0.0 0 0.01 1.2544285592870603
0.0 0 0.02 0.547908678426454
0.0 0 0.03 0.7118304589739389
0.0 0 0.04 0.45857376903052127
0.0 0 0.05 0.32181258869621493
0.0 0 0.06 1.0980684617979282
0.0 0 0.07 2.0584569643105866
0.0 0 0.08 2.103558394264094
0.0 0 0.09 2.171084076596961
0.0 0 0.1 0.9888261209334395
0.0 0 0.11 0.829134270652403
0.0 0 0.12 0.45080202061665964
0.0 0 0.13 0.6183950983736879
0.0 0 0.14 0.6731095319786514
0.0 0 0.15 0.7447679076087143
0.0 0 0.16 1.195898289034068
0.0 0 0.17 0.9091835390606989
0.0 0 0.18 0.6512862654396473
0.0 0 0.19 0.4342830299817785
0.0 0 0.2 0.571324760036747
0.0 0 0.21 0.8583363273203868
0.0 0 0.22 0.8586349809119468
0.0 0 0.23 1.0675228564541188
0.0 0 0.24 1.6685564495610279
0.0 0 0.25 0.7954503328299092
0.0 0 0.26 1.019462877973201
0.0 0 0.27 0.7011376995271558
0.0 0 0.28 0.8518034696537546
0.0 0 0.29 1.8282371021502826
0.0 0 0.3 1.6301676099763598
0.0 0 0.31 1.6391055108000363
0.0 0 0.32 2.068574012566678
0.0 0 0.33 1.8934032552624471
0.0 0 0.34 4.774783883010953
0.0 0 0.35000000000000003 2.1114568488138694
0.0 0 0.36 4.767115316378859
0.0 0 0.37 7.580478104033797
0.0 0 0.38 3.6483569987836235
0.0 0 0.39 4.472947953969928
0.0 0 0.4 2.336872200195444
0.0 0 0.41000000000000003 1.1525626629556327
0.0 0 0.42 1.4611612592265129
0.0 0 0.43 1.6489556777586374
0.0 0 0.44 0.8462369828494644
0.0 0 0.45 0.7527012862315624
0.0 0 0.46 0.9247647301439307
0.0 0 0.47000000000000003 1.1354714337388458
0.0 0 0.48 1.2494952223358804
0.0 0 0.49 1.9090869612352501
0.0 0 0.5 2.167547558513125
0.01 0 0.0 0.4811042510103969
0.01 0 0.01 0.3793678131891774
0.01 0 0.02 0.24484640106481098
0.01 0 0.03 0.4518522529418994
0.01 0 0.04 0.37375054708733657
0.01 0 0.05 0.40592579782047056
0.01 0 0.06 0.8725425993607117
0.01 0 0.07 0.7382183278095791
0.01 0 0.08 1.1993310866964284
0.01 0 0.09 1.3836532946519327
0.01 0 0.1 0.8399131386545332
0.01 0 0.11 1.039541599718581
0.01 0 0.12 0.7331178284991702
0.01 0 0.13 0.9013916779391352
0.01 0 0.14 0.661263613329943
0.01 0 0.15 0.4437478836734173
0.01 0 0.16 0.7315552762426072
0.01 0 0.17 0.4673877453373193
0.01 0 0.18 0.8277719155190387
0.01 0 0.19 0.8433961435887434
0.01 0 0.2 1.2293983643863216
0.01 0 0.21 1.0999290257376528
0.01 0 0.22 0.6535589433010587
0.01 0 0.23 0.9316168569409509
0.01 0 0.24 0.6817933062618556
0.01 0 0.25 0.5598685687365446
0.01 0 0.26 0.6428076433322228
0.01 0 0.27 0.6062882956922078
0.01 0 0.28 1.0636716202314294
0.01 0 0.29 1.7882692689000008
0.01 0 0.3 0.9818255442558962
0.01 0 0.31 1.0832988366852885
0.01 0 0.32 1.099485893685788
0.01 0 0.33 1.1551442156734466
0.01 0 0.34 2.9832721146777432
0.01 0 0.35000000000000003 3.4283402633367
0.01 0 0.36 6.0999692789916
0.01 0 0.37 5.986794070962529
0.01 0 0.38 5.020795671162114
0.01 0 0.39 3.026626020056692
0.01 0 0.4 1.0415258280519053
0.01 0 0.41000000000000003 1.6543253724190279
0.01 0 0.42 1.637782408516993
0.01 0 0.43 2.3253239874992713
0.01 0 0.44 4.717411633068176
0.01 0 0.45 3.118141828901219
0.01 0 0.46 2.94830677970954
0.01 0 0.47000000000000003 2.075629626788175
0.01 0 0.48 1.7448509976394495
0.01 0 0.49 1.9968461224702039
0.01 0 0.5 1.7212417690379234
0.02 0 0.0 0.7129430003301617
0.02 0 0.01 0.43572833370087605
0.02 0 0.02 0.3811939424801139
0.02 0 0.03 0.559713104052529
0.02 0 0.04 0.6895365777458292
0.02 0 0.05 0.680687289868689
0.02 0 0.06 0.7200409080552391
0.02 0 0.07 0.9062311759912098
0.02 0 0.08 0.92160161426331
0.02 0 0.09 0.7070902114342231
0.02 0 0.1 0.674618468634551
0.02 0 0.11 0.7267299811503641
0.02 0 0.12 0.9919363812846994
0.02 0 0.13 0.927329091580329
0.02 0 0.14 0.9485314602003181
0.02 0 0.15 0.4689624198790249
0.02 0 0.16 0.8910465655264745
0.02 0 0.17 0.6147873243943547
0.02 0 0.18 0.9153019435772893
0.02 0 0.19 0.6208696330713197
0.02 0 0.2 1.2364978196126983
0.02 0 0.21 0.5447103110832883
0.02 0 0.22 0.40474193032311184
0.02 0 0.23 0.23779002657199572
0.02 0 0.24 0.1722651225096735
0.02 0 0.25 0.35921935120032267
0.02 0 0.26 0.2778069055264444
0.02 0 0.27 0.2614635595314686
0.02 0 0.28 0.3416393384634196
0.02 0 0.29 0.18340769232568563
0.02 0 0.3 0.3159803959717729
0.02 0 0.31 0.462258585578689
0.02 0 0.32 0.9466200298766383
0.02 0 0.33 2.791915174453121
0.02 0 0.34 2.5566794393180303
0.02 0 0.35000000000000003 4.151921192575823
0.02 0 0.36 3.735032558364412
0.02 0 0.37 4.526669139486721
0.02 0 0.38 3.789822498416342
0.02 0 0.39 2.848202970040668
0.02 0 0.4 2.9924002295623238
0.02 0 0.41000000000000003 5.708055223344832
0.02 0 0.42 3.025216831492674
0.02 0 0.43 6.152628406763525
0.02 0 0.44 4.414283610684728
0.02 0 0.45 2.51903527697403
0.02 0 0.46 3.336847567150668
0.02 0 0.47000000000000003 2.0440333810841453
0.02 0 0.48 3.293977706711434
0.02 0 0.49 2.2534424841172784
0.02 0 0.5 1.3894178388940792
0.03 0 0.0 0.9641660348106366
0.03 0 0.01 0.7783067499719899
0.03 0 0.02 1.2467587778899543
0.03 0 0.03 1.7723541376314624
0.03 0 0.04 1.2330423641128143
0.03 0 0.05 1.0263454724340217
0.03 0 0.06 1.0476360036760488
0.03 0 0.07 2.202893841770558
0.03 0 0.08 1.322877851418259
0.03 0 0.09 1.0775479179480845
0.03 0 0.1 0.71506001082164
0.03 0 0.11 0.43684295828117736
0.03 0 0.12 0.518489654611889
0.03 0 0.13 0.3928143828442894
0.03 0 0.14 0.7766229748510866
0.03 0 0.15 0.615817479927571
0.03 0 0.16 0.6174699833796296
0.03 0 0.17 0.6717159846825357
0.03 0 0.18 0.5619242421679924
0.03 0 0.19 0.5022723781186177
0.03 0 0.2 0.7236370126617169
0.03 0 0.21 0.2841692664416064
0.03 0 0.22 0.18945648830629996
0.03 0 0.23 0.17742812242073674
0.03 0 0.24 0.22144118700509713
0.03 0 0.25 0.19605459060122152
0.03 0 0.26 0.11100062186412696
0.03 0 0.27 0.14061241987733353
0.03 0 0.28 0.22575326134317414
0.03 0 0.29 0.22976303677324109
0.03 0 0.3 0.5886617659739295
0.03 0 0.31 0.4733263839003519
0.03 0 0.32 1.14625540613003
0.03 0 0.33 1.970998839961475
0.03 0 0.34 1.7887212396391021
0.03 0 0.35000000000000003 3.0869344461083172
0.03 0 0.36 1.1785513453501224
0.03 0 0.37 2.8326716863552988
0.03 0 0.38 3.1046470266505954
0.03 0 0.39 2.156549542384242
0.03 0 0.4 3.1156017175797146
0.03 0 0.41000000000000003 2.7756866294541873
0.03 0 0.42 1.9136353364883614
0.03 0 0.43 3.846178563801232
0.03 0 0.44 3.0946990870524225
0.03 0 0.45 3.00387041051018
0.03 0 0.46 3.40958857779678
0.03 0 0.47000000000000003 2.9173732024075396
0.03 0 0.48 3.58950771603667
0.03 0 0.49 2.2423887686218946
0.03 0 0.5 3.089109102689699
0.04 0 0.0 0.479440508335318
0.04 0 0.01 0.39304608026435806
0.04 0 0.02 0.4197664168119998
0.04 0 0.03 0.5242562451525872
0.04 0 0.04 0.48709053800499463
0.04 0 0.05 0.657537709173134
0.04 0 0.06 0.5631014019981958
0.04 0 0.07 0.8494080653405671
0.04 0 0.08 0.5603867731767986
0.04 0 0.09 0.3154535848450796
0.04 0 0.1 0.43751211051199407
0.04 0 0.11 0.43886181740157065
0.04 0 0.12 0.7868691374501692
0.04 0 0.13 0.889342318054505
0.04 0 0.14 0.9581629573615222
0.04 0 0.15 0.8729507938180027
0.04 0 0.16 1.0802857570549227
0.04 0 0.17 0.948661417121201
0.04 0 0.18 0.5468064468304237
0.04 0 0.19 1.2083984111937147
0.04 0 0.2 1.3668271522742492
0.04 0 0.21 0.7067803157383515
0.04 0 0.22 0.23695323831350204
0.04 0 0.23 0.3217483130464502
0.04 0 0.24 0.21476101256598965
0.04 0 0.25 0.13949764564421427
0.04 0 0.26 0.23505284310425548
0.04 0 0.27 0.23567828952711356
0.04 0 0.28 0.23418835765493648
0.04 0 0.29 0.6730705589404705
0.04 0 0.3 0.505536598414417
0.04 0 0.31 0.45793743046209523
0.04 0 0.32 0.5562796687030929
0.04 0 0.33 0.47564232874936463
0.04 0 0.34 0.4639839764061922
0.04 0 0.35000000000000003 1.2856787105258638
0.04 0 0.36 1.856571132835033
0.04 0 0.37 5.002543986283067
0.04 0 0.38 2.772808031119385
0.04 0 0.39 3.018360227744001
0.04 0 0.4 2.78779081159904
0.04 0 0.41000000000000003 2.1265435958456114
0.04 0 0.42 1.8794917620638356
0.04 0 0.43 1.8676119473688295
0.04 0 0.44 3.8051902180323354
0.04 0 0.45 4.657355340877149
0.04 0 0.46 2.7418615383279414
0.04 0 0.47000000000000003 3.098160261012339
0.04 0 0.48 1.725903144797723
0.04 0 0.49 1.6164934190396802
0.04 0 0.5 1.5042213679094711
0.05 0 0.0 0.7247544223379737
0.05 0 0.01 1.0202419938332807
0.05 0 0.02 1.1374736080710457
0.05 0 0.03 1.2635771071864204
0.05 0 0.04 0.6110626375472611
0.05 0 0.05 0.8067877195431931
0.05 0 0.06 0.6832160346605635
0.05 0 0.07 1.2047472154981493
0.05 0 0.08 1.9982846575035507
0.05 0 0.09 1.1234154938549454
0.05 0 0.1 1.3201954449523683
0.05 0 0.11 1.155221276986335
0.05 0 0.12 1.8047155489697893
0.05 0 0.13 1.3391451489694635
0.05 0 0.14 1.2130984935746638
0.05 0 0.15 1.3523768598574046
0.05 0 0.16 1.3148118272496085
0.05 0 0.17 0.9301871054390027
0.05 0 0.18 0.7621884772419497
0.05 0 0.19 0.613962496595985
0.05 0 0.2 0.631178900841326
0.05 0 0.21 0.6078972053612645
0.05 0 0.22 0.27077489080031913
0.05 0 0.23 0.20328868517612708
0.05 0 0.24 0.18584363777109153
0.05 0 0.25 0.20548248472741823
0.05 0 0.26 0.36729191619110757
0.05 0 0.27 0.26762312571366187
0.05 0 0.28 0.5229801659869269
0.05 0 0.29 0.8276246953628544
0.05 0 0.3 0.41164094099987764
0.05 0 0.31 0.6689228992908368
0.05 0 0.32 0.23638406416541247
0.05 0 0.33 0.22244436284988428
0.05 0 0.34 0.36444773062731356
0.05 0 0.35000000000000003 0.6332627482679415
0.05 0 0.36 1.306264562397606
0.05 0 0.37 1.4721732202085764
0.05 0 0.38 0.743866418592936
0.05 0 0.39 0.9152197605424853
0.05 0 0.4 0.6009642752441908
0.05 0 0.41000000000000003 0.7260258938849427
0.05 0 0.42 1.015092451090567
0.05 0 0.43 1.0104486273934103
0.05 0 0.44 2.470217945623456
0.05 0 0.45 1.8760046635919583
0.05 0 0.46 1.4859352135686257
0.05 0 0.47000000000000003 1.4878475204837545
0.05 0 0.48 0.6836214302031174
0.05 0 0.49 1.1323207271707987
0.05 0 0.5 1.5116971223431979
0.06 0 0.0 0.9684295491872337
0.06 0 0.01 2.2944644532515284
0.06 0 0.02 3.074325471508144
0.06 0 0.03 4.093892886884757
0.06 0 0.04 2.2343360796362903
0.06 0 0.05 2.425037905192011
0.06 0 0.06 1.6622366460870892
0.06 0 0.07 1.8523190858536158
0.06 0 0.08 2.411072555765804
0.06 0 0.09 2.7688571505628095
0.06 0 0.1 2.5620508974529868
0.06 0 0.11 4.359857101658721
0.06 0 0.12 4.491968632005168
0.06 0 0.13 2.9743951295747446
0.06 0 0.14 3.4353534772680394
0.06 0 0.15 1.9449561322622135
0.06 0 0.16 1.1078941165305833
0.06 0 0.17 2.1796774939084127
0.06 0 0.18 1.3190981026104298
0.06 0 0.19 1.0390861328108723
0.06 0 0.2 1.4905081149782877
0.06 0 0.21 0.7206354870091879
0.06 0 0.22 0.48188125691595796
0.06 0 0.23 0.5656805789900832
0.06 0 0.24 0.6174143559489798
0.06 0 0.25 0.3735320947574115
0.06 0 0.26 0.7251496969821001
0.06 0 0.27 0.9317428687599904
0.06 0 0.28 1.1624833197491184
0.06 0 0.29 1.20657888387931
0.06 0 0.3 0.9339991711741731
0.06 0 0.31 0.7018644220828647
0.06 0 0.32 0.45543937819387487
0.06 0 0.33 0.6808565236906555
0.06 0 0.34 0.6588132448456835
0.06 0 0.35000000000000003 0.8760795085118053
0.06 0 0.36 1.2442741663695
0.06 0 0.37 1.2646814806473197
0.06 0 0.38 1.8349812230765292
0.06 0 0.39 1.3676538592754532
0.06 0 0.4 0.9567295628791783
0.06 0 0.41000000000000003 1.0852567230950985
0.06 0 0.42 1.1154724434741587
0.06 0 0.43 0.9365278545940888
0.06 0 0.44 1.213987796234337
0.06 0 0.45 0.9328880541898046
0.06 0 0.46 0.8827763666019223
0.06 0 0.47000000000000003 0.7735057725268741
0.06 0 0.48 0.887386236361853
0.06 0 0.49 0.4212193341918397
0.06 0 0.5 0.48221863779418356
0.07 0 0.0 0.7434484406913761
0.07 0 0.01 2.278363201576601
0.07 0 0.02 2.4122753613317145
0.07 0 0.03 3.0786306579578198
0.07 0 0.04 3.099030813255889
0.07 0 0.05 1.9311467640653206
0.07 0 0.06 3.153223966322123
0.07 0 0.07 2.3161787410494035
0.07 0 0.08 2.7961750002673464
0.07 0 0.09 4.266975851139962
0.07 0 0.1 5.520939092081528
0.07 0 0.11 7.976241900202612
0.07 0 0.12 3.1660479509223296
0.07 0 0.13 1.2679448838910872
0.07 0 0.14 1.3373342317355772
0.07 0 0.15 0.6103079358390434
0.07 0 0.16 0.4199182121466426
0.07 0 0.17 0.46123747629260264
0.07 0 0.18 0.5969370295802967
0.07 0 0.19 1.4406699836810664
0.07 0 0.2 1.040409427737238
0.07 0 0.21 0.5263950884328598
0.07 0 0.22 0.49242138780577305
0.07 0 0.23 0.2710406454670617
0.07 0 0.24 0.426493307867099
0.07 0 0.25 0.42562115521397625
0.07 0 0.26 0.8423452420125017
0.07 0 0.27 2.0661525228371915
0.07 0 0.28 1.3716816996455061
0.07 0 0.29 1.4061887502957127
0.07 0 0.3 1.4150578791528474
0.07 0 0.31 0.9011975693028699
0.07 0 0.32 0.7078517020816741
0.07 0 0.33 0.7226096317421927
0.07 0 0.34 0.5830464245466015
0.07 0 0.35000000000000003 0.9398202840669783
0.07 0 0.36 1.146166910789842
0.07 0 0.37 1.2382570492357299
0.07 0 0.38 0.9832106215526223
0.07 0 0.39 0.7883366115304414
0.07 0 0.4 1.2415550528986352
0.07 0 0.41000000000000003 0.7907244609639713
0.07 0 0.42 0.5276420352277867
0.07 0 0.43 1.0845699916005076
0.07 0 0.44 0.5864931821176453
0.07 0 0.45 0.6473483246373929
0.07 0 0.46 1.1221854297071046
0.07 0 0.47000000000000003 1.054385538742798
0.07 0 0.48 0.6767361206208216
0.07 0 0.49 0.4571543164337677
0.07 0 0.5 0.8954513718153561
0.08 0 0.0 0.8230412092779038
0.08 0 0.01 2.0668879933525885
0.08 0 0.02 3.1090520181592987
0.08 0 0.03 3.065260053928955
0.08 0 0.04 1.1406201711534478
0.08 0 0.05 0.846319841011174
0.08 0 0.06 1.5137959615662093
0.08 0 0.07 0.9268043495935868
0.08 0 0.08 3.0324385759954757
0.08 0 0.09 2.4526455694501186
0.08 0 0.1 1.6292777661740971
0.08 0 0.11 1.6034360247833142
0.08 0 0.12 0.8796451621792819
0.08 0 0.13 0.4904992610630308
0.08 0 0.14 0.7100129064413301
0.08 0 0.15 0.8446532451087088
0.08 0 0.16 1.628992373735718
0.08 0 0.17 1.1696016444052124
0.08 0 0.18 2.1560368200207236
0.08 0 0.19 1.024437501804094
0.08 0 0.2 0.8785133354751897
0.08 0 0.21 0.47006028444228964
0.08 0 0.22 0.3708761462373792
0.08 0 0.23 0.4253470559011924
0.08 0 0.24 0.6974552355348284
0.08 0 0.25 0.4726220801633541
0.08 0 0.26 0.9385078010300533
0.08 0 0.27 1.5746657027355393
0.08 0 0.28 1.2886309822387416
0.08 0 0.29 1.168630441841214
0.08 0 0.3 0.8073662107105386
0.08 0 0.31 0.6864318376815357
0.08 0 0.32 0.7774572965824487
0.08 0 0.33 0.8578767215537928
0.08 0 0.34 0.8181350657935251
0.08 0 0.35000000000000003 1.160958868013649
0.08 0 0.36 1.527681172223051
0.08 0 0.37 0.9909996388473707
0.08 0 0.38 1.0408278136704858
0.08 0 0.39 1.0835429637360443
0.08 0 0.4 0.6718907154913334
0.08 0 0.41000000000000003 0.5170611794569484
0.08 0 0.42 0.4803033283311713
0.08 0 0.43 0.5226976135013295
0.08 0 0.44 0.28929767336742884
0.08 0 0.45 0.42518418976190153
0.08 0 0.46 0.33904474480813135
0.08 0 0.47000000000000003 0.2957064977271399
0.08 0 0.48 0.569259347263935
0.08 0 0.49 0.40702546685085894
0.08 0 0.5 0.5424268953523407
0.09 0 0.0 1.0363517879304198
0.09 0 0.01 1.4032931869222425
0.09 0 0.02 1.811975742628801
0.09 0 0.03 2.1292918395247455
0.09 0 0.04 2.3710352466217692
0.09 0 0.05 3.1365309049555536
0.09 0 0.06 1.8588606799179899
0.09 0 0.07 1.9882251810896818
0.09 0 0.08 2.1451964459516586
0.09 0 0.09 0.8934832190912677
0.09 0 0.1 0.7243095824157326
0.09 0 0.11 0.5671093323606894
0.09 0 0.12 0.514770022577164
0.09 0 0.13 0.573495443365814
0.09 0 0.14 0.5875980354732407
0.09 0 0.15 1.415711812191313
0.09 0 0.16 1.1228200899156209
0.09 0 0.17 0.6437123512893754
0.09 0 0.18 1.3298524563937466
0.09 0 0.19 0.3254428054682327
0.09 0 0.2 0.4705584736576052
0.09 0 0.21 0.41223500384623013
0.09 0 0.22 0.5065808524310844
0.09 0 0.23 1.0608934450505978
0.09 0 0.24 0.7303794531584042
0.09 0 0.25 1.116038505138241
0.09 0 0.26 1.1287724614282557
0.09 0 0.27 0.9044253347049428
0.09 0 0.28 1.7106374905605144
0.09 0 0.29 1.2663915457058283
0.09 0 0.3 1.068304349718931
0.09 0 0.31 1.3900243865789963
0.09 0 0.32 0.8135371360383793
0.09 0 0.33 1.0732661390883944
0.09 0 0.34 1.1820898867075673
0.09 0 0.35000000000000003 0.9011651711924124
0.09 0 0.36 0.8923218769698084
0.09 0 0.37 1.3595342758618114
0.09 0 0.38 1.1393040826589382
0.09 0 0.39 0.9369225537963283
0.09 0 0.4 0.8595650629443102
0.09 0 0.41000000000000003 0.7820336035347568
0.09 0 0.42 0.4360026121820555
0.09 0 0.43 0.6240394132075541
0.09 0 0.44 0.3681040218126893
0.09 0 0.45 0.31547010078520826
0.09 0 0.46 0.7089957945811118
0.09 0 0.47000000000000003 0.43081155461758236
0.09 0 0.48 0.515686782272376
0.09 0 0.49 0.6121014797237293
0.09 0 0.5 1.3989718216671239
0.1 0 0.0 1.2693568813868963
0.1 0 0.01 0.6500981534726745
0.1 0 0.02 1.241405872741565
0.1 0 0.03 1.1498623281327622
0.1 0 0.04 1.348165858076748
0.1 0 0.05 2.07137920793845
0.1 0 0.06 1.7776937127567796
0.1 0 0.07 0.9653364144465724
0.1 0 0.08 0.48253364594260245
0.1 0 0.09 0.5390036995182266
0.1 0 0.1 0.6546835733543328
0.1 0 0.11 0.32663412350594745
0.1 0 0.12 0.36982206998702266
0.1 0 0.13 0.24970646268059385
0.1 0 0.14 0.29506293673346473
0.1 0 0.15 0.4747999874276934
0.1 0 0.16 0.20822023246641969
0.1 0 0.17 0.24600222279406328
0.1 0 0.18 0.36993447386929545
0.1 0 0.19 0.19243199211364242
0.1 0 0.2 0.3257866314770448
0.1 0 0.21 0.3137592604038141
0.1 0 0.22 0.20360054667210378
0.1 0 0.23 0.29443490987731297
0.1 0 0.24 0.3770989884074967
0.1 0 0.25 0.9675959756717241
0.1 0 0.26 0.5930421177361865
0.1 0 0.27 1.1008237671990597
0.1 0 0.28 1.4949029003053607
0.1 0 0.29 0.9008176177889416
0.1 0 0.3 1.2245028218160277
0.1 0 0.31 0.9918979919731415
0.1 0 0.32 0.5529253548305262
0.1 0 0.33 0.9698737331120162
0.1 0 0.34 0.8624438220518243
0.1 0 0.35000000000000003 1.1386969129344986
0.1 0 0.36 0.6864835582687434
0.1 0 0.37 0.8404677127004073
0.1 0 0.38 0.4110871764921287
0.1 0 0.39 0.47501652946581774
0.1 0 0.4 0.31622198744956526
0.1 0 0.41000000000000003 0.3156139842181109
0.1 0 0.42 0.31892674641903596
0.1 0 0.43 0.2801062439020652
0.1 0 0.44 0.2130923016476633
0.1 0 0.45 0.3690341110292485
0.1 0 0.46 0.4230805824022852
0.1 0 0.47000000000000003 0.3206799855677163
0.1 0 0.48 0.3256462946844397
0.1 0 0.49 0.5720644641261348
0.1 0 0.5 2.0929585197713445
0.11 0 0.0 1.2107291198242693
0.11 0 0.01 1.9335234916282342
0.11 0 0.02 1.8059437208937905
0.11 0 0.03 1.1449151435219667
0.11 0 0.04 1.0483882516433403
0.11 0 0.05 1.3092227903246336
0.11 0 0.06 0.9571362538389243
0.11 0 0.07 0.4327218078401932
0.11 0 0.08 0.2917791648407424
0.11 0 0.09 0.31572768599537104
0.11 0 0.1 0.445821326527048
0.11 0 0.11 0.5213332197028712
0.11 0 0.12 0.46832078759993806
0.11 0 0.13 0.18626461397479874
0.11 0 0.14 0.2505421861290714
0.11 0 0.15 0.1544246950013817
0.11 0 0.16 0.19522741724120407
0.11 0 0.17 0.23464990173467973
0.11 0 0.18 0.17246141314447944
0.11 0 0.19 0.3649862879805717
0.11 0 0.2 0.3203662936014645
0.11 0 0.21 0.2331034123079907
0.11 0 0.22 0.34875301078421833
0.11 0 0.23 0.23766351675724948
0.11 0 0.24 0.21945831114345515
0.11 0 0.25 0.46892788872968566
0.11 0 0.26 0.7743337280391077
0.11 0 0.27 1.3279675800989956
0.11 0 0.28 0.7989664229715219
0.11 0 0.29 0.7219481362716788
0.11 0 0.3 0.6446406866287598
0.11 0 0.31 0.5681016604870796
0.11 0 0.32 0.8115420423047716
0.11 0 0.33 0.9759259120853413
0.11 0 0.34 0.7573865918025238
0.11 0 0.35000000000000003 0.44954669375771805
0.11 0 0.36 0.18076610769007076
0.11 0 0.37 0.31217900073771404
0.11 0 0.38 0.1720169235419247
0.11 0 0.39 0.19185984611400123
0.11 0 0.4 0.32345590980206557
0.11 0 0.41000000000000003 0.2861312641620007
0.11 0 0.42 0.5967150880652756
0.11 0 0.43 0.3418835725728163
0.11 0 0.44 0.2250517607238449
0.11 0 0.45 0.19566909099708488
0.11 0 0.46 0.34446607150820124
0.11 0 0.47000000000000003 0.9690641828169392
0.11 0 0.48 0.8217959147976731
0.11 0 0.49 1.7865717418292855
0.11 0 0.5 3.229615772273351
0.12 0 0.0 0.5399087533778683
0.12 0 0.01 0.8085950018240338
0.12 0 0.02 0.456433265202086
0.12 0 0.03 0.8457017466162037
0.12 0 0.04 0.5776086183145811
0.12 0 0.05 0.45804629802249336
0.12 0 0.06 0.2844991887177156
0.12 0 0.07 0.21900553461241484
0.12 0 0.08 0.18629124909429898
0.12 0 0.09 0.2832514564778292
0.12 0 0.1 0.23653670320903517
0.12 0 0.11 0.34639663549762734
0.12 0 0.12 0.3869984512484657
0.12 0 0.13 0.2772506968078821
0.12 0 0.14 0.37249893336790174
0.12 0 0.15 0.39534376351686085
0.12 0 0.16 0.4194456288484203
0.12 0 0.17 0.2951423753501586
0.12 0 0.18 0.2198856518803505
0.12 0 0.19 0.22354436763027663
0.12 0 0.2 0.1292702339440542
0.12 0 0.21 0.36675458021097596
0.12 0 0.22 0.6362706887559779
0.12 0 0.23 0.25745735817085263
0.12 0 0.24 0.5505406476106844
0.12 0 0.25 0.6807725679636288
0.12 0 0.26 0.374800805411723
0.12 0 0.27 0.39673020771636636
0.12 0 0.28 0.4967914374125347
0.12 0 0.29 0.9566007701657872
0.12 0 0.3 0.5386836363026567
0.12 0 0.31 0.8468702309746708
0.12 0 0.32 0.8395197794632075
0.12 0 0.33 0.44845247648580205
0.12 0 0.34 0.3923689887997601
0.12 0 0.35000000000000003 0.35538268885496543
0.12 0 0.36 0.22172732495370587
0.12 0 0.37 0.547525277149844
0.12 0 0.38 0.8704254366420443
0.12 0 0.39 0.9375452076124013
0.12 0 0.4 1.0746317456163232
0.12 0 0.41000000000000003 0.6234931102754036
0.12 0 0.42 0.7690893015510101
0.12 0 0.43 0.3030906032222984
0.12 0 0.44 0.20559388264163242
0.12 0 0.45 0.18302520737958494
0.12 0 0.46 0.2870234283308553
0.12 0 0.47000000000000003 0.3935353086046682
0.12 0 0.48 0.7830133841293678
0.12 0 0.49 1.7469414000958052
0.12 0 0.5 1.804671724091115
0.13 0 0.0 0.6608765077367199
0.13 0 0.01 1.412136434227236
0.13 0 0.02 1.9114778493408404
0.13 0 0.03 1.72003474225058
0.13 0 0.04 2.207225301287879
0.13 0 0.05 1.7459917134613654
0.13 0 0.06 0.9981863451111863
0.13 0 0.07 0.858413704710267
0.13 0 0.08 0.4869012399679412
0.13 0 0.09 0.4370941300347362
0.13 0 0.1 0.4814175405028696
0.13 0 0.11 0.36488826670166336
0.13 0 0.12 0.275084951539937
0.13 0 0.13 0.22723748871511462
0.13 0 0.14 0.2421585221548243
0.13 0 0.15 0.18629065942705753
0.13 0 0.16 0.20663648416910868
0.13 0 0.17 0.20862293993366432
0.13 0 0.18 0.13033970423869198
0.13 0 0.19 0.11113677484448976
0.13 0 0.2 0.17983727315030426
0.13 0 0.21 0.2809291639664517
0.13 0 0.22 0.5566504628743867
0.13 0 0.23 0.7742760909592518
0.13 0 0.24 1.208104845222799
0.13 0 0.25 0.6062327689015178
0.13 0 0.26 0.48562172569437484
0.13 0 0.27 0.471387189110188
0.13 0 0.28 0.46207400913908414
0.13 0 0.29 0.596650960540644
0.13 0 0.3 0.48732566793387405
0.13 0 0.31 0.4910418739411307
0.13 0 0.32 0.270753505558063
0.13 0 0.33 0.19110099824358565
0.13 0 0.34 0.18258337955418746
0.13 0 0.35000000000000003 0.14646515224444964
0.13 0 0.36 0.12600796837253883
0.13 0 0.37 0.3589094351721764
0.13 0 0.38 0.6132819598180029
0.13 0 0.39 0.3940330359945179
0.13 0 0.4 0.3009455561666828
0.13 0 0.41000000000000003 0.3922478540792345
0.13 0 0.42 0.22655696813132079
0.13 0 0.43 0.20412273280914978
0.13 0 0.44 0.19972360660085803
0.13 0 0.45 0.27198315837219805
0.13 0 0.46 0.3304133549230304
0.13 0 0.47000000000000003 0.3204709000862584
0.13 0 0.48 0.5305813469523217
0.13 0 0.49 1.1013884831988296
0.13 0 0.5 1.5508675986662024
0.14 0 0.0 0.6120508726524385
0.14 0 0.01 1.0895371126489863
0.14 0 0.02 1.2424875921893315
0.14 0 0.03 1.290701990367469
0.14 0 0.04 2.3175327253899902
0.14 0 0.05 1.9572414867202346
0.14 0 0.06 1.7342414816192284
0.14 0 0.07 0.8675668298365176
0.14 0 0.08 0.4355633315142747
0.14 0 0.09 0.22410810273797005
0.14 0 0.1 0.2122606453965063
0.14 0 0.11 0.2052397711972915
0.14 0 0.12 0.36486676679566166
0.14 0 0.13 0.2483588726349727
0.14 0 0.14 0.27501438205894096
0.14 0 0.15 0.1795661548082669
0.14 0 0.16 0.13959496293240617
0.14 0 0.17 0.11636319987783789
0.14 0 0.18 0.14305468824250947
0.14 0 0.19 0.1651240272038156
0.14 0 0.2 0.23645531132445366
0.14 0 0.21 0.26172663948743097
0.14 0 0.22 0.46561808589875814
0.14 0 0.23 0.37390490872728105
0.14 0 0.24 0.30173452937353734
0.14 0 0.25 0.37492406924750227
0.14 0 0.26 0.5571744818027506
0.14 0 0.27 0.4443129846166101
0.14 0 0.28 0.7871361837996255
0.14 0 0.29 0.4149485274359737
0.14 0 0.3 0.1858448570216624
0.14 0 0.31 0.22561667180102224
0.14 0 0.32 0.2301078654087143
0.14 0 0.33 0.18752597890946773
0.14 0 0.34 0.2149964417229379
0.14 0 0.35000000000000003 0.15410407308447557
0.14 0 0.36 0.31247493078560384
0.14 0 0.37 0.3615818210631934
0.14 0 0.38 0.29974848613572713
0.14 0 0.39 0.33071521222938244
0.14 0 0.4 0.46857250636018277
0.14 0 0.41000000000000003 0.5023349582391162
0.14 0 0.42 0.28417753417126
0.14 0 0.43 0.21035384251544667
0.14 0 0.44 0.15515548659758804
0.14 0 0.45 0.16793014253720717
0.14 0 0.46 0.2476424185863841
0.14 0 0.47000000000000003 0.2373815022857575
0.14 0 0.48 0.2982349448833526
0.14 0 0.49 0.357242384048534
0.14 0 0.5 0.28158871025592574
0.15 0 0.0 0.48834022989610065
0.15 0 0.01 0.6358515328296526
0.15 0 0.02 0.7516628495462571
0.15 0 0.03 1.814009147390619
0.15 0 0.04 1.3381659918014022
0.15 0 0.05 0.7717884681592796
0.15 0 0.06 0.9356282512740717
0.15 0 0.07 0.7615667099858372
0.15 0 0.08 0.8435672332894713
0.15 0 0.09 0.3467207296059343
0.15 0 0.1 0.31988618461274093
0.15 0 0.11 0.28788086862227236
0.15 0 0.12 0.30232617334177103
0.15 0 0.13 0.25682984138177456
0.15 0 0.14 0.22268398601918224
0.15 0 0.15 0.12591638634539518
0.15 0 0.16 0.13214555321286928
0.15 0 0.17 0.10316138524224941
0.15 0 0.18 0.11709164759934391
0.15 0 0.19 0.12003308667946547
0.15 0 0.2 0.2115991309270066
0.15 0 0.21 0.1821080777716326
0.15 0 0.22 0.1326590405481566
0.15 0 0.23 0.23763623895095376
0.15 0 0.24 0.245247357372158
0.15 0 0.25 0.27570761307544633
0.15 0 0.26 0.2905523553596281
0.15 0 0.27 0.28323206849746796
0.15 0 0.28 0.41929865302838604
0.15 0 0.29 0.3419095294120549
0.15 0 0.3 0.09340964078604157
0.15 0 0.31 0.1154815700179378
0.15 0 0.32 0.07172219499283795
0.15 0 0.33 0.09479491798775048
0.15 0 0.34 0.11034912925423197
0.15 0 0.35000000000000003 0.1465652905923914
0.15 0 0.36 0.21107878947463438
0.15 0 0.37 0.15389787456885326
0.15 0 0.38 0.22326938678319816
0.15 0 0.39 0.33033639996278336
0.15 0 0.4 0.2601112127016437
0.15 0 0.41000000000000003 0.40881330740494093
0.15 0 0.42 0.4321245782314759
0.15 0 0.43 0.2808424848214078
0.15 0 0.44 0.46572674079086684
0.15 0 0.45 0.47735454065349914
0.15 0 0.46 0.3163144438844172
0.15 0 0.47000000000000003 0.12511727083051863
0.15 0 0.48 0.1767521782231745
0.15 0 0.49 0.1979397021099638
0.15 0 0.5 0.0980393319794285
0.16 0 0.0 0.489233913105022
0.16 0 0.01 0.44240853546424463
0.16 0 0.02 0.6149484816226527
0.16 0 0.03 0.6318478649906846
0.16 0 0.04 0.8235475839463792
0.16 0 0.05 1.235591608093226
0.16 0 0.06 0.6481043413790724
0.16 0 0.07 0.33083841622790644
0.16 0 0.08 0.6629377972931451
0.16 0 0.09 0.3443257456301642
0.16 0 0.1 0.3987744522832321
0.16 0 0.11 0.631181705033553
0.16 0 0.12 0.489855013239805
0.16 0 0.13 0.33424132203578794
0.16 0 0.14 0.22551288065587682
0.16 0 0.15 0.21137626473952384
0.16 0 0.16 0.3116737242006603
0.16 0 0.17 0.19410658507029036
0.16 0 0.18 0.32985872019529183
0.16 0 0.19 0.34768452841910286
0.16 0 0.2 0.518542531133886
0.16 0 0.21 0.29904357552764543
0.16 0 0.22 0.22177917586668927
0.16 0 0.23 0.17341072524962997
0.16 0 0.24 0.18711890897328276
0.16 0 0.25 0.27740973870230246
0.16 0 0.26 0.16963353755800759
0.16 0 0.27 0.18518472277194617
0.16 0 0.28 0.2281305078395845
0.16 0 0.29 0.26015278209339626
0.16 0 0.3 0.14652218063464342
0.16 0 0.31 0.21870135122787834
0.16 0 0.32 0.13747080933325329
0.16 0 0.33 0.1903188950914273
0.16 0 0.34 0.12066336416038445
0.16 0 0.35000000000000003 0.1879940580171856
0.16 0 0.36 0.22865979959992705
0.16 0 0.37 0.4069416042236717
0.16 0 0.38 0.33279537589516023
0.16 0 0.39 0.2536644263331322
0.16 0 0.4 0.33441378463320603
0.16 0 0.41000000000000003 0.8414628445507885
0.16 0 0.42 0.33184823357876897
0.16 0 0.43 0.25487945636270276
0.16 0 0.44 0.26757914657529497
0.16 0 0.45 0.22636349258206007
0.16 0 0.46 0.11939180207450209
0.16 0 0.47000000000000003 0.07440279672348617
0.16 0 0.48 0.0949677850370041
0.16 0 0.49 0.08729510706014366
0.16 0 0.5 0.08382489253197124
0.17 0 0.0 1.0908566292828485
0.17 0 0.01 0.8356712341617437
0.17 0 0.02 1.0727397458942443
0.17 0 0.03 1.2507551581457506
0.17 0 0.04 1.4971785514216387
0.17 0 0.05 0.9321156659179138
0.17 0 0.06 0.9230363075918757
0.17 0 0.07 0.7626232830988113
0.17 0 0.08 0.35804916961203753
0.17 0 0.09 0.3385691581508869
0.17 0 0.1 0.3192364261014178
0.17 0 0.11 0.3421559669908828
0.17 0 0.12 0.2036699604456649
0.17 0 0.13 0.19830416224136987
0.17 0 0.14 0.17987202243350253
0.17 0 0.15 0.10909107029016894
0.17 0 0.16 0.11327666041380169
0.17 0 0.17 0.14883047940238223
0.17 0 0.18 0.21344274732237908
0.17 0 0.19 0.28132843177163164
0.17 0 0.2 0.31529558454916295
0.17 0 0.21 0.27126666589898074
0.17 0 0.22 0.37114674872605585
0.17 0 0.23 0.3177789307693534
0.17 0 0.24 0.3182312025698983
0.17 0 0.25 0.3167387774753031
0.17 0 0.26 0.17422781304258567
0.17 0 0.27 0.3333457617244482
0.17 0 0.28 0.2991386149789951
0.17 0 0.29 0.3207464581115096
0.17 0 0.3 0.47029304351985607
0.17 0 0.31 0.43912785228300694
0.17 0 0.32 0.4766344851070469
0.17 0 0.33 0.1907649031460943
0.17 0 0.34 0.14281060787273134
0.17 0 0.35000000000000003 0.21051298580465985
0.17 0 0.36 0.2187541300228935
0.17 0 0.37 0.43699413075713395
0.17 0 0.38 0.3378796395878619
0.17 0 0.39 0.36308375103806895
0.17 0 0.4 0.5288942638877884
0.17 0 0.41000000000000003 0.42130122851550666
0.17 0 0.42 0.3263090008256056
0.17 0 0.43 0.2689254362253777
0.17 0 0.44 0.11380486273600583
0.17 0 0.45 0.16731144750221744
0.17 0 0.46 0.0945546987357769
0.17 0 0.47000000000000003 0.04389292964599001
0.17 0 0.48 0.07201556460449224
0.17 0 0.49 0.04740277585603084
0.17 0 0.5 0.06749192834417664
0.18 0 0.0 0.29645095197060667
0.18 0 0.01 0.5584311139503513
0.18 0 0.02 1.4630792548695521
0.18 0 0.03 0.6983404583638574
0.18 0 0.04 0.42963244495968655
0.18 0 0.05 0.53720995513319
0.18 0 0.06 0.7075057948578257
0.18 0 0.07 0.5558620817365716
0.18 0 0.08 0.4424816996614582
0.18 0 0.09 0.6173679378713574
0.18 0 0.1 0.2867251543769853
0.18 0 0.11 0.31935496232866933
0.18 0 0.12 0.3804900570354925
0.18 0 0.13 0.26745498618436125
0.18 0 0.14 0.3771214838268431
0.18 0 0.15 0.24472083749583842
0.18 0 0.16 0.21044759415974032
0.18 0 0.17 0.22022835950722922
0.18 0 0.18 0.15228939883814474
0.18 0 0.19 0.2144380356483302
0.18 0 0.2 0.13337311453679468
0.18 0 0.21 0.1680163086825547
0.18 0 0.22 0.19585876558962387
0.18 0 0.23 0.6196417054470938
0.18 0 0.24 0.49387055361287596
0.18 0 0.25 0.36363486797037053
0.18 0 0.26 0.36138985768815624
0.18 0 0.27 0.9242769639947375
0.18 0 0.28 0.7839873068622931
0.18 0 0.29 1.1589023223618893
0.18 0 0.3 0.7521345280537743
0.18 0 0.31 0.4218308635999337
0.18 0 0.32 0.4473273349917341
0.18 0 0.33 0.2252613216192529
0.18 0 0.34 0.32815108945090715
0.18 0 0.35000000000000003 0.4380316594207531
0.18 0 0.36 0.39069749219648275
0.18 0 0.37 0.7427001300197544
0.18 0 0.38 0.515062758023575
0.18 0 0.39 0.5815030782917283
0.18 0 0.4 0.6648563687981333
0.18 0 0.41000000000000003 0.3687419621219817
0.18 0 0.42 0.4637302737588148
0.18 0 0.43 0.37750344223520754
0.18 0 0.44 0.3369017047891028
0.18 0 0.45 0.16359297178730967
0.18 0 0.46 0.07541286123166595
0.18 0 0.47000000000000003 0.05003194511111973
0.18 0 0.48 0.07727576487320487
0.18 0 0.49 0.06252085825937023
0.18 0 0.5 0.07594581925868854
0.19 0 0.0 0.20148402411990984
0.19 0 0.01 0.25687413365022915
0.19 0 0.02 0.18706320519368905
0.19 0 0.03 0.28869922904181033
0.19 0 0.04 0.2778134819129521
0.19 0 0.05 0.2610481353904097
0.19 0 0.06 0.3428855302612742
0.19 0 0.07 0.4366091911141172
0.19 0 0.08 0.27223625722862643
0.19 0 0.09 0.20202899793967133
0.19 0 0.1 0.40979695437843794
0.19 0 0.11 0.4535457177062164
0.19 0 0.12 0.9447409264940345
0.19 0 0.13 0.760564052883657
0.19 0 0.14 0.9816755949805234
0.19 0 0.15 0.6376406371318812
0.19 0 0.16 0.43885046458106086
0.19 0 0.17 0.12650568402807952
0.19 0 0.18 0.17526213260822926
0.19 0 0.19 0.3524230083630213
0.19 0 0.2 0.24395900049783734
0.19 0 0.21 0.24513177627629926
0.19 0 0.22 0.3931052282864737
0.19 0 0.23 0.5520686659435289
0.19 0 0.24 0.3699368774072112
0.19 0 0.25 0.5145906096905577
0.19 0 0.26 0.6103637677842345
0.19 0 0.27 0.47282643707853006
0.19 0 0.28 1.149329245994407
0.19 0 0.29 0.9529815347404544
0.19 0 0.3 0.3764507094585545
0.19 0 0.31 0.5788634829699669
0.19 0 0.32 0.2907979713185488
0.19 0 0.33 0.34321020494253185
0.19 0 0.34 0.5317454717050819
0.19 0 0.35000000000000003 0.9743613939835397
0.19 0 0.36 1.1499739258361295
0.19 0 0.37 0.6750488985231544
0.19 0 0.38 0.38014025581247224
0.19 0 0.39 0.5603228707210998
0.19 0 0.4 0.689670951805805
0.19 0 0.41000000000000003 0.822456945511171
0.19 0 0.42 0.8280679025000347
0.19 0 0.43 0.41084977639955367
0.19 0 0.44 0.5732280137120881
0.19 0 0.45 0.20513938976749635
0.19 0 0.46 0.19564905516128814
0.19 0 0.47000000000000003 0.18352528178896726
0.19 0 0.48 0.2466869998377224
0.19 0 0.49 0.38179586390808623
0.19 0 0.5 0.3040672820178015
0.2 0 0.0 0.09194011074657017
0.2 0 0.01 0.10992407613501312
0.2 0 0.02 0.19886829458848626
0.2 0 0.03 0.22449848048610388
0.2 0 0.04 0.09987593889931923
0.2 0 0.05 0.2397913494447589
0.2 0 0.06 0.329641053042389
0.2 0 0.07 0.3200789287849026
0.2 0 0.08 0.4221429664094502
0.2 0 0.09 0.3083674073315742
0.2 0 0.1 0.37037985828021
0.2 0 0.11 0.3662997621697583
0.2 0 0.12 0.39074484776546337
0.2 0 0.13 0.3383840637094316
0.2 0 0.14 0.45356487319520583
0.2 0 0.15 0.32744732143144994
0.2 0 0.16 0.22935743507411888
0.2 0 0.17 0.3533617802605244
0.2 0 0.18 0.4518789366840307
0.2 0 0.19 0.2264871608844792
0.2 0 0.2 0.30255902964868636
0.2 0 0.21 0.16869336195010246
0.2 0 0.22 0.19937360855837755
0.2 0 0.23 0.2859308660358371
0.2 0 0.24 0.3983713851016016
0.2 0 0.25 0.3330046032581873
0.2 0 0.26 0.5131324938367466
0.2 0 0.27 0.41373635256206837
0.2 0 0.28 0.7616237567221951
0.2 0 0.29 0.41093333347137495
0.2 0 0.3 0.5995966889112304
0.2 0 0.31 1.5105507734331858
0.2 0 0.32 0.8958033942933165
0.2 0 0.33 1.8852881285789564
0.2 0 0.34 1.655429969120533
0.2 0 0.35000000000000003 1.849094447540963
0.2 0 0.36 2.245507586276825
0.2 0 0.37 0.8869938221790494
0.2 0 0.38 0.8725660418760394
0.2 0 0.39 0.6733171181914427
0.2 0 0.4 0.6291253004959313
0.2 0 0.41000000000000003 0.5812238131838356
0.2 0 0.42 0.277592479705201
0.2 0 0.43 0.20773946539128166
0.2 0 0.44 0.31721861583151656
0.2 0 0.45 0.2058319167426391
0.2 0 0.46 0.19303142750981664
0.2 0 0.47000000000000003 0.16693677717994507
0.2 0 0.48 0.2954637971699908
0.2 0 0.49 0.4523049714388326
0.2 0 0.5 0.5233055006564226
0.21 0 0.0 0.2652083735089382
0.21 0 0.01 0.34970847672673433
0.21 0 0.02 0.35920530310671045
0.21 0 0.03 0.44942161955727666
0.21 0 0.04 0.5512717664914221
0.21 0 0.05 0.523723322655401
0.21 0 0.06 0.9400535766940122
0.21 0 0.07 0.629722400298833
0.21 0 0.08 0.6850682898492455
0.21 0 0.09 0.5646620475954095
0.21 0 0.1 0.5224245435481121
0.21 0 0.11 0.2064339485745108
0.21 0 0.12 0.11295898093007029
0.21 0 0.13 0.16938775148624927
0.21 0 0.14 0.13743173957828927
0.21 0 0.15 0.1731437322452562
0.21 0 0.16 0.3722358027698198
0.21 0 0.17 0.32842077423291194
0.21 0 0.18 0.3591111094682727
0.21 0 0.19 0.6386129696843035
0.21 0 0.2 0.2790715512225679
0.21 0 0.21 0.11287641535198006
0.21 0 0.22 0.2717685033082802
0.21 0 0.23 0.38580657788141887
0.21 0 0.24 0.33359173341645454
0.21 0 0.25 0.5296025155826238
0.21 0 0.26 0.8730262186115256
0.21 0 0.27 0.8413782807044241
0.21 0 0.28 0.6086749010656974
0.21 0 0.29 0.8806582715746055
0.21 0 0.3 1.1751601018639286
0.21 0 0.31 1.9956545444315101
0.21 0 0.32 2.140651117401948
0.21 0 0.33 2.0809086987747936
0.21 0 0.34 2.3023589542908076
0.21 0 0.35000000000000003 2.5803566354812864
0.21 0 0.36 1.4614060506299187
0.21 0 0.37 0.8476915131503663
0.21 0 0.38 0.6606097605761199
0.21 0 0.39 0.36413405668741855
0.21 0 0.4 0.4569043895740677
0.21 0 0.41000000000000003 0.3541126283148049
0.21 0 0.42 0.14948217934804708
0.21 0 0.43 0.2956099739131459
0.21 0 0.44 0.23882199053176875
0.21 0 0.45 0.2487952578227323
0.21 0 0.46 0.188820396649348
0.21 0 0.47000000000000003 0.20207279381284035
0.21 0 0.48 0.1801418370767787
0.21 0 0.49 0.1346493225242599
0.21 0 0.5 0.25685850947082295
0.22 0 0.0 0.28781559212078
0.22 0 0.01 0.26060421897263447
0.22 0 0.02 0.34935935371528104
0.22 0 0.03 0.36006535955307845
0.22 0 0.04 0.47782707094667465
0.22 0 0.05 1.0749556116872712
0.22 0 0.06 1.5438015486228547
0.22 0 0.07 0.46297520900851913
0.22 0 0.08 0.7665416990889676
0.22 0 0.09 0.281240535891469
0.22 0 0.1 0.28376961852071153
0.22 0 0.11 0.27119431619696727
0.22 0 0.12 0.18696492150248856
0.22 0 0.13 0.2283658126301065
0.22 0 0.14 0.48843722373764203
0.22 0 0.15 0.35110931011737573
0.22 0 0.16 0.42722468804888253
0.22 0 0.17 0.22613129471195947
0.22 0 0.18 0.30053484257598734
0.22 0 0.19 0.21461644472497463
0.22 0 0.2 0.14351321899789726
0.22 0 0.21 0.19019206202232994
0.22 0 0.22 0.17397647343176686
0.22 0 0.23 0.2525433144615604
0.22 0 0.24 0.33422845937926976
0.22 0 0.25 0.46371355809734743
0.22 0 0.26 0.5301734647178019
0.22 0 0.27 0.7884271400610546
0.22 0 0.28 0.6514050703304591
0.22 0 0.29 2.794016569569577
0.22 0 0.3 3.4558771081975834
0.22 0 0.31 3.4974882593840504
0.22 0 0.32 5.0911885340143925
0.22 0 0.33 3.4031140929479635
0.22 0 0.34 2.6529830597950173
0.22 0 0.35000000000000003 3.755753682798816
0.22 0 0.36 3.444700050854964
0.22 0 0.37 1.6993532614445874
0.22 0 0.38 0.8330070717934539
0.22 0 0.39 1.2889632507876876
0.22 0 0.4 0.9011864059043098
0.22 0 0.41000000000000003 0.4369030890796739
0.22 0 0.42 0.3905304801187092
0.22 0 0.43 0.2709315142491443
0.22 0 0.44 0.12353467745099667
0.22 0 0.45 0.1727407470544152
0.22 0 0.46 0.1037424667334732
0.22 0 0.47000000000000003 0.09476179410227294
0.22 0 0.48 0.15579073673365762
0.22 0 0.49 0.14721268968576132
0.22 0 0.5 0.4556743215959335
0.23 0 0.0 0.5929616090591449
0.23 0 0.01 0.8786649375989004
0.23 0 0.02 0.9414951112326756
0.23 0 0.03 1.1819016133298283
0.23 0 0.04 1.1508016045293445
0.23 0 0.05 2.3657591094548818
0.23 0 0.06 1.4830525330478808
0.23 0 0.07 0.7392656715108855
0.23 0 0.08 0.34712030319369175
0.23 0 0.09 0.19061761624037987
0.23 0 0.1 0.32373750410325397
0.23 0 0.11 0.25275105656150293
0.23 0 0.12 0.35146705680849594
0.23 0 0.13 0.487525646980301
0.23 0 0.14 0.3665523052497564
0.23 0 0.15 0.24591777098585166
0.23 0 0.16 0.20244644676671514
0.23 0 0.17 0.12052486091749033
0.23 0 0.18 0.08878266216546728
0.23 0 0.19 0.07132936966729297
0.23 0 0.2 0.1249452946675381
0.23 0 0.21 0.16651547060552122
0.23 0 0.22 0.32165720823251887
0.23 0 0.23 0.6530747638651503
0.23 0 0.24 0.27049765589099345
0.23 0 0.25 0.4712974578013215
0.23 0 0.26 0.4815028666125061
0.23 0 0.27 0.44873354783810376
0.23 0 0.28 0.5826024158041804
0.23 0 0.29 0.7223460244498333
0.23 0 0.3 0.6877404320463214
0.23 0 0.31 1.6718600530697405
0.23 0 0.32 1.83231874218921
0.23 0 0.33 1.4109681968306689
0.23 0 0.34 1.4821198241191924
0.23 0 0.35000000000000003 1.7806814064301766
0.23 0 0.36 0.8356791743878672
0.23 0 0.37 1.090327922655266
0.23 0 0.38 0.9642125672084656
0.23 0 0.39 0.6834272627346241
0.23 0 0.4 0.5393591881855964
0.23 0 0.41000000000000003 0.5565547584871564
0.23 0 0.42 0.4700034547152494
0.23 0 0.43 0.18486016118170248
0.23 0 0.44 0.15565256375299893
0.23 0 0.45 0.09350196212250074
0.23 0 0.46 0.12067652241734667
0.23 0 0.47000000000000003 0.1669981113425479
0.23 0 0.48 0.5933907882074171
0.23 0 0.49 0.39359463160848357
0.23 0 0.5 0.9179853536745708
0.24 0 0.0 0.612987151940499
0.24 0 0.01 0.8775124366232943
0.24 0 0.02 2.534370042700718
0.24 0 0.03 2.1686345223332966
0.24 0 0.04 5.006520801821895
0.24 0 0.05 6.274368336446694
0.24 0 0.06 1.8408825045858883
0.24 0 0.07 1.1898014454573038
0.24 0 0.08 0.6400744096048787
0.24 0 0.09 0.8498975890879161
0.24 0 0.1 0.8092997459182294
0.24 0 0.11 0.49246774198881627
0.24 0 0.12 0.7985145573279928
0.24 0 0.13 0.781621525433066
0.24 0 0.14 0.8073392007529318
0.24 0 0.15 0.593710650084531
0.24 0 0.16 0.14434425919740748
0.24 0 0.17 0.3765721794353808
0.24 0 0.18 0.2996536096215502
0.24 0 0.19 0.20620833299568866
0.24 0 0.2 0.3282381585608408
0.24 0 0.21 0.3027293076229429
0.24 0 0.22 0.5114711214244434
0.24 0 0.23 0.5580140643035981
0.24 0 0.24 0.19763778918537322
0.24 0 0.25 0.3527887033055775
0.24 0 0.26 0.4134809670596092
0.24 0 0.27 0.7185452060017108
0.24 0 0.28 0.6028288855949627
0.24 0 0.29 0.8502335744073409
0.24 0 0.3 2.0968192170531026
0.24 0 0.31 1.5068621183850681
0.24 0 0.32 1.510339087397831
0.24 0 0.33 4.765035943615714
0.24 0 0.34 2.095937874907726
0.24 0 0.35000000000000003 2.2161727715449833
0.24 0 0.36 1.7353489017277692
0.24 0 0.37 0.9736985689720421
0.24 0 0.38 0.4112069604203952
0.24 0 0.39 0.5247820308833743
0.24 0 0.4 0.4411351448487649
0.24 0 0.41000000000000003 0.2690973047276171
0.24 0 0.42 0.262604165121847
0.24 0 0.43 0.2363898762776234
0.24 0 0.44 0.15383268796330052
0.24 0 0.45 0.12075546856049663
0.24 0 0.46 0.24351447047725536
0.24 0 0.47000000000000003 0.33243586895697796
0.24 0 0.48 0.882217733570994
0.24 0 0.49 0.8837678284643877
0.24 0 0.5 1.22613132954051
0.25 0 0.0 1.8275332572284906
0.25 0 0.01 2.197563433239286
0.25 0 0.02 7.6214249401807805
0.25 0 0.03 5.896374173754158
0.25 0 0.04 8.524391169989556
0.25 0 0.05 5.994800456571517
0.25 0 0.06 4.138590469928989
0.25 0 0.07 1.5216156997699586
0.25 0 0.08 0.7874094668165266
0.25 0 0.09 0.9219016711180426
0.25 0 0.1 0.5653408992266477
0.25 0 0.11 0.40935605418235405
0.25 0 0.12 0.3885045308389607
0.25 0 0.13 0.23507336860115927
0.25 0 0.14 0.40197301703768445
0.25 0 0.15 0.32587102601638973
0.25 0 0.16 0.3899633404524473
0.25 0 0.17 0.6685074722212961
0.25 0 0.18 0.4716096052170081
0.25 0 0.19 0.5416809917449518
0.25 0 0.2 0.35389252939671384
0.25 0 0.21 0.23447367063162522
0.25 0 0.22 0.41001896982546354
0.25 0 0.23 0.32106209258770113
0.25 0 0.24 0.362194558146802
0.25 0 0.25 0.6235934366379182
0.25 0 0.26 0.5727451837716157
0.25 0 0.27 0.8740581952455144
0.25 0 0.28 0.6961454645031023
0.25 0 0.29 0.8679168500187364
0.25 0 0.3 1.9460313822105149
0.25 0 0.31 2.617822319794309
0.25 0 0.32 4.535396475525003
0.25 0 0.33 3.2529119822340853
0.25 0 0.34 2.2860612979159196
0.25 0 0.35000000000000003 2.061984216583431
0.25 0 0.36 1.2725753051344364
0.25 0 0.37 0.5719505181327411
0.25 0 0.38 0.5907814335155062
0.25 0 0.39 0.6805329958522284
0.25 0 0.4 0.2992442871562594
0.25 0 0.41000000000000003 0.18255899210617227
0.25 0 0.42 0.3165635526955798
0.25 0 0.43 0.273633868376787
0.25 0 0.44 0.25048965151662167
0.25 0 0.45 0.23909855574403854
0.25 0 0.46 0.35233353053322936
0.25 0 0.47000000000000003 0.47511891801832445
0.25 0 0.48 0.42402547768100063
0.25 0 0.49 0.5301105506875731
0.25 0 0.5 0.626492583152885
0.26 0 0.0 0.8640737411413152
0.26 0 0.01 2.239016513449229
0.26 0 0.02 2.862191383977661
0.26 0 0.03 2.9671030532764795
0.26 0 0.04 3.410643999951043
0.26 0 0.05 4.819073081396445
0.26 0 0.06 3.0082955446737687
0.26 0 0.07 1.409471091983987
0.26 0 0.08 1.2596168738378557
0.26 0 0.09 0.7938204242318011
0.26 0 0.1 0.5178132309873565
0.26 0 0.11 0.5924084542165903
0.26 0 0.12 0.3299977095298135
0.26 0 0.13 0.282351028195102
0.26 0 0.14 0.5007042279196335
0.26 0 0.15 0.27533987997887555
0.26 0 0.16 0.5638746211249364
0.26 0 0.17 0.3178135320711518
0.26 0 0.18 0.3115744269158348
0.26 0 0.19 0.42128547118814813
0.26 0 0.2 0.3066447065040417
0.26 0 0.21 0.479158087046089
0.26 0 0.22 0.3100425522985435
0.26 0 0.23 0.3361556958322645
0.26 0 0.24 0.4655187241657172
0.26 0 0.25 0.42701591580342485
0.26 0 0.26 0.9814604257246505
0.26 0 0.27 1.2604849221142234
0.26 0 0.28 0.9754454301210054
0.26 0 0.29 1.6859248929195214
0.26 0 0.3 1.7192924003780723
0.26 0 0.31 1.9900400304671064
0.26 0 0.32 2.870238830597188
0.26 0 0.33 2.143376767780116
0.26 0 0.34 1.6505173514601092
0.26 0 0.35000000000000003 0.6793923164498218
0.26 0 0.36 0.9126719791456204
0.26 0 0.37 0.7613503011667621
0.26 0 0.38 0.410739796752047
0.26 0 0.39 0.5236772941811154
0.26 0 0.4 0.4011872236464254
0.26 0 0.41000000000000003 0.1926908060789245
0.26 0 0.42 0.2935568432740793
0.26 0 0.43 0.10300391504348486
0.26 0 0.44 0.09353052077298812
0.26 0 0.45 0.06860522417698647
0.26 0 0.46 0.11754269279457467
0.26 0 0.47000000000000003 0.1375448479263473
0.26 0 0.48 0.3042292675477389
0.26 0 0.49 0.3352627331184941
0.26 0 0.5 0.1927273152788825
0.27 0 0.0 2.495382616621823
0.27 0 0.01 2.1333288958287424
0.27 0 0.02 2.286821412564093
0.27 0 0.03 6.182650223356996
0.27 0 0.04 4.8271878590928035
0.27 0 0.05 4.187859788326796
0.27 0 0.06 2.640900414865
0.27 0 0.07 1.3049975592268583
0.27 0 0.08 1.4433406422934452
0.27 0 0.09 0.7359166583837905
0.27 0 0.1 0.4907100233327087
0.27 0 0.11 0.26188420564475684
0.27 0 0.12 0.39168784941251306
0.27 0 0.13 0.380274841773
0.27 0 0.14 0.3817901082723957
0.27 0 0.15 0.3426163956377399
0.27 0 0.16 0.44947735201687716
0.27 0 0.17 0.3141999847607564
0.27 0 0.18 0.6014853585218534
0.27 0 0.19 0.4278556718694325
0.27 0 0.2 0.3130265617619206
0.27 0 0.21 1.1619759891761987
0.27 0 0.22 0.6228787006760698
0.27 0 0.23 0.5370635581028093
0.27 0 0.24 0.917703376909558
0.27 0 0.25 0.7903405485101095
0.27 0 0.26 1.2140293358254497
0.27 0 0.27 1.388580724296122
0.27 0 0.28 2.9466986961155377
0.27 0 0.29 3.6439884487751475
0.27 0 0.3 2.1790489631854104
0.27 0 0.31 2.4563981272788364
0.27 0 0.32 0.9640649852923733
0.27 0 0.33 1.0279123234815364
0.27 0 0.34 0.9328450901738421
0.27 0 0.35000000000000003 1.0093246845389487
0.27 0 0.36 0.8281484880479884
0.27 0 0.37 0.9238246879099022
0.27 0 0.38 0.5864441073836933
0.27 0 0.39 0.7659897551639083
0.27 0 0.4 0.48318274107975406
0.27 0 0.41000000000000003 0.18833686812438033
0.27 0 0.42 0.20322747799399257
0.27 0 0.43 0.20588047520444136
0.27 0 0.44 0.23660278077688748
0.27 0 0.45 0.18054449029818578
0.27 0 0.46 0.28712962262059766
0.27 0 0.47000000000000003 0.3762330328673543
0.27 0 0.48 0.6697286000823771
0.27 0 0.49 1.1706774778751319
0.27 0 0.5 0.8923485127564142
0.28 0 0.0 3.335690553761684
0.28 0 0.01 4.955546441151604
0.28 0 0.02 3.8022222398529917
0.28 0 0.03 4.326549711853599
0.28 0 0.04 7.907791466878263
0.28 0 0.05 6.386760960342671
0.28 0 0.06 4.746174221366373
0.28 0 0.07 1.4930545006441411
0.28 0 0.08 0.9814185687412404
0.28 0 0.09 0.4374651672214617
0.28 0 0.1 0.6562300933962916
0.28 0 0.11 0.2649943747502054
0.28 0 0.12 0.34436304789574096
0.28 0 0.13 0.3632629110635671
0.28 0 0.14 0.38624486210111153
0.28 0 0.15 0.3424128231677393
0.28 0 0.16 0.6016600910740714
0.28 0 0.17 1.3332464978529603
0.28 0 0.18 0.6898316918851424
0.28 0 0.19 0.5915266624613478
0.28 0 0.2 0.7775708860586215
0.28 0 0.21 0.524199664089805
0.28 0 0.22 0.523700747747236
0.28 0 0.23 0.542258625466703
0.28 0 0.24 0.8742534107091544
0.28 0 0.25 1.6785217699314552
0.28 0 0.26 3.6274929713658506
0.28 0 0.27 2.6271223317809236
0.28 0 0.28 2.4223722992826975
0.28 0 0.29 2.3533340186739635
0.28 0 0.3 3.3448156136063107
0.28 0 0.31 3.061269132774529
0.28 0 0.32 1.0756223440991222
0.28 0 0.33 2.1043359869317677
0.28 0 0.34 1.1599887608165098
0.28 0 0.35000000000000003 0.8793159369553124
0.28 0 0.36 0.6483100099243849
0.28 0 0.37 0.5599968169079088
0.28 0 0.38 0.493295119076583
0.28 0 0.39 0.3535471004436215
0.28 0 0.4 0.3755145677712348
0.28 0 0.41000000000000003 0.20082973671427592
0.28 0 0.42 0.27427476882126184
0.28 0 0.43 0.3082122484688371
0.28 0 0.44 0.18468500663939305
0.28 0 0.45 0.3296456419518069
0.28 0 0.46 0.3502553879677435
0.28 0 0.47000000000000003 0.4154797606226614
0.28 0 0.48 0.6255067659880024
0.28 0 0.49 1.1701266524841716
0.28 0 0.5 1.1373948142860997
0.29 0 0.0 4.598053738501301
0.29 0 0.01 8.074858209329426
0.29 0 0.02 6.55967095049967
0.29 0 0.03 10.612005353745214
0.29 0 0.04 10.807374764487605
0.29 0 0.05 5.041235290334754
0.29 0 0.06 5.48567810582196
0.29 0 0.07 1.5395107502331278
0.29 0 0.08 1.33762188554497
0.29 0 0.09 1.1753877475820964
0.29 0 0.1 0.8000464749956776
0.29 0 0.11 0.88458376025784
0.29 0 0.12 1.9211093508413373
0.29 0 0.13 1.4728385033104059
0.29 0 0.14 0.9264461178890449
0.29 0 0.15 1.4740606363420423
0.29 0 0.16 0.754312242820552
0.29 0 0.17 0.9269407652479532
0.29 0 0.18 0.9298257929555239
0.29 0 0.19 1.0931339180096797
0.29 0 0.2 0.8142352463243885
0.29 0 0.21 0.736855544670874
0.29 0 0.22 1.3458259411221427
0.29 0 0.23 0.7970177719220313
0.29 0 0.24 1.0207529279028527
0.29 0 0.25 3.186488734541081
0.29 0 0.26 1.9623410986161922
0.29 0 0.27 3.2363541567310463
0.29 0 0.28 2.3553528054998725
0.29 0 0.29 1.3768977973457406
0.29 0 0.3 1.0083959765894723
0.29 0 0.31 1.6816130113375012
0.29 0 0.32 1.1374157326464434
0.29 0 0.33 2.206544719196351
0.29 0 0.34 1.6557580830009
0.29 0 0.35000000000000003 1.3862849608116083
0.29 0 0.36 1.3221793213448678
0.29 0 0.37 0.6336646378260653
0.29 0 0.38 0.5769238249230421
0.29 0 0.39 0.4087896741411593
0.29 0 0.4 0.801656009616912
0.29 0 0.41000000000000003 0.4866082150684677
0.29 0 0.42 0.7001054108812815
0.29 0 0.43 0.725317578240488
0.29 0 0.44 0.2091841374529115
0.29 0 0.45 0.2277525370835867
0.29 0 0.46 0.301361428509474
0.29 0 0.47000000000000003 0.335434029879411
0.29 0 0.48 0.4145270515646911
0.29 0 0.49 0.4812806984844847
0.29 0 0.5 0.6163965967351375
0.3 0 0.0 2.381088579020716
0.3 0 0.01 3.1748712427833583
0.3 0 0.02 4.104652330294978
0.3 0 0.03 3.3269583756247374
0.3 0 0.04 4.101083794579259
0.3 0 0.05 1.9634238688019998
0.3 0 0.06 1.438350410258587
0.3 0 0.07 2.5146874898077507
0.3 0 0.08 3.3539511907702044
0.3 0 0.09 1.981549762495499
0.3 0 0.1 2.8571372130363115
0.3 0 0.11 2.470665517320537
0.3 0 0.12 1.3135934774975737
0.3 0 0.13 2.5764453671446734
0.3 0 0.14 1.4720456016403485
0.3 0 0.15 0.8930716620877008
0.3 0 0.16 1.2031752846918333
0.3 0 0.17 1.856371155876809
0.3 0 0.18 0.9949367808353456
0.3 0 0.19 0.5208308651979338
0.3 0 0.2 0.707562486005879
0.3 0 0.21 0.6867332813731657
0.3 0 0.22 1.0752734375179926
0.3 0 0.23 1.7297725462594837
0.3 0 0.24 1.5865794991824531
0.3 0 0.25 2.713770485549749
0.3 0 0.26 1.3334510345670014
0.3 0 0.27 2.6869856294627508
0.3 0 0.28 1.8090034293194452
0.3 0 0.29 2.7574704165813477
0.3 0 0.3 2.3793573166318116
0.3 0 0.31 3.825562006114626
0.3 0 0.32 3.317183422100404
0.3 0 0.33 2.845830192641098
0.3 0 0.34 2.3840371510017344
0.3 0 0.35000000000000003 2.544041763860272
0.3 0 0.36 1.5945588211737096
0.3 0 0.37 1.098858866997264
0.3 0 0.38 1.4222474541041046
0.3 0 0.39 0.7900515693807302
0.3 0 0.4 0.4971738469038037
0.3 0 0.41000000000000003 0.693692005615699
0.3 0 0.42 0.5410130500618469
0.3 0 0.43 0.4655659434386592
0.3 0 0.44 0.41272703711313696
0.3 0 0.45 0.33407014695437387
0.3 0 0.46 0.23902982241489837
0.3 0 0.47000000000000003 0.24569946540301038
0.3 0 0.48 0.39007317031111927
0.3 0 0.49 0.38325055092570876
0.3 0 0.5 0.43400077353898375
#STOP
