#MEDIUM_PROPERTIES_DISTRIBUTED
$MSH_TYPE
	 GROUNDWATER_FLOW	
$MMP_TYPE
	 PERMEABILITY	
$DIS_TYPE
	 NEAREST_VALUE	
;hj
$CONVERSION_FACTOR
2e-8;2e-6;2e-13
$DATA
0.0 0 0.0 1.705550089348779
0.0 0 0.01 1.736363991631197
0.0 0 0.02 1.246202616887577
0.0 0 0.03 1.6651804577349327
0.0 0 0.04 1.6294638538156336
0.0 0 0.05 1.561184850170852
0.0 0 0.06 1.4415078028768324
0.0 0 0.07 2.1760250166125057
0.0 0 0.08 2.7781407225775805
0.0 0 0.09 2.8378739992619755
0.0 0 0.1 3.2635237372239123
0.0 0 0.11 4.9930217404640835
0.0 0 0.12 3.587055520507848
0.0 0 0.13 3.020041240628187
0.0 0 0.14 3.0083777954599733
0.0 0 0.15 2.5908478434151214
0.0 0 0.16 2.6905988149150106
0.0 0 0.17 2.2581420267833856
0.0 0 0.18 2.361736637632612
0.0 0 0.19 3.1218733446670535
0.0 0 0.2 3.2729153089572693
0.0 0 0.21 2.4376944379921746
0.0 0 0.22 2.557249382328786
0.0 0 0.23 2.6092876972019305
0.0 0 0.24 3.986631003596681
0.0 0 0.25 4.208013807749374
0.0 0 0.26 5.497275352160643
0.0 0 0.27 5.629470929547291
0.0 0 0.28 5.091788500784511
0.0 0 0.29 5.565221568182452
0.0 0 0.3 6.246320554755433
0.0 0 0.31 5.145509875906605
0.0 0 0.32 6.763440781446681
0.0 0 0.33 6.717592464429549
0.0 0 0.34 4.942124069562518
0.0 0 0.35000000000000003 5.53364426960514
0.0 0 0.36 5.809083885765351
0.0 0 0.37 6.031036399911741
0.0 0 0.38 4.670666495626438
0.0 0 0.39 4.856607111525248
0.0 0 0.4 5.605070262844911
0.0 0 0.41000000000000003 5.557922328970162
0.0 0 0.42 4.6512104289312575
0.0 0 0.43 6.073468461579126
0.0 0 0.44 4.945028403888961
0.0 0 0.45 5.414840947104364
0.0 0 0.46 5.196790326315151
0.0 0 0.47000000000000003 4.700297496778487
0.0 0 0.48 3.983378459610984
0.0 0 0.49 3.399298446012814
0.0 0 0.5 3.579959490459309
0.01 0 0.0 5.348671547668402
0.01 0 0.01 5.296151120274951
0.01 0 0.02 4.081214838456296
0.01 0 0.03 2.921796133699995
0.01 0 0.04 2.817783749186428
0.01 0 0.05 2.908621073650339
0.01 0 0.06 1.9145940598595403
0.01 0 0.07 2.3585775285899575
0.01 0 0.08 2.345850777083775
0.01 0 0.09 2.3727502037965693
0.01 0 0.1 2.3478014737458084
0.01 0 0.11 2.0896219286979916
0.01 0 0.12 1.5476737469576076
0.01 0 0.13 2.0125572914836947
0.01 0 0.14 2.5231239420400415
0.01 0 0.15 3.3881479740131204
0.01 0 0.16 3.2859313519575437
0.01 0 0.17 4.141336494492757
0.01 0 0.18 4.498129125181553
0.01 0 0.19 2.883353623676604
0.01 0 0.2 3.1497472935336814
0.01 0 0.21 4.2605992863479
0.01 0 0.22 3.7727629223079924
0.01 0 0.23 3.2918704130730783
0.01 0 0.24 3.681615055682661
0.01 0 0.25 3.7120480052653857
0.01 0 0.26 5.27980701707563
0.01 0 0.27 4.537946851915276
0.01 0 0.28 4.6225408539855355
0.01 0 0.29 4.063030512987319
0.01 0 0.3 3.8451432807361794
0.01 0 0.31 3.408436526931156
0.01 0 0.32 3.3841572227021657
0.01 0 0.33 3.4207446962648542
0.01 0 0.34 4.249479160274406
0.01 0 0.35000000000000003 3.9581293506652977
0.01 0 0.36 5.069315972129037
0.01 0 0.37 5.230964388079574
0.01 0 0.38 3.856335950128956
0.01 0 0.39 4.77305329697822
0.01 0 0.4 4.757709788602779
0.01 0 0.41000000000000003 4.558391926489256
0.01 0 0.42 5.877607619091632
0.01 0 0.43 7.337712013953201
0.01 0 0.44 5.379293273988904
0.01 0 0.45 4.596423672840506
0.01 0 0.46 3.7377459927442835
0.01 0 0.47000000000000003 3.9073698277185374
0.01 0 0.48 2.281072065374791
0.01 0 0.49 1.8447662005181946
0.01 0 0.5 1.595092224668267
0.02 0 0.0 3.1628469205727443
0.02 0 0.01 2.2687045778755355
0.02 0 0.02 2.097282682519488
0.02 0 0.03 2.7306313639949056
0.02 0 0.04 3.0377621662621466
0.02 0 0.05 2.5852133170457123
0.02 0 0.06 3.2690652025043128
0.02 0 0.07 3.3728453585277673
0.02 0 0.08 2.2093745071544637
0.02 0 0.09 2.414991000148491
0.02 0 0.1 2.4039447207483406
0.02 0 0.11 2.6818507539578316
0.02 0 0.12 1.9876624497263466
0.02 0 0.13 1.5380606425702381
0.02 0 0.14 1.5571317556296675
0.02 0 0.15 1.8253069328173135
0.02 0 0.16 1.4662166537529457
0.02 0 0.17 1.7335576768637897
0.02 0 0.18 1.4749088158457286
0.02 0 0.19 1.4662886623552367
0.02 0 0.2 1.3981105035370343
0.02 0 0.21 1.1881284403013062
0.02 0 0.22 1.072912277723352
0.02 0 0.23 1.0658946205777733
0.02 0 0.24 1.4402744852575562
0.02 0 0.25 1.9193896315549437
0.02 0 0.26 1.7605891479348825
0.02 0 0.27 1.815798712366824
0.02 0 0.28 2.112296369461565
0.02 0 0.29 1.2512447656184198
0.02 0 0.3 1.2917607244130591
0.02 0 0.31 1.2752437663669374
0.02 0 0.32 1.135121407853522
0.02 0 0.33 0.8241521434882033
0.02 0 0.34 0.7114199730868715
0.02 0 0.35000000000000003 0.6421218093904397
0.02 0 0.36 0.727826163432201
0.02 0 0.37 0.6392146428741005
0.02 0 0.38 0.7259682314749573
0.02 0 0.39 0.6298022172203321
0.02 0 0.4 0.6420652146790213
0.02 0 0.41000000000000003 0.8839971862669663
0.02 0 0.42 0.9678083024018077
0.02 0 0.43 1.1660923064851352
0.02 0 0.44 1.1802258398826524
0.02 0 0.45 1.142732083371181
0.02 0 0.46 1.3547212532378692
0.02 0 0.47000000000000003 1.4534667382103423
0.02 0 0.48 1.1818550828078793
0.02 0 0.49 1.8746280710751395
0.02 0 0.5 1.876423742615615
0.03 0 0.0 4.463148652092276
0.03 0 0.01 3.455214022666254
0.03 0 0.02 2.7014079823346546
0.03 0 0.03 2.0676245381138196
0.03 0 0.04 1.614872677772947
0.03 0 0.05 1.4558633808524903
0.03 0 0.06 1.4663804358069654
0.03 0 0.07 1.1194625924209514
0.03 0 0.08 1.0954397849520336
0.03 0 0.09 1.1482073858342452
0.03 0 0.1 1.204777519988114
0.03 0 0.11 1.201448815823978
0.03 0 0.12 1.1385127042708771
0.03 0 0.13 1.8306997119152353
0.03 0 0.14 1.713103491865791
0.03 0 0.15 1.5755615179367788
0.03 0 0.16 1.8810148627788843
0.03 0 0.17 1.8743742543005
0.03 0 0.18 1.168269031302503
0.03 0 0.19 1.1310184019489642
0.03 0 0.2 1.0306964277154926
0.03 0 0.21 1.4103705623879064
0.03 0 0.22 1.2661378471439664
0.03 0 0.23 1.0086385278261776
0.03 0 0.24 0.8756443484625516
0.03 0 0.25 0.7659066831476794
0.03 0 0.26 0.7697168785842049
0.03 0 0.27 0.8853994192318617
0.03 0 0.28 0.8102906076973756
0.03 0 0.29 0.7472984490657459
0.03 0 0.3 0.7498042629780458
0.03 0 0.31 0.7789233340407714
0.03 0 0.32 1.013399838827447
0.03 0 0.33 0.7285581112447262
0.03 0 0.34 0.7606289330782909
0.03 0 0.35000000000000003 0.6883534358071728
0.03 0 0.36 0.519635643549972
0.03 0 0.37 0.5214268197476208
0.03 0 0.38 0.7720144774236574
0.03 0 0.39 0.6666413339901385
0.03 0 0.4 0.7209765887778282
0.03 0 0.41000000000000003 0.7206733894881119
0.03 0 0.42 0.8610868224417456
0.03 0 0.43 0.8441970550462957
0.03 0 0.44 0.7944053968119813
0.03 0 0.45 0.8992414488219824
0.03 0 0.46 0.8517113997078187
0.03 0 0.47000000000000003 0.9964896093022725
0.03 0 0.48 1.3121660562873927
0.03 0 0.49 1.0137032209820003
0.03 0 0.5 0.684552613064106
0.04 0 0.0 2.03658386249481
0.04 0 0.01 1.7379658052013145
0.04 0 0.02 2.4564110165719355
0.04 0 0.03 1.8156103695566668
0.04 0 0.04 2.000319639136831
0.04 0 0.05 1.914426226266608
0.04 0 0.06 1.5919482771338775
0.04 0 0.07 1.1269508059970195
0.04 0 0.08 0.791431121478084
0.04 0 0.09 0.6178701850850076
0.04 0 0.1 0.7850707139372525
0.04 0 0.11 0.7927864520119122
0.04 0 0.12 0.8248035271571311
0.04 0 0.13 0.7316894346399534
0.04 0 0.14 0.5805777134292543
0.04 0 0.15 0.6389620595818741
0.04 0 0.16 0.5462439137004814
0.04 0 0.17 0.5154834985454294
0.04 0 0.18 0.4473826961868108
0.04 0 0.19 0.4456118624880742
0.04 0 0.2 0.49160641181462567
0.04 0 0.21 0.5558522218262318
0.04 0 0.22 0.5058096792997067
0.04 0 0.23 0.8135849446392602
0.04 0 0.24 0.7050954202066574
0.04 0 0.25 0.631130093546814
0.04 0 0.26 0.6578964420158013
0.04 0 0.27 0.7021671154752961
0.04 0 0.28 0.711745429286164
0.04 0 0.29 0.7588482114646691
0.04 0 0.3 0.7483074098116186
0.04 0 0.31 0.8450971569925106
0.04 0 0.32 0.7617237677538804
0.04 0 0.33 0.7061117483421813
0.04 0 0.34 0.7885409875928027
0.04 0 0.35000000000000003 0.6678354591511612
0.04 0 0.36 0.9042956418602289
0.04 0 0.37 1.061235522004877
0.04 0 0.38 1.201631047223559
0.04 0 0.39 1.0799849241842965
0.04 0 0.4 1.0091062650969485
0.04 0 0.41000000000000003 1.0946230855207646
0.04 0 0.42 1.4857484764765967
0.04 0 0.43 1.0891931511390696
0.04 0 0.44 1.3909119643033085
0.04 0 0.45 1.5705901218355796
0.04 0 0.46 1.283079339633104
0.04 0 0.47000000000000003 1.247260437940513
0.04 0 0.48 1.5825886427995688
0.04 0 0.49 1.8227264077704386
0.04 0 0.5 1.6159361098832346
0.05 0 0.0 0.9013392158013511
0.05 0 0.01 1.084702558580661
0.05 0 0.02 0.9053425975753504
0.05 0 0.03 0.5552785474454397
0.05 0 0.04 0.5445293972677627
0.05 0 0.05 0.5265302889875639
0.05 0 0.06 0.5511448060348231
0.05 0 0.07 0.4038380368250341
0.05 0 0.08 0.5420663927436115
0.05 0 0.09 0.5502179083307511
0.05 0 0.1 0.42386943326852017
0.05 0 0.11 0.5243351207416348
0.05 0 0.12 0.9117664757295539
0.05 0 0.13 0.8079965561102069
0.05 0 0.14 0.927915713278302
0.05 0 0.15 0.9938487029547449
0.05 0 0.16 1.0028976523911914
0.05 0 0.17 1.105663381855517
0.05 0 0.18 1.0119390201526386
0.05 0 0.19 1.0065932825927972
0.05 0 0.2 0.8688241620099318
0.05 0 0.21 0.8902965544497665
0.05 0 0.22 0.9366639452158069
0.05 0 0.23 0.8480614111351129
0.05 0 0.24 0.6900867178517308
0.05 0 0.25 0.885717071725486
0.05 0 0.26 0.8631423693457987
0.05 0 0.27 1.279196009160541
0.05 0 0.28 1.2506554837839101
0.05 0 0.29 1.166071602971988
0.05 0 0.3 1.3326463097919277
0.05 0 0.31 1.4540972204561662
0.05 0 0.32 1.352280104238207
0.05 0 0.33 1.6954068097322443
0.05 0 0.34 1.4526225857930155
0.05 0 0.35000000000000003 1.1250544285037252
0.05 0 0.36 0.9611095920927518
0.05 0 0.37 0.9748599744918138
0.05 0 0.38 1.4667046600208762
0.05 0 0.39 1.5857948465793292
0.05 0 0.4 1.8939515126482902
0.05 0 0.41000000000000003 1.7722258365008328
0.05 0 0.42 1.584433940212351
0.05 0 0.43 1.714888502257875
0.05 0 0.44 2.0612129517768425
0.05 0 0.45 1.4517898411788281
0.05 0 0.46 1.6889337796178379
0.05 0 0.47000000000000003 1.7116552549504314
0.05 0 0.48 1.943143701796067
0.05 0 0.49 1.6333033782657387
0.05 0 0.5 1.3039129164905945
0.06 0 0.0 0.6902403991502934
0.06 0 0.01 0.7364541772468765
0.06 0 0.02 0.9029611256486374
0.06 0 0.03 0.9680273103895264
0.06 0 0.04 0.8452312432461535
0.06 0 0.05 0.8944446112765497
0.06 0 0.06 0.8387308552689876
0.06 0 0.07 0.6266752379218331
0.06 0 0.08 0.7149567031561981
0.06 0 0.09 0.574656726982193
0.06 0 0.1 0.6293217666222493
0.06 0 0.11 0.6604675096781737
0.06 0 0.12 0.7038780478945884
0.06 0 0.13 0.6270236466300527
0.06 0 0.14 0.7383422777436304
0.06 0 0.15 0.9937041599963997
0.06 0 0.16 1.38684684014502
0.06 0 0.17 1.129577794263693
0.06 0 0.18 1.5665485171886442
0.06 0 0.19 1.8606102120878014
0.06 0 0.2 1.4937205896824925
0.06 0 0.21 1.9239993986992632
0.06 0 0.22 2.4371120583839287
0.06 0 0.23 2.3845733723347187
0.06 0 0.24 2.333730589630713
0.06 0 0.25 2.2934140137609083
0.06 0 0.26 1.8953527161721115
0.06 0 0.27 1.9804893829650088
0.06 0 0.28 2.082827943024855
0.06 0 0.29 3.032494739979153
0.06 0 0.3 2.378398929065699
0.06 0 0.31 2.454022406196129
0.06 0 0.32 2.590112104020864
0.06 0 0.33 2.426144862638694
0.06 0 0.34 2.289862497347352
0.06 0 0.35000000000000003 2.4929632392652743
0.06 0 0.36 2.086827493034087
0.06 0 0.37 2.3172429535636456
0.06 0 0.38 1.6774608157718305
0.06 0 0.39 1.169359366928316
0.06 0 0.4 1.3576594003443039
0.06 0 0.41000000000000003 1.3606006623402447
0.06 0 0.42 1.41510813218135
0.06 0 0.43 1.4324333966467218
0.06 0 0.44 1.705450417591292
0.06 0 0.45 1.6650433422678472
0.06 0 0.46 1.3763993113345405
0.06 0 0.47000000000000003 1.0866077739152644
0.06 0 0.48 1.2715301056472632
0.06 0 0.49 1.024788672707218
0.06 0 0.5 1.2690037568881347
0.07 0 0.0 1.2921414089968026
0.07 0 0.01 1.5388813907357746
0.07 0 0.02 1.1540493507439045
0.07 0 0.03 0.9869295161304665
0.07 0 0.04 1.1424083949087096
0.07 0 0.05 1.0494349771977494
0.07 0 0.06 0.9292421785248633
0.07 0 0.07 1.1742990174637662
0.07 0 0.08 1.0225396007616074
0.07 0 0.09 0.7889830506763205
0.07 0 0.1 0.8286523613490006
0.07 0 0.11 0.7243177365768576
0.07 0 0.12 0.8680575602133755
0.07 0 0.13 0.7266838989154847
0.07 0 0.14 0.656088349924001
0.07 0 0.15 0.5891844979643216
0.07 0 0.16 0.6243663013275415
0.07 0 0.17 0.7301383568201703
0.07 0 0.18 1.0917844747362773
0.07 0 0.19 1.0055001169364457
0.07 0 0.2 1.1568857257751413
0.07 0 0.21 1.1082880717495602
0.07 0 0.22 1.2846100256677067
0.07 0 0.23 1.406858301838306
0.07 0 0.24 1.273374811992377
0.07 0 0.25 1.7385114339222951
0.07 0 0.26 2.2584532149468584
0.07 0 0.27 1.8665383636838024
0.07 0 0.28 1.7075019288935085
0.07 0 0.29 1.5680202802160068
0.07 0 0.3 1.0558991272566631
0.07 0 0.31 1.1923358761540273
0.07 0 0.32 1.1699093651953711
0.07 0 0.33 1.4047695571369523
0.07 0 0.34 1.3036466209733266
0.07 0 0.35000000000000003 1.3517116922861536
0.07 0 0.36 1.2020844036051648
0.07 0 0.37 1.0694147481303204
0.07 0 0.38 1.1182779707886137
0.07 0 0.39 1.541949796955079
0.07 0 0.4 1.0206405665896523
0.07 0 0.41000000000000003 0.8887086333452967
0.07 0 0.42 1.0667265285594076
0.07 0 0.43 1.1854056781869033
0.07 0 0.44 1.46312599190169
0.07 0 0.45 1.3709440144418008
0.07 0 0.46 1.4104337737132766
0.07 0 0.47000000000000003 1.587721002811231
0.07 0 0.48 1.423074481426191
0.07 0 0.49 1.1262787311994606
0.07 0 0.5 1.353971158480197
0.08 0 0.0 0.6832465500489749
0.08 0 0.01 1.018925266817992
0.08 0 0.02 0.9465852218928839
0.08 0 0.03 1.066372008632971
0.08 0 0.04 0.7839278937075055
0.08 0 0.05 0.6408642012058463
0.08 0 0.06 0.6358665945026969
0.08 0 0.07 0.6545232178284123
0.08 0 0.08 0.6058455037566839
0.08 0 0.09 0.6094897044477534
0.08 0 0.1 0.5503734620384422
0.08 0 0.11 0.5386112306095423
0.08 0 0.12 0.3866407519484887
0.08 0 0.13 0.2948449111892505
0.08 0 0.14 0.3974357448116144
0.08 0 0.15 0.36219584462299564
0.08 0 0.16 0.42811649213952657
0.08 0 0.17 0.49105523394917466
0.08 0 0.18 0.46670672976671645
0.08 0 0.19 0.41884247068742814
0.08 0 0.2 0.502870503503964
0.08 0 0.21 0.4606290321407299
0.08 0 0.22 0.5482979207845589
0.08 0 0.23 0.48794635659071905
0.08 0 0.24 0.5665830166022351
0.08 0 0.25 0.5250144502275949
0.08 0 0.26 0.4895650974338383
0.08 0 0.27 0.6555898748844933
0.08 0 0.28 0.8820302381691808
0.08 0 0.29 0.9800337850269435
0.08 0 0.3 0.9933998862439609
0.08 0 0.31 0.811271215251522
0.08 0 0.32 0.8322300141775895
0.08 0 0.33 0.9662707408738482
0.08 0 0.34 0.6603088092869256
0.08 0 0.35000000000000003 0.8114766279301362
0.08 0 0.36 0.870846227729482
0.08 0 0.37 0.7973937610777467
0.08 0 0.38 0.6729824638265406
0.08 0 0.39 0.7586019459055329
0.08 0 0.4 0.8048870490151612
0.08 0 0.41000000000000003 0.9648056414219327
0.08 0 0.42 0.8766822137737321
0.08 0 0.43 1.0212282098710608
0.08 0 0.44 0.8546826801502568
0.08 0 0.45 0.8820606651534288
0.08 0 0.46 0.9211494258975841
0.08 0 0.47000000000000003 0.6147349993704423
0.08 0 0.48 0.6193763270790866
0.08 0 0.49 0.7697022274658277
0.08 0 0.5 0.6142279282034245
0.09 0 0.0 0.4577305751220444
0.09 0 0.01 0.3895507610361309
0.09 0 0.02 0.4345186996630314
0.09 0 0.03 0.5633000061473883
0.09 0 0.04 0.4467154049712555
0.09 0 0.05 0.6178831198824798
0.09 0 0.06 0.6458502144878615
0.09 0 0.07 0.658211792166133
0.09 0 0.08 0.5315586604663975
0.09 0 0.09 0.4703386056267867
0.09 0 0.1 0.4471039466893497
0.09 0 0.11 0.48513681963805716
0.09 0 0.12 0.5107822062458838
0.09 0 0.13 0.6380211551470204
0.09 0 0.14 0.48258996819619016
0.09 0 0.15 0.3899260121821413
0.09 0 0.16 0.46506154590473625
0.09 0 0.17 0.53846923697477
0.09 0 0.18 0.778348429373227
0.09 0 0.19 0.703940941155315
0.09 0 0.2 0.636550777417073
0.09 0 0.21 0.651128072329764
0.09 0 0.22 0.6354597314426148
0.09 0 0.23 0.5321904655376033
0.09 0 0.24 0.6089631653909846
0.09 0 0.25 0.4541495444507358
0.09 0 0.26 0.5146727437428457
0.09 0 0.27 0.48261360607597037
0.09 0 0.28 0.4600326134418905
0.09 0 0.29 0.4717893420415078
0.09 0 0.3 0.5198450390769299
0.09 0 0.31 0.5617983581100188
0.09 0 0.32 0.6079101263885595
0.09 0 0.33 0.5938255018134282
0.09 0 0.34 0.7081279322215097
0.09 0 0.35000000000000003 0.6223219372030623
0.09 0 0.36 0.418864607772098
0.09 0 0.37 0.47560958348478305
0.09 0 0.38 0.45298869378999046
0.09 0 0.39 0.5127590859983296
0.09 0 0.4 0.3983410384242185
0.09 0 0.41000000000000003 0.3115970947516864
0.09 0 0.42 0.3827727262312127
0.09 0 0.43 0.6110899533354426
0.09 0 0.44 0.5473941477209133
0.09 0 0.45 0.7048812277365675
0.09 0 0.46 0.7511105023467702
0.09 0 0.47000000000000003 0.8144933239918548
0.09 0 0.48 0.7656297637034253
0.09 0 0.49 0.8976981235659078
0.09 0 0.5 1.186037522950884
0.1 0 0.0 0.483092371086812
0.1 0 0.01 0.533771578150134
0.1 0 0.02 0.6539012889888918
0.1 0 0.03 0.725329905610114
0.1 0 0.04 0.6241482330200486
0.1 0 0.05 0.5634952637979104
0.1 0 0.06 0.6532219981953173
0.1 0 0.07 0.8568924333697718
0.1 0 0.08 0.6168083428519643
0.1 0 0.09 0.7680467044409058
0.1 0 0.1 0.6564391921040228
0.1 0 0.11 0.49989141950596844
0.1 0 0.12 0.5455034565648458
0.1 0 0.13 0.7057862384393304
0.1 0 0.14 0.662221370843065
0.1 0 0.15 0.8758452334280121
0.1 0 0.16 0.9411197195472324
0.1 0 0.17 0.9421715759077973
0.1 0 0.18 0.827653833445781
0.1 0 0.19 0.9064575853380006
0.1 0 0.2 1.1817691925989027
0.1 0 0.21 0.9813874946606805
0.1 0 0.22 1.1419336640482212
0.1 0 0.23 1.4739807681858847
0.1 0 0.24 1.4558581182043289
0.1 0 0.25 1.2519916807027212
0.1 0 0.26 1.252486157812469
0.1 0 0.27 1.0858995251688628
0.1 0 0.28 1.603062095501882
0.1 0 0.29 1.3418338058301935
0.1 0 0.3 1.1976348598299118
0.1 0 0.31 1.1602130622070033
0.1 0 0.32 1.211090191066078
0.1 0 0.33 1.1936029704190312
0.1 0 0.34 1.226503071457878
0.1 0 0.35000000000000003 1.1216012605072563
0.1 0 0.36 1.207296385522098
0.1 0 0.37 0.9881627009584428
0.1 0 0.38 0.9205612458973366
0.1 0 0.39 1.129339192165444
0.1 0 0.4 1.0958996373529428
0.1 0 0.41000000000000003 1.193432081261264
0.1 0 0.42 0.7358096040282829
0.1 0 0.43 0.4934440595527056
0.1 0 0.44 0.4900433843413268
0.1 0 0.45 0.5522693750676311
0.1 0 0.46 0.49543696281646155
0.1 0 0.47000000000000003 0.6377239938055644
0.1 0 0.48 0.644331230900181
0.1 0 0.49 0.8944096697475176
0.1 0 0.5 0.7491808995094936
0.11 0 0.0 0.6701320437280376
0.11 0 0.01 0.6250521845833887
0.11 0 0.02 0.5770568910468457
0.11 0 0.03 0.6690098504331853
0.11 0 0.04 0.7102701098593543
0.11 0 0.05 0.7076029195944257
0.11 0 0.06 0.7498093229192133
0.11 0 0.07 0.6598179576636236
0.11 0 0.08 0.5699862450903803
0.11 0 0.09 0.5675340079287998
0.11 0 0.1 0.4320119217418505
0.11 0 0.11 0.4806048937610778
0.11 0 0.12 0.46813498060122943
0.11 0 0.13 0.6372518168842011
0.11 0 0.14 0.5619598416821271
0.11 0 0.15 0.4091895278022748
0.11 0 0.16 0.4196545089927146
0.11 0 0.17 0.5655462571579726
0.11 0 0.18 0.4725773109257537
0.11 0 0.19 0.568352656821127
0.11 0 0.2 0.5026014224953637
0.11 0 0.21 0.44548331515514916
0.11 0 0.22 0.5473981294873895
0.11 0 0.23 0.6013042074114883
0.11 0 0.24 0.6014492207737405
0.11 0 0.25 0.5419507777955175
0.11 0 0.26 0.5584084368118138
0.11 0 0.27 0.5435917228668614
0.11 0 0.28 0.5592433724835454
0.11 0 0.29 0.8013134585893068
0.11 0 0.3 1.5130780824581078
0.11 0 0.31 1.2173866837142515
0.11 0 0.32 1.391474791017561
0.11 0 0.33 1.5240303247260507
0.11 0 0.34 1.688355912153446
0.11 0 0.35000000000000003 1.666144864034735
0.11 0 0.36 1.4835777975806062
0.11 0 0.37 1.3081884240599455
0.11 0 0.38 1.7412853114794824
0.11 0 0.39 1.488042654216788
0.11 0 0.4 1.2375512861919107
0.11 0 0.41000000000000003 1.1581391956298888
0.11 0 0.42 1.1795014452324764
0.11 0 0.43 1.3842791570762685
0.11 0 0.44 1.2073067257848313
0.11 0 0.45 1.384082973285656
0.11 0 0.46 1.353155609109408
0.11 0 0.47000000000000003 1.1112395196766618
0.11 0 0.48 1.0496448242748786
0.11 0 0.49 1.2584510772349509
0.11 0 0.5 1.1042541199813019
0.12 0 0.0 0.29138051473095306
0.12 0 0.01 0.275162288057054
0.12 0 0.02 0.4181956031914049
0.12 0 0.03 0.3855620767009161
0.12 0 0.04 0.40481347702921266
0.12 0 0.05 0.4508890509260251
0.12 0 0.06 0.4094315473679347
0.12 0 0.07 0.45645484215456494
0.12 0 0.08 0.5781628425328937
0.12 0 0.09 0.4887313144873922
0.12 0 0.1 0.4609727005365006
0.12 0 0.11 0.48267616742086467
0.12 0 0.12 0.4464278276498363
0.12 0 0.13 0.5448947195003971
0.12 0 0.14 0.5580079036038817
0.12 0 0.15 0.7644320977755332
0.12 0 0.16 0.6751291844618735
0.12 0 0.17 0.6022294963708945
0.12 0 0.18 0.6682164150945312
0.12 0 0.19 0.9112811889395875
0.12 0 0.2 0.947134900647109
0.12 0 0.21 1.0158521455622913
0.12 0 0.22 0.7193899885133951
0.12 0 0.23 0.919861311742595
0.12 0 0.24 1.0459689546168316
0.12 0 0.25 0.8411631847781427
0.12 0 0.26 0.8994262564257217
0.12 0 0.27 0.9534260804984728
0.12 0 0.28 0.8398664694309242
0.12 0 0.29 0.7794722652243437
0.12 0 0.3 0.783230402922643
0.12 0 0.31 0.8443007705486446
0.12 0 0.32 1.10639885410131
0.12 0 0.33 1.207978308643451
0.12 0 0.34 1.7862952230536877
0.12 0 0.35000000000000003 1.7209716776994501
0.12 0 0.36 2.1584165268389843
0.12 0 0.37 1.9960978563522151
0.12 0 0.38 1.475874138121732
0.12 0 0.39 1.56656107607716
0.12 0 0.4 2.4227454380004434
0.12 0 0.41000000000000003 1.8916933813165053
0.12 0 0.42 1.580155518300325
0.12 0 0.43 1.26271207027442
0.12 0 0.44 1.3248524813130738
0.12 0 0.45 1.6312436607422627
0.12 0 0.46 1.5048823195684393
0.12 0 0.47000000000000003 1.605280908705283
0.12 0 0.48 1.495417456426245
0.12 0 0.49 1.2392857917278826
0.12 0 0.5 1.054893870827581
0.13 0 0.0 0.27035567219502793
0.13 0 0.01 0.27265985188261804
0.13 0 0.02 0.29553349059036665
0.13 0 0.03 0.26906222452932227
0.13 0 0.04 0.378468770823163
0.13 0 0.05 0.32803946909972453
0.13 0 0.06 0.33386614296737027
0.13 0 0.07 0.32158345910154446
0.13 0 0.08 0.38072245412031896
0.13 0 0.09 0.453616209044995
0.13 0 0.1 0.40579476971936246
0.13 0 0.11 0.3452976831517254
0.13 0 0.12 0.41826216003424876
0.13 0 0.13 0.3863448329179545
0.13 0 0.14 0.4028935250624113
0.13 0 0.15 0.5117780236488122
0.13 0 0.16 0.49644533007716674
0.13 0 0.17 0.7630828705875575
0.13 0 0.18 0.9066494795148204
0.13 0 0.19 0.9158717022367258
0.13 0 0.2 0.8595417472037844
0.13 0 0.21 1.0482281191856135
0.13 0 0.22 1.1456311963850403
0.13 0 0.23 1.2844266737980463
0.13 0 0.24 1.1557816178768325
0.13 0 0.25 1.6367520574787506
0.13 0 0.26 1.3319735891933449
0.13 0 0.27 1.109087663975771
0.13 0 0.28 1.1665896693082318
0.13 0 0.29 1.2085235648372261
0.13 0 0.3 1.308207763896982
0.13 0 0.31 1.0898704124812322
0.13 0 0.32 0.6773488386021702
0.13 0 0.33 0.7114206212609444
0.13 0 0.34 0.8989941619054588
0.13 0 0.35000000000000003 0.7864443812770863
0.13 0 0.36 0.9896821579319217
0.13 0 0.37 1.0778791625863562
0.13 0 0.38 1.2518297918667347
0.13 0 0.39 0.9635792820482284
0.13 0 0.4 0.9902671079229981
0.13 0 0.41000000000000003 1.161391736745172
0.13 0 0.42 1.3427142407830748
0.13 0 0.43 1.493413514447162
0.13 0 0.44 2.2398014271838114
0.13 0 0.45 1.9026803665818832
0.13 0 0.46 2.396127436634425
0.13 0 0.47000000000000003 2.9437653445501857
0.13 0 0.48 2.403917679303635
0.13 0 0.49 2.6307784404447005
0.13 0 0.5 3.41844485522022
0.14 0 0.0 0.37843565622322456
0.14 0 0.01 0.39753959462660965
0.14 0 0.02 0.3575913050834901
0.14 0 0.03 0.3891872944345746
0.14 0 0.04 0.40005712495344475
0.14 0 0.05 0.3065701024676203
0.14 0 0.06 0.3595739140768366
0.14 0 0.07 0.35720034195137124
0.14 0 0.08 0.4420330185876163
0.14 0 0.09 0.387114093624539
0.14 0 0.1 0.5036186142402198
0.14 0 0.11 0.6609330832899771
0.14 0 0.12 0.6352600529895017
0.14 0 0.13 0.6094872147200069
0.14 0 0.14 0.81931909670246
0.14 0 0.15 0.788955028162831
0.14 0 0.16 0.7826953723409661
0.14 0 0.17 0.7277834800267685
0.14 0 0.18 0.8643352590045011
0.14 0 0.19 1.5261182455990172
0.14 0 0.2 1.501218675967665
0.14 0 0.21 1.4645280691615237
0.14 0 0.22 1.3183249907166505
0.14 0 0.23 1.1909336496896998
0.14 0 0.24 1.1288214934682046
0.14 0 0.25 1.2452208021214741
0.14 0 0.26 1.0403273339214727
0.14 0 0.27 1.2248280491999983
0.14 0 0.28 0.9236676645900813
0.14 0 0.29 0.8121985088586369
0.14 0 0.3 0.6806539632700761
0.14 0 0.31 0.741679772445724
0.14 0 0.32 0.9123916550530108
0.14 0 0.33 0.8408852133674953
0.14 0 0.34 0.7542741597114319
0.14 0 0.35000000000000003 0.9983679265803144
0.14 0 0.36 0.9569844489316752
0.14 0 0.37 0.7996534335380971
0.14 0 0.38 0.7825328969615012
0.14 0 0.39 0.6688053642846983
0.14 0 0.4 0.9407262171176562
0.14 0 0.41000000000000003 0.8715133792281787
0.14 0 0.42 0.7561185777384436
0.14 0 0.43 0.7825446360993537
0.14 0 0.44 0.9740446604079472
0.14 0 0.45 0.9149300275327785
0.14 0 0.46 1.0458498374577672
0.14 0 0.47000000000000003 1.000968351549957
0.14 0 0.48 1.119130604759658
0.14 0 0.49 0.8116285006410177
0.14 0 0.5 0.9392542782629505
0.15 0 0.0 0.25472262506243526
0.15 0 0.01 0.2814381262922958
0.15 0 0.02 0.2978997670684485
0.15 0 0.03 0.2727565784338278
0.15 0 0.04 0.3182095558523857
0.15 0 0.05 0.26660229599310503
0.15 0 0.06 0.17409787496758491
0.15 0 0.07 0.18736288409889318
0.15 0 0.08 0.25020989756358775
0.15 0 0.09 0.20604882146218523
0.15 0 0.1 0.2629525602071241
0.15 0 0.11 0.22575230378688188
0.15 0 0.12 0.2285004102356297
0.15 0 0.13 0.2569816266813529
0.15 0 0.14 0.30953942586001143
0.15 0 0.15 0.29880303799730035
0.15 0 0.16 0.36148741700830184
0.15 0 0.17 0.474376008500816
0.15 0 0.18 0.6329778990460357
0.15 0 0.19 0.5175517958213322
0.15 0 0.2 0.6894617499057373
0.15 0 0.21 1.1625962038934998
0.15 0 0.22 1.177890590054888
0.15 0 0.23 1.4711888687105217
0.15 0 0.24 1.707239388474988
0.15 0 0.25 1.8177208819004864
0.15 0 0.26 1.6255303601309545
0.15 0 0.27 1.3403411927646154
0.15 0 0.28 1.2110878643539844
0.15 0 0.29 1.6842660006253167
0.15 0 0.3 1.2898003127872952
0.15 0 0.31 1.1646521854833094
0.15 0 0.32 0.8977228710519543
0.15 0 0.33 0.9052855622170086
0.15 0 0.34 0.9233512083862384
0.15 0 0.35000000000000003 0.8964941804782762
0.15 0 0.36 0.8935294688784141
0.15 0 0.37 0.981009642916384
0.15 0 0.38 0.8430942600487044
0.15 0 0.39 0.8984231980989595
0.15 0 0.4 0.8212732365286156
0.15 0 0.41000000000000003 0.7254034197133509
0.15 0 0.42 0.9643648652813963
0.15 0 0.43 0.7850963178417599
0.15 0 0.44 0.7304169044572664
0.15 0 0.45 0.76451360560814
0.15 0 0.46 0.8907375205267005
0.15 0 0.47000000000000003 0.9402070844511976
0.15 0 0.48 1.0349942050573653
0.15 0 0.49 0.9034408101034344
0.15 0 0.5 1.141143178417174
0.16 0 0.0 0.38050102366740135
0.16 0 0.01 0.3922197044935137
0.16 0 0.02 0.3795438079734922
0.16 0 0.03 0.4283984666362745
0.16 0 0.04 0.4664172829174001
0.16 0 0.05 0.4982146466976458
0.16 0 0.06 0.6393429689412363
0.16 0 0.07 0.667404495427389
0.16 0 0.08 0.550137994085419
0.16 0 0.09 0.5193630356064737
0.16 0 0.1 0.52937414227281
0.16 0 0.11 0.49330993022336944
0.16 0 0.12 0.4697655461800306
0.16 0 0.13 0.3288488590246027
0.16 0 0.14 0.4600286660172942
0.16 0 0.15 0.4193259660601776
0.16 0 0.16 0.30863114687825854
0.16 0 0.17 0.30511219854528704
0.16 0 0.18 0.4065405519393579
0.16 0 0.19 0.43737346014816203
0.16 0 0.2 0.5827273642864816
0.16 0 0.21 0.5060733011755458
0.16 0 0.22 0.47872577146018364
0.16 0 0.23 0.45481896890916335
0.16 0 0.24 0.4928887421788557
0.16 0 0.25 0.5418654365896456
0.16 0 0.26 0.46125766952201
0.16 0 0.27 0.5565268564000209
0.16 0 0.28 0.5686089007890861
0.16 0 0.29 0.4277999225154168
0.16 0 0.3 0.4652997530306117
0.16 0 0.31 0.6654606560533451
0.16 0 0.32 0.490238034002736
0.16 0 0.33 0.4494619151567319
0.16 0 0.34 0.34402301989158796
0.16 0 0.35000000000000003 0.40033005439773306
0.16 0 0.36 0.41722742602017554
0.16 0 0.37 0.3984714596188681
0.16 0 0.38 0.414523091262926
0.16 0 0.39 0.5343052313467883
0.16 0 0.4 0.5412235819539414
0.16 0 0.41000000000000003 0.6302019487094312
0.16 0 0.42 0.5908602970701279
0.16 0 0.43 0.6156169982984384
0.16 0 0.44 0.6565614075554383
0.16 0 0.45 0.5903836690529729
0.16 0 0.46 0.7621814462928387
0.16 0 0.47000000000000003 0.6764862536466972
0.16 0 0.48 0.6315136252714908
0.16 0 0.49 0.7709054456754655
0.16 0 0.5 0.8847908378363888
0.17 0 0.0 0.4418694166113078
0.17 0 0.01 0.3532837077912726
0.17 0 0.02 0.2872173124002788
0.17 0 0.03 0.38570836097445743
0.17 0 0.04 0.2980416094455442
0.17 0 0.05 0.3135789330368244
0.17 0 0.06 0.2930360653766079
0.17 0 0.07 0.2678489234768272
0.17 0 0.08 0.35348979656037116
0.17 0 0.09 0.46864433251128995
0.17 0 0.1 0.4005386043012291
0.17 0 0.11 0.33292692975593025
0.17 0 0.12 0.3332865021052111
0.17 0 0.13 0.3832329766178741
0.17 0 0.14 0.37289643884579576
0.17 0 0.15 0.31531985463490847
0.17 0 0.16 0.45230060406467076
0.17 0 0.17 0.37698163937254153
0.17 0 0.18 0.33908886688896406
0.17 0 0.19 0.33078479435794117
0.17 0 0.2 0.3886374532075398
0.17 0 0.21 0.47583261145891376
0.17 0 0.22 0.5863329890173866
0.17 0 0.23 0.49857806818815553
0.17 0 0.24 0.7644073619818921
0.17 0 0.25 0.8271277016016451
0.17 0 0.26 0.7138577632435733
0.17 0 0.27 0.6553555550838366
0.17 0 0.28 0.6304411338505244
0.17 0 0.29 0.6621731963252617
0.17 0 0.3 0.6244562730241893
0.17 0 0.31 0.6222561823772217
0.17 0 0.32 0.6536797089733359
0.17 0 0.33 0.6519922930913264
0.17 0 0.34 0.708922062991882
0.17 0 0.35000000000000003 0.888393589279534
0.17 0 0.36 0.5780616386602462
0.17 0 0.37 0.657458616954454
0.17 0 0.38 0.6514352275630751
0.17 0 0.39 0.5697674770268258
0.17 0 0.4 0.5894421295632551
0.17 0 0.41000000000000003 0.7924947571602028
0.17 0 0.42 0.7363022162404638
0.17 0 0.43 0.6506668437809383
0.17 0 0.44 0.4664094706432732
0.17 0 0.45 0.5295775026394792
0.17 0 0.46 0.5848593913767237
0.17 0 0.47000000000000003 0.6334987025898801
0.17 0 0.48 0.9076124405794903
0.17 0 0.49 0.9648092175527161
0.17 0 0.5 1.0878373072680663
0.18 0 0.0 0.41983428302521636
0.18 0 0.01 0.3606238448522606
0.18 0 0.02 0.35560518744822434
0.18 0 0.03 0.32668582679020103
0.18 0 0.04 0.31228054659848464
0.18 0 0.05 0.4735984544368581
0.18 0 0.06 0.480454983973134
0.18 0 0.07 0.49163484264632507
0.18 0 0.08 0.3228918951351743
0.18 0 0.09 0.3455228444449316
0.18 0 0.1 0.3914124666602334
0.18 0 0.11 0.307353735083183
0.18 0 0.12 0.2614307670143981
0.18 0 0.13 0.28911186319911003
0.18 0 0.14 0.26681735920188826
0.18 0 0.15 0.3173099467564842
0.18 0 0.16 0.3090153646716083
0.18 0 0.17 0.20992363479903303
0.18 0 0.18 0.2040876337139972
0.18 0 0.19 0.19466523195764263
0.18 0 0.2 0.2142129917348717
0.18 0 0.21 0.1695027373816385
0.18 0 0.22 0.19538070835580218
0.18 0 0.23 0.2559549352624473
0.18 0 0.24 0.2754225536294191
0.18 0 0.25 0.27743031846378446
0.18 0 0.26 0.4667693667909314
0.18 0 0.27 0.39034578657327895
0.18 0 0.28 0.3571540466204254
0.18 0 0.29 0.33470940553554435
0.18 0 0.3 0.36153630367039397
0.18 0 0.31 0.47589837505064764
0.18 0 0.32 0.46957905822318285
0.18 0 0.33 0.35942114800102476
0.18 0 0.34 0.3573218307162686
0.18 0 0.35000000000000003 0.4094845627219676
0.18 0 0.36 0.48486097417872986
0.18 0 0.37 0.6049270675346313
0.18 0 0.38 0.5921260100505675
0.18 0 0.39 0.7132284076285705
0.18 0 0.4 0.590375078303688
0.18 0 0.41000000000000003 0.8150153223851663
0.18 0 0.42 1.003890158823672
0.18 0 0.43 0.9404024052782692
0.18 0 0.44 1.0390440945155672
0.18 0 0.45 1.4411755792459071
0.18 0 0.46 1.0695197462297714
0.18 0 0.47000000000000003 1.2513955166723914
0.18 0 0.48 1.42950553555681
0.18 0 0.49 1.3865249673160334
0.18 0 0.5 1.3225099239550195
0.19 0 0.0 1.1412706291822516
0.19 0 0.01 1.3005729363650689
0.19 0 0.02 1.081488042943809
0.19 0 0.03 1.0039323512795393
0.19 0 0.04 1.076313046974029
0.19 0 0.05 1.061124106470751
0.19 0 0.06 0.7706717556978332
0.19 0 0.07 0.6733228251116338
0.19 0 0.08 0.6781377470968614
0.19 0 0.09 0.7975342261861547
0.19 0 0.1 0.4596909322706123
0.19 0 0.11 0.4602155273023173
0.19 0 0.12 0.44646838503889397
0.19 0 0.13 0.3229584775291206
0.19 0 0.14 0.23734453243254006
0.19 0 0.15 0.2343216523073582
0.19 0 0.16 0.21865919321136035
0.19 0 0.17 0.2102703083723071
0.19 0 0.18 0.15218798745406925
0.19 0 0.19 0.16224755216115505
0.19 0 0.2 0.20812045763723233
0.19 0 0.21 0.18262459446160992
0.19 0 0.22 0.20335313746012912
0.19 0 0.23 0.17498326964309555
0.19 0 0.24 0.16771978607032906
0.19 0 0.25 0.18875757034347412
0.19 0 0.26 0.2413148409940123
0.19 0 0.27 0.24773698738808875
0.19 0 0.28 0.2919281767598022
0.19 0 0.29 0.28093659516261793
0.19 0 0.3 0.3710825768565086
0.19 0 0.31 0.2997411211497117
0.19 0 0.32 0.3557731281865146
0.19 0 0.33 0.512267514737957
0.19 0 0.34 0.4990512768421301
0.19 0 0.35000000000000003 0.4860470793145767
0.19 0 0.36 0.6221703507243714
0.19 0 0.37 0.6389840574419511
0.19 0 0.38 0.7160522954713976
0.19 0 0.39 0.7840937820130814
0.19 0 0.4 0.7725258303518435
0.19 0 0.41000000000000003 0.9981061873076841
0.19 0 0.42 0.9023485363524667
0.19 0 0.43 0.95435845743864
0.19 0 0.44 0.7819207212266742
0.19 0 0.45 0.7618705254892101
0.19 0 0.46 0.8445534082738368
0.19 0 0.47000000000000003 1.0822430440396758
0.19 0 0.48 1.1943606339833805
0.19 0 0.49 1.4650490705069557
0.19 0 0.5 1.099913796436229
0.2 0 0.0 0.7417994074821886
0.2 0 0.01 0.6969272942639587
0.2 0 0.02 0.7467110017166563
0.2 0 0.03 0.61231513554689
0.2 0 0.04 0.4546575032529647
0.2 0 0.05 0.5645674207357456
0.2 0 0.06 0.5045703948885403
0.2 0 0.07 0.34259526234855464
0.2 0 0.08 0.3224861611286506
0.2 0 0.09 0.3597281537619776
0.2 0 0.1 0.3850867114249385
0.2 0 0.11 0.5534833418718296
0.2 0 0.12 0.4541305846019318
0.2 0 0.13 0.4302222467087782
0.2 0 0.14 0.38536052534630283
0.2 0 0.15 0.48560330396208395
0.2 0 0.16 0.43945039699973293
0.2 0 0.17 0.36357096092200225
0.2 0 0.18 0.39963682889504204
0.2 0 0.19 0.4574294931769583
0.2 0 0.2 0.30556954501077277
0.2 0 0.21 0.366036073426345
0.2 0 0.22 0.43673943601519083
0.2 0 0.23 0.34803749739938694
0.2 0 0.24 0.319486085344832
0.2 0 0.25 0.2888786878205042
0.2 0 0.26 0.33962406591919814
0.2 0 0.27 0.32797910099606076
0.2 0 0.28 0.2922391711675006
0.2 0 0.29 0.2836195652653855
0.2 0 0.3 0.31280447280842616
0.2 0 0.31 0.27084953286437435
0.2 0 0.32 0.3283624149491446
0.2 0 0.33 0.2438413730995654
0.2 0 0.34 0.23569316906853607
0.2 0 0.35000000000000003 0.24637877492172217
0.2 0 0.36 0.35542752176645254
0.2 0 0.37 0.5337363281925916
0.2 0 0.38 0.580164619094446
0.2 0 0.39 0.5497113837371895
0.2 0 0.4 0.70017290310716
0.2 0 0.41000000000000003 0.609827712474458
0.2 0 0.42 0.631794385167562
0.2 0 0.43 0.9227940293755458
0.2 0 0.44 0.8791997043223831
0.2 0 0.45 0.9162091563733441
0.2 0 0.46 0.8052550116462588
0.2 0 0.47000000000000003 0.8349846010915303
0.2 0 0.48 0.7553753519945786
0.2 0 0.49 0.6602180888852888
0.2 0 0.5 0.531941167029887
0.21 0 0.0 0.2694722887518964
0.21 0 0.01 0.22262722699633436
0.21 0 0.02 0.22602230689620267
0.21 0 0.03 0.22296981638749833
0.21 0 0.04 0.2744239157862741
0.21 0 0.05 0.19615181620222258
0.21 0 0.06 0.16182485964320317
0.21 0 0.07 0.19329035346726955
0.21 0 0.08 0.17297997981818444
0.21 0 0.09 0.15029686027553185
0.21 0 0.1 0.15266228535297885
0.21 0 0.11 0.15844088245546126
0.21 0 0.12 0.1846084288520079
0.21 0 0.13 0.18930325000368195
0.21 0 0.14 0.1401206484543291
0.21 0 0.15 0.17995935945223113
0.21 0 0.16 0.16376577576408566
0.21 0 0.17 0.1787445350861424
0.21 0 0.18 0.18849208985689053
0.21 0 0.19 0.20458734681591986
0.21 0 0.2 0.20465113360530576
0.21 0 0.21 0.23610338493011299
0.21 0 0.22 0.2030281142650522
0.21 0 0.23 0.18949241770289205
0.21 0 0.24 0.1483065305279872
0.21 0 0.25 0.18480084650232745
0.21 0 0.26 0.2116601098675633
0.21 0 0.27 0.18064037617341525
0.21 0 0.28 0.24103231056782107
0.21 0 0.29 0.23211087756697887
0.21 0 0.3 0.15484580433306647
0.21 0 0.31 0.1321986364939358
0.21 0 0.32 0.144244877230917
0.21 0 0.33 0.13511410440398833
0.21 0 0.34 0.16126476395505168
0.21 0 0.35000000000000003 0.14613796321367825
0.21 0 0.36 0.18967698216773296
0.21 0 0.37 0.18200127077217892
0.21 0 0.38 0.22124199710164805
0.21 0 0.39 0.26069833181862756
0.21 0 0.4 0.24799045023042052
0.21 0 0.41000000000000003 0.2303630925312104
0.21 0 0.42 0.31160039728559746
0.21 0 0.43 0.3561957697986505
0.21 0 0.44 0.4675311808582001
0.21 0 0.45 0.5228712129005801
0.21 0 0.46 0.6565126800403429
0.21 0 0.47000000000000003 1.0375832992329994
0.21 0 0.48 0.877499421499711
0.21 0 0.49 0.9521820589450424
0.21 0 0.5 1.2136580895635984
0.22 0 0.0 0.10912692431117672
0.22 0 0.01 0.10580692588234472
0.22 0 0.02 0.07756745308245692
0.22 0 0.03 0.05943763766457649
0.22 0 0.04 0.059328671367171674
0.22 0 0.05 0.043349310728970386
0.22 0 0.06 0.05745193437316006
0.22 0 0.07 0.05466309235907864
0.22 0 0.08 0.04951066812693658
0.22 0 0.09 0.05654248573774017
0.22 0 0.1 0.08236643471185473
0.22 0 0.11 0.09230861572241864
0.22 0 0.12 0.07230045322223595
0.22 0 0.13 0.07280883587591963
0.22 0 0.14 0.0985893351178235
0.22 0 0.15 0.09077083648747977
0.22 0 0.16 0.09421356824731449
0.22 0 0.17 0.155599600343459
0.22 0 0.18 0.1361401211373595
0.22 0 0.19 0.15087496115247448
0.22 0 0.2 0.16216108316543193
0.22 0 0.21 0.2015344493965728
0.22 0 0.22 0.2490124018505079
0.22 0 0.23 0.3187602352855202
0.22 0 0.24 0.32154584338419534
0.22 0 0.25 0.3953453805384342
0.22 0 0.26 0.3458053581368877
0.22 0 0.27 0.3906016281029472
0.22 0 0.28 0.3454429986880042
0.22 0 0.29 0.2945729730573653
0.22 0 0.3 0.3011891328360016
0.22 0 0.31 0.29424466045194986
0.22 0 0.32 0.3486708106154203
0.22 0 0.33 0.3417204299580206
0.22 0 0.34 0.2688451928470872
0.22 0 0.35000000000000003 0.30341889261118443
0.22 0 0.36 0.38982776277886017
0.22 0 0.37 0.3087819961338618
0.22 0 0.38 0.4058605259877917
0.22 0 0.39 0.41679628918168815
0.22 0 0.4 0.47621229724875946
0.22 0 0.41000000000000003 0.49716146202092903
0.22 0 0.42 0.5973523003737715
0.22 0 0.43 0.6284478630073016
0.22 0 0.44 0.6031440872573554
0.22 0 0.45 0.4679245554098394
0.22 0 0.46 0.4649257795695912
0.22 0 0.47000000000000003 0.34236516980741905
0.22 0 0.48 0.3652324344468293
0.22 0 0.49 0.4545238151273133
0.22 0 0.5 0.35497450519927565
0.23 0 0.0 0.2249071034240943
0.23 0 0.01 0.15290530678566439
0.23 0 0.02 0.1634432048457043
0.23 0 0.03 0.1740787537098998
0.23 0 0.04 0.16909691879953787
0.23 0 0.05 0.16716411545023477
0.23 0 0.06 0.20247429420839014
0.23 0 0.07 0.2156421568706745
0.23 0 0.08 0.2596065992256228
0.23 0 0.09 0.1844350366563614
0.23 0 0.1 0.22037575599307313
0.23 0 0.11 0.23768304715977012
0.23 0 0.12 0.2580123722511113
0.23 0 0.13 0.3494724264523633
0.23 0 0.14 0.41920453772211635
0.23 0 0.15 0.38087548784460473
0.23 0 0.16 0.44085257180927157
0.23 0 0.17 0.42945610467761297
0.23 0 0.18 0.33613832738833266
0.23 0 0.19 0.2782762231454043
0.23 0 0.2 0.28457619615990704
0.23 0 0.21 0.3880039551577789
0.23 0 0.22 0.3048517544145969
0.23 0 0.23 0.4035075313874483
0.23 0 0.24 0.5695534851825846
0.23 0 0.25 0.5604540922527295
0.23 0 0.26 0.572879405246514
0.23 0 0.27 0.8500882118082936
0.23 0 0.28 0.7092692340481968
0.23 0 0.29 0.7933132606447417
0.23 0 0.3 0.7824452462817836
0.23 0 0.31 0.8194085042031127
0.23 0 0.32 0.7821319132626892
0.23 0 0.33 0.7785057031275798
0.23 0 0.34 0.8097372277193513
0.23 0 0.35000000000000003 0.5924996877075897
0.23 0 0.36 0.4027593386999594
0.23 0 0.37 0.3935519369344481
0.23 0 0.38 0.39089786396822834
0.23 0 0.39 0.3754382808695922
0.23 0 0.4 0.4565672791710951
0.23 0 0.41000000000000003 0.41085253202532956
0.23 0 0.42 0.6791232795701518
0.23 0 0.43 0.7946635810512462
0.23 0 0.44 0.742935614322326
0.23 0 0.45 0.7924840883447354
0.23 0 0.46 0.9232801822139973
0.23 0 0.47000000000000003 0.6776100255570324
0.23 0 0.48 0.6706914703228972
0.23 0 0.49 0.6877079774780239
0.23 0 0.5 0.9327557515840746
0.24 0 0.0 0.1412232356908951
0.24 0 0.01 0.16121678387362773
0.24 0 0.02 0.18669444389697418
0.24 0 0.03 0.16300188246289019
0.24 0 0.04 0.18580839054766615
0.24 0 0.05 0.23545856526371395
0.24 0 0.06 0.32377448346669424
0.24 0 0.07 0.28712547325866117
0.24 0 0.08 0.234304559328848
0.24 0 0.09 0.2644034857656926
0.24 0 0.1 0.33886932942103587
0.24 0 0.11 0.24871064657194014
0.24 0 0.12 0.32405593019423684
0.24 0 0.13 0.32150719528598254
0.24 0 0.14 0.3423149062963945
0.24 0 0.15 0.41133407468037947
0.24 0 0.16 0.5565569879731243
0.24 0 0.17 0.6789673476245894
0.24 0 0.18 0.7440297994871508
0.24 0 0.19 0.6421833923435784
0.24 0 0.2 0.7510404268609293
0.24 0 0.21 0.7344024118534238
0.24 0 0.22 0.7006183543456317
0.24 0 0.23 0.8946825099382769
0.24 0 0.24 0.7402871889444678
0.24 0 0.25 0.6708338597041955
0.24 0 0.26 0.6085404095130217
0.24 0 0.27 0.6875209265331685
0.24 0 0.28 0.6146946547432073
0.24 0 0.29 0.47573318739272935
0.24 0 0.3 0.4237878935179511
0.24 0 0.31 0.6146495062619645
0.24 0 0.32 0.4675242295427468
0.24 0 0.33 0.502521445479532
0.24 0 0.34 0.4808754386917153
0.24 0 0.35000000000000003 0.3711108729314062
0.24 0 0.36 0.3445366107482868
0.24 0 0.37 0.3668379409155348
0.24 0 0.38 0.3318889580079953
0.24 0 0.39 0.3542811388999026
0.24 0 0.4 0.4332429970389113
0.24 0 0.41000000000000003 0.5627712480689128
0.24 0 0.42 0.641492080011409
0.24 0 0.43 0.6777772347826493
0.24 0 0.44 1.0903898061948138
0.24 0 0.45 0.9351843351907793
0.24 0 0.46 0.9998231886776102
0.24 0 0.47000000000000003 1.4176141266550606
0.24 0 0.48 2.20215465125886
0.24 0 0.49 2.7616569944154907
0.24 0 0.5 3.0598512918743315
0.25 0 0.0 0.17551104127178427
0.25 0 0.01 0.24033037100473859
0.25 0 0.02 0.21016995557443338
0.25 0 0.03 0.25083689187729863
0.25 0 0.04 0.22795445906831455
0.25 0 0.05 0.20632086068106104
0.25 0 0.06 0.26042532551013936
0.25 0 0.07 0.2821538292523234
0.25 0 0.08 0.3202046235681528
0.25 0 0.09 0.33473206955305435
0.25 0 0.1 0.3214655347318317
0.25 0 0.11 0.3525323983050885
0.25 0 0.12 0.4663182311686054
0.25 0 0.13 0.43820153178781523
0.25 0 0.14 0.4350991243116423
0.25 0 0.15 0.3221338367770572
0.25 0 0.16 0.410731647863468
0.25 0 0.17 0.36482474967877243
0.25 0 0.18 0.3126030032462554
0.25 0 0.19 0.3649493347081442
0.25 0 0.2 0.4206115422258621
0.25 0 0.21 0.3746596965386318
0.25 0 0.22 0.5396264615554682
0.25 0 0.23 0.5677776933505291
0.25 0 0.24 0.5332900486523128
0.25 0 0.25 0.5433554112829618
0.25 0 0.26 0.5201711973702088
0.25 0 0.27 0.5857400419831325
0.25 0 0.28 0.5219054872452542
0.25 0 0.29 0.5853330431517623
0.25 0 0.3 0.574300129015275
0.25 0 0.31 0.4281791828735031
0.25 0 0.32 0.3310274116502407
0.25 0 0.33 0.38390206985893016
0.25 0 0.34 0.2849943567723837
0.25 0 0.35000000000000003 0.25498055372676515
0.25 0 0.36 0.18080217618166466
0.25 0 0.37 0.22685261602827697
0.25 0 0.38 0.3093502228196657
0.25 0 0.39 0.29032835417851305
0.25 0 0.4 0.2793320772653455
0.25 0 0.41000000000000003 0.3443132677968356
0.25 0 0.42 0.3122300137781139
0.25 0 0.43 0.3599772053047685
0.25 0 0.44 0.45445832502136085
0.25 0 0.45 0.5074839392372735
0.25 0 0.46 0.6417982720236186
0.25 0 0.47000000000000003 0.6291598312607364
0.25 0 0.48 0.8063630231733157
0.25 0 0.49 0.8801095068493312
0.25 0 0.5 1.2535791033953623
0.26 0 0.0 0.959138910135826
0.26 0 0.01 1.4960341606041192
0.26 0 0.02 1.5660570481325025
0.26 0 0.03 1.3845234567874587
0.26 0 0.04 1.2421014275904616
0.26 0 0.05 1.5227612412366685
0.26 0 0.06 0.9845180902371348
0.26 0 0.07 0.9063188126744809
0.26 0 0.08 0.9234068661771123
0.26 0 0.09 0.7485942134444952
0.26 0 0.1 0.8862660005467077
0.26 0 0.11 1.19705142164896
0.26 0 0.12 1.32522584312378
0.26 0 0.13 1.3841992147513507
0.26 0 0.14 1.3652760302494367
0.26 0 0.15 1.3084827317469137
0.26 0 0.16 1.558061330566544
0.26 0 0.17 1.4152440184433837
0.26 0 0.18 1.939621776099058
0.26 0 0.19 1.7261115230844586
0.26 0 0.2 1.4873107533009926
0.26 0 0.21 1.2115694648480024
0.26 0 0.22 1.113618451348056
0.26 0 0.23 0.9511174383941334
0.26 0 0.24 0.7733368735725599
0.26 0 0.25 0.47807452504497294
0.26 0 0.26 0.5768530660276062
0.26 0 0.27 0.6257386910207267
0.26 0 0.28 0.5974610593606006
0.26 0 0.29 0.6886746375638677
0.26 0 0.3 0.5667537097499126
0.26 0 0.31 0.5167089692105781
0.26 0 0.32 0.5306025643731407
0.26 0 0.33 0.5246985052424963
0.26 0 0.34 0.4863463808555824
0.26 0 0.35000000000000003 0.5545005800115079
0.26 0 0.36 0.5652102457361099
0.26 0 0.37 0.6755394052026954
0.26 0 0.38 0.5193424966148775
0.26 0 0.39 0.6961801536297206
0.26 0 0.4 0.7558214178453219
0.26 0 0.41000000000000003 0.6482865347622789
0.26 0 0.42 0.6513510329502598
0.26 0 0.43 0.884704734674543
0.26 0 0.44 1.0796227076427316
0.26 0 0.45 1.327714998296565
0.26 0 0.46 1.0963515749403439
0.26 0 0.47000000000000003 1.313313651269323
0.26 0 0.48 1.8280729191928748
0.26 0 0.49 1.398945044459361
0.26 0 0.5 1.246940424302618
0.27 0 0.0 0.2375407094403137
0.27 0 0.01 0.3963033921896983
0.27 0 0.02 0.5363994383582179
0.27 0 0.03 0.6582982053231057
0.27 0 0.04 0.7767729207590407
0.27 0 0.05 0.8818590966393045
0.27 0 0.06 0.8330511928462219
0.27 0 0.07 1.326715091607568
0.27 0 0.08 1.5167399611835755
0.27 0 0.09 1.5716412086695741
0.27 0 0.1 1.1348322668893724
0.27 0 0.11 1.197055370031595
0.27 0 0.12 1.3189689876324644
0.27 0 0.13 0.9981967847308786
0.27 0 0.14 0.9547533860485415
0.27 0 0.15 1.0174426982110225
0.27 0 0.16 0.7753478916425948
0.27 0 0.17 0.9168752340606428
0.27 0 0.18 1.383380516822334
0.27 0 0.19 1.175395932012061
0.27 0 0.2 1.3098236333542224
0.27 0 0.21 1.2722914066233553
0.27 0 0.22 1.3680258680670259
0.27 0 0.23 1.1378963033490626
0.27 0 0.24 1.251411954601324
0.27 0 0.25 1.3997454532836786
0.27 0 0.26 1.3044228286565136
0.27 0 0.27 1.0338879176951812
0.27 0 0.28 1.5465330531751915
0.27 0 0.29 1.5949046622239613
0.27 0 0.3 1.5495158787633783
0.27 0 0.31 1.2700443396569756
0.27 0 0.32 0.9655287253363846
0.27 0 0.33 1.1179089522916996
0.27 0 0.34 1.0820667156288892
0.27 0 0.35000000000000003 0.8509566060032437
0.27 0 0.36 0.8449133394884392
0.27 0 0.37 0.9627705787847423
0.27 0 0.38 1.0167811476810025
0.27 0 0.39 1.2937967868916702
0.27 0 0.4 1.0737587183821533
0.27 0 0.41000000000000003 1.16850289306419
0.27 0 0.42 0.932548319223282
0.27 0 0.43 0.9504730324347733
0.27 0 0.44 1.074355814950907
0.27 0 0.45 1.3826323841030426
0.27 0 0.46 1.7248362915867435
0.27 0 0.47000000000000003 1.9246299885491804
0.27 0 0.48 1.3512195707242052
0.27 0 0.49 1.6765994029571563
0.27 0 0.5 1.966859188951002
0.28 0 0.0 0.3428859377918994
0.28 0 0.01 0.35991229309721834
0.28 0 0.02 0.3260588530720597
0.28 0 0.03 0.4172377342776625
0.28 0 0.04 0.36504774542583496
0.28 0 0.05 0.37913378306623047
0.28 0 0.06 0.4149932225781438
0.28 0 0.07 0.4339815052617507
0.28 0 0.08 0.44151829921966335
0.28 0 0.09 0.5490265927259003
0.28 0 0.1 0.5232300021507497
0.28 0 0.11 0.7799084499181751
0.28 0 0.12 0.7598342788156486
0.28 0 0.13 0.8619706755295378
0.28 0 0.14 1.031768328119258
0.28 0 0.15 1.0723868038803772
0.28 0 0.16 0.9334821233624707
0.28 0 0.17 0.8866446063142064
0.28 0 0.18 0.9240236257446628
0.28 0 0.19 0.9197279996230732
0.28 0 0.2 0.6226701794044754
0.28 0 0.21 0.548951225719323
0.28 0 0.22 0.6520195798199333
0.28 0 0.23 0.44721753899807914
0.28 0 0.24 0.4723199046690231
0.28 0 0.25 0.41426662572924833
0.28 0 0.26 0.3359817360984703
0.28 0 0.27 0.3482869871102117
0.28 0 0.28 0.4517809058698247
0.28 0 0.29 0.37356136599827
0.28 0 0.3 0.4040931576765673
0.28 0 0.31 0.4258874193605781
0.28 0 0.32 0.5366340551303962
0.28 0 0.33 0.43702121372274605
0.28 0 0.34 0.5279850004483229
0.28 0 0.35000000000000003 0.8692653563428876
0.28 0 0.36 0.8100435530012401
0.28 0 0.37 0.6899775476493131
0.28 0 0.38 0.7640079061094095
0.28 0 0.39 0.7605154651130552
0.28 0 0.4 0.8056477419388378
0.28 0 0.41000000000000003 0.8595334077111101
0.28 0 0.42 0.714029098779714
0.28 0 0.43 1.0418430170019555
0.28 0 0.44 1.0705990444654012
0.28 0 0.45 1.08354604772371
0.28 0 0.46 0.9685534572226095
0.28 0 0.47000000000000003 1.061020877125916
0.28 0 0.48 1.0532701315234092
0.28 0 0.49 1.0236365185825498
0.28 0 0.5 0.9204815264395051
0.29 0 0.0 0.47578957927325083
0.29 0 0.01 0.47532163383429943
0.29 0 0.02 0.6719364106489486
0.29 0 0.03 0.8158820858795602
0.29 0 0.04 0.9116934396421548
0.29 0 0.05 0.9789950246470116
0.29 0 0.06 0.8805314074519707
0.29 0 0.07 1.1174186383155678
0.29 0 0.08 1.0422044597785933
0.29 0 0.09 0.8399572471118957
0.29 0 0.1 0.7201904922699129
0.29 0 0.11 0.6084819439110767
0.29 0 0.12 0.5030176671221728
0.29 0 0.13 0.7262002918901038
0.29 0 0.14 0.6181107175125232
0.29 0 0.15 0.6544175055528296
0.29 0 0.16 0.6539007307816156
0.29 0 0.17 0.7089910056828342
0.29 0 0.18 0.6832589383361235
0.29 0 0.19 0.6099880988147065
0.29 0 0.2 0.5499941275997194
0.29 0 0.21 0.566781718508482
0.29 0 0.22 0.4278170346220529
0.29 0 0.23 0.46138895405564334
0.29 0 0.24 0.6693089585345833
0.29 0 0.25 0.7668468644636965
0.29 0 0.26 0.8075527415746059
0.29 0 0.27 0.5452478723953758
0.29 0 0.28 0.5850844661770339
0.29 0 0.29 0.621291786328033
0.29 0 0.3 0.5134551882819427
0.29 0 0.31 0.4696283294649221
0.29 0 0.32 0.6332969164162083
0.29 0 0.33 0.5843053880239629
0.29 0 0.34 0.783494948731498
0.29 0 0.35000000000000003 0.7051349566755583
0.29 0 0.36 0.6181254359892036
0.29 0 0.37 0.5577435999280976
0.29 0 0.38 0.5541584896057096
0.29 0 0.39 0.5441946285239715
0.29 0 0.4 0.5373249245029085
0.29 0 0.41000000000000003 0.6460860185751328
0.29 0 0.42 0.8376153367621813
0.29 0 0.43 0.6904651459472083
0.29 0 0.44 0.7141487788137794
0.29 0 0.45 1.2551998422492436
0.29 0 0.46 1.1080140377851535
0.29 0 0.47000000000000003 1.0658007013099509
0.29 0 0.48 0.9322665838231888
0.29 0 0.49 0.9910642991524773
0.29 0 0.5 1.0872447365929514
0.3 0 0.0 0.17073908452566833
0.3 0 0.01 0.20308455130530237
0.3 0 0.02 0.2709498612441483
0.3 0 0.03 0.24127910384477003
0.3 0 0.04 0.30120534237493213
0.3 0 0.05 0.32566665981013404
0.3 0 0.06 0.4348768582418105
0.3 0 0.07 0.505162799747646
0.3 0 0.08 0.49325647977616205
0.3 0 0.09 0.5804954821043407
0.3 0 0.1 0.5469352563108872
0.3 0 0.11 0.49587811191413206
0.3 0 0.12 0.44603796259930706
0.3 0 0.13 0.4623086826581897
0.3 0 0.14 0.5706370746572201
0.3 0 0.15 0.7263198138136582
0.3 0 0.16 0.6050031365620117
0.3 0 0.17 0.8346313720796983
0.3 0 0.18 0.7419511784305359
0.3 0 0.19 0.7320640619825349
0.3 0 0.2 0.7494798462803935
0.3 0 0.21 0.738517370341357
0.3 0 0.22 0.783698860918033
0.3 0 0.23 1.0615591130822413
0.3 0 0.24 0.8922429539925606
0.3 0 0.25 0.8033240573838297
0.3 0 0.26 0.767564140787262
0.3 0 0.27 0.8450572700170478
0.3 0 0.28 0.8709585651821535
0.3 0 0.29 0.68531140137256
0.3 0 0.3 0.9269178963460304
0.3 0 0.31 1.0604318935184613
0.3 0 0.32 0.9753505476809589
0.3 0 0.33 0.9335160704025154
0.3 0 0.34 1.0439199715147744
0.3 0 0.35000000000000003 0.9841528311369099
0.3 0 0.36 1.0442081546316955
0.3 0 0.37 0.5947693844820103
0.3 0 0.38 0.5804826062674365
0.3 0 0.39 0.5826551440676354
0.3 0 0.4 0.522836957749271
0.3 0 0.41000000000000003 0.5137943752000943
0.3 0 0.42 0.6109524095165051
0.3 0 0.43 0.6519209277091765
0.3 0 0.44 0.696174438194328
0.3 0 0.45 0.6235711877609178
0.3 0 0.46 0.6572756016858584
0.3 0 0.47000000000000003 0.712219983614365
0.3 0 0.48 0.7105708466670292
0.3 0 0.49 0.9563972458452635
0.3 0 0.5 0.8114347030446653
#STOP
