#MEDIUM_PROPERTIES_DISTRIBUTED
$MSH_TYPE
	 GROUNDWATER_FLOW	
$MMP_TYPE
	 PERMEABILITY	
$DIS_TYPE
	 NEAREST_VALUE	
;hj
$CONVERSION_FACTOR
2e-8;2e-6;2e-13
$DATA
0.0 0 0.0 0.5904363476906438
0.0 0 0.01 0.42646808925297797
0.0 0 0.02 2.0549977454330572
0.0 0 0.03 1.4273101424300323
0.0 0 0.04 0.573383707312425
0.0 0 0.05 0.6684477197958211
0.0 0 0.06 0.1893047249619375
0.0 0 0.07 0.27601392004549646
0.0 0 0.08 0.32898169839333724
0.0 0 0.09 0.016405341120006682
0.0 0 0.1 0.1181055232973795
0.0 0 0.11 0.004852042735205443
0.0 0 0.12 0.02783926584172738
0.0 0 0.13 0.04183272307124232
0.0 0 0.14 0.17179632909764686
0.0 0 0.15 0.597554298429455
0.0 0 0.16 1.401621789631915
0.0 0 0.17 7.059316373029794
0.0 0 0.18 0.8213811176385342
0.0 0 0.19 3.2950473453911977
0.0 0 0.2 1.6588837408804558
0.0 0 0.21 29.508246836838133
0.0 0 0.22 6.258141515961287
0.0 0 0.23 2.1987684902208535
0.0 0 0.24 0.5905963264771493
0.0 0 0.25 0.7069291201288824
0.0 0 0.26 1.0224901831676938
0.0 0 0.27 0.26451224602652385
0.0 0 0.28 0.995477866419566
0.0 0 0.29 0.9547985294777935
0.0 0 0.3 0.6731844352539956
0.0 0 0.31 0.32397514917278997
0.0 0 0.32 0.030829660808596827
0.0 0 0.33 0.03278792176559991
0.0 0 0.34 0.09694728366128771
0.0 0 0.35000000000000003 0.002489674727900991
0.0 0 0.36 0.005687212507639095
0.0 0 0.37 0.007475725980924339
0.0 0 0.38 0.002611142178809811
0.0 0 0.39 0.018890694804024163
0.0 0 0.4 0.018869784519332015
0.0 0 0.41000000000000003 0.05639002128422537
0.0 0 0.42 0.21830905686206883
0.0 0 0.43 0.2983945757974804
0.0 0 0.44 1.294410732979752
0.0 0 0.45 0.09502918877064014
0.0 0 0.46 0.6982234394739726
0.0 0 0.47000000000000003 0.8575773328682657
0.0 0 0.48 0.44907167500501455
0.0 0 0.49 0.3899531686068683
0.0 0 0.5 0.10896549558384458
0.01 0 0.0 0.7342263442217378
0.01 0 0.01 0.6150988450960833
0.01 0 0.02 1.6581291542437298
0.01 0 0.03 0.25450800878122387
0.01 0 0.04 0.8113050220917954
0.01 0 0.05 0.23626593907018215
0.01 0 0.06 0.15480521127204036
0.01 0 0.07 0.11393639030919789
0.01 0 0.08 0.1947397035925235
0.01 0 0.09 0.08288475963802862
0.01 0 0.1 0.04602817116957571
0.01 0 0.11 0.013668566835330808
0.01 0 0.12 0.18403976202366412
0.01 0 0.13 0.02723064152474535
0.01 0 0.14 0.06278388735558217
0.01 0 0.15 0.34504502907018814
0.01 0 0.16 0.05817582364847878
0.01 0 0.17 0.953570547435759
0.01 0 0.18 1.1738652024636183
0.01 0 0.19 3.279827869216589
0.01 0 0.2 3.520371695149514
0.01 0 0.21 1.4850048473935489
0.01 0 0.22 0.7663758771555501
0.01 0 0.23 0.5372284435045036
0.01 0 0.24 0.38871323229271404
0.01 0 0.25 0.08435220523657434
0.01 0 0.26 0.197118189729507
0.01 0 0.27 0.12667693083769374
0.01 0 0.28 0.2532992883899137
0.01 0 0.29 0.20170532441719882
0.01 0 0.3 0.009370889975770357
0.01 0 0.31 0.01570824516384634
0.01 0 0.32 0.00912176652979181
0.01 0 0.33 0.032430655841773716
0.01 0 0.34 0.03412544552357082
0.01 0 0.35000000000000003 0.08099610230472291
0.01 0 0.36 0.08199774441456072
0.01 0 0.37 0.025986699688953542
0.01 0 0.38 0.009436176544298043
0.01 0 0.39 0.012613643295800468
0.01 0 0.4 0.022691874313008464
0.01 0 0.41000000000000003 0.0715226044303924
0.01 0 0.42 0.5215360237090867
0.01 0 0.43 0.0739984208985044
0.01 0 0.44 0.2194626467950435
0.01 0 0.45 0.0633755994502682
0.01 0 0.46 0.07947208050613833
0.01 0 0.47000000000000003 0.10880342241465903
0.01 0 0.48 0.8502879528880463
0.01 0 0.49 0.20393799582193184
0.01 0 0.5 0.03192111640897543
0.02 0 0.0 2.3582613268909784
0.02 0 0.01 2.9681171274944997
0.02 0 0.02 2.8433503769008013
0.02 0 0.03 0.11470491402280174
0.02 0 0.04 0.4399851544658796
0.02 0 0.05 0.6575513682515299
0.02 0 0.06 0.2030889374718639
0.02 0 0.07 0.5241539731009393
0.02 0 0.08 0.9372968786125391
0.02 0 0.09 0.17571504945977934
0.02 0 0.1 1.0767485115978197
0.02 0 0.11 0.06427104418058864
0.02 0 0.12 0.29290747165885156
0.02 0 0.13 0.1932571305527009
0.02 0 0.14 0.18581231383654567
0.02 0 0.15 0.1690761524579173
0.02 0 0.16 0.1471133645258614
0.02 0 0.17 0.2555261020271511
0.02 0 0.18 1.7721621446561604
0.02 0 0.19 10.668751675604739
0.02 0 0.2 3.880891318308856
0.02 0 0.21 1.1701455463029358
0.02 0 0.22 0.6559891381177853
0.02 0 0.23 1.6983144047643228
0.02 0 0.24 0.9340766581203757
0.02 0 0.25 2.4951143571848893
0.02 0 0.26 0.7390529828591418
0.02 0 0.27 0.19372777597747218
0.02 0 0.28 0.28104061230456717
0.02 0 0.29 0.18206844124042681
0.02 0 0.3 0.2486717571404182
0.02 0 0.31 0.32979859453176874
0.02 0 0.32 0.15754196829321904
0.02 0 0.33 0.33640208073923533
0.02 0 0.34 0.17636898929900807
0.02 0 0.35000000000000003 0.10658421521891812
0.02 0 0.36 0.0591224556490793
0.02 0 0.37 0.048494519997108756
0.02 0 0.38 0.23645455792013878
0.02 0 0.39 0.24689378631908085
0.02 0 0.4 0.0944729747315839
0.02 0 0.41000000000000003 0.18954280648547794
0.02 0 0.42 0.09162741330051051
0.02 0 0.43 0.3390792945627552
0.02 0 0.44 0.26617853943669045
0.02 0 0.45 0.02146918743371009
0.02 0 0.46 0.1453584452752302
0.02 0 0.47000000000000003 0.03715571014419666
0.02 0 0.48 0.02848975848767309
0.02 0 0.49 0.20708394557948784
0.02 0 0.5 0.1682034961936958
0.03 0 0.0 3.51350223174569
0.03 0 0.01 1.5081458727538124
0.03 0 0.02 2.5179593170933274
0.03 0 0.03 1.0802515872727407
0.03 0 0.04 0.3447145501104593
0.03 0 0.05 0.4409870904872032
0.03 0 0.06 2.0808786851974577
0.03 0 0.07 1.366087805898465
0.03 0 0.08 0.7943568594097786
0.03 0 0.09 3.261661593600635
0.03 0 0.1 7.666706482088183
0.03 0 0.11 13.971558640435287
0.03 0 0.12 15.57926922026576
0.03 0 0.13 6.975481294453099
0.03 0 0.14 20.67779052214366
0.03 0 0.15 1.0200900239596074
0.03 0 0.16 1.1516672957569347
0.03 0 0.17 0.9135738996461007
0.03 0 0.18 1.2118330852441925
0.03 0 0.19 1.6083095720816272
0.03 0 0.2 8.152470109661422
0.03 0 0.21 2.144408646138316
0.03 0 0.22 6.138661654118543
0.03 0 0.23 1.1873801901626302
0.03 0 0.24 0.6177615776425636
0.03 0 0.25 1.0937559795442322
0.03 0 0.26 0.14386710675588457
0.03 0 0.27 0.8789960386372339
0.03 0 0.28 0.08108270387720425
0.03 0 0.29 0.03819889705532791
0.03 0 0.3 0.2697024470227205
0.03 0 0.31 0.35009945019813793
0.03 0 0.32 0.1467544267964975
0.03 0 0.33 0.369537575264461
0.03 0 0.34 0.026648211724664028
0.03 0 0.35000000000000003 0.047486167911895034
0.03 0 0.36 0.06498599513646997
0.03 0 0.37 0.05010179621781931
0.03 0 0.38 0.08835120769045655
0.03 0 0.39 0.06037940746742369
0.03 0 0.4 0.23058367666258875
0.03 0 0.41000000000000003 0.0507665005831208
0.03 0 0.42 0.016929032520893967
0.03 0 0.43 0.06843091947591569
0.03 0 0.44 0.07805359447720428
0.03 0 0.45 0.14228279223264476
0.03 0 0.46 0.1479392489921126
0.03 0 0.47000000000000003 0.12488155430655805
0.03 0 0.48 0.41739698099739125
0.03 0 0.49 0.49043800224654766
0.03 0 0.5 0.7883183512565128
0.04 0 0.0 4.630964493364643
0.04 0 0.01 12.339733475619493
0.04 0 0.02 10.856110347334534
0.04 0 0.03 0.7863540601336501
0.04 0 0.04 0.8821253517517326
0.04 0 0.05 0.7937105158226412
0.04 0 0.06 0.5349304922953326
0.04 0 0.07 0.5289735050735216
0.04 0 0.08 0.7946528781823198
0.04 0 0.09 1.110879518341808
0.04 0 0.1 1.9729887780011222
0.04 0 0.11 4.665525433316898
0.04 0 0.12 81.52648131253409
0.04 0 0.13 21.146217214832262
0.04 0 0.14 12.495000438005066
0.04 0 0.15 7.806247939548855
0.04 0 0.16 1.9204875180310736
0.04 0 0.17 2.1827770333511176
0.04 0 0.18 6.981303368306706
0.04 0 0.19 0.891749266271862
0.04 0 0.2 4.632462648773444
0.04 0 0.21 0.1827133673047175
0.04 0 0.22 0.37527506742760436
0.04 0 0.23 0.8381917894117202
0.04 0 0.24 0.19056915831452445
0.04 0 0.25 2.0069929083263514
0.04 0 0.26 2.6400061191711397
0.04 0 0.27 6.022359442924275
0.04 0 0.28 1.5623607273845812
0.04 0 0.29 1.2870923173968152
0.04 0 0.3 0.26291346487424955
0.04 0 0.31 0.6935617785873619
0.04 0 0.32 0.34092194144163407
0.04 0 0.33 0.26525452620860795
0.04 0 0.34 0.4347383517018144
0.04 0 0.35000000000000003 0.2620755739993559
0.04 0 0.36 0.28376079162621387
0.04 0 0.37 0.31583256875340204
0.04 0 0.38 1.0269645679123112
0.04 0 0.39 0.10345289490028868
0.04 0 0.4 0.33105516562770737
0.04 0 0.41000000000000003 1.0458107857394747
0.04 0 0.42 1.5414623106556458
0.04 0 0.43 0.7252297093205051
0.04 0 0.44 0.21533357078578302
0.04 0 0.45 3.354545414053906
0.04 0 0.46 0.20738432142307187
0.04 0 0.47000000000000003 0.3989764149829552
0.04 0 0.48 0.24698707184025295
0.04 0 0.49 0.3530050961991775
0.04 0 0.5 0.12973909850466359
0.05 0 0.0 2.0409510955724777
0.05 0 0.01 7.649783564594038
0.05 0 0.02 5.360067420418886
0.05 0 0.03 1.2549538947715415
0.05 0 0.04 0.09197057629085438
0.05 0 0.05 0.01793650764221532
0.05 0 0.06 0.06083176543002318
0.05 0 0.07 0.44282011352490186
0.05 0 0.08 0.3560682803242402
0.05 0 0.09 0.09561682410991433
0.05 0 0.1 1.2048933551057495
0.05 0 0.11 1.5489099572904024
0.05 0 0.12 10.82601713311733
0.05 0 0.13 4.03753514635223
0.05 0 0.14 1.2992084524762981
0.05 0 0.15 0.7633177904724502
0.05 0 0.16 1.19961890237619
0.05 0 0.17 0.21828851228356203
0.05 0 0.18 0.27716620961928223
0.05 0 0.19 0.36451562354818223
0.05 0 0.2 0.28185841738811057
0.05 0 0.21 0.058813385391790825
0.05 0 0.22 0.7934066109539772
0.05 0 0.23 0.5238508549458519
0.05 0 0.24 1.2326552662748214
0.05 0 0.25 4.833520392643557
0.05 0 0.26 0.9286346247325042
0.05 0 0.27 2.679305835762261
0.05 0 0.28 0.12786972264439334
0.05 0 0.29 0.19873001115059125
0.05 0 0.3 0.4042427671297013
0.05 0 0.31 0.0722606134644143
0.05 0 0.32 0.08284892971980319
0.05 0 0.33 0.07457434107228397
0.05 0 0.34 0.08387959978483547
0.05 0 0.35000000000000003 0.10383499413532454
0.05 0 0.36 0.03317483018534529
0.05 0 0.37 0.08435294913809024
0.05 0 0.38 0.061514609009394004
0.05 0 0.39 0.05023137302967076
0.05 0 0.4 0.06873639884456859
0.05 0 0.41000000000000003 0.03125968089895813
0.05 0 0.42 0.07976858275763238
0.05 0 0.43 0.25180024878117585
0.05 0 0.44 0.022807690161351347
0.05 0 0.45 0.019716790948922577
0.05 0 0.46 0.031085647823618612
0.05 0 0.47000000000000003 0.10886805490682486
0.05 0 0.48 0.04322651721504423
0.05 0 0.49 0.03863448056243508
0.05 0 0.5 0.014682482097858673
0.06 0 0.0 3.891896067846232
0.06 0 0.01 0.539658076651308
0.06 0 0.02 5.100779758587053
0.06 0 0.03 4.989660224446497
0.06 0 0.04 0.5041019907055642
0.06 0 0.05 1.7882386736813203
0.06 0 0.06 2.0997249267412323
0.06 0 0.07 1.674432664818546
0.06 0 0.08 3.388693022843527
0.06 0 0.09 0.6501440217711785
0.06 0 0.1 1.7195861432137791
0.06 0 0.11 2.179731298293288
0.06 0 0.12 12.118196188586584
0.06 0 0.13 3.341743878261814
0.06 0 0.14 2.459195093802782
0.06 0 0.15 0.20171440457677045
0.06 0 0.16 0.21389775985456422
0.06 0 0.17 1.0439725297623366
0.06 0 0.18 0.4853552174588619
0.06 0 0.19 0.057396570033846676
0.06 0 0.2 0.2880734399971156
0.06 0 0.21 0.15679842982497938
0.06 0 0.22 0.3049034562650456
0.06 0 0.23 0.19601705191691143
0.06 0 0.24 0.20692469594068733
0.06 0 0.25 0.2016274722984194
0.06 0 0.26 0.02522254865475202
0.06 0 0.27 0.17403347002102007
0.06 0 0.28 0.491762007012459
0.06 0 0.29 0.4282548332152404
0.06 0 0.3 0.6616379217911202
0.06 0 0.31 0.10864601818843157
0.06 0 0.32 0.38880616311869926
0.06 0 0.33 0.2951195243537507
0.06 0 0.34 0.5737030176957859
0.06 0 0.35000000000000003 0.5865801617019148
0.06 0 0.36 0.15163103401651679
0.06 0 0.37 0.24759731843656224
0.06 0 0.38 0.13782224581536387
0.06 0 0.39 0.9263793901920703
0.06 0 0.4 0.36429570657261984
0.06 0 0.41000000000000003 0.32683821754658204
0.06 0 0.42 0.1988953333085031
0.06 0 0.43 0.08116503451150255
0.06 0 0.44 0.050212690042298266
0.06 0 0.45 0.06786586655310041
0.06 0 0.46 0.01353687995489291
0.06 0 0.47000000000000003 0.15836548935265818
0.06 0 0.48 0.16935084848412643
0.06 0 0.49 0.02231420194255934
0.06 0 0.5 0.018258366137038313
0.07 0 0.0 0.42978625553395416
0.07 0 0.01 1.223713663949275
0.07 0 0.02 0.6690829428198833
0.07 0 0.03 0.7694974746502463
0.07 0 0.04 2.206879558807225
0.07 0 0.05 0.9057976374224054
0.07 0 0.06 1.088712934578649
0.07 0 0.07 0.888915856350363
0.07 0 0.08 0.5128964683841413
0.07 0 0.09 1.365351852578873
0.07 0 0.1 4.227550540486707
0.07 0 0.11 0.7395618738285533
0.07 0 0.12 2.2919338577448265
0.07 0 0.13 0.353132914869697
0.07 0 0.14 0.40003016748042075
0.07 0 0.15 0.09408281166820487
0.07 0 0.16 0.0835264984905411
0.07 0 0.17 0.17648023661771364
0.07 0 0.18 0.6009154133678205
0.07 0 0.19 0.9139432205606827
0.07 0 0.2 1.77387267071947
0.07 0 0.21 0.18825529484059364
0.07 0 0.22 1.318136524010492
0.07 0 0.23 0.2723293595623997
0.07 0 0.24 0.15050509636604129
0.07 0 0.25 0.024210022474747083
0.07 0 0.26 0.018452323686411955
0.07 0 0.27 0.041534401188407205
0.07 0 0.28 0.07079103538322049
0.07 0 0.29 0.05011986424952994
0.07 0 0.3 0.02591269277248204
0.07 0 0.31 0.07836099950964243
0.07 0 0.32 0.25500948804843565
0.07 0 0.33 0.05479210958098276
0.07 0 0.34 0.18390596376702348
0.07 0 0.35000000000000003 0.9462577464018151
0.07 0 0.36 0.26462628993791437
0.07 0 0.37 1.240066828266929
0.07 0 0.38 0.7126493969743125
0.07 0 0.39 1.1479413470216133
0.07 0 0.4 2.1808752458392457
0.07 0 0.41000000000000003 0.14494641916768497
0.07 0 0.42 0.25704331583008955
0.07 0 0.43 0.3255322873310139
0.07 0 0.44 0.3838257037060966
0.07 0 0.45 0.8726536931143944
0.07 0 0.46 0.16145796817988153
0.07 0 0.47000000000000003 0.0328224528367996
0.07 0 0.48 0.024299865574868632
0.07 0 0.49 0.08046969616128592
0.07 0 0.5 0.01815201041425792
0.08 0 0.0 0.5833588182489924
0.08 0 0.01 0.39163659256789235
0.08 0 0.02 0.7488040521276442
0.08 0 0.03 1.1433144909293191
0.08 0 0.04 0.7362125992299329
0.08 0 0.05 0.17725875659563012
0.08 0 0.06 0.6635630024488619
0.08 0 0.07 1.4815888191579376
0.08 0 0.08 1.4989834338994172
0.08 0 0.09 0.7953006460367966
0.08 0 0.1 0.7434291302358168
0.08 0 0.11 0.6031517355461042
0.08 0 0.12 0.16553145516290935
0.08 0 0.13 0.028114224110369047
0.08 0 0.14 0.08886573414049712
0.08 0 0.15 0.20105070650977147
0.08 0 0.16 0.13591327959061678
0.08 0 0.17 0.32681777235356296
0.08 0 0.18 0.42764757013427435
0.08 0 0.19 2.2239521103032702
0.08 0 0.2 5.8706107649498165
0.08 0 0.21 0.6858435533436591
0.08 0 0.22 5.733870570817959
0.08 0 0.23 0.1533141448303087
0.08 0 0.24 1.645559041720048
0.08 0 0.25 0.07599683273293831
0.08 0 0.26 0.024976163987182626
0.08 0 0.27 0.023244802948784553
0.08 0 0.28 0.039972765127748985
0.08 0 0.29 0.022120321988050227
0.08 0 0.3 0.04528304886928575
0.08 0 0.31 0.028820164214893675
0.08 0 0.32 0.10813370096330056
0.08 0 0.33 0.6468436759287043
0.08 0 0.34 0.09596516272832493
0.08 0 0.35000000000000003 0.44266077393139036
0.08 0 0.36 1.3996886030363669
0.08 0 0.37 3.11644089505764
0.08 0 0.38 3.333961782029668
0.08 0 0.39 0.7257372027268824
0.08 0 0.4 2.784746426765605
0.08 0 0.41000000000000003 1.7474043214667971
0.08 0 0.42 4.166309852361003
0.08 0 0.43 0.7917014972124035
0.08 0 0.44 1.7649864679611642
0.08 0 0.45 1.0183609004609757
0.08 0 0.46 0.6555940697083157
0.08 0 0.47000000000000003 0.36483668431350214
0.08 0 0.48 0.029154746974505444
0.08 0 0.49 0.20521724798266774
0.08 0 0.5 0.030135679472402845
0.09 0 0.0 0.6402734523253224
0.09 0 0.01 0.46748067220105516
0.09 0 0.02 0.09995112982682726
0.09 0 0.03 2.929856694619523
0.09 0 0.04 0.20021729311369413
0.09 0 0.05 0.9363981962379103
0.09 0 0.06 0.38057272222783095
0.09 0 0.07 1.427816921774969
0.09 0 0.08 1.5312054044991243
0.09 0 0.09 0.3460769972297973
0.09 0 0.1 0.05417669240044605
0.09 0 0.11 0.04846174402258813
0.09 0 0.12 0.160070556902044
0.09 0 0.13 0.19448761359390632
0.09 0 0.14 0.7847208171698762
0.09 0 0.15 0.02683831841943348
0.09 0 0.16 0.22490135560178726
0.09 0 0.17 0.7244976057065186
0.09 0 0.18 0.8897485671801575
0.09 0 0.19 2.149914190492196
0.09 0 0.2 11.950247535234602
0.09 0 0.21 10.243971391661972
0.09 0 0.22 3.7771392380793287
0.09 0 0.23 0.3548320635037849
0.09 0 0.24 0.5192966188950472
0.09 0 0.25 0.39021036064066883
0.09 0 0.26 0.3079086177718043
0.09 0 0.27 0.05705807263833834
0.09 0 0.28 0.03290140856123788
0.09 0 0.29 0.061190310425404584
0.09 0 0.3 0.4800540957899584
0.09 0 0.31 0.49037731799284545
0.09 0 0.32 0.42564893619087396
0.09 0 0.33 0.059680913523710875
0.09 0 0.34 0.22614769964498407
0.09 0 0.35000000000000003 0.42146881918326223
0.09 0 0.36 1.5823971329305098
0.09 0 0.37 2.2510443734872054
0.09 0 0.38 1.850328136282062
0.09 0 0.39 1.3710354129943323
0.09 0 0.4 4.768861281093533
0.09 0 0.41000000000000003 0.9528957656973172
0.09 0 0.42 3.5386168966670533
0.09 0 0.43 0.46991241309744947
0.09 0 0.44 0.32379656143390395
0.09 0 0.45 0.1382562866030352
0.09 0 0.46 0.04739745318488818
0.09 0 0.47000000000000003 0.2615219612012342
0.09 0 0.48 0.08680557165962245
0.09 0 0.49 0.0636472642621915
0.09 0 0.5 0.0405150324648403
0.1 0 0.0 3.0494947058554476
0.1 0 0.01 2.726956093301401
0.1 0 0.02 0.09777187299251518
0.1 0 0.03 1.8690162959942958
0.1 0 0.04 0.6177331073632181
0.1 0 0.05 3.8655728902151667
0.1 0 0.06 0.3390572922557983
0.1 0 0.07 0.5071039296957095
0.1 0 0.08 1.0476412468731093
0.1 0 0.09 0.3995005617588919
0.1 0 0.1 0.18720070154546234
0.1 0 0.11 0.09381222396327452
0.1 0 0.12 0.6132447825785855
0.1 0 0.13 0.3285030915272972
0.1 0 0.14 0.061945938597703074
0.1 0 0.15 0.03642195259818114
0.1 0 0.16 0.23309763981092613
0.1 0 0.17 0.2439067585862588
0.1 0 0.18 0.742826703066386
0.1 0 0.19 2.970448884592562
0.1 0 0.2 1.1227170897611607
0.1 0 0.21 4.876428745860024
0.1 0 0.22 1.0127896444148026
0.1 0 0.23 0.7818515165007734
0.1 0 0.24 0.5553261948684277
0.1 0 0.25 0.14280845356677377
0.1 0 0.26 0.20013996672488749
0.1 0 0.27 0.04698261443851134
0.1 0 0.28 0.4285861424352744
0.1 0 0.29 0.2848640109822099
0.1 0 0.3 1.666662261413439
0.1 0 0.31 3.24086898522927
0.1 0 0.32 22.580777275510304
0.1 0 0.33 0.18462438049660893
0.1 0 0.34 0.16223183977750266
0.1 0 0.35000000000000003 0.5015499604982456
0.1 0 0.36 0.6261062079367196
0.1 0 0.37 1.6601450672505624
0.1 0 0.38 0.05684396345180064
0.1 0 0.39 0.05721985522882269
0.1 0 0.4 0.10310391284791218
0.1 0 0.41000000000000003 0.009025682724392201
0.1 0 0.42 0.1245467468446917
0.1 0 0.43 0.19833263931434209
0.1 0 0.44 0.06784256449916262
0.1 0 0.45 0.17997168787369924
0.1 0 0.46 0.0694756892466494
0.1 0 0.47000000000000003 0.06211781039939761
0.1 0 0.48 0.49200500003588565
0.1 0 0.49 0.14086701442746183
0.1 0 0.5 0.39019575056153294
0.11 0 0.0 1.225205847507731
0.11 0 0.01 0.6413552493317769
0.11 0 0.02 0.0777369840176285
0.11 0 0.03 0.30294683614859597
0.11 0 0.04 0.5112420032105714
0.11 0 0.05 3.054817078406932
0.11 0 0.06 1.0911907332025554
0.11 0 0.07 0.1613931541846936
0.11 0 0.08 0.1710398842186138
0.11 0 0.09 0.03495181202699616
0.11 0 0.1 0.2196482658320642
0.11 0 0.11 1.138330317671541
0.11 0 0.12 0.40171724368662615
0.11 0 0.13 0.6657759222557721
0.11 0 0.14 0.2917748989013459
0.11 0 0.15 1.037841740976168
0.11 0 0.16 1.0528635734833784
0.11 0 0.17 1.3299365817932662
0.11 0 0.18 0.90443053440148
0.11 0 0.19 0.2988812776362378
0.11 0 0.2 0.11904238117748757
0.11 0 0.21 0.16036524694328202
0.11 0 0.22 0.19144481620270748
0.11 0 0.23 0.2908845053914501
0.11 0 0.24 0.25674356129846326
0.11 0 0.25 0.06229747038961953
0.11 0 0.26 0.20927358872487475
0.11 0 0.27 0.06741975833923781
0.11 0 0.28 0.18992983846033454
0.11 0 0.29 0.3415060315758611
0.11 0 0.3 0.9551559263950051
0.11 0 0.31 0.3483831520115801
0.11 0 0.32 0.18809680027286085
0.11 0 0.33 0.40550987722189685
0.11 0 0.34 0.06565570567254099
0.11 0 0.35000000000000003 0.05847241622281959
0.11 0 0.36 0.07834907251883931
0.11 0 0.37 0.16335907511217618
0.11 0 0.38 0.11453245190225925
0.11 0 0.39 0.016347457284198702
0.11 0 0.4 0.037841455832728625
0.11 0 0.41000000000000003 0.027407484208728974
0.11 0 0.42 0.2012002849410754
0.11 0 0.43 0.00753022233413445
0.11 0 0.44 0.014066289374851756
0.11 0 0.45 0.008805409848357173
0.11 0 0.46 0.04300860661607773
0.11 0 0.47000000000000003 0.3968647741044163
0.11 0 0.48 0.3097826938554953
0.11 0 0.49 2.0860958796218996
0.11 0 0.5 3.3359850725029414
0.12 0 0.0 4.245042819056279
0.12 0 0.01 0.8665706968665269
0.12 0 0.02 0.3637350574307814
0.12 0 0.03 1.241809619709482
0.12 0 0.04 0.4861531958132479
0.12 0 0.05 1.8873386905163394
0.12 0 0.06 2.7722669787809053
0.12 0 0.07 2.1710180855281114
0.12 0 0.08 2.1146371493671707
0.12 0 0.09 0.4612338341941933
0.12 0 0.1 0.42827411415758615
0.12 0 0.11 5.295587709374258
0.12 0 0.12 1.9229400465985529
0.12 0 0.13 2.648808467117441
0.12 0 0.14 1.3251826862018972
0.12 0 0.15 2.0001413064192524
0.12 0 0.16 1.2585899490612884
0.12 0 0.17 0.39832337221786623
0.12 0 0.18 0.178242667321747
0.12 0 0.19 0.1634379129138884
0.12 0 0.2 0.1421397077565439
0.12 0 0.21 0.16158688940825203
0.12 0 0.22 2.733912143430254
0.12 0 0.23 1.044502259033938
0.12 0 0.24 1.1487808945975972
0.12 0 0.25 3.0906104968232837
0.12 0 0.26 1.7850505049938536
0.12 0 0.27 1.207813817103546
0.12 0 0.28 0.9301458175314017
0.12 0 0.29 0.2001911719420913
0.12 0 0.3 0.2995315214653323
0.12 0 0.31 0.16517973341189499
0.12 0 0.32 0.2037718444612635
0.12 0 0.33 0.3051534150003829
0.12 0 0.34 0.05499510917102059
0.12 0 0.35000000000000003 0.0243359963683686
0.12 0 0.36 0.03350165454249623
0.12 0 0.37 0.37411213694275114
0.12 0 0.38 0.24695096117150458
0.12 0 0.39 0.028475197703830443
0.12 0 0.4 0.0563106761232718
0.12 0 0.41000000000000003 0.039159126818937656
0.12 0 0.42 0.3148977917616346
0.12 0 0.43 0.057434805922496855
0.12 0 0.44 0.11746316394056115
0.12 0 0.45 0.0821024801830492
0.12 0 0.46 0.06854256553254176
0.12 0 0.47000000000000003 0.4489034257333661
0.12 0 0.48 1.0196466056114606
0.12 0 0.49 0.595548670798422
0.12 0 0.5 1.0882485436732565
0.13 0 0.0 0.8648736927785182
0.13 0 0.01 0.45356426065695
0.13 0 0.02 0.2641279745968016
0.13 0 0.03 0.31776911471150715
0.13 0 0.04 0.2719605484181189
0.13 0 0.05 1.0088473114462464
0.13 0 0.06 0.30087887864993407
0.13 0 0.07 0.9241230008484053
0.13 0 0.08 2.211235832522788
0.13 0 0.09 4.13605347312361
0.13 0 0.1 2.002564865274653
0.13 0 0.11 0.5579015375595742
0.13 0 0.12 1.5737135791020471
0.13 0 0.13 6.514967393797532
0.13 0 0.14 3.8366943302722576
0.13 0 0.15 1.930967179322746
0.13 0 0.16 0.5472270675298562
0.13 0 0.17 0.3831001228391301
0.13 0 0.18 0.6344288705835233
0.13 0 0.19 0.050515447179508885
0.13 0 0.2 0.35190027020584785
0.13 0 0.21 0.440133957195524
0.13 0 0.22 0.7153090672223953
0.13 0 0.23 9.440939532271917
0.13 0 0.24 2.351890934361916
0.13 0 0.25 8.55970640211903
0.13 0 0.26 2.7568914877664463
0.13 0 0.27 1.0327235764803293
0.13 0 0.28 1.0704983301636781
0.13 0 0.29 0.19893314423092504
0.13 0 0.3 0.04540681312377038
0.13 0 0.31 0.017748685194470308
0.13 0 0.32 0.0798382683219328
0.13 0 0.33 0.048975201332119904
0.13 0 0.34 0.1257115428765666
0.13 0 0.35000000000000003 0.022789188602300517
0.13 0 0.36 0.04764540170881215
0.13 0 0.37 0.13211068604110426
0.13 0 0.38 0.06766680165973044
0.13 0 0.39 0.050878255764125614
0.13 0 0.4 0.018977133749536308
0.13 0 0.41000000000000003 0.008256978711624195
0.13 0 0.42 0.08839769813044697
0.13 0 0.43 0.014034094411184363
0.13 0 0.44 0.008163474602301058
0.13 0 0.45 0.009143285161909492
0.13 0 0.46 0.027132560003051937
0.13 0 0.47000000000000003 0.04488768751015763
0.13 0 0.48 0.11371596427328094
0.13 0 0.49 0.250613819907245
0.13 0 0.5 1.737336970567918
0.14 0 0.0 0.6462340853587222
0.14 0 0.01 0.23064546754696214
0.14 0 0.02 1.3423778232104047
0.14 0 0.03 0.5734923693577006
0.14 0 0.04 0.544876130768883
0.14 0 0.05 3.176518386892816
0.14 0 0.06 0.8999011450501162
0.14 0 0.07 1.441415730125943
0.14 0 0.08 1.453808399865621
0.14 0 0.09 5.497929321497235
0.14 0 0.1 1.6647615701414693
0.14 0 0.11 1.2980886144142556
0.14 0 0.12 0.7330332968767836
0.14 0 0.13 16.217428468662657
0.14 0 0.14 14.858625186317793
0.14 0 0.15 5.77214500235737
0.14 0 0.16 6.612398688251248
0.14 0 0.17 0.7507435582391935
0.14 0 0.18 5.037574039591329
0.14 0 0.19 1.1026644072188838
0.14 0 0.2 1.0861928212346532
0.14 0 0.21 0.5690810243412762
0.14 0 0.22 2.241253664155207
0.14 0 0.23 7.710125228946066
0.14 0 0.24 10.421248111951508
0.14 0 0.25 12.502572271987395
0.14 0 0.26 5.67323801823372
0.14 0 0.27 17.502442722482243
0.14 0 0.28 0.5853623635357057
0.14 0 0.29 0.4007432080562655
0.14 0 0.3 0.31777377265812556
0.14 0 0.31 0.16408602853705398
0.14 0 0.32 0.7910636037297127
0.14 0 0.33 0.719028982373334
0.14 0 0.34 4.464986771703225
0.14 0 0.35000000000000003 0.5161671878837273
0.14 0 0.36 0.055113845031345116
0.14 0 0.37 0.048580664434477214
0.14 0 0.38 0.09898417259516479
0.14 0 0.39 0.04987226316658939
0.14 0 0.4 0.15640025179641526
0.14 0 0.41000000000000003 0.02737105791295861
0.14 0 0.42 0.07048089769387124
0.14 0 0.43 0.022433906157242302
0.14 0 0.44 0.07986590004411963
0.14 0 0.45 0.18391975913883027
0.14 0 0.46 0.2722018767105741
0.14 0 0.47000000000000003 1.5299422193547618
0.14 0 0.48 2.4239782035695274
0.14 0 0.49 1.5080873193806896
0.14 0 0.5 3.1204543062326167
0.15 0 0.0 9.936356397276505
0.15 0 0.01 0.418745376405404
0.15 0 0.02 1.4252930300661317
0.15 0 0.03 1.7996784562224122
0.15 0 0.04 0.6781044896541798
0.15 0 0.05 0.958888901801226
0.15 0 0.06 0.27185253499703277
0.15 0 0.07 0.18501060569321243
0.15 0 0.08 1.8250674694501066
0.15 0 0.09 2.2432762645477573
0.15 0 0.1 4.948298073228133
0.15 0 0.11 4.10145189265142
0.15 0 0.12 1.2822790408578126
0.15 0 0.13 6.0898029141296135
0.15 0 0.14 6.664737257757319
0.15 0 0.15 2.751805655088006
0.15 0 0.16 3.206459777216422
0.15 0 0.17 0.7794609591579812
0.15 0 0.18 0.32396135910209145
0.15 0 0.19 0.08873656238805686
0.15 0 0.2 0.0658561580260125
0.15 0 0.21 0.09461389190983362
0.15 0 0.22 0.25114790755917166
0.15 0 0.23 1.0876050672391504
0.15 0 0.24 1.1336946671774801
0.15 0 0.25 3.8613621631131787
0.15 0 0.26 0.34743838306073876
0.15 0 0.27 0.15387861639217668
0.15 0 0.28 0.1941579287138295
0.15 0 0.29 0.337709514474996
0.15 0 0.3 0.4317682246015534
0.15 0 0.31 0.13341283193842557
0.15 0 0.32 0.12475873328518032
0.15 0 0.33 0.9175318549195918
0.15 0 0.34 4.528797177724884
0.15 0 0.35000000000000003 0.4098117392392858
0.15 0 0.36 1.037606084235038
0.15 0 0.37 0.19325013962873214
0.15 0 0.38 0.5473407623125177
0.15 0 0.39 1.1797987826463832
0.15 0 0.4 0.8069554576167927
0.15 0 0.41000000000000003 0.21075132360330526
0.15 0 0.42 0.15595752301059249
0.15 0 0.43 0.31397202636607513
0.15 0 0.44 6.307207632284122
0.15 0 0.45 2.6903314877544857
0.15 0 0.46 0.7431379169535978
0.15 0 0.47000000000000003 1.3154103208769883
0.15 0 0.48 1.0320722661422856
0.15 0 0.49 0.9733273192920252
0.15 0 0.5 1.486656804375667
0.16 0 0.0 3.593428537880174
0.16 0 0.01 1.5431568530687798
0.16 0 0.02 1.735309256074895
0.16 0 0.03 0.4956674827602195
0.16 0 0.04 0.39875853715431586
0.16 0 0.05 0.4957608264803391
0.16 0 0.06 0.375050199603605
0.16 0 0.07 0.08942248052829864
0.16 0 0.08 0.09631591017084905
0.16 0 0.09 0.5379559505224737
0.16 0 0.1 2.1749614593499342
0.16 0 0.11 1.060635690608845
0.16 0 0.12 0.4312560293932543
0.16 0 0.13 0.441709158481603
0.16 0 0.14 1.2441965555422274
0.16 0 0.15 1.5373248290291799
0.16 0 0.16 0.912315753727667
0.16 0 0.17 0.44087514275248174
0.16 0 0.18 0.5048413354310157
0.16 0 0.19 0.35571231266556325
0.16 0 0.2 0.18214343178843154
0.16 0 0.21 0.06960492193208402
0.16 0 0.22 0.033546040174842064
0.16 0 0.23 0.22113320966270983
0.16 0 0.24 0.2522245773133756
0.16 0 0.25 0.3022757316265059
0.16 0 0.26 0.485922563824813
0.16 0 0.27 0.06393237083103454
0.16 0 0.28 0.07123333049187067
0.16 0 0.29 0.06901761641166435
0.16 0 0.3 0.045576692882136824
0.16 0 0.31 0.13132122850426334
0.16 0 0.32 0.07716507942825043
0.16 0 0.33 0.0316858713300308
0.16 0 0.34 0.6145789840074612
0.16 0 0.35000000000000003 4.177477430849367
0.16 0 0.36 1.0915696705841789
0.16 0 0.37 0.3190466356539699
0.16 0 0.38 0.05218103296155281
0.16 0 0.39 0.31795709085331153
0.16 0 0.4 0.11606186826115031
0.16 0 0.41000000000000003 0.05118567322694572
0.16 0 0.42 0.45127164609476794
0.16 0 0.43 0.440285766574231
0.16 0 0.44 0.7322089386677048
0.16 0 0.45 0.5461943623455824
0.16 0 0.46 1.1604245360949277
0.16 0 0.47000000000000003 0.23322314011048137
0.16 0 0.48 1.1167272685200147
0.16 0 0.49 0.26116313234181077
0.16 0 0.5 2.2686586228273775
0.17 0 0.0 0.17849740648634235
0.17 0 0.01 0.3108125295673338
0.17 0 0.02 1.7074882235242812
0.17 0 0.03 0.15810701957726975
0.17 0 0.04 0.1676085246593304
0.17 0 0.05 0.17865256848589622
0.17 0 0.06 0.22722869275732904
0.17 0 0.07 0.44017871583544355
0.17 0 0.08 0.1723252710967543
0.17 0 0.09 0.1556225851795286
0.17 0 0.1 1.4284765276172888
0.17 0 0.11 0.9358124714718987
0.17 0 0.12 1.759306440998557
0.17 0 0.13 0.6914919445434261
0.17 0 0.14 0.24803622665905328
0.17 0 0.15 1.2222521232755363
0.17 0 0.16 0.4470995474893108
0.17 0 0.17 0.06688350001941347
0.17 0 0.18 0.1480730400661252
0.17 0 0.19 0.16936304721212084
0.17 0 0.2 0.3127901399498516
0.17 0 0.21 0.03793693346993194
0.17 0 0.22 0.0012199760775291662
0.17 0 0.23 0.010555164564711242
0.17 0 0.24 0.05522933680328195
0.17 0 0.25 0.18580983676351231
0.17 0 0.26 0.08164202087291883
0.17 0 0.27 0.011021699926749185
0.17 0 0.28 0.017157405843910324
0.17 0 0.29 0.0016811001544005102
0.17 0 0.3 0.019812164958674328
0.17 0 0.31 0.07286127327501286
0.17 0 0.32 0.017436282854764937
0.17 0 0.33 0.08447501398193394
0.17 0 0.34 0.03816001465630214
0.17 0 0.35000000000000003 0.027371856986586084
0.17 0 0.36 0.009956899289168415
0.17 0 0.37 0.004308514374441727
0.17 0 0.38 0.009239393428314735
0.17 0 0.39 0.018798601531040886
0.17 0 0.4 0.009602550149050584
0.17 0 0.41000000000000003 0.18186233887669215
0.17 0 0.42 1.081217733661178
0.17 0 0.43 3.289830725396334
0.17 0 0.44 7.5361248792034345
0.17 0 0.45 3.0589416442704254
0.17 0 0.46 57.83702631511674
0.17 0 0.47000000000000003 25.284445842602693
0.17 0 0.48 21.747901999453163
0.17 0 0.49 23.225032712956818
0.17 0 0.5 27.186849011027995
0.18 0 0.0 0.1852624025903125
0.18 0 0.01 0.26658444973093365
0.18 0 0.02 0.3182819112217883
0.18 0 0.03 0.25305981017658785
0.18 0 0.04 0.1090304619785035
0.18 0 0.05 0.04278589235372789
0.18 0 0.06 0.20486715136063688
0.18 0 0.07 0.057863145492330396
0.18 0 0.08 0.6604088088311159
0.18 0 0.09 1.018504673992746
0.18 0 0.1 1.5110687933969633
0.18 0 0.11 6.598985248889144
0.18 0 0.12 0.5155391883262336
0.18 0 0.13 1.6140638070847517
0.18 0 0.14 1.455990607498725
0.18 0 0.15 0.6233681651103714
0.18 0 0.16 1.2508625919141172
0.18 0 0.17 1.6268634201798553
0.18 0 0.18 0.45581414267034986
0.18 0 0.19 0.1335944264955529
0.18 0 0.2 0.06405250019348539
0.18 0 0.21 0.007274750138652798
0.18 0 0.22 0.014936865776977868
0.18 0 0.23 0.00445974884826899
0.18 0 0.24 0.011220935663644833
0.18 0 0.25 0.021126449853384643
0.18 0 0.26 0.02097351973946912
0.18 0 0.27 0.001989792863083626
0.18 0 0.28 0.005892546272202742
0.18 0 0.29 0.0048652725928178715
0.18 0 0.3 0.016938537697453546
0.18 0 0.31 0.040696598810048966
0.18 0 0.32 0.001886938404689229
0.18 0 0.33 0.010191785958279331
0.18 0 0.34 0.0010474165544017563
0.18 0 0.35000000000000003 0.036460497663929364
0.18 0 0.36 0.011463707590080871
0.18 0 0.37 0.005173856493419798
0.18 0 0.38 0.013655743477365818
0.18 0 0.39 0.008694000567910715
0.18 0 0.4 0.03147156101018038
0.18 0 0.41000000000000003 0.025589040805663595
0.18 0 0.42 0.20551574142235382
0.18 0 0.43 0.21122335852625349
0.18 0 0.44 2.7182081772962965
0.18 0 0.45 3.212654002480673
0.18 0 0.46 7.2458880935416
0.18 0 0.47000000000000003 12.184797964666023
0.18 0 0.48 13.079745626336774
0.18 0 0.49 4.381650539967554
0.18 0 0.5 1.9730683360800438
0.19 0 0.0 0.4502623910355857
0.19 0 0.01 0.22850434266029215
0.19 0 0.02 0.11411045501856494
0.19 0 0.03 0.11726861383393906
0.19 0 0.04 0.23981576708802668
0.19 0 0.05 0.04866150640299849
0.19 0 0.06 0.07711352573200447
0.19 0 0.07 0.28916091069482835
0.19 0 0.08 1.2835031481391876
0.19 0 0.09 1.6403107835825814
0.19 0 0.1 4.868885575956799
0.19 0 0.11 10.866934431940752
0.19 0 0.12 3.0501170410542686
0.19 0 0.13 3.7332461817607143
0.19 0 0.14 1.0674579569458225
0.19 0 0.15 2.687952031007486
0.19 0 0.16 0.4536043417537017
0.19 0 0.17 0.36244108740624287
0.19 0 0.18 2.8210970210851327
0.19 0 0.19 0.4717113318047976
0.19 0 0.2 0.33282685899236025
0.19 0 0.21 0.034829576027272116
0.19 0 0.22 0.0197220319229356
0.19 0 0.23 0.0072784704966017185
0.19 0 0.24 0.0017378952634390249
0.19 0 0.25 0.0008181279670906002
0.19 0 0.26 0.00271676367438205
0.19 0 0.27 0.002524643025704674
0.19 0 0.28 0.013739041178523344
0.19 0 0.29 0.003025260263977686
0.19 0 0.3 0.002154358669637215
0.19 0 0.31 0.005624658175476556
0.19 0 0.32 0.0005243691928649895
0.19 0 0.33 0.002075649807865477
0.19 0 0.34 0.0003948457539078592
0.19 0 0.35000000000000003 0.005001404842962591
0.19 0 0.36 0.004294176828804644
0.19 0 0.37 0.002041325357800309
0.19 0 0.38 0.002356878683812459
0.19 0 0.39 0.005004133984041126
0.19 0 0.4 0.9134211580194963
0.19 0 0.41000000000000003 0.1482003390598987
0.19 0 0.42 0.24672087578977506
0.19 0 0.43 0.8495477906418215
0.19 0 0.44 2.0252758999226423
0.19 0 0.45 4.543091963280677
0.19 0 0.46 0.8266355048016
0.19 0 0.47000000000000003 0.2762180620811533
0.19 0 0.48 0.9690504764212234
0.19 0 0.49 1.9528746430680528
0.19 0 0.5 0.4582253635554261
0.2 0 0.0 0.07769475438059135
0.2 0 0.01 0.09440207509868219
0.2 0 0.02 0.05244169154683209
0.2 0 0.03 0.36336010123605683
0.2 0 0.04 0.047995073721011416
0.2 0 0.05 0.13863532211263366
0.2 0 0.06 0.07581350513339398
0.2 0 0.07 0.1255811483264808
0.2 0 0.08 0.35807909190276543
0.2 0 0.09 0.618722324584666
0.2 0 0.1 5.9826170823981615
0.2 0 0.11 3.7508007711247786
0.2 0 0.12 2.0495742921914797
0.2 0 0.13 0.8923370756527984
0.2 0 0.14 1.560467282747223
0.2 0 0.15 0.5381206984631014
0.2 0 0.16 0.8552105088621568
0.2 0 0.17 0.14330780509805335
0.2 0 0.18 0.9869615170385432
0.2 0 0.19 0.9627579797670456
0.2 0 0.2 1.1739038411152891
0.2 0 0.21 0.6630084784032089
0.2 0 0.22 0.04527978435937298
0.2 0 0.23 0.025504772440124654
0.2 0 0.24 0.005017559065262986
0.2 0 0.25 0.009351685535373319
0.2 0 0.26 0.003490789204992885
0.2 0 0.27 0.004200303977044416
0.2 0 0.28 0.005396074483635041
0.2 0 0.29 0.0023316322010546904
0.2 0 0.3 0.004879425468045909
0.2 0 0.31 0.000886421564118125
0.2 0 0.32 0.0022506590037811225
0.2 0 0.33 0.002525968944862932
0.2 0 0.34 0.0021482827964009734
0.2 0 0.35000000000000003 0.013341107856134043
0.2 0 0.36 0.015599520401974553
0.2 0 0.37 0.012392906714991546
0.2 0 0.38 0.01513428570697054
0.2 0 0.39 0.030732558336288855
0.2 0 0.4 0.12252137806648002
0.2 0 0.41000000000000003 0.2715452626944282
0.2 0 0.42 0.23976565940970246
0.2 0 0.43 0.19826235394531153
0.2 0 0.44 0.1707387324612169
0.2 0 0.45 0.4736495477629494
0.2 0 0.46 0.31836797983148113
0.2 0 0.47000000000000003 0.24420753871093784
0.2 0 0.48 0.21014269911397576
0.2 0 0.49 0.55416738357841
0.2 0 0.5 7.9708089834915
0.21 0 0.0 0.030633229012047986
0.21 0 0.01 0.11273713675676961
0.21 0 0.02 0.6959362064080016
0.21 0 0.03 0.9887473751816678
0.21 0 0.04 0.4475401527904542
0.21 0 0.05 0.09677849296853654
0.21 0 0.06 0.09446710472208596
0.21 0 0.07 0.12099900199265404
0.21 0 0.08 0.7030209038993578
0.21 0 0.09 0.13366086143564718
0.21 0 0.1 0.4103021040827666
0.21 0 0.11 0.31734660243215884
0.21 0 0.12 0.5172400387899206
0.21 0 0.13 0.5857485728897841
0.21 0 0.14 0.5184361291839237
0.21 0 0.15 0.9285076859836529
0.21 0 0.16 0.991333659286023
0.21 0 0.17 0.556905864631367
0.21 0 0.18 0.08269393910793099
0.21 0 0.19 0.1833113388284384
0.21 0 0.2 1.5291212869557662
0.21 0 0.21 0.22554760353636416
0.21 0 0.22 0.0911367428770051
0.21 0 0.23 0.05127449112386518
0.21 0 0.24 0.01251010746000314
0.21 0 0.25 0.06499259738454748
0.21 0 0.26 0.012680547970503692
0.21 0 0.27 0.0010160202411446074
0.21 0 0.28 0.0019753386706593693
0.21 0 0.29 7.412457646651409e-05
0.21 0 0.3 0.0011490511350051062
0.21 0 0.31 0.0005770072365080999
0.21 0 0.32 0.0008957230641801345
0.21 0 0.33 0.0012025004960656673
0.21 0 0.34 0.0012237181175683838
0.21 0 0.35000000000000003 0.005609423327837361
0.21 0 0.36 0.007715977606473244
0.21 0 0.37 0.014509183097005269
0.21 0 0.38 0.003509888179925495
0.21 0 0.39 0.004594645601093527
0.21 0 0.4 0.0026386115323392928
0.21 0 0.41000000000000003 0.011746753129566951
0.21 0 0.42 0.020472018019293804
0.21 0 0.43 0.06870034077325124
0.21 0 0.44 0.13809746075626309
0.21 0 0.45 0.12242988463421973
0.21 0 0.46 0.11196353121928182
0.21 0 0.47000000000000003 0.20976433108688558
0.21 0 0.48 0.6421821707728218
0.21 0 0.49 0.3885080619071053
0.21 0 0.5 1.0877843175392092
0.22 0 0.0 0.12909032303252668
0.22 0 0.01 0.20819960552106828
0.22 0 0.02 0.2874053532503941
0.22 0 0.03 0.11419812588747598
0.22 0 0.04 0.23330231918889432
0.22 0 0.05 0.02459573989485647
0.22 0 0.06 0.0629417216252187
0.22 0 0.07 0.08426157789742257
0.22 0 0.08 0.8602008663537689
0.22 0 0.09 0.9430597746555496
0.22 0 0.1 0.2673466884537057
0.22 0 0.11 0.6803964396959393
0.22 0 0.12 2.4285775224063064
0.22 0 0.13 2.1426534883545085
0.22 0 0.14 0.586047423732816
0.22 0 0.15 0.7580832497304586
0.22 0 0.16 0.09813924478962882
0.22 0 0.17 0.021161840764505092
0.22 0 0.18 0.06430599604669802
0.22 0 0.19 0.039680929780166005
0.22 0 0.2 0.16142344797215602
0.22 0 0.21 0.08444534719641439
0.22 0 0.22 0.04264826670652681
0.22 0 0.23 0.0018356425435351541
0.22 0 0.24 0.0016747220485789278
0.22 0 0.25 0.005342014503980912
0.22 0 0.26 0.010229677835738783
0.22 0 0.27 0.0018438079468435548
0.22 0 0.28 0.0007080770110297204
0.22 0 0.29 0.0006842681233016725
0.22 0 0.3 0.0022452500976735392
0.22 0 0.31 0.001073523322197248
0.22 0 0.32 0.002948489388072178
0.22 0 0.33 0.006806721098270254
0.22 0 0.34 0.004158656077835338
0.22 0 0.35000000000000003 0.008238269698698725
0.22 0 0.36 0.019902345497015014
0.22 0 0.37 0.048569867567437544
0.22 0 0.38 0.013831712856267856
0.22 0 0.39 0.0053830922266657035
0.22 0 0.4 0.010785523891533704
0.22 0 0.41000000000000003 0.00285862576951275
0.22 0 0.42 0.010307977038455485
0.22 0 0.43 0.030589749992384885
0.22 0 0.44 0.057833041850405234
0.22 0 0.45 0.2577964559172527
0.22 0 0.46 0.30930930236715415
0.22 0 0.47000000000000003 0.09251943964299998
0.22 0 0.48 0.5091108771012514
0.22 0 0.49 0.2503638632774831
0.22 0 0.5 0.15881534424940053
0.23 0 0.0 0.1459215024822358
0.23 0 0.01 0.29750939812844607
0.23 0 0.02 1.0242909765392803
0.23 0 0.03 0.041352737749779746
0.23 0 0.04 0.15454678173433878
0.23 0 0.05 0.28050923190401245
0.23 0 0.06 0.5398001073092638
0.23 0 0.07 0.6023953705732613
0.23 0 0.08 0.05647509386540541
0.23 0 0.09 0.10983521657621931
0.23 0 0.1 0.22808327017449967
0.23 0 0.11 0.5595642771625744
0.23 0 0.12 0.19769781803555916
0.23 0 0.13 0.28478262393305126
0.23 0 0.14 0.5254145790349795
0.23 0 0.15 0.05471533528097481
0.23 0 0.16 0.010549771011140525
0.23 0 0.17 0.006647666133296457
0.23 0 0.18 0.003828699110634907
0.23 0 0.19 0.002378607978788911
0.23 0 0.2 0.0026228764283368062
0.23 0 0.21 0.0026098131557612306
0.23 0 0.22 0.010127509740555886
0.23 0 0.23 0.004001112465841682
0.23 0 0.24 0.0017263187205691299
0.23 0 0.25 0.0012828928683782058
0.23 0 0.26 0.0015791213913693724
0.23 0 0.27 0.00322029941501594
0.23 0 0.28 0.011281844405004574
0.23 0 0.29 0.002280942989433445
0.23 0 0.3 0.002409379469997122
0.23 0 0.31 0.0003943613011686621
0.23 0 0.32 0.0036480536317157132
0.23 0 0.33 0.0014118942826472723
0.23 0 0.34 0.002159299758668935
0.23 0 0.35000000000000003 0.013788842134327893
0.23 0 0.36 0.0966833095702579
0.23 0 0.37 0.32875064629217127
0.23 0 0.38 0.14002879967234033
0.23 0 0.39 0.0304980027653668
0.23 0 0.4 0.040508163142905354
0.23 0 0.41000000000000003 0.6704086414965036
0.23 0 0.42 0.14365527509317916
0.23 0 0.43 0.32398515703648423
0.23 0 0.44 0.37721359861352555
0.23 0 0.45 0.15506249623527754
0.23 0 0.46 0.7196210047901012
0.23 0 0.47000000000000003 0.34802170886313594
0.23 0 0.48 0.6048274320971901
0.23 0 0.49 0.06952954589990762
0.23 0 0.5 0.34733117716518525
0.24 0 0.0 0.20866193464399982
0.24 0 0.01 0.1457431831077027
0.24 0 0.02 0.12001806084559286
0.24 0 0.03 0.12237720281250601
0.24 0 0.04 0.260467262108597
0.24 0 0.05 0.5857927449779631
0.24 0 0.06 1.0143709294174597
0.24 0 0.07 0.6135923682567642
0.24 0 0.08 0.17563123630952782
0.24 0 0.09 0.36333904850628834
0.24 0 0.1 0.019140240034667726
0.24 0 0.11 0.11289695861544712
0.24 0 0.12 0.1474288009675436
0.24 0 0.13 0.11888179370144515
0.24 0 0.14 0.0413828568620855
0.24 0 0.15 0.004280522016766387
0.24 0 0.16 0.06480536398230541
0.24 0 0.17 0.015622953498618428
0.24 0 0.18 0.003442713617354769
0.24 0 0.19 0.007095451187187361
0.24 0 0.2 0.008693472106643412
0.24 0 0.21 0.006894757745407912
0.24 0 0.22 0.005190040427992096
0.24 0 0.23 0.003634747335738789
0.24 0 0.24 0.0028800018286590755
0.24 0 0.25 0.0038442892457895756
0.24 0 0.26 0.0015267092661635539
0.24 0 0.27 0.013190700382427338
0.24 0 0.28 0.019053142645155823
0.24 0 0.29 0.003402968352790966
0.24 0 0.3 0.0070181969734707285
0.24 0 0.31 0.004008438147104158
0.24 0 0.32 0.013853429124991903
0.24 0 0.33 0.04096334576078058
0.24 0 0.34 0.18260308721715995
0.24 0 0.35000000000000003 0.04984163818688855
0.24 0 0.36 0.20625988083676017
0.24 0 0.37 0.15530524921229905
0.24 0 0.38 0.21959439477390333
0.24 0 0.39 0.21291838773959468
0.24 0 0.4 0.05266720367338846
0.24 0 0.41000000000000003 0.199212514865373
0.24 0 0.42 0.24896606097276672
0.24 0 0.43 0.2184848009285827
0.24 0 0.44 0.1039771726516769
0.24 0 0.45 0.15501701201676424
0.24 0 0.46 1.027650120681829
0.24 0 0.47000000000000003 0.18718354329746228
0.24 0 0.48 1.2385300361077434
0.24 0 0.49 0.3193548526295169
0.24 0 0.5 0.1513509954491764
0.25 0 0.0 0.03903972532560934
0.25 0 0.01 0.012745892223530229
0.25 0 0.02 0.025498848864632034
0.25 0 0.03 0.01451941044141265
0.25 0 0.04 0.07540841374024822
0.25 0 0.05 0.14725571844618474
0.25 0 0.06 0.17207652421633174
0.25 0 0.07 0.05853710933908545
0.25 0 0.08 0.053008956401621676
0.25 0 0.09 0.06642644433981329
0.25 0 0.1 0.0025464953371974854
0.25 0 0.11 0.04090189870677728
0.25 0 0.12 0.017368109569543263
0.25 0 0.13 0.0191178029156845
0.25 0 0.14 0.0209689109511424
0.25 0 0.15 0.016638214946328143
0.25 0 0.16 0.07481534018502975
0.25 0 0.17 0.021592232441471015
0.25 0 0.18 0.018677180939491136
0.25 0 0.19 0.003246566629524065
0.25 0 0.2 0.0009213403979900612
0.25 0 0.21 0.0015505828880830804
0.25 0 0.22 0.001574138334039549
0.25 0 0.23 0.004519177268338188
0.25 0 0.24 0.002274533609901445
0.25 0 0.25 0.0011602934742291134
0.25 0 0.26 0.008527718762587346
0.25 0 0.27 0.03236468403540485
0.25 0 0.28 0.006981682744405549
0.25 0 0.29 0.004126120052526312
0.25 0 0.3 0.0025978319290222633
0.25 0 0.31 0.010965105498462479
0.25 0 0.32 0.020722329276582706
0.25 0 0.33 0.018435932132259
0.25 0 0.34 0.21408032915340608
0.25 0 0.35000000000000003 0.25671133392627465
0.25 0 0.36 0.31935628729922905
0.25 0 0.37 0.4406160198192221
0.25 0 0.38 0.7033959718752519
0.25 0 0.39 0.23061692186604024
0.25 0 0.4 0.12767484587090755
0.25 0 0.41000000000000003 0.07122927247128029
0.25 0 0.42 0.1939517821712899
0.25 0 0.43 0.41339664017396643
0.25 0 0.44 0.1172529150032371
0.25 0 0.45 0.769124307303919
0.25 0 0.46 0.6188758204507953
0.25 0 0.47000000000000003 1.190196938777437
0.25 0 0.48 4.006287518160998
0.25 0 0.49 0.1714532852485436
0.25 0 0.5 0.6627547632573064
0.26 0 0.0 0.006810027408407051
0.26 0 0.01 0.005100886994443947
0.26 0 0.02 0.025855657564909432
0.26 0 0.03 0.015496656921312772
0.26 0 0.04 0.038652854143993005
0.26 0 0.05 0.004286302840034012
0.26 0 0.06 0.06686552362331506
0.26 0 0.07 0.2481265566059377
0.26 0 0.08 0.1148167924058116
0.26 0 0.09 0.007823804544178045
0.26 0 0.1 0.008894948352068163
0.26 0 0.11 0.00468791758422414
0.26 0 0.12 0.004190670410065402
0.26 0 0.13 0.02871575106821506
0.26 0 0.14 0.00878042430327646
0.26 0 0.15 0.004145110248117332
0.26 0 0.16 0.018788995186275408
0.26 0 0.17 0.010215310828181381
0.26 0 0.18 0.015886386876331482
0.26 0 0.19 0.013898830233919177
0.26 0 0.2 0.005090748695508564
0.26 0 0.21 0.05463596909364494
0.26 0 0.22 0.0266605177498204
0.26 0 0.23 0.03147064122889236
0.26 0 0.24 0.0020533684787541547
0.26 0 0.25 0.0005281513435981323
0.26 0 0.26 0.0015832610377044401
0.26 0 0.27 0.00043288829572545127
0.26 0 0.28 0.0011661515866703564
0.26 0 0.29 0.0016796897771667691
0.26 0 0.3 0.0005842066543976961
0.26 0 0.31 0.0004348974600482574
0.26 0 0.32 0.0003337225076384623
0.26 0 0.33 0.0015261787342642256
0.26 0 0.34 0.0038452558749009283
0.26 0 0.35000000000000003 0.0056701072911255835
0.26 0 0.36 0.014837307009160756
0.26 0 0.37 0.07894924223809317
0.26 0 0.38 0.46110154000009473
0.26 0 0.39 0.21718425831618857
0.26 0 0.4 0.5158585866995639
0.26 0 0.41000000000000003 0.5674720205489967
0.26 0 0.42 0.1306094923973853
0.26 0 0.43 0.286445225257297
0.26 0 0.44 0.047467565558358585
0.26 0 0.45 0.05524383120477236
0.26 0 0.46 0.10411213069475551
0.26 0 0.47000000000000003 0.1418872797547903
0.26 0 0.48 1.4889834786990623
0.26 0 0.49 1.5275403614106944
0.26 0 0.5 1.6227172894398232
0.27 0 0.0 0.026104040465555565
0.27 0 0.01 0.011243707751424291
0.27 0 0.02 0.021099504002330915
0.27 0 0.03 0.023850744643635784
0.27 0 0.04 0.011408296774042516
0.27 0 0.05 0.006054925210496735
0.27 0 0.06 0.161754993119104
0.27 0 0.07 0.05634205056835285
0.27 0 0.08 0.21261764919032014
0.27 0 0.09 0.03635108471229024
0.27 0 0.1 0.004966808512238715
0.27 0 0.11 0.00869777577251873
0.27 0 0.12 0.005902309066588198
0.27 0 0.13 0.012762245469216268
0.27 0 0.14 0.018832547227538788
0.27 0 0.15 0.0014535058048805419
0.27 0 0.16 0.002551532128830778
0.27 0 0.17 0.006597299194046694
0.27 0 0.18 0.02839917772432264
0.27 0 0.19 0.06075768524258034
0.27 0 0.2 0.02337872036926204
0.27 0 0.21 0.056903844507958865
0.27 0 0.22 0.020677523773165174
0.27 0 0.23 0.0032033925347992585
0.27 0 0.24 0.003845328870261009
0.27 0 0.25 0.0027281380483708726
0.27 0 0.26 0.002498801875316918
0.27 0 0.27 0.00238538176653019
0.27 0 0.28 0.004549594802741876
0.27 0 0.29 0.0006466602636466145
0.27 0 0.3 0.001914757203958851
0.27 0 0.31 0.001478881826578466
0.27 0 0.32 0.0015071652107656406
0.27 0 0.33 0.053271660069354784
0.27 0 0.34 0.030163706183723396
0.27 0 0.35000000000000003 0.03449260189807596
0.27 0 0.36 0.022342533646813007
0.27 0 0.37 0.020517465179788467
0.27 0 0.38 0.26910185432168787
0.27 0 0.39 3.674862430794735
0.27 0 0.4 1.631771851788375
0.27 0 0.41000000000000003 1.5398462689082273
0.27 0 0.42 0.7967495152385212
0.27 0 0.43 0.37402463097607735
0.27 0 0.44 0.09221193782550105
0.27 0 0.45 0.08813891508883927
0.27 0 0.46 0.21929528820159558
0.27 0 0.47000000000000003 0.35018119407055354
0.27 0 0.48 1.1414638431927615
0.27 0 0.49 0.14572529480802962
0.27 0 0.5 0.7216733869422552
0.28 0 0.0 0.019732822228255013
0.28 0 0.01 0.05241617582511459
0.28 0 0.02 0.0440479079298557
0.28 0 0.03 0.011879046867907915
0.28 0 0.04 0.01839827260802749
0.28 0 0.05 0.003012301799653908
0.28 0 0.06 0.030750934363780683
0.28 0 0.07 0.008421683641385534
0.28 0 0.08 0.11613052091424404
0.28 0 0.09 0.03164494300509298
0.28 0 0.1 0.01710436786532191
0.28 0 0.11 0.010485047978224658
0.28 0 0.12 0.015992791442696604
0.28 0 0.13 0.02604032358209257
0.28 0 0.14 0.02810176074275559
0.28 0 0.15 0.013154838307383189
0.28 0 0.16 0.004706942130281463
0.28 0 0.17 0.006398018626692472
0.28 0 0.18 0.009428669679524746
0.28 0 0.19 0.01573718272984994
0.28 0 0.2 0.03660055568489238
0.28 0 0.21 0.007337485247920363
0.28 0 0.22 0.024250781336845884
0.28 0 0.23 0.26554524901780324
0.28 0 0.24 0.16787490756856202
0.28 0 0.25 0.09529477476826866
0.28 0 0.26 0.0630399748779504
0.28 0 0.27 0.011638779157384977
0.28 0 0.28 0.03805191923014782
0.28 0 0.29 0.003599960753989479
0.28 0 0.3 0.001597623757782865
0.28 0 0.31 0.011303315379816145
0.28 0 0.32 0.017874458934401777
0.28 0 0.33 0.018272393866961428
0.28 0 0.34 0.015533760843414231
0.28 0 0.35000000000000003 0.047170989581022636
0.28 0 0.36 0.027983157243357516
0.28 0 0.37 0.011445009648156953
0.28 0 0.38 0.03524369942915129
0.28 0 0.39 0.026499008053791396
0.28 0 0.4 0.08828649146513318
0.28 0 0.41000000000000003 0.0961241662016104
0.28 0 0.42 0.08279859009038439
0.28 0 0.43 0.07870197644442707
0.28 0 0.44 0.028268809979356564
0.28 0 0.45 0.07066021908571646
0.28 0 0.46 0.07878289989867007
0.28 0 0.47000000000000003 0.04818024017566305
0.28 0 0.48 0.2189940429369687
0.28 0 0.49 0.682063432359984
0.28 0 0.5 1.3501260786893596
0.29 0 0.0 0.014216984396647902
0.29 0 0.01 0.02586335398668905
0.29 0 0.02 0.04180800007427434
0.29 0 0.03 0.00962685999444271
0.29 0 0.04 0.03550612398417728
0.29 0 0.05 0.0022178694395496015
0.29 0 0.06 0.019189045265675785
0.29 0 0.07 0.011169324885655337
0.29 0 0.08 0.1419393313777191
0.29 0 0.09 0.06309093724140417
0.29 0 0.1 0.14978295292822047
0.29 0 0.11 0.056931585231555275
0.29 0 0.12 0.008359678479077174
0.29 0 0.13 0.24319645861294303
0.29 0 0.14 0.09413731820819782
0.29 0 0.15 0.23764596272776387
0.29 0 0.16 0.0676853168633041
0.29 0 0.17 0.006471687792388063
0.29 0 0.18 0.04461697025091403
0.29 0 0.19 0.030801976707988326
0.29 0 0.2 0.03444044999189058
0.29 0 0.21 0.03815193092358798
0.29 0 0.22 0.04536567588552163
0.29 0 0.23 0.006680786775932981
0.29 0 0.24 0.09058851677446669
0.29 0 0.25 0.009810997841554375
0.29 0 0.26 0.026645853831040792
0.29 0 0.27 0.01274328205221228
0.29 0 0.28 0.005074255682724192
0.29 0 0.29 0.02161928879169949
0.29 0 0.3 0.013009623609087343
0.29 0 0.31 0.0650089693703129
0.29 0 0.32 0.05890090555970749
0.29 0 0.33 0.08988967212261607
0.29 0 0.34 0.020497166611913403
0.29 0 0.35000000000000003 0.013756903110413816
0.29 0 0.36 0.008416356311165163
0.29 0 0.37 0.036167356205310114
0.29 0 0.38 0.013400064149021609
0.29 0 0.39 0.0013307551080737003
0.29 0 0.4 0.02103308959113707
0.29 0 0.41000000000000003 0.010953170261981693
0.29 0 0.42 0.14100378490811816
0.29 0 0.43 0.032561223691090525
0.29 0 0.44 0.014973549010781718
0.29 0 0.45 0.03622564029396689
0.29 0 0.46 0.026903038066594855
0.29 0 0.47000000000000003 0.10397895020659491
0.29 0 0.48 0.19255444166624824
0.29 0 0.49 0.2703589058437318
0.29 0 0.5 0.41989262633747065
0.3 0 0.0 0.051767266610743004
0.3 0 0.01 0.013905984196431142
0.3 0 0.02 0.04815175658146243
0.3 0 0.03 0.08599071400095472
0.3 0 0.04 0.06800530012233243
0.3 0 0.05 0.016198882766789734
0.3 0 0.06 0.01992162855605896
0.3 0 0.07 0.01065605813471061
0.3 0 0.08 0.04301761538066575
0.3 0 0.09 0.022262166229833544
0.3 0 0.1 0.1250654669753295
0.3 0 0.11 0.4418981377512604
0.3 0 0.12 0.2169609860177335
0.3 0 0.13 0.1385280668853021
0.3 0 0.14 0.3462592490134236
0.3 0 0.15 0.07686635022503634
0.3 0 0.16 0.14362831152220365
0.3 0 0.17 0.2930749247858169
0.3 0 0.18 0.39873555633689134
0.3 0 0.19 0.12996747059016903
0.3 0 0.2 0.12297935775768258
0.3 0 0.21 0.038113350465659626
0.3 0 0.22 0.015888170613161237
0.3 0 0.23 0.007488385525267331
0.3 0 0.24 0.013161725019200326
0.3 0 0.25 0.039546310362986545
0.3 0 0.26 0.01500843374777695
0.3 0 0.27 0.01161814698831096
0.3 0 0.28 0.024761364305914895
0.3 0 0.29 0.03211179593676656
0.3 0 0.3 0.0449474313628531
0.3 0 0.31 0.08609185692264232
0.3 0 0.32 0.1414305256673598
0.3 0 0.33 0.08268412471401158
0.3 0 0.34 0.01247470764489484
0.3 0 0.35000000000000003 0.00507725799658772
0.3 0 0.36 0.07921505888635491
0.3 0 0.37 0.007859159142860546
0.3 0 0.38 0.004352928025641871
0.3 0 0.39 0.005802685627082587
0.3 0 0.4 0.004787413719534769
0.3 0 0.41000000000000003 0.008242751440931747
0.3 0 0.42 0.013121153290345999
0.3 0 0.43 0.03102064574921767
0.3 0 0.44 0.0043077839795791
0.3 0 0.45 0.0007321163760032618
0.3 0 0.46 0.0005407186079203775
0.3 0 0.47000000000000003 0.04243101945821956
0.3 0 0.48 0.07323746320290674
0.3 0 0.49 0.02765595485726401
0.3 0 0.5 0.03589267439436208
#STOP
