#MEDIUM_PROPERTIES_DISTRIBUTED
$MSH_TYPE
	 GROUNDWATER_FLOW	
$MMP_TYPE
	 PERMEABILITY	
$DIS_TYPE
	 NEAREST_VALUE	
;hj
$CONVERSION_FACTOR
2e-8;2e-6;2e-13
$DATA
0.0 0 0.0 0.3127118467999281
0.0 0 0.01 0.6727675157363361
0.0 0 0.02 0.6553597983639241
0.0 0 0.03 0.6626549245007126
0.0 0 0.04 0.8723752555192056
0.0 0 0.05 0.3899545742546233
0.0 0 0.06 0.6062897699251336
0.0 0 0.07 0.560571030465042
0.0 0 0.08 0.8173013171935971
0.0 0 0.09 0.9513348475250571
0.0 0 0.1 1.0140727484661058
0.0 0 0.11 0.8411579137823934
0.0 0 0.12 0.4188196510674935
0.0 0 0.13 0.604063015662105
0.0 0 0.14 0.9067727086962756
0.0 0 0.15 0.8374107630895693
0.0 0 0.16 1.3257947300026944
0.0 0 0.17 1.4065536090467337
0.0 0 0.18 1.7796756900403083
0.0 0 0.19 2.4303343260709034
0.0 0 0.2 1.3005295991201453
0.0 0 0.21 0.7957004611241815
0.0 0 0.22 0.5561304801456805
0.0 0 0.23 0.6208632303401076
0.0 0 0.24 0.6385523400196181
0.0 0 0.25 0.38297899774558575
0.0 0 0.26 0.9310430358861572
0.0 0 0.27 1.07634324058448
0.0 0 0.28 2.589219005854743
0.0 0 0.29 2.5564777155217837
0.0 0 0.3 1.5000088698554663
0.0 0 0.31 1.1710954079193605
0.0 0 0.32 0.34822742377783283
0.0 0 0.33 0.24664482877185143
0.0 0 0.34 0.21476096284616752
0.0 0 0.35000000000000003 0.2123923984027981
0.0 0 0.36 0.17236423352900354
0.0 0 0.37 0.1242309027920123
0.0 0 0.38 0.14933047828336932
0.0 0 0.39 0.11010958657072674
0.0 0 0.4 0.10238097326246137
0.0 0 0.41000000000000003 0.12686289188164337
0.0 0 0.42 0.08548085300875824
0.0 0 0.43 0.17953838709648132
0.0 0 0.44 0.462013162418841
0.0 0 0.45 0.22978388260910418
0.0 0 0.46 0.13692637248880374
0.0 0 0.47000000000000003 0.10379301617308594
0.0 0 0.48 0.1377387038360504
0.0 0 0.49 0.07852467930892666
0.0 0 0.5 0.057953241772291296
0.01 0 0.0 0.6401962495274864
0.01 0 0.01 0.5005927498542685
0.01 0 0.02 0.5707429653669044
0.01 0 0.03 0.29341878432991414
0.01 0 0.04 0.2873827438641668
0.01 0 0.05 0.2819835685797926
0.01 0 0.06 0.156882526597313
0.01 0 0.07 0.41306996615202424
0.01 0 0.08 0.6947583858242891
0.01 0 0.09 0.7768367722656448
0.01 0 0.1 0.5329987081219401
0.01 0 0.11 0.2269079742017725
0.01 0 0.12 0.2147872477682026
0.01 0 0.13 0.2868705575736838
0.01 0 0.14 0.4803162580344236
0.01 0 0.15 0.5540180363773309
0.01 0 0.16 0.5032888823302122
0.01 0 0.17 0.7643410904345332
0.01 0 0.18 0.7036266926050042
0.01 0 0.19 0.4719556751816572
0.01 0 0.2 0.5396456368211849
0.01 0 0.21 0.45991664690104284
0.01 0 0.22 1.0540047157396235
0.01 0 0.23 0.8557783882111004
0.01 0 0.24 0.6192708650231767
0.01 0 0.25 0.7283577475739897
0.01 0 0.26 0.36566551525557434
0.01 0 0.27 0.4307982543924308
0.01 0 0.28 0.5003874310815756
0.01 0 0.29 1.8383991922329492
0.01 0 0.3 2.604224391253558
0.01 0 0.31 2.628089375559798
0.01 0 0.32 3.489556683671724
0.01 0 0.33 1.4901070676234032
0.01 0 0.34 1.1330945317526593
0.01 0 0.35000000000000003 0.7529778392259829
0.01 0 0.36 0.19574153422932009
0.01 0 0.37 0.10449928091843917
0.01 0 0.38 0.14010321666060627
0.01 0 0.39 0.1802482542512503
0.01 0 0.4 0.09851692791374411
0.01 0 0.41000000000000003 0.08245091634157203
0.01 0 0.42 0.15648277189358056
0.01 0 0.43 0.1352438915092949
0.01 0 0.44 0.1584416158635056
0.01 0 0.45 0.20691596850282767
0.01 0 0.46 0.09486320647802325
0.01 0 0.47000000000000003 0.1465967536298901
0.01 0 0.48 0.12333509792027872
0.01 0 0.49 0.15078090400252656
0.01 0 0.5 0.08946773616221959
0.02 0 0.0 0.04746849757507497
0.02 0 0.01 0.06487461220229315
0.02 0 0.02 0.04208363534691397
0.02 0 0.03 0.052613225111944266
0.02 0 0.04 0.03746325024487707
0.02 0 0.05 0.032360910090775324
0.02 0 0.06 0.04304641751223265
0.02 0 0.07 0.048241896712760884
0.02 0 0.08 0.09090462471548509
0.02 0 0.09 0.07481427398219358
0.02 0 0.1 0.06447444970808588
0.02 0 0.11 0.0845060541026412
0.02 0 0.12 0.09048280414102086
0.02 0 0.13 0.14717043692540777
0.02 0 0.14 0.15570526951857533
0.02 0 0.15 0.1731865460954565
0.02 0 0.16 0.4159964532990363
0.02 0 0.17 0.43494361202434684
0.02 0 0.18 0.37287591417019694
0.02 0 0.19 0.5593431316744671
0.02 0 0.2 0.8351818664440496
0.02 0 0.21 1.3265172075261231
0.02 0 0.22 0.8015648269335235
0.02 0 0.23 1.5087121214823223
0.02 0 0.24 0.7321671182396848
0.02 0 0.25 0.5088789297535548
0.02 0 0.26 0.6991852740649422
0.02 0 0.27 0.3636021664238372
0.02 0 0.28 0.3978566313293219
0.02 0 0.29 0.45185434643050365
0.02 0 0.3 0.476558774154767
0.02 0 0.31 0.25929299808775524
0.02 0 0.32 0.20189037963346548
0.02 0 0.33 0.29048708403692103
0.02 0 0.34 0.12742792570381983
0.02 0 0.35000000000000003 0.12301514669390665
0.02 0 0.36 0.20274972010838901
0.02 0 0.37 0.17417659130322188
0.02 0 0.38 0.1481175931530199
0.02 0 0.39 0.12450029925857788
0.02 0 0.4 0.09165890618294767
0.02 0 0.41000000000000003 0.08256640489259769
0.02 0 0.42 0.03860963471847541
0.02 0 0.43 0.03300178220940413
0.02 0 0.44 0.017811108108045093
0.02 0 0.45 0.018390014791090592
0.02 0 0.46 0.023166910514979922
0.02 0 0.47000000000000003 0.013626702651709689
0.02 0 0.48 0.01854818953930566
0.02 0 0.49 0.01248318705686685
0.02 0 0.5 0.020739303429442704
0.03 0 0.0 0.046803965977849096
0.03 0 0.01 0.037901355711154265
0.03 0 0.02 0.049531082045324464
0.03 0 0.03 0.023306565204456096
0.03 0 0.04 0.02126940040124734
0.03 0 0.05 0.014347317932410553
0.03 0 0.06 0.008548676329268746
0.03 0 0.07 0.011315843808680804
0.03 0 0.08 0.00812888312457232
0.03 0 0.09 0.00982668451626347
0.03 0 0.1 0.024114959565617797
0.03 0 0.11 0.07517366877781459
0.03 0 0.12 0.10566365794376749
0.03 0 0.13 0.10094528751942063
0.03 0 0.14 0.15192267487844388
0.03 0 0.15 0.15130910371214917
0.03 0 0.16 0.09064428582830811
0.03 0 0.17 0.21838630246229068
0.03 0 0.18 0.17640256280877867
0.03 0 0.19 0.19570027833108156
0.03 0 0.2 0.3944186018251814
0.03 0 0.21 0.4838678893763972
0.03 0 0.22 0.5467443083206962
0.03 0 0.23 0.2993307600221396
0.03 0 0.24 0.389899256517625
0.03 0 0.25 0.20521594476724608
0.03 0 0.26 0.24408614737872916
0.03 0 0.27 0.5717030984650595
0.03 0 0.28 0.29232996561498703
0.03 0 0.29 0.2060516712882857
0.03 0 0.3 0.1706482102717717
0.03 0 0.31 0.20830440708466294
0.03 0 0.32 0.1503097137168651
0.03 0 0.33 0.051521992056067493
0.03 0 0.34 0.03125316218133099
0.03 0 0.35000000000000003 0.02352205164076714
0.03 0 0.36 0.019731362578804056
0.03 0 0.37 0.012722483196348396
0.03 0 0.38 0.004969056125376694
0.03 0 0.39 0.004263757333175565
0.03 0 0.4 0.005946301472076335
0.03 0 0.41000000000000003 0.008178770564351255
0.03 0 0.42 0.011722679554294057
0.03 0 0.43 0.004647442566102896
0.03 0 0.44 0.008791635101416154
0.03 0 0.45 0.009162289181720011
0.03 0 0.46 0.006667505377843126
0.03 0 0.47000000000000003 0.006303984190819032
0.03 0 0.48 0.006049960612017519
0.03 0 0.49 0.00871801431814336
0.03 0 0.5 0.0059574660914325514
0.04 0 0.0 0.05553803091462113
0.04 0 0.01 0.08956643787395567
0.04 0 0.02 0.08062042647282788
0.04 0 0.03 0.0602008636861045
0.04 0 0.04 0.027649002588197816
0.04 0 0.05 0.03604803377303416
0.04 0 0.06 0.020543441149490808
0.04 0 0.07 0.009265174113968494
0.04 0 0.08 0.01727504914393729
0.04 0 0.09 0.023889513471237293
0.04 0 0.1 0.03094768332269795
0.04 0 0.11 0.08997691257184207
0.04 0 0.12 0.19722171642708267
0.04 0 0.13 0.32194929335074035
0.04 0 0.14 0.4719190246520401
0.04 0 0.15 0.7450713053532338
0.04 0 0.16 0.8857952394240528
0.04 0 0.17 0.5239264863440839
0.04 0 0.18 0.9389511160817171
0.04 0 0.19 0.4253397604207628
0.04 0 0.2 0.3987334051265958
0.04 0 0.21 0.685011485894683
0.04 0 0.22 0.7885421588801697
0.04 0 0.23 0.8570236492354277
0.04 0 0.24 0.3510004129830324
0.04 0 0.25 0.38325389495348766
0.04 0 0.26 0.3511634881533146
0.04 0 0.27 0.22371600337348763
0.04 0 0.28 0.17379634164789404
0.04 0 0.29 0.10426936950554586
0.04 0 0.3 0.1488658730062008
0.04 0 0.31 0.11174850145730988
0.04 0 0.32 0.07252630482384827
0.04 0 0.33 0.033271000096882
0.04 0 0.34 0.009917003550196764
0.04 0 0.35000000000000003 0.006771914854320649
0.04 0 0.36 0.007214113407373466
0.04 0 0.37 0.0031507798174564283
0.04 0 0.38 0.0031237564110106397
0.04 0 0.39 0.0025011469744659863
0.04 0 0.4 0.002351516963426061
0.04 0 0.41000000000000003 0.0017086880188413639
0.04 0 0.42 0.001853897514946875
0.04 0 0.43 0.0028287875794302153
0.04 0 0.44 0.0016165319517883804
0.04 0 0.45 0.005358203541549042
0.04 0 0.46 0.010386675530313935
0.04 0 0.47000000000000003 0.00928652092982637
0.04 0 0.48 0.0076971581235834
0.04 0 0.49 0.003005428029896461
0.04 0 0.5 0.002413845874572778
0.05 0 0.0 0.41009393009957035
0.05 0 0.01 0.33859393403249055
0.05 0 0.02 0.47683259463272293
0.05 0 0.03 0.38853777386377747
0.05 0 0.04 0.2849510023672261
0.05 0 0.05 0.14907774910672897
0.05 0 0.06 0.17347397143787321
0.05 0 0.07 0.16647658299687013
0.05 0 0.08 0.19947973252326825
0.05 0 0.09 0.47494966372139713
0.05 0 0.1 0.6218971084486705
0.05 0 0.11 0.4211049600404605
0.05 0 0.12 0.657880516318943
0.05 0 0.13 0.6033281723077147
0.05 0 0.14 0.9648188392227871
0.05 0 0.15 0.9103641101506001
0.05 0 0.16 0.9347008071179451
0.05 0 0.17 1.288042401613836
0.05 0 0.18 0.7323489123105472
0.05 0 0.19 0.8897248183851658
0.05 0 0.2 0.5819597088788782
0.05 0 0.21 0.5132643488574427
0.05 0 0.22 0.4446524318677983
0.05 0 0.23 0.3772608556422696
0.05 0 0.24 0.6316433162451958
0.05 0 0.25 0.22931482215567944
0.05 0 0.26 0.17610105549472022
0.05 0 0.27 0.17127129556119
0.05 0 0.28 0.13143474297016408
0.05 0 0.29 0.13329031582494716
0.05 0 0.3 0.10151441075778588
0.05 0 0.31 0.056569513375985876
0.05 0 0.32 0.028905037141822996
0.05 0 0.33 0.020413984660739664
0.05 0 0.34 0.012532728195696993
0.05 0 0.35000000000000003 0.0037318653269824862
0.05 0 0.36 0.003328873423624725
0.05 0 0.37 0.0058000725078635835
0.05 0 0.38 0.0028077958676857337
0.05 0 0.39 0.0026517080951804226
0.05 0 0.4 0.001190624898776318
0.05 0 0.41000000000000003 0.0008705672011809768
0.05 0 0.42 0.0007029675457946902
0.05 0 0.43 0.0004919002735086689
0.05 0 0.44 0.0005810669547789177
0.05 0 0.45 0.0005577606700273097
0.05 0 0.46 0.0015608860666096872
0.05 0 0.47000000000000003 0.0012638482569985838
0.05 0 0.48 0.0007445169671484794
0.05 0 0.49 0.0010355106447346597
0.05 0 0.5 0.0008168039275829815
0.06 0 0.0 0.12085603849291002
0.06 0 0.01 0.10865587567639141
0.06 0 0.02 0.09750774593937013
0.06 0 0.03 0.13291451244353714
0.06 0 0.04 0.1289895153313792
0.06 0 0.05 0.11015596769645711
0.06 0 0.06 0.058227016209111686
0.06 0 0.07 0.033144832773316694
0.06 0 0.08 0.0412182675881568
0.06 0 0.09 0.038190211542191786
0.06 0 0.1 0.03877942638564171
0.06 0 0.11 0.04354830399939817
0.06 0 0.12 0.042198018333692064
0.06 0 0.13 0.10317721346032833
0.06 0 0.14 0.175805565001874
0.06 0 0.15 0.46269959610037426
0.06 0 0.16 0.31062867232688035
0.06 0 0.17 0.24963904439878376
0.06 0 0.18 0.5867841141040735
0.06 0 0.19 0.342594742409926
0.06 0 0.2 0.2520115615035915
0.06 0 0.21 0.1259907759435667
0.06 0 0.22 0.09849129962360537
0.06 0 0.23 0.12131667133277578
0.06 0 0.24 0.13873328281737074
0.06 0 0.25 0.15601285076443927
0.06 0 0.26 0.0496436879731733
0.06 0 0.27 0.05616261935182802
0.06 0 0.28 0.06821726065952463
0.06 0 0.29 0.028588358879071067
0.06 0 0.3 0.011297679701441604
0.06 0 0.31 0.005663777978131534
0.06 0 0.32 0.0033695974559522094
0.06 0 0.33 0.004905478103298997
0.06 0 0.34 0.004117935841901371
0.06 0 0.35000000000000003 0.003840339556349749
0.06 0 0.36 0.002508677721069121
0.06 0 0.37 0.002888774043348945
0.06 0 0.38 0.00321132227326815
0.06 0 0.39 0.0017865132992311995
0.06 0 0.4 0.0028528375115491416
0.06 0 0.41000000000000003 0.001968005461113679
0.06 0 0.42 0.0025225541591099173
0.06 0 0.43 0.004502198890915085
0.06 0 0.44 0.0029776697602042117
0.06 0 0.45 0.002547993548735873
0.06 0 0.46 0.0010090184805453782
0.06 0 0.47000000000000003 0.0009373841493995071
0.06 0 0.48 0.0006727444788528779
0.06 0 0.49 0.0006835309703106043
0.06 0 0.5 0.0007162933788386473
0.07 0 0.0 0.013041333536763459
0.07 0 0.01 0.008764584680184088
0.07 0 0.02 0.006914623160276622
0.07 0 0.03 0.007439095339843883
0.07 0 0.04 0.007660606398385084
0.07 0 0.05 0.007671187135836482
0.07 0 0.06 0.008706049713304386
0.07 0 0.07 0.006923701950227361
0.07 0 0.08 0.003788226887023524
0.07 0 0.09 0.00642758580682468
0.07 0 0.1 0.0041757139656207806
0.07 0 0.11 0.004047526262194818
0.07 0 0.12 0.008689846363148852
0.07 0 0.13 0.012874284323548073
0.07 0 0.14 0.028915741899827263
0.07 0 0.15 0.03641370009051773
0.07 0 0.16 0.05712064375513603
0.07 0 0.17 0.042226909491236954
0.07 0 0.18 0.04639290050800561
0.07 0 0.19 0.12743897595094034
0.07 0 0.2 0.07500977696934802
0.07 0 0.21 0.09568093295115808
0.07 0 0.22 0.06848631451574887
0.07 0 0.23 0.049036947416831476
0.07 0 0.24 0.03853933800661517
0.07 0 0.25 0.021854827041237288
0.07 0 0.26 0.01238169173075205
0.07 0 0.27 0.007940239313950458
0.07 0 0.28 0.009888803381978735
0.07 0 0.29 0.012123833256848937
0.07 0 0.3 0.007240931804574178
0.07 0 0.31 0.006068549910564625
0.07 0 0.32 0.0041199663692833965
0.07 0 0.33 0.0031128198939056285
0.07 0 0.34 0.005525006462431148
0.07 0 0.35000000000000003 0.0026145221590419673
0.07 0 0.36 0.0018045536632908372
0.07 0 0.37 0.0016666531501423323
0.07 0 0.38 0.0021670317563863956
0.07 0 0.39 0.003088812429734401
0.07 0 0.4 0.0015978354354619108
0.07 0 0.41000000000000003 0.001734808278802187
0.07 0 0.42 0.0010363501845452184
0.07 0 0.43 0.001249261076241479
0.07 0 0.44 0.0010432077659003277
0.07 0 0.45 0.0003359390835085648
0.07 0 0.46 0.00040991268982814053
0.07 0 0.47000000000000003 0.0005514927349383273
0.07 0 0.48 0.0013347824784109036
0.07 0 0.49 0.0016201276830519918
0.07 0 0.5 0.001479031459739716
0.08 0 0.0 0.028135529263440096
0.08 0 0.01 0.023079166656464742
0.08 0 0.02 0.01732331099037884
0.08 0 0.03 0.016020168322420585
0.08 0 0.04 0.007601623492728368
0.08 0 0.05 0.005250310826649702
0.08 0 0.06 0.005569122239719261
0.08 0 0.07 0.004771335731061068
0.08 0 0.08 0.002363631246706896
0.08 0 0.09 0.0010406520614107814
0.08 0 0.1 0.0020826337466046682
0.08 0 0.11 0.002303945255970891
0.08 0 0.12 0.0034251109562871327
0.08 0 0.13 0.007095098786419535
0.08 0 0.14 0.007481378519626243
0.08 0 0.15 0.02723631742768058
0.08 0 0.16 0.0401467943154038
0.08 0 0.17 0.05087520250656711
0.08 0 0.18 0.0458532674240975
0.08 0 0.19 0.05995518580378854
0.08 0 0.2 0.12879186282606941
0.08 0 0.21 0.1006756170269534
0.08 0 0.22 0.12576162271260516
0.08 0 0.23 0.06309884049730681
0.08 0 0.24 0.036548131944728904
0.08 0 0.25 0.035580797328761495
0.08 0 0.26 0.017644003308721335
0.08 0 0.27 0.007609364327472674
0.08 0 0.28 0.006292119327641641
0.08 0 0.29 0.005121712333916977
0.08 0 0.3 0.006034951187318081
0.08 0 0.31 0.00429825180183291
0.08 0 0.32 0.004430761964553912
0.08 0 0.33 0.003902022028787749
0.08 0 0.34 0.0031355518151454944
0.08 0 0.35000000000000003 0.004569780150858011
0.08 0 0.36 0.002627824088193141
0.08 0 0.37 0.0039302874499412424
0.08 0 0.38 0.005802467217326674
0.08 0 0.39 0.0060132473966876005
0.08 0 0.4 0.008712208001627806
0.08 0 0.41000000000000003 0.0037535492494249353
0.08 0 0.42 0.004115411195801014
0.08 0 0.43 0.0024137703679971813
0.08 0 0.44 0.0017486631332858734
0.08 0 0.45 0.00129946869718232
0.08 0 0.46 0.0013794095826526842
0.08 0 0.47000000000000003 0.0020461343800112744
0.08 0 0.48 0.0011381123604683443
0.08 0 0.49 0.0008025268796009074
0.08 0 0.5 0.0007102783434329595
0.09 0 0.0 0.046877674920199494
0.09 0 0.01 0.09620438120167205
0.09 0 0.02 0.07291002003762484
0.09 0 0.03 0.029021536291115934
0.09 0 0.04 0.0213986595328419
0.09 0 0.05 0.011764959097103208
0.09 0 0.06 0.017193423018048472
0.09 0 0.07 0.020403404765824987
0.09 0 0.08 0.01249756753727351
0.09 0 0.09 0.014586233985687692
0.09 0 0.1 0.01584900496453907
0.09 0 0.11 0.028701033496977748
0.09 0 0.12 0.020855264420853083
0.09 0 0.13 0.016302014238718552
0.09 0 0.14 0.014963943679193405
0.09 0 0.15 0.008504017205394374
0.09 0 0.16 0.023538846768064066
0.09 0 0.17 0.016399172815558104
0.09 0 0.18 0.011437775867949865
0.09 0 0.19 0.008871009137912956
0.09 0 0.2 0.009364851381718865
0.09 0 0.21 0.012381255351025012
0.09 0 0.22 0.009707293356030013
0.09 0 0.23 0.00885664443134069
0.09 0 0.24 0.010280754449614543
0.09 0 0.25 0.02082506868484783
0.09 0 0.26 0.07537895272242681
0.09 0 0.27 0.08928918433424492
0.09 0 0.28 0.07544663394664326
0.09 0 0.29 0.0858131317589166
0.09 0 0.3 0.08076485653423375
0.09 0 0.31 0.11867923959645513
0.09 0 0.32 0.05109493803594917
0.09 0 0.33 0.020664207960174843
0.09 0 0.34 0.015602957427093096
0.09 0 0.35000000000000003 0.006888376872191429
0.09 0 0.36 0.0054938530032485975
0.09 0 0.37 0.002083649323065092
0.09 0 0.38 0.0018918576072858879
0.09 0 0.39 0.0014267904637785935
0.09 0 0.4 0.0019612306543651463
0.09 0 0.41000000000000003 0.004080944312303901
0.09 0 0.42 0.0016932104091809822
0.09 0 0.43 0.002447925558996832
0.09 0 0.44 0.005163097992272268
0.09 0 0.45 0.008140082901235518
0.09 0 0.46 0.01137497479057225
0.09 0 0.47000000000000003 0.017189670977703173
0.09 0 0.48 0.018793943299930442
0.09 0 0.49 0.010709063918296124
0.09 0 0.5 0.007267700511237391
0.1 0 0.0 0.030423454551513286
0.1 0 0.01 0.02318434199995989
0.1 0 0.02 0.021928684466757643
0.1 0 0.03 0.024891466052623587
0.1 0 0.04 0.03233977090099106
0.1 0 0.05 0.04408308954563761
0.1 0 0.06 0.027154508302057664
0.1 0 0.07 0.04110399480872056
0.1 0 0.08 0.04482095868247717
0.1 0 0.09 0.018602444160832246
0.1 0 0.1 0.026272703348354767
0.1 0 0.11 0.025556190044206686
0.1 0 0.12 0.052441896709415535
0.1 0 0.13 0.03744536846791524
0.1 0 0.14 0.021383265394214472
0.1 0 0.15 0.015079686202546884
0.1 0 0.16 0.009949519622659352
0.1 0 0.17 0.01673682290453113
0.1 0 0.18 0.010401185800167119
0.1 0 0.19 0.010002223207438965
0.1 0 0.2 0.014425366786392035
0.1 0 0.21 0.017710718371731923
0.1 0 0.22 0.01886955971717414
0.1 0 0.23 0.007870595023360105
0.1 0 0.24 0.004162536480340268
0.1 0 0.25 0.007167221670239114
0.1 0 0.26 0.008537743495940267
0.1 0 0.27 0.009154182559421811
0.1 0 0.28 0.008423275200146945
0.1 0 0.29 0.008780989369887672
0.1 0 0.3 0.011908190146085957
0.1 0 0.31 0.012270921217871926
0.1 0 0.32 0.02287762647870086
0.1 0 0.33 0.011299353112964133
0.1 0 0.34 0.010634473667487607
0.1 0 0.35000000000000003 0.027204684796844226
0.1 0 0.36 0.013757282961235157
0.1 0 0.37 0.01095403939604587
0.1 0 0.38 0.006896314886376647
0.1 0 0.39 0.010377952776909066
0.1 0 0.4 0.010282289781489505
0.1 0 0.41000000000000003 0.01693863371432713
0.1 0 0.42 0.03233412946422005
0.1 0 0.43 0.0250293020252958
0.1 0 0.44 0.05933209213639342
0.1 0 0.45 0.13939577513016482
0.1 0 0.46 0.08585022403084545
0.1 0 0.47000000000000003 0.05259773717600103
0.1 0 0.48 0.03161862205206434
0.1 0 0.49 0.021207215603650915
0.1 0 0.5 0.012954333533767196
0.11 0 0.0 0.013546865834055302
0.11 0 0.01 0.008277942085656085
0.11 0 0.02 0.008554419852505647
0.11 0 0.03 0.013892074340278598
0.11 0 0.04 0.026614364612822107
0.11 0 0.05 0.026894661631728402
0.11 0 0.06 0.055966179015007785
0.11 0 0.07 0.07688734143299701
0.11 0 0.08 0.157428047394616
0.11 0 0.09 0.18721336926497031
0.11 0 0.1 0.10269927364710423
0.11 0 0.11 0.12858848967269812
0.11 0 0.12 0.06239776318944481
0.11 0 0.13 0.067134060586325
0.11 0 0.14 0.023331116148872545
0.11 0 0.15 0.0077347534196918755
0.11 0 0.16 0.005457314808785255
0.11 0 0.17 0.0032597603418070722
0.11 0 0.18 0.0032358429093199527
0.11 0 0.19 0.0037622401041543965
0.11 0 0.2 0.003933657113939799
0.11 0 0.21 0.0032761993976906227
0.11 0 0.22 0.0035478135477803423
0.11 0 0.23 0.009387751941684891
0.11 0 0.24 0.009983563231836476
0.11 0 0.25 0.010591059959540149
0.11 0 0.26 0.03784493544321728
0.11 0 0.27 0.05261373781452099
0.11 0 0.28 0.057892248047278924
0.11 0 0.29 0.07049301830644383
0.11 0 0.3 0.03998662582988227
0.11 0 0.31 0.03261745809018059
0.11 0 0.32 0.020733211057817395
0.11 0 0.33 0.03361033323537289
0.11 0 0.34 0.014869952432892802
0.11 0 0.35000000000000003 0.016741054037649836
0.11 0 0.36 0.03981006899124717
0.11 0 0.37 0.027466785673487416
0.11 0 0.38 0.034502541105165346
0.11 0 0.39 0.035542926614568086
0.11 0 0.4 0.049736622496861116
0.11 0 0.41000000000000003 0.04377753205155717
0.11 0 0.42 0.029499875218157945
0.11 0 0.43 0.03293499486719475
0.11 0 0.44 0.032323696269438505
0.11 0 0.45 0.049758087341897184
0.11 0 0.46 0.06465945353702063
0.11 0 0.47000000000000003 0.03973114468067718
0.11 0 0.48 0.03044441131718398
0.11 0 0.49 0.022614141752553437
0.11 0 0.5 0.020616349353277358
0.12 0 0.0 0.06910964155432824
0.12 0 0.01 0.041976462374532404
0.12 0 0.02 0.03539831998416162
0.12 0 0.03 0.027561095000434067
0.12 0 0.04 0.026235972979192865
0.12 0 0.05 0.027445686742082254
0.12 0 0.06 0.008665011387224312
0.12 0 0.07 0.014098176162985056
0.12 0 0.08 0.014357754202191148
0.12 0 0.09 0.01926896647407494
0.12 0 0.1 0.019475308501585895
0.12 0 0.11 0.010202129480209888
0.12 0 0.12 0.008911136417707
0.12 0 0.13 0.010684304248622798
0.12 0 0.14 0.03406494436687786
0.12 0 0.15 0.020247641067700196
0.12 0 0.16 0.00876135950528894
0.12 0 0.17 0.01986698128042321
0.12 0 0.18 0.024458175382473725
0.12 0 0.19 0.01692598451519809
0.12 0 0.2 0.011482814855510556
0.12 0 0.21 0.008978688264200951
0.12 0 0.22 0.013635019621053025
0.12 0 0.23 0.033094990421744484
0.12 0 0.24 0.0649699763565974
0.12 0 0.25 0.04518033899970906
0.12 0 0.26 0.02634203476570546
0.12 0 0.27 0.054274243699011314
0.12 0 0.28 0.02833572904012794
0.12 0 0.29 0.017046832897922488
0.12 0 0.3 0.017856568096416513
0.12 0 0.31 0.01947937097096328
0.12 0 0.32 0.04965644072611617
0.12 0 0.33 0.04641562743110294
0.12 0 0.34 0.07807636313085167
0.12 0 0.35000000000000003 0.04997355611772243
0.12 0 0.36 0.042597207271523066
0.12 0 0.37 0.05838027861183123
0.12 0 0.38 0.05891817415297229
0.12 0 0.39 0.08933046032596785
0.12 0 0.4 0.07566155187840735
0.12 0 0.41000000000000003 0.08051331752704603
0.12 0 0.42 0.06989877865048794
0.12 0 0.43 0.026241429912297706
0.12 0 0.44 0.022650042757755066
0.12 0 0.45 0.021494498457696593
0.12 0 0.46 0.01686090775534783
0.12 0 0.47000000000000003 0.021842939760408953
0.12 0 0.48 0.023813219764230054
0.12 0 0.49 0.019726970952497275
0.12 0 0.5 0.013152537953273232
0.13 0 0.0 0.1142355816278004
0.13 0 0.01 0.14707476582910978
0.13 0 0.02 0.08303437230656652
0.13 0 0.03 0.07023310557646838
0.13 0 0.04 0.07465260550975472
0.13 0 0.05 0.09476908858440021
0.13 0 0.06 0.060560450343361244
0.13 0 0.07 0.014969404693187069
0.13 0 0.08 0.035686539193030095
0.13 0 0.09 0.03042237410488523
0.13 0 0.1 0.01734967112966111
0.13 0 0.11 0.017744947871445295
0.13 0 0.12 0.021086680159507206
0.13 0 0.13 0.032835391000794
0.13 0 0.14 0.03185949716561347
0.13 0 0.15 0.034674380837369165
0.13 0 0.16 0.018099542015647563
0.13 0 0.17 0.01126155438504972
0.13 0 0.18 0.02019879748094138
0.13 0 0.19 0.015122069308707397
0.13 0 0.2 0.009396780115442644
0.13 0 0.21 0.008727062499048609
0.13 0 0.22 0.006024407076036066
0.13 0 0.23 0.005457222607216312
0.13 0 0.24 0.0045132713706713505
0.13 0 0.25 0.0043837246487144635
0.13 0 0.26 0.007766048294972321
0.13 0 0.27 0.009083503987770858
0.13 0 0.28 0.03949718956593937
0.13 0 0.29 0.06156335568303812
0.13 0 0.3 0.08895839533865588
0.13 0 0.31 0.07328581443377835
0.13 0 0.32 0.07434029994895519
0.13 0 0.33 0.1457543174155469
0.13 0 0.34 0.06498708852015468
0.13 0 0.35000000000000003 0.06145767798896769
0.13 0 0.36 0.07556207570989662
0.13 0 0.37 0.09702656127773124
0.13 0 0.38 0.1898288306549225
0.13 0 0.39 0.16873682878673488
0.13 0 0.4 0.1065916282146096
0.13 0 0.41000000000000003 0.05097855602483141
0.13 0 0.42 0.04522967824900677
0.13 0 0.43 0.024172100109339956
0.13 0 0.44 0.005704904908446504
0.13 0 0.45 0.005107528920495866
0.13 0 0.46 0.011003006163810803
0.13 0 0.47000000000000003 0.013181578855784153
0.13 0 0.48 0.028073121456956854
0.13 0 0.49 0.02454737865264799
0.13 0 0.5 0.027284962552821344
0.14 0 0.0 0.40666752152916746
0.14 0 0.01 0.14418462193522602
0.14 0 0.02 0.18101302068364586
0.14 0 0.03 0.09978733657299087
0.14 0 0.04 0.08537928000479558
0.14 0 0.05 0.08632548951937355
0.14 0 0.06 0.13469957285216552
0.14 0 0.07 0.12985742296849564
0.14 0 0.08 0.043124756671138575
0.14 0 0.09 0.06243953734864236
0.14 0 0.1 0.07578399171212714
0.14 0 0.11 0.10499374891143148
0.14 0 0.12 0.14638290591034436
0.14 0 0.13 0.08041364787025873
0.14 0 0.14 0.06994818875872554
0.14 0 0.15 0.04546856496054894
0.14 0 0.16 0.0320545607326116
0.14 0 0.17 0.019127683362390676
0.14 0 0.18 0.013466454142696226
0.14 0 0.19 0.025652889598317935
0.14 0 0.2 0.05214080900791339
0.14 0 0.21 0.03208092219105836
0.14 0 0.22 0.014243818927494288
0.14 0 0.23 0.005146791517853046
0.14 0 0.24 0.005993916690429049
0.14 0 0.25 0.0037960763022060577
0.14 0 0.26 0.00444737679388943
0.14 0 0.27 0.020151571883674422
0.14 0 0.28 0.03611426409793758
0.14 0 0.29 0.10817594535303066
0.14 0 0.3 0.11091966866504899
0.14 0 0.31 0.10455389920091208
0.14 0 0.32 0.10148180746175857
0.14 0 0.33 0.12437267733941759
0.14 0 0.34 0.18143552459727258
0.14 0 0.35000000000000003 0.08795766794033133
0.14 0 0.36 0.15492199165576578
0.14 0 0.37 0.2424082795951166
0.14 0 0.38 0.128662518545099
0.14 0 0.39 0.08858482762849719
0.14 0 0.4 0.05399796918071052
0.14 0 0.41000000000000003 0.044519513113060925
0.14 0 0.42 0.04747805293479946
0.14 0 0.43 0.04020644249529072
0.14 0 0.44 0.030200484011687647
0.14 0 0.45 0.024745712973966747
0.14 0 0.46 0.0389293321681089
0.14 0 0.47000000000000003 0.06604827726416211
0.14 0 0.48 0.04491481306895865
0.14 0 0.49 0.07982089365600614
0.14 0 0.5 0.054869700084060696
0.15 0 0.0 0.6787920054769079
0.15 0 0.01 1.5518784069522404
0.15 0 0.02 0.873768854580656
0.15 0 0.03 0.6966774603923238
0.15 0 0.04 0.32840470959592755
0.15 0 0.05 0.7103649292780573
0.15 0 0.06 1.4809941006207517
0.15 0 0.07 1.2650539824549596
0.15 0 0.08 1.0087754971730531
0.15 0 0.09 0.4959644780988159
0.15 0 0.1 0.8159776568787971
0.15 0 0.11 0.8807258864276479
0.15 0 0.12 0.4654818218300954
0.15 0 0.13 0.20419434526055932
0.15 0 0.14 0.14495146589484012
0.15 0 0.15 0.2503864963267785
0.15 0 0.16 0.18528649021734164
0.15 0 0.17 0.12024922020807405
0.15 0 0.18 0.19897610526941578
0.15 0 0.19 0.20561101505706017
0.15 0 0.2 0.21955111714367168
0.15 0 0.21 0.2636914130733011
0.15 0 0.22 0.10761501870537325
0.15 0 0.23 0.07653755335795234
0.15 0 0.24 0.051425502336788276
0.15 0 0.25 0.10499959440848103
0.15 0 0.26 0.10186075253745015
0.15 0 0.27 0.13801352333010003
0.15 0 0.28 0.24470401881300688
0.15 0 0.29 0.1375098318053977
0.15 0 0.3 0.25829709019579383
0.15 0 0.31 0.29874155621455073
0.15 0 0.32 0.22780072207659377
0.15 0 0.33 0.19736914984583404
0.15 0 0.34 0.13824411259310873
0.15 0 0.35000000000000003 0.12711879727611264
0.15 0 0.36 0.05108049609219583
0.15 0 0.37 0.03658865420847375
0.15 0 0.38 0.0282242084851156
0.15 0 0.39 0.03220048892396991
0.15 0 0.4 0.056986433605639174
0.15 0 0.41000000000000003 0.04824081603118137
0.15 0 0.42 0.033040106366862915
0.15 0 0.43 0.05183185177401543
0.15 0 0.44 0.03236149101607491
0.15 0 0.45 0.03306030451559247
0.15 0 0.46 0.04012612604320147
0.15 0 0.47000000000000003 0.07640807674573767
0.15 0 0.48 0.16697407177127346
0.15 0 0.49 0.14471637743622187
0.15 0 0.5 0.20141784475459307
0.16 0 0.0 2.4671853468812266
0.16 0 0.01 2.155895781243073
0.16 0 0.02 1.9970908788268116
0.16 0 0.03 0.8419059061790868
0.16 0 0.04 0.6971605051674459
0.16 0 0.05 0.5488280048018206
0.16 0 0.06 1.1752463018913506
0.16 0 0.07 1.383239360764476
0.16 0 0.08 1.1195023501677164
0.16 0 0.09 2.4124287079427114
0.16 0 0.1 1.8029401002395338
0.16 0 0.11 1.854539844289496
0.16 0 0.12 1.8436088175900174
0.16 0 0.13 1.0383501987228743
0.16 0 0.14 0.41874419862261464
0.16 0 0.15 0.29212338681100836
0.16 0 0.16 0.3263859930000948
0.16 0 0.17 0.36051753525254454
0.16 0 0.18 0.30591291904746076
0.16 0 0.19 0.6573913480796592
0.16 0 0.2 0.6682037690153264
0.16 0 0.21 1.0888113458624376
0.16 0 0.22 1.170046015338832
0.16 0 0.23 0.3805586850020886
0.16 0 0.24 0.4349832180926318
0.16 0 0.25 0.4240966699990345
0.16 0 0.26 0.46321123364855615
0.16 0 0.27 0.21427578964095262
0.16 0 0.28 0.11460754823498417
0.16 0 0.29 0.16066723115410417
0.16 0 0.3 0.14558653660482235
0.16 0 0.31 0.25495978973767786
0.16 0 0.32 0.13515686361225346
0.16 0 0.33 0.1108665912438814
0.16 0 0.34 0.17591864074787883
0.16 0 0.35000000000000003 0.09283484647079218
0.16 0 0.36 0.03796304473392706
0.16 0 0.37 0.024499396133804422
0.16 0 0.38 0.03645435697639904
0.16 0 0.39 0.07710729070650328
0.16 0 0.4 0.0990664167473398
0.16 0 0.41000000000000003 0.09218643931261945
0.16 0 0.42 0.054420254258779305
0.16 0 0.43 0.02865865361092405
0.16 0 0.44 0.028138242189096767
0.16 0 0.45 0.009457252748705446
0.16 0 0.46 0.010457532294847537
0.16 0 0.47000000000000003 0.012079125098613657
0.16 0 0.48 0.018127106661699092
0.16 0 0.49 0.03820702008979494
0.16 0 0.5 0.0317629445460016
0.17 0 0.0 9.842363127105857
0.17 0 0.01 4.62431647660318
0.17 0 0.02 3.4025412614117445
0.17 0 0.03 8.137194035570802
0.17 0 0.04 6.04534167813538
0.17 0 0.05 4.858429123345886
0.17 0 0.06 3.1325066612640176
0.17 0 0.07 4.593454823342352
0.17 0 0.08 3.2326819704075365
0.17 0 0.09 1.515672813306705
0.17 0 0.1 1.3117572355993297
0.17 0 0.11 0.9885288438845519
0.17 0 0.12 1.3015520715389448
0.17 0 0.13 1.4103638585679685
0.17 0 0.14 0.48940626212646127
0.17 0 0.15 0.3053351745106897
0.17 0 0.16 0.2951218425027289
0.17 0 0.17 0.25508352292880804
0.17 0 0.18 0.4513801670696834
0.17 0 0.19 0.7295383107505469
0.17 0 0.2 2.3140280796349746
0.17 0 0.21 2.520588240642761
0.17 0 0.22 2.79129683444926
0.17 0 0.23 1.985707853469302
0.17 0 0.24 0.8420727536141909
0.17 0 0.25 1.158811571480254
0.17 0 0.26 0.45972232074528313
0.17 0 0.27 0.26636404735770175
0.17 0 0.28 0.2518933834061535
0.17 0 0.29 0.20008225670891447
0.17 0 0.3 0.17119074370441406
0.17 0 0.31 0.07668089426695683
0.17 0 0.32 0.08444249127054429
0.17 0 0.33 0.05934718504752161
0.17 0 0.34 0.05517604519971429
0.17 0 0.35000000000000003 0.05787425026259611
0.17 0 0.36 0.03948165147206905
0.17 0 0.37 0.03428443298569293
0.17 0 0.38 0.04337552194655221
0.17 0 0.39 0.04111996661787174
0.17 0 0.4 0.07138491700679493
0.17 0 0.41000000000000003 0.04611212300807083
0.17 0 0.42 0.03275915072729997
0.17 0 0.43 0.026952374117569927
0.17 0 0.44 0.01754267963263458
0.17 0 0.45 0.01886217684336795
0.17 0 0.46 0.007722067727479422
0.17 0 0.47000000000000003 0.0046489227246112015
0.17 0 0.48 0.0027484866929012594
0.17 0 0.49 0.004154335387612165
0.17 0 0.5 0.009319676003123422
0.18 0 0.0 9.300504868067838
0.18 0 0.01 11.84449526807228
0.18 0 0.02 9.800343366224997
0.18 0 0.03 11.849598124007404
0.18 0 0.04 17.22955321762492
0.18 0 0.05 5.899554529496704
0.18 0 0.06 4.7692349150021185
0.18 0 0.07 3.589064697446606
0.18 0 0.08 2.833935071866196
0.18 0 0.09 2.14473607657858
0.18 0 0.1 1.9824294554521549
0.18 0 0.11 2.3726926596058657
0.18 0 0.12 3.7721177728787945
0.18 0 0.13 6.197909940448166
0.18 0 0.14 6.874464663882909
0.18 0 0.15 1.887862605360056
0.18 0 0.16 1.3175299555961122
0.18 0 0.17 0.9926864933040312
0.18 0 0.18 0.914231182647177
0.18 0 0.19 2.304716872021471
0.18 0 0.2 2.6064777163798776
0.18 0 0.21 4.851378579303427
0.18 0 0.22 7.121823913150751
0.18 0 0.23 9.693000338627176
0.18 0 0.24 7.0343591366287725
0.18 0 0.25 1.97391636335664
0.18 0 0.26 2.3661292893471315
0.18 0 0.27 1.5813790895274737
0.18 0 0.28 1.7976786033182552
0.18 0 0.29 1.4392458447479128
0.18 0 0.3 1.2084927797997953
0.18 0 0.31 1.992641709507597
0.18 0 0.32 1.5709611710549445
0.18 0 0.33 1.0092121830368912
0.18 0 0.34 0.7372593767866781
0.18 0 0.35000000000000003 0.4742293639244885
0.18 0 0.36 0.40388060474801496
0.18 0 0.37 0.29363249121133506
0.18 0 0.38 0.19753846096372082
0.18 0 0.39 0.1735905001537869
0.18 0 0.4 0.14751330265339166
0.18 0 0.41000000000000003 0.17654000423562075
0.18 0 0.42 0.0413329675542071
0.18 0 0.43 0.023757846873050725
0.18 0 0.44 0.033162083251168505
0.18 0 0.45 0.012915698302530868
0.18 0 0.46 0.008606845009634849
0.18 0 0.47000000000000003 0.005634262027269777
0.18 0 0.48 0.007417668626120354
0.18 0 0.49 0.0063169816487573865
0.18 0 0.5 0.0068487304824442
0.19 0 0.0 3.932098339903079
0.19 0 0.01 3.9179583464244394
0.19 0 0.02 6.296314879645426
0.19 0 0.03 6.301389734486538
0.19 0 0.04 9.001854279021424
0.19 0 0.05 7.803996393778046
0.19 0 0.06 2.550885085769902
0.19 0 0.07 2.1764815326885825
0.19 0 0.08 2.243334919181665
0.19 0 0.09 1.6762350708528
0.19 0 0.1 2.236705440168237
0.19 0 0.11 2.5851559284402748
0.19 0 0.12 3.9166981578776623
0.19 0 0.13 7.592289039420305
0.19 0 0.14 7.441334296745777
0.19 0 0.15 6.691098448580625
0.19 0 0.16 3.749254595166029
0.19 0 0.17 7.164483837596238
0.19 0 0.18 12.782266077603005
0.19 0 0.19 12.23387895579086
0.19 0 0.2 21.95840636748414
0.19 0 0.21 22.807847491571838
0.19 0 0.22 60.54862338389324
0.19 0 0.23 44.05211529930029
0.19 0 0.24 21.03301828562828
0.19 0 0.25 19.967459831364273
0.19 0 0.26 11.554600862354528
0.19 0 0.27 11.450182774024924
0.19 0 0.28 6.542109113105633
0.19 0 0.29 5.423472993617404
0.19 0 0.3 4.068580271164445
0.19 0 0.31 5.31782949757044
0.19 0 0.32 9.539479836376561
0.19 0 0.33 5.686284949080693
0.19 0 0.34 3.576133317839734
0.19 0 0.35000000000000003 5.617986168958714
0.19 0 0.36 2.6905615818054396
0.19 0 0.37 1.8811920719772908
0.19 0 0.38 1.885405880879052
0.19 0 0.39 1.2114764975965
0.19 0 0.4 0.7076032051404141
0.19 0 0.41000000000000003 0.44866351981467617
0.19 0 0.42 0.5391731241571202
0.19 0 0.43 0.14728303927794992
0.19 0 0.44 0.06299319998560296
0.19 0 0.45 0.0659916383634172
0.19 0 0.46 0.03181871359335258
0.19 0 0.47000000000000003 0.048214396258128206
0.19 0 0.48 0.027896257086357318
0.19 0 0.49 0.018194700581808818
0.19 0 0.5 0.009643839190722125
0.2 0 0.0 0.767483019151235
0.2 0 0.01 2.4374523701015645
0.2 0 0.02 3.2698498156559572
0.2 0 0.03 4.764247369581505
0.2 0 0.04 5.969336150024607
0.2 0 0.05 8.086259475000379
0.2 0 0.06 9.110899387796705
0.2 0 0.07 6.1945256238003035
0.2 0 0.08 5.6264612745914855
0.2 0 0.09 7.058558227397684
0.2 0 0.1 5.9584363440272075
0.2 0 0.11 7.589558500554006
0.2 0 0.12 5.51557684791735
0.2 0 0.13 4.749967248945531
0.2 0 0.14 3.6897302121732203
0.2 0 0.15 1.8120186662904494
0.2 0 0.16 3.1834833069536863
0.2 0 0.17 2.762969439445634
0.2 0 0.18 2.8946295884659703
0.2 0 0.19 5.0253060660751165
0.2 0 0.2 5.525566533292461
0.2 0 0.21 6.952920866597062
0.2 0 0.22 3.61570398655258
0.2 0 0.23 5.620670613516131
0.2 0 0.24 2.6892321635681617
0.2 0 0.25 2.138382731244538
0.2 0 0.26 4.537418552679334
0.2 0 0.27 3.548414750853932
0.2 0 0.28 2.733928103592624
0.2 0 0.29 2.6816550923712685
0.2 0 0.3 1.8664318722099713
0.2 0 0.31 1.2738935611259719
0.2 0 0.32 1.544295591206463
0.2 0 0.33 2.7910708522109817
0.2 0 0.34 1.751134166647379
0.2 0 0.35000000000000003 1.206410951808203
0.2 0 0.36 2.652207437197304
0.2 0 0.37 1.9871974557363585
0.2 0 0.38 1.4918308256971515
0.2 0 0.39 1.1068479302833691
0.2 0 0.4 0.749604703808399
0.2 0 0.41000000000000003 1.350716976180817
0.2 0 0.42 0.9824279764847856
0.2 0 0.43 0.7295372819743265
0.2 0 0.44 0.1637427496244963
0.2 0 0.45 0.07685171587852203
0.2 0 0.46 0.07911554946343537
0.2 0 0.47000000000000003 0.03557740362861999
0.2 0 0.48 0.02537858816253126
0.2 0 0.49 0.013100802794094523
0.2 0 0.5 0.024116973310996857
0.21 0 0.0 1.180439675996969
0.21 0 0.01 1.0094913809270518
0.21 0 0.02 0.8487166847995731
0.21 0 0.03 0.5978216715208714
0.21 0 0.04 1.2121176099039999
0.21 0 0.05 3.628084544504986
0.21 0 0.06 4.632223304283113
0.21 0 0.07 5.720291038359293
0.21 0 0.08 2.863172976381091
0.21 0 0.09 1.0472068860169756
0.21 0 0.1 1.039785831647999
0.21 0 0.11 0.7831088588962599
0.21 0 0.12 0.5769573672391721
0.21 0 0.13 0.5189676333629845
0.21 0 0.14 0.8783846374022085
0.21 0 0.15 0.9833391361418587
0.21 0 0.16 0.2977441413306624
0.21 0 0.17 0.39922529099636045
0.21 0 0.18 0.20304328281390488
0.21 0 0.19 0.20038723419088755
0.21 0 0.2 0.4913754050978963
0.21 0 0.21 0.6806895015925746
0.21 0 0.22 0.9159626892566071
0.21 0 0.23 0.8974169307579273
0.21 0 0.24 1.7172578268816252
0.21 0 0.25 0.954387109495592
0.21 0 0.26 0.6080580579079508
0.21 0 0.27 0.9178593164929043
0.21 0 0.28 0.6403907000258957
0.21 0 0.29 0.4509921557539892
0.21 0 0.3 0.4942132899188238
0.21 0 0.31 0.47590099758828847
0.21 0 0.32 0.6909514153852461
0.21 0 0.33 0.7154090305197603
0.21 0 0.34 0.8421164320414579
0.21 0 0.35000000000000003 0.9531053955291836
0.21 0 0.36 0.7001187848728385
0.21 0 0.37 0.8552072409419444
0.21 0 0.38 0.43406023558500606
0.21 0 0.39 0.3329000712233085
0.21 0 0.4 0.33569028045086985
0.21 0 0.41000000000000003 0.34761460835511027
0.21 0 0.42 0.6494815756347952
0.21 0 0.43 0.2862123058086901
0.21 0 0.44 0.44040214149621987
0.21 0 0.45 0.34302923838609833
0.21 0 0.46 0.17960526035828994
0.21 0 0.47000000000000003 0.1359091040933626
0.21 0 0.48 0.11922219472328414
0.21 0 0.49 0.1278127510143425
0.21 0 0.5 0.09807904170174024
0.22 0 0.0 0.2527097679427722
0.22 0 0.01 0.26845051620174754
0.22 0 0.02 0.26407524319230086
0.22 0 0.03 0.26282780044947446
0.22 0 0.04 0.3697469709772606
0.22 0 0.05 0.9158834986950344
0.22 0 0.06 1.1728932396591145
0.22 0 0.07 0.4919868304582762
0.22 0 0.08 0.4691299556568311
0.22 0 0.09 0.3126211547299179
0.22 0 0.1 0.13156461575871
0.22 0 0.11 0.2610355276253693
0.22 0 0.12 0.3320944132382564
0.22 0 0.13 0.45865237839845613
0.22 0 0.14 0.6215573220370121
0.22 0 0.15 0.7103809963793244
0.22 0 0.16 0.5102188648535826
0.22 0 0.17 0.1481881196631262
0.22 0 0.18 0.28511682366022345
0.22 0 0.19 0.26339431037633626
0.22 0 0.2 0.3840322677702916
0.22 0 0.21 0.6061154845431296
0.22 0 0.22 0.5510441837555711
0.22 0 0.23 0.6235300086283782
0.22 0 0.24 0.47151414588482154
0.22 0 0.25 0.43992436922115163
0.22 0 0.26 0.3514528023172236
0.22 0 0.27 0.2302877634467888
0.22 0 0.28 0.343316364650229
0.22 0 0.29 0.507818468470277
0.22 0 0.3 0.6672468838130994
0.22 0 0.31 0.6538811297906167
0.22 0 0.32 0.5148205726483199
0.22 0 0.33 0.6904957606223138
0.22 0 0.34 0.4723790705338323
0.22 0 0.35000000000000003 0.32616901139473575
0.22 0 0.36 0.3362277372898497
0.22 0 0.37 0.1331522689349543
0.22 0 0.38 0.2801067066269475
0.22 0 0.39 0.47666636644625554
0.22 0 0.4 0.7139678671296634
0.22 0 0.41000000000000003 0.5925605779695149
0.22 0 0.42 0.6697771511483869
0.22 0 0.43 1.3102396382819865
0.22 0 0.44 0.6461814451595288
0.22 0 0.45 0.7495729491432939
0.22 0 0.46 0.5883442063944705
0.22 0 0.47000000000000003 0.44299120459073266
0.22 0 0.48 0.7733659156855899
0.22 0 0.49 0.846516227355503
0.22 0 0.5 0.7600228275936155
0.23 0 0.0 0.685001451110028
0.23 0 0.01 0.3514021425163913
0.23 0 0.02 0.7617557421175866
0.23 0 0.03 1.3415646525431277
0.23 0 0.04 1.2271608356231307
0.23 0 0.05 1.1810682671998076
0.23 0 0.06 1.3277674389169507
0.23 0 0.07 1.2642368549201657
0.23 0 0.08 0.7297740829573527
0.23 0 0.09 0.9193140907481016
0.23 0 0.1 1.3588784662313802
0.23 0 0.11 0.9978262605135423
0.23 0 0.12 2.195753436036873
0.23 0 0.13 1.6505971084838935
0.23 0 0.14 2.177376429913328
0.23 0 0.15 1.6291154026145045
0.23 0 0.16 1.118696570169877
0.23 0 0.17 1.2943258268123887
0.23 0 0.18 0.8614325271030793
0.23 0 0.19 1.3216913902232241
0.23 0 0.2 1.0232851031024743
0.23 0 0.21 0.6388936830275558
0.23 0 0.22 0.3972188370129906
0.23 0 0.23 0.3372756560229193
0.23 0 0.24 0.6703514557932507
0.23 0 0.25 0.544677845102686
0.23 0 0.26 0.4494904667502435
0.23 0 0.27 0.5658137041562439
0.23 0 0.28 0.39849812665297735
0.23 0 0.29 0.43280479772211006
0.23 0 0.3 0.585989597679483
0.23 0 0.31 0.4763618531306898
0.23 0 0.32 0.7339735865007224
0.23 0 0.33 1.431938854492393
0.23 0 0.34 3.664785015379112
0.23 0 0.35000000000000003 2.2153074091708165
0.23 0 0.36 1.278421887140247
0.23 0 0.37 1.4387713649225138
0.23 0 0.38 0.6289960670955321
0.23 0 0.39 1.0906563408040613
0.23 0 0.4 0.7880527220567326
0.23 0 0.41000000000000003 0.6806290075472384
0.23 0 0.42 0.7330730331726156
0.23 0 0.43 0.7736289753914942
0.23 0 0.44 0.8653215824983803
0.23 0 0.45 0.5043765517288326
0.23 0 0.46 0.5247880082390525
0.23 0 0.47000000000000003 0.3968530758506588
0.23 0 0.48 0.29906012012096567
0.23 0 0.49 0.47682771362312504
0.23 0 0.5 0.34173834756817506
0.24 0 0.0 0.46915664115403244
0.24 0 0.01 0.5354079892566908
0.24 0 0.02 0.4919826044834226
0.24 0 0.03 0.7883325775343958
0.24 0 0.04 0.9972471525790794
0.24 0 0.05 1.0270294041315562
0.24 0 0.06 1.2903139078905919
0.24 0 0.07 0.8579530228874788
0.24 0 0.08 1.2674341638920343
0.24 0 0.09 1.0380371406429483
0.24 0 0.1 1.057386418477985
0.24 0 0.11 1.7188753962366168
0.24 0 0.12 1.6472710958585743
0.24 0 0.13 2.9867989074044297
0.24 0 0.14 1.9950133256389626
0.24 0 0.15 2.431664777414406
0.24 0 0.16 1.2681242551962821
0.24 0 0.17 0.8298701072991201
0.24 0 0.18 1.362815490761481
0.24 0 0.19 0.7647044265918058
0.24 0 0.2 0.6440570887092905
0.24 0 0.21 0.6892849360181937
0.24 0 0.22 0.6018079739097334
0.24 0 0.23 0.5168892087856812
0.24 0 0.24 0.43895913299304956
0.24 0 0.25 0.5053514803288702
0.24 0 0.26 0.3557721526447847
0.24 0 0.27 0.3793023828878731
0.24 0 0.28 0.712982148665017
0.24 0 0.29 0.7227270741209966
0.24 0 0.3 1.26173943370363
0.24 0 0.31 2.9364669413732516
0.24 0 0.32 2.74989937345846
0.24 0 0.33 5.961720980427788
0.24 0 0.34 4.823347290525132
0.24 0 0.35000000000000003 5.107139013325532
0.24 0 0.36 2.871970566058553
0.24 0 0.37 1.891203353233482
0.24 0 0.38 1.268886598402892
0.24 0 0.39 0.43190742006667754
0.24 0 0.4 0.44367872341672376
0.24 0 0.41000000000000003 0.20880391801377232
0.24 0 0.42 0.16943861089787096
0.24 0 0.43 0.2789563650497945
0.24 0 0.44 0.2460259331708304
0.24 0 0.45 0.28944886748964294
0.24 0 0.46 0.22672773166332813
0.24 0 0.47000000000000003 0.17063575415899948
0.24 0 0.48 0.10744817090558569
0.24 0 0.49 0.0825928521116027
0.24 0 0.5 0.08703814032686391
0.25 0 0.0 0.5319947238297358
0.25 0 0.01 0.3195298973469566
0.25 0 0.02 0.28897959471909496
0.25 0 0.03 0.24765476399171915
0.25 0 0.04 0.2525031490048768
0.25 0 0.05 0.27589787025767526
0.25 0 0.06 0.3127225040778764
0.25 0 0.07 0.48590509685594485
0.25 0 0.08 0.2704950652240952
0.25 0 0.09 0.4463331139389827
0.25 0 0.1 0.2647296675449683
0.25 0 0.11 0.2971881525983788
0.25 0 0.12 0.7930180852885396
0.25 0 0.13 0.8097200203662352
0.25 0 0.14 0.9027454733353812
0.25 0 0.15 0.7452648207257747
0.25 0 0.16 1.1530317754204313
0.25 0 0.17 0.921094790685227
0.25 0 0.18 0.5928435632439067
0.25 0 0.19 0.8789063017689592
0.25 0 0.2 0.8376105481419874
0.25 0 0.21 2.0208387293077594
0.25 0 0.22 3.3980850002958096
0.25 0 0.23 2.293009936178642
0.25 0 0.24 1.8703754588134682
0.25 0 0.25 1.5413679733186658
0.25 0 0.26 0.9695148252933301
0.25 0 0.27 0.8029464717613958
0.25 0 0.28 0.534633455951193
0.25 0 0.29 0.6082201699706417
0.25 0 0.3 0.473612043636371
0.25 0 0.31 0.7215593640837732
0.25 0 0.32 0.8415208583986002
0.25 0 0.33 0.5763497100612426
0.25 0 0.34 1.6752971411467805
0.25 0 0.35000000000000003 1.9021387312124929
0.25 0 0.36 4.139626047811658
0.25 0 0.37 6.585477577736675
0.25 0 0.38 4.921333321764408
0.25 0 0.39 2.5634086585998066
0.25 0 0.4 0.8329714149659581
0.25 0 0.41000000000000003 0.7374218275383775
0.25 0 0.42 0.45315771716827336
0.25 0 0.43 0.4715307796960235
0.25 0 0.44 0.6982072963763927
0.25 0 0.45 0.4857894468536633
0.25 0 0.46 0.4724418144749339
0.25 0 0.47000000000000003 0.2989743159978965
0.25 0 0.48 0.12856841467528035
0.25 0 0.49 0.06323692580341939
0.25 0 0.5 0.03518819703472038
0.26 0 0.0 0.3415130457823314
0.26 0 0.01 0.349219973184784
0.26 0 0.02 0.2213942076572361
0.26 0 0.03 0.3554597192572251
0.26 0 0.04 0.21804989837157085
0.26 0 0.05 0.1960410370319323
0.26 0 0.06 0.2769637198655351
0.26 0 0.07 0.26630797497264813
0.26 0 0.08 0.19370774854735898
0.26 0 0.09 0.06443160083347782
0.26 0 0.1 0.08771207379083588
0.26 0 0.11 0.06263610515397153
0.26 0 0.12 0.05633076802959271
0.26 0 0.13 0.06676719783534676
0.26 0 0.14 0.04458443023050703
0.26 0 0.15 0.12310966428116278
0.26 0 0.16 0.22638478664238001
0.26 0 0.17 0.27117421113413737
0.26 0 0.18 0.2638762639851849
0.26 0 0.19 0.2879507762915732
0.26 0 0.2 0.4277780213600138
0.26 0 0.21 0.4613604946120187
0.26 0 0.22 0.8230984960141827
0.26 0 0.23 1.1889039675691346
0.26 0 0.24 1.2044233037531866
0.26 0 0.25 2.4998213598208494
0.26 0 0.26 3.029995934060868
0.26 0 0.27 1.7456089421673275
0.26 0 0.28 1.8018767636068616
0.26 0 0.29 0.7201304180840586
0.26 0 0.3 0.656312248815328
0.26 0 0.31 0.5608291754824981
0.26 0 0.32 1.0161559761635912
0.26 0 0.33 1.5099838816622622
0.26 0 0.34 1.7313155986977233
0.26 0 0.35000000000000003 6.243339996435652
0.26 0 0.36 8.096886747742662
0.26 0 0.37 11.405756390965033
0.26 0 0.38 8.90554456108406
0.26 0 0.39 4.499978180228583
0.26 0 0.4 4.672252881810648
0.26 0 0.41000000000000003 2.6470618197021634
0.26 0 0.42 2.649619391128171
0.26 0 0.43 1.7535543871139996
0.26 0 0.44 0.9147766718835634
0.26 0 0.45 0.5491746602921121
0.26 0 0.46 0.41145329546646864
0.26 0 0.47000000000000003 0.32397912641318133
0.26 0 0.48 0.2472533899719556
0.26 0 0.49 0.22710368073321527
0.26 0 0.5 0.4313491796378732
0.27 0 0.0 0.6750245794376755
0.27 0 0.01 0.9495837935487838
0.27 0 0.02 1.0225883235221989
0.27 0 0.03 0.517122922587151
0.27 0 0.04 0.7568624502975109
0.27 0 0.05 0.3825009554612323
0.27 0 0.06 0.32907027286737667
0.27 0 0.07 0.18603079310980608
0.27 0 0.08 0.05246284330698478
0.27 0 0.09 0.043633051638602954
0.27 0 0.1 0.030587980599088724
0.27 0 0.11 0.031593393617259755
0.27 0 0.12 0.022316674491098754
0.27 0 0.13 0.03358676900492031
0.27 0 0.14 0.07054534926886218
0.27 0 0.15 0.05671080222773097
0.27 0 0.16 0.1220404216236112
0.27 0 0.17 0.13248837377305842
0.27 0 0.18 0.132440229473333
0.27 0 0.19 0.17752271498780423
0.27 0 0.2 0.21149154267343645
0.27 0 0.21 0.273113784274343
0.27 0 0.22 0.538910282053296
0.27 0 0.23 0.9386814847702212
0.27 0 0.24 1.9030065204003435
0.27 0 0.25 2.220781874926487
0.27 0 0.26 5.348277250642874
0.27 0 0.27 5.927152823712106
0.27 0 0.28 3.5232164647039013
0.27 0 0.29 3.7437051192723323
0.27 0 0.3 2.3547005406748625
0.27 0 0.31 3.6343518523586735
0.27 0 0.32 2.2465170225261133
0.27 0 0.33 1.8652337947250348
0.27 0 0.34 3.352650184835365
0.27 0 0.35000000000000003 2.9550536144054473
0.27 0 0.36 3.9519240195011522
0.27 0 0.37 2.8071187923133496
0.27 0 0.38 3.3397883101405457
0.27 0 0.39 3.2035352930952463
0.27 0 0.4 3.906098093402354
0.27 0 0.41000000000000003 6.1679681533505955
0.27 0 0.42 2.898547917529422
0.27 0 0.43 2.6879926733300117
0.27 0 0.44 3.7466243990085446
0.27 0 0.45 1.7562144222314628
0.27 0 0.46 1.018795694273718
0.27 0 0.47000000000000003 1.2600768452457347
0.27 0 0.48 1.3847607988747002
0.27 0 0.49 1.7927356938173027
0.27 0 0.5 1.8253848511733608
0.28 0 0.0 1.0061767066876637
0.28 0 0.01 0.7082987741845866
0.28 0 0.02 0.3992719542216314
0.28 0 0.03 0.40459976620780475
0.28 0 0.04 0.4282671590652902
0.28 0 0.05 0.5545280046942371
0.28 0 0.06 0.16284360409999768
0.28 0 0.07 0.1292705898996593
0.28 0 0.08 0.13169621484758934
0.28 0 0.09 0.05302062514007257
0.28 0 0.1 0.05055548589457059
0.28 0 0.11 0.031509648993615885
0.28 0 0.12 0.056253600189897876
0.28 0 0.13 0.10342404247748486
0.28 0 0.14 0.17768666679317657
0.28 0 0.15 0.23550317628984405
0.28 0 0.16 0.21351848632053025
0.28 0 0.17 0.3935955945731475
0.28 0 0.18 0.5455435595019897
0.28 0 0.19 0.5821967738787577
0.28 0 0.2 0.9152452468526378
0.28 0 0.21 1.1197664294417993
0.28 0 0.22 1.274980471450062
0.28 0 0.23 1.0851966920346185
0.28 0 0.24 0.60068587300905
0.28 0 0.25 1.124474950924433
0.28 0 0.26 0.8390990293126691
0.28 0 0.27 1.0607289029124025
0.28 0 0.28 2.371321940631448
0.28 0 0.29 5.197027282860677
0.28 0 0.3 9.388045249887806
0.28 0 0.31 5.883390844408778
0.28 0 0.32 7.4563022705367885
0.28 0 0.33 3.7147931214464656
0.28 0 0.34 3.339378682621028
0.28 0 0.35000000000000003 7.3349568183776155
0.28 0 0.36 3.848437006724929
0.28 0 0.37 3.9715493789194705
0.28 0 0.38 4.586740785346121
0.28 0 0.39 4.1371160871055
0.28 0 0.4 1.3872290025127239
0.28 0 0.41000000000000003 0.6667157186107557
0.28 0 0.42 0.5297008957894394
0.28 0 0.43 0.35971957725844284
0.28 0 0.44 0.5425091534027349
0.28 0 0.45 1.8991131133093466
0.28 0 0.46 1.6450945090173699
0.28 0 0.47000000000000003 2.358993033291825
0.28 0 0.48 4.361034717672363
0.28 0 0.49 6.4751081545816325
0.28 0 0.5 10.241377182446605
0.29 0 0.0 0.11722459412397705
0.29 0 0.01 0.10390065316984015
0.29 0 0.02 0.11361427277001866
0.29 0 0.03 0.13903275227511908
0.29 0 0.04 0.21674038956732422
0.29 0 0.05 0.1387290514197827
0.29 0 0.06 0.197424058621656
0.29 0 0.07 0.18089366019009392
0.29 0 0.08 0.2592999021457328
0.29 0 0.09 0.2558458171117644
0.29 0 0.1 0.1117386993150831
0.29 0 0.11 0.1120005259299297
0.29 0 0.12 0.07103041565435882
0.29 0 0.13 0.09520179182718519
0.29 0 0.14 0.08138605822948304
0.29 0 0.15 0.06817842645558764
0.29 0 0.16 0.10467174359619665
0.29 0 0.17 0.12221657585195851
0.29 0 0.18 0.12952465689225476
0.29 0 0.19 0.31363927559406557
0.29 0 0.2 0.3995861020685671
0.29 0 0.21 0.4148436402327149
0.29 0 0.22 0.41363612564775765
0.29 0 0.23 0.9735484096251258
0.29 0 0.24 1.326128191562869
0.29 0 0.25 0.7968233434784764
0.29 0 0.26 1.765805972709705
0.29 0 0.27 1.5262023375232607
0.29 0 0.28 1.9322541702000777
0.29 0 0.29 3.534309877555145
0.29 0 0.3 1.9980999304283211
0.29 0 0.31 1.2444083810735067
0.29 0 0.32 0.6247235178713102
0.29 0 0.33 0.776692492474014
0.29 0 0.34 0.2710205441933908
0.29 0 0.35000000000000003 0.1960093701483421
0.29 0 0.36 0.4244335851674011
0.29 0 0.37 0.39882593353481705
0.29 0 0.38 0.46701921516590533
0.29 0 0.39 0.5915677466023307
0.29 0 0.4 0.6417021833283398
0.29 0 0.41000000000000003 0.7182462905707322
0.29 0 0.42 0.7167000761116059
0.29 0 0.43 1.1276641868958077
0.29 0 0.44 2.363456355171782
0.29 0 0.45 4.218616849445801
0.29 0 0.46 9.795105204129227
0.29 0 0.47000000000000003 7.132750720057505
0.29 0 0.48 8.99352258408658
0.29 0 0.49 12.227390212590816
0.29 0 0.5 15.904934998848098
0.3 0 0.0 0.16220557072610267
0.3 0 0.01 0.0683765207113143
0.3 0 0.02 0.058576449798296966
0.3 0 0.03 0.042119765332492266
0.3 0 0.04 0.034541763570775104
0.3 0 0.05 0.05184662322542267
0.3 0 0.06 0.029848531516429494
0.3 0 0.07 0.06347451473343944
0.3 0 0.08 0.06058935164112561
0.3 0 0.09 0.06638033703545486
0.3 0 0.1 0.09774703354335772
0.3 0 0.11 0.07967897722442632
0.3 0 0.12 0.04286023927625373
0.3 0 0.13 0.024985407795828585
0.3 0 0.14 0.0323480092380708
0.3 0 0.15 0.023483624885333468
0.3 0 0.16 0.012896856984327567
0.3 0 0.17 0.03378669345841431
0.3 0 0.18 0.06675020971763108
0.3 0 0.19 0.056205696386342444
0.3 0 0.2 0.08436136222599636
0.3 0 0.21 0.06364350610461128
0.3 0 0.22 0.08078919137121358
0.3 0 0.23 0.1285040534899846
0.3 0 0.24 0.19484825528702854
0.3 0 0.25 0.20006209562389268
0.3 0 0.26 0.1736483769561886
0.3 0 0.27 0.6967028822383039
0.3 0 0.28 0.5405935778170463
0.3 0 0.29 0.3887580532375602
0.3 0 0.3 0.5143301013102086
0.3 0 0.31 0.5745668541864143
0.3 0 0.32 0.9873685183506011
0.3 0 0.33 0.5710161218340137
0.3 0 0.34 0.5641194651882903
0.3 0 0.35000000000000003 0.4472669211458347
0.3 0 0.36 0.445279358759406
0.3 0 0.37 0.504322270250712
0.3 0 0.38 0.39602550030526557
0.3 0 0.39 0.36358670812320765
0.3 0 0.4 0.47175922248967866
0.3 0 0.41000000000000003 0.6358684417269834
0.3 0 0.42 1.3294147663456501
0.3 0 0.43 1.1607904813822318
0.3 0 0.44 1.642952275772373
0.3 0 0.45 2.8196789744797806
0.3 0 0.46 2.115111548672901
0.3 0 0.47000000000000003 3.8164964015119436
0.3 0 0.48 4.648259060267715
0.3 0 0.49 5.737695649998655
0.3 0 0.5 7.437656055453334
#STOP
