#MEDIUM_PROPERTIES_DISTRIBUTED
$MSH_TYPE
	 GROUNDWATER_FLOW	
$MMP_TYPE
	 PERMEABILITY	
$DIS_TYPE
	 NEAREST_VALUE	
;hj
$CONVERSION_FACTOR
2e-8;2e-6;2e-13
$DATA
0.0 0 0.0 0.005997376028708237
0.0 0 0.01 0.002220485437329627
0.0 0 0.02 0.0017471574906708345
0.0 0 0.03 0.0018860118246926114
0.0 0 0.04 0.0012877848472144136
0.0 0 0.05 0.00098938330698994
0.0 0 0.06 0.0006984231303528089
0.0 0 0.07 0.00046354432663911694
0.0 0 0.08 0.00036324803515740817
0.0 0 0.09 0.00027915039616318617
0.0 0 0.1 0.0002482951884701552
0.0 0 0.11 0.00017967158529111406
0.0 0 0.12 0.00039028105573979307
0.0 0 0.13 0.0003124995185292626
0.0 0 0.14 0.0003011775334719493
0.0 0 0.15 0.0002825093091000089
0.0 0 0.16 0.0001825221539327807
0.0 0 0.17 0.0001969741221771941
0.0 0 0.18 0.00011217914132444759
0.0 0 0.19 0.00016522584497916812
0.0 0 0.2 0.00010168331091038324
0.0 0 0.21 9.469796195594473e-05
0.0 0 0.22 0.00013333387215311762
0.0 0 0.23 9.046457392476715e-05
0.0 0 0.24 0.00020905335541065968
0.0 0 0.25 0.0002472918646972914
0.0 0 0.26 0.0001937795641449786
0.0 0 0.27 0.00044125073131270995
0.0 0 0.28 0.0005837135763229354
0.0 0 0.29 0.0008057978475933371
0.0 0 0.3 0.0015997617393197134
0.0 0 0.31 0.002335657241170465
0.0 0 0.32 0.0031882775855050834
0.0 0 0.33 0.006892047407070246
0.0 0 0.34 0.013318856968706425
0.0 0 0.35000000000000003 0.006758168470715725
0.0 0 0.36 0.013072829473543502
0.0 0 0.37 0.013708918743658436
0.0 0 0.38 0.007246974579959482
0.0 0 0.39 0.016078088882655453
0.0 0 0.4 0.01284775418436739
0.0 0 0.41000000000000003 0.01093093647860437
0.0 0 0.42 0.012683026725369912
0.0 0 0.43 0.007940435249236816
0.0 0 0.44 0.007762054750381369
0.0 0 0.45 0.014613886949965052
0.0 0 0.46 0.018236935288499984
0.0 0 0.47000000000000003 0.02296494992808955
0.0 0 0.48 0.03289962565231614
0.0 0 0.49 0.058518677660791434
0.0 0 0.5 0.030403170020060603
0.01 0 0.0 0.0024811509696687183
0.01 0 0.01 0.002896788617428703
0.01 0 0.02 0.005383817826128185
0.01 0 0.03 0.0023604890805157476
0.01 0 0.04 0.003161421586977855
0.01 0 0.05 0.0025519970672994757
0.01 0 0.06 0.0006743684406427647
0.01 0 0.07 0.00036204287276167817
0.01 0 0.08 0.0005630284184617407
0.01 0 0.09 0.0003579140606729886
0.01 0 0.1 0.0001924230848586367
0.01 0 0.11 0.00035713345152999556
0.01 0 0.12 0.00022677335186821097
0.01 0 0.13 0.00019243640767223227
0.01 0 0.14 0.0002629176660968233
0.01 0 0.15 0.00013082648306231295
0.01 0 0.16 0.00014582539554644725
0.01 0 0.17 0.00025341872190960695
0.01 0 0.18 0.00019877080064486196
0.01 0 0.19 0.00022816238308736393
0.01 0 0.2 0.00013513517860928555
0.01 0 0.21 0.0001416284400564399
0.01 0 0.22 0.0001298137854518223
0.01 0 0.23 0.00011401865968189783
0.01 0 0.24 0.0001842137828791227
0.01 0 0.25 0.00011078058917970148
0.01 0 0.26 0.00019495985622942317
0.01 0 0.27 0.00013356798976345145
0.01 0 0.28 0.00015241408110203215
0.01 0 0.29 0.00024839731392924065
0.01 0 0.3 0.0002914835146255914
0.01 0 0.31 0.0004541935859457796
0.01 0 0.32 0.0004458559630348458
0.01 0 0.33 0.0012595069300783582
0.01 0 0.34 0.0012134140218577943
0.01 0 0.35000000000000003 0.0013422739857888524
0.01 0 0.36 0.0017668400904205504
0.01 0 0.37 0.001825376051950805
0.01 0 0.38 0.00288049791864521
0.01 0 0.39 0.003286815636136134
0.01 0 0.4 0.0031937927379741982
0.01 0 0.41000000000000003 0.004527770094752811
0.01 0 0.42 0.0031903884889906277
0.01 0 0.43 0.0025799350135426082
0.01 0 0.44 0.004244679404450507
0.01 0 0.45 0.0019172235383884697
0.01 0 0.46 0.0025116041289242694
0.01 0 0.47000000000000003 0.0022897121846166034
0.01 0 0.48 0.001713190247792371
0.01 0 0.49 0.0017235492740257264
0.01 0 0.5 0.0022798973847126757
0.02 0 0.0 0.0003611401231935607
0.02 0 0.01 0.000801903436710857
0.02 0 0.02 0.0003327626010965116
0.02 0 0.03 0.00048100968244229133
0.02 0 0.04 0.0009721767237024822
0.02 0 0.05 0.0011303729059057716
0.02 0 0.06 0.0012024462007279716
0.02 0 0.07 0.002575401184594139
0.02 0 0.08 0.0019780158415802487
0.02 0 0.09 0.0010061793774758761
0.02 0 0.1 0.0007107057861306825
0.02 0 0.11 0.00035625469529329453
0.02 0 0.12 0.00020163463357203047
0.02 0 0.13 0.0004702968674440968
0.02 0 0.14 0.0007229180822009701
0.02 0 0.15 0.0005370490311881116
0.02 0 0.16 0.001069417671751791
0.02 0 0.17 0.0007855112213350115
0.02 0 0.18 0.0015132427159757456
0.02 0 0.19 0.0010269183953545164
0.02 0 0.2 0.0008715664685373418
0.02 0 0.21 0.002236227775047368
0.02 0 0.22 0.0023607232755547673
0.02 0 0.23 0.004757052897280251
0.02 0 0.24 0.0033516459192990925
0.02 0 0.25 0.0027078753051860732
0.02 0 0.26 0.002266531668218303
0.02 0 0.27 0.0021194967565214685
0.02 0 0.28 0.0017357225987956692
0.02 0 0.29 0.0016287969450341556
0.02 0 0.3 0.0027621566255748254
0.02 0 0.31 0.0012494879522285402
0.02 0 0.32 0.001090391425662971
0.02 0 0.33 0.0017348896364005166
0.02 0 0.34 0.0007234036303646037
0.02 0 0.35000000000000003 0.0009124836430065762
0.02 0 0.36 0.0017262641375373174
0.02 0 0.37 0.0009142356359948952
0.02 0 0.38 0.001469155869662764
0.02 0 0.39 0.002465976251186385
0.02 0 0.4 0.002498515320249757
0.02 0 0.41000000000000003 0.00190331420275584
0.02 0 0.42 0.0029605606249561178
0.02 0 0.43 0.0052275317411623464
0.02 0 0.44 0.0029292899804443215
0.02 0 0.45 0.0036569100035836323
0.02 0 0.46 0.004020663826584038
0.02 0 0.47000000000000003 0.0034692081124259714
0.02 0 0.48 0.004182296012289161
0.02 0 0.49 0.004607066571333701
0.02 0 0.5 0.0065193819422272115
0.03 0 0.0 0.0038600365102032645
0.03 0 0.01 0.003987712307845696
0.03 0 0.02 0.004819245420384847
0.03 0 0.03 0.007407132423379551
0.03 0 0.04 0.0075357861572688135
0.03 0 0.05 0.006066242970692691
0.03 0 0.06 0.006298090166691973
0.03 0 0.07 0.0058195309783022784
0.03 0 0.08 0.003578554381840689
0.03 0 0.09 0.0026193421336892023
0.03 0 0.1 0.005536091654551986
0.03 0 0.11 0.002788428648678256
0.03 0 0.12 0.002389602802453685
0.03 0 0.13 0.004553575626035102
0.03 0 0.14 0.0020392898023897646
0.03 0 0.15 0.0014164792776146112
0.03 0 0.16 0.001007743537499196
0.03 0 0.17 0.001120651317619233
0.03 0 0.18 0.0015058936509474066
0.03 0 0.19 0.001502985194072433
0.03 0 0.2 0.001681385928330913
0.03 0 0.21 0.0011958535503183913
0.03 0 0.22 0.0015937482060416166
0.03 0 0.23 0.0019154234620067847
0.03 0 0.24 0.0007636860822735435
0.03 0 0.25 0.0008970501286924285
0.03 0 0.26 0.000772148196538848
0.03 0 0.27 0.000620126117468714
0.03 0 0.28 0.000777208503476652
0.03 0 0.29 0.0007068343586492399
0.03 0 0.3 0.0005339440823405855
0.03 0 0.31 0.00046162479268563783
0.03 0 0.32 0.0016624217865910276
0.03 0 0.33 0.0006008512583642649
0.03 0 0.34 0.0005248769020000015
0.03 0 0.35000000000000003 0.0016014834779309193
0.03 0 0.36 0.00048152012007571303
0.03 0 0.37 0.000392720776139505
0.03 0 0.38 0.0007218741140734555
0.03 0 0.39 0.0008737025007227296
0.03 0 0.4 0.00090693367103733
0.03 0 0.41000000000000003 0.001737599895402611
0.03 0 0.42 0.0019167001661940322
0.03 0 0.43 0.0017293193053047654
0.03 0 0.44 0.001687038040723501
0.03 0 0.45 0.0017687705094016808
0.03 0 0.46 0.0017356638153102296
0.03 0 0.47000000000000003 0.0023832559346671865
0.03 0 0.48 0.003631162297387166
0.03 0 0.49 0.0043905234532773596
0.03 0 0.5 0.00585095232024743
0.04 0 0.0 0.023044936253190238
0.04 0 0.01 0.014930737449182678
0.04 0 0.02 0.030924659754966936
0.04 0 0.03 0.030049894657304912
0.04 0 0.04 0.018848402004756737
0.04 0 0.05 0.009398941449382149
0.04 0 0.06 0.007414756840291807
0.04 0 0.07 0.004307365287770384
0.04 0 0.08 0.0016776014338197973
0.04 0 0.09 0.0036754235860905634
0.04 0 0.1 0.0035625830728377625
0.04 0 0.11 0.003080748733559894
0.04 0 0.12 0.0069911552297800645
0.04 0 0.13 0.005796109150614239
0.04 0 0.14 0.0032059153305994395
0.04 0 0.15 0.00513715959135708
0.04 0 0.16 0.0034210099332488766
0.04 0 0.17 0.004686484431940195
0.04 0 0.18 0.007353938880281325
0.04 0 0.19 0.005530585218728079
0.04 0 0.2 0.005082909220833058
0.04 0 0.21 0.00294803207025293
0.04 0 0.22 0.0033220866743896393
0.04 0 0.23 0.001956571328945008
0.04 0 0.24 0.003373410498653504
0.04 0 0.25 0.0020089433708931534
0.04 0 0.26 0.0013111648261663054
0.04 0 0.27 0.0031521042351175073
0.04 0 0.28 0.0017954532683449832
0.04 0 0.29 0.0011932042375647422
0.04 0 0.3 0.0005732024633324427
0.04 0 0.31 0.0009438385665495021
0.04 0 0.32 0.0007633017063212194
0.04 0 0.33 0.0003911570039319507
0.04 0 0.34 0.0007179150230915219
0.04 0 0.35000000000000003 0.0005214071892632283
0.04 0 0.36 0.000318462089083242
0.04 0 0.37 0.0004516862759445302
0.04 0 0.38 0.0003684195574890184
0.04 0 0.39 0.00023520127851196318
0.04 0 0.4 0.00033125430695030736
0.04 0 0.41000000000000003 0.0004429310928737886
0.04 0 0.42 0.0004812143622175379
0.04 0 0.43 0.0004224458169725804
0.04 0 0.44 0.0011282802556495167
0.04 0 0.45 0.0017506619966318091
0.04 0 0.46 0.0018211534598243813
0.04 0 0.47000000000000003 0.0026532452740361235
0.04 0 0.48 0.003200380862700508
0.04 0 0.49 0.004241826480226828
0.04 0 0.5 0.002778514048311717
0.05 0 0.0 0.025230622634213423
0.05 0 0.01 0.03213371037564988
0.05 0 0.02 0.019360695508334903
0.05 0 0.03 0.012214740487607416
0.05 0 0.04 0.008494158581089905
0.05 0 0.05 0.006327212404425592
0.05 0 0.06 0.008231829950902369
0.05 0 0.07 0.00839521382032525
0.05 0 0.08 0.009155800323509093
0.05 0 0.09 0.010007375720992744
0.05 0 0.1 0.00451595291921043
0.05 0 0.11 0.0038700881205013223
0.05 0 0.12 0.007486262586088346
0.05 0 0.13 0.005523985068899534
0.05 0 0.14 0.010021218823270088
0.05 0 0.15 0.012867983797040428
0.05 0 0.16 0.022849087147994742
0.05 0 0.17 0.026186497517220193
0.05 0 0.18 0.013998669985265418
0.05 0 0.19 0.017887811450969817
0.05 0 0.2 0.01181224464516854
0.05 0 0.21 0.01027197017619044
0.05 0 0.22 0.009492004028751916
0.05 0 0.23 0.011492323608496882
0.05 0 0.24 0.006988037378122309
0.05 0 0.25 0.0027152788616657876
0.05 0 0.26 0.00327131883176581
0.05 0 0.27 0.002636981358644375
0.05 0 0.28 0.0030514120168751747
0.05 0 0.29 0.004468951989043547
0.05 0 0.3 0.0031995821991053657
0.05 0 0.31 0.0045205095422850596
0.05 0 0.32 0.0022631984929871608
0.05 0 0.33 0.0014053860952124473
0.05 0 0.34 0.0014639123004495718
0.05 0 0.35000000000000003 0.0004587256390043508
0.05 0 0.36 0.0008053391774969426
0.05 0 0.37 0.0016595187522072902
0.05 0 0.38 0.0014527101953613693
0.05 0 0.39 0.0012319245162170612
0.05 0 0.4 0.0025837308828243655
0.05 0 0.41000000000000003 0.0033057876197028833
0.05 0 0.42 0.0017439904992856497
0.05 0 0.43 0.003373805783948645
0.05 0 0.44 0.003791281520360695
0.05 0 0.45 0.004113389409439539
0.05 0 0.46 0.006984669067343465
0.05 0 0.47000000000000003 0.006236075861983049
0.05 0 0.48 0.0053241298574349845
0.05 0 0.49 0.009359851538509241
0.05 0 0.5 0.009956699976005692
0.06 0 0.0 0.07783326856269002
0.06 0 0.01 0.08518239548993621
0.06 0 0.02 0.07269654765882118
0.06 0 0.03 0.08989368097107786
0.06 0 0.04 0.07511023059596783
0.06 0 0.05 0.07612309692807587
0.06 0 0.06 0.07212341227296638
0.06 0 0.07 0.024271610474367145
0.06 0 0.08 0.05141623539439859
0.06 0 0.09 0.04136004262684408
0.06 0 0.1 0.018681731650858072
0.06 0 0.11 0.05207754773626411
0.06 0 0.12 0.06773152230729336
0.06 0 0.13 0.03515105561894598
0.06 0 0.14 0.02337761000507124
0.06 0 0.15 0.016178697331941817
0.06 0 0.16 0.0075447469012949585
0.06 0 0.17 0.005941441544097612
0.06 0 0.18 0.007393514369570306
0.06 0 0.19 0.006596770884961533
0.06 0 0.2 0.005613549936496437
0.06 0 0.21 0.01089165346842516
0.06 0 0.22 0.009192850729398638
0.06 0 0.23 0.008557327393142787
0.06 0 0.24 0.006061659138388938
0.06 0 0.25 0.005786474805854846
0.06 0 0.26 0.010459626640763045
0.06 0 0.27 0.006785072241820066
0.06 0 0.28 0.015525739011764027
0.06 0 0.29 0.01208178062765646
0.06 0 0.3 0.015048819511269624
0.06 0 0.31 0.01512928059215174
0.06 0 0.32 0.011711622282861206
0.06 0 0.33 0.031504949812152856
0.06 0 0.34 0.017765053370872003
0.06 0 0.35000000000000003 0.018106310386440175
0.06 0 0.36 0.025521992025444917
0.06 0 0.37 0.024765794098444652
0.06 0 0.38 0.016640796609685957
0.06 0 0.39 0.021033510761146387
0.06 0 0.4 0.028024307872412023
0.06 0 0.41000000000000003 0.028166449591774684
0.06 0 0.42 0.048006955000245065
0.06 0 0.43 0.04893914417040667
0.06 0 0.44 0.03567597455840091
0.06 0 0.45 0.051589707726675524
0.06 0 0.46 0.05870772252183762
0.06 0 0.47000000000000003 0.03135492857132513
0.06 0 0.48 0.03795913730832265
0.06 0 0.49 0.015194602023434808
0.06 0 0.5 0.014016884030453635
0.07 0 0.0 0.31353817824742414
0.07 0 0.01 0.412875119086894
0.07 0 0.02 0.31013445716129256
0.07 0 0.03 0.2996295119980136
0.07 0 0.04 0.31625599831093243
0.07 0 0.05 0.39709322089261956
0.07 0 0.06 0.11858636697576455
0.07 0 0.07 0.1399302620817443
0.07 0 0.08 0.14261225518941584
0.07 0 0.09 0.0641729156722352
0.07 0 0.1 0.09975036650650397
0.07 0 0.11 0.17186182499033142
0.07 0 0.12 0.0798317769886449
0.07 0 0.13 0.09562737262739543
0.07 0 0.14 0.10200070550913282
0.07 0 0.15 0.04450469445588363
0.07 0 0.16 0.042813309615517124
0.07 0 0.17 0.06046607357039349
0.07 0 0.18 0.07437005764933123
0.07 0 0.19 0.03016437138964754
0.07 0 0.2 0.035159416501269004
0.07 0 0.21 0.026175052752257722
0.07 0 0.22 0.024121979104327385
0.07 0 0.23 0.021163436497600163
0.07 0 0.24 0.013690230553696595
0.07 0 0.25 0.03370554048988681
0.07 0 0.26 0.024831830374152066
0.07 0 0.27 0.03919789805387829
0.07 0 0.28 0.037223425449311724
0.07 0 0.29 0.01677668725329934
0.07 0 0.3 0.01883297793972663
0.07 0 0.31 0.011118708289325168
0.07 0 0.32 0.008138504924658369
0.07 0 0.33 0.008991016380523964
0.07 0 0.34 0.008037029614913564
0.07 0 0.35000000000000003 0.009671516624604196
0.07 0 0.36 0.013125493213964948
0.07 0 0.37 0.01779677539804373
0.07 0 0.38 0.018696068437728024
0.07 0 0.39 0.02687987380532771
0.07 0 0.4 0.038074577860736945
0.07 0 0.41000000000000003 0.022011221902907305
0.07 0 0.42 0.03446008484443754
0.07 0 0.43 0.027258640039131907
0.07 0 0.44 0.017816518940175153
0.07 0 0.45 0.02232050949468543
0.07 0 0.46 0.018977483199230257
0.07 0 0.47000000000000003 0.017677324526072905
0.07 0 0.48 0.007200865173970152
0.07 0 0.49 0.00459664055813615
0.07 0 0.5 0.004390655582436727
0.08 0 0.0 1.7451151838233152
0.08 0 0.01 1.2345076630098446
0.08 0 0.02 1.3577513336354814
0.08 0 0.03 0.8040228512344884
0.08 0 0.04 0.4570768131072604
0.08 0 0.05 0.48715659274585515
0.08 0 0.06 0.5042280148174935
0.08 0 0.07 0.7277922281681438
0.08 0 0.08 0.530360001224179
0.08 0 0.09 0.39923683622043205
0.08 0 0.1 0.6098590889785357
0.08 0 0.11 0.23987564363324976
0.08 0 0.12 0.14585661534843442
0.08 0 0.13 0.21048750997532165
0.08 0 0.14 0.3347112852659102
0.08 0 0.15 0.33378345694045136
0.08 0 0.16 0.5087277891672572
0.08 0 0.17 0.9585602843357223
0.08 0 0.18 0.3970736411045847
0.08 0 0.19 0.28373520105176997
0.08 0 0.2 0.23683802073142396
0.08 0 0.21 0.13510121333541134
0.08 0 0.22 0.19135952790166108
0.08 0 0.23 0.21272721888736904
0.08 0 0.24 0.1346256643028922
0.08 0 0.25 0.08952714274366852
0.08 0 0.26 0.06955117328834055
0.08 0 0.27 0.0910054225206354
0.08 0 0.28 0.037469822067230464
0.08 0 0.29 0.051804105505196
0.08 0 0.3 0.07817112451788799
0.08 0 0.31 0.03673933039435619
0.08 0 0.32 0.05518778127786918
0.08 0 0.33 0.017216873236950155
0.08 0 0.34 0.006939713065450489
0.08 0 0.35000000000000003 0.005469832919460277
0.08 0 0.36 0.00548878197560645
0.08 0 0.37 0.003268658072248681
0.08 0 0.38 0.004165176461885193
0.08 0 0.39 0.013374291119658826
0.08 0 0.4 0.007216409658442684
0.08 0 0.41000000000000003 0.013326695666933834
0.08 0 0.42 0.019713305933337245
0.08 0 0.43 0.013697554437779017
0.08 0 0.44 0.024175804029698034
0.08 0 0.45 0.039809718545593155
0.08 0 0.46 0.030152309002419036
0.08 0 0.47000000000000003 0.03318780229514375
0.08 0 0.48 0.024274979491513055
0.08 0 0.49 0.016082911004172425
0.08 0 0.5 0.013755669891875169
0.09 0 0.0 0.42351660197093455
0.09 0 0.01 0.5095463799616591
0.09 0 0.02 0.7616315055096834
0.09 0 0.03 0.404900879907376
0.09 0 0.04 0.7777903949931254
0.09 0 0.05 0.5897195123304113
0.09 0 0.06 0.9010952092432859
0.09 0 0.07 0.8760397679301757
0.09 0 0.08 0.3420020165397401
0.09 0 0.09 0.5011660758570742
0.09 0 0.1 0.6416547837051432
0.09 0 0.11 0.5299404205996573
0.09 0 0.12 0.6024003674178059
0.09 0 0.13 0.9579171945321139
0.09 0 0.14 0.5519815605474873
0.09 0 0.15 0.7267209780642048
0.09 0 0.16 1.1678488612899403
0.09 0 0.17 0.7240389429632276
0.09 0 0.18 0.832254850523231
0.09 0 0.19 2.2887303257694636
0.09 0 0.2 1.1227726154095758
0.09 0 0.21 0.9826721519796597
0.09 0 0.22 1.8268058945462193
0.09 0 0.23 0.6081338649549456
0.09 0 0.24 0.7846818891951011
0.09 0 0.25 0.645216472166795
0.09 0 0.26 0.898375030856456
0.09 0 0.27 1.2223821783346083
0.09 0 0.28 1.5216206035990152
0.09 0 0.29 1.6739795985326895
0.09 0 0.3 0.6414247955569424
0.09 0 0.31 1.1451774796649852
0.09 0 0.32 0.7934333613175422
0.09 0 0.33 0.46306748311109536
0.09 0 0.34 0.421033981383677
0.09 0 0.35000000000000003 0.3726167519804714
0.09 0 0.36 0.21571026503662585
0.09 0 0.37 0.06781908840565479
0.09 0 0.38 0.035788524757378315
0.09 0 0.39 0.013452373811353613
0.09 0 0.4 0.007825710329848981
0.09 0 0.41000000000000003 0.010509597275727324
0.09 0 0.42 0.0058327131549588546
0.09 0 0.43 0.005248772520710152
0.09 0 0.44 0.012040371049086307
0.09 0 0.45 0.008781894987069423
0.09 0 0.46 0.010168606892585787
0.09 0 0.47000000000000003 0.00947248063936759
0.09 0 0.48 0.009767326766237094
0.09 0 0.49 0.011856856514199628
0.09 0 0.5 0.009112589386110866
0.1 0 0.0 6.387536216070983
0.1 0 0.01 7.798758871862683
0.1 0 0.02 3.941232234822341
0.1 0 0.03 3.6836898597611474
0.1 0 0.04 2.361901023737215
0.1 0 0.05 1.9406017398512618
0.1 0 0.06 2.0246656960102745
0.1 0 0.07 1.3606020136195882
0.1 0 0.08 1.4401835947958257
0.1 0 0.09 1.8136119691818138
0.1 0 0.1 1.972768439020014
0.1 0 0.11 3.158890672210946
0.1 0 0.12 3.2557276388021172
0.1 0 0.13 1.806267135239475
0.1 0 0.14 1.7706716562652172
0.1 0 0.15 1.909132643722673
0.1 0 0.16 2.0832282268476563
0.1 0 0.17 1.6158887572956864
0.1 0 0.18 2.9277609410761425
0.1 0 0.19 2.175521629494383
0.1 0 0.2 1.5758347086079691
0.1 0 0.21 1.926698357686957
0.1 0 0.22 0.5248274619115778
0.1 0 0.23 0.5195023748909932
0.1 0 0.24 0.5416568039531408
0.1 0 0.25 0.3493897239470585
0.1 0 0.26 0.4942114969229269
0.1 0 0.27 0.5281695582586999
0.1 0 0.28 0.6300984265887917
0.1 0 0.29 0.5511242924763435
0.1 0 0.3 0.38539573716637343
0.1 0 0.31 0.5261480180597087
0.1 0 0.32 0.5675614139466357
0.1 0 0.33 0.6716112328386842
0.1 0 0.34 0.5353435545650822
0.1 0 0.35000000000000003 0.5913134732032885
0.1 0 0.36 0.411065001440689
0.1 0 0.37 0.17576123414697112
0.1 0 0.38 0.17475346059323688
0.1 0 0.39 0.04640137541093367
0.1 0 0.4 0.06185310951809046
0.1 0 0.41000000000000003 0.0751386112201939
0.1 0 0.42 0.03368273382753578
0.1 0 0.43 0.05869889993799663
0.1 0 0.44 0.083508419419833
0.1 0 0.45 0.11445506720579109
0.1 0 0.46 0.17410556729102472
0.1 0 0.47000000000000003 0.2390247006873809
0.1 0 0.48 0.19953622663107834
0.1 0 0.49 0.3832413714252084
0.1 0 0.5 0.8032153204472791
0.11 0 0.0 2.1389084182775076
0.11 0 0.01 3.452097879007241
0.11 0 0.02 2.297432258640307
0.11 0 0.03 3.886892619737965
0.11 0 0.04 2.902338897404569
0.11 0 0.05 2.31892451701497
0.11 0 0.06 2.8514689444202377
0.11 0 0.07 2.119049451862402
0.11 0 0.08 2.2262723550379135
0.11 0 0.09 2.335039549614014
0.11 0 0.1 3.006695962369866
0.11 0 0.11 1.4788632046798016
0.11 0 0.12 1.9718837170028534
0.11 0 0.13 2.464528661293739
0.11 0 0.14 1.8221737981087396
0.11 0 0.15 5.069560183341644
0.11 0 0.16 6.786923390887736
0.11 0 0.17 5.688030059783147
0.11 0 0.18 5.21991423761462
0.11 0 0.19 3.408221308609699
0.11 0 0.2 3.255929993883403
0.11 0 0.21 5.149625443342967
0.11 0 0.22 5.6483319437739645
0.11 0 0.23 13.434030049582828
0.11 0 0.24 21.262286596772224
0.11 0 0.25 33.31936657641206
0.11 0 0.26 25.004504632488374
0.11 0 0.27 16.389416556512654
0.11 0 0.28 22.84177541313569
0.11 0 0.29 9.075943521168995
0.11 0 0.3 13.266818298705633
0.11 0 0.31 9.510131788241278
0.11 0 0.32 6.877623893301281
0.11 0 0.33 5.201650773513123
0.11 0 0.34 3.2633143262962028
0.11 0 0.35000000000000003 2.329367089917363
0.11 0 0.36 0.9577486979219215
0.11 0 0.37 2.0050175268417743
0.11 0 0.38 1.1831720687990102
0.11 0 0.39 0.9419729967198411
0.11 0 0.4 1.357427156092957
0.11 0 0.41000000000000003 0.6678231431077687
0.11 0 0.42 0.6463792743149227
0.11 0 0.43 0.6995617286813616
0.11 0 0.44 0.4687250778049613
0.11 0 0.45 1.1102881598620167
0.11 0 0.46 2.0610646063438476
0.11 0 0.47000000000000003 0.9459461389388578
0.11 0 0.48 1.3019416046723793
0.11 0 0.49 2.2186994074834523
0.11 0 0.5 2.1998196644663324
0.12 0 0.0 3.1915114954248174
0.12 0 0.01 1.765750939487033
0.12 0 0.02 3.26978220450971
0.12 0 0.03 2.6000243710094786
0.12 0 0.04 4.05977936961817
0.12 0 0.05 18.29421483714262
0.12 0 0.06 12.82340461840868
0.12 0 0.07 9.68768004002167
0.12 0 0.08 11.695526922960198
0.12 0 0.09 14.661330134432593
0.12 0 0.1 6.7457024743037195
0.12 0 0.11 9.695942347900147
0.12 0 0.12 14.217354466797227
0.12 0 0.13 9.029968055563124
0.12 0 0.14 14.65916392208042
0.12 0 0.15 17.344627318628227
0.12 0 0.16 7.67329491891818
0.12 0 0.17 11.294215374829077
0.12 0 0.18 10.806827369387355
0.12 0 0.19 5.469061439473407
0.12 0 0.2 12.818282507249501
0.12 0 0.21 7.566193477583292
0.12 0 0.22 6.32450747509982
0.12 0 0.23 6.160916527451456
0.12 0 0.24 4.9894194602707165
0.12 0 0.25 5.901200218977905
0.12 0 0.26 9.110016566249572
0.12 0 0.27 22.639767477671498
0.12 0 0.28 18.473631426705452
0.12 0 0.29 31.149779676723448
0.12 0 0.3 26.134504561567535
0.12 0 0.31 10.270906757667333
0.12 0 0.32 6.104456820680219
0.12 0 0.33 3.100999074993636
0.12 0 0.34 3.442612705384281
0.12 0 0.35000000000000003 2.1085986218688872
0.12 0 0.36 1.1612607946544757
0.12 0 0.37 1.703310134976576
0.12 0 0.38 0.98023346982562
0.12 0 0.39 0.803746813531724
0.12 0 0.4 0.9197928351977656
0.12 0 0.41000000000000003 1.0326028854364995
0.12 0 0.42 1.9018817154426977
0.12 0 0.43 1.8587870080945834
0.12 0 0.44 4.05175632011314
0.12 0 0.45 4.197061546589097
0.12 0 0.46 3.0312498347833405
0.12 0 0.47000000000000003 3.4573048394423114
0.12 0 0.48 3.243346637468649
0.12 0 0.49 3.9321348577807442
0.12 0 0.5 5.252178177809118
0.13 0 0.0 1.585690058922279
0.13 0 0.01 2.1966809024475746
0.13 0 0.02 1.1067394815371194
0.13 0 0.03 0.7670620684209437
0.13 0 0.04 2.4488593609784095
0.13 0 0.05 3.2911484799319246
0.13 0 0.06 3.480225623161775
0.13 0 0.07 6.125419232786042
0.13 0 0.08 7.000439525021094
0.13 0 0.09 10.566359431310023
0.13 0 0.1 14.794366833460913
0.13 0 0.11 18.145337837857763
0.13 0 0.12 13.310367929325126
0.13 0 0.13 8.988658388177573
0.13 0 0.14 14.819854862899406
0.13 0 0.15 6.06201163436311
0.13 0 0.16 4.265735837938388
0.13 0 0.17 4.447451055329786
0.13 0 0.18 2.906685903058097
0.13 0 0.19 4.146680965437346
0.13 0 0.2 3.281531250509078
0.13 0 0.21 2.5058830336916063
0.13 0 0.22 3.395662945950105
0.13 0 0.23 3.3321147820393193
0.13 0 0.24 2.718259982989556
0.13 0 0.25 2.8829472436900625
0.13 0 0.26 4.018818890016928
0.13 0 0.27 5.260750111442847
0.13 0 0.28 3.6953960866571123
0.13 0 0.29 6.553947208753478
0.13 0 0.3 8.059059363607437
0.13 0 0.31 9.29147488372523
0.13 0 0.32 10.360052527149186
0.13 0 0.33 15.172176335062767
0.13 0 0.34 22.124155502985005
0.13 0 0.35000000000000003 5.252284287874805
0.13 0 0.36 9.118863773074905
0.13 0 0.37 3.976412354597989
0.13 0 0.38 1.3195258478957035
0.13 0 0.39 3.077764804858398
0.13 0 0.4 2.580976020936043
0.13 0 0.41000000000000003 2.1100006637433455
0.13 0 0.42 3.0280930564439887
0.13 0 0.43 7.2153075832517874
0.13 0 0.44 5.714556012156555
0.13 0 0.45 6.8365802202391
0.13 0 0.46 7.837375662426758
0.13 0 0.47000000000000003 6.0265888334772235
0.13 0 0.48 7.053325707736926
0.13 0 0.49 6.773327382575046
0.13 0 0.5 5.914618236345099
0.14 0 0.0 4.581608959646295
0.14 0 0.01 3.867165988939507
0.14 0 0.02 2.3131500573823045
0.14 0 0.03 1.8489635070065058
0.14 0 0.04 1.6234889086214386
0.14 0 0.05 0.6740781380979005
0.14 0 0.06 0.8267394480863998
0.14 0 0.07 0.4199940186449994
0.14 0 0.08 0.426272145575119
0.14 0 0.09 0.3488782079748505
0.14 0 0.1 0.4290659894756434
0.14 0 0.11 0.585067554199281
0.14 0 0.12 0.21197912723244272
0.14 0 0.13 0.429084098126563
0.14 0 0.14 0.8908850989714862
0.14 0 0.15 1.0033646799586564
0.14 0 0.16 1.4185939736151991
0.14 0 0.17 1.432263604984732
0.14 0 0.18 0.8712370312081862
0.14 0 0.19 0.9629169987924486
0.14 0 0.2 0.4605623024190184
0.14 0 0.21 0.32176084044578523
0.14 0 0.22 0.6509501643587239
0.14 0 0.23 1.0954582767000773
0.14 0 0.24 1.3000499251301751
0.14 0 0.25 1.3739115316874848
0.14 0 0.26 2.2117466238693937
0.14 0 0.27 0.6996663339743021
0.14 0 0.28 1.0817341261761584
0.14 0 0.29 1.430979968407572
0.14 0 0.3 0.877636270830197
0.14 0 0.31 2.07783389402958
0.14 0 0.32 3.865171757736783
0.14 0 0.33 5.41953711320241
0.14 0 0.34 2.162277162635966
0.14 0 0.35000000000000003 3.812503981253761
0.14 0 0.36 4.309492793979468
0.14 0 0.37 1.519629139675408
0.14 0 0.38 3.7195625587313055
0.14 0 0.39 5.662432332464199
0.14 0 0.4 2.8996733721143366
0.14 0 0.41000000000000003 2.7650531661950017
0.14 0 0.42 2.1858985219341753
0.14 0 0.43 1.5379200839599738
0.14 0 0.44 2.0181917647847114
0.14 0 0.45 3.1526063098516928
0.14 0 0.46 3.9735290140968322
0.14 0 0.47000000000000003 6.754267738653934
0.14 0 0.48 15.761741203100351
0.14 0 0.49 12.687350280270145
0.14 0 0.5 20.108039972592465
0.15 0 0.0 0.48282320614306157
0.15 0 0.01 0.38683128925261584
0.15 0 0.02 0.3489680613084368
0.15 0 0.03 0.8916879603259651
0.15 0 0.04 0.5491303014512752
0.15 0 0.05 0.807195367574404
0.15 0 0.06 1.0692213174979592
0.15 0 0.07 0.9980225321907522
0.15 0 0.08 0.8194173762799335
0.15 0 0.09 0.7121000811154522
0.15 0 0.1 1.1687746554135783
0.15 0 0.11 0.8840276022238995
0.15 0 0.12 0.7154199720462017
0.15 0 0.13 1.2240489964417092
0.15 0 0.14 0.9091367459771177
0.15 0 0.15 0.84928568981492
0.15 0 0.16 0.7459643067044816
0.15 0 0.17 0.27911562036243226
0.15 0 0.18 0.3767692532977168
0.15 0 0.19 0.3407285501273727
0.15 0 0.2 0.29323946339067686
0.15 0 0.21 0.3685381034787166
0.15 0 0.22 0.3359308570955066
0.15 0 0.23 0.2639426692453265
0.15 0 0.24 0.3095213566488547
0.15 0 0.25 0.4361592874003641
0.15 0 0.26 0.2167635848939898
0.15 0 0.27 0.5550835058291193
0.15 0 0.28 2.2202646010266784
0.15 0 0.29 1.2810353488262027
0.15 0 0.3 1.6039928135393318
0.15 0 0.31 2.5391100683143697
0.15 0 0.32 2.03312584360062
0.15 0 0.33 2.454019959011325
0.15 0 0.34 2.152790340344041
0.15 0 0.35000000000000003 4.147865423899704
0.15 0 0.36 3.6915729943124926
0.15 0 0.37 4.16698439784073
0.15 0 0.38 7.942625872727721
0.15 0 0.39 4.016251695934578
0.15 0 0.4 5.277686955418835
0.15 0 0.41000000000000003 5.752653083522368
0.15 0 0.42 8.237053422793625
0.15 0 0.43 7.089203605997825
0.15 0 0.44 9.47550168688422
0.15 0 0.45 11.872259079475718
0.15 0 0.46 4.908227259919036
0.15 0 0.47000000000000003 6.478059732798446
0.15 0 0.48 6.666074120347954
0.15 0 0.49 10.65935333589935
0.15 0 0.5 18.867891675985994
0.16 0 0.0 0.8981838857138377
0.16 0 0.01 0.5298147579685596
0.16 0 0.02 0.709577677905919
0.16 0 0.03 0.6948017007971674
0.16 0 0.04 0.5066063944677498
0.16 0 0.05 0.8130583423197338
0.16 0 0.06 0.4704136201342869
0.16 0 0.07 0.5322623811894508
0.16 0 0.08 0.5359355002209131
0.16 0 0.09 0.5474319131718025
0.16 0 0.1 1.2115343997068435
0.16 0 0.11 0.7457521853811411
0.16 0 0.12 1.6211437804912918
0.16 0 0.13 2.3207886739389054
0.16 0 0.14 1.8593486007383992
0.16 0 0.15 2.0558092702035933
0.16 0 0.16 2.1400184415780967
0.16 0 0.17 1.8821265113032992
0.16 0 0.18 1.1280905857591976
0.16 0 0.19 1.2686330453330292
0.16 0 0.2 1.1249577449373092
0.16 0 0.21 0.7224927202909639
0.16 0 0.22 0.464623754381269
0.16 0 0.23 0.5296074562499257
0.16 0 0.24 0.5693251489429194
0.16 0 0.25 0.5536083266623053
0.16 0 0.26 0.4116430282306897
0.16 0 0.27 0.8253709153609806
0.16 0 0.28 0.8282118688059896
0.16 0 0.29 0.5695650440915441
0.16 0 0.3 0.8986386660053367
0.16 0 0.31 0.49059081503005725
0.16 0 0.32 1.0749997118925776
0.16 0 0.33 1.04297059914425
0.16 0 0.34 1.28093039895087
0.16 0 0.35000000000000003 1.0393052631582858
0.16 0 0.36 0.4552320765689971
0.16 0 0.37 0.9742812449077501
0.16 0 0.38 0.7367886830871437
0.16 0 0.39 0.659004535705592
0.16 0 0.4 0.9733016252270449
0.16 0 0.41000000000000003 2.4750495668271175
0.16 0 0.42 2.958935102144576
0.16 0 0.43 3.5633938349908347
0.16 0 0.44 6.072551665936987
0.16 0 0.45 3.404148800258724
0.16 0 0.46 3.514244473793756
0.16 0 0.47000000000000003 4.092745833939704
0.16 0 0.48 2.1386394487035596
0.16 0 0.49 3.731509374606328
0.16 0 0.5 5.1618704029255085
0.17 0 0.0 0.071427937782321
0.17 0 0.01 0.044651315160407795
0.17 0 0.02 0.09490676295939335
0.17 0 0.03 0.05245177011916606
0.17 0 0.04 0.08866635116196062
0.17 0 0.05 0.0919572881236075
0.17 0 0.06 0.07197489416146827
0.17 0 0.07 0.06713791998788685
0.17 0 0.08 0.07591243801002001
0.17 0 0.09 0.2874375859428665
0.17 0 0.1 0.16182155340127158
0.17 0 0.11 0.18959351256184168
0.17 0 0.12 0.4415739840428891
0.17 0 0.13 0.28542287685879403
0.17 0 0.14 0.22024145013369473
0.17 0 0.15 0.4027383908772683
0.17 0 0.16 0.3145490330304953
0.17 0 0.17 0.23269013818235448
0.17 0 0.18 0.2833734378072302
0.17 0 0.19 0.17541759925149272
0.17 0 0.2 0.08472274753620375
0.17 0 0.21 0.07523848875778737
0.17 0 0.22 0.07422109239648515
0.17 0 0.23 0.04702445030479519
0.17 0 0.24 0.0929228019415007
0.17 0 0.25 0.06402242084208178
0.17 0 0.26 0.07166924737359925
0.17 0 0.27 0.1111921393606834
0.17 0 0.28 0.06651031696476305
0.17 0 0.29 0.13793163889357357
0.17 0 0.3 0.14819650893475148
0.17 0 0.31 0.15967436572212296
0.17 0 0.32 0.2087585555412253
0.17 0 0.33 0.20390605364026715
0.17 0 0.34 0.15356890857884442
0.17 0 0.35000000000000003 0.04961472794722952
0.17 0 0.36 0.03853844558312796
0.17 0 0.37 0.05219873027219607
0.17 0 0.38 0.05113603253531388
0.17 0 0.39 0.07484709237280408
0.17 0 0.4 0.06882231746367497
0.17 0 0.41000000000000003 0.09081199122433332
0.17 0 0.42 0.09616299001276264
0.17 0 0.43 0.09455168065060476
0.17 0 0.44 0.10703850298751488
0.17 0 0.45 0.08376386738540138
0.17 0 0.46 0.23540561908548585
0.17 0 0.47000000000000003 0.2053734644066549
0.17 0 0.48 0.23571780013648203
0.17 0 0.49 0.28337964008317706
0.17 0 0.5 0.12339422362999047
0.18 0 0.0 0.02785430135031809
0.18 0 0.01 0.13194314296488632
0.18 0 0.02 0.10419319321751147
0.18 0 0.03 0.06355051205051968
0.18 0 0.04 0.15448178991447972
0.18 0 0.05 0.10468045398841733
0.18 0 0.06 0.055985858900839416
0.18 0 0.07 0.05117268991132892
0.18 0 0.08 0.06165508317090031
0.18 0 0.09 0.06121603077218892
0.18 0 0.1 0.0585821458985437
0.18 0 0.11 0.15812576584148766
0.18 0 0.12 0.16606084054942377
0.18 0 0.13 0.23040645579983718
0.18 0 0.14 0.636630722444545
0.18 0 0.15 0.41818225771687145
0.18 0 0.16 0.3053587239403283
0.18 0 0.17 0.2837839387254306
0.18 0 0.18 0.35454047845107706
0.18 0 0.19 0.22156197213968254
0.18 0 0.2 0.24761686509277794
0.18 0 0.21 0.4114988075005823
0.18 0 0.22 0.2970700645907883
0.18 0 0.23 0.3434127863070337
0.18 0 0.24 0.22728665476364374
0.18 0 0.25 0.14025174100147195
0.18 0 0.26 0.23505704538952954
0.18 0 0.27 0.320534526396662
0.18 0 0.28 0.45658411972973195
0.18 0 0.29 0.9719574588842224
0.18 0 0.3 0.7872855889473176
0.18 0 0.31 1.1682179063301688
0.18 0 0.32 0.7711396146745413
0.18 0 0.33 0.6693447847682361
0.18 0 0.34 0.8408271899712499
0.18 0 0.35000000000000003 0.45817221528608876
0.18 0 0.36 0.7413784381976017
0.18 0 0.37 0.6226261279370982
0.18 0 0.38 0.641704524572792
0.18 0 0.39 0.25581468466773644
0.18 0 0.4 0.18321438029049258
0.18 0 0.41000000000000003 0.1214503301982868
0.18 0 0.42 0.07974176084797249
0.18 0 0.43 0.24779853847502412
0.18 0 0.44 0.12303886779383531
0.18 0 0.45 0.1150879153056897
0.18 0 0.46 0.14736948368995698
0.18 0 0.47000000000000003 0.08840130936588042
0.18 0 0.48 0.06544453059836652
0.18 0 0.49 0.055740430618910264
0.18 0 0.5 0.045186081407122644
0.19 0 0.0 0.003992413116392492
0.19 0 0.01 0.008464620825806485
0.19 0 0.02 0.005249704989015509
0.19 0 0.03 0.01819134837840321
0.19 0 0.04 0.02360398749001309
0.19 0 0.05 0.02258924291411358
0.19 0 0.06 0.06984910416373917
0.19 0 0.07 0.046656281524088766
0.19 0 0.08 0.05458154176769881
0.19 0 0.09 0.037750672150790136
0.19 0 0.1 0.052237832673591146
0.19 0 0.11 0.04581715830659846
0.19 0 0.12 0.030603043911070507
0.19 0 0.13 0.04806451307547048
0.19 0 0.14 0.056738949861694185
0.19 0 0.15 0.06669527529644079
0.19 0 0.16 0.04680859366285811
0.19 0 0.17 0.08541368731254649
0.19 0 0.18 0.08871603964112576
0.19 0 0.19 0.07430059805009886
0.19 0 0.2 0.10957753805375965
0.19 0 0.21 0.07939245023040303
0.19 0 0.22 0.05136663490084285
0.19 0 0.23 0.10112951360483444
0.19 0 0.24 0.05766108483268473
0.19 0 0.25 0.040424404867615005
0.19 0 0.26 0.1281379588704135
0.19 0 0.27 0.1349128103224656
0.19 0 0.28 0.21763672843889997
0.19 0 0.29 0.2302932641299528
0.19 0 0.3 0.3551208510917924
0.19 0 0.31 0.35045381926008096
0.19 0 0.32 0.4881590594011315
0.19 0 0.33 0.910209683565235
0.19 0 0.34 0.3892558600973456
0.19 0 0.35000000000000003 0.5862508207840574
0.19 0 0.36 0.5965509349841304
0.19 0 0.37 0.39724144160250907
0.19 0 0.38 0.3349197542324018
0.19 0 0.39 0.3346660298853173
0.19 0 0.4 0.2835073643331474
0.19 0 0.41000000000000003 0.16619050683845263
0.19 0 0.42 0.3028889100245313
0.19 0 0.43 0.2605427800400884
0.19 0 0.44 0.12498488949711309
0.19 0 0.45 0.2517637820703444
0.19 0 0.46 0.1823748312965929
0.19 0 0.47000000000000003 0.19850253723246455
0.19 0 0.48 0.6202585537213792
0.19 0 0.49 0.4274134713919028
0.19 0 0.5 0.45126218306039123
0.2 0 0.0 0.005708545427018868
0.2 0 0.01 0.005524145390193977
0.2 0 0.02 0.008971327822632456
0.2 0 0.03 0.014990946051555687
0.2 0 0.04 0.008854775864004651
0.2 0 0.05 0.012793791098785423
0.2 0 0.06 0.010378650329200446
0.2 0 0.07 0.014245359156738788
0.2 0 0.08 0.012686190600069591
0.2 0 0.09 0.014039765179653503
0.2 0 0.1 0.028291117344728136
0.2 0 0.11 0.02487897770621876
0.2 0 0.12 0.022752100980404713
0.2 0 0.13 0.022807893319716246
0.2 0 0.14 0.016818671979355486
0.2 0 0.15 0.01891359455565029
0.2 0 0.16 0.0261424602081443
0.2 0 0.17 0.028927080345671007
0.2 0 0.18 0.028147496317943697
0.2 0 0.19 0.06001809834767607
0.2 0 0.2 0.08029495895005916
0.2 0 0.21 0.036010568628622765
0.2 0 0.22 0.11367281928217642
0.2 0 0.23 0.12378080737567132
0.2 0 0.24 0.06896827854099943
0.2 0 0.25 0.16316211450478255
0.2 0 0.26 0.12317784700144578
0.2 0 0.27 0.10250086351995247
0.2 0 0.28 0.20265545581852745
0.2 0 0.29 0.20781211524808407
0.2 0 0.3 0.20718192205886107
0.2 0 0.31 0.5736809556532141
0.2 0 0.32 1.5137373464904778
0.2 0 0.33 1.3451311125648764
0.2 0 0.34 1.2237099873121917
0.2 0 0.35000000000000003 1.610857430749937
0.2 0 0.36 1.0793715981279817
0.2 0 0.37 2.2043749598839617
0.2 0 0.38 2.2380573926697744
0.2 0 0.39 2.2184026379984867
0.2 0 0.4 3.357902791369552
0.2 0 0.41000000000000003 2.113154194711548
0.2 0 0.42 2.2901968194910713
0.2 0 0.43 0.6568159574635124
0.2 0 0.44 0.7135483776320491
0.2 0 0.45 0.634855623040461
0.2 0 0.46 0.38798363499463756
0.2 0 0.47000000000000003 0.8610244237659884
0.2 0 0.48 0.8514607271202649
0.2 0 0.49 0.6326238849763424
0.2 0 0.5 0.4273968631618921
0.21 0 0.0 0.008897383880503672
0.21 0 0.01 0.006941533006463631
0.21 0 0.02 0.014161926897240051
0.21 0 0.03 0.01716809484802738
0.21 0 0.04 0.009376260775060255
0.21 0 0.05 0.008499451053035489
0.21 0 0.06 0.005451512464729598
0.21 0 0.07 0.005749616655195725
0.21 0 0.08 0.00400544073539997
0.21 0 0.09 0.003964058723748426
0.21 0 0.1 0.002955873490604876
0.21 0 0.11 0.002958625312454495
0.21 0 0.12 0.004387980655843671
0.21 0 0.13 0.0019154640280264704
0.21 0 0.14 0.00368885628129911
0.21 0 0.15 0.0038623867965825237
0.21 0 0.16 0.0038455220294472763
0.21 0 0.17 0.003767134845755568
0.21 0 0.18 0.00286742449131738
0.21 0 0.19 0.0038203714446063083
0.21 0 0.2 0.003486835365876833
0.21 0 0.21 0.0067163847037625115
0.21 0 0.22 0.0092801688299572
0.21 0 0.23 0.009533802874086091
0.21 0 0.24 0.018184019453303557
0.21 0 0.25 0.030352866508653546
0.21 0 0.26 0.024179247314022462
0.21 0 0.27 0.05726506166370395
0.21 0 0.28 0.08324601964247645
0.21 0 0.29 0.09600352566781194
0.21 0 0.3 0.10657661512716309
0.21 0 0.31 0.09303730293640601
0.21 0 0.32 0.15784490109951238
0.21 0 0.33 0.11830867692695955
0.21 0 0.34 0.17943180526614216
0.21 0 0.35000000000000003 0.1843831097444528
0.21 0 0.36 0.5948410610084487
0.21 0 0.37 1.171526272708792
0.21 0 0.38 0.988117786892909
0.21 0 0.39 1.4844042539453308
0.21 0 0.4 0.695070747736862
0.21 0 0.41000000000000003 1.3374426320214443
0.21 0 0.42 1.4263227148629565
0.21 0 0.43 1.3626617209684209
0.21 0 0.44 3.1012252565000438
0.21 0 0.45 2.6488170749088153
0.21 0 0.46 2.765828831617445
0.21 0 0.47000000000000003 3.2759606880688454
0.21 0 0.48 1.2176924754944092
0.21 0 0.49 0.6954242079702181
0.21 0 0.5 1.1050475152427486
0.22 0 0.0 0.08706447973296537
0.22 0 0.01 0.0676892475988659
0.22 0 0.02 0.09576516262042348
0.22 0 0.03 0.056648096681876134
0.22 0 0.04 0.09050911685798145
0.22 0 0.05 0.056622909088834016
0.22 0 0.06 0.0894761247063289
0.22 0 0.07 0.0857467721885556
0.22 0 0.08 0.05719454606950116
0.22 0 0.09 0.0495828703994762
0.22 0 0.1 0.028376362220462144
0.22 0 0.11 0.022500382454099337
0.22 0 0.12 0.009417231695212006
0.22 0 0.13 0.012000793422134143
0.22 0 0.14 0.0074013023816378
0.22 0 0.15 0.005156896247242323
0.22 0 0.16 0.010687919067898594
0.22 0 0.17 0.007831820869948119
0.22 0 0.18 0.006467395091399704
0.22 0 0.19 0.009347481400144374
0.22 0 0.2 0.00625070425823215
0.22 0 0.21 0.007645503326262968
0.22 0 0.22 0.00694857711263781
0.22 0 0.23 0.003177567011544911
0.22 0 0.24 0.006198503149352881
0.22 0 0.25 0.009913420772805112
0.22 0 0.26 0.014347940464967767
0.22 0 0.27 0.022893823294418764
0.22 0 0.28 0.05385238111867476
0.22 0 0.29 0.054853534234468614
0.22 0 0.3 0.0449111299963572
0.22 0 0.31 0.08550044044541392
0.22 0 0.32 0.05589749297133137
0.22 0 0.33 0.06250515830573895
0.22 0 0.34 0.06765314377023159
0.22 0 0.35000000000000003 0.042523097306862934
0.22 0 0.36 0.044994317967723
0.22 0 0.37 0.03310153461338673
0.22 0 0.38 0.029430443885446057
0.22 0 0.39 0.021744553871900236
0.22 0 0.4 0.014864933819323824
0.22 0 0.41000000000000003 0.028366099760008878
0.22 0 0.42 0.026575097055629097
0.22 0 0.43 0.033469830336453295
0.22 0 0.44 0.018884974572797867
0.22 0 0.45 0.01265608731253935
0.22 0 0.46 0.035246776897224816
0.22 0 0.47000000000000003 0.018704905161223657
0.22 0 0.48 0.020801997287698517
0.22 0 0.49 0.04559142112495296
0.22 0 0.5 0.0719888433513643
0.23 0 0.0 0.007459191708259137
0.23 0 0.01 0.010568349708700405
0.23 0 0.02 0.015116918929840014
0.23 0 0.03 0.014369359754041812
0.23 0 0.04 0.011587835798306129
0.23 0 0.05 0.02375214567420031
0.23 0 0.06 0.024576344569302085
0.23 0 0.07 0.009808702856770407
0.23 0 0.08 0.015549593452551946
0.23 0 0.09 0.01809166173549594
0.23 0 0.1 0.013008953941710113
0.23 0 0.11 0.015922925753466835
0.23 0 0.12 0.011734627110078943
0.23 0 0.13 0.010318410853615909
0.23 0 0.14 0.006051735301162938
0.23 0 0.15 0.006957382492029448
0.23 0 0.16 0.006890177677343024
0.23 0 0.17 0.005690246626319255
0.23 0 0.18 0.01341977861933749
0.23 0 0.19 0.006785705063388872
0.23 0 0.2 0.009815117461232883
0.23 0 0.21 0.01501128366334877
0.23 0 0.22 0.006391363828680246
0.23 0 0.23 0.006413520749392251
0.23 0 0.24 0.009210639817268922
0.23 0 0.25 0.0072226469204466626
0.23 0 0.26 0.007693997334742413
0.23 0 0.27 0.013026303152651141
0.23 0 0.28 0.007594074094982192
0.23 0 0.29 0.006549240676428589
0.23 0 0.3 0.013752218266180463
0.23 0 0.31 0.019277466351081476
0.23 0 0.32 0.015927155271864567
0.23 0 0.33 0.03302202682033062
0.23 0 0.34 0.026384257168267807
0.23 0 0.35000000000000003 0.025974026535165007
0.23 0 0.36 0.019882263422575604
0.23 0 0.37 0.010754981671126115
0.23 0 0.38 0.024597468463104892
0.23 0 0.39 0.008812706251458675
0.23 0 0.4 0.009592609772030686
0.23 0 0.41000000000000003 0.011980969650810188
0.23 0 0.42 0.008932931102600771
0.23 0 0.43 0.00638907318800629
0.23 0 0.44 0.0036163776986482305
0.23 0 0.45 0.004614997382407391
0.23 0 0.46 0.0027898892742780684
0.23 0 0.47000000000000003 0.00374733514559863
0.23 0 0.48 0.0030398344618507785
0.23 0 0.49 0.0021004092143860425
0.23 0 0.5 0.0021519248226665615
0.24 0 0.0 0.017177220534584578
0.24 0 0.01 0.06184071368845608
0.24 0 0.02 0.034778687178439176
0.24 0 0.03 0.020021377069204642
0.24 0 0.04 0.019307270147969555
0.24 0 0.05 0.022682741071792495
0.24 0 0.06 0.011790262214020405
0.24 0 0.07 0.013914579232928456
0.24 0 0.08 0.02003400762205968
0.24 0 0.09 0.01177393582866602
0.24 0 0.1 0.03304943502328143
0.24 0 0.11 0.01702120045879293
0.24 0 0.12 0.014377003959210361
0.24 0 0.13 0.01343497477780838
0.24 0 0.14 0.010597751028189368
0.24 0 0.15 0.01649620976757153
0.24 0 0.16 0.011242919712828607
0.24 0 0.17 0.013352382227343874
0.24 0 0.18 0.009960075928184162
0.24 0 0.19 0.010400999031161536
0.24 0 0.2 0.013103440257715348
0.24 0 0.21 0.010616611245487526
0.24 0 0.22 0.009682743914432194
0.24 0 0.23 0.015566740197246747
0.24 0 0.24 0.012058212991627874
0.24 0 0.25 0.009438942222871751
0.24 0 0.26 0.014405491913162002
0.24 0 0.27 0.01627225860169528
0.24 0 0.28 0.009539094452592071
0.24 0 0.29 0.008284305668103752
0.24 0 0.3 0.021027413912363357
0.24 0 0.31 0.010645568038820212
0.24 0 0.32 0.011573780346816121
0.24 0 0.33 0.016552153149528816
0.24 0 0.34 0.020258950195212167
0.24 0 0.35000000000000003 0.03780973477262199
0.24 0 0.36 0.052401143268896805
0.24 0 0.37 0.1502139573503068
0.24 0 0.38 0.0764887866398823
0.24 0 0.39 0.04882617566020877
0.24 0 0.4 0.05580990046283452
0.24 0 0.41000000000000003 0.016002069190351947
0.24 0 0.42 0.011702848019483934
0.24 0 0.43 0.016231697139070626
0.24 0 0.44 0.012502671186213572
0.24 0 0.45 0.011131113145756334
0.24 0 0.46 0.010310195201889298
0.24 0 0.47000000000000003 0.007144076188069157
0.24 0 0.48 0.003178521538639576
0.24 0 0.49 0.0026839826103838564
0.24 0 0.5 0.0016046091762125828
0.25 0 0.0 0.020307994232263087
0.25 0 0.01 0.018930974244986444
0.25 0 0.02 0.01924441396315101
0.25 0 0.03 0.014285206061016454
0.25 0 0.04 0.01867868721832003
0.25 0 0.05 0.01994370251290187
0.25 0 0.06 0.019920042547534197
0.25 0 0.07 0.03695569720646046
0.25 0 0.08 0.015929014924426103
0.25 0 0.09 0.015782071782408966
0.25 0 0.1 0.014188486320921755
0.25 0 0.11 0.010840233603697475
0.25 0 0.12 0.010995719808074433
0.25 0 0.13 0.006107477013109019
0.25 0 0.14 0.009152733724244173
0.25 0 0.15 0.011613205952199834
0.25 0 0.16 0.005746740836503205
0.25 0 0.17 0.004500062687944761
0.25 0 0.18 0.002790878311474715
0.25 0 0.19 0.003960930395391168
0.25 0 0.2 0.005600860621448564
0.25 0 0.21 0.004125699973174434
0.25 0 0.22 0.00796167035193734
0.25 0 0.23 0.012576461719780262
0.25 0 0.24 0.013816398776923275
0.25 0 0.25 0.01615651767926031
0.25 0 0.26 0.04070590381321142
0.25 0 0.27 0.028127798368668595
0.25 0 0.28 0.016827251207358142
0.25 0 0.29 0.03736738672357721
0.25 0 0.3 0.014293211057868611
0.25 0 0.31 0.006247909440440239
0.25 0 0.32 0.011004489022481386
0.25 0 0.33 0.005225126997864822
0.25 0 0.34 0.002742386053353535
0.25 0 0.35000000000000003 0.0050577890880808335
0.25 0 0.36 0.005376647458107405
0.25 0 0.37 0.004780856511192309
0.25 0 0.38 0.00346874308851295
0.25 0 0.39 0.007331093071462388
0.25 0 0.4 0.006870888471315325
0.25 0 0.41000000000000003 0.007559130295626286
0.25 0 0.42 0.014321250092710128
0.25 0 0.43 0.007290207277052365
0.25 0 0.44 0.00937984476976835
0.25 0 0.45 0.004550068254172623
0.25 0 0.46 0.002959113708667037
0.25 0 0.47000000000000003 0.0018973066158568571
0.25 0 0.48 0.0020989315949314245
0.25 0 0.49 0.0024502313419707293
0.25 0 0.5 0.0016851128403430882
0.26 0 0.0 0.003141633914113589
0.26 0 0.01 0.0019271622249277282
0.26 0 0.02 0.0012819732612677447
0.26 0 0.03 0.002327372452450657
0.26 0 0.04 0.004086393436683641
0.26 0 0.05 0.0030083739793282257
0.26 0 0.06 0.006109195234106877
0.26 0 0.07 0.009741158567849165
0.26 0 0.08 0.004548087432435087
0.26 0 0.09 0.008556258105932949
0.26 0 0.1 0.008435907041932849
0.26 0 0.11 0.01409375729480389
0.26 0 0.12 0.017833225430621408
0.26 0 0.13 0.013206340519459297
0.26 0 0.14 0.030146892297923306
0.26 0 0.15 0.02573821962960092
0.26 0 0.16 0.031099465995815038
0.26 0 0.17 0.014490309616298143
0.26 0 0.18 0.011864203936170091
0.26 0 0.19 0.01041807593415625
0.26 0 0.2 0.00490860748132686
0.26 0 0.21 0.004038661519668154
0.26 0 0.22 0.002143715664332801
0.26 0 0.23 0.0016288094507763973
0.26 0 0.24 0.0020195236748580528
0.26 0 0.25 0.004575674186133503
0.26 0 0.26 0.003780692934565873
0.26 0 0.27 0.003239257080330336
0.26 0 0.28 0.007581262452716375
0.26 0 0.29 0.009475927940618205
0.26 0 0.3 0.004615867870580601
0.26 0 0.31 0.011522120827638087
0.26 0 0.32 0.01383932435160251
0.26 0 0.33 0.0064102211946627935
0.26 0 0.34 0.010378911636685709
0.26 0 0.35000000000000003 0.004749441680091593
0.26 0 0.36 0.00443185722532786
0.26 0 0.37 0.0031791529219950426
0.26 0 0.38 0.0031959101563738715
0.26 0 0.39 0.0038163916510384334
0.26 0 0.4 0.004001056402043266
0.26 0 0.41000000000000003 0.00784960041010403
0.26 0 0.42 0.005327402976269382
0.26 0 0.43 0.005873257580647659
0.26 0 0.44 0.004221483233829213
0.26 0 0.45 0.0042937061908604164
0.26 0 0.46 0.004591945624247469
0.26 0 0.47000000000000003 0.00308308390600689
0.26 0 0.48 0.0042342775810940625
0.26 0 0.49 0.0028437480037023697
0.26 0 0.5 0.00214998446838279
0.27 0 0.0 0.006775634884587258
0.27 0 0.01 0.004542395448093703
0.27 0 0.02 0.0035694286355732337
0.27 0 0.03 0.004089189094572805
0.27 0 0.04 0.0022254937390781427
0.27 0 0.05 0.0009884329886213174
0.27 0 0.06 0.0016808277534220179
0.27 0 0.07 0.0007131401035258907
0.27 0 0.08 0.0011931698794373647
0.27 0 0.09 0.0013010537521817558
0.27 0 0.1 0.0011588557630677569
0.27 0 0.11 0.001414133572441413
0.27 0 0.12 0.0005555755359169802
0.27 0 0.13 0.0007282017376318198
0.27 0 0.14 0.0006295541181429203
0.27 0 0.15 0.0006070198879701048
0.27 0 0.16 0.0009281461766050885
0.27 0 0.17 0.0011471261755691682
0.27 0 0.18 0.000933183331549167
0.27 0 0.19 0.0009684918435420178
0.27 0 0.2 0.001649121867290736
0.27 0 0.21 0.0013632919634004364
0.27 0 0.22 0.0008906865407658514
0.27 0 0.23 0.0012739193929222163
0.27 0 0.24 0.0015025106335919993
0.27 0 0.25 0.0018554371069739247
0.27 0 0.26 0.0015555842796987195
0.27 0 0.27 0.0008464342857503975
0.27 0 0.28 0.0016588395085839441
0.27 0 0.29 0.0013367954916067696
0.27 0 0.3 0.0015494922981335445
0.27 0 0.31 0.0023159076731559657
0.27 0 0.32 0.0014542137596122685
0.27 0 0.33 0.0018095197694332921
0.27 0 0.34 0.001656922810694516
0.27 0 0.35000000000000003 0.0012148365976840099
0.27 0 0.36 0.0010147300645021726
0.27 0 0.37 0.0010823249321486573
0.27 0 0.38 0.0013834687796179623
0.27 0 0.39 0.0009081191727777838
0.27 0 0.4 0.0008929969323380801
0.27 0 0.41000000000000003 0.001257863321932305
0.27 0 0.42 0.001132622723884383
0.27 0 0.43 0.0018408000792394415
0.27 0 0.44 0.0017259687040521198
0.27 0 0.45 0.0025226025361350696
0.27 0 0.46 0.0022567779465170247
0.27 0 0.47000000000000003 0.001632571788385353
0.27 0 0.48 0.0012559889708565618
0.27 0 0.49 0.00048186151272033644
0.27 0 0.5 0.0010755927099481406
0.28 0 0.0 0.011477212932437381
0.28 0 0.01 0.007858509546523399
0.28 0 0.02 0.008488873235242056
0.28 0 0.03 0.010061693881761641
0.28 0 0.04 0.004139452946038753
0.28 0 0.05 0.008744227946979044
0.28 0 0.06 0.010035528236484507
0.28 0 0.07 0.00498855406285308
0.28 0 0.08 0.007919331165154938
0.28 0 0.09 0.009168823621030444
0.28 0 0.1 0.006988701359858912
0.28 0 0.11 0.005363361683745438
0.28 0 0.12 0.009126643492496268
0.28 0 0.13 0.020063077079681302
0.28 0 0.14 0.01707510914641102
0.28 0 0.15 0.04357599605982297
0.28 0 0.16 0.03915867698845364
0.28 0 0.17 0.02205446436269185
0.28 0 0.18 0.023610363798266473
0.28 0 0.19 0.018292893336968753
0.28 0 0.2 0.020829377468650087
0.28 0 0.21 0.016496517129707004
0.28 0 0.22 0.02514588168868666
0.28 0 0.23 0.013778707150294714
0.28 0 0.24 0.014658188383685067
0.28 0 0.25 0.018342252637072242
0.28 0 0.26 0.00572723525789421
0.28 0 0.27 0.004947649100077909
0.28 0 0.28 0.0037169986698569715
0.28 0 0.29 0.0022482482800553496
0.28 0 0.3 0.0031617537721051916
0.28 0 0.31 0.0027615860410568835
0.28 0 0.32 0.0015177003046366066
0.28 0 0.33 0.003246022476338201
0.28 0 0.34 0.003257018751000853
0.28 0 0.35000000000000003 0.0028624948886259117
0.28 0 0.36 0.0021533276677369265
0.28 0 0.37 0.001799877906656482
0.28 0 0.38 0.001484861805068912
0.28 0 0.39 0.0009177442749618222
0.28 0 0.4 0.0011149066028782622
0.28 0 0.41000000000000003 0.000646202677439159
0.28 0 0.42 0.001715889114588987
0.28 0 0.43 0.0015222377875966637
0.28 0 0.44 0.0012066909352570182
0.28 0 0.45 0.0014550928269351931
0.28 0 0.46 0.0008225028008760211
0.28 0 0.47000000000000003 0.001389051893604633
0.28 0 0.48 0.0009900750556188507
0.28 0 0.49 0.001407290131165994
0.28 0 0.5 0.0019185291110443083
0.29 0 0.0 0.0021469436618329037
0.29 0 0.01 0.003125759813269513
0.29 0 0.02 0.007047315936139336
0.29 0 0.03 0.0048457062897444255
0.29 0 0.04 0.007621028851159912
0.29 0 0.05 0.03173781460183568
0.29 0 0.06 0.009064762208023585
0.29 0 0.07 0.010055844505813328
0.29 0 0.08 0.014726244053701853
0.29 0 0.09 0.0067617927957995755
0.29 0 0.1 0.010401642994931798
0.29 0 0.11 0.010509662186760447
0.29 0 0.12 0.012923168894134026
0.29 0 0.13 0.009678989429003002
0.29 0 0.14 0.0245426460180567
0.29 0 0.15 0.020280396757282226
0.29 0 0.16 0.012379267377817579
0.29 0 0.17 0.02448689609426451
0.29 0 0.18 0.02211806436357498
0.29 0 0.19 0.0343730284451121
0.29 0 0.2 0.029292445450292567
0.29 0 0.21 0.028409580583846655
0.29 0 0.22 0.021932972146740445
0.29 0 0.23 0.015650424986670568
0.29 0 0.24 0.020973629464599623
0.29 0 0.25 0.018659733602752127
0.29 0 0.26 0.013246184976547615
0.29 0 0.27 0.016251255846788673
0.29 0 0.28 0.007957923007681849
0.29 0 0.29 0.004475896466229868
0.29 0 0.3 0.004145092307029121
0.29 0 0.31 0.0014985620895602298
0.29 0 0.32 0.001032084009652093
0.29 0 0.33 0.0006242427458659882
0.29 0 0.34 0.000659975410936548
0.29 0 0.35000000000000003 0.0004667777615902984
0.29 0 0.36 0.00031881276107719245
0.29 0 0.37 0.0004095355344400241
0.29 0 0.38 0.00040690702379678667
0.29 0 0.39 0.0007808882107705452
0.29 0 0.4 0.0008368213187311713
0.29 0 0.41000000000000003 0.001048143489251746
0.29 0 0.42 0.0012703686639952765
0.29 0 0.43 0.0011862513712595712
0.29 0 0.44 0.0014087858778611833
0.29 0 0.45 0.0006714158423822841
0.29 0 0.46 0.0009773045131405238
0.29 0 0.47000000000000003 0.0025490810569702583
0.29 0 0.48 0.001838538548134211
0.29 0 0.49 0.004099958000547632
0.29 0 0.5 0.003851325178926351
0.3 0 0.0 0.005745487870627631
0.3 0 0.01 0.0056952472295373245
0.3 0 0.02 0.005926939343070845
0.3 0 0.03 0.003198093765279976
0.3 0 0.04 0.004413396153005127
0.3 0 0.05 0.0013361775481345272
0.3 0 0.06 0.0009005023499184743
0.3 0 0.07 0.0013238117669106845
0.3 0 0.08 0.0006933916930230927
0.3 0 0.09 0.001474823887953406
0.3 0 0.1 0.003099555508132775
0.3 0 0.11 0.004337260099516655
0.3 0 0.12 0.004608883800922127
0.3 0 0.13 0.006619359379855402
0.3 0 0.14 0.010134141139216067
0.3 0 0.15 0.008283861944854282
0.3 0 0.16 0.009988611378439774
0.3 0 0.17 0.009751349548317695
0.3 0 0.18 0.009568505121791103
0.3 0 0.19 0.012870143292066228
0.3 0 0.2 0.007374345037854049
0.3 0 0.21 0.005927963141820493
0.3 0 0.22 0.002638802882142943
0.3 0 0.23 0.002416007841747157
0.3 0 0.24 0.003660533437792832
0.3 0 0.25 0.0010545760982910595
0.3 0 0.26 0.0014968144404366806
0.3 0 0.27 0.0018471321842214638
0.3 0 0.28 0.0011373160904355059
0.3 0 0.29 0.0018540109228951033
0.3 0 0.3 0.0032093194743872144
0.3 0 0.31 0.002740502768956462
0.3 0 0.32 0.0032801757066537865
0.3 0 0.33 0.005258324386566677
0.3 0 0.34 0.0033060833717724653
0.3 0 0.35000000000000003 0.003217070607231206
0.3 0 0.36 0.005093899189719561
0.3 0 0.37 0.0037516257140332663
0.3 0 0.38 0.004053629914242606
0.3 0 0.39 0.010675649494798291
0.3 0 0.4 0.0060831031561495155
0.3 0 0.41000000000000003 0.008865124633424972
0.3 0 0.42 0.014016863433204567
0.3 0 0.43 0.01560984450853183
0.3 0 0.44 0.021872014743128804
0.3 0 0.45 0.017187806531319218
0.3 0 0.46 0.02756630522717483
0.3 0 0.47000000000000003 0.010277653959903309
0.3 0 0.48 0.01703974223245439
0.3 0 0.49 0.016902984172017632
0.3 0 0.5 0.006610364441576971
#STOP
