#MEDIUM_PROPERTIES_DISTRIBUTED
$MSH_TYPE
	 GROUNDWATER_FLOW	
$MMP_TYPE
	 PERMEABILITY	
$DIS_TYPE
	 NEAREST_VALUE	
;hj
$CONVERSION_FACTOR
2e-8;2e-6;2e-13
$DATA
0.0 0 0.0 0.04738703820329486
0.0 0 0.01 0.018598138360868592
0.0 0 0.02 0.17377205186007194
0.0 0 0.03 0.14016414634900629
0.0 0 0.04 0.1818901805309112
0.0 0 0.05 0.033428880354880924
0.0 0 0.06 0.029099826718096473
0.0 0 0.07 0.32065646258338215
0.0 0 0.08 6.289999332692097
0.0 0 0.09 8.61607083519698
0.0 0 0.1 7.982853804178313
0.0 0 0.11 5.583691744206486
0.0 0 0.12 2.9686721124236706
0.0 0 0.13 0.27051805544816165
0.0 0 0.14 0.023564925896503938
0.0 0 0.15 0.3207255254318353
0.0 0 0.16 0.014575807306296214
0.0 0 0.17 0.02877030831520314
0.0 0 0.18 0.023834405096813414
0.0 0 0.19 0.032516640932327576
0.0 0 0.2 0.07496733281791755
0.0 0 0.21 0.15185876771643328
0.0 0 0.22 0.12722908681070635
0.0 0 0.23 0.1198863699474663
0.0 0 0.24 0.2723076797559563
0.0 0 0.25 1.2449365240661325
0.0 0 0.26 4.4256857171233355
0.0 0 0.27 8.894647158531955
0.0 0 0.28 28.994032187626086
0.0 0 0.29 3.4252778154102077
0.0 0 0.3 0.8307967709649379
0.0 0 0.31 1.3964269222414532
0.0 0 0.32 3.094641765971079
0.0 0 0.33 0.25050809913526917
0.0 0 0.34 0.05825058742956373
0.0 0 0.35000000000000003 0.006969064153887526
0.0 0 0.36 0.01189412789232168
0.0 0 0.37 0.07444561046326252
0.0 0 0.38 0.04703203309543172
0.0 0 0.39 0.09265135640757324
0.0 0 0.4 0.08895998283988417
0.0 0 0.41000000000000003 0.060974336178241426
0.0 0 0.42 0.0019612974719126286
0.0 0 0.43 0.013645590517349739
0.0 0 0.44 0.058095088818304344
0.0 0 0.45 0.06909068414299595
0.0 0 0.46 0.008150605540154737
0.0 0 0.47000000000000003 0.0011888747933465674
0.0 0 0.48 0.001899384948711489
0.0 0 0.49 0.0006370573502001163
0.0 0 0.5 0.0654427488250349
0.01 0 0.0 0.04951337159862257
0.01 0 0.01 0.026901041305378248
0.01 0 0.02 0.05597219132039139
0.01 0 0.03 0.04563527560357616
0.01 0 0.04 0.1536784584494173
0.01 0 0.05 0.13407977141884453
0.01 0 0.06 0.2426575678116668
0.01 0 0.07 0.06713488112749587
0.01 0 0.08 0.07624902449939826
0.01 0 0.09 0.6386151780953886
0.01 0 0.1 4.663980747918069
0.01 0 0.11 3.13473022838749
0.01 0 0.12 1.9985654933292083
0.01 0 0.13 1.7712778506117794
0.01 0 0.14 0.13817512793480347
0.01 0 0.15 0.019167844438239236
0.01 0 0.16 0.10855818953835641
0.01 0 0.17 0.14751201147285425
0.01 0 0.18 0.05367092263886892
0.01 0 0.19 0.05635777257606163
0.01 0 0.2 0.12297788120595252
0.01 0 0.21 0.17056409793273902
0.01 0 0.22 0.13264833761399095
0.01 0 0.23 0.4138790514481188
0.01 0 0.24 0.210421102208293
0.01 0 0.25 0.13369023515193956
0.01 0 0.26 0.1984019309724268
0.01 0 0.27 0.07397098036961537
0.01 0 0.28 0.5706862987866943
0.01 0 0.29 2.830284687525852
0.01 0 0.3 0.447685840410778
0.01 0 0.31 0.1256970628504257
0.01 0 0.32 1.3657802454469474
0.01 0 0.33 1.59221267699108
0.01 0 0.34 0.07560411861948879
0.01 0 0.35000000000000003 0.01670590272195373
0.01 0 0.36 0.01031280823901582
0.01 0 0.37 0.21510692845195245
0.01 0 0.38 0.08532322259507716
0.01 0 0.39 0.2005346988181425
0.01 0 0.4 0.11962497989893359
0.01 0 0.41000000000000003 0.03845781108685149
0.01 0 0.42 0.01565910094501715
0.01 0 0.43 0.005281430233392175
0.01 0 0.44 0.008816102918872887
0.01 0 0.45 0.008760247902722259
0.01 0 0.46 0.0271448548979372
0.01 0 0.47000000000000003 0.03783656247890918
0.01 0 0.48 0.014075730380393416
0.01 0 0.49 0.031382064037164294
0.01 0 0.5 0.14012835629017475
0.02 0 0.0 0.04364499300333872
0.02 0 0.01 0.038937258462135055
0.02 0 0.02 0.08774381669349915
0.02 0 0.03 0.04652968460737398
0.02 0 0.04 0.10179830494614281
0.02 0 0.05 0.11430815059239105
0.02 0 0.06 0.2423714873323458
0.02 0 0.07 0.24509921870324
0.02 0 0.08 1.3080175324674868
0.02 0 0.09 3.1817374883651093
0.02 0 0.1 2.5885057011183843
0.02 0 0.11 1.7093086972279026
0.02 0 0.12 1.602702320983204
0.02 0 0.13 0.8427234816509417
0.02 0 0.14 0.09470082030035648
0.02 0 0.15 0.04769257688305883
0.02 0 0.16 0.0054168893392276115
0.02 0 0.17 0.04924591398165807
0.02 0 0.18 0.020299185884490648
0.02 0 0.19 0.01769649619982712
0.02 0 0.2 0.15525227741906714
0.02 0 0.21 0.5676325086538319
0.02 0 0.22 0.23306622834898827
0.02 0 0.23 0.21622361263736167
0.02 0 0.24 1.1357123343235676
0.02 0 0.25 2.9897491061641275
0.02 0 0.26 2.9543323756596083
0.02 0 0.27 0.03478025855205571
0.02 0 0.28 0.04506591529730025
0.02 0 0.29 0.009074411123275929
0.02 0 0.3 0.04485619527489228
0.02 0 0.31 0.16356071574821
0.02 0 0.32 0.04855958561825224
0.02 0 0.33 0.7652786157723507
0.02 0 0.34 0.21491725727945013
0.02 0 0.35000000000000003 0.0329649454736366
0.02 0 0.36 0.05140844618524891
0.02 0 0.37 0.27666441128434127
0.02 0 0.38 0.9370323461929696
0.02 0 0.39 2.729104626182683
0.02 0 0.4 0.7371102777716433
0.02 0 0.41000000000000003 0.6224316693581053
0.02 0 0.42 0.19034501734955575
0.02 0 0.43 0.01665032284352356
0.02 0 0.44 0.16495125702047828
0.02 0 0.45 0.06323018532224997
0.02 0 0.46 0.11770429822554072
0.02 0 0.47000000000000003 0.0013794638616129993
0.02 0 0.48 0.0059466093118382655
0.02 0 0.49 0.027158924833214765
0.02 0 0.5 0.02762774119103453
0.03 0 0.0 0.03350100179652525
0.03 0 0.01 0.05274561358876139
0.03 0 0.02 0.3237610430582221
0.03 0 0.03 0.33571305682651403
0.03 0 0.04 0.40797705229967773
0.03 0 0.05 0.5163473276625501
0.03 0 0.06 0.5105332050353598
0.03 0 0.07 0.3494399253070861
0.03 0 0.08 0.16324111445342335
0.03 0 0.09 0.3128380022858963
0.03 0 0.1 0.5385897553341255
0.03 0 0.11 2.813514274620494
0.03 0 0.12 0.6255602356768502
0.03 0 0.13 0.18780339499391815
0.03 0 0.14 0.14585286558681002
0.03 0 0.15 0.1625449555118263
0.03 0 0.16 0.017638115714952336
0.03 0 0.17 0.18934657845090755
0.03 0 0.18 1.1181589039726767
0.03 0 0.19 1.0101107347031453
0.03 0 0.2 0.4306799581634831
0.03 0 0.21 0.059550323969316345
0.03 0 0.22 0.7904237588231623
0.03 0 0.23 0.37352184290478685
0.03 0 0.24 0.9974067490266105
0.03 0 0.25 3.434938112541803
0.03 0 0.26 0.9524980530884941
0.03 0 0.27 0.1604511578919415
0.03 0 0.28 0.015040575282293038
0.03 0 0.29 0.0038117184100901506
0.03 0 0.3 0.00484264653697172
0.03 0 0.31 0.026025853686901138
0.03 0 0.32 0.011336930418742517
0.03 0 0.33 0.0964118251447129
0.03 0 0.34 0.020614866142647608
0.03 0 0.35000000000000003 0.04828842409818542
0.03 0 0.36 0.008337291478692914
0.03 0 0.37 0.018296853228819333
0.03 0 0.38 0.19306536105610198
0.03 0 0.39 0.10635435734218329
0.03 0 0.4 0.6304178380119617
0.03 0 0.41000000000000003 0.8425511909362441
0.03 0 0.42 0.12049512931397906
0.03 0 0.43 0.012143408183040551
0.03 0 0.44 0.028092344666088384
0.03 0 0.45 0.08121647530431031
0.03 0 0.46 0.037969436314819596
0.03 0 0.47000000000000003 0.0015148392260723538
0.03 0 0.48 0.0007678791781549895
0.03 0 0.49 0.0014648047601124564
0.03 0 0.5 0.0012786474446505928
0.04 0 0.0 0.9208834855991915
0.04 0 0.01 0.695247406522244
0.04 0 0.02 0.02084588848145197
0.04 0 0.03 0.12272159053963762
0.04 0 0.04 1.0714221501070271
0.04 0 0.05 2.222803549251832
0.04 0 0.06 5.007301169177104
0.04 0 0.07 1.2904433985117436
0.04 0 0.08 0.23126802233355415
0.04 0 0.09 0.16008833004811654
0.04 0 0.1 0.3672380634383937
0.04 0 0.11 5.467198975789536
0.04 0 0.12 3.9141198635845944
0.04 0 0.13 9.376999714308338
0.04 0 0.14 3.3319539058224503
0.04 0 0.15 0.19596702985821784
0.04 0 0.16 10.310578922210162
0.04 0 0.17 3.7551429348795597
0.04 0 0.18 4.979029272674789
0.04 0 0.19 5.646607310102218
0.04 0 0.2 1.2468150369217275
0.04 0 0.21 0.3066353611781992
0.04 0 0.22 1.3238617994510027
0.04 0 0.23 0.32013137578118017
0.04 0 0.24 0.4068055530103715
0.04 0 0.25 1.0215367983401917
0.04 0 0.26 0.24111003643121393
0.04 0 0.27 0.0868220476771391
0.04 0 0.28 0.006048575114591985
0.04 0 0.29 0.004976639862650653
0.04 0 0.3 0.001947559019144217
0.04 0 0.31 0.0013620317451775979
0.04 0 0.32 0.00487778083901082
0.04 0 0.33 0.029775002916389078
0.04 0 0.34 0.01139530736440309
0.04 0 0.35000000000000003 0.01179435703486834
0.04 0 0.36 0.02992802281529688
0.04 0 0.37 0.09811775034255765
0.04 0 0.38 0.15285785013992717
0.04 0 0.39 0.016695118872419902
0.04 0 0.4 0.10522813901487812
0.04 0 0.41000000000000003 0.04934604477419071
0.04 0 0.42 0.10440337399072118
0.04 0 0.43 0.05706665060946188
0.04 0 0.44 0.005082362669115324
0.04 0 0.45 0.0014052556353660833
0.04 0 0.46 0.005546290688566688
0.04 0 0.47000000000000003 0.002065175414241054
0.04 0 0.48 0.0023929505593437888
0.04 0 0.49 0.002285090496243872
0.04 0 0.5 0.006960046779397604
0.05 0 0.0 0.43455242370924974
0.05 0 0.01 0.08877190654996325
0.05 0 0.02 0.12540217371270304
0.05 0 0.03 0.42201039790047956
0.05 0 0.04 0.16550019485565062
0.05 0 0.05 7.567897316607486
0.05 0 0.06 4.948025631112507
0.05 0 0.07 21.319661860771618
0.05 0 0.08 5.167191299914077
0.05 0 0.09 0.2385266750455277
0.05 0 0.1 0.3051918212857375
0.05 0 0.11 3.759619519543785
0.05 0 0.12 40.914988357080965
0.05 0 0.13 21.61018180797349
0.05 0 0.14 9.760715582070803
0.05 0 0.15 17.883473810935378
0.05 0 0.16 39.58073374753393
0.05 0 0.17 10.541534364526168
0.05 0 0.18 51.98933459392084
0.05 0 0.19 10.010415335171425
0.05 0 0.2 3.8736013419400477
0.05 0 0.21 2.5147465266337603
0.05 0 0.22 0.14245815841572762
0.05 0 0.23 0.4694094510583354
0.05 0 0.24 0.44887074217414813
0.05 0 0.25 1.1559815823129076
0.05 0 0.26 0.14388618009327667
0.05 0 0.27 0.3003980333046296
0.05 0 0.28 0.007802814307697062
0.05 0 0.29 0.03197033366711202
0.05 0 0.3 0.014745650924334554
0.05 0 0.31 0.017775245896667503
0.05 0 0.32 0.039798640598938256
0.05 0 0.33 0.020898433868233337
0.05 0 0.34 0.028479379995004637
0.05 0 0.35000000000000003 0.0027039168305038556
0.05 0 0.36 0.023960357383042818
0.05 0 0.37 0.010314787259044693
0.05 0 0.38 0.04562328895463398
0.05 0 0.39 0.05685317511437591
0.05 0 0.4 0.0374630266715093
0.05 0 0.41000000000000003 0.005980424778450399
0.05 0 0.42 0.01579924224564309
0.05 0 0.43 0.04112886162583672
0.05 0 0.44 0.01584372368333789
0.05 0 0.45 0.03255367785333835
0.05 0 0.46 0.0017074616979249342
0.05 0 0.47000000000000003 0.0021841415955874324
0.05 0 0.48 0.010066090032480572
0.05 0 0.49 0.040678484001003316
0.05 0 0.5 0.2372555202316338
0.06 0 0.0 0.026964451652077292
0.06 0 0.01 0.02059353298593635
0.06 0 0.02 0.07916058596897682
0.06 0 0.03 0.13591855081198312
0.06 0 0.04 0.49648461765615004
0.06 0 0.05 0.5239283558112382
0.06 0 0.06 2.2391478635531987
0.06 0 0.07 0.685169933538691
0.06 0 0.08 0.2733722104356134
0.06 0 0.09 0.12699705851267545
0.06 0 0.1 0.12224569126205354
0.06 0 0.11 0.03584397508469042
0.06 0 0.12 0.4293240694499633
0.06 0 0.13 3.4945829586421855
0.06 0 0.14 6.507454759841702
0.06 0 0.15 4.977464465557083
0.06 0 0.16 16.808813075027203
0.06 0 0.17 36.87760449771413
0.06 0 0.18 49.11986278294308
0.06 0 0.19 5.163594081815425
0.06 0 0.2 0.19308247496946093
0.06 0 0.21 0.8000578987197019
0.06 0 0.22 0.37664575716931314
0.06 0 0.23 0.7814892656690847
0.06 0 0.24 0.9065279547346995
0.06 0 0.25 0.470581502571457
0.06 0 0.26 0.19345528985698118
0.06 0 0.27 0.02382538115573245
0.06 0 0.28 0.0540852590679958
0.06 0 0.29 0.09154324205302716
0.06 0 0.3 0.2303302516218994
0.06 0 0.31 0.09313370632633672
0.06 0 0.32 0.4811013183203024
0.06 0 0.33 0.5257097704023826
0.06 0 0.34 0.41033636851852495
0.06 0 0.35000000000000003 0.10104024468555017
0.06 0 0.36 0.009492063417950255
0.06 0 0.37 0.06356945680131523
0.06 0 0.38 0.23650220442171366
0.06 0 0.39 0.2912980611948496
0.06 0 0.4 0.3807900547041737
0.06 0 0.41000000000000003 0.4316249859416398
0.06 0 0.42 0.05420752323888386
0.06 0 0.43 0.005294668661834096
0.06 0 0.44 0.05568890402513974
0.06 0 0.45 0.20301549869974608
0.06 0 0.46 0.03095226223185576
0.06 0 0.47000000000000003 0.027585178733561463
0.06 0 0.48 0.027012342769424356
0.06 0 0.49 0.4059498279206662
0.06 0 0.5 1.6444208030041645
0.07 0 0.0 0.019776600967702958
0.07 0 0.01 0.01227371208195501
0.07 0 0.02 9.188208410500664e-05
0.07 0 0.03 0.0003518374493348748
0.07 0 0.04 0.0075120516101041535
0.07 0 0.05 0.06103814889893977
0.07 0 0.06 0.27814604508120483
0.07 0 0.07 0.2609286549547398
0.07 0 0.08 0.18742141596126224
0.07 0 0.09 0.01230470997350428
0.07 0 0.1 0.056109821891812295
0.07 0 0.11 0.1493044876609121
0.07 0 0.12 0.8171006886769347
0.07 0 0.13 1.725270381135609
0.07 0 0.14 2.196272063195947
0.07 0 0.15 5.34639598349896
0.07 0 0.16 5.543668101159938
0.07 0 0.17 43.75074483337058
0.07 0 0.18 7.161340932421192
0.07 0 0.19 1.630369913352722
0.07 0 0.2 0.7811247543064245
0.07 0 0.21 0.30678563660868996
0.07 0 0.22 0.031824654639846926
0.07 0 0.23 0.10432367013162602
0.07 0 0.24 0.16304212940030244
0.07 0 0.25 0.08162049731113132
0.07 0 0.26 0.19896157457610844
0.07 0 0.27 0.04486452859202479
0.07 0 0.28 0.1000460073392813
0.07 0 0.29 0.3793937001071676
0.07 0 0.3 0.19443494592259783
0.07 0 0.31 0.7091411215053258
0.07 0 0.32 0.48721512844454073
0.07 0 0.33 4.358948482915724
0.07 0 0.34 3.077619403173355
0.07 0 0.35000000000000003 0.059686215516613066
0.07 0 0.36 0.022274180422515895
0.07 0 0.37 0.009666731546080085
0.07 0 0.38 0.048731089602783224
0.07 0 0.39 0.202341280005563
0.07 0 0.4 0.29430051417260844
0.07 0 0.41000000000000003 0.3088485275419996
0.07 0 0.42 0.12312237640931194
0.07 0 0.43 0.016928626402690525
0.07 0 0.44 0.040918675960340836
0.07 0 0.45 0.11181866846046638
0.07 0 0.46 0.6510753770779351
0.07 0 0.47000000000000003 0.12332839751425101
0.07 0 0.48 0.012416078983224839
0.07 0 0.49 0.017881512973893465
0.07 0 0.5 0.15017179134896091
0.08 0 0.0 0.0012931902228031312
0.08 0 0.01 0.0003805440041735463
0.08 0 0.02 0.00203483069932853
0.08 0 0.03 0.0005824944418053109
0.08 0 0.04 0.00319360509785683
0.08 0 0.05 0.02080991730345996
0.08 0 0.06 0.21588806256277307
0.08 0 0.07 0.03869837042584966
0.08 0 0.08 0.07469826500662635
0.08 0 0.09 0.11065551956498237
0.08 0 0.1 2.274587654384993
0.08 0 0.11 2.3203698267486694
0.08 0 0.12 1.1966671768230346
0.08 0 0.13 0.26081788637922076
0.08 0 0.14 0.2043596901898866
0.08 0 0.15 7.174570064882596
0.08 0 0.16 3.0838963061335054
0.08 0 0.17 2.818288841253263
0.08 0 0.18 3.9147816509194824
0.08 0 0.19 1.7308695089353194
0.08 0 0.2 0.09292738400045011
0.08 0 0.21 0.06586580371609614
0.08 0 0.22 0.10113330018524234
0.08 0 0.23 0.35018211281104317
0.08 0 0.24 0.03107263169411135
0.08 0 0.25 0.21977365661051668
0.08 0 0.26 0.6255476573898451
0.08 0 0.27 0.5482580362066528
0.08 0 0.28 4.549816085776572
0.08 0 0.29 2.901544840702675
0.08 0 0.3 7.17680425366417
0.08 0 0.31 0.8450830817983307
0.08 0 0.32 0.14519843841347965
0.08 0 0.33 0.05046407701237526
0.08 0 0.34 0.07855621997028774
0.08 0 0.35000000000000003 0.04904741878358025
0.08 0 0.36 0.004922749021699788
0.08 0 0.37 0.001662106229541666
0.08 0 0.38 0.0015084342840687738
0.08 0 0.39 0.0007819847926161791
0.08 0 0.4 0.0009103082745866237
0.08 0 0.41000000000000003 0.009692918506234768
0.08 0 0.42 0.01431808809511416
0.08 0 0.43 0.03462536477335114
0.08 0 0.44 0.003463902572725613
0.08 0 0.45 0.015115565224846403
0.08 0 0.46 0.18570987830082508
0.08 0 0.47000000000000003 0.09481905128419033
0.08 0 0.48 0.016402657364293784
0.08 0 0.49 0.0860057536266
0.08 0 0.5 0.1577692286782662
0.09 0 0.0 0.0014009414161479123
0.09 0 0.01 0.0004213534953303594
0.09 0 0.02 0.0010598614335518444
0.09 0 0.03 0.002100208356698371
0.09 0 0.04 0.015210312758955857
0.09 0 0.05 0.018760918220758625
0.09 0 0.06 0.29708523696123673
0.09 0 0.07 0.7789428749059142
0.09 0 0.08 1.1465013434915587
0.09 0 0.09 3.7720272683575082
0.09 0 0.1 0.30775717762938926
0.09 0 0.11 3.641964113743116
0.09 0 0.12 5.989995301465134
0.09 0 0.13 1.7229043434273204
0.09 0 0.14 0.6533965883492237
0.09 0 0.15 0.5517822201315348
0.09 0 0.16 0.3407742610261527
0.09 0 0.17 0.5677774756587636
0.09 0 0.18 0.019710292274706366
0.09 0 0.19 0.014368097021972965
0.09 0 0.2 0.08968235532981053
0.09 0 0.21 0.048856326390474186
0.09 0 0.22 0.3054212860869389
0.09 0 0.23 0.07367232853051968
0.09 0 0.24 0.15190569046086966
0.09 0 0.25 0.5160044497252341
0.09 0 0.26 5.846219941054628
0.09 0 0.27 20.484978520043978
0.09 0 0.28 21.19778714470808
0.09 0 0.29 6.017231785969084
0.09 0 0.3 1.1447361713959758
0.09 0 0.31 0.07056809098338658
0.09 0 0.32 0.04124051245589312
0.09 0 0.33 0.08083002184355192
0.09 0 0.34 0.01315093287178185
0.09 0 0.35000000000000003 0.0007528634784273431
0.09 0 0.36 0.00014812988851481618
0.09 0 0.37 8.060443423002774e-05
0.09 0 0.38 0.0004291577860209577
0.09 0 0.39 0.0024460520463662344
0.09 0 0.4 0.010131354869009878
0.09 0 0.41000000000000003 0.09142478314980544
0.09 0 0.42 0.04339130377989655
0.09 0 0.43 0.026708452762860588
0.09 0 0.44 0.12353365687188987
0.09 0 0.45 1.5292668885834493
0.09 0 0.46 3.1028439844270608
0.09 0 0.47000000000000003 0.3886144407524293
0.09 0 0.48 0.4511889510482144
0.09 0 0.49 0.05600329073215295
0.09 0 0.5 0.1255164585457499
0.1 0 0.0 0.021095427764620475
0.1 0 0.01 0.0024315136258192547
0.1 0 0.02 0.00022198658933553876
0.1 0 0.03 0.0003346519130042758
0.1 0 0.04 0.008164587385051778
0.1 0 0.05 0.04758061312907206
0.1 0 0.06 0.23875213107510068
0.1 0 0.07 4.030439419734655
0.1 0 0.08 3.2936978999345046
0.1 0 0.09 0.17522532010386574
0.1 0 0.1 0.03113648877674673
0.1 0 0.11 0.37441952950545737
0.1 0 0.12 0.21388868398656216
0.1 0 0.13 5.325653951086824
0.1 0 0.14 6.017770807794532
0.1 0 0.15 0.4777841482863332
0.1 0 0.16 0.40333629518847147
0.1 0 0.17 0.13654075029208937
0.1 0 0.18 0.27830596372635735
0.1 0 0.19 0.16607716754668944
0.1 0 0.2 0.03947369345279418
0.1 0 0.21 0.015520341426150493
0.1 0 0.22 0.07487013932318888
0.1 0 0.23 2.252058109684294
0.1 0 0.24 13.263707663732644
0.1 0 0.25 10.650497099945893
0.1 0 0.26 5.6508960592538235
0.1 0 0.27 8.74170614139904
0.1 0 0.28 2.2401701332862047
0.1 0 0.29 5.862544500068209
0.1 0 0.3 7.371818345873108
0.1 0 0.31 11.123674343172478
0.1 0 0.32 0.42352674109810484
0.1 0 0.33 0.05187811727478116
0.1 0 0.34 0.020137297555223612
0.1 0 0.35000000000000003 0.009730677201636085
0.1 0 0.36 0.00651929570798298
0.1 0 0.37 0.03611761930086584
0.1 0 0.38 0.015553981380282234
0.1 0 0.39 0.008136541736334532
0.1 0 0.4 0.019605531843159503
0.1 0 0.41000000000000003 0.06555413600174781
0.1 0 0.42 0.25673707329297746
0.1 0 0.43 0.24014996401834973
0.1 0 0.44 0.13793721429849448
0.1 0 0.45 0.04167919721177055
0.1 0 0.46 0.2070910200279722
0.1 0 0.47000000000000003 0.1674214234450573
0.1 0 0.48 0.1050194982151327
0.1 0 0.49 0.16188419352831038
0.1 0 0.5 0.603386644561677
0.11 0 0.0 0.0030238061095533546
0.11 0 0.01 0.0003595371052279518
0.11 0 0.02 0.0010490291192203774
0.11 0 0.03 0.0005131240402875476
0.11 0 0.04 0.0014465488441773124
0.11 0 0.05 0.007172840295974581
0.11 0 0.06 0.041279838914448454
0.11 0 0.07 0.17504871539121897
0.11 0 0.08 0.29227535370815083
0.11 0 0.09 0.6832214892870541
0.11 0 0.1 0.2278341689900174
0.11 0 0.11 0.5394832445621351
0.11 0 0.12 1.1727435952018042
0.11 0 0.13 8.509124006932938
0.11 0 0.14 6.283777415104042
0.11 0 0.15 3.8482070386857257
0.11 0 0.16 1.4462882817920413
0.11 0 0.17 0.09964897898292213
0.11 0 0.18 0.2741607300885953
0.11 0 0.19 0.11539876850156926
0.11 0 0.2 0.03175911871242291
0.11 0 0.21 0.04047981365225977
0.11 0 0.22 0.45712375774567204
0.11 0 0.23 0.5586110397858096
0.11 0 0.24 3.617504937990943
0.11 0 0.25 6.155803011841133
0.11 0 0.26 1.4663432582815412
0.11 0 0.27 0.9523888041242989
0.11 0 0.28 2.477073291849627
0.11 0 0.29 3.0198545771535317
0.11 0 0.3 1.8467620194270848
0.11 0 0.31 0.7176717414954382
0.11 0 0.32 0.03351894297073765
0.11 0 0.33 0.04595690851025691
0.11 0 0.34 0.031300713209114546
0.11 0 0.35000000000000003 0.06742984145603084
0.11 0 0.36 0.09242005941810748
0.11 0 0.37 0.024003897908716102
0.11 0 0.38 0.09506597293461061
0.11 0 0.39 0.05726675380933957
0.11 0 0.4 0.10871332791366055
0.11 0 0.41000000000000003 0.01630821743022987
0.11 0 0.42 0.09446050786600926
0.11 0 0.43 0.09095513548964695
0.11 0 0.44 0.045872000761798024
0.11 0 0.45 0.03206159674273948
0.11 0 0.46 0.08348016985806168
0.11 0 0.47000000000000003 0.02173278950357209
0.11 0 0.48 0.011114659163153615
0.11 0 0.49 0.037252017917087356
0.11 0 0.5 0.025644649884855493
0.12 0 0.0 0.0001807646912041793
0.12 0 0.01 0.0037306362222286863
0.12 0 0.02 0.0005437913642215355
0.12 0 0.03 0.010614450379920953
0.12 0 0.04 0.004798673776638017
0.12 0 0.05 0.04367757325216119
0.12 0 0.06 0.03431688736208751
0.12 0 0.07 0.43971172576163653
0.12 0 0.08 0.4543231454209143
0.12 0 0.09 0.2139504201520913
0.12 0 0.1 0.3432682415915842
0.12 0 0.11 0.5045809985536159
0.12 0 0.12 5.1423429015416255
0.12 0 0.13 1.0567625948314312
0.12 0 0.14 0.2134290054458299
0.12 0 0.15 0.09337462178609665
0.12 0 0.16 0.46352209274407913
0.12 0 0.17 0.3295877147936587
0.12 0 0.18 0.05190603470277986
0.12 0 0.19 0.08877915076888952
0.12 0 0.2 0.11464249514326978
0.12 0 0.21 0.20820861408397157
0.12 0 0.22 0.022321548498466664
0.12 0 0.23 0.03697554000378056
0.12 0 0.24 0.07664984489734909
0.12 0 0.25 0.1427407110367515
0.12 0 0.26 0.15517522158912084
0.12 0 0.27 0.20397785521075498
0.12 0 0.28 0.17723232253372126
0.12 0 0.29 0.37991577595939574
0.12 0 0.3 0.08285910139000015
0.12 0 0.31 0.037269184638785195
0.12 0 0.32 0.04569199943938178
0.12 0 0.33 0.00562367484409344
0.12 0 0.34 0.004059097272731377
0.12 0 0.35000000000000003 0.012782778389302698
0.12 0 0.36 0.03824547681309919
0.12 0 0.37 0.016315278580067618
0.12 0 0.38 0.015377543363101348
0.12 0 0.39 0.025091048037102135
0.12 0 0.4 0.011407065263968244
0.12 0 0.41000000000000003 0.016694785754183077
0.12 0 0.42 0.013085001921842903
0.12 0 0.43 0.007794356961828806
0.12 0 0.44 0.031103664520272644
0.12 0 0.45 0.19540159243656988
0.12 0 0.46 0.03637570920952855
0.12 0 0.47000000000000003 0.023312163064843305
0.12 0 0.48 0.030921458860810772
0.12 0 0.49 0.005723874657874368
0.12 0 0.5 0.015338587505911995
0.13 0 0.0 0.0016312123490024237
0.13 0 0.01 0.009180572332076005
0.13 0 0.02 0.02283577746942108
0.13 0 0.03 0.015655265074254805
0.13 0 0.04 0.026825622076415128
0.13 0 0.05 0.1309633121700911
0.13 0 0.06 0.2509876043853259
0.13 0 0.07 0.45667865120098633
0.13 0 0.08 22.188038537043315
0.13 0 0.09 17.97017845596532
0.13 0 0.1 3.4788689607138013
0.13 0 0.11 0.4684636059045082
0.13 0 0.12 0.40305110463011645
0.13 0 0.13 0.28586228598291685
0.13 0 0.14 0.08936738057722134
0.13 0 0.15 0.011555940037765758
0.13 0 0.16 0.0077807100189866765
0.13 0 0.17 0.0021823922865549863
0.13 0 0.18 0.007472944530750311
0.13 0 0.19 0.0010161036936833245
0.13 0 0.2 0.0018703347146733112
0.13 0 0.21 0.016831825555550465
0.13 0 0.22 0.006889208420773945
0.13 0 0.23 0.033768229770005334
0.13 0 0.24 0.02638933909148613
0.13 0 0.25 0.05947260391413691
0.13 0 0.26 0.3699566635259883
0.13 0 0.27 1.1523721585418794
0.13 0 0.28 0.2076397250739603
0.13 0 0.29 0.20181393944815365
0.13 0 0.3 0.2929093764205473
0.13 0 0.31 0.027677786001123784
0.13 0 0.32 0.0020442259878805575
0.13 0 0.33 0.0034593964456153315
0.13 0 0.34 0.010589964649141663
0.13 0 0.35000000000000003 0.00526563861999505
0.13 0 0.36 0.0069028850072556745
0.13 0 0.37 0.026047489859030996
0.13 0 0.38 0.06954563409419912
0.13 0 0.39 0.03281050385470888
0.13 0 0.4 0.03337624360685251
0.13 0 0.41000000000000003 0.13388567304795881
0.13 0 0.42 0.1789764001664481
0.13 0 0.43 0.0635499529023754
0.13 0 0.44 0.027543997861110243
0.13 0 0.45 0.01569729595624166
0.13 0 0.46 0.03194143724238695
0.13 0 0.47000000000000003 0.0054869913561341735
0.13 0 0.48 0.00029212534850595414
0.13 0 0.49 0.0003489437268191293
0.13 0 0.5 0.0031855128337648785
0.14 0 0.0 0.003829548751788023
0.14 0 0.01 0.004089750776180629
0.14 0 0.02 0.0012049007261267222
0.14 0 0.03 0.005223103226483747
0.14 0 0.04 0.00906334006612243
0.14 0 0.05 0.007985300153033096
0.14 0 0.06 0.09470809597276585
0.14 0 0.07 1.3427604663706905
0.14 0 0.08 1.386421149169428
0.14 0 0.09 4.097557492869553
0.14 0 0.1 4.780490790707897
0.14 0 0.11 0.3704119294881609
0.14 0 0.12 0.8690142047319087
0.14 0 0.13 0.26652296107779977
0.14 0 0.14 0.19603705181493675
0.14 0 0.15 0.09006692225748013
0.14 0 0.16 0.014818861822161017
0.14 0 0.17 0.014492790482574479
0.14 0 0.18 0.004605763246800821
0.14 0 0.19 0.013053519277740963
0.14 0 0.2 0.00316155357549519
0.14 0 0.21 0.0006734532498062688
0.14 0 0.22 0.0015233514484962196
0.14 0 0.23 0.006574870247013671
0.14 0 0.24 0.004250873157945986
0.14 0 0.25 0.05507541469979831
0.14 0 0.26 0.06849709688363118
0.14 0 0.27 0.07464111031504679
0.14 0 0.28 0.0900356595136488
0.14 0 0.29 0.5632254184734511
0.14 0 0.3 1.2810379210823408
0.14 0 0.31 0.9170041874479795
0.14 0 0.32 0.7113102835345847
0.14 0 0.33 0.20413343907789402
0.14 0 0.34 0.3055285845149612
0.14 0 0.35000000000000003 0.007793797833220204
0.14 0 0.36 0.007148633967042239
0.14 0 0.37 0.008475977418118645
0.14 0 0.38 0.32361630176979383
0.14 0 0.39 0.12269517557113659
0.14 0 0.4 0.03419734453932494
0.14 0 0.41000000000000003 0.020359659529828045
0.14 0 0.42 0.013151146024810286
0.14 0 0.43 0.03406575553317125
0.14 0 0.44 0.006953210433513536
0.14 0 0.45 0.0019421972742467099
0.14 0 0.46 0.0012364544853782351
0.14 0 0.47000000000000003 0.00047325527928434024
0.14 0 0.48 3.3007365190864044e-05
0.14 0 0.49 2.3679425003091363e-05
0.14 0 0.5 0.0003331725026297167
0.15 0 0.0 0.001687235103038568
0.15 0 0.01 0.0012672548444252311
0.15 0 0.02 0.001047504178461191
0.15 0 0.03 0.0010109478837937893
0.15 0 0.04 0.0037386549953651715
0.15 0 0.05 0.0020357066391926627
0.15 0 0.06 0.024652823793740165
0.15 0 0.07 0.12758339567296997
0.15 0 0.08 1.8080470701899074
0.15 0 0.09 1.3995689370356539
0.15 0 0.1 0.5075258452410086
0.15 0 0.11 2.1918409208826217
0.15 0 0.12 0.15680255348648742
0.15 0 0.13 0.026357634316377696
0.15 0 0.14 0.053232837710289735
0.15 0 0.15 0.09532853177259734
0.15 0 0.16 0.06144105315058147
0.15 0 0.17 0.0022258822305411016
0.15 0 0.18 0.0005683169382092865
0.15 0 0.19 0.002260536128315238
0.15 0 0.2 0.004609408499799231
0.15 0 0.21 0.03823758318138829
0.15 0 0.22 0.0026111487598558854
0.15 0 0.23 0.0036863607664587013
0.15 0 0.24 0.00722733431874885
0.15 0 0.25 0.007419859482680207
0.15 0 0.26 0.06867890980155447
0.15 0 0.27 0.5725763615352102
0.15 0 0.28 2.2996482760521544
0.15 0 0.29 0.6565062454317739
0.15 0 0.3 0.3277915538098639
0.15 0 0.31 0.2849413611491616
0.15 0 0.32 0.7838195196097181
0.15 0 0.33 0.09787474796177094
0.15 0 0.34 0.1311058674785779
0.15 0 0.35000000000000003 0.17701248181207857
0.15 0 0.36 0.008638076563932619
0.15 0 0.37 0.0056969500815021844
0.15 0 0.38 0.0014305820475131285
0.15 0 0.39 0.05323559643607943
0.15 0 0.4 0.08735196855369749
0.15 0 0.41000000000000003 0.05416826766252332
0.15 0 0.42 0.01780310663682084
0.15 0 0.43 0.0015366609473610468
0.15 0 0.44 0.0001567683476025818
0.15 0 0.45 0.0001555973991037764
0.15 0 0.46 0.0011489583343698383
0.15 0 0.47000000000000003 0.0026979365388787855
0.15 0 0.48 0.002394099382584631
0.15 0 0.49 0.0002599579879674155
0.15 0 0.5 4.3389256024599966e-05
0.16 0 0.0 0.016325546457399934
0.16 0 0.01 0.037247808956660015
0.16 0 0.02 0.00870826965259076
0.16 0 0.03 0.0011248681105942527
0.16 0 0.04 0.0007486474079700546
0.16 0 0.05 0.0053631297983094016
0.16 0 0.06 0.0099784987125548
0.16 0 0.07 0.03928896138176155
0.16 0 0.08 10.076484820612958
0.16 0 0.09 2.073167600657711
0.16 0 0.1 1.2342376613080386
0.16 0 0.11 0.85395422713971
0.16 0 0.12 2.8310206114069616
0.16 0 0.13 1.1622346056090282
0.16 0 0.14 0.08331333173455065
0.16 0 0.15 0.019852239846558855
0.16 0 0.16 0.00486819902815167
0.16 0 0.17 0.02985405955568698
0.16 0 0.18 0.026407987874967242
0.16 0 0.19 0.10808859420814557
0.16 0 0.2 0.40201566241614917
0.16 0 0.21 0.169122097510555
0.16 0 0.22 0.01424785991555263
0.16 0 0.23 0.007916884299059061
0.16 0 0.24 0.018857069462131414
0.16 0 0.25 0.11240766547465329
0.16 0 0.26 2.127786214422998
0.16 0 0.27 0.510690331565085
0.16 0 0.28 3.1852908066295424
0.16 0 0.29 1.6978567355420155
0.16 0 0.3 0.5318769817617891
0.16 0 0.31 0.8404552964443653
0.16 0 0.32 0.10622457180940335
0.16 0 0.33 0.10132138207825807
0.16 0 0.34 0.017555673467923485
0.16 0 0.35000000000000003 0.003794827324212854
0.16 0 0.36 0.011943571597532086
0.16 0 0.37 0.006173698305719787
0.16 0 0.38 0.012690405111259587
0.16 0 0.39 0.004380625918132112
0.16 0 0.4 0.0028090170963837894
0.16 0 0.41000000000000003 0.006624473630123804
0.16 0 0.42 0.004915916786440104
0.16 0 0.43 0.0014079269955169838
0.16 0 0.44 0.006978958091165858
0.16 0 0.45 0.006071875296543981
0.16 0 0.46 0.019261816995705804
0.16 0 0.47000000000000003 0.004591250601879532
0.16 0 0.48 0.0003543214117280667
0.16 0 0.49 0.00022774861107450673
0.16 0 0.5 0.0019535881569476762
0.17 0 0.0 0.01984434695876494
0.17 0 0.01 0.004873203295840109
0.17 0 0.02 0.009851188044246987
0.17 0 0.03 0.007373851349537784
0.17 0 0.04 0.06408292852080898
0.17 0 0.05 0.012695979718602472
0.17 0 0.06 0.041118206233726085
0.17 0 0.07 0.08485266584804411
0.17 0 0.08 0.16659057927083434
0.17 0 0.09 4.111928240988263
0.17 0 0.1 11.42126408099755
0.17 0 0.11 1.1009407676838796
0.17 0 0.12 1.2113691034598002
0.17 0 0.13 2.3102184202139346
0.17 0 0.14 0.06706253993952073
0.17 0 0.15 0.04948987997781817
0.17 0 0.16 0.024094826057744174
0.17 0 0.17 0.4268603207699545
0.17 0 0.18 0.16616885258528333
0.17 0 0.19 0.8952615313753329
0.17 0 0.2 0.6149813770159765
0.17 0 0.21 0.48877082337092126
0.17 0 0.22 2.448605473765006
0.17 0 0.23 2.6632949833283917
0.17 0 0.24 1.1854989928435966
0.17 0 0.25 1.6024902130633039
0.17 0 0.26 2.1071521693886015
0.17 0 0.27 7.587689058284092
0.17 0 0.28 66.09229754571939
0.17 0 0.29 12.17311962197672
0.17 0 0.3 3.83555307814701
0.17 0 0.31 0.3067957757507637
0.17 0 0.32 0.09646691479654364
0.17 0 0.33 0.1632901545845843
0.17 0 0.34 0.06357626246848821
0.17 0 0.35000000000000003 0.15311223930107115
0.17 0 0.36 0.24885864899690155
0.17 0 0.37 0.6120761022112092
0.17 0 0.38 0.08241935211414811
0.17 0 0.39 0.0730798613663715
0.17 0 0.4 0.08522660598142559
0.17 0 0.41000000000000003 0.019963002596689008
0.17 0 0.42 0.023988977162056398
0.17 0 0.43 0.06585112729994946
0.17 0 0.44 0.035247340507951905
0.17 0 0.45 0.005376969409090643
0.17 0 0.46 0.004686032532642918
0.17 0 0.47000000000000003 0.0016887356576125163
0.17 0 0.48 0.0010818253366745396
0.17 0 0.49 0.002096519651392177
0.17 0 0.5 0.001635870414097378
0.18 0 0.0 0.004307908981366382
0.18 0 0.01 0.014334183322990217
0.18 0 0.02 0.004909520879000376
0.18 0 0.03 0.0004245876398971991
0.18 0 0.04 0.0019443838200189649
0.18 0 0.05 0.005048485446098733
0.18 0 0.06 0.03840965912473949
0.18 0 0.07 0.0629033555686238
0.18 0 0.08 0.16981581568572965
0.18 0 0.09 2.6645233272096527
0.18 0 0.1 0.26553761576528845
0.18 0 0.11 0.9142134572582716
0.18 0 0.12 0.11903408701289421
0.18 0 0.13 1.3798569039617394
0.18 0 0.14 14.504893712994223
0.18 0 0.15 1.7231568614589592
0.18 0 0.16 1.4129509809992813
0.18 0 0.17 0.1302739651622675
0.18 0 0.18 0.151072155356056
0.18 0 0.19 0.46470224917157243
0.18 0 0.2 3.8547236780582987
0.18 0 0.21 3.801345585005064
0.18 0 0.22 7.657734434862372
0.18 0 0.23 0.8541365458460292
0.18 0 0.24 7.47866355701901
0.18 0 0.25 8.74597733547759
0.18 0 0.26 8.131512853288758
0.18 0 0.27 57.67254422367065
0.18 0 0.28 5.676440038578448
0.18 0 0.29 2.2716152748110767
0.18 0 0.3 1.249034154382109
0.18 0 0.31 1.946094624114557
0.18 0 0.32 2.737455860034468
0.18 0 0.33 7.347667353911732
0.18 0 0.34 16.338875111025434
0.18 0 0.35000000000000003 2.939740865651095
0.18 0 0.36 0.4945280318649756
0.18 0 0.37 0.06725818710643072
0.18 0 0.38 1.2587886238924386
0.18 0 0.39 2.4169986722044734
0.18 0 0.4 0.29729761031521745
0.18 0 0.41000000000000003 0.057321383061956936
0.18 0 0.42 0.014482283146004759
0.18 0 0.43 0.005039955677827145
0.18 0 0.44 0.0017805169723955285
0.18 0 0.45 0.013982006106916809
0.18 0 0.46 0.018459494284711178
0.18 0 0.47000000000000003 0.009798336726943632
0.18 0 0.48 0.0049611851611638886
0.18 0 0.49 0.0028169158270133932
0.18 0 0.5 0.00276811444675345
0.19 0 0.0 0.027880468186253133
0.19 0 0.01 0.0037879945657225684
0.19 0 0.02 0.00013087337897088196
0.19 0 0.03 0.0004599807813393464
0.19 0 0.04 0.0013930431840856073
0.19 0 0.05 0.03299676401652712
0.19 0 0.06 0.03578944888382336
0.19 0 0.07 0.08712349637341596
0.19 0 0.08 0.4408846077953538
0.19 0 0.09 0.16020595307526958
0.19 0 0.1 0.09780698537027542
0.19 0 0.11 0.4732038654174759
0.19 0 0.12 7.039228076897271
0.19 0 0.13 4.128040812843263
0.19 0 0.14 0.35299299341816537
0.19 0 0.15 0.30873586867126473
0.19 0 0.16 0.4465830620127819
0.19 0 0.17 0.26251081820788535
0.19 0 0.18 0.16477036739122178
0.19 0 0.19 0.10903705555884569
0.19 0 0.2 0.06778007952188281
0.19 0 0.21 0.5243526194974921
0.19 0 0.22 0.1715545088309682
0.19 0 0.23 0.31224050299105666
0.19 0 0.24 2.6021019921518724
0.19 0 0.25 19.26485325163837
0.19 0 0.26 31.82960607544355
0.19 0 0.27 5.96511665703746
0.19 0 0.28 0.4342582051786547
0.19 0 0.29 0.25652853126700825
0.19 0 0.3 1.0436322629328647
0.19 0 0.31 4.917338026211128
0.19 0 0.32 2.8943063801656415
0.19 0 0.33 0.6419124888460478
0.19 0 0.34 0.2978552607281313
0.19 0 0.35000000000000003 0.11401482562845937
0.19 0 0.36 0.06755802013079774
0.19 0 0.37 0.3900794338505218
0.19 0 0.38 0.8063087340124828
0.19 0 0.39 0.26472629025046884
0.19 0 0.4 0.030144596431807565
0.19 0 0.41000000000000003 0.008626489471762568
0.19 0 0.42 0.0011242341454970447
0.19 0 0.43 0.000466657703105302
0.19 0 0.44 0.0038897558398179586
0.19 0 0.45 0.0018653805905229305
0.19 0 0.46 0.001482492848769375
0.19 0 0.47000000000000003 0.00023349133897730608
0.19 0 0.48 0.0014448547152791837
0.19 0 0.49 0.002212384468338035
0.19 0 0.5 0.01754601909343104
0.2 0 0.0 0.0117323187988531
0.2 0 0.01 0.006549465261734819
0.2 0 0.02 0.014043995441374838
0.2 0 0.03 0.0057733250806696656
0.2 0 0.04 0.04190920284768182
0.2 0 0.05 0.04845433591958048
0.2 0 0.06 0.09414310626377362
0.2 0 0.07 0.20602067921960457
0.2 0 0.08 0.1134125320974926
0.2 0 0.09 0.25064622838223094
0.2 0 0.1 0.5798747764743273
0.2 0 0.11 3.3007667958211266
0.2 0 0.12 2.7854842148212806
0.2 0 0.13 5.284299167115253
0.2 0 0.14 1.976791623746655
0.2 0 0.15 0.16594762656452483
0.2 0 0.16 0.13285372180833319
0.2 0 0.17 0.030665812965731322
0.2 0 0.18 0.023687296539856857
0.2 0 0.19 0.01459200638199763
0.2 0 0.2 0.013114116811123807
0.2 0 0.21 0.022683854967427978
0.2 0 0.22 0.020443391320379152
0.2 0 0.23 0.02610168926815483
0.2 0 0.24 0.01547479226577679
0.2 0 0.25 0.05199906720714246
0.2 0 0.26 2.1010871360406176
0.2 0 0.27 6.484229171013418
0.2 0 0.28 0.8059445214812352
0.2 0 0.29 0.3724568335962661
0.2 0 0.3 0.062533407163575
0.2 0 0.31 0.014966609714794302
0.2 0 0.32 0.11343880417880706
0.2 0 0.33 0.07374163127729384
0.2 0 0.34 0.007233072681255186
0.2 0 0.35000000000000003 0.006539575933447679
0.2 0 0.36 0.0020781742475896128
0.2 0 0.37 0.0035616839608945275
0.2 0 0.38 0.00700674930862658
0.2 0 0.39 0.010769123701903336
0.2 0 0.4 0.012819976885231446
0.2 0 0.41000000000000003 0.0014713527911448998
0.2 0 0.42 0.0015937607222757733
0.2 0 0.43 0.0006312354559587689
0.2 0 0.44 0.00029818297855539684
0.2 0 0.45 0.00022579481106666278
0.2 0 0.46 0.0022778395409698404
0.2 0 0.47000000000000003 0.0324122299793319
0.2 0 0.48 0.011278818238474158
0.2 0 0.49 0.0018328045462065224
0.2 0 0.5 0.0038557358511405486
0.21 0 0.0 0.015289621677583756
0.21 0 0.01 0.006429705415165072
0.21 0 0.02 0.0006399847659645802
0.21 0 0.03 0.010883234791746464
0.21 0 0.04 0.04514148022930125
0.21 0 0.05 1.0347898932425745
0.21 0 0.06 0.5282226500737909
0.21 0 0.07 0.05068494943763118
0.21 0 0.08 0.08753724310901026
0.21 0 0.09 0.26327567540656116
0.21 0 0.1 0.49138470298543957
0.21 0 0.11 0.48838611168903073
0.21 0 0.12 5.591358917482584
0.21 0 0.13 4.942947770417715
0.21 0 0.14 0.4490434551116222
0.21 0 0.15 0.3497453303513577
0.21 0 0.16 0.19690960516791164
0.21 0 0.17 0.21425696347660844
0.21 0 0.18 0.1002478573230119
0.21 0 0.19 0.03936620362871817
0.21 0 0.2 0.022881114237075735
0.21 0 0.21 0.034220045828246844
0.21 0 0.22 0.011611260999057484
0.21 0 0.23 0.0037976129567373574
0.21 0 0.24 0.017393029203758025
0.21 0 0.25 0.006275234857339105
0.21 0 0.26 0.016044418455491177
0.21 0 0.27 0.05202200613122891
0.21 0 0.28 0.9540115478302308
0.21 0 0.29 1.6060400109374524
0.21 0 0.3 0.02226081854919497
0.21 0 0.31 0.01429548995807291
0.21 0 0.32 0.007156208361783082
0.21 0 0.33 0.04905119524428178
0.21 0 0.34 0.35519622731919354
0.21 0 0.35000000000000003 0.05213470599627473
0.21 0 0.36 0.04155152893952187
0.21 0 0.37 0.013388097712069733
0.21 0 0.38 0.024988175989723627
0.21 0 0.39 0.19219064633259633
0.21 0 0.4 0.6152225306386844
0.21 0 0.41000000000000003 0.09508652040020439
0.21 0 0.42 0.061361152899262646
0.21 0 0.43 0.0030807545471399915
0.21 0 0.44 0.0001776579631659057
0.21 0 0.45 4.9856295623252974e-05
0.21 0 0.46 0.00020470231166419198
0.21 0 0.47000000000000003 0.001964356458950643
0.21 0 0.48 0.002700139491821301
0.21 0 0.49 0.020141946079974483
0.21 0 0.5 0.052202900962463515
0.22 0 0.0 0.005914460004794442
0.22 0 0.01 0.00453624983283985
0.22 0 0.02 0.05602541284212505
0.22 0 0.03 0.024662651936433178
0.22 0 0.04 0.07407824284054332
0.22 0 0.05 0.13832333236818956
0.22 0 0.06 0.20647464116661463
0.22 0 0.07 0.5379144103747316
0.22 0 0.08 0.25034394864010384
0.22 0 0.09 0.14300872916960639
0.22 0 0.1 0.23925966566708956
0.22 0 0.11 0.3508983992660763
0.22 0 0.12 1.5956144714459846
0.22 0 0.13 3.2581956952336357
0.22 0 0.14 2.603459530823411
0.22 0 0.15 2.4985074991909566
0.22 0 0.16 1.263523158846538
0.22 0 0.17 0.6371611879236564
0.22 0 0.18 0.21012585047898155
0.22 0 0.19 0.023729008084827745
0.22 0 0.2 0.1701900936286764
0.22 0 0.21 0.13378010183641267
0.22 0 0.22 0.019912935431505026
0.22 0 0.23 0.14000286123514105
0.22 0 0.24 0.04799163404767723
0.22 0 0.25 0.09469205909502271
0.22 0 0.26 0.04897444014016016
0.22 0 0.27 0.1651540504974442
0.22 0 0.28 0.5704284872942432
0.22 0 0.29 0.8386241685980548
0.22 0 0.3 0.19312061843719916
0.22 0 0.31 0.15050417435617852
0.22 0 0.32 0.04098331749015955
0.22 0 0.33 0.04786580710586919
0.22 0 0.34 0.19054376461446687
0.22 0 0.35000000000000003 0.23539267151510898
0.22 0 0.36 0.054204768441214295
0.22 0 0.37 0.025948304845466823
0.22 0 0.38 0.10308087918076547
0.22 0 0.39 0.8614754649867028
0.22 0 0.4 5.5036846347766275
0.22 0 0.41000000000000003 2.515258109436713
0.22 0 0.42 0.181081337246627
0.22 0 0.43 0.003842646537402439
0.22 0 0.44 0.0019996759329025024
0.22 0 0.45 0.00013068087060751204
0.22 0 0.46 4.775330043482872e-05
0.22 0 0.47000000000000003 0.000550403661076413
0.22 0 0.48 0.003577387228197925
0.22 0 0.49 0.015247894763458397
0.22 0 0.5 0.0067315284743786645
0.23 0 0.0 0.0003825340866031178
0.23 0 0.01 0.007794073733374674
0.23 0 0.02 0.002180380679080685
0.23 0 0.03 0.00033496970757570534
0.23 0 0.04 0.01675909743415381
0.23 0 0.05 0.050285350513688876
0.23 0 0.06 0.18395092679949188
0.23 0 0.07 0.0186780541709817
0.23 0 0.08 0.013628024657057947
0.23 0 0.09 0.09010410554227426
0.23 0 0.1 0.07291811272104626
0.23 0 0.11 0.03650407190456252
0.23 0 0.12 0.060831927129390354
0.23 0 0.13 0.31731032069632437
0.23 0 0.14 3.8543621330060875
0.23 0 0.15 0.40800633100886735
0.23 0 0.16 0.17772073115874779
0.23 0 0.17 1.5911645171589546
0.23 0 0.18 0.0828343696799489
0.23 0 0.19 0.2598095900677564
0.23 0 0.2 1.2587762110572387
0.23 0 0.21 2.0098954445229014
0.23 0 0.22 4.596616708616709
0.23 0 0.23 0.37529515071369457
0.23 0 0.24 0.16275076232358238
0.23 0 0.25 0.6778354720762404
0.23 0 0.26 0.6599945127512834
0.23 0 0.27 0.49395310529936803
0.23 0 0.28 0.37740559830920356
0.23 0 0.29 0.17547296044886762
0.23 0 0.3 0.09781865705878776
0.23 0 0.31 0.06611754091894753
0.23 0 0.32 0.08419915709692455
0.23 0 0.33 0.027314945656917673
0.23 0 0.34 0.02883837132683045
0.23 0 0.35000000000000003 0.003946344643642286
0.23 0 0.36 0.021780648325563493
0.23 0 0.37 0.004967102383276737
0.23 0 0.38 0.02563705000167177
0.23 0 0.39 0.055853728052549595
0.23 0 0.4 0.4165565665706013
0.23 0 0.41000000000000003 1.5110980391714877
0.23 0 0.42 0.07072459637061815
0.23 0 0.43 0.013065415457423266
0.23 0 0.44 0.0035200683667805663
0.23 0 0.45 0.003553298798753638
0.23 0 0.46 0.004035436547803945
0.23 0 0.47000000000000003 0.0045327037874036665
0.23 0 0.48 0.0013401230156938992
0.23 0 0.49 0.005329079017742495
0.23 0 0.5 0.02512239991771951
0.24 0 0.0 0.00027660868045761123
0.24 0 0.01 0.0006999626631664132
0.24 0 0.02 0.0007308901070973813
0.24 0 0.03 0.00031540508036265825
0.24 0 0.04 0.00044053222965760016
0.24 0 0.05 0.0033766505953719394
0.24 0 0.06 0.005485794184948173
0.24 0 0.07 0.002292718722462843
0.24 0 0.08 0.008251955999897753
0.24 0 0.09 0.052280033340698896
0.24 0 0.1 0.016751715287871838
0.24 0 0.11 0.21191804753315333
0.24 0 0.12 0.6732818050558855
0.24 0 0.13 1.7850836110904513
0.24 0 0.14 0.22328232710144738
0.24 0 0.15 0.10000296869836012
0.24 0 0.16 0.2097246962312629
0.24 0 0.17 0.15310522391733164
0.24 0 0.18 0.26104398045246585
0.24 0 0.19 0.13913951286051565
0.24 0 0.2 0.03063131606257218
0.24 0 0.21 0.10683884827180956
0.24 0 0.22 0.13177828600260866
0.24 0 0.23 0.11954414797427095
0.24 0 0.24 0.08447638148071894
0.24 0 0.25 0.08539008482584902
0.24 0 0.26 0.028688698313248804
0.24 0 0.27 0.027457993476660038
0.24 0 0.28 0.12571306868918838
0.24 0 0.29 0.2301122811053282
0.24 0 0.3 0.09353128388667152
0.24 0 0.31 0.005915848516014689
0.24 0 0.32 0.0013199768802373468
0.24 0 0.33 0.004673057172362194
0.24 0 0.34 0.01324249557824298
0.24 0 0.35000000000000003 0.038727081471361904
0.24 0 0.36 0.051003640701218385
0.24 0 0.37 0.034167675559661895
0.24 0 0.38 0.00792048036242404
0.24 0 0.39 0.046754965690333224
0.24 0 0.4 0.16191961707040173
0.24 0 0.41000000000000003 1.0002427443340145
0.24 0 0.42 5.218353276102947
0.24 0 0.43 0.3213023811899199
0.24 0 0.44 0.007265062787839481
0.24 0 0.45 0.0014173858633786559
0.24 0 0.46 0.007890794074024191
0.24 0 0.47000000000000003 0.005221076134481511
0.24 0 0.48 0.01804539948145182
0.24 0 0.49 0.06437753983228453
0.24 0 0.5 0.0021510967733337975
0.25 0 0.0 0.00029841175118639824
0.25 0 0.01 0.000679779479150864
0.25 0 0.02 0.001339517670527085
0.25 0 0.03 0.000494691036119433
0.25 0 0.04 7.111140582403069e-05
0.25 0 0.05 0.0001695256153250699
0.25 0 0.06 0.0010204564361723642
0.25 0 0.07 0.003212585934708384
0.25 0 0.08 0.0010069344767031773
0.25 0 0.09 0.004012276183583386
0.25 0 0.1 0.053723621903462644
0.25 0 0.11 0.05746184736106114
0.25 0 0.12 0.2672357452533399
0.25 0 0.13 0.7381641220110793
0.25 0 0.14 2.6457638298881028
0.25 0 0.15 0.13873126349174364
0.25 0 0.16 0.10581948398151877
0.25 0 0.17 0.04919945563975684
0.25 0 0.18 0.11324257802876288
0.25 0 0.19 0.1987304449266724
0.25 0 0.2 0.036255409933611635
0.25 0 0.21 0.05504038597019609
0.25 0 0.22 0.08110872299912877
0.25 0 0.23 0.011991030703738475
0.25 0 0.24 0.0012907383536136638
0.25 0 0.25 0.005246591182388809
0.25 0 0.26 0.0040355583808495505
0.25 0 0.27 0.044459509836354716
0.25 0 0.28 0.024691185873737868
0.25 0 0.29 0.019162798368408576
0.25 0 0.3 0.09488261211581478
0.25 0 0.31 0.013188246392939253
0.25 0 0.32 0.027360906356048653
0.25 0 0.33 0.08638703415675858
0.25 0 0.34 0.30674393523033644
0.25 0 0.35000000000000003 0.041704572869362105
0.25 0 0.36 0.01045399000211999
0.25 0 0.37 0.009733319143491896
0.25 0 0.38 0.3320832695247575
0.25 0 0.39 0.0757171980338847
0.25 0 0.4 0.05761951540646967
0.25 0 0.41000000000000003 0.07250636482280627
0.25 0 0.42 0.015878666515102984
0.25 0 0.43 0.07457479180308166
0.25 0 0.44 0.00988422009956774
0.25 0 0.45 0.01834344079887701
0.25 0 0.46 0.0075695978481476545
0.25 0 0.47000000000000003 0.030341434001891522
0.25 0 0.48 0.044793892950851316
0.25 0 0.49 0.006327767822142458
0.25 0 0.5 0.024135238082125365
0.26 0 0.0 0.001715381962912654
0.26 0 0.01 0.0006709253969204625
0.26 0 0.02 0.00021253025114446788
0.26 0 0.03 0.0004795477972524712
0.26 0 0.04 0.0038921762212552773
0.26 0 0.05 0.006152225323274934
0.26 0 0.06 0.004523950524244146
0.26 0 0.07 0.0034846631897843057
0.26 0 0.08 0.004490580297313813
0.26 0 0.09 0.0017958213052943857
0.26 0 0.1 0.0035124486142582676
0.26 0 0.11 0.026443393802314894
0.26 0 0.12 0.0344537183046295
0.26 0 0.13 0.08456754891942182
0.26 0 0.14 0.025716239751965218
0.26 0 0.15 0.010738860766433576
0.26 0 0.16 0.00502024071039014
0.26 0 0.17 0.04502744658070103
0.26 0 0.18 0.002406716602725557
0.26 0 0.19 0.0013279006965768042
0.26 0 0.2 0.0008444816878461059
0.26 0 0.21 0.008573823566530006
0.26 0 0.22 0.00822878764462739
0.26 0 0.23 0.006545870116582242
0.26 0 0.24 0.043897252107700305
0.26 0 0.25 0.0021285619624252256
0.26 0 0.26 0.0045918319884618785
0.26 0 0.27 0.007664258743382419
0.26 0 0.28 0.013745945631633498
0.26 0 0.29 0.22169438454559678
0.26 0 0.3 0.2706339424854413
0.26 0 0.31 0.036632197721637186
0.26 0 0.32 0.03646146212955084
0.26 0 0.33 0.005620303035991891
0.26 0 0.34 0.017819986347153288
0.26 0 0.35000000000000003 0.09928887064073502
0.26 0 0.36 0.13501633895033344
0.26 0 0.37 0.1519015207340921
0.26 0 0.38 0.01104817267147882
0.26 0 0.39 0.052218935951097854
0.26 0 0.4 0.29334772925888064
0.26 0 0.41000000000000003 0.06703429638468063
0.26 0 0.42 0.03735908482806861
0.26 0 0.43 0.003674017903698306
0.26 0 0.44 0.0021071939156631935
0.26 0 0.45 0.0017910337643579266
0.26 0 0.46 0.0008495102476245814
0.26 0 0.47000000000000003 0.021990020518215816
0.26 0 0.48 0.07444554365152148
0.26 0 0.49 0.015477779154223936
0.26 0 0.5 0.06243811921858837
0.27 0 0.0 0.024967299509592464
0.27 0 0.01 0.00820922895794114
0.27 0 0.02 0.0049029143285709825
0.27 0 0.03 0.0008421036449470296
0.27 0 0.04 0.00023698443285638174
0.27 0 0.05 0.0002907287330661591
0.27 0 0.06 0.0007877698654697451
0.27 0 0.07 0.0018730022023776922
0.27 0 0.08 0.007021445341678199
0.27 0 0.09 0.013814983340149889
0.27 0 0.1 0.0073236009991611
0.27 0 0.11 0.0015650242743883835
0.27 0 0.12 0.001253103006932231
0.27 0 0.13 0.019721062331423428
0.27 0 0.14 0.013707154604572542
0.27 0 0.15 0.02706270418946141
0.27 0 0.16 0.01389073746984107
0.27 0 0.17 0.0004810420975485244
0.27 0 0.18 0.000982616240894207
0.27 0 0.19 0.0004886095684855507
0.27 0 0.2 0.0009656338869155724
0.27 0 0.21 0.007094377249163989
0.27 0 0.22 0.003170384133696778
0.27 0 0.23 0.002208807645508985
0.27 0 0.24 0.002035982487691541
0.27 0 0.25 0.0015117719257243024
0.27 0 0.26 0.007022342592229507
0.27 0 0.27 0.011694989729677587
0.27 0 0.28 0.1680863195702124
0.27 0 0.29 0.15021847065889207
0.27 0 0.3 0.0034174114799915747
0.27 0 0.31 0.005345702399100754
0.27 0 0.32 0.018919368768076296
0.27 0 0.33 0.02709050088197745
0.27 0 0.34 0.04425828065566402
0.27 0 0.35000000000000003 0.04811391388417154
0.27 0 0.36 0.036792005005586485
0.27 0 0.37 0.03186954481091386
0.27 0 0.38 0.006862618023241284
0.27 0 0.39 0.04127007048824286
0.27 0 0.4 0.04297991910335124
0.27 0 0.41000000000000003 0.14637568372819337
0.27 0 0.42 0.022313301083694254
0.27 0 0.43 0.0018728735167425528
0.27 0 0.44 0.0021905704273616124
0.27 0 0.45 0.0029201158994195554
0.27 0 0.46 0.01626424905715388
0.27 0 0.47000000000000003 0.008798644044673645
0.27 0 0.48 0.001523327195686845
0.27 0 0.49 0.004118873477841397
0.27 0 0.5 0.015607602684945883
0.28 0 0.0 0.016208626974248134
0.28 0 0.01 0.03377332120474562
0.28 0 0.02 0.014523129981044993
0.28 0 0.03 0.0005012712237320948
0.28 0 0.04 0.0003528179489480109
0.28 0 0.05 0.0013484621705343056
0.28 0 0.06 0.0014965025924681338
0.28 0 0.07 0.00043123506386833513
0.28 0 0.08 0.00029037110910722455
0.28 0 0.09 0.020733304013038054
0.28 0 0.1 0.1388582631121738
0.28 0 0.11 0.02141259922282618
0.28 0 0.12 0.03382243551254837
0.28 0 0.13 0.007337797908887693
0.28 0 0.14 0.005272259988598145
0.28 0 0.15 0.005578243192100993
0.28 0 0.16 0.0017749469887710168
0.28 0 0.17 0.10890222317106273
0.28 0 0.18 0.07942118000586165
0.28 0 0.19 0.002009397599012065
0.28 0 0.2 0.0008914301957003009
0.28 0 0.21 0.0008996262134782091
0.28 0 0.22 0.0021652392178414764
0.28 0 0.23 0.0011674001582100584
0.28 0 0.24 0.0011382467169072236
0.28 0 0.25 0.006004294105113504
0.28 0 0.26 0.009430549807173715
0.28 0 0.27 0.004294042042980474
0.28 0 0.28 0.011787456933255131
0.28 0 0.29 0.03720533761541189
0.28 0 0.3 0.07862178868855582
0.28 0 0.31 0.013634390467763838
0.28 0 0.32 0.0018097806873641523
0.28 0 0.33 0.010315672654482112
0.28 0 0.34 0.0348660988529676
0.28 0 0.35000000000000003 0.02910874224262314
0.28 0 0.36 0.034369598919215885
0.28 0 0.37 0.01542391894390799
0.28 0 0.38 0.0355814508628233
0.28 0 0.39 0.016337386306383775
0.28 0 0.4 0.00567408584901652
0.28 0 0.41000000000000003 0.029982153454731666
0.28 0 0.42 0.06570349473584607
0.28 0 0.43 0.007182662876826028
0.28 0 0.44 0.004117751642192585
0.28 0 0.45 0.0014011950283229452
0.28 0 0.46 0.002444029906113696
0.28 0 0.47000000000000003 0.0002690612611787577
0.28 0 0.48 0.001944485168027968
0.28 0 0.49 0.0009754189799075017
0.28 0 0.5 0.0007015704529578543
0.29 0 0.0 0.0010534315853243767
0.29 0 0.01 0.006890292654355381
0.29 0 0.02 0.017832134899468742
0.29 0 0.03 0.0028771817131060078
0.29 0 0.04 0.00011027834351712495
0.29 0 0.05 2.6332017672256733e-05
0.29 0 0.06 0.00013574778220430887
0.29 0 0.07 0.005137947581087628
0.29 0 0.08 0.05853692614827318
0.29 0 0.09 0.6918625606653261
0.29 0 0.1 0.18918135523680166
0.29 0 0.11 0.13487548316503262
0.29 0 0.12 0.048280551744608866
0.29 0 0.13 0.11838379426990336
0.29 0 0.14 1.3494716362025005
0.29 0 0.15 0.19065260636423387
0.29 0 0.16 0.09469371323931675
0.29 0 0.17 0.019206026891184714
0.29 0 0.18 0.002876231228937923
0.29 0 0.19 0.0032467679843373853
0.29 0 0.2 0.0030651434275048967
0.29 0 0.21 0.005185901327367229
0.29 0 0.22 0.0024458681886701094
0.29 0 0.23 0.0022991442921294868
0.29 0 0.24 0.00010002620850259864
0.29 0 0.25 0.00022426415769161823
0.29 0 0.26 0.002460376340857919
0.29 0 0.27 0.028204618699363325
0.29 0 0.28 0.03833595175834319
0.29 0 0.29 0.0640496749475225
0.29 0 0.3 0.0966271744453801
0.29 0 0.31 0.012232605008633005
0.29 0 0.32 0.012661718644868975
0.29 0 0.33 0.01970415885254336
0.29 0 0.34 0.2512153192770472
0.29 0 0.35000000000000003 0.3597117051468871
0.29 0 0.36 0.011887510617989995
0.29 0 0.37 0.006933066398693856
0.29 0 0.38 0.0015665338480580497
0.29 0 0.39 0.007799587255023037
0.29 0 0.4 0.08891792637152744
0.29 0 0.41000000000000003 0.03992637605180232
0.29 0 0.42 0.01030234807790317
0.29 0 0.43 0.0038212380822908697
0.29 0 0.44 0.0076068149840269215
0.29 0 0.45 0.0037628890965507125
0.29 0 0.46 0.009579521506959949
0.29 0 0.47000000000000003 0.01501857240156922
0.29 0 0.48 0.0020615384415663017
0.29 0 0.49 0.0006124823813774399
0.29 0 0.5 0.00018395346658445797
0.3 0 0.0 1.0913040103134182
0.3 0 0.01 0.033619101277182595
0.3 0 0.02 0.002277957818436143
0.3 0 0.03 0.0013950639003037638
0.3 0 0.04 0.00029299942103827814
0.3 0 0.05 0.0015297262672633466
0.3 0 0.06 0.003893617951976553
0.3 0 0.07 0.005292384089545268
0.3 0 0.08 0.009046263769958854
0.3 0 0.09 0.00943444965752671
0.3 0 0.1 0.08513031149087157
0.3 0 0.11 0.12013920585568935
0.3 0 0.12 0.07642468822146321
0.3 0 0.13 0.02745445839870159
0.3 0 0.14 0.01801971506046542
0.3 0 0.15 0.006400198390833953
0.3 0 0.16 0.0051088297013006725
0.3 0 0.17 0.01691147500304705
0.3 0 0.18 0.01425346517501664
0.3 0 0.19 0.005972293475859721
0.3 0 0.2 0.0006888547946498779
0.3 0 0.21 0.0003759136750376014
0.3 0 0.22 0.013732533039531805
0.3 0 0.23 0.013895549698268188
0.3 0 0.24 0.011526843406990268
0.3 0 0.25 0.00516990193572707
0.3 0 0.26 0.008585453318691887
0.3 0 0.27 0.00798472115188042
0.3 0 0.28 0.03941363207420695
0.3 0 0.29 0.17054310868495454
0.3 0 0.3 0.2094066703278206
0.3 0 0.31 0.08658838723126751
0.3 0 0.32 0.0016731329526481122
0.3 0 0.33 0.0016395462679756933
0.3 0 0.34 0.003915191788081799
0.3 0 0.35000000000000003 0.005283816349097564
0.3 0 0.36 0.008473751284390232
0.3 0 0.37 0.002080542486533528
0.3 0 0.38 0.0017737470663120262
0.3 0 0.39 0.00039975832521345556
0.3 0 0.4 0.0012478425985603789
0.3 0 0.41000000000000003 0.004409310393128266
0.3 0 0.42 0.020752629013325124
0.3 0 0.43 0.025749558227498043
0.3 0 0.44 0.014237103515061345
0.3 0 0.45 0.00593409712438021
0.3 0 0.46 0.01361930339751233
0.3 0 0.47000000000000003 0.007516288959790459
0.3 0 0.48 0.0014593599692147598
0.3 0 0.49 0.002110459929162275
0.3 0 0.5 0.0028875428647718807
#STOP
