#MEDIUM_PROPERTIES_DISTRIBUTED
$MSH_TYPE
	 GROUNDWATER_FLOW	
$MMP_TYPE
	 PERMEABILITY	
$DIS_TYPE
	 NEAREST_VALUE	
;hj
$CONVERSION_FACTOR
2e-8;2e-6;2e-13
$DATA
0.0 0 0.0 0.032132460565463795
0.0 0 0.01 0.008806291416952905
0.0 0 0.02 0.0030022836445520312
0.0 0 0.03 0.020153479446982946
0.0 0 0.04 0.007719929906333982
0.0 0 0.05 0.016733170539465256
0.0 0 0.06 0.01866643314898409
0.0 0 0.07 0.0382413160001458
0.0 0 0.08 0.01103449650283543
0.0 0 0.09 0.007813351056536287
0.0 0 0.1 0.006134739639574702
0.0 0 0.11 0.0062977347987805635
0.0 0 0.12 0.01384741189068104
0.0 0 0.13 0.004097753017499459
0.0 0 0.14 0.004325262681771622
0.0 0 0.15 0.001532195679551978
0.0 0 0.16 0.0019761791631608258
0.0 0 0.17 0.0006681528698251239
0.0 0 0.18 0.00028825240601865415
0.0 0 0.19 0.0002755811960747754
0.0 0 0.2 0.0017688159316166048
0.0 0 0.21 0.0001907395387666693
0.0 0 0.22 8.955260864368077e-05
0.0 0 0.23 0.0002732755272399915
0.0 0 0.24 0.0017011614512836661
0.0 0 0.25 0.004573054194687798
0.0 0 0.26 0.004659797313894792
0.0 0 0.27 0.002562049382478547
0.0 0 0.28 0.0030174009868056133
0.0 0 0.29 0.010006807501888334
0.0 0 0.3 0.015727103846266504
0.0 0 0.31 0.08307881850273052
0.0 0 0.32 0.01416121938529584
0.0 0 0.33 0.10591159517535641
0.0 0 0.34 0.04372754534317353
0.0 0 0.35000000000000003 0.031238157975056337
0.0 0 0.36 0.036186749847574015
0.0 0 0.37 0.5294572485157981
0.0 0 0.38 1.1383300308573623
0.0 0 0.39 0.7377816479055044
0.0 0 0.4 0.45863285238474344
0.0 0 0.41000000000000003 0.3691962553801704
0.0 0 0.42 0.331220766449194
0.0 0 0.43 0.9893305116597761
0.0 0 0.44 3.155792376771652
0.0 0 0.45 2.5586807595886736
0.0 0 0.46 0.5725107710077858
0.0 0 0.47000000000000003 0.15340173037167126
0.0 0 0.48 0.5092264824398172
0.0 0 0.49 0.3383227501638484
0.0 0 0.5 1.5109159343393856
0.01 0 0.0 0.016830786123123866
0.01 0 0.01 0.01841390866352043
0.01 0 0.02 0.007283567761336037
0.01 0 0.03 0.002158835950366505
0.01 0 0.04 0.005883035814887007
0.01 0 0.05 0.049534808684110795
0.01 0 0.06 0.13451343987033945
0.01 0 0.07 0.017817411882640292
0.01 0 0.08 0.012023188709341593
0.01 0 0.09 0.04406402314166893
0.01 0 0.1 0.05456199919615942
0.01 0 0.11 0.026024428391451564
0.01 0 0.12 0.02918882903522865
0.01 0 0.13 0.003332458493610986
0.01 0 0.14 0.0009737047908817399
0.01 0 0.15 0.000624024324715365
0.01 0 0.16 0.0006300898227169643
0.01 0 0.17 0.0008565804087495622
0.01 0 0.18 0.000691144205565969
0.01 0 0.19 0.0032761018718338412
0.01 0 0.2 0.006127510467802668
0.01 0 0.21 0.017498781651394197
0.01 0 0.22 0.03316671172189201
0.01 0 0.23 0.08002329811231615
0.01 0 0.24 0.0009000076230581366
0.01 0 0.25 0.0004397520659467135
0.01 0 0.26 0.0007798970663705336
0.01 0 0.27 0.01467572057125033
0.01 0 0.28 0.02918187510451564
0.01 0 0.29 0.07480850193237266
0.01 0 0.3 0.033309220969364076
0.01 0 0.31 0.009518934402151933
0.01 0 0.32 0.002773772669117371
0.01 0 0.33 0.006318542769290238
0.01 0 0.34 0.031073794614611728
0.01 0 0.35000000000000003 0.054588461180568204
0.01 0 0.36 0.060795576058384815
0.01 0 0.37 0.023604781397085287
0.01 0 0.38 0.02217088040442953
0.01 0 0.39 0.03737569688357759
0.01 0 0.4 0.1783526071322886
0.01 0 0.41000000000000003 0.018106020774715015
0.01 0 0.42 0.06255736490179752
0.01 0 0.43 0.05311351101815655
0.01 0 0.44 0.08635050924390102
0.01 0 0.45 0.07357159423219171
0.01 0 0.46 0.1893171350654676
0.01 0 0.47000000000000003 0.7645156152656742
0.01 0 0.48 0.5087740253685924
0.01 0 0.49 0.3796761708468931
0.01 0 0.5 1.3927418430549832
0.02 0 0.0 0.10295480991965468
0.02 0 0.01 0.04545366875837526
0.02 0 0.02 0.02524116767638597
0.02 0 0.03 0.031808384668751216
0.02 0 0.04 0.0359842415817749
0.02 0 0.05 0.022089781496812587
0.02 0 0.06 0.02535806509803453
0.02 0 0.07 0.10899292252870402
0.02 0 0.08 0.16281546047825815
0.02 0 0.09 0.054936188202478656
0.02 0 0.1 0.006155643674062208
0.02 0 0.11 0.008284159952947349
0.02 0 0.12 0.008056478216843969
0.02 0 0.13 0.007893622726614653
0.02 0 0.14 0.005506370469559979
0.02 0 0.15 0.007285273341633054
0.02 0 0.16 0.001423061597191961
0.02 0 0.17 0.0019065153711811014
0.02 0 0.18 0.003854491572580053
0.02 0 0.19 0.015547869515984743
0.02 0 0.2 0.004101341585750193
0.02 0 0.21 0.004903426346360945
0.02 0 0.22 0.003925819692682121
0.02 0 0.23 0.0014538732622499818
0.02 0 0.24 0.0005727001740153148
0.02 0 0.25 0.0012701678036912633
0.02 0 0.26 0.003125455727356126
0.02 0 0.27 0.0021012683648438
0.02 0 0.28 0.004519543083134892
0.02 0 0.29 0.008281977741436122
0.02 0 0.3 0.017801329978491223
0.02 0 0.31 0.01685356623664979
0.02 0 0.32 0.05320647948887294
0.02 0 0.33 0.013335143715444742
0.02 0 0.34 0.017470819930470026
0.02 0 0.35000000000000003 0.023963012588315877
0.02 0 0.36 0.10022489777234085
0.02 0 0.37 0.03778261672782988
0.02 0 0.38 0.019957532706850474
0.02 0 0.39 0.0902670409557697
0.02 0 0.4 0.041749568445941646
0.02 0 0.41000000000000003 0.018035870474361143
0.02 0 0.42 0.04486183950055758
0.02 0 0.43 0.31671375798517826
0.02 0 0.44 0.24851382609768818
0.02 0 0.45 0.7541666462249169
0.02 0 0.46 0.45365641616946883
0.02 0 0.47000000000000003 1.3272753460124613
0.02 0 0.48 0.16918086467873844
0.02 0 0.49 0.38943995645419194
0.02 0 0.5 0.6236905931688511
0.03 0 0.0 0.048310309487503915
0.03 0 0.01 0.022390670115945366
0.03 0 0.02 0.03681314449094402
0.03 0 0.03 0.08385464060768423
0.03 0 0.04 0.13340204996424626
0.03 0 0.05 0.08498755931790782
0.03 0 0.06 0.15180670710927546
0.03 0 0.07 0.49502431454625884
0.03 0 0.08 0.3134568882274988
0.03 0 0.09 0.03466073358758487
0.03 0 0.1 0.034283524673092265
0.03 0 0.11 0.3084046103673022
0.03 0 0.12 0.2555866494811198
0.03 0 0.13 0.24738299910326741
0.03 0 0.14 0.07894453895804192
0.03 0 0.15 0.03975531074341416
0.03 0 0.16 0.0467839243054838
0.03 0 0.17 0.06374888132122358
0.03 0 0.18 0.10882527565029451
0.03 0 0.19 0.06492373814887965
0.03 0 0.2 0.0378870498127705
0.03 0 0.21 0.10428622974953673
0.03 0 0.22 0.19240800141436623
0.03 0 0.23 0.173963813448743
0.03 0 0.24 0.3100868933790626
0.03 0 0.25 0.15809937205225125
0.03 0 0.26 0.03836755767630188
0.03 0 0.27 0.039494858918885094
0.03 0 0.28 0.17738555750011892
0.03 0 0.29 0.1268265011793302
0.03 0 0.3 0.03613619214295353
0.03 0 0.31 0.05617360322948495
0.03 0 0.32 0.0944899147210231
0.03 0 0.33 0.08448236496992605
0.03 0 0.34 0.01981079337305354
0.03 0 0.35000000000000003 0.05480888674635067
0.03 0 0.36 0.05522362037101628
0.03 0 0.37 0.06994146345664272
0.03 0 0.38 0.012820620511465463
0.03 0 0.39 0.02168179832271875
0.03 0 0.4 0.01885586061645077
0.03 0 0.41000000000000003 0.6185225773704882
0.03 0 0.42 0.8516420150878878
0.03 0 0.43 0.2561326445098739
0.03 0 0.44 0.03853022550440991
0.03 0 0.45 0.10069168659552871
0.03 0 0.46 0.2723452376794926
0.03 0 0.47000000000000003 0.23104322018506165
0.03 0 0.48 0.2951293900767565
0.03 0 0.49 0.6420433990280648
0.03 0 0.5 0.6392591757719329
0.04 0 0.0 0.23788791726068967
0.04 0 0.01 0.1345661477129469
0.04 0 0.02 0.09059174404494309
0.04 0 0.03 0.044431588842936916
0.04 0 0.04 0.034741416988958065
0.04 0 0.05 0.15372941856456782
0.04 0 0.06 0.18203241330614425
0.04 0 0.07 0.6494995942626924
0.04 0 0.08 3.002059573379541
0.04 0 0.09 4.118817418559165
0.04 0 0.1 3.0675844503405356
0.04 0 0.11 1.5350225046313
0.04 0 0.12 0.23131678284074225
0.04 0 0.13 0.5796172521548009
0.04 0 0.14 0.3388759964338549
0.04 0 0.15 0.715239240821839
0.04 0 0.16 0.6914730875723478
0.04 0 0.17 0.7001382033015826
0.04 0 0.18 0.2982196281554862
0.04 0 0.19 0.255467292111798
0.04 0 0.2 0.34686264605357253
0.04 0 0.21 0.7713296406620807
0.04 0 0.22 1.3642834591582964
0.04 0 0.23 0.7285384596116747
0.04 0 0.24 0.2942436442150395
0.04 0 0.25 0.18603991976584858
0.04 0 0.26 0.16889762516595602
0.04 0 0.27 0.7222770204800892
0.04 0 0.28 0.1430546392328147
0.04 0 0.29 0.03795427647714609
0.04 0 0.3 0.026489494337253998
0.04 0 0.31 0.029498524112093253
0.04 0 0.32 0.005688583858522749
0.04 0 0.33 0.005711894703799707
0.04 0 0.34 0.013044351013662563
0.04 0 0.35000000000000003 0.05762495094175969
0.04 0 0.36 0.04015115723132468
0.04 0 0.37 0.0646744090608815
0.04 0 0.38 0.2774732658489479
0.04 0 0.39 0.13072966465511074
0.04 0 0.4 0.02724761693989589
0.04 0 0.41000000000000003 0.038093564321699275
0.04 0 0.42 0.053409408675139006
0.04 0 0.43 0.14098444374016594
0.04 0 0.44 0.8871883114151763
0.04 0 0.45 0.9727727598546347
0.04 0 0.46 1.5970847041556235
0.04 0 0.47000000000000003 0.29620475338012686
0.04 0 0.48 0.45026913497989574
0.04 0 0.49 0.5210095346416124
0.04 0 0.5 1.7798128265159752
0.05 0 0.0 0.301800071409135
0.05 0 0.01 0.6297277669284987
0.05 0 0.02 0.2319459483920535
0.05 0 0.03 0.24667113432883578
0.05 0 0.04 0.04347199238475665
0.05 0 0.05 0.13951540719287375
0.05 0 0.06 0.05630674050443482
0.05 0 0.07 0.2876485178450847
0.05 0 0.08 0.1418869312791679
0.05 0 0.09 0.09313108822414462
0.05 0 0.1 0.05406336357106333
0.05 0 0.11 0.05524151823975821
0.05 0 0.12 0.09896763055432554
0.05 0 0.13 0.21984110777375251
0.05 0 0.14 0.49545859117447577
0.05 0 0.15 0.12641455893741224
0.05 0 0.16 0.03712834937141781
0.05 0 0.17 0.02048430083912691
0.05 0 0.18 0.03940902412051144
0.05 0 0.19 0.11701798809331493
0.05 0 0.2 0.07600970001205978
0.05 0 0.21 0.037743640034570654
0.05 0 0.22 0.07052894906133132
0.05 0 0.23 0.11028859937180635
0.05 0 0.24 0.2938309523307229
0.05 0 0.25 0.08563010421223927
0.05 0 0.26 0.026666797213017786
0.05 0 0.27 0.02952624488378114
0.05 0 0.28 0.021670996937008476
0.05 0 0.29 0.055794792953717885
0.05 0 0.3 0.21203086831474452
0.05 0 0.31 0.23825927985607892
0.05 0 0.32 0.03801259658095143
0.05 0 0.33 0.019543575611464886
0.05 0 0.34 0.00900438857838748
0.05 0 0.35000000000000003 0.02004624266013135
0.05 0 0.36 0.014834475359864591
0.05 0 0.37 0.008248774217335586
0.05 0 0.38 0.029742344683926863
0.05 0 0.39 0.03256836942399334
0.05 0 0.4 0.055541130559171474
0.05 0 0.41000000000000003 0.06678489153754939
0.05 0 0.42 0.04254784570105718
0.05 0 0.43 0.07834650940053271
0.05 0 0.44 0.06389462563377116
0.05 0 0.45 0.06480790696806611
0.05 0 0.46 0.13470472793999652
0.05 0 0.47000000000000003 2.494409710188324
0.05 0 0.48 3.1956714147698984
0.05 0 0.49 2.195095637266272
0.05 0 0.5 0.715428153886273
0.06 0 0.0 0.09562946816197472
0.06 0 0.01 0.014413472262412092
0.06 0 0.02 0.006777931607521281
0.06 0 0.03 0.011209787297176067
0.06 0 0.04 0.021763976484520203
0.06 0 0.05 0.012941957189345148
0.06 0 0.06 0.0709076857190518
0.06 0 0.07 0.11131011900674494
0.06 0 0.08 0.07167159078005224
0.06 0 0.09 0.035673912246976254
0.06 0 0.1 0.10603978053153663
0.06 0 0.11 0.05377262081261348
0.06 0 0.12 0.030525767798128295
0.06 0 0.13 0.014982139702547848
0.06 0 0.14 0.08571432798838752
0.06 0 0.15 0.11705556577577154
0.06 0 0.16 0.30311868226234184
0.06 0 0.17 0.031854467814144256
0.06 0 0.18 0.004591432877509792
0.06 0 0.19 0.005301118139976715
0.06 0 0.2 0.019425926153327715
0.06 0 0.21 0.09543780585657528
0.06 0 0.22 0.021080006282367256
0.06 0 0.23 0.03696918896914071
0.06 0 0.24 0.041124962137273575
0.06 0 0.25 0.04500803157149813
0.06 0 0.26 0.008044324054829981
0.06 0 0.27 0.022143301895372152
0.06 0 0.28 0.043458137596627235
0.06 0 0.29 0.0603471994050402
0.06 0 0.3 0.02631763412803681
0.06 0 0.31 0.01688115746656924
0.06 0 0.32 0.025275021375411832
0.06 0 0.33 0.07758932441283933
0.06 0 0.34 0.048393195786397385
0.06 0 0.35000000000000003 0.05201253438243874
0.06 0 0.36 0.02408740221949539
0.06 0 0.37 0.02080372702664717
0.06 0 0.38 0.01332598591524782
0.06 0 0.39 0.013140963036498183
0.06 0 0.4 0.014074469293629956
0.06 0 0.41000000000000003 0.010586771226377483
0.06 0 0.42 0.018322225425532284
0.06 0 0.43 0.03655349162932507
0.06 0 0.44 0.195707579946725
0.06 0 0.45 0.34501939030954537
0.06 0 0.46 0.14893628459933722
0.06 0 0.47000000000000003 0.16223009124629495
0.06 0 0.48 0.03010899356639701
0.06 0 0.49 0.06331042971257501
0.06 0 0.5 0.09264650196476938
0.07 0 0.0 0.09854498656797143
0.07 0 0.01 0.04406232744813916
0.07 0 0.02 0.06721008627948266
0.07 0 0.03 0.023810121900199585
0.07 0 0.04 0.0692842900213815
0.07 0 0.05 0.02682073521851471
0.07 0 0.06 0.04228438905966946
0.07 0 0.07 0.007111533862978864
0.07 0 0.08 0.01005240234973633
0.07 0 0.09 0.05837199831404571
0.07 0 0.1 0.17857695706321372
0.07 0 0.11 0.1412889859931709
0.07 0 0.12 0.12828426215648364
0.07 0 0.13 0.47385614077513694
0.07 0 0.14 0.09970453748249314
0.07 0 0.15 0.13758407901592282
0.07 0 0.16 0.02857708938884343
0.07 0 0.17 0.03506348354554677
0.07 0 0.18 0.02071534772154366
0.07 0 0.19 0.06962413801502886
0.07 0 0.2 0.05478486051612232
0.07 0 0.21 0.03911678470051208
0.07 0 0.22 0.03006208976062846
0.07 0 0.23 0.22265732585844883
0.07 0 0.24 0.14755603261434663
0.07 0 0.25 0.1361705574573816
0.07 0 0.26 0.10322703943159153
0.07 0 0.27 0.03410998232987717
0.07 0 0.28 0.004590655468832582
0.07 0 0.29 0.0020415705113545285
0.07 0 0.3 0.007064800548339657
0.07 0 0.31 0.007124986068070635
0.07 0 0.32 0.012570394245929754
0.07 0 0.33 0.011105227185849883
0.07 0 0.34 0.06347454576909993
0.07 0 0.35000000000000003 0.01862103947958017
0.07 0 0.36 0.02702761131474298
0.07 0 0.37 0.054797131653054366
0.07 0 0.38 0.06999423397593157
0.07 0 0.39 0.0707842865966408
0.07 0 0.4 0.026835957028050382
0.07 0 0.41000000000000003 0.02722568547812264
0.07 0 0.42 0.04087866484814935
0.07 0 0.43 0.1513728741139327
0.07 0 0.44 0.46030906887639866
0.07 0 0.45 0.36489611862206406
0.07 0 0.46 0.23903407173294253
0.07 0 0.47000000000000003 0.3080742853737144
0.07 0 0.48 0.5285340437793912
0.07 0 0.49 0.9938292638453164
0.07 0 0.5 0.3527090312256754
0.08 0 0.0 0.3706398215589683
0.08 0 0.01 3.2616760186776945
0.08 0 0.02 4.814330133981392
0.08 0 0.03 2.4869557434621847
0.08 0 0.04 1.0207475202444984
0.08 0 0.05 2.312684884505867
0.08 0 0.06 3.334510372336895
0.08 0 0.07 15.108190165857042
0.08 0 0.08 10.29035584889789
0.08 0 0.09 9.040521747447533
0.08 0 0.1 0.40498102610355313
0.08 0 0.11 0.20323611002254954
0.08 0 0.12 0.13304458469023123
0.08 0 0.13 0.024047969778297828
0.08 0 0.14 0.00262885701465059
0.08 0 0.15 0.009677129776281016
0.08 0 0.16 0.016797048824410542
0.08 0 0.17 0.033465949102633875
0.08 0 0.18 0.05090679669651515
0.08 0 0.19 0.017098681600298628
0.08 0 0.2 0.004269282662116725
0.08 0 0.21 0.0008715025013542816
0.08 0 0.22 0.011203737245388463
0.08 0 0.23 0.0225576184890033
0.08 0 0.24 0.02809691035391716
0.08 0 0.25 0.011567622581733139
0.08 0 0.26 0.1480356185872494
0.08 0 0.27 0.0380829768435647
0.08 0 0.28 0.020817438117459893
0.08 0 0.29 0.0147815907911315
0.08 0 0.3 0.010603634267340937
0.08 0 0.31 0.004526209849726496
0.08 0 0.32 0.004920392467734627
0.08 0 0.33 0.0317478109175855
0.08 0 0.34 0.39355020118081546
0.08 0 0.35000000000000003 1.5692610658427881
0.08 0 0.36 0.7014697050172523
0.08 0 0.37 0.20656311479825057
0.08 0 0.38 0.04742491471742664
0.08 0 0.39 0.2089192998070819
0.08 0 0.4 0.585691446661743
0.08 0 0.41000000000000003 1.469045474301302
0.08 0 0.42 0.4697445819261156
0.08 0 0.43 1.2516874542941372
0.08 0 0.44 0.14711389938860803
0.08 0 0.45 0.15140353695076508
0.08 0 0.46 0.38687833190968646
0.08 0 0.47000000000000003 1.179902538812442
0.08 0 0.48 0.8043419379265572
0.08 0 0.49 0.09235962484309765
0.08 0 0.5 0.08344147118296343
0.09 0 0.0 0.26803436803017994
0.09 0 0.01 0.36927886807061383
0.09 0 0.02 0.4787894195647194
0.09 0 0.03 1.9028486293361506
0.09 0 0.04 2.1635080708646277
0.09 0 0.05 1.151568517314682
0.09 0 0.06 0.5693578802137276
0.09 0 0.07 1.5845845971899426
0.09 0 0.08 3.7920063994871493
0.09 0 0.09 1.2861603629437857
0.09 0 0.1 0.713557474373453
0.09 0 0.11 0.6481800630480344
0.09 0 0.12 1.14220335126269
0.09 0 0.13 0.14819866603298207
0.09 0 0.14 0.20617048551502973
0.09 0 0.15 0.15310804632801792
0.09 0 0.16 0.09666248802352882
0.09 0 0.17 0.00867304165621353
0.09 0 0.18 0.026039704743565126
0.09 0 0.19 0.016200144695631486
0.09 0 0.2 0.034470837817806334
0.09 0 0.21 0.025106417645708163
0.09 0 0.22 0.009245241867996726
0.09 0 0.23 0.0033413082920888564
0.09 0 0.24 0.003442044234821486
0.09 0 0.25 0.0037527954824791423
0.09 0 0.26 0.0025661310533630667
0.09 0 0.27 0.002674008059032243
0.09 0 0.28 0.004735757186735402
0.09 0 0.29 0.025155403228242765
0.09 0 0.3 0.014013622375793207
0.09 0 0.31 0.2523815670762784
0.09 0 0.32 0.6152977888317497
0.09 0 0.33 0.10428677673234604
0.09 0 0.34 0.001859716445641215
0.09 0 0.35000000000000003 0.006467878093593936
0.09 0 0.36 0.021950539853841943
0.09 0 0.37 0.1332995590894526
0.09 0 0.38 0.13862343967997215
0.09 0 0.39 0.16220753597096288
0.09 0 0.4 0.23097846186195262
0.09 0 0.41000000000000003 0.08160560458442755
0.09 0 0.42 0.14072220348002681
0.09 0 0.43 0.10290035870757697
0.09 0 0.44 0.13375083704865443
0.09 0 0.45 0.4931517569303238
0.09 0 0.46 3.9225624442693228
0.09 0 0.47000000000000003 1.2154047818016993
0.09 0 0.48 1.4502418844103904
0.09 0 0.49 3.00565507924875
0.09 0 0.5 32.05295566701219
0.1 0 0.0 1.1728537433548105
0.1 0 0.01 0.4829857772144468
0.1 0 0.02 0.6379929468983161
0.1 0 0.03 0.7937703199726435
0.1 0 0.04 1.6131144948635718
0.1 0 0.05 0.7492636150075501
0.1 0 0.06 0.6739014453031661
0.1 0 0.07 1.7679938905476793
0.1 0 0.08 2.6140808005556657
0.1 0 0.09 0.7136916520302046
0.1 0 0.1 1.941726450862357
0.1 0 0.11 1.7212805728844043
0.1 0 0.12 3.521047377522301
0.1 0 0.13 2.195716546733566
0.1 0 0.14 0.9435144465505649
0.1 0 0.15 0.14243894782968705
0.1 0 0.16 0.0294743301558688
0.1 0 0.17 0.05486235340372622
0.1 0 0.18 0.09496905497520364
0.1 0 0.19 0.05968141247936749
0.1 0 0.2 0.04066806440687025
0.1 0 0.21 0.13017155291255675
0.1 0 0.22 0.028680041763008413
0.1 0 0.23 0.012371690078867703
0.1 0 0.24 0.004792369415750783
0.1 0 0.25 0.008660533521851083
0.1 0 0.26 0.006578480234852187
0.1 0 0.27 0.022705968280090815
0.1 0 0.28 0.03111967420404775
0.1 0 0.29 0.03016509022256207
0.1 0 0.3 0.023785219033023254
0.1 0 0.31 0.02470362748625628
0.1 0 0.32 0.014237786495358952
0.1 0 0.33 0.0028090759513025804
0.1 0 0.34 0.010372096741088478
0.1 0 0.35000000000000003 0.02997133487451468
0.1 0 0.36 0.09563874016724135
0.1 0 0.37 0.04964135275597435
0.1 0 0.38 0.2005664061072335
0.1 0 0.39 0.0761577271457994
0.1 0 0.4 0.24623570341777923
0.1 0 0.41000000000000003 0.5420541053021215
0.1 0 0.42 5.629846559343631
0.1 0 0.43 1.4211093353900786
0.1 0 0.44 0.3355125952402958
0.1 0 0.45 0.05986094148072127
0.1 0 0.46 0.05470107621077001
0.1 0 0.47000000000000003 0.11058700999697622
0.1 0 0.48 0.6207450116670822
0.1 0 0.49 5.017818981968082
0.1 0 0.5 5.43409368701742
0.11 0 0.0 1.5286356356738933
0.11 0 0.01 0.8856277201009182
0.11 0 0.02 0.689205527337615
0.11 0 0.03 0.816461666296914
0.11 0 0.04 3.387769619173783
0.11 0 0.05 3.141232141161207
0.11 0 0.06 5.676495107759649
0.11 0 0.07 5.1161748514306975
0.11 0 0.08 4.0202991707881885
0.11 0 0.09 10.128198485201992
0.11 0 0.1 23.43092675927731
0.11 0 0.11 23.524116512948748
0.11 0 0.12 6.67821095584043
0.11 0 0.13 3.460468044979811
0.11 0 0.14 6.247094682249299
0.11 0 0.15 2.457459541555271
0.11 0 0.16 1.4459623222513487
0.11 0 0.17 1.2974270792235456
0.11 0 0.18 0.6214015237183868
0.11 0 0.19 0.5967024979912429
0.11 0 0.2 0.39805037689690514
0.11 0 0.21 0.31344174355619425
0.11 0 0.22 0.3927198077958681
0.11 0 0.23 0.12656896112674015
0.11 0 0.24 0.03359534756109216
0.11 0 0.25 0.009742608276845885
0.11 0 0.26 0.024206646432175596
0.11 0 0.27 0.04623244178874975
0.11 0 0.28 0.08714683988720741
0.11 0 0.29 0.024074557039557503
0.11 0 0.3 0.10851723361406988
0.11 0 0.31 0.022706076869280924
0.11 0 0.32 0.009168845430643613
0.11 0 0.33 0.0029451393748181915
0.11 0 0.34 0.0049368132886033035
0.11 0 0.35000000000000003 0.001664059747031095
0.11 0 0.36 0.0008869965904413571
0.11 0 0.37 0.001126630019692873
0.11 0 0.38 0.002850530274263243
0.11 0 0.39 0.00233635498515408
0.11 0 0.4 0.0013094384001124716
0.11 0 0.41000000000000003 0.0011568678468908467
0.11 0 0.42 0.000760333960023099
0.11 0 0.43 0.0067058565849603515
0.11 0 0.44 0.028884277112543516
0.11 0 0.45 0.10011064320030158
0.11 0 0.46 0.04308963492785728
0.11 0 0.47000000000000003 0.0912348496087478
0.11 0 0.48 0.03327474385317104
0.11 0 0.49 0.060299546689095276
0.11 0 0.5 0.11685251399895698
0.12 0 0.0 1.6781693718071695
0.12 0 0.01 0.23772797012726152
0.12 0 0.02 0.20026852561701664
0.12 0 0.03 0.384606660888191
0.12 0 0.04 0.3595903726003621
0.12 0 0.05 0.13438853806321963
0.12 0 0.06 1.2499199548517803
0.12 0 0.07 1.5079591151687648
0.12 0 0.08 15.71837428280919
0.12 0 0.09 10.241101682951015
0.12 0 0.1 3.93399253157607
0.12 0 0.11 3.0465510605948656
0.12 0 0.12 0.7524399421865723
0.12 0 0.13 0.7395491184991445
0.12 0 0.14 1.7976874466271826
0.12 0 0.15 2.5172803266420485
0.12 0 0.16 2.4497761251850343
0.12 0 0.17 0.2774565426348373
0.12 0 0.18 0.09991942186163813
0.12 0 0.19 0.23478824770963272
0.12 0 0.2 0.34308737365196085
0.12 0 0.21 0.024865254726851995
0.12 0 0.22 0.00915208527039577
0.12 0 0.23 0.01579584247138608
0.12 0 0.24 0.09960136522944925
0.12 0 0.25 0.08814276795637109
0.12 0 0.26 0.03267240760325309
0.12 0 0.27 0.015134458256221789
0.12 0 0.28 0.011120783196975874
0.12 0 0.29 0.007473109966947663
0.12 0 0.3 0.006141376029456171
0.12 0 0.31 0.005035547771653914
0.12 0 0.32 0.008837622437795522
0.12 0 0.33 0.0115182125155981
0.12 0 0.34 0.01324423315068625
0.12 0 0.35000000000000003 0.018737028468106442
0.12 0 0.36 0.022581715760221614
0.12 0 0.37 0.04079704778481656
0.12 0 0.38 0.012885806711360517
0.12 0 0.39 0.023303242875322074
0.12 0 0.4 0.01131445737727537
0.12 0 0.41000000000000003 0.01164629307972606
0.12 0 0.42 0.010231300248698314
0.12 0 0.43 0.016510386840692504
0.12 0 0.44 0.015290121845235555
0.12 0 0.45 0.00397121258901307
0.12 0 0.46 0.00601022517272066
0.12 0 0.47000000000000003 0.0063759735488547
0.12 0 0.48 0.01836392440512997
0.12 0 0.49 0.012088846688477815
0.12 0 0.5 0.011084297978676308
0.13 0 0.0 6.138042040728439
0.13 0 0.01 2.2683716631575215
0.13 0 0.02 0.6008623550549163
0.13 0 0.03 0.3050550287249045
0.13 0 0.04 0.13367142134243995
0.13 0 0.05 0.6549984071095106
0.13 0 0.06 0.6614453512670729
0.13 0 0.07 0.3881601115842031
0.13 0 0.08 0.2876945769387959
0.13 0 0.09 0.34790226681481595
0.13 0 0.1 0.4695707766868172
0.13 0 0.11 0.3433255368952379
0.13 0 0.12 0.30637130390251177
0.13 0 0.13 0.736214663865069
0.13 0 0.14 0.7559718441286826
0.13 0 0.15 1.2256383957689685
0.13 0 0.16 0.42931065727502116
0.13 0 0.17 0.1588416922391172
0.13 0 0.18 0.02932609411232415
0.13 0 0.19 0.007650270322949282
0.13 0 0.2 0.011635822488132571
0.13 0 0.21 0.009850823242750056
0.13 0 0.22 0.020872701943985432
0.13 0 0.23 0.017328294478911762
0.13 0 0.24 0.007230393143330106
0.13 0 0.25 0.0006117493081077122
0.13 0 0.26 0.0002186922921637627
0.13 0 0.27 0.00012579837150199013
0.13 0 0.28 0.0005093461103843131
0.13 0 0.29 0.0011427824945756733
0.13 0 0.3 0.001236210182236514
0.13 0 0.31 0.0036058983629283325
0.13 0 0.32 0.002916011432748595
0.13 0 0.33 0.0038499268296112586
0.13 0 0.34 0.009526814135472253
0.13 0 0.35000000000000003 0.01168780343100041
0.13 0 0.36 0.05828561286275971
0.13 0 0.37 0.06893064375909583
0.13 0 0.38 0.3638523677594704
0.13 0 0.39 0.45223573459380795
0.13 0 0.4 0.12049735870044516
0.13 0 0.41000000000000003 0.0345700180024366
0.13 0 0.42 0.05845566455191318
0.13 0 0.43 0.041644556049145784
0.13 0 0.44 0.0654387129289553
0.13 0 0.45 0.06655695217611671
0.13 0 0.46 0.15266086455933672
0.13 0 0.47000000000000003 0.03490811634553779
0.13 0 0.48 0.024302996299215677
0.13 0 0.49 0.0084543884189757
0.13 0 0.5 0.01942004221046109
0.14 0 0.0 1.5862366205415417
0.14 0 0.01 0.8211040467448127
0.14 0 0.02 0.5482071864722722
0.14 0 0.03 0.579266900752295
0.14 0 0.04 0.26911123948681337
0.14 0 0.05 0.3233428032841795
0.14 0 0.06 0.16723550110260235
0.14 0 0.07 0.38355250962341686
0.14 0 0.08 0.14489504224878716
0.14 0 0.09 0.6653623203560026
0.14 0 0.1 0.9330779601457303
0.14 0 0.11 0.3297618942001675
0.14 0 0.12 0.7980380947826293
0.14 0 0.13 0.2357528050745748
0.14 0 0.14 0.45551950627291893
0.14 0 0.15 0.14946459001889495
0.14 0 0.16 0.18093685754954011
0.14 0 0.17 0.09602876505897552
0.14 0 0.18 0.060925032632383566
0.14 0 0.19 0.007829361124137138
0.14 0 0.2 0.006217924535590568
0.14 0 0.21 0.002375042509481785
0.14 0 0.22 0.004548147344438062
0.14 0 0.23 0.002892016949733389
0.14 0 0.24 0.0015234758591791105
0.14 0 0.25 0.001777394848610715
0.14 0 0.26 0.002676850682227344
0.14 0 0.27 0.0007563434935259823
0.14 0 0.28 0.0006416436483251887
0.14 0 0.29 0.0006167659004091604
0.14 0 0.3 0.0041656208415873
0.14 0 0.31 0.012470771790650578
0.14 0 0.32 0.0067427807527640545
0.14 0 0.33 0.01977509754660831
0.14 0 0.34 0.03246637803986021
0.14 0 0.35000000000000003 0.04272353143974951
0.14 0 0.36 0.022092875476939448
0.14 0 0.37 0.013942693383950964
0.14 0 0.38 0.03607307642018485
0.14 0 0.39 0.030825400774212135
0.14 0 0.4 0.03172454917091955
0.14 0 0.41000000000000003 0.009154089034567787
0.14 0 0.42 0.01904582573026416
0.14 0 0.43 0.019759137404759743
0.14 0 0.44 0.011093888710210413
0.14 0 0.45 0.004901566154262741
0.14 0 0.46 0.0011820715580941922
0.14 0 0.47000000000000003 0.002971075660435574
0.14 0 0.48 0.006495278333853205
0.14 0 0.49 0.003953022807013144
0.14 0 0.5 0.0048640598061187
0.15 0 0.0 1.234909050271729
0.15 0 0.01 5.477421745672115
0.15 0 0.02 22.793697348209484
0.15 0 0.03 5.422667749666179
0.15 0 0.04 1.8486460012415211
0.15 0 0.05 0.1617761067283945
0.15 0 0.06 0.8854262828614136
0.15 0 0.07 1.2941215899319656
0.15 0 0.08 5.480524416423164
0.15 0 0.09 0.6568450270608326
0.15 0 0.1 0.19175334967535176
0.15 0 0.11 0.208164365595587
0.15 0 0.12 0.9663571262246826
0.15 0 0.13 0.28042740468358557
0.15 0 0.14 0.2774362217883642
0.15 0 0.15 0.09638453964645056
0.15 0 0.16 0.04893182889889638
0.15 0 0.17 0.004196115491802822
0.15 0 0.18 0.002429411483514025
0.15 0 0.19 0.0067401264606369755
0.15 0 0.2 0.003933313376873421
0.15 0 0.21 0.0023732347857093944
0.15 0 0.22 0.002414063227084105
0.15 0 0.23 0.007937763691755346
0.15 0 0.24 0.003137312809367843
0.15 0 0.25 0.0026181555598589214
0.15 0 0.26 0.0007125938637863842
0.15 0 0.27 0.0011043089702480002
0.15 0 0.28 0.00031084712580071864
0.15 0 0.29 0.0001866429549949101
0.15 0 0.3 0.00014405252651409882
0.15 0 0.31 0.00020422965047650553
0.15 0 0.32 0.0009364395837008678
0.15 0 0.33 0.0007952858234331529
0.15 0 0.34 0.0023997200497079185
0.15 0 0.35000000000000003 0.010465823091305324
0.15 0 0.36 0.0731244502851603
0.15 0 0.37 0.178291708515561
0.15 0 0.38 0.03411387907028165
0.15 0 0.39 0.01800732282499112
0.15 0 0.4 0.1232315089699572
0.15 0 0.41000000000000003 0.12256256133038515
0.15 0 0.42 0.2051635261986286
0.15 0 0.43 0.037816541829878036
0.15 0 0.44 0.04078476422392735
0.15 0 0.45 0.045342056859314375
0.15 0 0.46 0.034515458485844294
0.15 0 0.47000000000000003 0.018722648668766547
0.15 0 0.48 0.008873358989507609
0.15 0 0.49 0.001855036492238081
0.15 0 0.5 0.001733356431065804
0.16 0 0.0 1.8015638405483259
0.16 0 0.01 0.46777857514872956
0.16 0 0.02 0.32422148317134
0.16 0 0.03 0.1874000876774144
0.16 0 0.04 0.8806437623564861
0.16 0 0.05 0.7512542457034
0.16 0 0.06 0.2202166947237172
0.16 0 0.07 0.11916950213904082
0.16 0 0.08 0.34707441484313245
0.16 0 0.09 0.08552343139986489
0.16 0 0.1 0.04378045908762201
0.16 0 0.11 0.06343788176067476
0.16 0 0.12 0.0074999701184904405
0.16 0 0.13 0.002674741640810983
0.16 0 0.14 0.0004551492702438971
0.16 0 0.15 0.004751134336693496
0.16 0 0.16 0.011892303550204418
0.16 0 0.17 0.02665156105735939
0.16 0 0.18 0.008410925326481548
0.16 0 0.19 0.0031986046742296815
0.16 0 0.2 0.0003275173572222936
0.16 0 0.21 0.00028807816435164697
0.16 0 0.22 9.693769905837794e-05
0.16 0 0.23 6.781869163501794e-05
0.16 0 0.24 0.00017040984637294596
0.16 0 0.25 0.00046795259354032534
0.16 0 0.26 0.0031366045208740764
0.16 0 0.27 0.001444304724060051
0.16 0 0.28 0.0005918282807817089
0.16 0 0.29 0.00023386748951037415
0.16 0 0.3 0.0007289431354292054
0.16 0 0.31 0.004056533085377259
0.16 0 0.32 0.03726511893683301
0.16 0 0.33 0.009213692542158286
0.16 0 0.34 0.02291734091741622
0.16 0 0.35000000000000003 0.009972354311311382
0.16 0 0.36 0.06768447504818455
0.16 0 0.37 0.13589608557403215
0.16 0 0.38 0.3878148742153751
0.16 0 0.39 0.5016712373338973
0.16 0 0.4 0.18469454701809238
0.16 0 0.41000000000000003 0.15211871977207908
0.16 0 0.42 0.16249807212368242
0.16 0 0.43 0.2957014744003039
0.16 0 0.44 0.6069137646282691
0.16 0 0.45 1.0038213252013206
0.16 0 0.46 0.5891756437001349
0.16 0 0.47000000000000003 0.11342087267433318
0.16 0 0.48 0.01410839153738334
0.16 0 0.49 0.010846721275473124
0.16 0 0.5 0.011801528976737044
0.17 0 0.0 0.198687175509483
0.17 0 0.01 0.24556651799143334
0.17 0 0.02 0.26419540573839123
0.17 0 0.03 0.49173730513492797
0.17 0 0.04 0.20160934857298204
0.17 0 0.05 0.10467401060224009
0.17 0 0.06 0.012974025528886948
0.17 0 0.07 0.034889230248285566
0.17 0 0.08 0.027373982238097942
0.17 0 0.09 0.11530459739309845
0.17 0 0.1 0.21434877547838813
0.17 0 0.11 0.12330892986333965
0.17 0 0.12 0.021155053893960267
0.17 0 0.13 0.03919862035957157
0.17 0 0.14 0.02915855856413125
0.17 0 0.15 0.009584009885622467
0.17 0 0.16 0.0030520697902376684
0.17 0 0.17 0.0018928909601414925
0.17 0 0.18 0.0014298860614141296
0.17 0 0.19 0.00014351099885990566
0.17 0 0.2 0.00021532099801785067
0.17 0 0.21 0.0002518311449590781
0.17 0 0.22 0.0007697642101582408
0.17 0 0.23 0.00018760802383189934
0.17 0 0.24 0.0002868914687537851
0.17 0 0.25 0.00014615223712063826
0.17 0 0.26 0.0005818781307341277
0.17 0 0.27 0.0011456398353904228
0.17 0 0.28 0.006247240161058797
0.17 0 0.29 0.0036667811434680214
0.17 0 0.3 0.008587787305279196
0.17 0 0.31 0.007647769023622392
0.17 0 0.32 0.0037656514562691653
0.17 0 0.33 0.011296718569225705
0.17 0 0.34 0.0106289088396565
0.17 0 0.35000000000000003 0.0387833781164097
0.17 0 0.36 0.026481507583778936
0.17 0 0.37 0.04164998460455219
0.17 0 0.38 0.2802187109584386
0.17 0 0.39 1.4914955373724086
0.17 0 0.4 0.45252282453339515
0.17 0 0.41000000000000003 0.6273360664537088
0.17 0 0.42 0.10169532111620956
0.17 0 0.43 0.11722992587893659
0.17 0 0.44 0.03213881373357484
0.17 0 0.45 0.011536137833149773
0.17 0 0.46 0.04051401548831613
0.17 0 0.47000000000000003 0.1887931818425957
0.17 0 0.48 0.31133797344263203
0.17 0 0.49 0.2757386074118294
0.17 0 0.5 0.3992572508081165
0.18 0 0.0 0.07031489389131512
0.18 0 0.01 0.03931604779555426
0.18 0 0.02 0.02539645582162081
0.18 0 0.03 0.04452152704781707
0.18 0 0.04 0.014466803668378317
0.18 0 0.05 0.022165024375698963
0.18 0 0.06 0.06718022000606193
0.18 0 0.07 0.06187962633733661
0.18 0 0.08 0.01654596099248311
0.18 0 0.09 0.005711763682695446
0.18 0 0.1 0.013300953656901713
0.18 0 0.11 0.01592551843829587
0.18 0 0.12 0.016450560618266656
0.18 0 0.13 0.004858674678345958
0.18 0 0.14 0.005216334857561236
0.18 0 0.15 0.0021438029481936193
0.18 0 0.16 0.004767444084246042
0.18 0 0.17 0.001497439187450964
0.18 0 0.18 0.0007651155473808114
0.18 0 0.19 0.000949869584890515
0.18 0 0.2 0.0004266362547366689
0.18 0 0.21 6.179112626364024e-05
0.18 0 0.22 9.742798891149563e-05
0.18 0 0.23 0.0002885965899848887
0.18 0 0.24 0.0009122022242782405
0.18 0 0.25 0.0008086668977677486
0.18 0 0.26 0.00013726648806341147
0.18 0 0.27 0.0011128927436132936
0.18 0 0.28 0.0010039740247390968
0.18 0 0.29 0.004310176023601742
0.18 0 0.3 0.006898532664770374
0.18 0 0.31 0.011076182701287816
0.18 0 0.32 0.00907567442660273
0.18 0 0.33 0.027869044008268035
0.18 0 0.34 0.0031121991945883038
0.18 0 0.35000000000000003 0.0033101497052652907
0.18 0 0.36 0.0017271573068615913
0.18 0 0.37 0.0023989779380864415
0.18 0 0.38 0.009344893183584174
0.18 0 0.39 0.02315003108047878
0.18 0 0.4 0.06984307554751466
0.18 0 0.41000000000000003 0.012003025867403863
0.18 0 0.42 0.0021872959886349626
0.18 0 0.43 0.0008191683147768029
0.18 0 0.44 0.002768800360028628
0.18 0 0.45 0.002179385003428546
0.18 0 0.46 0.01802972166608395
0.18 0 0.47000000000000003 0.03740027123139079
0.18 0 0.48 0.11879497019112832
0.18 0 0.49 0.04448238662175698
0.18 0 0.5 0.20753044674485854
0.19 0 0.0 0.13293224168319615
0.19 0 0.01 0.03296395478461974
0.19 0 0.02 0.017060861245744897
0.19 0 0.03 0.03412373878537094
0.19 0 0.04 0.09322605135084572
0.19 0 0.05 0.09460784791372538
0.19 0 0.06 0.0049934286974203535
0.19 0 0.07 0.0007858881071894036
0.19 0 0.08 0.0012693042237429467
0.19 0 0.09 0.0038325500138146474
0.19 0 0.1 0.011724384948236995
0.19 0 0.11 0.0373610224885279
0.19 0 0.12 0.038320563265698666
0.19 0 0.13 0.020777780346534946
0.19 0 0.14 0.015485009213061809
0.19 0 0.15 0.01477239510315383
0.19 0 0.16 0.0075950660429881444
0.19 0 0.17 0.002102387919198005
0.19 0 0.18 0.002023891295787483
0.19 0 0.19 0.018748238003732366
0.19 0 0.2 0.003094288635032561
0.19 0 0.21 0.00203346373584716
0.19 0 0.22 0.0008208657810788219
0.19 0 0.23 0.001722470773318909
0.19 0 0.24 0.0011762504693198545
0.19 0 0.25 0.0014073036065762052
0.19 0 0.26 0.0012007199854433982
0.19 0 0.27 0.001601605069341678
0.19 0 0.28 0.0017782646597524086
0.19 0 0.29 0.00457635608845891
0.19 0 0.3 0.00496436944784123
0.19 0 0.31 0.004104933277575374
0.19 0 0.32 0.01271011505406683
0.19 0 0.33 0.017744853774326975
0.19 0 0.34 0.023403247003611356
0.19 0 0.35000000000000003 0.0074819522942261504
0.19 0 0.36 0.011393502646372154
0.19 0 0.37 0.0034383175904518777
0.19 0 0.38 0.005192991795081936
0.19 0 0.39 0.0050894128721628165
0.19 0 0.4 0.021811959220767122
0.19 0 0.41000000000000003 0.01987409722699313
0.19 0 0.42 0.08792614243276886
0.19 0 0.43 0.03216969754899591
0.19 0 0.44 0.011294163060074847
0.19 0 0.45 0.003172591983602692
0.19 0 0.46 0.0012856960495387444
0.19 0 0.47000000000000003 0.004348736550742752
0.19 0 0.48 0.004941046396153346
0.19 0 0.49 0.05909914584713314
0.19 0 0.5 0.04435355403652332
0.2 0 0.0 0.0779747965283959
0.2 0 0.01 0.07585436283127446
0.2 0 0.02 0.013835043698913986
0.2 0 0.03 0.0019358407019111172
0.2 0 0.04 0.001245110465945145
0.2 0 0.05 0.0004760231156038616
0.2 0 0.06 0.0006391426647367566
0.2 0 0.07 0.0020703012483727244
0.2 0 0.08 0.0037468135011299725
0.2 0 0.09 0.005465829413765919
0.2 0 0.1 0.0030627766093379006
0.2 0 0.11 0.002905027716184166
0.2 0 0.12 0.003001738089672358
0.2 0 0.13 0.0048962816416409025
0.2 0 0.14 0.004980976644885571
0.2 0 0.15 0.01112544563046819
0.2 0 0.16 0.020372326139488642
0.2 0 0.17 0.11666674928018575
0.2 0 0.18 0.2968914080336253
0.2 0 0.19 0.05878179566987619
0.2 0 0.2 0.03160722854265283
0.2 0 0.21 0.04899089231979405
0.2 0 0.22 0.031939417515974004
0.2 0 0.23 0.03603260387774816
0.2 0 0.24 0.036254776404378374
0.2 0 0.25 0.13448893641771706
0.2 0 0.26 0.21113301876884585
0.2 0 0.27 0.06814775757564091
0.2 0 0.28 0.09668586812481401
0.2 0 0.29 0.03593694002827128
0.2 0 0.3 0.032975237666725644
0.2 0 0.31 0.023364714753149603
0.2 0 0.32 0.029949741395485768
0.2 0 0.33 0.022790714665420583
0.2 0 0.34 0.07919609443850913
0.2 0 0.35000000000000003 0.13886938753552383
0.2 0 0.36 0.03929680021663801
0.2 0 0.37 0.024593113076355883
0.2 0 0.38 0.05470499329050203
0.2 0 0.39 0.16650356329817875
0.2 0 0.4 0.012800685234961025
0.2 0 0.41000000000000003 0.02218053045886454
0.2 0 0.42 0.06149612925784777
0.2 0 0.43 0.16841357693687947
0.2 0 0.44 0.021670481546965045
0.2 0 0.45 0.0057853517207344584
0.2 0 0.46 0.0027320689721286964
0.2 0 0.47000000000000003 0.004994014835617969
0.2 0 0.48 0.0022448076313576464
0.2 0 0.49 0.01826940136800442
0.2 0 0.5 0.009871699179232979
0.21 0 0.0 0.014690662064442655
0.21 0 0.01 0.007848221669854882
0.21 0 0.02 0.004689625796290576
0.21 0 0.03 0.0021333560235824566
0.21 0 0.04 0.0006863571415582196
0.21 0 0.05 0.00014562682908324674
0.21 0 0.06 0.0009462232417139179
0.21 0 0.07 0.0013278651036812048
0.21 0 0.08 0.0010484018044103214
0.21 0 0.09 0.0033775002090187397
0.21 0 0.1 0.024325333581413044
0.21 0 0.11 0.07491729448493363
0.21 0 0.12 0.06375386880735971
0.21 0 0.13 0.03129278942878893
0.21 0 0.14 0.007812259038079464
0.21 0 0.15 0.016947740490590436
0.21 0 0.16 0.011664667003590546
0.21 0 0.17 0.06077053978289037
0.21 0 0.18 0.07742487277212758
0.21 0 0.19 0.12544887580146494
0.21 0 0.2 0.27926929300086745
0.21 0 0.21 0.15501854065007822
0.21 0 0.22 0.06007975354478626
0.21 0 0.23 0.1098518439603701
0.21 0 0.24 0.33036500921425704
0.21 0 0.25 0.3602763448106187
0.21 0 0.26 0.6240142123342487
0.21 0 0.27 6.596070068253893
0.21 0 0.28 5.052133139795585
0.21 0 0.29 1.6080029030335043
0.21 0 0.3 0.38280395363115444
0.21 0 0.31 0.8949092264044881
0.21 0 0.32 0.7507412484112719
0.21 0 0.33 0.21710493875644352
0.21 0 0.34 0.24679597712966617
0.21 0 0.35000000000000003 1.0277700655801238
0.21 0 0.36 0.4635431099925372
0.21 0 0.37 0.4392929713384631
0.21 0 0.38 0.21150288045899365
0.21 0 0.39 0.21405930808117787
0.21 0 0.4 0.1913015531193471
0.21 0 0.41000000000000003 0.34846147086265444
0.21 0 0.42 0.04319863907641908
0.21 0 0.43 0.020891516716227077
0.21 0 0.44 0.012031840333884264
0.21 0 0.45 0.019323577059358537
0.21 0 0.46 0.018733345041722516
0.21 0 0.47000000000000003 0.0018857149378239764
0.21 0 0.48 0.004676652131325088
0.21 0 0.49 0.0012611937042887936
0.21 0 0.5 0.0018463631576016222
0.22 0 0.0 0.0336574690603955
0.22 0 0.01 0.008825868059990404
0.22 0 0.02 0.004725649286651047
0.22 0 0.03 0.010211327057366847
0.22 0 0.04 0.004082656796644869
0.22 0 0.05 0.0066090179129554465
0.22 0 0.06 0.00358138188834824
0.22 0 0.07 0.03807739243913854
0.22 0 0.08 0.02290518787974702
0.22 0 0.09 0.018216414596644165
0.22 0 0.1 0.003703273911918169
0.22 0 0.11 0.005252913475051945
0.22 0 0.12 0.0074492270389056835
0.22 0 0.13 0.016442733952900013
0.22 0 0.14 0.00950326018173684
0.22 0 0.15 0.030496111796534407
0.22 0 0.16 0.014340046662966677
0.22 0 0.17 0.0025140263191074067
0.22 0 0.18 0.0007389625051040685
0.22 0 0.19 0.0015189742489561144
0.22 0 0.2 0.0051632638398698884
0.22 0 0.21 0.026941585592802474
0.22 0 0.22 0.030296586340557968
0.22 0 0.23 0.025159424651857592
0.22 0 0.24 0.01626222441787187
0.22 0 0.25 0.004046013102818359
0.22 0 0.26 0.035342962257534874
0.22 0 0.27 0.07511201470332306
0.22 0 0.28 0.061312766691917285
0.22 0 0.29 0.1474510644479722
0.22 0 0.3 0.15087313368524885
0.22 0 0.31 0.29945123833155335
0.22 0 0.32 0.14904416452489486
0.22 0 0.33 0.13134462800880248
0.22 0 0.34 0.14042876523908526
0.22 0 0.35000000000000003 0.12160686718268997
0.22 0 0.36 0.1037384908696817
0.22 0 0.37 0.1591555009622051
0.22 0 0.38 0.021980849013836387
0.22 0 0.39 0.0018551773100022328
0.22 0 0.4 0.0019263459603906378
0.22 0 0.41000000000000003 0.00037062486029851445
0.22 0 0.42 9.923830525626302e-05
0.22 0 0.43 0.00016737528399053084
0.22 0 0.44 0.0005696314437866605
0.22 0 0.45 0.0016339726515697548
0.22 0 0.46 0.00022100795130505253
0.22 0 0.47000000000000003 7.280841938904867e-05
0.22 0 0.48 8.367425785816559e-05
0.22 0 0.49 3.1577708694930444e-05
0.22 0 0.5 0.00010197491518947071
0.23 0 0.0 0.04276942634616519
0.23 0 0.01 0.07977169077629107
0.23 0 0.02 0.0223493063199274
0.23 0 0.03 0.05182392756611854
0.23 0 0.04 0.23851886946928763
0.23 0 0.05 1.0777234059776022
0.23 0 0.06 0.11279853756648234
0.23 0 0.07 0.04736766458729891
0.23 0 0.08 0.007478605012251683
0.23 0 0.09 0.006563020144126896
0.23 0 0.1 0.01920718016672716
0.23 0 0.11 0.06827258111259564
0.23 0 0.12 0.4014348483819928
0.23 0 0.13 0.2183612350321754
0.23 0 0.14 0.10433091834290328
0.23 0 0.15 0.032127746391622455
0.23 0 0.16 0.04637501879375568
0.23 0 0.17 0.022799413328702636
0.23 0 0.18 0.028218807966887045
0.23 0 0.19 0.0027110461006479504
0.23 0 0.2 0.002184037451440298
0.23 0 0.21 0.004197532542185572
0.23 0 0.22 0.012733886261745979
0.23 0 0.23 0.036489060524362134
0.23 0 0.24 0.015173912097751183
0.23 0 0.25 0.04442653049494806
0.23 0 0.26 0.11222642686383356
0.23 0 0.27 0.08014155944922312
0.23 0 0.28 0.039717197843785225
0.23 0 0.29 0.06100260425135294
0.23 0 0.3 0.05150214557966489
0.23 0 0.31 0.05750487872623286
0.23 0 0.32 0.020078573539820878
0.23 0 0.33 0.04821822840777109
0.23 0 0.34 0.029576612400260455
0.23 0 0.35000000000000003 0.02224622461272152
0.23 0 0.36 0.005361076739201874
0.23 0 0.37 0.006304211703055231
0.23 0 0.38 0.0024919984479406395
0.23 0 0.39 0.0026310823902823527
0.23 0 0.4 0.002504098693995571
0.23 0 0.41000000000000003 0.0012003067311610253
0.23 0 0.42 0.0012901755622434863
0.23 0 0.43 0.0012056808682082514
0.23 0 0.44 0.0005489303994945114
0.23 0 0.45 0.00040298413632783563
0.23 0 0.46 0.0010533135654115357
0.23 0 0.47000000000000003 0.0031148781229021413
0.23 0 0.48 0.0006575225801025245
0.23 0 0.49 0.0009411889695887508
0.23 0 0.5 0.0014799442887468905
0.24 0 0.0 0.0374155550843726
0.24 0 0.01 0.053170464836225395
0.24 0 0.02 0.09835455587301062
0.24 0 0.03 0.06824665565781128
0.24 0 0.04 0.05663897476806852
0.24 0 0.05 0.01733704153649438
0.24 0 0.06 0.11030224247075315
0.24 0 0.07 0.049763312108818986
0.24 0 0.08 0.07231222084696387
0.24 0 0.09 0.04713772195438595
0.24 0 0.1 0.06647850464352648
0.24 0 0.11 0.0636439143835641
0.24 0 0.12 0.1545080642191175
0.24 0 0.13 0.21109659610903858
0.24 0 0.14 1.3704957528257637
0.24 0 0.15 3.29567037091303
0.24 0 0.16 3.2760757230485558
0.24 0 0.17 4.088945696732158
0.24 0 0.18 0.7764216617838349
0.24 0 0.19 1.9883684011009977
0.24 0 0.2 1.0760640300433588
0.24 0 0.21 0.5988340057362349
0.24 0 0.22 0.47111544589258025
0.24 0 0.23 3.0189538733769927
0.24 0 0.24 1.1731489078726076
0.24 0 0.25 1.0025998777688676
0.24 0 0.26 0.11492939275063574
0.24 0 0.27 0.7888036422554221
0.24 0 0.28 0.8519721574100179
0.24 0 0.29 0.6779419465794398
0.24 0 0.3 0.15106786056365085
0.24 0 0.31 0.03579897952450359
0.24 0 0.32 0.01575721384917497
0.24 0 0.33 0.008711355643125647
0.24 0 0.34 0.013217602090661737
0.24 0 0.35000000000000003 0.014695552251248462
0.24 0 0.36 0.005432052414472152
0.24 0 0.37 0.0009259491882650273
0.24 0 0.38 0.0011678219715602022
0.24 0 0.39 0.002298512697046326
0.24 0 0.4 0.002622028118278832
0.24 0 0.41000000000000003 0.0006965419405640665
0.24 0 0.42 0.0003093237197989668
0.24 0 0.43 0.00031007677633003764
0.24 0 0.44 0.0002805851006388127
0.24 0 0.45 0.0003702970335706438
0.24 0 0.46 0.0017491915738118934
0.24 0 0.47000000000000003 0.0016937436042038466
0.24 0 0.48 0.0007657775545761446
0.24 0 0.49 0.000746730330839738
0.24 0 0.5 0.0006196265715954173
0.25 0 0.0 0.02643888527800095
0.25 0 0.01 0.0404989927217952
0.25 0 0.02 0.1047720415088942
0.25 0 0.03 0.17550792047977629
0.25 0 0.04 0.07470958454166998
0.25 0 0.05 0.051959305286618816
0.25 0 0.06 0.11912753648860429
0.25 0 0.07 0.10092258489419977
0.25 0 0.08 0.48644583984545875
0.25 0 0.09 1.8857024197518972
0.25 0 0.1 0.615595323376678
0.25 0 0.11 2.8081165098386593
0.25 0 0.12 1.2202606763688029
0.25 0 0.13 4.011271035368429
0.25 0 0.14 2.4906904952913904
0.25 0 0.15 2.7548996972332205
0.25 0 0.16 0.7941440316214646
0.25 0 0.17 1.0491832930797735
0.25 0 0.18 1.098940283914829
0.25 0 0.19 11.598188083509203
0.25 0 0.2 1.4980124258078995
0.25 0 0.21 0.24238176993492205
0.25 0 0.22 0.22754406953664616
0.25 0 0.23 1.258946763670959
0.25 0 0.24 9.33116001251143
0.25 0 0.25 9.533244481790629
0.25 0 0.26 8.032811536008241
0.25 0 0.27 1.809890617748795
0.25 0 0.28 1.4035704524099493
0.25 0 0.29 0.652511891992948
0.25 0 0.3 1.2467203493989327
0.25 0 0.31 1.1554256333871407
0.25 0 0.32 3.5759089124541297
0.25 0 0.33 0.8853338870096564
0.25 0 0.34 0.2324930595265105
0.25 0 0.35000000000000003 0.05632302147453427
0.25 0 0.36 0.22928520734292357
0.25 0 0.37 0.34363993042940555
0.25 0 0.38 0.16074159159691764
0.25 0 0.39 0.1306674934491691
0.25 0 0.4 0.03132342778587913
0.25 0 0.41000000000000003 0.017806299541106206
0.25 0 0.42 0.008204788438362639
0.25 0 0.43 0.01154744837004795
0.25 0 0.44 0.004364817465442841
0.25 0 0.45 0.00431294841448912
0.25 0 0.46 0.0013971422958507108
0.25 0 0.47000000000000003 0.011374464097010215
0.25 0 0.48 0.0179182246153583
0.25 0 0.49 0.03267610154476682
0.25 0 0.5 0.02499951321924672
0.26 0 0.0 0.07932728978299586
0.26 0 0.01 0.05949859474587292
0.26 0 0.02 0.02243741152275082
0.26 0 0.03 0.11643531517844634
0.26 0 0.04 0.3445350834411764
0.26 0 0.05 1.9158695644768997
0.26 0 0.06 0.5087929672437665
0.26 0 0.07 0.9526878361933435
0.26 0 0.08 4.584574807209628
0.26 0 0.09 8.220294138144599
0.26 0 0.1 6.816153215779226
0.26 0 0.11 17.23690146978977
0.26 0 0.12 14.620198698141513
0.26 0 0.13 15.13314605906517
0.26 0 0.14 11.404387167193972
0.26 0 0.15 10.63882354085367
0.26 0 0.16 4.259780955602255
0.26 0 0.17 1.0868200507913337
0.26 0 0.18 1.4079478595529087
0.26 0 0.19 0.28753240236005034
0.26 0 0.2 0.5725405951816865
0.26 0 0.21 0.6405994001479504
0.26 0 0.22 2.704432454967434
0.26 0 0.23 0.458661028506055
0.26 0 0.24 0.4811346915379855
0.26 0 0.25 2.47013371588534
0.26 0 0.26 9.256755603614591
0.26 0 0.27 3.553119284497823
0.26 0 0.28 17.91825644942675
0.26 0 0.29 48.530484256305094
0.26 0 0.3 30.658071186531714
0.26 0 0.31 18.845531694606375
0.26 0 0.32 3.1918542583683993
0.26 0 0.33 6.484915764757622
0.26 0 0.34 1.3812565359544549
0.26 0 0.35000000000000003 0.5667693244302389
0.26 0 0.36 0.1635432331951679
0.26 0 0.37 0.12667233313324947
0.26 0 0.38 0.09460144656746415
0.26 0 0.39 1.1615497015189646
0.26 0 0.4 0.1706207335315137
0.26 0 0.41000000000000003 0.36096376403875485
0.26 0 0.42 0.43894982300004387
0.26 0 0.43 0.3124722037627257
0.26 0 0.44 0.03727752550600085
0.26 0 0.45 0.00750913575981741
0.26 0 0.46 0.012001798995275249
0.26 0 0.47000000000000003 0.07246887647793071
0.26 0 0.48 0.18043054444663711
0.26 0 0.49 0.28257583132813635
0.26 0 0.5 1.3586009712080618
0.27 0 0.0 0.06275827558333288
0.27 0 0.01 0.04731045360814298
0.27 0 0.02 0.06794592444006622
0.27 0 0.03 0.07817094598730771
0.27 0 0.04 0.08212443092580743
0.27 0 0.05 0.05093684986839641
0.27 0 0.06 0.03971817544412397
0.27 0 0.07 0.1742249784579855
0.27 0 0.08 0.2138909270411514
0.27 0 0.09 0.14946581225265412
0.27 0 0.1 0.6285356624378651
0.27 0 0.11 0.7564036902062895
0.27 0 0.12 0.980043223742326
0.27 0 0.13 0.17270038904171345
0.27 0 0.14 0.7703628902121359
0.27 0 0.15 0.6840586833701028
0.27 0 0.16 0.4146035964640832
0.27 0 0.17 0.5816745767040814
0.27 0 0.18 0.628020060145393
0.27 0 0.19 0.7156738910663504
0.27 0 0.2 1.246490186417003
0.27 0 0.21 1.458776791660801
0.27 0 0.22 2.854269269147679
0.27 0 0.23 4.574192413698582
0.27 0 0.24 4.128721913267898
0.27 0 0.25 7.9171033515275395
0.27 0 0.26 2.291713631436353
0.27 0 0.27 11.45536576542162
0.27 0 0.28 11.93288625829309
0.27 0 0.29 4.575748806459908
0.27 0 0.3 2.6223002108758937
0.27 0 0.31 57.64129963306952
0.27 0 0.32 51.43725397213047
0.27 0 0.33 51.78371912995498
0.27 0 0.34 12.371583707803465
0.27 0 0.35000000000000003 12.146701006495887
0.27 0 0.36 3.049611865214357
0.27 0 0.37 1.2149306880726143
0.27 0 0.38 10.257918819211614
0.27 0 0.39 11.74352916387764
0.27 0 0.4 6.433441340349743
0.27 0 0.41000000000000003 0.9422504007072507
0.27 0 0.42 0.7063304793132088
0.27 0 0.43 0.1375815025107935
0.27 0 0.44 0.16789822673089724
0.27 0 0.45 0.2791323711716955
0.27 0 0.46 0.3958290430206014
0.27 0 0.47000000000000003 0.04952922526395322
0.27 0 0.48 0.17521847613448527
0.27 0 0.49 0.3652007604468538
0.27 0 0.5 1.0200620291844718
0.28 0 0.0 0.2994368109111624
0.28 0 0.01 0.19965307130691998
0.28 0 0.02 0.2865261741076075
0.28 0 0.03 0.1875793314840697
0.28 0 0.04 0.07854803736519614
0.28 0 0.05 0.030248594603468446
0.28 0 0.06 0.19779991870555635
0.28 0 0.07 1.2363803889646594
0.28 0 0.08 1.0374783704399748
0.28 0 0.09 1.7358904853725983
0.28 0 0.1 6.351343841431766
0.28 0 0.11 31.9048837934586
0.28 0 0.12 30.454928635109017
0.28 0 0.13 12.651334811946576
0.28 0 0.14 5.837853525050596
0.28 0 0.15 1.6836543278331149
0.28 0 0.16 5.680313658456206
0.28 0 0.17 9.695563886709706
0.28 0 0.18 4.213504440509756
0.28 0 0.19 4.233083732798592
0.28 0 0.2 1.8402474225172012
0.28 0 0.21 0.8941477877438282
0.28 0 0.22 0.08617852565330685
0.28 0 0.23 0.19164182991620216
0.28 0 0.24 0.7896434367404773
0.28 0 0.25 1.2137136264069885
0.28 0 0.26 3.169306006676913
0.28 0 0.27 19.45097709414656
0.28 0 0.28 15.108859754726563
0.28 0 0.29 3.3330424327907937
0.28 0 0.3 5.1153496760796555
0.28 0 0.31 2.771200946947981
0.28 0 0.32 1.4301713319061602
0.28 0 0.33 0.17411462526423258
0.28 0 0.34 1.6262296248217265
0.28 0 0.35000000000000003 8.872838401319578
0.28 0 0.36 10.414877406897528
0.28 0 0.37 4.576520267968313
0.28 0 0.38 1.7966654765293504
0.28 0 0.39 0.4097659090856831
0.28 0 0.4 3.8258987518544805
0.28 0 0.41000000000000003 4.033866487690032
0.28 0 0.42 2.989620555105305
0.28 0 0.43 0.35073419127627725
0.28 0 0.44 0.29897203543259954
0.28 0 0.45 0.8581991217853742
0.28 0 0.46 0.17906940913544608
0.28 0 0.47000000000000003 0.3379355837483602
0.28 0 0.48 0.15751414926267743
0.28 0 0.49 0.0950419141685237
0.28 0 0.5 0.0167023303436329
0.29 0 0.0 0.06117814073195677
0.29 0 0.01 0.03812183405620745
0.29 0 0.02 0.03630169417890539
0.29 0 0.03 0.03521277684356471
0.29 0 0.04 0.07334834319053819
0.29 0 0.05 0.07635150488084338
0.29 0 0.06 0.18282049741323514
0.29 0 0.07 0.11372495437263683
0.29 0 0.08 0.5669969910136181
0.29 0 0.09 0.8950069604373382
0.29 0 0.1 2.58797430339097
0.29 0 0.11 1.0080048500594319
0.29 0 0.12 1.2557486845854664
0.29 0 0.13 3.631035519320518
0.29 0 0.14 0.7514248158594992
0.29 0 0.15 0.5167532497822159
0.29 0 0.16 1.677893829602495
0.29 0 0.17 0.8992304140243857
0.29 0 0.18 0.6141478195801074
0.29 0 0.19 0.154329580139715
0.29 0 0.2 0.23640013815279504
0.29 0 0.21 0.384083761070401
0.29 0 0.22 0.2520610492879703
0.29 0 0.23 0.21106647266152165
0.29 0 0.24 0.24930048574691252
0.29 0 0.25 0.18991286894404752
0.29 0 0.26 0.6295236958413121
0.29 0 0.27 0.5222845011098218
0.29 0 0.28 0.3157335883481628
0.29 0 0.29 0.9739461180075921
0.29 0 0.3 4.3486135323045865
0.29 0 0.31 2.6768097986466914
0.29 0 0.32 5.5396946045136
0.29 0 0.33 9.235539652601487
0.29 0 0.34 38.1614068347497
0.29 0 0.35000000000000003 18.24528538459812
0.29 0 0.36 18.337454866278087
0.29 0 0.37 28.134942182664574
0.29 0 0.38 5.581982184932235
0.29 0 0.39 7.207887138999759
0.29 0 0.4 2.9946681433382096
0.29 0 0.41000000000000003 4.282218566377832
0.29 0 0.42 0.7164296715851441
0.29 0 0.43 0.6924370795738044
0.29 0 0.44 0.5939814417352806
0.29 0 0.45 0.22031891121370156
0.29 0 0.46 0.19641058707227077
0.29 0 0.47000000000000003 0.48846317995077404
0.29 0 0.48 0.11010031847250047
0.29 0 0.49 0.1014796187642639
0.29 0 0.5 0.3344490538741845
0.3 0 0.0 0.0363887062403038
0.3 0 0.01 0.021253164558614073
0.3 0 0.02 0.12422203028326187
0.3 0 0.03 0.057498087394427785
0.3 0 0.04 0.0834441609830393
0.3 0 0.05 0.07845969339310105
0.3 0 0.06 0.11346715501248532
0.3 0 0.07 0.1614348657933022
0.3 0 0.08 0.22018552164978478
0.3 0 0.09 0.07940950994779782
0.3 0 0.1 0.1374531324890754
0.3 0 0.11 0.15650312300402058
0.3 0 0.12 0.39952288010565246
0.3 0 0.13 0.4540252792313048
0.3 0 0.14 0.11926966835224685
0.3 0 0.15 0.18138017220500655
0.3 0 0.16 0.06324645631402291
0.3 0 0.17 0.046059895648140496
0.3 0 0.18 0.08830365447336394
0.3 0 0.19 0.3457230991782183
0.3 0 0.2 0.1378196747196434
0.3 0 0.21 0.03683118802725827
0.3 0 0.22 0.06595558745030858
0.3 0 0.23 0.11871586618943818
0.3 0 0.24 0.30899455504199563
0.3 0 0.25 0.4950609115483542
0.3 0 0.26 1.6565837817547213
0.3 0 0.27 1.851544707191928
0.3 0 0.28 1.3166161099749203
0.3 0 0.29 1.6555923746535666
0.3 0 0.3 2.95712842353589
0.3 0 0.31 2.2595398896477725
0.3 0 0.32 1.2912841675449418
0.3 0 0.33 1.3358997933142833
0.3 0 0.34 0.39333408500441985
0.3 0 0.35000000000000003 0.30442418304093033
0.3 0 0.36 0.5903486287304408
0.3 0 0.37 0.18140105808327472
0.3 0 0.38 0.18771765176395727
0.3 0 0.39 0.13327083178695295
0.3 0 0.4 0.15089927450143112
0.3 0 0.41000000000000003 0.5118002752975654
0.3 0 0.42 1.0141679970900495
0.3 0 0.43 4.884137983391307
0.3 0 0.44 1.2907478560532424
0.3 0 0.45 0.09131296754484117
0.3 0 0.46 0.2775810753796261
0.3 0 0.47000000000000003 0.3489994390847555
0.3 0 0.48 1.9533338997605036
0.3 0 0.49 1.0989733817917726
0.3 0 0.5 1.023590825174946
#STOP
