#MEDIUM_PROPERTIES_DISTRIBUTED
$MSH_TYPE
	 GROUNDWATER_FLOW	
$MMP_TYPE
	 PERMEABILITY	
$DIS_TYPE
	 NEAREST_VALUE	
;hj
$CONVERSION_FACTOR
2e-8;2e-6;2e-13
$DATA
0.0 0 0.0 1.7255272653730027
0.0 0 0.01 1.0765506230675366
0.0 0 0.02 0.6782863148611186
0.0 0 0.03 1.3430200690296628
0.0 0 0.04 0.8476313791790032
0.0 0 0.05 0.5594821408583797
0.0 0 0.06 0.5001602528099363
0.0 0 0.07 0.21265545690023493
0.0 0 0.08 0.2301000452600961
0.0 0 0.09 0.26438528359489516
0.0 0 0.1 0.38287655875323273
0.0 0 0.11 0.32112814566103276
0.0 0 0.12 0.2071362741374911
0.0 0 0.13 0.18862323647138884
0.0 0 0.14 0.27504035662411447
0.0 0 0.15 0.22757823854554834
0.0 0 0.16 0.20074721372994414
0.0 0 0.17 0.22037419310745127
0.0 0 0.18 0.16035596301206506
0.0 0 0.19 0.23423936315481095
0.0 0 0.2 0.2865075269254382
0.0 0 0.21 0.3212522323338173
0.0 0 0.22 0.4457637756631727
0.0 0 0.23 0.3747461760063256
0.0 0 0.24 0.3848326322675595
0.0 0 0.25 1.078554005980562
0.0 0 0.26 1.1006369981458979
0.0 0 0.27 0.8406634962847707
0.0 0 0.28 0.9538424776495547
0.0 0 0.29 1.345336255847257
0.0 0 0.3 1.21158013246535
0.0 0 0.31 1.2544371746490606
0.0 0 0.32 0.8923740373490417
0.0 0 0.33 0.6293436676420173
0.0 0 0.34 0.6022191108094549
0.0 0 0.35000000000000003 0.9903153666705515
0.0 0 0.36 1.1142515418272327
0.0 0 0.37 0.9284240802545377
0.0 0 0.38 0.644663602439392
0.0 0 0.39 1.2687319159554689
0.0 0 0.4 1.0771605979311631
0.0 0 0.41000000000000003 0.6675601164077429
0.0 0 0.42 0.3603545441244769
0.0 0 0.43 0.2080106349555717
0.0 0 0.44 0.19606242852252853
0.0 0 0.45 0.17168559044818663
0.0 0 0.46 0.1684895040590618
0.0 0 0.47000000000000003 0.3519450153260378
0.0 0 0.48 0.490516618321459
0.0 0 0.49 0.281303172062501
0.0 0 0.5 0.2801241705788927
0.01 0 0.0 0.6707468107356356
0.01 0 0.01 0.6973379709333952
0.01 0 0.02 0.5830948508656496
0.01 0 0.03 0.41110187662411773
0.01 0 0.04 0.2871468220928722
0.01 0 0.05 0.5188105473677005
0.01 0 0.06 0.20900694401188205
0.01 0 0.07 0.23013204905468607
0.01 0 0.08 0.44842245398334635
0.01 0 0.09 0.6390198877334962
0.01 0 0.1 0.7352329594842714
0.01 0 0.11 0.9876372839188463
0.01 0 0.12 0.7063289506147418
0.01 0 0.13 0.3530797303998152
0.01 0 0.14 0.23747200943131652
0.01 0 0.15 0.3506266355672165
0.01 0 0.16 0.31231557015778316
0.01 0 0.17 0.35672024136487474
0.01 0 0.18 1.068577124787425
0.01 0 0.19 1.382006217619339
0.01 0 0.2 0.6422395493372488
0.01 0 0.21 1.2669655958025472
0.01 0 0.22 1.786038813572029
0.01 0 0.23 0.9224986369902399
0.01 0 0.24 1.3241979982239431
0.01 0 0.25 1.5546969080128292
0.01 0 0.26 1.61994806360122
0.01 0 0.27 2.5357654181837446
0.01 0 0.28 2.00398367637105
0.01 0 0.29 1.6798770582299882
0.01 0 0.3 2.0583603795782035
0.01 0 0.31 1.2817327780915895
0.01 0 0.32 0.7356333086278006
0.01 0 0.33 0.5606579249627677
0.01 0 0.34 0.6797392526092066
0.01 0 0.35000000000000003 0.7150869172833351
0.01 0 0.36 1.2814580093974643
0.01 0 0.37 1.327140762100858
0.01 0 0.38 1.224840964955629
0.01 0 0.39 0.6942620661647517
0.01 0 0.4 0.8654476371994482
0.01 0 0.41000000000000003 0.8580449482240782
0.01 0 0.42 0.3941213553530722
0.01 0 0.43 0.6959728559480589
0.01 0 0.44 0.8833195034853331
0.01 0 0.45 0.2734989353305548
0.01 0 0.46 0.16560098071033755
0.01 0 0.47000000000000003 0.3120683355907455
0.01 0 0.48 0.3279502937573121
0.01 0 0.49 0.24465849667817727
0.01 0 0.5 0.3328523712684563
0.02 0 0.0 0.902954823207725
0.02 0 0.01 1.0127592303629191
0.02 0 0.02 0.8184210217642989
0.02 0 0.03 0.24468742039707705
0.02 0 0.04 0.5446635403313606
0.02 0 0.05 0.376530592208214
0.02 0 0.06 0.23042726556396084
0.02 0 0.07 0.22959322428408788
0.02 0 0.08 0.19068710659062815
0.02 0 0.09 0.3358707437471162
0.02 0 0.1 0.7151364827406197
0.02 0 0.11 0.7995158451792024
0.02 0 0.12 0.9175428705912273
0.02 0 0.13 0.560630139014121
0.02 0 0.14 0.5458528089849719
0.02 0 0.15 0.3400482317506972
0.02 0 0.16 0.2617085212255102
0.02 0 0.17 0.28460424183698296
0.02 0 0.18 0.5322259976157748
0.02 0 0.19 0.7694988874587274
0.02 0 0.2 1.2622070515208286
0.02 0 0.21 1.7309332441110876
0.02 0 0.22 1.659981435881946
0.02 0 0.23 1.8582785824179373
0.02 0 0.24 1.7468672529584774
0.02 0 0.25 0.9153797081869494
0.02 0 0.26 1.3366344182654564
0.02 0 0.27 1.108412185076729
0.02 0 0.28 0.7834097877795109
0.02 0 0.29 0.7362704258756447
0.02 0 0.3 0.7231034585543579
0.02 0 0.31 0.7420582852034083
0.02 0 0.32 0.32073198189297397
0.02 0 0.33 0.347127821600845
0.02 0 0.34 0.5210014072572532
0.02 0 0.35000000000000003 0.524049106881257
0.02 0 0.36 0.534665518584771
0.02 0 0.37 0.9875780261736165
0.02 0 0.38 0.932167336232764
0.02 0 0.39 1.033772719181617
0.02 0 0.4 1.6497288719765606
0.02 0 0.41000000000000003 0.8260212060698809
0.02 0 0.42 0.8611497445996694
0.02 0 0.43 1.064509544304529
0.02 0 0.44 0.8675720534194027
0.02 0 0.45 0.7556285672770301
0.02 0 0.46 0.5187289469365299
0.02 0 0.47000000000000003 0.5497479982185989
0.02 0 0.48 0.963147528977856
0.02 0 0.49 0.6384974833865477
0.02 0 0.5 0.276290692950944
0.03 0 0.0 0.87298770697195
0.03 0 0.01 1.747774072889675
0.03 0 0.02 1.7750110862258164
0.03 0 0.03 1.3523508101270898
0.03 0 0.04 0.5700000525519018
0.03 0 0.05 0.6573804966170461
0.03 0 0.06 0.9184351013595821
0.03 0 0.07 0.503050848490371
0.03 0 0.08 0.940819933562073
0.03 0 0.09 1.3469687530391827
0.03 0 0.1 0.8727740041054491
0.03 0 0.11 2.15761753022972
0.03 0 0.12 1.9588016451191523
0.03 0 0.13 1.6643690486225189
0.03 0 0.14 0.8828931656052759
0.03 0 0.15 0.533397688363303
0.03 0 0.16 0.5381129304502695
0.03 0 0.17 0.6832520701954325
0.03 0 0.18 0.8151033418756203
0.03 0 0.19 1.165409047417399
0.03 0 0.2 1.005724929962687
0.03 0 0.21 0.9720429906479048
0.03 0 0.22 1.3911331512799867
0.03 0 0.23 3.0843137217900947
0.03 0 0.24 1.371732215876444
0.03 0 0.25 2.261850603048712
0.03 0 0.26 3.1792299663298635
0.03 0 0.27 2.568939535293596
0.03 0 0.28 2.4399468568729854
0.03 0 0.29 0.9023509974412157
0.03 0 0.3 0.7502197463213903
0.03 0 0.31 0.69371588641836
0.03 0 0.32 0.6312008018555141
0.03 0 0.33 0.9460805608356877
0.03 0 0.34 0.8377845944648413
0.03 0 0.35000000000000003 0.556718544769832
0.03 0 0.36 0.5334353745344023
0.03 0 0.37 0.49582439304328374
0.03 0 0.38 0.580259929998955
0.03 0 0.39 1.0982435421357997
0.03 0 0.4 0.6312427213554276
0.03 0 0.41000000000000003 0.674967415626179
0.03 0 0.42 0.9952455417014584
0.03 0 0.43 0.6916164351756573
0.03 0 0.44 0.7828331784483631
0.03 0 0.45 0.9548789101701354
0.03 0 0.46 0.43543370884367244
0.03 0 0.47000000000000003 0.4852935839772584
0.03 0 0.48 0.39563102277302287
0.03 0 0.49 0.2189793412884482
0.03 0 0.5 0.1219423596067676
0.04 0 0.0 1.9774092892539872
0.04 0 0.01 2.6934084025894367
0.04 0 0.02 3.2723738947535046
0.04 0 0.03 3.680859912944677
0.04 0 0.04 2.033977697573074
0.04 0 0.05 1.7258301251230728
0.04 0 0.06 1.4469175952578262
0.04 0 0.07 0.9382052281390963
0.04 0 0.08 0.620886887070852
0.04 0 0.09 0.6974755386751732
0.04 0 0.1 1.4514103948352544
0.04 0 0.11 1.1320504691231652
0.04 0 0.12 1.8310772017223693
0.04 0 0.13 2.1538624059113043
0.04 0 0.14 1.4793317105783987
0.04 0 0.15 2.089057729378476
0.04 0 0.16 1.9039672009964828
0.04 0 0.17 1.1840779819646048
0.04 0 0.18 1.2068832891400916
0.04 0 0.19 0.9253139445635858
0.04 0 0.2 1.73076679029253
0.04 0 0.21 1.2494913570006125
0.04 0 0.22 1.9898622369350265
0.04 0 0.23 1.5547058945963976
0.04 0 0.24 1.3787632631103557
0.04 0 0.25 1.270605360995115
0.04 0 0.26 0.944590507540027
0.04 0 0.27 1.737886435382384
0.04 0 0.28 1.4582185315580725
0.04 0 0.29 1.193541419063573
0.04 0 0.3 1.1665684633594253
0.04 0 0.31 0.9612160557523395
0.04 0 0.32 1.645892301140636
0.04 0 0.33 1.4425987393692647
0.04 0 0.34 1.1481829765971496
0.04 0 0.35000000000000003 0.8929924055611551
0.04 0 0.36 0.4191226340116075
0.04 0 0.37 0.23569754203270704
0.04 0 0.38 0.37106460598563284
0.04 0 0.39 0.44603423899138767
0.04 0 0.4 0.4038938734575381
0.04 0 0.41000000000000003 0.6748325514107747
0.04 0 0.42 1.370389581035776
0.04 0 0.43 0.9352370832652166
0.04 0 0.44 1.2850882397081804
0.04 0 0.45 1.1122111272335715
0.04 0 0.46 0.8870640878349272
0.04 0 0.47000000000000003 0.6041686830621661
0.04 0 0.48 0.5941377082665454
0.04 0 0.49 0.5796391346290857
0.04 0 0.5 0.3166074693090912
0.05 0 0.0 1.4843966514078883
0.05 0 0.01 2.4976207591305744
0.05 0 0.02 4.27810397746431
0.05 0 0.03 1.9180854391996185
0.05 0 0.04 1.0383636472883628
0.05 0 0.05 0.7847068718803317
0.05 0 0.06 1.4246525069959581
0.05 0 0.07 2.1589228103032316
0.05 0 0.08 1.3177575893598439
0.05 0 0.09 1.0492124555869498
0.05 0 0.1 0.8599568612338289
0.05 0 0.11 0.9239029921539474
0.05 0 0.12 1.7512675675221543
0.05 0 0.13 1.5828877209086092
0.05 0 0.14 1.6271795799492337
0.05 0 0.15 1.656242538840174
0.05 0 0.16 1.6180074286529214
0.05 0 0.17 2.6583657500525546
0.05 0 0.18 1.2867241048711524
0.05 0 0.19 2.377420432151534
0.05 0 0.2 2.103090762441204
0.05 0 0.21 1.656307997669351
0.05 0 0.22 1.5775356045891566
0.05 0 0.23 1.0263091428224203
0.05 0 0.24 0.7474501184613948
0.05 0 0.25 0.4455749139103452
0.05 0 0.26 0.5712651303326036
0.05 0 0.27 0.9695990393359262
0.05 0 0.28 1.2507724009391115
0.05 0 0.29 1.0134237734702551
0.05 0 0.3 0.5757136221051851
0.05 0 0.31 0.9632252541487094
0.05 0 0.32 0.9201964167327025
0.05 0 0.33 0.9697705791900043
0.05 0 0.34 1.1066969469666592
0.05 0 0.35000000000000003 0.5708913449033443
0.05 0 0.36 0.5898205914168352
0.05 0 0.37 0.6267784148913021
0.05 0 0.38 0.4005747851363982
0.05 0 0.39 0.3750572227494087
0.05 0 0.4 0.29452482899817417
0.05 0 0.41000000000000003 0.47779699808764403
0.05 0 0.42 0.4529611425742647
0.05 0 0.43 0.769850873185746
0.05 0 0.44 0.7022837960332875
0.05 0 0.45 0.5546741438878277
0.05 0 0.46 0.7802387433625333
0.05 0 0.47000000000000003 0.5690577951374599
0.05 0 0.48 0.40693633113603855
0.05 0 0.49 0.533319967472701
0.05 0 0.5 0.31972212185360194
0.06 0 0.0 1.8045732335535953
0.06 0 0.01 1.5535169963093538
0.06 0 0.02 1.2011946301433776
0.06 0 0.03 1.9836893296681672
0.06 0 0.04 0.7585636223691838
0.06 0 0.05 0.5921360080303592
0.06 0 0.06 0.803085164197196
0.06 0 0.07 0.796238515268091
0.06 0 0.08 0.7054238398661369
0.06 0 0.09 0.82211830785985
0.06 0 0.1 1.3436270613537322
0.06 0 0.11 3.1506292255075854
0.06 0 0.12 1.1863033867130255
0.06 0 0.13 1.127564254594048
0.06 0 0.14 2.6333563457788696
0.06 0 0.15 0.9887108660829182
0.06 0 0.16 1.3040796411030533
0.06 0 0.17 1.080030942178838
0.06 0 0.18 0.45702623744544735
0.06 0 0.19 0.4290135827011292
0.06 0 0.2 0.6405481698810841
0.06 0 0.21 0.7314874327087014
0.06 0 0.22 0.7778668665039785
0.06 0 0.23 1.5623675670532693
0.06 0 0.24 1.6222873866111973
0.06 0 0.25 0.9551896665121697
0.06 0 0.26 0.4704782719786861
0.06 0 0.27 0.4423791551869831
0.06 0 0.28 0.9955829497058963
0.06 0 0.29 0.7872852194701638
0.06 0 0.3 0.9351344715727986
0.06 0 0.31 1.3180889393151962
0.06 0 0.32 1.0430321777529963
0.06 0 0.33 1.5294156005388835
0.06 0 0.34 0.9254029479562955
0.06 0 0.35000000000000003 0.6603880141716054
0.06 0 0.36 0.740760158817344
0.06 0 0.37 0.44055189464517497
0.06 0 0.38 0.5965134670731247
0.06 0 0.39 0.881486989131494
0.06 0 0.4 1.2728088949426928
0.06 0 0.41000000000000003 0.8451578872148405
0.06 0 0.42 0.7644923086344089
0.06 0 0.43 0.6795687620480629
0.06 0 0.44 0.33654586711819984
0.06 0 0.45 0.4769234555555785
0.06 0 0.46 0.6049738927004611
0.06 0 0.47000000000000003 0.4423997602213312
0.06 0 0.48 0.6673469679866894
0.06 0 0.49 0.7377084223004143
0.06 0 0.5 1.4698987693648766
0.07 0 0.0 1.5236650328380175
0.07 0 0.01 2.036338812545145
0.07 0 0.02 3.077868213717936
0.07 0 0.03 1.9006659735440241
0.07 0 0.04 1.1162499987034666
0.07 0 0.05 0.3759179405237811
0.07 0 0.06 0.5453266030255063
0.07 0 0.07 0.8042271316507373
0.07 0 0.08 0.4671149432593113
0.07 0 0.09 0.3529658614495205
0.07 0 0.1 0.8455755201778513
0.07 0 0.11 0.851508906836294
0.07 0 0.12 0.7416003570543166
0.07 0 0.13 0.8087477977069953
0.07 0 0.14 0.428442817606807
0.07 0 0.15 0.40150024354255476
0.07 0 0.16 0.27263022803743303
0.07 0 0.17 0.18509179153175132
0.07 0 0.18 0.3068643498580214
0.07 0 0.19 0.297332088893304
0.07 0 0.2 0.45417930129804757
0.07 0 0.21 0.7828059691316099
0.07 0 0.22 0.9154508084715178
0.07 0 0.23 1.0818395440268986
0.07 0 0.24 1.2882840346221027
0.07 0 0.25 0.9600766467525185
0.07 0 0.26 0.9410501809254532
0.07 0 0.27 1.500476252585513
0.07 0 0.28 1.4117769850512067
0.07 0 0.29 1.505184240629479
0.07 0 0.3 1.2462625329675434
0.07 0 0.31 0.47087316467097556
0.07 0 0.32 0.8699731944884139
0.07 0 0.33 0.6649605841497749
0.07 0 0.34 0.3141473118858002
0.07 0 0.35000000000000003 0.588576451239987
0.07 0 0.36 0.6217616980609687
0.07 0 0.37 0.6828683090951377
0.07 0 0.38 0.832985703203623
0.07 0 0.39 0.7347384361922815
0.07 0 0.4 0.824403987582324
0.07 0 0.41000000000000003 0.4404486375601078
0.07 0 0.42 0.34323807718738153
0.07 0 0.43 0.2713450282727037
0.07 0 0.44 0.2293608916967431
0.07 0 0.45 0.2353809403227822
0.07 0 0.46 0.2156397033244104
0.07 0 0.47000000000000003 0.3234848871890512
0.07 0 0.48 0.2166808736494705
0.07 0 0.49 0.4206824567773924
0.07 0 0.5 0.3047036342346151
0.08 0 0.0 2.2747204160246097
0.08 0 0.01 2.8008176044039548
0.08 0 0.02 1.8954741968798248
0.08 0 0.03 2.264969289836105
0.08 0 0.04 1.800233066659681
0.08 0 0.05 1.4030398419648715
0.08 0 0.06 0.7239263264730027
0.08 0 0.07 0.5670941865513809
0.08 0 0.08 0.5802138949507388
0.08 0 0.09 0.5044256752311366
0.08 0 0.1 0.49867953178413493
0.08 0 0.11 0.72382977215965
0.08 0 0.12 0.4184660303041081
0.08 0 0.13 0.2484152967921341
0.08 0 0.14 0.36772914205142354
0.08 0 0.15 0.516899998960109
0.08 0 0.16 0.38552767040791497
0.08 0 0.17 0.4456991873160713
0.08 0 0.18 0.5455572177590579
0.08 0 0.19 0.5780155202332579
0.08 0 0.2 0.371467002451393
0.08 0 0.21 0.5438397580878991
0.08 0 0.22 1.5603882486201184
0.08 0 0.23 2.1793997739437274
0.08 0 0.24 1.643539422526836
0.08 0 0.25 1.4498488816057975
0.08 0 0.26 0.6208734366074562
0.08 0 0.27 0.34401537456781695
0.08 0 0.28 0.8963546463725873
0.08 0 0.29 1.5346858789325555
0.08 0 0.3 0.45128799189583746
0.08 0 0.31 0.4440094134176551
0.08 0 0.32 0.38413601086868004
0.08 0 0.33 0.31846925811206217
0.08 0 0.34 0.7046328349355828
0.08 0 0.35000000000000003 0.6679075699481357
0.08 0 0.36 0.45120885591344856
0.08 0 0.37 0.6069252399974684
0.08 0 0.38 0.3125463704173021
0.08 0 0.39 0.47662184952873043
0.08 0 0.4 0.3437105391915852
0.08 0 0.41000000000000003 0.3061040774679353
0.08 0 0.42 0.3633327272176667
0.08 0 0.43 0.2719372737094007
0.08 0 0.44 0.3616062344383215
0.08 0 0.45 0.2110708856980982
0.08 0 0.46 0.09712426582571246
0.08 0 0.47000000000000003 0.10241701400596531
0.08 0 0.48 0.21012096441438627
0.08 0 0.49 0.1388010091567104
0.08 0 0.5 0.31350845885512924
0.09 0 0.0 1.2063649025508147
0.09 0 0.01 1.393301138394637
0.09 0 0.02 2.5139457615272254
0.09 0 0.03 2.375619348579033
0.09 0 0.04 3.3783529577114524
0.09 0 0.05 4.023273282370534
0.09 0 0.06 1.713421610864109
0.09 0 0.07 0.8316442188067322
0.09 0 0.08 0.8889506554366927
0.09 0 0.09 0.4906518530188768
0.09 0 0.1 0.36401480992533064
0.09 0 0.11 0.5811655478795843
0.09 0 0.12 0.8253655778375486
0.09 0 0.13 0.4828972583752041
0.09 0 0.14 0.42027428533294325
0.09 0 0.15 0.4448563547395916
0.09 0 0.16 0.4275189699104632
0.09 0 0.17 0.5546022245386197
0.09 0 0.18 1.0773606920689918
0.09 0 0.19 1.3156112075705584
0.09 0 0.2 1.3359372031883063
0.09 0 0.21 1.130732461915132
0.09 0 0.22 1.840227905178425
0.09 0 0.23 2.6339089740798225
0.09 0 0.24 2.2281899876822684
0.09 0 0.25 2.8298315394291937
0.09 0 0.26 2.5055696796782243
0.09 0 0.27 1.3200891430456547
0.09 0 0.28 1.045294760156924
0.09 0 0.29 0.5979040722231619
0.09 0 0.3 0.5388640563988003
0.09 0 0.31 0.4302772528438361
0.09 0 0.32 0.3564126823022533
0.09 0 0.33 0.4639315556938435
0.09 0 0.34 0.6636050587180212
0.09 0 0.35000000000000003 0.2519629997850722
0.09 0 0.36 0.3027817931812011
0.09 0 0.37 0.4772692929339177
0.09 0 0.38 0.9077297613550988
0.09 0 0.39 0.5044118552833239
0.09 0 0.4 0.45046744030418534
0.09 0 0.41000000000000003 0.3139598199767744
0.09 0 0.42 0.1145830192848526
0.09 0 0.43 0.1939568353051314
0.09 0 0.44 0.42106227215732406
0.09 0 0.45 0.36805105105805797
0.09 0 0.46 0.38712023130744644
0.09 0 0.47000000000000003 0.5255682403244494
0.09 0 0.48 0.34858588920451516
0.09 0 0.49 0.2820912542103354
0.09 0 0.5 0.5083052162743659
0.1 0 0.0 0.741717427562651
0.1 0 0.01 0.9795836390094734
0.1 0 0.02 1.1133092392391455
0.1 0 0.03 1.5055977678702015
0.1 0 0.04 1.8051299532150056
0.1 0 0.05 1.3026383933591488
0.1 0 0.06 0.9541403929624361
0.1 0 0.07 0.8020570686327665
0.1 0 0.08 0.7708148061672095
0.1 0 0.09 0.9918000877443817
0.1 0 0.1 0.4967110326368995
0.1 0 0.11 0.32488434468622285
0.1 0 0.12 0.7122099969910062
0.1 0 0.13 0.8052506203954867
0.1 0 0.14 0.5022526062728617
0.1 0 0.15 0.8247298726153057
0.1 0 0.16 0.8468729006699317
0.1 0 0.17 0.8600247230280295
0.1 0 0.18 1.1186891599028557
0.1 0 0.19 0.9082000413107979
0.1 0 0.2 0.7095448477502163
0.1 0 0.21 0.8138877325563256
0.1 0 0.22 1.3718785749567224
0.1 0 0.23 2.628262720242458
0.1 0 0.24 3.869800233289806
0.1 0 0.25 2.2263903537267593
0.1 0 0.26 1.8555034459034758
0.1 0 0.27 1.7289842147960972
0.1 0 0.28 0.9659714213704175
0.1 0 0.29 1.0514120596415961
0.1 0 0.3 0.6820246787505334
0.1 0 0.31 0.4832803664222945
0.1 0 0.32 0.4269502082359073
0.1 0 0.33 0.906350737122489
0.1 0 0.34 0.8243072498155625
0.1 0 0.35000000000000003 0.5725972136497145
0.1 0 0.36 0.34841377722248895
0.1 0 0.37 0.5984048832386425
0.1 0 0.38 0.7642332587798398
0.1 0 0.39 0.9638880157577129
0.1 0 0.4 0.5571988557072487
0.1 0 0.41000000000000003 0.3860735800705308
0.1 0 0.42 0.4778591695215895
0.1 0 0.43 0.3699783028767186
0.1 0 0.44 0.2918359377803346
0.1 0 0.45 0.45129401360891624
0.1 0 0.46 0.6250979598855185
0.1 0 0.47000000000000003 1.1350889422731145
0.1 0 0.48 1.4022563116156381
0.1 0 0.49 1.5509164266827
0.1 0 0.5 0.9711004768694109
0.11 0 0.0 1.0706616697388949
0.11 0 0.01 0.8480105800904867
0.11 0 0.02 0.8061527186673506
0.11 0 0.03 1.0899820641833038
0.11 0 0.04 0.768282617403871
0.11 0 0.05 0.5425407828348943
0.11 0 0.06 0.5365128772032768
0.11 0 0.07 0.37065409659391246
0.11 0 0.08 0.26655077156078055
0.11 0 0.09 0.30441065893466884
0.11 0 0.1 0.22305459734377217
0.11 0 0.11 0.2721946214499053
0.11 0 0.12 0.892025611111304
0.11 0 0.13 1.2545565762272906
0.11 0 0.14 1.2308056689873728
0.11 0 0.15 0.7962143848801205
0.11 0 0.16 0.9700553432711602
0.11 0 0.17 2.32607581580982
0.11 0 0.18 1.525694317395316
0.11 0 0.19 2.070140512532571
0.11 0 0.2 2.7462704931696558
0.11 0 0.21 1.5391197067037472
0.11 0 0.22 1.2938057785813224
0.11 0 0.23 2.5405580778659522
0.11 0 0.24 2.2085210916303626
0.11 0 0.25 2.6104206217227137
0.11 0 0.26 2.722864627656261
0.11 0 0.27 1.5238079811633216
0.11 0 0.28 1.1678027454629385
0.11 0 0.29 0.5245829024424692
0.11 0 0.3 0.46976458647631336
0.11 0 0.31 0.3919959703417636
0.11 0 0.32 0.34944385579830134
0.11 0 0.33 0.6668578001748646
0.11 0 0.34 1.383117493275175
0.11 0 0.35000000000000003 1.01832008388389
0.11 0 0.36 1.4329376610099194
0.11 0 0.37 1.3872857667871576
0.11 0 0.38 1.8893162819358547
0.11 0 0.39 1.6514840863073064
0.11 0 0.4 0.7422370761361681
0.11 0 0.41000000000000003 0.4833278422272779
0.11 0 0.42 0.6156039605323923
0.11 0 0.43 0.530529049722101
0.11 0 0.44 0.5278722247277077
0.11 0 0.45 0.8133903100479284
0.11 0 0.46 0.9887699308113387
0.11 0 0.47000000000000003 0.5405779468119611
0.11 0 0.48 0.8125724760304861
0.11 0 0.49 0.9141434797346883
0.11 0 0.5 0.8399077220767031
0.12 0 0.0 1.1452588942566257
0.12 0 0.01 0.35446059097700716
0.12 0 0.02 0.5752623281918382
0.12 0 0.03 0.5604460570513574
0.12 0 0.04 0.36616758402443306
0.12 0 0.05 0.4522054418455487
0.12 0 0.06 0.4969390076826217
0.12 0 0.07 0.39399064588238253
0.12 0 0.08 0.4893882195090633
0.12 0 0.09 0.486098706725486
0.12 0 0.1 0.31229338654631555
0.12 0 0.11 0.6048023403284596
0.12 0 0.12 1.018029514842428
0.12 0 0.13 1.9690333113847112
0.12 0 0.14 3.297337627179513
0.12 0 0.15 1.7840225839879156
0.12 0 0.16 3.467904511536146
0.12 0 0.17 3.6911744185984694
0.12 0 0.18 2.660850462631814
0.12 0 0.19 1.8755006647062855
0.12 0 0.2 1.5876054606802903
0.12 0 0.21 1.2609869053299267
0.12 0 0.22 1.8214208770692113
0.12 0 0.23 1.733002215761017
0.12 0 0.24 1.8014648907453992
0.12 0 0.25 1.5507012335425083
0.12 0 0.26 1.034158878963932
0.12 0 0.27 0.9765035496501896
0.12 0 0.28 1.2492988071611657
0.12 0 0.29 1.1988900064510293
0.12 0 0.3 0.8399592047689609
0.12 0 0.31 0.7873074047556217
0.12 0 0.32 0.7853786573067579
0.12 0 0.33 0.696770654830116
0.12 0 0.34 0.5873252253904697
0.12 0 0.35000000000000003 0.8618269420279706
0.12 0 0.36 0.5662842229802013
0.12 0 0.37 0.4949113120600745
0.12 0 0.38 0.810248339976669
0.12 0 0.39 0.6556330748128901
0.12 0 0.4 0.42129603195548804
0.12 0 0.41000000000000003 0.5930233711547697
0.12 0 0.42 0.6661395238942573
0.12 0 0.43 0.5325304984772864
0.12 0 0.44 0.4973405050102127
0.12 0 0.45 0.6267226153367681
0.12 0 0.46 0.676759707117348
0.12 0 0.47000000000000003 1.2777567868406472
0.12 0 0.48 0.6433272060645127
0.12 0 0.49 0.45449675320400446
0.12 0 0.5 0.6385628467807157
0.13 0 0.0 1.3963109267002718
0.13 0 0.01 4.580631693240972
0.13 0 0.02 1.7485244375085631
0.13 0 0.03 1.2402000354919018
0.13 0 0.04 1.4283712054052438
0.13 0 0.05 0.4093121643131931
0.13 0 0.06 0.5133724233836179
0.13 0 0.07 0.7830781873587175
0.13 0 0.08 0.8825840161328773
0.13 0 0.09 1.1036458723528713
0.13 0 0.1 1.474006980019232
0.13 0 0.11 1.8292718569729072
0.13 0 0.12 1.9903638971610451
0.13 0 0.13 3.602967678337725
0.13 0 0.14 3.5139115462535178
0.13 0 0.15 5.022136796596424
0.13 0 0.16 3.6869915475504618
0.13 0 0.17 5.573052769144581
0.13 0 0.18 6.526650439933564
0.13 0 0.19 2.514135811561834
0.13 0 0.2 1.711081611920733
0.13 0 0.21 2.14390304449147
0.13 0 0.22 0.6265387001543339
0.13 0 0.23 0.6779204609089251
0.13 0 0.24 0.978499705482158
0.13 0 0.25 0.6674634716736049
0.13 0 0.26 0.5479484734672778
0.13 0 0.27 0.8311641693801654
0.13 0 0.28 0.7262470038235688
0.13 0 0.29 0.86073340773152
0.13 0 0.3 1.220624598861719
0.13 0 0.31 0.9214565175448045
0.13 0 0.32 0.7385398998693669
0.13 0 0.33 0.5990699311286315
0.13 0 0.34 0.6485659504627903
0.13 0 0.35000000000000003 0.906844849251666
0.13 0 0.36 0.6822593393795
0.13 0 0.37 1.1188988573979837
0.13 0 0.38 1.4988448819896254
0.13 0 0.39 1.2767968742103688
0.13 0 0.4 1.5074193359226584
0.13 0 0.41000000000000003 0.6374170024420037
0.13 0 0.42 0.37343510724613466
0.13 0 0.43 0.6814029488518878
0.13 0 0.44 1.113017532661213
0.13 0 0.45 1.4485841194560585
0.13 0 0.46 3.1795634713464644
0.13 0 0.47000000000000003 1.4791844711294786
0.13 0 0.48 0.749013735149854
0.13 0 0.49 0.8257059192504705
0.13 0 0.5 0.6913767158520682
0.14 0 0.0 2.90715846876738
0.14 0 0.01 2.0151956113741107
0.14 0 0.02 1.6375940524105217
0.14 0 0.03 2.9709903859002744
0.14 0 0.04 1.0241407523157786
0.14 0 0.05 0.8087235260805521
0.14 0 0.06 0.40395471718132847
0.14 0 0.07 0.3723836350360899
0.14 0 0.08 0.6794047679278301
0.14 0 0.09 0.6997363770992863
0.14 0 0.1 1.7153060525635007
0.14 0 0.11 1.6359702688662867
0.14 0 0.12 1.6507656435777196
0.14 0 0.13 3.3124915893288582
0.14 0 0.14 6.458201607204847
0.14 0 0.15 7.250574607710767
0.14 0 0.16 9.015004316928728
0.14 0 0.17 9.977599592309728
0.14 0 0.18 6.698870318984182
0.14 0 0.19 3.0581565656087792
0.14 0 0.2 2.5474523859788203
0.14 0 0.21 1.2009023122473952
0.14 0 0.22 1.4726588712890925
0.14 0 0.23 0.9805769308868709
0.14 0 0.24 0.7136122755431125
0.14 0 0.25 0.8293775215452552
0.14 0 0.26 0.8442485750343005
0.14 0 0.27 0.905523137816771
0.14 0 0.28 1.3268697986812044
0.14 0 0.29 1.109815487109785
0.14 0 0.3 0.7580719417113244
0.14 0 0.31 0.516280123454975
0.14 0 0.32 0.5391045595553362
0.14 0 0.33 0.5495963806753734
0.14 0 0.34 1.0895209107884545
0.14 0 0.35000000000000003 1.2550241762416965
0.14 0 0.36 2.9237161851971893
0.14 0 0.37 2.7041483757464344
0.14 0 0.38 1.3807682993880868
0.14 0 0.39 3.9131147386091025
0.14 0 0.4 2.783476274351561
0.14 0 0.41000000000000003 1.3018652513969926
0.14 0 0.42 2.2895269429331293
0.14 0 0.43 1.611736110879596
0.14 0 0.44 1.0197522414395783
0.14 0 0.45 1.738086205701475
0.14 0 0.46 1.319840820621516
0.14 0 0.47000000000000003 0.9583140633351178
0.14 0 0.48 1.1536959992866147
0.14 0 0.49 0.8960269373165167
0.14 0 0.5 1.9242604886869756
0.15 0 0.0 1.8210474743231722
0.15 0 0.01 1.7444466879286171
0.15 0 0.02 2.5734715684892615
0.15 0 0.03 1.5977764292378749
0.15 0 0.04 2.358754693913483
0.15 0 0.05 1.2242986459373568
0.15 0 0.06 0.4751544041406668
0.15 0 0.07 0.49493749647685675
0.15 0 0.08 0.3069037057266274
0.15 0 0.09 0.4483610016892841
0.15 0 0.1 0.7026891406247956
0.15 0 0.11 1.019933954782428
0.15 0 0.12 1.8981191331601768
0.15 0 0.13 2.1262245099528454
0.15 0 0.14 4.195679098817272
0.15 0 0.15 4.247218474125299
0.15 0 0.16 2.0391148868219173
0.15 0 0.17 2.721376844574624
0.15 0 0.18 3.0096058106384405
0.15 0 0.19 3.6311517395054578
0.15 0 0.2 1.8743898080836814
0.15 0 0.21 1.3709734392045656
0.15 0 0.22 0.9013902824373385
0.15 0 0.23 0.6814361443579371
0.15 0 0.24 0.8048266878335679
0.15 0 0.25 0.8672903921510715
0.15 0 0.26 1.1055571233834551
0.15 0 0.27 0.8822356143092116
0.15 0 0.28 0.5497433893219209
0.15 0 0.29 1.176040657586157
0.15 0 0.3 0.5341968113781864
0.15 0 0.31 0.49390228448159607
0.15 0 0.32 0.570016596993812
0.15 0 0.33 0.6122373317892429
0.15 0 0.34 0.9231010096945571
0.15 0 0.35000000000000003 2.6847075347071936
0.15 0 0.36 4.754293216765037
0.15 0 0.37 4.2080900515106965
0.15 0 0.38 6.0919355061486655
0.15 0 0.39 5.676193870406925
0.15 0 0.4 4.291898148712831
0.15 0 0.41000000000000003 2.9443955989694692
0.15 0 0.42 1.2997804418051722
0.15 0 0.43 1.7587755234202385
0.15 0 0.44 2.083842328500261
0.15 0 0.45 1.5667587860622623
0.15 0 0.46 1.0579456498801232
0.15 0 0.47000000000000003 0.7912730822400731
0.15 0 0.48 0.9993773024248763
0.15 0 0.49 1.8607910436472814
0.15 0 0.5 2.1564406638757543
0.16 0 0.0 0.5199240398568106
0.16 0 0.01 0.8808023601971157
0.16 0 0.02 0.9912744524352953
0.16 0 0.03 1.3966039116659208
0.16 0 0.04 1.7335600469926646
0.16 0 0.05 1.0461323041648083
0.16 0 0.06 0.9441263353730593
0.16 0 0.07 0.8201276202162211
0.16 0 0.08 0.7139112929014308
0.16 0 0.09 1.2618571794179017
0.16 0 0.1 0.9805077202779192
0.16 0 0.11 0.9377323177670829
0.16 0 0.12 1.3305191617829177
0.16 0 0.13 1.7046323286583633
0.16 0 0.14 1.777210664374674
0.16 0 0.15 3.3089433603581724
0.16 0 0.16 3.2941392008958
0.16 0 0.17 1.6574340348971484
0.16 0 0.18 3.423288535897356
0.16 0 0.19 2.4179622398241145
0.16 0 0.2 0.9929795103013507
0.16 0 0.21 1.2947574041224237
0.16 0 0.22 1.5453607215391185
0.16 0 0.23 2.8828020053778736
0.16 0 0.24 2.3144131855986685
0.16 0 0.25 1.8274949486301133
0.16 0 0.26 3.810542350934474
0.16 0 0.27 1.7698173065955265
0.16 0 0.28 2.662125784165006
0.16 0 0.29 1.8239923774778892
0.16 0 0.3 1.1538153208557993
0.16 0 0.31 1.1158487351884812
0.16 0 0.32 1.0654491847303682
0.16 0 0.33 1.394601709362323
0.16 0 0.34 1.5876392282370235
0.16 0 0.35000000000000003 2.3563777993177086
0.16 0 0.36 3.9798277031524205
0.16 0 0.37 4.892881580026429
0.16 0 0.38 5.302945813531191
0.16 0 0.39 4.765831836518962
0.16 0 0.4 5.169577423226969
0.16 0 0.41000000000000003 3.113146147708841
0.16 0 0.42 1.7633927806741159
0.16 0 0.43 1.3523288788705188
0.16 0 0.44 2.3726320262861336
0.16 0 0.45 2.5077214880925287
0.16 0 0.46 1.3004336248847734
0.16 0 0.47000000000000003 1.9724812350424508
0.16 0 0.48 2.430674769452547
0.16 0 0.49 0.9223483530127329
0.16 0 0.5 1.6094031241510047
0.17 0 0.0 1.1267095195226506
0.17 0 0.01 1.868828813303359
0.17 0 0.02 1.2881740278292246
0.17 0 0.03 0.945318090459238
0.17 0 0.04 1.2053164025388037
0.17 0 0.05 0.8888912251441163
0.17 0 0.06 0.581910237561971
0.17 0 0.07 0.3027619054358335
0.17 0 0.08 0.45387677717938474
0.17 0 0.09 0.5094941051707016
0.17 0 0.1 0.5380478146785242
0.17 0 0.11 0.8562782529941528
0.17 0 0.12 1.3845627401510667
0.17 0 0.13 1.188219538613088
0.17 0 0.14 1.790124506184909
0.17 0 0.15 1.776812509093368
0.17 0 0.16 0.9824873459084743
0.17 0 0.17 0.8844102659080698
0.17 0 0.18 1.297184117568513
0.17 0 0.19 1.5715996572408109
0.17 0 0.2 1.8317497497616566
0.17 0 0.21 0.8076687804539291
0.17 0 0.22 1.1941833078275372
0.17 0 0.23 1.6197436929936033
0.17 0 0.24 0.8997715220180469
0.17 0 0.25 1.6488885926397114
0.17 0 0.26 0.9888125727029299
0.17 0 0.27 1.7544154534961325
0.17 0 0.28 1.9433887854592113
0.17 0 0.29 0.8861590361322995
0.17 0 0.3 1.5622851145388656
0.17 0 0.31 1.4493897977498156
0.17 0 0.32 0.8781644141001567
0.17 0 0.33 1.2202855924375975
0.17 0 0.34 2.3309540125703303
0.17 0 0.35000000000000003 2.379172069496415
0.17 0 0.36 2.953231245947296
0.17 0 0.37 7.162104609763526
0.17 0 0.38 5.129016832866357
0.17 0 0.39 5.49815295068415
0.17 0 0.4 7.600062224014719
0.17 0 0.41000000000000003 2.8869599082994597
0.17 0 0.42 1.2510521661307648
0.17 0 0.43 0.8945258862688495
0.17 0 0.44 1.165867413535791
0.17 0 0.45 1.4139392884228785
0.17 0 0.46 0.7996745051260804
0.17 0 0.47000000000000003 1.4054180352861079
0.17 0 0.48 2.2157859107596183
0.17 0 0.49 2.846549987958921
0.17 0 0.5 1.7007377844289286
0.18 0 0.0 1.2565153566655414
0.18 0 0.01 1.3513282972659175
0.18 0 0.02 2.022761342785789
0.18 0 0.03 1.5067460153929857
0.18 0 0.04 0.5347355694666174
0.18 0 0.05 0.4085514993792696
0.18 0 0.06 0.28381360237837483
0.18 0 0.07 0.23339525630609997
0.18 0 0.08 0.20177228670482117
0.18 0 0.09 0.40074824893194677
0.18 0 0.1 0.7126082241420504
0.18 0 0.11 0.8728699719061548
0.18 0 0.12 1.0219243514411884
0.18 0 0.13 1.8951043100716964
0.18 0 0.14 1.1134249104766576
0.18 0 0.15 1.176168487808232
0.18 0 0.16 1.6487997719871414
0.18 0 0.17 2.2221379516140414
0.18 0 0.18 1.4841558027423685
0.18 0 0.19 1.5481885908728654
0.18 0 0.2 1.0772902002613993
0.18 0 0.21 0.6716586629265122
0.18 0 0.22 0.7885631657890037
0.18 0 0.23 0.8328522485917556
0.18 0 0.24 0.7686209849823196
0.18 0 0.25 0.3703650068713067
0.18 0 0.26 0.7316950095840788
0.18 0 0.27 2.024854145091942
0.18 0 0.28 1.1802247640072816
0.18 0 0.29 1.0969498509165863
0.18 0 0.3 0.8995182881639607
0.18 0 0.31 1.047074449223771
0.18 0 0.32 1.1407726231981623
0.18 0 0.33 0.823468008193122
0.18 0 0.34 0.9447092967004977
0.18 0 0.35000000000000003 1.1218930071470434
0.18 0 0.36 1.3764360239372329
0.18 0 0.37 1.6260039822516614
0.18 0 0.38 2.1388489627762284
0.18 0 0.39 3.0207831172262116
0.18 0 0.4 2.6894263795440176
0.18 0 0.41000000000000003 4.426541452835433
0.18 0 0.42 2.357963521556632
0.18 0 0.43 0.9460034261357029
0.18 0 0.44 0.8409330329169356
0.18 0 0.45 0.3510545510415874
0.18 0 0.46 0.5358462391607368
0.18 0 0.47000000000000003 0.6668749538346159
0.18 0 0.48 1.1005993909244294
0.18 0 0.49 2.996520202257397
0.18 0 0.5 1.1062743205947676
0.19 0 0.0 2.175282043121556
0.19 0 0.01 2.3901520307135153
0.19 0 0.02 1.5983918142468223
0.19 0 0.03 1.3156172592108126
0.19 0 0.04 0.8726316489601388
0.19 0 0.05 0.5036657736119017
0.19 0 0.06 0.587608152193136
0.19 0 0.07 0.242823995009367
0.19 0 0.08 0.1688122130676658
0.19 0 0.09 0.2878845500321916
0.19 0 0.1 0.3462726169309599
0.19 0 0.11 0.24391958802583788
0.19 0 0.12 0.5402211824794414
0.19 0 0.13 0.49170295335747216
0.19 0 0.14 0.6359040986687081
0.19 0 0.15 0.7249114688844719
0.19 0 0.16 0.7670286543948788
0.19 0 0.17 0.7749121609734982
0.19 0 0.18 1.0502276885607265
0.19 0 0.19 0.9877889520945998
0.19 0 0.2 0.9083978494810986
0.19 0 0.21 1.0271023579299416
0.19 0 0.22 0.7466530275859555
0.19 0 0.23 0.6289556240937207
0.19 0 0.24 0.6529032171556214
0.19 0 0.25 0.46272791844822597
0.19 0 0.26 0.5639307171694696
0.19 0 0.27 0.6310365916937949
0.19 0 0.28 0.8919254553978708
0.19 0 0.29 0.9453901539947078
0.19 0 0.3 1.1613201794122139
0.19 0 0.31 1.8057113829084988
0.19 0 0.32 2.0612353150856415
0.19 0 0.33 1.1083149653211413
0.19 0 0.34 0.9496852091133613
0.19 0 0.35000000000000003 1.2025201178879201
0.19 0 0.36 0.8952334294033601
0.19 0 0.37 0.732395558623967
0.19 0 0.38 1.6701288765335176
0.19 0 0.39 1.765831909060485
0.19 0 0.4 1.8161471269342389
0.19 0 0.41000000000000003 1.3497272067727055
0.19 0 0.42 1.0173901358592645
0.19 0 0.43 1.2186256413768746
0.19 0 0.44 0.6840279232754756
0.19 0 0.45 1.4255633389629487
0.19 0 0.46 1.8095652388945542
0.19 0 0.47000000000000003 0.7328022188901572
0.19 0 0.48 2.619536537365865
0.19 0 0.49 1.8130778505995022
0.19 0 0.5 1.2039380460485505
0.2 0 0.0 1.7455841608533285
0.2 0 0.01 1.0072065082816315
0.2 0 0.02 1.5558808493882097
0.2 0 0.03 0.8382497179817904
0.2 0 0.04 0.2518166698052978
0.2 0 0.05 0.30332911646103267
0.2 0 0.06 0.27043040428111415
0.2 0 0.07 0.34813077674889165
0.2 0 0.08 0.33940235970611576
0.2 0 0.09 0.25995224752644125
0.2 0 0.1 0.23631148505925634
0.2 0 0.11 0.24448905656412934
0.2 0 0.12 0.158291976837892
0.2 0 0.13 0.36603157802295416
0.2 0 0.14 0.7102709490498822
0.2 0 0.15 1.0040241782181176
0.2 0 0.16 1.685080087408683
0.2 0 0.17 1.592751563730919
0.2 0 0.18 0.7413422934358308
0.2 0 0.19 0.4949325883758533
0.2 0 0.2 0.5876379833895078
0.2 0 0.21 1.3297400932110968
0.2 0 0.22 1.7198967420317828
0.2 0 0.23 1.087463203338956
0.2 0 0.24 0.8768132433052004
0.2 0 0.25 1.1019545000520148
0.2 0 0.26 0.6413381596372948
0.2 0 0.27 0.6939858244727972
0.2 0 0.28 0.7944580931283888
0.2 0 0.29 0.5950659585766773
0.2 0 0.3 0.6820850691514622
0.2 0 0.31 1.4681730703556197
0.2 0 0.32 1.2778119929132086
0.2 0 0.33 1.1572809939347957
0.2 0 0.34 1.0713879878988077
0.2 0 0.35000000000000003 1.0468279008675931
0.2 0 0.36 1.1823683016872766
0.2 0 0.37 1.0618138397950156
0.2 0 0.38 0.6893493361715524
0.2 0 0.39 0.9794079466272798
0.2 0 0.4 1.2130546465221266
0.2 0 0.41000000000000003 1.3411166781363082
0.2 0 0.42 2.057056761062054
0.2 0 0.43 1.0966796984472293
0.2 0 0.44 0.42919207107954743
0.2 0 0.45 0.5628020723832025
0.2 0 0.46 0.42981428979038355
0.2 0 0.47000000000000003 0.8125019887649512
0.2 0 0.48 0.4734154346464061
0.2 0 0.49 0.4484563920388449
0.2 0 0.5 0.5487601677126291
0.21 0 0.0 1.702332695994992
0.21 0 0.01 2.2471271846669003
0.21 0 0.02 1.3889098252895213
0.21 0 0.03 0.7926452633877479
0.21 0 0.04 1.040197132386972
0.21 0 0.05 0.45939039033289253
0.21 0 0.06 0.20914116727988238
0.21 0 0.07 0.23552551137492256
0.21 0 0.08 0.20496099494014838
0.21 0 0.09 0.15174026770361754
0.21 0 0.1 0.21553254916923076
0.21 0 0.11 0.2594969194355665
0.21 0 0.12 0.27894813013596303
0.21 0 0.13 0.32593918288067747
0.21 0 0.14 0.45365896055415933
0.21 0 0.15 0.6638521590859398
0.21 0 0.16 0.7833711781070108
0.21 0 0.17 0.8895531302580105
0.21 0 0.18 0.9676872406002706
0.21 0 0.19 0.6642984365102633
0.21 0 0.2 0.9022613046594369
0.21 0 0.21 1.3981334093579716
0.21 0 0.22 0.7845824348743619
0.21 0 0.23 0.6674853340853796
0.21 0 0.24 0.9050522461902148
0.21 0 0.25 0.5593636212088575
0.21 0 0.26 0.7132310202508118
0.21 0 0.27 0.4694004237907299
0.21 0 0.28 0.4353742317597432
0.21 0 0.29 1.1438695442334017
0.21 0 0.3 1.105124235241783
0.21 0 0.31 0.6664340855321291
0.21 0 0.32 1.172571766316039
0.21 0 0.33 1.3279386066298902
0.21 0 0.34 1.5013541266841033
0.21 0 0.35000000000000003 2.014278318560649
0.21 0 0.36 1.6432496256721913
0.21 0 0.37 2.026611522848702
0.21 0 0.38 1.6329598538686363
0.21 0 0.39 1.062455387625937
0.21 0 0.4 2.163140163675976
0.21 0 0.41000000000000003 1.5806700991218468
0.21 0 0.42 1.4164520572878052
0.21 0 0.43 1.634459605537721
0.21 0 0.44 0.7896671540175924
0.21 0 0.45 0.309960537837074
0.21 0 0.46 0.6861630939542769
0.21 0 0.47000000000000003 0.3780008050193572
0.21 0 0.48 0.3311387523574669
0.21 0 0.49 0.6657537796375216
0.21 0 0.5 0.7097340821087752
0.22 0 0.0 2.8433269103653904
0.22 0 0.01 1.8076341508617992
0.22 0 0.02 0.9928437607790748
0.22 0 0.03 0.7467492646893519
0.22 0 0.04 0.7688332848648547
0.22 0 0.05 0.32676870806931635
0.22 0 0.06 0.2902438313282424
0.22 0 0.07 0.5381457885221468
0.22 0 0.08 0.34423704808747835
0.22 0 0.09 0.25740626195249655
0.22 0 0.1 0.4077462392379666
0.22 0 0.11 0.36202872045351286
0.22 0 0.12 0.367218781885379
0.22 0 0.13 0.383821015685444
0.22 0 0.14 0.4465050705180779
0.22 0 0.15 0.594829621284969
0.22 0 0.16 0.6885672372966425
0.22 0 0.17 0.5707093282367571
0.22 0 0.18 0.344273573098782
0.22 0 0.19 0.2435854676948726
0.22 0 0.2 0.5927210115956302
0.22 0 0.21 0.9429550648417151
0.22 0 0.22 0.6557759606829947
0.22 0 0.23 0.860517970872885
0.22 0 0.24 0.6969653812449997
0.22 0 0.25 0.8551129844351639
0.22 0 0.26 0.7638404529092138
0.22 0 0.27 0.3882399988654114
0.22 0 0.28 0.5016820824918894
0.22 0 0.29 0.7934750845866553
0.22 0 0.3 1.0249761330335305
0.22 0 0.31 1.069488622936667
0.22 0 0.32 1.1614516993492086
0.22 0 0.33 1.3711147351021709
0.22 0 0.34 1.0992689640815292
0.22 0 0.35000000000000003 0.6629683358927365
0.22 0 0.36 1.2006850108484763
0.22 0 0.37 1.8884818800411953
0.22 0 0.38 1.355295490663378
0.22 0 0.39 1.9815310067212073
0.22 0 0.4 1.7496311142362446
0.22 0 0.41000000000000003 1.8174673950547895
0.22 0 0.42 1.5804710350205635
0.22 0 0.43 0.7727930420206005
0.22 0 0.44 0.3552623594039893
0.22 0 0.45 0.38192663627387696
0.22 0 0.46 0.2601287394318308
0.22 0 0.47000000000000003 0.2544360533903235
0.22 0 0.48 0.17808936357258892
0.22 0 0.49 0.22734889581423987
0.22 0 0.5 0.3932069041427728
0.23 0 0.0 1.4427724658205174
0.23 0 0.01 1.9159719935632593
0.23 0 0.02 0.8913381951839215
0.23 0 0.03 0.7816825375879047
0.23 0 0.04 0.452830325841082
0.23 0 0.05 0.2004823559746624
0.23 0 0.06 0.18463928692207845
0.23 0 0.07 0.1991136777075088
0.23 0 0.08 0.2590627502227877
0.23 0 0.09 0.28802259314644113
0.23 0 0.1 0.20631050739368936
0.23 0 0.11 0.4336734230911215
0.23 0 0.12 0.5166015016491612
0.23 0 0.13 0.5137944924044028
0.23 0 0.14 0.468364357059123
0.23 0 0.15 0.6846227956323583
0.23 0 0.16 0.7401582516369454
0.23 0 0.17 0.3985007524148309
0.23 0 0.18 0.24555797721492661
0.23 0 0.19 0.28713516784180865
0.23 0 0.2 0.30246230263514196
0.23 0 0.21 0.2712163276533869
0.23 0 0.22 0.402103049275074
0.23 0 0.23 0.28741881921097373
0.23 0 0.24 0.19994498538674008
0.23 0 0.25 0.22601474192723697
0.23 0 0.26 0.11541152677217051
0.23 0 0.27 0.11491473250720417
0.23 0 0.28 0.2353373601140161
0.23 0 0.29 0.61984037529432
0.23 0 0.3 0.6893137860235232
0.23 0 0.31 0.6096518543338008
0.23 0 0.32 0.639740310619366
0.23 0 0.33 0.9064793893424448
0.23 0 0.34 0.7001153387632141
0.23 0 0.35000000000000003 0.4982805782462146
0.23 0 0.36 0.8337362274900592
0.23 0 0.37 2.0470512995019234
0.23 0 0.38 2.851183922463391
0.23 0 0.39 2.736269604507443
0.23 0 0.4 2.3611296301912588
0.23 0 0.41000000000000003 1.662919927790349
0.23 0 0.42 1.2416509725077274
0.23 0 0.43 0.5466156047275392
0.23 0 0.44 0.3913019292550966
0.23 0 0.45 0.35083606814615054
0.23 0 0.46 0.28192256157986134
0.23 0 0.47000000000000003 0.23746776296638358
0.23 0 0.48 0.29615269895838675
0.23 0 0.49 0.22932233410388966
0.23 0 0.5 0.1878111671581391
0.24 0 0.0 0.7442378335187192
0.24 0 0.01 0.6029299445878369
0.24 0 0.02 0.6074055711980343
0.24 0 0.03 0.3185085442993647
0.24 0 0.04 0.23628667956800686
0.24 0 0.05 0.20465930992699127
0.24 0 0.06 0.08570316856909593
0.24 0 0.07 0.09057625158724636
0.24 0 0.08 0.17814913160507995
0.24 0 0.09 0.1185749507447604
0.24 0 0.1 0.21730561871284418
0.24 0 0.11 0.2650564952881202
0.24 0 0.12 0.37897551738846474
0.24 0 0.13 0.20323011696828758
0.24 0 0.14 0.17332183088761577
0.24 0 0.15 0.4391347135994431
0.24 0 0.16 0.3869174774541057
0.24 0 0.17 0.3765595311409965
0.24 0 0.18 0.3909517813052513
0.24 0 0.19 0.24718812961218256
0.24 0 0.2 0.2293386793849689
0.24 0 0.21 0.20631359712276898
0.24 0 0.22 0.14855566458219566
0.24 0 0.23 0.09878441630449007
0.24 0 0.24 0.12128896973197516
0.24 0 0.25 0.1189091522963722
0.24 0 0.26 0.15775287072814037
0.24 0 0.27 0.18459360467752203
0.24 0 0.28 0.2678483529156327
0.24 0 0.29 0.29438394447337274
0.24 0 0.3 0.309260023897682
0.24 0 0.31 0.3566453131484373
0.24 0 0.32 0.7242416966343694
0.24 0 0.33 0.69232401750376
0.24 0 0.34 0.6512843881005046
0.24 0 0.35000000000000003 0.5300284617675002
0.24 0 0.36 0.442007370535151
0.24 0 0.37 0.9326913250061103
0.24 0 0.38 2.7962325875770433
0.24 0 0.39 1.550545885263047
0.24 0 0.4 1.2462797146236535
0.24 0 0.41000000000000003 1.8475656894716372
0.24 0 0.42 0.5243591144921856
0.24 0 0.43 0.30167251932381883
0.24 0 0.44 0.40112618993396687
0.24 0 0.45 0.16331909371307465
0.24 0 0.46 0.1413336435252945
0.24 0 0.47000000000000003 0.1489655955597086
0.24 0 0.48 0.14610329631390895
0.24 0 0.49 0.18917744391102145
0.24 0 0.5 0.14373207867268675
0.25 0 0.0 0.6098547737252337
0.25 0 0.01 0.7236835385555959
0.25 0 0.02 0.548611294121135
0.25 0 0.03 0.27671401180215854
0.25 0 0.04 0.1821771675465586
0.25 0 0.05 0.18795347106989743
0.25 0 0.06 0.1735256951797232
0.25 0 0.07 0.22611216438748316
0.25 0 0.08 0.20369178669511545
0.25 0 0.09 0.3183657802479126
0.25 0 0.1 0.15352354737814164
0.25 0 0.11 0.18775836607414378
0.25 0 0.12 0.3012664000581287
0.25 0 0.13 0.15865764245595304
0.25 0 0.14 0.1565865329463825
0.25 0 0.15 0.11343453981240433
0.25 0 0.16 0.15625157757655625
0.25 0 0.17 0.1755023969622988
0.25 0 0.18 0.0884038692913725
0.25 0 0.19 0.13056140201110947
0.25 0 0.2 0.09978725202435501
0.25 0 0.21 0.06717776632605892
0.25 0 0.22 0.06787566931680077
0.25 0 0.23 0.08766277661779684
0.25 0 0.24 0.07747509306545505
0.25 0 0.25 0.0695924237329962
0.25 0 0.26 0.10935514793768372
0.25 0 0.27 0.14251368376598048
0.25 0 0.28 0.0787433625823659
0.25 0 0.29 0.09445672042540941
0.25 0 0.3 0.08876219529372226
0.25 0 0.31 0.14854699776747224
0.25 0 0.32 0.24493036635853166
0.25 0 0.33 0.4189872019789689
0.25 0 0.34 0.4109394307716692
0.25 0 0.35000000000000003 0.25247077360207065
0.25 0 0.36 0.19359671540918783
0.25 0 0.37 0.35411798630910346
0.25 0 0.38 0.4164352849850379
0.25 0 0.39 0.3554759362737006
0.25 0 0.4 0.3438164154329033
0.25 0 0.41000000000000003 0.4382238363024175
0.25 0 0.42 0.45401142664377125
0.25 0 0.43 0.5145628911002407
0.25 0 0.44 0.26972835223335984
0.25 0 0.45 0.3313642458682689
0.25 0 0.46 0.3011399038347353
0.25 0 0.47000000000000003 0.45570790184241455
0.25 0 0.48 0.8910206853700084
0.25 0 0.49 0.4244549914645601
0.25 0 0.5 0.2702295740548578
0.26 0 0.0 1.848001163783908
0.26 0 0.01 1.1991342204186752
0.26 0 0.02 1.1426773372874435
0.26 0 0.03 0.5085936744453058
0.26 0 0.04 0.3186167486536894
0.26 0 0.05 0.35368665955723855
0.26 0 0.06 0.6967095182090999
0.26 0 0.07 0.4903551701655912
0.26 0 0.08 0.44037617871997
0.26 0 0.09 0.4945758404698041
0.26 0 0.1 0.4865578268000458
0.26 0 0.11 0.5073481989768821
0.26 0 0.12 0.3921694867256256
0.26 0 0.13 0.7379150131922687
0.26 0 0.14 0.2821039027434328
0.26 0 0.15 0.12490517322359379
0.26 0 0.16 0.21397753666620742
0.26 0 0.17 0.07673249297260341
0.26 0 0.18 0.04626421126665616
0.26 0 0.19 0.04305752657162702
0.26 0 0.2 0.03984039490354077
0.26 0 0.21 0.09322254582886115
0.26 0 0.22 0.1548970746647654
0.26 0 0.23 0.1453095308083582
0.26 0 0.24 0.11748231291816695
0.26 0 0.25 0.09213331445904181
0.26 0 0.26 0.09312922883188093
0.26 0 0.27 0.09656163714303155
0.26 0 0.28 0.13418128728477616
0.26 0 0.29 0.07081234551716793
0.26 0 0.3 0.09965086641849781
0.26 0 0.31 0.15689886786955534
0.26 0 0.32 0.17447874274090636
0.26 0 0.33 0.20532684318851027
0.26 0 0.34 0.16487149171798735
0.26 0 0.35000000000000003 0.17269058745353602
0.26 0 0.36 0.15523320829770848
0.26 0 0.37 0.12242895395513514
0.26 0 0.38 0.3923897333792394
0.26 0 0.39 0.35359510275083134
0.26 0 0.4 0.3105436037446346
0.26 0 0.41000000000000003 0.2862840593268701
0.26 0 0.42 0.5364676715483583
0.26 0 0.43 0.5576093749420618
0.26 0 0.44 0.4948629943976605
0.26 0 0.45 0.46285293107731185
0.26 0 0.46 0.5818239453455665
0.26 0 0.47000000000000003 0.4859441899961043
0.26 0 0.48 0.4848448831995632
0.26 0 0.49 0.6709125669694648
0.26 0 0.5 0.2989302179508397
0.27 0 0.0 1.7970771763204996
0.27 0 0.01 1.6971817040371164
0.27 0 0.02 1.1017336784867204
0.27 0 0.03 0.8623038887696863
0.27 0 0.04 0.33468131062422507
0.27 0 0.05 0.34950207268655736
0.27 0 0.06 0.6889446900368307
0.27 0 0.07 0.5134231955465342
0.27 0 0.08 0.4078579876312674
0.27 0 0.09 0.4073009843493449
0.27 0 0.1 0.5682939569860064
0.27 0 0.11 0.27658798997264245
0.27 0 0.12 0.44277339806891264
0.27 0 0.13 0.7929773961831019
0.27 0 0.14 0.3692942501993564
0.27 0 0.15 0.34761843387227204
0.27 0 0.16 0.22775552263377857
0.27 0 0.17 0.14191718252544663
0.27 0 0.18 0.1074691521852958
0.27 0 0.19 0.03640689832268904
0.27 0 0.2 0.05902539802062586
0.27 0 0.21 0.10467699343437496
0.27 0 0.22 0.08391816296603812
0.27 0 0.23 0.07884413990789595
0.27 0 0.24 0.05116081823776828
0.27 0 0.25 0.041165126861349224
0.27 0 0.26 0.07679880783198335
0.27 0 0.27 0.16038787590613338
0.27 0 0.28 0.137498372973683
0.27 0 0.29 0.1848480286547369
0.27 0 0.3 0.20131406514948064
0.27 0 0.31 0.16837810032906528
0.27 0 0.32 0.40797678571162743
0.27 0 0.33 0.2792977107308786
0.27 0 0.34 0.2971429682370697
0.27 0 0.35000000000000003 0.5254327025471889
0.27 0 0.36 0.16519236561676232
0.27 0 0.37 0.2630345080069395
0.27 0 0.38 0.1920460783256945
0.27 0 0.39 0.21377812540009647
0.27 0 0.4 0.24471884236181818
0.27 0 0.41000000000000003 0.22514177137523228
0.27 0 0.42 0.4570986627346913
0.27 0 0.43 0.766153340624266
0.27 0 0.44 0.32717991722107403
0.27 0 0.45 0.30174672088349463
0.27 0 0.46 0.5009688418947372
0.27 0 0.47000000000000003 0.6430538088251098
0.27 0 0.48 0.5746067962387459
0.27 0 0.49 0.33503654926366705
0.27 0 0.5 0.14524472348469575
0.28 0 0.0 1.1325676286225377
0.28 0 0.01 0.7745291930041217
0.28 0 0.02 1.0630457120788916
0.28 0 0.03 0.8820925428527964
0.28 0 0.04 0.8490023150474011
0.28 0 0.05 1.3852896711516707
0.28 0 0.06 0.615942565480514
0.28 0 0.07 0.4835140620584537
0.28 0 0.08 0.3417549957337508
0.28 0 0.09 0.34557740435888734
0.28 0 0.1 0.531282194223756
0.28 0 0.11 0.7866601664645873
0.28 0 0.12 0.6069631842700138
0.28 0 0.13 0.3764993702798346
0.28 0 0.14 0.5291796697283518
0.28 0 0.15 0.4593759951686703
0.28 0 0.16 0.24329448397083636
0.28 0 0.17 0.5200135918834585
0.28 0 0.18 0.3700389143262794
0.28 0 0.19 0.174026070584388
0.28 0 0.2 0.1694601233639395
0.28 0 0.21 0.34990219577496245
0.28 0 0.22 0.4473386334830372
0.28 0 0.23 0.2376450482399268
0.28 0 0.24 0.20796822675948146
0.28 0 0.25 0.21520533083032464
0.28 0 0.26 0.14689260808208895
0.28 0 0.27 0.2014150330908777
0.28 0 0.28 0.21230386335767729
0.28 0 0.29 0.2997108505045416
0.28 0 0.3 0.2607838707743891
0.28 0 0.31 0.37975718730192454
0.28 0 0.32 0.33317181226319637
0.28 0 0.33 0.234404287963428
0.28 0 0.34 0.34704851182452756
0.28 0 0.35000000000000003 0.1918222279908704
0.28 0 0.36 0.2649871403711449
0.28 0 0.37 0.15629516988190809
0.28 0 0.38 0.20019858825199147
0.28 0 0.39 0.4572027015267173
0.28 0 0.4 0.2954730495670956
0.28 0 0.41000000000000003 0.2924115889109
0.28 0 0.42 0.38078724185168805
0.28 0 0.43 0.38125752148678727
0.28 0 0.44 0.5107241709975207
0.28 0 0.45 0.21719211367144492
0.28 0 0.46 0.2182852248803125
0.28 0 0.47000000000000003 0.3949026057541106
0.28 0 0.48 0.3035406143126062
0.28 0 0.49 0.22869293492418277
0.28 0 0.5 0.3464153372828823
0.29 0 0.0 0.9544668022679406
0.29 0 0.01 1.4622906978248857
0.29 0 0.02 0.717527007150617
0.29 0 0.03 0.5728486949198185
0.29 0 0.04 1.5372975683966246
0.29 0 0.05 1.2116659787603505
0.29 0 0.06 1.0568988447299588
0.29 0 0.07 1.3042980745384292
0.29 0 0.08 0.8140733421734649
0.29 0 0.09 0.44255923333342223
0.29 0 0.1 0.7924574016279178
0.29 0 0.11 1.3439481203216381
0.29 0 0.12 1.325714436369134
0.29 0 0.13 1.7989844627729628
0.29 0 0.14 2.1765315003898045
0.29 0 0.15 0.8649492859585614
0.29 0 0.16 0.5402827793062585
0.29 0 0.17 0.4623721351386436
0.29 0 0.18 0.5752839144356783
0.29 0 0.19 0.6033361126850052
0.29 0 0.2 0.9807743598366789
0.29 0 0.21 1.9172653643707511
0.29 0 0.22 1.7738253595377078
0.29 0 0.23 0.9782115668703171
0.29 0 0.24 0.6702887329315952
0.29 0 0.25 0.2717487334306328
0.29 0 0.26 0.5848371941571512
0.29 0 0.27 0.596170653530355
0.29 0 0.28 0.6175953725799335
0.29 0 0.29 0.6098442076460794
0.29 0 0.3 0.754795660315728
0.29 0 0.31 0.6554831265020744
0.29 0 0.32 0.3435193861799384
0.29 0 0.33 0.5007582363491039
0.29 0 0.34 0.3214976420318495
0.29 0 0.35000000000000003 0.24182544009352985
0.29 0 0.36 0.4426332687867051
0.29 0 0.37 0.7012969715064147
0.29 0 0.38 0.9074314738699313
0.29 0 0.39 0.7692451716558176
0.29 0 0.4 0.6502593630684108
0.29 0 0.41000000000000003 0.3228322656056203
0.29 0 0.42 0.22268706782484135
0.29 0 0.43 0.7022163190298006
0.29 0 0.44 0.7057695920873115
0.29 0 0.45 0.6047642035201918
0.29 0 0.46 0.9938425175658154
0.29 0 0.47000000000000003 1.1419965379705037
0.29 0 0.48 0.8536145188117176
0.29 0 0.49 0.3514891690132897
0.29 0 0.5 0.2617490686756876
0.3 0 0.0 0.5445068148506292
0.3 0 0.01 0.6377062410426404
0.3 0 0.02 0.43423432041290605
0.3 0 0.03 0.425183695947855
0.3 0 0.04 1.0175810178565987
0.3 0 0.05 1.2614659381472273
0.3 0 0.06 1.0125504510408039
0.3 0 0.07 1.118951140836702
0.3 0 0.08 0.7751105245900547
0.3 0 0.09 0.8594974207982193
0.3 0 0.1 1.0116515648617428
0.3 0 0.11 0.9848283021798148
0.3 0 0.12 1.6546379995489358
0.3 0 0.13 2.0850153357511734
0.3 0 0.14 2.175437833364455
0.3 0 0.15 2.3663983415430505
0.3 0 0.16 1.0596041373560332
0.3 0 0.17 0.6638943565183179
0.3 0 0.18 0.9281033248717238
0.3 0 0.19 1.275163974863055
0.3 0 0.2 0.9715883729263397
0.3 0 0.21 1.4793337786697696
0.3 0 0.22 1.8460450442491814
0.3 0 0.23 2.105681672998999
0.3 0 0.24 0.7461417315720044
0.3 0 0.25 0.6705311052156289
0.3 0 0.26 0.36437170901503246
0.3 0 0.27 0.2924370884125582
0.3 0 0.28 0.32550996739510496
0.3 0 0.29 0.4576926119306448
0.3 0 0.3 0.5416670774535928
0.3 0 0.31 0.34745656093183197
0.3 0 0.32 0.39296381332459873
0.3 0 0.33 0.43654014002021985
0.3 0 0.34 0.3773656241733521
0.3 0 0.35000000000000003 0.7841999353601288
0.3 0 0.36 0.7115319318044981
0.3 0 0.37 0.8265951389137367
0.3 0 0.38 1.4705428559854334
0.3 0 0.39 1.5367427320914508
0.3 0 0.4 1.3203892597677858
0.3 0 0.41000000000000003 0.7592502979701446
0.3 0 0.42 0.6516548108950765
0.3 0 0.43 0.898482017349229
0.3 0 0.44 0.9007513562361961
0.3 0 0.45 0.7281160200551193
0.3 0 0.46 0.497700875720294
0.3 0 0.47000000000000003 0.6056781956160551
0.3 0 0.48 0.6990964856397266
0.3 0 0.49 1.0175937914141597
0.3 0 0.5 0.5899449202057373
#STOP
