#MEDIUM_PROPERTIES_DISTRIBUTED
$MSH_TYPE
	 GROUNDWATER_FLOW	
$MMP_TYPE
	 PERMEABILITY	
$DIS_TYPE
	 NEAREST_VALUE	
;hj
$CONVERSION_FACTOR
2e-8;2e-6;2e-13
$DATA
0.0 0 0.0 0.6053630112514721
0.0 0 0.01 0.29352685150689084
0.0 0 0.02 0.38289274453694694
0.0 0 0.03 0.2997839920400955
0.0 0 0.04 0.637707322038621
0.0 0 0.05 0.40837749419131963
0.0 0 0.06 0.3845588125609222
0.0 0 0.07 0.35949424213604186
0.0 0 0.08 0.16370592839380887
0.0 0 0.09 0.19543001209414898
0.0 0 0.1 0.2229209050416513
0.0 0 0.11 0.2613673431765728
0.0 0 0.12 0.16251217061115902
0.0 0 0.13 0.13167484905035115
0.0 0 0.14 0.11142553333548455
0.0 0 0.15 0.12061401249192773
0.0 0 0.16 0.1497357222149554
0.0 0 0.17 0.1970771384009937
0.0 0 0.18 0.23685513782727835
0.0 0 0.19 0.23482564859203522
0.0 0 0.2 0.1930880698223462
0.0 0 0.21 0.08646296660696037
0.0 0 0.22 0.12444232852487995
0.0 0 0.23 0.0851584656887528
0.0 0 0.24 0.08861195936497854
0.0 0 0.25 0.07246426293585481
0.0 0 0.26 0.06810303292370916
0.0 0 0.27 0.12530230096756773
0.0 0 0.28 0.07425779247776075
0.0 0 0.29 0.12705759930437815
0.0 0 0.3 0.14074953185290315
0.0 0 0.31 0.24942964414791644
0.0 0 0.32 0.21016701674542979
0.0 0 0.33 0.3348144668371075
0.0 0 0.34 0.32387261483458013
0.0 0 0.35000000000000003 0.27924281008446783
0.0 0 0.36 0.16865460735452137
0.0 0 0.37 0.16774265706478045
0.0 0 0.38 0.1691915812991459
0.0 0 0.39 0.15912951534297887
0.0 0 0.4 0.21735803414587537
0.0 0 0.41000000000000003 0.14009591844290983
0.0 0 0.42 0.37655378463328987
0.0 0 0.43 0.3590862072531019
0.0 0 0.44 0.7276020766520149
0.0 0 0.45 0.8259375814794682
0.0 0 0.46 0.9969673484296554
0.0 0 0.47000000000000003 0.9562074345415614
0.0 0 0.48 0.7199272106634532
0.0 0 0.49 0.6375125483912272
0.0 0 0.5 0.7575171461102267
0.01 0 0.0 0.3395965422422254
0.01 0 0.01 0.4543579684430953
0.01 0 0.02 0.3123545418618886
0.01 0 0.03 0.31412952544973183
0.01 0 0.04 0.3115170663608755
0.01 0 0.05 0.1544471169570088
0.01 0 0.06 0.12390760980175049
0.01 0 0.07 0.0962169677549611
0.01 0 0.08 0.07125588500002744
0.01 0 0.09 0.08186975291046839
0.01 0 0.1 0.07956487239856642
0.01 0 0.11 0.07454721385955912
0.01 0 0.12 0.06139365576605569
0.01 0 0.13 0.056586014015012606
0.01 0 0.14 0.07055929741538186
0.01 0 0.15 0.07241009841359994
0.01 0 0.16 0.055728357004712875
0.01 0 0.17 0.08506978080849482
0.01 0 0.18 0.05418963384892566
0.01 0 0.19 0.07009622270771267
0.01 0 0.2 0.08251999661088452
0.01 0 0.21 0.10944755937402674
0.01 0 0.22 0.1021260053637023
0.01 0 0.23 0.09001367015477876
0.01 0 0.24 0.22818722319115223
0.01 0 0.25 0.12991379741635445
0.01 0 0.26 0.17222700600766086
0.01 0 0.27 0.12271964871945756
0.01 0 0.28 0.14210343142350018
0.01 0 0.29 0.10672331445358156
0.01 0 0.3 0.15967067725083442
0.01 0 0.31 0.15654475458689496
0.01 0 0.32 0.29774759480723223
0.01 0 0.33 0.396356919670475
0.01 0 0.34 0.547689586267938
0.01 0 0.35000000000000003 0.6555253789251384
0.01 0 0.36 0.33819681570880605
0.01 0 0.37 0.46897502796998053
0.01 0 0.38 0.22069021883944923
0.01 0 0.39 0.37594271610446023
0.01 0 0.4 0.25794132060144426
0.01 0 0.41000000000000003 0.44961906008148356
0.01 0 0.42 0.41084916921870657
0.01 0 0.43 0.4169462502737801
0.01 0 0.44 0.527916757677006
0.01 0 0.45 0.42676427828314145
0.01 0 0.46 0.42635736687799153
0.01 0 0.47000000000000003 0.5100115155824637
0.01 0 0.48 0.591201501005822
0.01 0 0.49 0.5143349489423295
0.01 0 0.5 0.6218740727618423
0.02 0 0.0 0.3410805500808174
0.02 0 0.01 0.36979593737969835
0.02 0 0.02 0.38359973385423995
0.02 0 0.03 0.24831057200098977
0.02 0 0.04 0.34608743077656084
0.02 0 0.05 0.20073228984012792
0.02 0 0.06 0.13889267321497156
0.02 0 0.07 0.08051169564210896
0.02 0 0.08 0.09785900552774522
0.02 0 0.09 0.1110936913481444
0.02 0 0.1 0.11199078593208223
0.02 0 0.11 0.12459380398447735
0.02 0 0.12 0.08752414717954683
0.02 0 0.13 0.07187353977170892
0.02 0 0.14 0.10894251381429441
0.02 0 0.15 0.08569499390328815
0.02 0 0.16 0.1044583693223221
0.02 0 0.17 0.11887617805621661
0.02 0 0.18 0.07119212514693123
0.02 0 0.19 0.06918199150504202
0.02 0 0.2 0.0502605535994938
0.02 0 0.21 0.08002426839236784
0.02 0 0.22 0.057069008695051125
0.02 0 0.23 0.08237796416174341
0.02 0 0.24 0.09315486044178733
0.02 0 0.25 0.11880948915296484
0.02 0 0.26 0.07798853647307594
0.02 0 0.27 0.0882037411316272
0.02 0 0.28 0.10238587492217908
0.02 0 0.29 0.18847822075202322
0.02 0 0.3 0.20836043084131875
0.02 0 0.31 0.23899792782741328
0.02 0 0.32 0.288382545481493
0.02 0 0.33 0.1441279622014057
0.02 0 0.34 0.24289164806260682
0.02 0 0.35000000000000003 0.14235669024315672
0.02 0 0.36 0.27910218976953854
0.02 0 0.37 0.28385314474116907
0.02 0 0.38 0.31246410893598386
0.02 0 0.39 0.34638470984523456
0.02 0 0.4 0.48088897704023015
0.02 0 0.41000000000000003 0.4875814901743654
0.02 0 0.42 0.30962467555453904
0.02 0 0.43 0.40619764232599326
0.02 0 0.44 0.6701853001932093
0.02 0 0.45 0.8911569586881056
0.02 0 0.46 0.5897366514506247
0.02 0 0.47000000000000003 0.5080890881752272
0.02 0 0.48 0.22928565913132737
0.02 0 0.49 0.2055675674571818
0.02 0 0.5 0.18188854783023864
0.03 0 0.0 0.30353552344793755
0.03 0 0.01 0.5104273508006603
0.03 0 0.02 0.22873751392300345
0.03 0 0.03 0.20792130327645586
0.03 0 0.04 0.1593787308016152
0.03 0 0.05 0.16574662675132767
0.03 0 0.06 0.2178242334702496
0.03 0 0.07 0.19841631614068622
0.03 0 0.08 0.2427218879428226
0.03 0 0.09 0.23213870906116998
0.03 0 0.1 0.2988406797096533
0.03 0 0.11 0.39130478520020157
0.03 0 0.12 0.4315544004364713
0.03 0 0.13 0.2702598853950638
0.03 0 0.14 0.20132036119721256
0.03 0 0.15 0.12820458960846048
0.03 0 0.16 0.14388967534490432
0.03 0 0.17 0.07983873496230398
0.03 0 0.18 0.08772859971755294
0.03 0 0.19 0.09851715845744738
0.03 0 0.2 0.09407797059776357
0.03 0 0.21 0.11841327056545747
0.03 0 0.22 0.13014002504084946
0.03 0 0.23 0.13150045305888838
0.03 0 0.24 0.20734529256926362
0.03 0 0.25 0.1696998832645228
0.03 0 0.26 0.19991602783602652
0.03 0 0.27 0.2410158171407711
0.03 0 0.28 0.2650774113783558
0.03 0 0.29 0.2954574692599356
0.03 0 0.3 0.26581195326360735
0.03 0 0.31 0.46161851384216623
0.03 0 0.32 0.35275229437951744
0.03 0 0.33 0.5108288690837316
0.03 0 0.34 0.572191385326788
0.03 0 0.35000000000000003 0.41954000111455986
0.03 0 0.36 0.31838739890076384
0.03 0 0.37 0.26039254606513873
0.03 0 0.38 0.2729388403269967
0.03 0 0.39 0.4541817392352826
0.03 0 0.4 0.6111959955036549
0.03 0 0.41000000000000003 0.7263603222415789
0.03 0 0.42 0.6440796440468223
0.03 0 0.43 0.45587819155851333
0.03 0 0.44 0.5685233018293855
0.03 0 0.45 0.42363445928252563
0.03 0 0.46 0.41633042788648955
0.03 0 0.47000000000000003 0.5690208679540926
0.03 0 0.48 0.49028576842820754
0.03 0 0.49 0.5867986947170589
0.03 0 0.5 0.6116119461961361
0.04 0 0.0 1.3726801257995362
0.04 0 0.01 0.8426685947105493
0.04 0 0.02 0.4727668206926689
0.04 0 0.03 0.5149286713888768
0.04 0 0.04 0.3756336737761962
0.04 0 0.05 0.6198174575546506
0.04 0 0.06 0.7540174113688723
0.04 0 0.07 1.1002335097349556
0.04 0 0.08 1.2946627703143954
0.04 0 0.09 1.5206142730445666
0.04 0 0.1 0.9163465080680697
0.04 0 0.11 1.4449422008495898
0.04 0 0.12 1.2636790003025216
0.04 0 0.13 0.8192244443602176
0.04 0 0.14 0.6646050615339881
0.04 0 0.15 0.7493556294578496
0.04 0 0.16 1.0394855958110278
0.04 0 0.17 0.5943280065388824
0.04 0 0.18 0.5798096243207712
0.04 0 0.19 0.41535975783756784
0.04 0 0.2 0.339054391616136
0.04 0 0.21 0.4260299925347059
0.04 0 0.22 0.32612966778796637
0.04 0 0.23 0.46846816729567664
0.04 0 0.24 0.3304553504768133
0.04 0 0.25 0.23304523142585792
0.04 0 0.26 0.2180400459986493
0.04 0 0.27 0.266177291568779
0.04 0 0.28 0.31497325476565835
0.04 0 0.29 0.2965624029622208
0.04 0 0.3 0.23531801955192758
0.04 0 0.31 0.32277528282856877
0.04 0 0.32 0.31646095278640474
0.04 0 0.33 0.19378539271344322
0.04 0 0.34 0.2231072284231039
0.04 0 0.35000000000000003 0.24251204217254424
0.04 0 0.36 0.3140845268870399
0.04 0 0.37 0.20766798806403206
0.04 0 0.38 0.4612195627137803
0.04 0 0.39 0.7067785052113179
0.04 0 0.4 0.7769740875637806
0.04 0 0.41000000000000003 1.0956600125841274
0.04 0 0.42 1.2651461351176387
0.04 0 0.43 1.490063310922794
0.04 0 0.44 1.8814556165750822
0.04 0 0.45 1.1061906447475622
0.04 0 0.46 1.026031213832859
0.04 0 0.47000000000000003 0.7955522703712548
0.04 0 0.48 0.759222525722867
0.04 0 0.49 0.7191122776152383
0.04 0 0.5 0.7423498620321668
0.05 0 0.0 2.023259864344216
0.05 0 0.01 1.6072580228125422
0.05 0 0.02 2.1609976338094943
0.05 0 0.03 1.8083159522633037
0.05 0 0.04 2.0051013398131885
0.05 0 0.05 1.9391352826048482
0.05 0 0.06 1.795841109359871
0.05 0 0.07 0.8672697803353886
0.05 0 0.08 0.7378357751083456
0.05 0 0.09 0.4397222888127122
0.05 0 0.1 0.3160738865849223
0.05 0 0.11 0.4930162882646484
0.05 0 0.12 0.38393390905814007
0.05 0 0.13 0.510748577797963
0.05 0 0.14 0.3547553766883028
0.05 0 0.15 0.6018576955678118
0.05 0 0.16 0.9251412591644167
0.05 0 0.17 0.8260097276719975
0.05 0 0.18 1.2861388404826577
0.05 0 0.19 0.9898019534613786
0.05 0 0.2 0.8243760925780295
0.05 0 0.21 0.3353721755377019
0.05 0 0.22 0.3030809311243782
0.05 0 0.23 0.16409159282055208
0.05 0 0.24 0.15477320616500131
0.05 0 0.25 0.217735608055398
0.05 0 0.26 0.5109457809173514
0.05 0 0.27 0.5347814882761553
0.05 0 0.28 0.8052297392334726
0.05 0 0.29 0.7894861627746002
0.05 0 0.3 0.38172289214642025
0.05 0 0.31 0.6592345086208135
0.05 0 0.32 0.4728298342790185
0.05 0 0.33 0.6907496103794175
0.05 0 0.34 0.3464690992577394
0.05 0 0.35000000000000003 0.4323968676030656
0.05 0 0.36 0.33627212493428277
0.05 0 0.37 0.3510550278683712
0.05 0 0.38 0.5290358185912782
0.05 0 0.39 0.7717517148903118
0.05 0 0.4 0.6607998947834512
0.05 0 0.41000000000000003 0.5477052429052006
0.05 0 0.42 0.7000151697290459
0.05 0 0.43 0.9478026707799443
0.05 0 0.44 0.8256670279148223
0.05 0 0.45 0.5148478743302429
0.05 0 0.46 0.6037719275113204
0.05 0 0.47000000000000003 0.2734018324251257
0.05 0 0.48 0.2830575522399146
0.05 0 0.49 0.23968600338162468
0.05 0 0.5 0.22026351167030447
0.06 0 0.0 3.748558824309342
0.06 0 0.01 3.3112985325402953
0.06 0 0.02 3.7375879272247654
0.06 0 0.03 5.845661631304727
0.06 0 0.04 4.22373719833332
0.06 0 0.05 3.1107069352045604
0.06 0 0.06 2.466592637817496
0.06 0 0.07 1.634915382236019
0.06 0 0.08 1.8182917727796244
0.06 0 0.09 1.3626833448582754
0.06 0 0.1 1.6853199525268727
0.06 0 0.11 1.0611311305352433
0.06 0 0.12 1.0463240817884716
0.06 0 0.13 1.541313016706061
0.06 0 0.14 1.1826869751241553
0.06 0 0.15 2.0743430160471337
0.06 0 0.16 1.337129113017884
0.06 0 0.17 1.0306999275075688
0.06 0 0.18 0.611374153597564
0.06 0 0.19 0.6710453870241403
0.06 0 0.2 0.3930013983531286
0.06 0 0.21 0.5319489059792425
0.06 0 0.22 0.5096981564318358
0.06 0 0.23 0.6683429833685678
0.06 0 0.24 0.5017194152439902
0.06 0 0.25 0.5614960027696677
0.06 0 0.26 0.9949619731482088
0.06 0 0.27 0.5626124078326986
0.06 0 0.28 0.7662462857100932
0.06 0 0.29 0.3936908514473369
0.06 0 0.3 0.7900558740357101
0.06 0 0.31 0.4006591600741075
0.06 0 0.32 0.4706092697905474
0.06 0 0.33 0.47995155758663155
0.06 0 0.34 0.41800382825839266
0.06 0 0.35000000000000003 0.40078414516651983
0.06 0 0.36 0.4753500443043097
0.06 0 0.37 0.48234680889568304
0.06 0 0.38 0.5173613508417555
0.06 0 0.39 0.7225229820373609
0.06 0 0.4 0.4312121733395135
0.06 0 0.41000000000000003 0.4899919456021687
0.06 0 0.42 0.30967294348749486
0.06 0 0.43 0.3387667375033712
0.06 0 0.44 0.20267560288019867
0.06 0 0.45 0.33402394396640767
0.06 0 0.46 0.4877972358685597
0.06 0 0.47000000000000003 0.4336247185764233
0.06 0 0.48 0.6947006216705442
0.06 0 0.49 0.6745622447178833
0.06 0 0.5 0.6848225408666486
0.07 0 0.0 7.0006819093146255
0.07 0 0.01 3.609817519645241
0.07 0 0.02 3.6461125834345083
0.07 0 0.03 5.493757832283994
0.07 0 0.04 3.6907917257076135
0.07 0 0.05 1.9489553746226722
0.07 0 0.06 1.2702758238795513
0.07 0 0.07 1.3280440108955347
0.07 0 0.08 1.513805346805462
0.07 0 0.09 1.2435546121755716
0.07 0 0.1 2.1737993072535877
0.07 0 0.11 1.872366850509538
0.07 0 0.12 2.2571721895047623
0.07 0 0.13 1.5806194192960024
0.07 0 0.14 1.6298876450958648
0.07 0 0.15 1.296100680055361
0.07 0 0.16 1.2680329710989782
0.07 0 0.17 1.068073617412851
0.07 0 0.18 1.4474202181388043
0.07 0 0.19 1.1563620331893467
0.07 0 0.2 1.2130275334189176
0.07 0 0.21 0.5893726595986745
0.07 0 0.22 0.2961776866217641
0.07 0 0.23 0.575340384534569
0.07 0 0.24 0.5081076141535852
0.07 0 0.25 1.2505591533901563
0.07 0 0.26 1.2303061509531608
0.07 0 0.27 2.2244578995172026
0.07 0 0.28 1.4590418441510697
0.07 0 0.29 1.5772666045237078
0.07 0 0.3 1.5810366998400043
0.07 0 0.31 1.462717576309237
0.07 0 0.32 1.1792161178137788
0.07 0 0.33 0.8502827762697059
0.07 0 0.34 0.7056108783964522
0.07 0 0.35000000000000003 0.6123619539980149
0.07 0 0.36 0.609631128312005
0.07 0 0.37 0.334868541161695
0.07 0 0.38 0.4761549311743854
0.07 0 0.39 0.2443534690009411
0.07 0 0.4 0.24503348109524167
0.07 0 0.41000000000000003 0.1860549161028931
0.07 0 0.42 0.16051082178927775
0.07 0 0.43 0.20259520601540124
0.07 0 0.44 0.12063690964419982
0.07 0 0.45 0.14616379618115455
0.07 0 0.46 0.12727504351747315
0.07 0 0.47000000000000003 0.15682280140413912
0.07 0 0.48 0.1668839454238432
0.07 0 0.49 0.214979127090422
0.07 0 0.5 0.28166412068052443
0.08 0 0.0 3.8747815743618066
0.08 0 0.01 3.4798848387050016
0.08 0 0.02 2.7934250309565014
0.08 0 0.03 3.3565955481669634
0.08 0 0.04 2.5654584093583326
0.08 0 0.05 3.3493448474860177
0.08 0 0.06 2.8193092863232825
0.08 0 0.07 6.54244086140729
0.08 0 0.08 6.497109498611746
0.08 0 0.09 4.2006697734597545
0.08 0 0.1 3.0074616268183902
0.08 0 0.11 1.7176481503771701
0.08 0 0.12 1.2678506433464207
0.08 0 0.13 1.3823582218201096
0.08 0 0.14 1.46648765974762
0.08 0 0.15 1.3359572435540867
0.08 0 0.16 0.728864182494121
0.08 0 0.17 0.5745914563634437
0.08 0 0.18 0.4518393878037166
0.08 0 0.19 0.42003888090652963
0.08 0 0.2 0.7035748201105297
0.08 0 0.21 0.5026269899326035
0.08 0 0.22 0.6277723444055135
0.08 0 0.23 0.46478988197369003
0.08 0 0.24 0.4408107654078513
0.08 0 0.25 0.37440457228665197
0.08 0 0.26 0.30999314390962246
0.08 0 0.27 0.28068528661459263
0.08 0 0.28 0.29814780928376555
0.08 0 0.29 0.24931879692602352
0.08 0 0.3 0.40169296452728004
0.08 0 0.31 0.6204232918660028
0.08 0 0.32 0.7457127722073897
0.08 0 0.33 1.0398346464375934
0.08 0 0.34 0.9710857855363757
0.08 0 0.35000000000000003 1.3364559955655995
0.08 0 0.36 0.9126707433887022
0.08 0 0.37 0.7238826149857019
0.08 0 0.38 0.48344006396570754
0.08 0 0.39 0.3587492606343954
0.08 0 0.4 0.4698666195827409
0.08 0 0.41000000000000003 0.20017027101734375
0.08 0 0.42 0.1805822502781359
0.08 0 0.43 0.19876006569313842
0.08 0 0.44 0.22346099509621115
0.08 0 0.45 0.29946491465049035
0.08 0 0.46 0.32150716825271347
0.08 0 0.47000000000000003 0.3372199108386196
0.08 0 0.48 0.2888399240216512
0.08 0 0.49 0.3564554060014448
0.08 0 0.5 0.3516679104741645
0.09 0 0.0 2.1492279500807743
0.09 0 0.01 1.4749737732592925
0.09 0 0.02 2.5189334901729032
0.09 0 0.03 2.0926236281695023
0.09 0 0.04 2.2760793244347246
0.09 0 0.05 2.4637662963117997
0.09 0 0.06 2.0442871536951084
0.09 0 0.07 2.4177029512188204
0.09 0 0.08 1.1898512520134095
0.09 0 0.09 1.478449098057138
0.09 0 0.1 1.7815453237178827
0.09 0 0.11 1.392876783732419
0.09 0 0.12 1.3185499356349966
0.09 0 0.13 1.0405155565047424
0.09 0 0.14 1.0161604590857185
0.09 0 0.15 0.8188747838687213
0.09 0 0.16 0.6912869100098672
0.09 0 0.17 0.6954428033763731
0.09 0 0.18 0.6126889647028674
0.09 0 0.19 0.43260136721903114
0.09 0 0.2 0.3763799953884818
0.09 0 0.21 0.2882178356925113
0.09 0 0.22 0.2644288281464591
0.09 0 0.23 0.2287920618011413
0.09 0 0.24 0.20339827303921063
0.09 0 0.25 0.2979788184701303
0.09 0 0.26 0.2720689912043526
0.09 0 0.27 0.5143051485106384
0.09 0 0.28 0.3740302623615699
0.09 0 0.29 0.44961172691030665
0.09 0 0.3 0.6313335646498532
0.09 0 0.31 0.52094773043527
0.09 0 0.32 0.5398855892781298
0.09 0 0.33 0.700060580682407
0.09 0 0.34 0.7456279543801467
0.09 0 0.35000000000000003 0.7090663827777133
0.09 0 0.36 0.5964778338779285
0.09 0 0.37 0.7205329118002397
0.09 0 0.38 0.582627635373917
0.09 0 0.39 0.4459907406157251
0.09 0 0.4 0.5422157771613907
0.09 0 0.41000000000000003 0.44547009164154344
0.09 0 0.42 0.4509405479551782
0.09 0 0.43 0.2886924951729431
0.09 0 0.44 0.2682441795034994
0.09 0 0.45 0.17928654326468163
0.09 0 0.46 0.13558279602937293
0.09 0 0.47000000000000003 0.13099219862437958
0.09 0 0.48 0.17908763147226744
0.09 0 0.49 0.12159907821470126
0.09 0 0.5 0.28159709599012667
0.1 0 0.0 1.1627958366790765
0.1 0 0.01 0.7469273296671962
0.1 0 0.02 0.6688438906543953
0.1 0 0.03 0.3561877781734519
0.1 0 0.04 0.4203470431940686
0.1 0 0.05 0.3603753825992756
0.1 0 0.06 0.6394513458224056
0.1 0 0.07 0.8525281530253739
0.1 0 0.08 0.7812582298895538
0.1 0 0.09 1.0944799389112208
0.1 0 0.1 1.0717097480719078
0.1 0 0.11 1.4554647325788648
0.1 0 0.12 1.2638121066110515
0.1 0 0.13 1.2253556440673086
0.1 0 0.14 0.9108731197795389
0.1 0 0.15 0.8198590455575238
0.1 0 0.16 0.390306008796685
0.1 0 0.17 0.40881230334763824
0.1 0 0.18 0.23243411152129986
0.1 0 0.19 0.17003945242675855
0.1 0 0.2 0.1975335537190189
0.1 0 0.21 0.127863401956044
0.1 0 0.22 0.17807082576268604
0.1 0 0.23 0.09807648249034205
0.1 0 0.24 0.16304082246301838
0.1 0 0.25 0.12302737967883813
0.1 0 0.26 0.22207918050522743
0.1 0 0.27 0.2292738762286845
0.1 0 0.28 0.15847993328980556
0.1 0 0.29 0.11204725296403668
0.1 0 0.3 0.1364957797794253
0.1 0 0.31 0.19555168833801526
0.1 0 0.32 0.255829127977588
0.1 0 0.33 0.28228486054864727
0.1 0 0.34 0.3080117344308933
0.1 0 0.35000000000000003 0.4922293508838987
0.1 0 0.36 0.34550782682513387
0.1 0 0.37 0.7202333012001764
0.1 0 0.38 0.5802571678568239
0.1 0 0.39 0.5157679809670053
0.1 0 0.4 0.395672028858858
0.1 0 0.41000000000000003 0.3861218751593182
0.1 0 0.42 0.35114685272822677
0.1 0 0.43 0.3287857840975237
0.1 0 0.44 0.375717842456572
0.1 0 0.45 0.48111053383176877
0.1 0 0.46 0.5166797140539202
0.1 0 0.47000000000000003 0.9705726254068756
0.1 0 0.48 0.8965558577609828
0.1 0 0.49 0.8967299314656952
0.1 0 0.5 0.9623513138700605
0.11 0 0.0 0.46664589719554933
0.11 0 0.01 0.534591159279688
0.11 0 0.02 0.4079963994587921
0.11 0 0.03 0.27198292197095914
0.11 0 0.04 0.34694264335625946
0.11 0 0.05 0.26879192906144794
0.11 0 0.06 0.24261072720205548
0.11 0 0.07 0.22348497498715664
0.11 0 0.08 0.3559307866402517
0.11 0 0.09 0.31298311660415873
0.11 0 0.1 0.4111650255361733
0.11 0 0.11 0.42189654900115214
0.11 0 0.12 0.623090587056356
0.11 0 0.13 0.379308403926234
0.11 0 0.14 0.43371566106058956
0.11 0 0.15 0.3616208150986655
0.11 0 0.16 0.29965279144008367
0.11 0 0.17 0.35817407390958855
0.11 0 0.18 0.16392983602830138
0.11 0 0.19 0.2962228268509308
0.11 0 0.2 0.14714798522325398
0.11 0 0.21 0.19508899544305272
0.11 0 0.22 0.10765101144151258
0.11 0 0.23 0.09967435070553436
0.11 0 0.24 0.08063532219637906
0.11 0 0.25 0.10716451123146566
0.11 0 0.26 0.1325203469738944
0.11 0 0.27 0.21766649886564768
0.11 0 0.28 0.3173767379604861
0.11 0 0.29 0.24845837535579998
0.11 0 0.3 0.2930089916736899
0.11 0 0.31 0.2649376283173473
0.11 0 0.32 0.5336275327018832
0.11 0 0.33 0.2647078817997174
0.11 0 0.34 0.3932774373597019
0.11 0 0.35000000000000003 0.31980664328902053
0.11 0 0.36 0.4303398678961277
0.11 0 0.37 0.5248691133592868
0.11 0 0.38 0.41388311272838574
0.11 0 0.39 0.49871856091687783
0.11 0 0.4 0.37451728122427025
0.11 0 0.41000000000000003 0.3739162464122009
0.11 0 0.42 0.5286651633972923
0.11 0 0.43 0.6204480422391083
0.11 0 0.44 0.5069156166217912
0.11 0 0.45 0.4477043821569416
0.11 0 0.46 0.5463723682815025
0.11 0 0.47000000000000003 1.0325952049367282
0.11 0 0.48 1.3216425046396436
0.11 0 0.49 1.3419938713201411
0.11 0 0.5 1.1968116439089282
0.12 0 0.0 0.8104031878927842
0.12 0 0.01 1.4232266423623707
0.12 0 0.02 1.0956508975314097
0.12 0 0.03 1.0470703943741322
0.12 0 0.04 0.9901899867892362
0.12 0 0.05 0.8155739190329827
0.12 0 0.06 0.5955187261691957
0.12 0 0.07 0.625660693345442
0.12 0 0.08 0.47684124116941545
0.12 0 0.09 0.4897463160787585
0.12 0 0.1 0.25898657162807476
0.12 0 0.11 0.2678638893393408
0.12 0 0.12 0.38733918843494486
0.12 0 0.13 0.29395683663704303
0.12 0 0.14 0.35003758270323054
0.12 0 0.15 0.17567548294413987
0.12 0 0.16 0.22054229265196915
0.12 0 0.17 0.10573349960819031
0.12 0 0.18 0.15978770254603422
0.12 0 0.19 0.1461865327498741
0.12 0 0.2 0.15233579743610318
0.12 0 0.21 0.1612873716238273
0.12 0 0.22 0.21739194977544066
0.12 0 0.23 0.20531016757483195
0.12 0 0.24 0.21700562348266536
0.12 0 0.25 0.1948448115287597
0.12 0 0.26 0.1309271218811012
0.12 0 0.27 0.19201396719879305
0.12 0 0.28 0.12570984553820597
0.12 0 0.29 0.2569391296151614
0.12 0 0.3 0.20087058703224506
0.12 0 0.31 0.30501938458436956
0.12 0 0.32 0.2753703704424248
0.12 0 0.33 0.22341956604066893
0.12 0 0.34 0.2284642958894233
0.12 0 0.35000000000000003 0.1875029332995215
0.12 0 0.36 0.3038980085700192
0.12 0 0.37 0.26841036974893284
0.12 0 0.38 0.31834856080259516
0.12 0 0.39 0.398685882154653
0.12 0 0.4 0.4768110111583266
0.12 0 0.41000000000000003 0.5545060411650901
0.12 0 0.42 0.7151921360886984
0.12 0 0.43 0.7374305814082903
0.12 0 0.44 0.9479746743840116
0.12 0 0.45 1.2800714608334935
0.12 0 0.46 1.1664549917716447
0.12 0 0.47000000000000003 1.9703242180925058
0.12 0 0.48 1.0478152344208664
0.12 0 0.49 1.0610784175250314
0.12 0 0.5 0.7633308272080442
0.13 0 0.0 0.5138438442340827
0.13 0 0.01 0.5824712711488857
0.13 0 0.02 0.692268228123254
0.13 0 0.03 0.9097023494768739
0.13 0 0.04 0.6180393898636031
0.13 0 0.05 0.42287712924530685
0.13 0 0.06 0.5261041862890867
0.13 0 0.07 0.4866247186587289
0.13 0 0.08 0.36617856892957196
0.13 0 0.09 0.2290097464495692
0.13 0 0.1 0.10166247544718547
0.13 0 0.11 0.1334464675169491
0.13 0 0.12 0.08849958582661185
0.13 0 0.13 0.09346713877059036
0.13 0 0.14 0.11363565479319919
0.13 0 0.15 0.13592272607127825
0.13 0 0.16 0.10930049373211066
0.13 0 0.17 0.14813794232778385
0.13 0 0.18 0.264325790874482
0.13 0 0.19 0.42005599715744535
0.13 0 0.2 0.29076526506978523
0.13 0 0.21 0.2818617653063503
0.13 0 0.22 0.35743422211515735
0.13 0 0.23 0.48356129357493166
0.13 0 0.24 0.7666232701419269
0.13 0 0.25 0.5269199392689684
0.13 0 0.26 0.8609017561871591
0.13 0 0.27 0.7116962411558024
0.13 0 0.28 0.7335301892747154
0.13 0 0.29 0.6997295091088815
0.13 0 0.3 0.45303505714281206
0.13 0 0.31 0.42275626965782914
0.13 0 0.32 0.252508099411586
0.13 0 0.33 0.23719018656425417
0.13 0 0.34 0.3569057929934098
0.13 0 0.35000000000000003 0.449180206101194
0.13 0 0.36 0.33664799922620925
0.13 0 0.37 0.2896287305258195
0.13 0 0.38 0.3592584604336479
0.13 0 0.39 0.38779312363772084
0.13 0 0.4 0.4349320146960943
0.13 0 0.41000000000000003 0.7400242234498329
0.13 0 0.42 1.7090830671697586
0.13 0 0.43 1.1721321459917404
0.13 0 0.44 1.4452712980247986
0.13 0 0.45 0.785932583668423
0.13 0 0.46 1.1929980798502131
0.13 0 0.47000000000000003 1.0007328110975733
0.13 0 0.48 0.831770003938305
0.13 0 0.49 1.1181467569732895
0.13 0 0.5 0.637385093505381
0.14 0 0.0 1.5800226190545352
0.14 0 0.01 1.7886136175936216
0.14 0 0.02 2.1080481092449417
0.14 0 0.03 2.12510518683793
0.14 0 0.04 1.9398246764734661
0.14 0 0.05 1.6957398487052981
0.14 0 0.06 1.7122028738664286
0.14 0 0.07 1.5448251632914887
0.14 0 0.08 1.279573108466357
0.14 0 0.09 0.7955395631657176
0.14 0 0.1 0.5738247540643922
0.14 0 0.11 0.6941260680491751
0.14 0 0.12 0.47129765386998546
0.14 0 0.13 0.431717592396348
0.14 0 0.14 0.41055515318735897
0.14 0 0.15 0.23087309476105078
0.14 0 0.16 0.2086793540492062
0.14 0 0.17 0.13395856516940963
0.14 0 0.18 0.28449156587799534
0.14 0 0.19 0.3820957656176301
0.14 0 0.2 0.3647419054220013
0.14 0 0.21 0.5023437142685482
0.14 0 0.22 0.7958322847854218
0.14 0 0.23 0.9785731948716931
0.14 0 0.24 0.7688932089450248
0.14 0 0.25 0.676985870308445
0.14 0 0.26 0.6205252054423308
0.14 0 0.27 0.48936280787793224
0.14 0 0.28 0.618389076380383
0.14 0 0.29 0.8735897366374021
0.14 0 0.3 0.909808820921682
0.14 0 0.31 1.6019800076052424
0.14 0 0.32 1.2305587921584935
0.14 0 0.33 1.3005898244116505
0.14 0 0.34 1.4956265912981266
0.14 0 0.35000000000000003 1.3341171419862285
0.14 0 0.36 0.800928792178647
0.14 0 0.37 0.5556151886647028
0.14 0 0.38 0.532341304746326
0.14 0 0.39 0.7831514094821077
0.14 0 0.4 0.4085152038492331
0.14 0 0.41000000000000003 0.5196902100563628
0.14 0 0.42 0.5109745490943458
0.14 0 0.43 0.5780362451885908
0.14 0 0.44 0.6026946660067559
0.14 0 0.45 0.7677017744385666
0.14 0 0.46 1.5193922547720753
0.14 0 0.47000000000000003 0.7827255070542293
0.14 0 0.48 0.9661180362704301
0.14 0 0.49 0.7987474873122514
0.14 0 0.5 0.9642668459666958
0.15 0 0.0 2.8680200149384336
0.15 0 0.01 3.2039256633734454
0.15 0 0.02 2.949383090082917
0.15 0 0.03 2.5046524803178922
0.15 0 0.04 2.315745169844847
0.15 0 0.05 2.154464896117875
0.15 0 0.06 3.624209669565502
0.15 0 0.07 1.757428664720966
0.15 0 0.08 1.5917200416061748
0.15 0 0.09 1.5188509625977626
0.15 0 0.1 1.3264471072335946
0.15 0 0.11 1.0377659269496597
0.15 0 0.12 0.6095063091866209
0.15 0 0.13 0.9117885016575334
0.15 0 0.14 0.39234220103196227
0.15 0 0.15 0.5160043729296216
0.15 0 0.16 0.39242824764665757
0.15 0 0.17 0.4549115070687956
0.15 0 0.18 0.5176619694349611
0.15 0 0.19 0.5978118695372929
0.15 0 0.2 0.5081509825251866
0.15 0 0.21 0.5956911766759014
0.15 0 0.22 0.5415790658119247
0.15 0 0.23 0.4203259265168521
0.15 0 0.24 0.41946980449996396
0.15 0 0.25 0.3034347794403663
0.15 0 0.26 0.5122947551625342
0.15 0 0.27 0.3621747654195723
0.15 0 0.28 0.7980281519545775
0.15 0 0.29 0.9599069564455163
0.15 0 0.3 1.2025249679946148
0.15 0 0.31 0.8183692312030552
0.15 0 0.32 0.8315257548642139
0.15 0 0.33 1.338232616498225
0.15 0 0.34 1.2166732753569673
0.15 0 0.35000000000000003 0.9195344882269965
0.15 0 0.36 0.8905387876860278
0.15 0 0.37 0.48631020532805647
0.15 0 0.38 0.36592122370813024
0.15 0 0.39 0.3054569635118966
0.15 0 0.4 0.25988160842647523
0.15 0 0.41000000000000003 0.41985650330265556
0.15 0 0.42 0.3565822225468453
0.15 0 0.43 0.3708339890034296
0.15 0 0.44 0.28954936989141317
0.15 0 0.45 0.3691987948508967
0.15 0 0.46 0.38186168281086097
0.15 0 0.47000000000000003 0.4417693068312827
0.15 0 0.48 0.4579024961369051
0.15 0 0.49 0.5687305827088961
0.15 0 0.5 0.38909903810401114
0.16 0 0.0 6.972408260795543
0.16 0 0.01 6.726579630326247
0.16 0 0.02 4.791654315214566
0.16 0 0.03 6.0795938824090054
0.16 0 0.04 2.2934412911672593
0.16 0 0.05 2.0948926397897596
0.16 0 0.06 2.088834524116472
0.16 0 0.07 1.2301634953622507
0.16 0 0.08 1.5817575568536115
0.16 0 0.09 1.44240598130057
0.16 0 0.1 3.821544444149689
0.16 0 0.11 2.074361954212413
0.16 0 0.12 2.2721778901617515
0.16 0 0.13 1.6523971763321414
0.16 0 0.14 1.7123585340212408
0.16 0 0.15 0.9223869933557108
0.16 0 0.16 0.8906664180594723
0.16 0 0.17 0.7673589988462375
0.16 0 0.18 0.6170623495040009
0.16 0 0.19 0.5875432622308199
0.16 0 0.2 0.5940686348747197
0.16 0 0.21 0.8248955217644395
0.16 0 0.22 0.427293183210091
0.16 0 0.23 0.8794435019356212
0.16 0 0.24 0.38789481166581974
0.16 0 0.25 0.5048380851372732
0.16 0 0.26 0.3735653133921805
0.16 0 0.27 0.267637486438645
0.16 0 0.28 0.23221127010605777
0.16 0 0.29 0.30674695769526616
0.16 0 0.3 0.5478741472275938
0.16 0 0.31 0.5152867699780854
0.16 0 0.32 0.4917490626866028
0.16 0 0.33 0.39821855371947656
0.16 0 0.34 0.34359027248087204
0.16 0 0.35000000000000003 0.30678539243678743
0.16 0 0.36 0.5087193422881917
0.16 0 0.37 0.604034185983204
0.16 0 0.38 0.838866999889198
0.16 0 0.39 0.6660629905660804
0.16 0 0.4 0.8654508670971567
0.16 0 0.41000000000000003 1.2917364563810747
0.16 0 0.42 0.9474124378610006
0.16 0 0.43 1.0516981149152858
0.16 0 0.44 0.8170526109288877
0.16 0 0.45 0.6621479061304509
0.16 0 0.46 0.603621295959061
0.16 0 0.47000000000000003 0.33512882378444275
0.16 0 0.48 0.36670872404507227
0.16 0 0.49 0.2945681312997574
0.16 0 0.5 0.3273005034353688
0.17 0 0.0 5.3613018872911
0.17 0 0.01 4.717661051471162
0.17 0 0.02 4.594266129362558
0.17 0 0.03 6.243827791549256
0.17 0 0.04 5.015193372550186
0.17 0 0.05 6.417188369808973
0.17 0 0.06 3.2661635867906207
0.17 0 0.07 4.339608028457963
0.17 0 0.08 1.9010829424031663
0.17 0 0.09 1.5145333162616097
0.17 0 0.1 1.368212885808637
0.17 0 0.11 1.3216437213947079
0.17 0 0.12 0.8620260068089456
0.17 0 0.13 1.3289211860363266
0.17 0 0.14 1.590542522145064
0.17 0 0.15 1.9494165010528655
0.17 0 0.16 2.760159621523249
0.17 0 0.17 1.9380896304958506
0.17 0 0.18 3.1370645156486017
0.17 0 0.19 2.540646561441114
0.17 0 0.2 6.236340974592666
0.17 0 0.21 3.6659603649306254
0.17 0 0.22 4.344239904542182
0.17 0 0.23 3.223359774156996
0.17 0 0.24 2.1219715412678974
0.17 0 0.25 1.8962391189846453
0.17 0 0.26 1.4268798598754242
0.17 0 0.27 1.732304725277883
0.17 0 0.28 1.441425064192788
0.17 0 0.29 1.3455342757927815
0.17 0 0.3 1.4227407421963572
0.17 0 0.31 1.8760177787549586
0.17 0 0.32 1.3472994878508293
0.17 0 0.33 1.8701344520619825
0.17 0 0.34 1.6086361059381056
0.17 0 0.35000000000000003 1.5015941685241545
0.17 0 0.36 1.7148726991552579
0.17 0 0.37 1.2539992184194224
0.17 0 0.38 1.4517386690646137
0.17 0 0.39 0.9975894557802001
0.17 0 0.4 1.4705843428252565
0.17 0 0.41000000000000003 1.0495017761712302
0.17 0 0.42 1.1554512618877486
0.17 0 0.43 1.3593536920878537
0.17 0 0.44 0.578570805425716
0.17 0 0.45 0.6323564182516672
0.17 0 0.46 0.706177463669486
0.17 0 0.47000000000000003 1.1271845103574427
0.17 0 0.48 0.8748350403851868
0.17 0 0.49 0.9156480408236076
0.17 0 0.5 0.8362605196982902
0.18 0 0.0 3.3451778152894307
0.18 0 0.01 3.5806808993398684
0.18 0 0.02 4.802986449077772
0.18 0 0.03 3.9186075296839133
0.18 0 0.04 4.985897289307644
0.18 0 0.05 5.076486459284892
0.18 0 0.06 4.7974991225181265
0.18 0 0.07 4.558644178092452
0.18 0 0.08 4.421675342577227
0.18 0 0.09 3.129525178362642
0.18 0 0.1 2.8526304402289786
0.18 0 0.11 1.8600671902750294
0.18 0 0.12 1.6800751374526752
0.18 0 0.13 1.4075200247072148
0.18 0 0.14 0.8738618685707361
0.18 0 0.15 1.433044929357401
0.18 0 0.16 1.1398738769086898
0.18 0 0.17 2.013988718620667
0.18 0 0.18 1.9813204797144912
0.18 0 0.19 2.306040875049406
0.18 0 0.2 3.260201043480151
0.18 0 0.21 3.8528404362716264
0.18 0 0.22 4.3346291801283545
0.18 0 0.23 4.03371322057383
0.18 0 0.24 2.825259713657913
0.18 0 0.25 1.2993938731406962
0.18 0 0.26 0.8178740203466854
0.18 0 0.27 0.806294177196217
0.18 0 0.28 0.9858019040366678
0.18 0 0.29 1.1883309556800252
0.18 0 0.3 2.4244182083962342
0.18 0 0.31 2.4908683041394246
0.18 0 0.32 2.3798084361007383
0.18 0 0.33 3.90274065688882
0.18 0 0.34 2.690736381946931
0.18 0 0.35000000000000003 4.245759373101746
0.18 0 0.36 2.8287739774327356
0.18 0 0.37 2.3536223347862606
0.18 0 0.38 1.3865426920613322
0.18 0 0.39 0.9829919199232517
0.18 0 0.4 1.1876425001401194
0.18 0 0.41000000000000003 0.7081925660758419
0.18 0 0.42 0.8697595371387498
0.18 0 0.43 0.7314270667933229
0.18 0 0.44 0.8885884705370833
0.18 0 0.45 0.42330678669855004
0.18 0 0.46 0.5364041361539374
0.18 0 0.47000000000000003 0.5144038361689229
0.18 0 0.48 0.8118867285867037
0.18 0 0.49 0.6837022817637197
0.18 0 0.5 1.9995138164448008
0.19 0 0.0 2.7661709480367542
0.19 0 0.01 2.85887280299681
0.19 0 0.02 4.750946165407947
0.19 0 0.03 3.3974902889283864
0.19 0 0.04 3.0605830880459535
0.19 0 0.05 4.068337020578411
0.19 0 0.06 3.127015272899103
0.19 0 0.07 3.2454719338930507
0.19 0 0.08 1.8423850283550818
0.19 0 0.09 1.512171826161896
0.19 0 0.1 1.348529205109918
0.19 0 0.11 1.4244701064283807
0.19 0 0.12 1.5054596913090401
0.19 0 0.13 1.3155998272674037
0.19 0 0.14 1.6471657041887047
0.19 0 0.15 1.4626998818689976
0.19 0 0.16 1.2330467569195416
0.19 0 0.17 2.0316610967582287
0.19 0 0.18 2.7712831321883487
0.19 0 0.19 2.263274892698959
0.19 0 0.2 2.7065525477693817
0.19 0 0.21 1.8498090819943924
0.19 0 0.22 2.0011626763889763
0.19 0 0.23 1.3879343980692045
0.19 0 0.24 1.0889222057282617
0.19 0 0.25 0.999521593190839
0.19 0 0.26 0.950493001077715
0.19 0 0.27 1.3126453807748535
0.19 0 0.28 1.9053429777169426
0.19 0 0.29 2.0176975780628332
0.19 0 0.3 2.6869882259971734
0.19 0 0.31 1.9831700736230022
0.19 0 0.32 2.4827822923446954
0.19 0 0.33 2.4508495809139736
0.19 0 0.34 2.9394966165342336
0.19 0 0.35000000000000003 2.2785213134719395
0.19 0 0.36 0.8694030933434653
0.19 0 0.37 1.2086325657586392
0.19 0 0.38 0.9739253682655595
0.19 0 0.39 0.8535999011001709
0.19 0 0.4 0.6415344233246472
0.19 0 0.41000000000000003 0.8162362857910934
0.19 0 0.42 0.5380750068999695
0.19 0 0.43 0.8471910023220414
0.19 0 0.44 0.690010711967511
0.19 0 0.45 1.0215851293285503
0.19 0 0.46 0.774389027370095
0.19 0 0.47000000000000003 0.8623324828571666
0.19 0 0.48 0.8639771093881186
0.19 0 0.49 0.6886002193280315
0.19 0 0.5 1.526073572997314
0.2 0 0.0 1.5020973715621926
0.2 0 0.01 1.3569080554895714
0.2 0 0.02 1.6180742133228987
0.2 0 0.03 0.9935859772968103
0.2 0 0.04 1.7279053975977918
0.2 0 0.05 1.2117873410874114
0.2 0 0.06 1.3954153797583393
0.2 0 0.07 1.535617614616863
0.2 0 0.08 2.2538918631821416
0.2 0 0.09 2.1402155111519896
0.2 0 0.1 2.870800186820576
0.2 0 0.11 2.529990168187307
0.2 0 0.12 1.8302214941697403
0.2 0 0.13 1.1664319268458114
0.2 0 0.14 1.1424725555552384
0.2 0 0.15 1.947056347888382
0.2 0 0.16 1.2798969266655058
0.2 0 0.17 2.1928075503576796
0.2 0 0.18 1.4710538172532133
0.2 0 0.19 1.7739470018233328
0.2 0 0.2 1.0442200585790058
0.2 0 0.21 1.7211223230609645
0.2 0 0.22 2.811830800927255
0.2 0 0.23 2.1841799006760323
0.2 0 0.24 2.2728725088826356
0.2 0 0.25 2.6745271851093553
0.2 0 0.26 2.12620560815457
0.2 0 0.27 2.2683534044578004
0.2 0 0.28 2.2850520695216305
0.2 0 0.29 1.6682621676449867
0.2 0 0.3 1.692922271986399
0.2 0 0.31 1.3084622881245647
0.2 0 0.32 1.5459288343737354
0.2 0 0.33 1.213706741070882
0.2 0 0.34 1.8272077165233005
0.2 0 0.35000000000000003 1.2751860154618104
0.2 0 0.36 0.7397931460706932
0.2 0 0.37 0.6671713057207406
0.2 0 0.38 0.9849485077609557
0.2 0 0.39 0.9793346280668125
0.2 0 0.4 1.0467052429947172
0.2 0 0.41000000000000003 0.7854470214043373
0.2 0 0.42 1.209596972492302
0.2 0 0.43 0.7409147371061152
0.2 0 0.44 0.559153738550716
0.2 0 0.45 0.7000081553949313
0.2 0 0.46 0.36091112439348344
0.2 0 0.47000000000000003 0.37858098721022626
0.2 0 0.48 0.408274987919561
0.2 0 0.49 0.9600830208044482
0.2 0 0.5 0.9735621338720111
0.21 0 0.0 0.9297447952986804
0.21 0 0.01 1.187682487379274
0.21 0 0.02 0.8309377938203842
0.21 0 0.03 1.471387302375953
0.21 0 0.04 1.7747243646035695
0.21 0 0.05 2.3216655058710276
0.21 0 0.06 1.2732494042498983
0.21 0 0.07 0.8659969636021949
0.21 0 0.08 0.4982124620522509
0.21 0 0.09 0.4894143293338181
0.21 0 0.1 0.5319207188782891
0.21 0 0.11 0.4857920702622745
0.21 0 0.12 1.0511088037950642
0.21 0 0.13 0.4889282819601651
0.21 0 0.14 1.1522365411128497
0.21 0 0.15 1.1928910529947858
0.21 0 0.16 2.2167335782224744
0.21 0 0.17 1.7683329669545558
0.21 0 0.18 2.340374396021148
0.21 0 0.19 3.098995712797772
0.21 0 0.2 3.356154925991681
0.21 0 0.21 5.37147777974131
0.21 0 0.22 6.599241160353559
0.21 0 0.23 7.502438439314846
0.21 0 0.24 6.921315032203233
0.21 0 0.25 8.239900813075726
0.21 0 0.26 5.410147664501625
0.21 0 0.27 6.968979820469783
0.21 0 0.28 4.706974287903424
0.21 0 0.29 6.0737924565920345
0.21 0 0.3 4.171926752008707
0.21 0 0.31 3.198825386717217
0.21 0 0.32 3.6120588084097816
0.21 0 0.33 1.8518767104666674
0.21 0 0.34 1.209940007125742
0.21 0 0.35000000000000003 0.7826226547290983
0.21 0 0.36 0.5233498562022034
0.21 0 0.37 0.5340188781529693
0.21 0 0.38 0.6293424052804495
0.21 0 0.39 0.8676468857088525
0.21 0 0.4 0.5435486896683767
0.21 0 0.41000000000000003 0.4366495327032275
0.21 0 0.42 0.4058926099324093
0.21 0 0.43 0.31965582096991235
0.21 0 0.44 0.45699898071791134
0.21 0 0.45 0.5930924919640214
0.21 0 0.46 0.49995337425702924
0.21 0 0.47000000000000003 0.5575416026099945
0.21 0 0.48 0.5576412130977281
0.21 0 0.49 0.6367241887857799
0.21 0 0.5 0.8812435387305911
0.22 0 0.0 0.38323097734546374
0.22 0 0.01 0.29419404958122997
0.22 0 0.02 0.5039035824085899
0.22 0 0.03 0.4484383132755805
0.22 0 0.04 0.3956069858456
0.22 0 0.05 0.34255780917713885
0.22 0 0.06 0.3735351196369466
0.22 0 0.07 0.3896609329348616
0.22 0 0.08 0.2305466382796533
0.22 0 0.09 0.4890648343928201
0.22 0 0.1 0.2563648097677261
0.22 0 0.11 0.3404317654207229
0.22 0 0.12 0.18377233210972818
0.22 0 0.13 0.30334822322069754
0.22 0 0.14 0.46561520082080854
0.22 0 0.15 0.6236739393003103
0.22 0 0.16 0.9287197666617784
0.22 0 0.17 1.1088455717180956
0.22 0 0.18 1.2762488615712961
0.22 0 0.19 1.423036531854698
0.22 0 0.2 2.2659368134395375
0.22 0 0.21 2.215284610380933
0.22 0 0.22 3.4707146779044096
0.22 0 0.23 2.1317810895483618
0.22 0 0.24 2.593579493754219
0.22 0 0.25 2.267876686468047
0.22 0 0.26 2.7628449434367015
0.22 0 0.27 2.5053943260386315
0.22 0 0.28 1.9286031044822345
0.22 0 0.29 3.766178688748374
0.22 0 0.3 2.8914391474223735
0.22 0 0.31 3.358235091556988
0.22 0 0.32 2.185094075144947
0.22 0 0.33 1.4163925054825306
0.22 0 0.34 1.4519119502266071
0.22 0 0.35000000000000003 1.0431831978064587
0.22 0 0.36 0.9314698980321324
0.22 0 0.37 0.6834600676981606
0.22 0 0.38 0.5966187107294295
0.22 0 0.39 0.4351984885814179
0.22 0 0.4 0.5545197020318977
0.22 0 0.41000000000000003 0.4388382757499148
0.22 0 0.42 0.47757323001740404
0.22 0 0.43 0.2865013975337101
0.22 0 0.44 0.4095475230064264
0.22 0 0.45 0.47162064114582275
0.22 0 0.46 0.4170261459701111
0.22 0 0.47000000000000003 0.4500056101288498
0.22 0 0.48 0.3254946957284312
0.22 0 0.49 0.6237704075291214
0.22 0 0.5 0.3603944535694484
0.23 0 0.0 0.20260919995985108
0.23 0 0.01 0.29075937913479594
0.23 0 0.02 0.43344006347091096
0.23 0 0.03 0.48834391368549274
0.23 0 0.04 0.5296709871960255
0.23 0 0.05 0.3155678012285984
0.23 0 0.06 0.46206253536670056
0.23 0 0.07 0.25035202201087464
0.23 0 0.08 0.2196192738908505
0.23 0 0.09 0.20158888703781702
0.23 0 0.1 0.30627738454686293
0.23 0 0.11 0.31682962802341014
0.23 0 0.12 0.3227283867034963
0.23 0 0.13 0.6061103897830402
0.23 0 0.14 1.104732454920377
0.23 0 0.15 1.1533551857575781
0.23 0 0.16 1.1265507331572582
0.23 0 0.17 1.0735948826712287
0.23 0 0.18 0.7396567311589234
0.23 0 0.19 0.8044275155433368
0.23 0 0.2 0.497198259820143
0.23 0 0.21 0.7766878211230129
0.23 0 0.22 0.9715487562673222
0.23 0 0.23 0.9063608454811778
0.23 0 0.24 1.3517587272283247
0.23 0 0.25 1.342106277184059
0.23 0 0.26 2.117477042686612
0.23 0 0.27 1.3317569276267283
0.23 0 0.28 1.3956939200672884
0.23 0 0.29 1.9595061376991145
0.23 0 0.3 2.584939817090838
0.23 0 0.31 3.261339859738903
0.23 0 0.32 2.262356452704624
0.23 0 0.33 2.6237227943609955
0.23 0 0.34 1.8346504983699874
0.23 0 0.35000000000000003 1.511775347070865
0.23 0 0.36 0.9665632239480807
0.23 0 0.37 1.1344042011996522
0.23 0 0.38 0.4894398789783244
0.23 0 0.39 0.4908180912440152
0.23 0 0.4 0.22558211669616834
0.23 0 0.41000000000000003 0.2773159017948258
0.23 0 0.42 0.4002581871629947
0.23 0 0.43 0.2904586987223739
0.23 0 0.44 0.48189274540773813
0.23 0 0.45 0.3907888260626948
0.23 0 0.46 0.6221608935356604
0.23 0 0.47000000000000003 0.2275435773476262
0.23 0 0.48 0.2986020213215508
0.23 0 0.49 0.3458493221862084
0.23 0 0.5 0.6645794110382719
0.24 0 0.0 0.3211368723474606
0.24 0 0.01 0.44862143723906195
0.24 0 0.02 0.4110831083190424
0.24 0 0.03 0.4263723407229533
0.24 0 0.04 0.34111971059152846
0.24 0 0.05 0.3234333176565688
0.24 0 0.06 0.3876663730423272
0.24 0 0.07 0.31861719965225455
0.24 0 0.08 0.32003825315213236
0.24 0 0.09 0.49669562232734626
0.24 0 0.1 0.4649925935076886
0.24 0 0.11 0.8330632781015406
0.24 0 0.12 1.159470800832144
0.24 0 0.13 1.8402277385353514
0.24 0 0.14 1.5382480420612603
0.24 0 0.15 1.4909726112643669
0.24 0 0.16 2.0559782708990095
0.24 0 0.17 1.755237087661493
0.24 0 0.18 1.7146243226867721
0.24 0 0.19 1.518624212700558
0.24 0 0.2 1.2469625257863297
0.24 0 0.21 1.5547214103378488
0.24 0 0.22 1.161014230212309
0.24 0 0.23 1.2542896224842186
0.24 0 0.24 1.2987190865205323
0.24 0 0.25 1.3941377847666514
0.24 0 0.26 2.583847045567152
0.24 0 0.27 2.017511044635599
0.24 0 0.28 1.7015648636665275
0.24 0 0.29 1.1412469847967974
0.24 0 0.3 0.8789071212746761
0.24 0 0.31 0.5100868107021644
0.24 0 0.32 0.6747384752044374
0.24 0 0.33 0.6646014176718785
0.24 0 0.34 0.9640476455000531
0.24 0 0.35000000000000003 0.6646676300238819
0.24 0 0.36 1.0454994654170693
0.24 0 0.37 0.685684490707669
0.24 0 0.38 0.5849604849960474
0.24 0 0.39 0.8186496772106063
0.24 0 0.4 0.6145948122685513
0.24 0 0.41000000000000003 0.9129592428447192
0.24 0 0.42 0.392932154797977
0.24 0 0.43 0.5580617362492833
0.24 0 0.44 0.3794049111161153
0.24 0 0.45 0.4227062967914961
0.24 0 0.46 0.3226712126048825
0.24 0 0.47000000000000003 0.33443564304689527
0.24 0 0.48 0.18844065700347123
0.24 0 0.49 0.23776310819470114
0.24 0 0.5 0.28010209583559786
0.25 0 0.0 0.30904387192995353
0.25 0 0.01 0.5049331499613287
0.25 0 0.02 0.6217422063515419
0.25 0 0.03 0.7515948430239627
0.25 0 0.04 0.7305708456819222
0.25 0 0.05 0.8127513280538452
0.25 0 0.06 1.2867790490787971
0.25 0 0.07 0.609191135770278
0.25 0 0.08 1.0401467646394753
0.25 0 0.09 0.6494432662219243
0.25 0 0.1 0.7030609576159316
0.25 0 0.11 0.5285608619768194
0.25 0 0.12 0.644090524834511
0.25 0 0.13 0.8170792120970596
0.25 0 0.14 0.636615501165508
0.25 0 0.15 0.5571710953484331
0.25 0 0.16 0.8754340020624329
0.25 0 0.17 1.2287037292545935
0.25 0 0.18 1.0553734663978118
0.25 0 0.19 1.1780365017255174
0.25 0 0.2 1.2877687921863104
0.25 0 0.21 1.9201052243331136
0.25 0 0.22 1.4583892243678191
0.25 0 0.23 2.5072741572554285
0.25 0 0.24 1.8747287218306132
0.25 0 0.25 1.7734492591273225
0.25 0 0.26 1.6174017527574605
0.25 0 0.27 1.330770623196695
0.25 0 0.28 1.261549943706213
0.25 0 0.29 1.175702429499991
0.25 0 0.3 0.693486524880215
0.25 0 0.31 0.762261874390642
0.25 0 0.32 0.6374213468505973
0.25 0 0.33 0.7917513486215394
0.25 0 0.34 0.6157027443372409
0.25 0 0.35000000000000003 0.4291642494289773
0.25 0 0.36 0.6357049922292394
0.25 0 0.37 0.48736703946944976
0.25 0 0.38 0.46093968882866504
0.25 0 0.39 0.24927611356449988
0.25 0 0.4 0.3231859392472552
0.25 0 0.41000000000000003 0.270062733948219
0.25 0 0.42 0.29128168807380694
0.25 0 0.43 0.3583948904263457
0.25 0 0.44 0.44483160115475945
0.25 0 0.45 0.2463706899233753
0.25 0 0.46 0.24693565619152408
0.25 0 0.47000000000000003 0.21062280114640083
0.25 0 0.48 0.2053569881844407
0.25 0 0.49 0.2347148515211895
0.25 0 0.5 0.13569565079440235
0.26 0 0.0 0.41726903024169065
0.26 0 0.01 0.4799491894201486
0.26 0 0.02 0.32128408055476776
0.26 0 0.03 0.7182559899297999
0.26 0 0.04 0.44538764777544104
0.26 0 0.05 0.6251116256821623
0.26 0 0.06 0.2934526281618962
0.26 0 0.07 0.44028745256337015
0.26 0 0.08 0.33501896635659284
0.26 0 0.09 0.2793872339828516
0.26 0 0.1 0.26375469361667214
0.26 0 0.11 0.195062039491324
0.26 0 0.12 0.1703859775768191
0.26 0 0.13 0.1938311929491915
0.26 0 0.14 0.24813966666593715
0.26 0 0.15 0.21829424100030762
0.26 0 0.16 0.45767400999859364
0.26 0 0.17 0.38876063520602266
0.26 0 0.18 0.7579974767190938
0.26 0 0.19 0.5244774160376376
0.26 0 0.2 0.6631223587164762
0.26 0 0.21 0.6814630008942415
0.26 0 0.22 0.7142792118183435
0.26 0 0.23 1.0388427237658686
0.26 0 0.24 1.3299628090988633
0.26 0 0.25 2.595890284237143
0.26 0 0.26 2.741479411179554
0.26 0 0.27 2.0152245559389175
0.26 0 0.28 1.34828189095577
0.26 0 0.29 0.7068600698099543
0.26 0 0.3 0.6595419747380104
0.26 0 0.31 0.7597666429459857
0.26 0 0.32 0.6293644896119347
0.26 0 0.33 0.5828129199228855
0.26 0 0.34 0.30678116296176977
0.26 0 0.35000000000000003 0.1828049229064929
0.26 0 0.36 0.1826873957887018
0.26 0 0.37 0.1829667160099349
0.26 0 0.38 0.2440580105057551
0.26 0 0.39 0.2882443391630611
0.26 0 0.4 0.2633416473113951
0.26 0 0.41000000000000003 0.3356074892288595
0.26 0 0.42 0.3061560223614207
0.26 0 0.43 0.4738289033831068
0.26 0 0.44 0.41999702889089596
0.26 0 0.45 0.5096062956494911
0.26 0 0.46 0.5228201082214536
0.26 0 0.47000000000000003 0.42507409925171874
0.26 0 0.48 0.6412886344166057
0.26 0 0.49 0.7157341628725433
0.26 0 0.5 0.6723467019986765
0.27 0 0.0 0.5704693394533379
0.27 0 0.01 0.2924021019516695
0.27 0 0.02 0.45245873479405796
0.27 0 0.03 0.4553623271757122
0.27 0 0.04 0.5949174766997404
0.27 0 0.05 0.3784131879303511
0.27 0 0.06 0.3195973958597533
0.27 0 0.07 0.37411129046443575
0.27 0 0.08 0.41925446634454855
0.27 0 0.09 0.3866193684996722
0.27 0 0.1 0.2779802978472794
0.27 0 0.11 0.3287765504970949
0.27 0 0.12 0.21297969214553444
0.27 0 0.13 0.3768342754421159
0.27 0 0.14 0.38890471176528807
0.27 0 0.15 0.9612672360558783
0.27 0 0.16 0.585456487313119
0.27 0 0.17 0.531849717343522
0.27 0 0.18 0.7232619300905445
0.27 0 0.19 0.5834132578740445
0.27 0 0.2 0.824887759101182
0.27 0 0.21 0.6511611273420171
0.27 0 0.22 0.8234691151780752
0.27 0 0.23 0.939440765730369
0.27 0 0.24 1.0216143571251843
0.27 0 0.25 1.0707238877025782
0.27 0 0.26 1.3339525194091566
0.27 0 0.27 1.568949331090315
0.27 0 0.28 1.3419272067388224
0.27 0 0.29 1.2854279013566006
0.27 0 0.3 1.356140023341241
0.27 0 0.31 1.6649222946441666
0.27 0 0.32 1.1285092116453366
0.27 0 0.33 1.3359884969721012
0.27 0 0.34 0.7269132101772688
0.27 0 0.35000000000000003 0.7332582683899099
0.27 0 0.36 0.5635618468516007
0.27 0 0.37 0.357224005649185
0.27 0 0.38 0.44997402727098407
0.27 0 0.39 0.2141301190325778
0.27 0 0.4 0.22111031342036017
0.27 0 0.41000000000000003 0.1518312707594292
0.27 0 0.42 0.22943849889516965
0.27 0 0.43 0.2468827115124918
0.27 0 0.44 0.2856501574306533
0.27 0 0.45 0.30896382647195725
0.27 0 0.46 0.5716937453758287
0.27 0 0.47000000000000003 0.626005515707899
0.27 0 0.48 0.5945997216705291
0.27 0 0.49 0.5056049310976037
0.27 0 0.5 0.5848299655864836
0.28 0 0.0 0.8932341600608927
0.28 0 0.01 0.6318075668474845
0.28 0 0.02 0.5582815938802629
0.28 0 0.03 0.5520546777490557
0.28 0 0.04 0.5876664483175082
0.28 0 0.05 0.7740050714232695
0.28 0 0.06 0.6526936330118228
0.28 0 0.07 0.6183450248108855
0.28 0 0.08 0.8449832759598871
0.28 0 0.09 0.5033107036866162
0.28 0 0.1 0.6788968719428414
0.28 0 0.11 0.47145237532129164
0.28 0 0.12 0.6102844965988371
0.28 0 0.13 0.8383009997020999
0.28 0 0.14 1.144311172303064
0.28 0 0.15 1.154493567018674
0.28 0 0.16 0.6573979188123575
0.28 0 0.17 0.8394034213090693
0.28 0 0.18 0.5414187377418509
0.28 0 0.19 0.40098886053036087
0.28 0 0.2 0.3996601472833454
0.28 0 0.21 0.3922047047313874
0.28 0 0.22 0.5662184911776993
0.28 0 0.23 1.047922725083833
0.28 0 0.24 2.083458117276419
0.28 0 0.25 3.0178243875950006
0.28 0 0.26 3.115833248437299
0.28 0 0.27 1.4308744875093875
0.28 0 0.28 1.2973645939194318
0.28 0 0.29 0.5778385231552473
0.28 0 0.3 0.8013823024700033
0.28 0 0.31 0.5433547096809005
0.28 0 0.32 0.4174302079949998
0.28 0 0.33 0.43494287623516326
0.28 0 0.34 0.44790045812903007
0.28 0 0.35000000000000003 0.8538445151714597
0.28 0 0.36 0.47090572108872647
0.28 0 0.37 0.7476826447939162
0.28 0 0.38 0.3339626033420522
0.28 0 0.39 0.24393807021148445
0.28 0 0.4 0.17951936378931407
0.28 0 0.41000000000000003 0.26025117859208535
0.28 0 0.42 0.19673075732071407
0.28 0 0.43 0.2890055965741257
0.28 0 0.44 0.31049599213118323
0.28 0 0.45 0.4221468307512455
0.28 0 0.46 0.5604726579668086
0.28 0 0.47000000000000003 0.4772049719916512
0.28 0 0.48 0.931055896221082
0.28 0 0.49 0.6436919237749367
0.28 0 0.5 1.104459287263138
0.29 0 0.0 0.3162739629948355
0.29 0 0.01 0.3450494930399007
0.29 0 0.02 0.47366701526285115
0.29 0 0.03 0.33174667664485424
0.29 0 0.04 0.47583794570944904
0.29 0 0.05 0.7258113228835064
0.29 0 0.06 0.7705369848845239
0.29 0 0.07 1.0585462948625772
0.29 0 0.08 0.7235903912652388
0.29 0 0.09 0.6015687573590626
0.29 0 0.1 0.5416482405001053
0.29 0 0.11 0.3718865839996675
0.29 0 0.12 0.47239012379589856
0.29 0 0.13 0.7496016753185493
0.29 0 0.14 0.9526347235760226
0.29 0 0.15 0.8170558152782257
0.29 0 0.16 0.5014086433577973
0.29 0 0.17 0.7747696674647968
0.29 0 0.18 1.0312256285733676
0.29 0 0.19 1.2251206556509375
0.29 0 0.2 1.4536147471562406
0.29 0 0.21 2.357504570146507
0.29 0 0.22 2.082389066552036
0.29 0 0.23 1.756950821183382
0.29 0 0.24 1.8305853316850365
0.29 0 0.25 3.669756878927086
0.29 0 0.26 1.7414029029977391
0.29 0 0.27 1.9226617414925997
0.29 0 0.28 1.7876254811158
0.29 0 0.29 1.3101197524820922
0.29 0 0.3 1.4713550887962312
0.29 0 0.31 0.7975254182788214
0.29 0 0.32 1.0706007794853682
0.29 0 0.33 0.7303473218978811
0.29 0 0.34 1.026653899997274
0.29 0 0.35000000000000003 0.5778465058845041
0.29 0 0.36 0.7297826742170802
0.29 0 0.37 0.6784547114583304
0.29 0 0.38 0.7642994251607764
0.29 0 0.39 0.3679043904880877
0.29 0 0.4 0.4465194602979606
0.29 0 0.41000000000000003 0.5902707843594162
0.29 0 0.42 0.5878848636838059
0.29 0 0.43 0.6287185083054445
0.29 0 0.44 0.5852069393515344
0.29 0 0.45 1.7992895930059882
0.29 0 0.46 0.7261319785625573
0.29 0 0.47000000000000003 0.7025476446060389
0.29 0 0.48 0.4434088806463329
0.29 0 0.49 0.3446057593554866
0.29 0 0.5 0.2460393160426265
0.3 0 0.0 0.23591553426918666
0.3 0 0.01 0.380523974668316
0.3 0 0.02 0.4945592535500905
0.3 0 0.03 0.580382157902041
0.3 0 0.04 0.6392072661820326
0.3 0 0.05 0.7644657119223618
0.3 0 0.06 0.7307800156785963
0.3 0 0.07 0.5806709639905588
0.3 0 0.08 0.6961671496035098
0.3 0 0.09 0.9028535977932199
0.3 0 0.1 1.3707461960779552
0.3 0 0.11 1.3216976231327715
0.3 0 0.12 2.4896239579266837
0.3 0 0.13 1.243508470677573
0.3 0 0.14 1.5397470588630995
0.3 0 0.15 1.741457487132975
0.3 0 0.16 1.9548348649045564
0.3 0 0.17 2.612569037812403
0.3 0 0.18 2.9527111908420243
0.3 0 0.19 2.5121459155075763
0.3 0 0.2 2.512646390780911
0.3 0 0.21 2.5141488869082536
0.3 0 0.22 3.2533640829165775
0.3 0 0.23 2.558261677608833
0.3 0 0.24 2.9139274722045556
0.3 0 0.25 4.258621450114572
0.3 0 0.26 4.261980154155271
0.3 0 0.27 6.199118191500298
0.3 0 0.28 4.500375548377943
0.3 0 0.29 5.570403024464345
0.3 0 0.3 3.102569015681454
0.3 0 0.31 2.7036150059671606
0.3 0 0.32 2.917392320215667
0.3 0 0.33 3.4523739012993415
0.3 0 0.34 2.674537197642906
0.3 0 0.35000000000000003 3.7633186400128955
0.3 0 0.36 2.288948068367544
0.3 0 0.37 1.9210216117505496
0.3 0 0.38 1.3854912249425144
0.3 0 0.39 0.8759189502144913
0.3 0 0.4 1.1100416958737218
0.3 0 0.41000000000000003 0.9075097414865962
0.3 0 0.42 1.3296478651085664
0.3 0 0.43 0.7969379316927426
0.3 0 0.44 1.2731075233661224
0.3 0 0.45 1.2518368617931668
0.3 0 0.46 0.951780718930839
0.3 0 0.47000000000000003 0.9748460954413011
0.3 0 0.48 0.8176423529030638
0.3 0 0.49 0.6953323425593236
0.3 0 0.5 0.4988598924497994
#STOP
