#MEDIUM_PROPERTIES_DISTRIBUTED
$MSH_TYPE
	 GROUNDWATER_FLOW	
$MMP_TYPE
	 PERMEABILITY	
$DIS_TYPE
	 NEAREST_VALUE	
;hj
$CONVERSION_FACTOR
2e-8;2e-6;2e-13
$DATA
0.0 0 0.0 0.31496686558205766
0.0 0 0.01 0.35230694877485197
0.0 0 0.02 0.4031237565285387
0.0 0 0.03 0.37304293419138285
0.0 0 0.04 0.33551849619001745
0.0 0 0.05 0.3696972188603895
0.0 0 0.06 0.34569585429624833
0.0 0 0.07 0.3636058040946056
0.0 0 0.08 0.3279854153395474
0.0 0 0.09 0.34562381849980944
0.0 0 0.1 0.35521249657799764
0.0 0 0.11 0.3858064956375624
0.0 0 0.12 0.34309143818596866
0.0 0 0.13 0.4179505768727712
0.0 0 0.14 0.41063773955232163
0.0 0 0.15 0.41729064349597295
0.0 0 0.16 0.37209967239538094
0.0 0 0.17 0.35293274738199426
0.0 0 0.18 0.38497144011388196
0.0 0 0.19 0.478962418657164
0.0 0 0.2 0.5085083622121557
0.0 0 0.21 0.5840735558681813
0.0 0 0.22 0.655027394857202
0.0 0 0.23 0.5355807776493239
0.0 0 0.24 0.4884432588898866
0.0 0 0.25 0.40892468034980356
0.0 0 0.26 0.4423699833189006
0.0 0 0.27 0.507929564850921
0.0 0 0.28 0.5452665225754051
0.0 0 0.29 0.4422156169657372
0.0 0 0.3 0.5242902695082093
0.0 0 0.31 0.5093748312125552
0.0 0 0.32 0.6270495602484396
0.0 0 0.33 0.7709860040013091
0.0 0 0.34 0.9098745873675694
0.0 0 0.35000000000000003 0.9316521289846654
0.0 0 0.36 0.9560492648298199
0.0 0 0.37 0.7528694199174695
0.0 0 0.38 0.8331034551931732
0.0 0 0.39 1.1041416102948023
0.0 0 0.4 1.1085291831962467
0.0 0 0.41000000000000003 1.0979688524374838
0.0 0 0.42 0.8970728503508733
0.0 0 0.43 0.7604587906313366
0.0 0 0.44 0.7323048852787092
0.0 0 0.45 0.7609038930595798
0.0 0 0.46 0.6115168724428527
0.0 0 0.47000000000000003 0.6696567308998704
0.0 0 0.48 0.5110268477623742
0.0 0 0.49 0.4440831395583015
0.0 0 0.5 0.4672680898105396
0.01 0 0.0 0.6607576209465162
0.01 0 0.01 0.4885823830145173
0.01 0 0.02 0.42667069990088397
0.01 0 0.03 0.36163613759213664
0.01 0 0.04 0.4043318784662134
0.01 0 0.05 0.5095549897822909
0.01 0 0.06 0.412261551130145
0.01 0 0.07 0.30135573622818196
0.01 0 0.08 0.22122223238711494
0.01 0 0.09 0.18975059470725805
0.01 0 0.1 0.2169134575585708
0.01 0 0.11 0.2552178208992474
0.01 0 0.12 0.2143894916945805
0.01 0 0.13 0.21162902446792656
0.01 0 0.14 0.1714678948481045
0.01 0 0.15 0.15027596994913453
0.01 0 0.16 0.18515379754966874
0.01 0 0.17 0.27827284480841447
0.01 0 0.18 0.3723091840569579
0.01 0 0.19 0.46869252563874286
0.01 0 0.2 0.3936186716742742
0.01 0 0.21 0.36230789286171444
0.01 0 0.22 0.4406898768523136
0.01 0 0.23 0.4810009243856086
0.01 0 0.24 0.5380379588320073
0.01 0 0.25 0.5845290398363594
0.01 0 0.26 0.5472516711964823
0.01 0 0.27 0.48964839214748845
0.01 0 0.28 0.48315334430638773
0.01 0 0.29 0.4259335565442233
0.01 0 0.3 0.5159566092369149
0.01 0 0.31 0.5099752865620156
0.01 0 0.32 0.4607162797851555
0.01 0 0.33 0.4417948715436154
0.01 0 0.34 0.548494977868416
0.01 0 0.35000000000000003 0.671441596336327
0.01 0 0.36 0.9485569717896996
0.01 0 0.37 1.0191390273273477
0.01 0 0.38 1.116019288577432
0.01 0 0.39 1.1729710035388712
0.01 0 0.4 1.0576953396051878
0.01 0 0.41000000000000003 1.0048244027854063
0.01 0 0.42 1.089332997210928
0.01 0 0.43 1.1861118913075153
0.01 0 0.44 1.1872025956826082
0.01 0 0.45 1.1209083328956315
0.01 0 0.46 0.9320152388791008
0.01 0 0.47000000000000003 1.0415898329084028
0.01 0 0.48 0.9820863494140285
0.01 0 0.49 1.014660061285206
0.01 0 0.5 1.0401721216350088
0.02 0 0.0 0.25490223056327815
0.02 0 0.01 0.22241653031140568
0.02 0 0.02 0.20538924785970372
0.02 0 0.03 0.196586477294181
0.02 0 0.04 0.21147015661940238
0.02 0 0.05 0.28545806096876214
0.02 0 0.06 0.308613343212142
0.02 0 0.07 0.2758237841567756
0.02 0 0.08 0.23779114329704457
0.02 0 0.09 0.1832816138004463
0.02 0 0.1 0.15625967525255102
0.02 0 0.11 0.15336097617519362
0.02 0 0.12 0.1742507066191609
0.02 0 0.13 0.23435375591917199
0.02 0 0.14 0.2790218797542231
0.02 0 0.15 0.2459375216738277
0.02 0 0.16 0.2315317441029548
0.02 0 0.17 0.2254549224486484
0.02 0 0.18 0.24098182718580102
0.02 0 0.19 0.27355790236230976
0.02 0 0.2 0.2850809632869197
0.02 0 0.21 0.3021240077395643
0.02 0 0.22 0.3216287056465381
0.02 0 0.23 0.26866612705007614
0.02 0 0.24 0.24635413321389865
0.02 0 0.25 0.26919005062081625
0.02 0 0.26 0.29256904498260733
0.02 0 0.27 0.3293491476773091
0.02 0 0.28 0.3251376586305085
0.02 0 0.29 0.28154499191283244
0.02 0 0.3 0.2896154919550521
0.02 0 0.31 0.2771053601718869
0.02 0 0.32 0.26827703279913784
0.02 0 0.33 0.3494933507110799
0.02 0 0.34 0.44210045911678847
0.02 0 0.35000000000000003 0.4604868140273319
0.02 0 0.36 0.43443613966716477
0.02 0 0.37 0.3209399976510787
0.02 0 0.38 0.28270438428525285
0.02 0 0.39 0.3196858881425899
0.02 0 0.4 0.323980421633223
0.02 0 0.41000000000000003 0.36122878252379303
0.02 0 0.42 0.4247537448798014
0.02 0 0.43 0.3750454474735205
0.02 0 0.44 0.33149192859440546
0.02 0 0.45 0.31704094805161803
0.02 0 0.46 0.3022888473019054
0.02 0 0.47000000000000003 0.37538275784389336
0.02 0 0.48 0.3904280971332233
0.02 0 0.49 0.335373426109483
0.02 0 0.5 0.35952705488414444
0.03 0 0.0 0.5802307536647507
0.03 0 0.01 0.6064425382886498
0.03 0 0.02 0.5584518797795942
0.03 0 0.03 0.534382325610241
0.03 0 0.04 0.5230030295808267
0.03 0 0.05 0.6725489742539129
0.03 0 0.06 0.603137537834931
0.03 0 0.07 0.5149635725439946
0.03 0 0.08 0.46125563838363076
0.03 0 0.09 0.3544278508136788
0.03 0 0.1 0.31176160839751305
0.03 0 0.11 0.3184608858520504
0.03 0 0.12 0.33410285099662057
0.03 0 0.13 0.3659188240351561
0.03 0 0.14 0.36562471167470023
0.03 0 0.15 0.2415614450196134
0.03 0 0.16 0.23058056178050704
0.03 0 0.17 0.23242570397760517
0.03 0 0.18 0.2621211596785686
0.03 0 0.19 0.31752524121859027
0.03 0 0.2 0.4083116494822967
0.03 0 0.21 0.44060525357165975
0.03 0 0.22 0.5734982058127538
0.03 0 0.23 0.5358221647834474
0.03 0 0.24 0.5137969623204525
0.03 0 0.25 0.5674958598613299
0.03 0 0.26 0.5498757878817032
0.03 0 0.27 0.5102997999446757
0.03 0 0.28 0.5605572949328391
0.03 0 0.29 0.60579957710409
0.03 0 0.3 0.6681165536313036
0.03 0 0.31 0.6878672985707258
0.03 0 0.32 0.5095775833541804
0.03 0 0.33 0.49466199122399757
0.03 0 0.34 0.5303182629293002
0.03 0 0.35000000000000003 0.592275448074759
0.03 0 0.36 0.6582610317139532
0.03 0 0.37 0.7315093398277916
0.03 0 0.38 0.6146885817359089
0.03 0 0.39 0.5470125293646648
0.03 0 0.4 0.4068022511396963
0.03 0 0.41000000000000003 0.36791519001881307
0.03 0 0.42 0.3921128697865919
0.03 0 0.43 0.3601123766023608
0.03 0 0.44 0.25761016225924127
0.03 0 0.45 0.18775722177334353
0.03 0 0.46 0.14649449358842154
0.03 0 0.47000000000000003 0.15152969087936427
0.03 0 0.48 0.18685387773241646
0.03 0 0.49 0.22253805519709804
0.03 0 0.5 0.2958845318079778
0.04 0 0.0 0.47027512247754355
0.04 0 0.01 0.5759404632061282
0.04 0 0.02 0.5341645919715339
0.04 0 0.03 0.4866291839100741
0.04 0 0.04 0.30915921532395785
0.04 0 0.05 0.26782416742961435
0.04 0 0.06 0.2321743568804234
0.04 0 0.07 0.26524584561114123
0.04 0 0.08 0.3322828659807492
0.04 0 0.09 0.32890696120844815
0.04 0 0.1 0.22269377900528586
0.04 0 0.11 0.16311752245773967
0.04 0 0.12 0.14566191866547631
0.04 0 0.13 0.1663618724642237
0.04 0 0.14 0.22735723183949774
0.04 0 0.15 0.2292180420692209
0.04 0 0.16 0.24233195413154351
0.04 0 0.17 0.20620958526224253
0.04 0 0.18 0.18690319748651757
0.04 0 0.19 0.18409752815873318
0.04 0 0.2 0.26498190500794555
0.04 0 0.21 0.32314770148486643
0.04 0 0.22 0.4121836170716403
0.04 0 0.23 0.3308206761507934
0.04 0 0.24 0.3037067233618947
0.04 0 0.25 0.3185835459449003
0.04 0 0.26 0.3878149391312493
0.04 0 0.27 0.47697106315268245
0.04 0 0.28 0.6717518973629859
0.04 0 0.29 0.7747339729010746
0.04 0 0.3 0.815013644742326
0.04 0 0.31 0.7601431993996479
0.04 0 0.32 0.6255661744581023
0.04 0 0.33 0.7678992656380418
0.04 0 0.34 0.9244645394771901
0.04 0 0.35000000000000003 1.0756466406816085
0.04 0 0.36 1.1328260034532749
0.04 0 0.37 1.1940414507175774
0.04 0 0.38 0.9265860052795616
0.04 0 0.39 0.8886942448955458
0.04 0 0.4 0.6555361602886789
0.04 0 0.41000000000000003 0.6558255973644348
0.04 0 0.42 0.7164225648699486
0.04 0 0.43 0.6947734962884856
0.04 0 0.44 0.5586010354759022
0.04 0 0.45 0.5613026122680951
0.04 0 0.46 0.4831214717788259
0.04 0 0.47000000000000003 0.4800402787373451
0.04 0 0.48 0.47765362287020746
0.04 0 0.49 0.40519679920344076
0.04 0 0.5 0.4368973181655782
0.05 0 0.0 0.8417332258964983
0.05 0 0.01 0.8039705342585164
0.05 0 0.02 0.7233962915190968
0.05 0 0.03 0.7847376577539962
0.05 0 0.04 0.7727160801195392
0.05 0 0.05 0.9943601763498524
0.05 0 0.06 0.9978588837077321
0.05 0 0.07 1.0324663619078702
0.05 0 0.08 1.0340096458294603
0.05 0 0.09 0.8502952237661168
0.05 0 0.1 0.5930678868817958
0.05 0 0.11 0.5532249007344864
0.05 0 0.12 0.48358185895635897
0.05 0 0.13 0.43196952731991617
0.05 0 0.14 0.3789070777588381
0.05 0 0.15 0.2643420187643987
0.05 0 0.16 0.24226794843806962
0.05 0 0.17 0.2449105749553275
0.05 0 0.18 0.24077629631260214
0.05 0 0.19 0.25891961824164406
0.05 0 0.2 0.3381247486086802
0.05 0 0.21 0.3180649581621057
0.05 0 0.22 0.37400236865623837
0.05 0 0.23 0.37044792979659336
0.05 0 0.24 0.4167703146528254
0.05 0 0.25 0.47204338637687643
0.05 0 0.26 0.44452202364816157
0.05 0 0.27 0.2960189887166164
0.05 0 0.28 0.2836178182471243
0.05 0 0.29 0.280135537694341
0.05 0 0.3 0.33242136806990885
0.05 0 0.31 0.43895741662844034
0.05 0 0.32 0.4628181735927969
0.05 0 0.33 0.4601982664864063
0.05 0 0.34 0.4364759509155323
0.05 0 0.35000000000000003 0.4027251260168256
0.05 0 0.36 0.47068645485274185
0.05 0 0.37 0.7987367084253536
0.05 0 0.38 0.9251404429703648
0.05 0 0.39 0.9985187552363051
0.05 0 0.4 0.7758577874071401
0.05 0 0.41000000000000003 0.7183111064573201
0.05 0 0.42 0.7961894975422628
0.05 0 0.43 1.0907074366061125
0.05 0 0.44 1.1333018955722376
0.05 0 0.45 1.2684119340753608
0.05 0 0.46 0.9238159677912061
0.05 0 0.47000000000000003 0.6337091623248373
0.05 0 0.48 0.5110872685811473
0.05 0 0.49 0.5776489992714297
0.05 0 0.5 0.8560858190347816
0.06 0 0.0 0.38501346517889484
0.06 0 0.01 0.3038679393639522
0.06 0 0.02 0.28227746536979637
0.06 0 0.03 0.3486146742386725
0.06 0 0.04 0.3562998937016674
0.06 0 0.05 0.3492780473353063
0.06 0 0.06 0.34222568913125867
0.06 0 0.07 0.34317899284070413
0.06 0 0.08 0.41639633787473745
0.06 0 0.09 0.4847467125222773
0.06 0 0.1 0.43246090723159747
0.06 0 0.11 0.4058643468560624
0.06 0 0.12 0.33484539826661186
0.06 0 0.13 0.24477843166925736
0.06 0 0.14 0.2055486074169652
0.06 0 0.15 0.1837180568996454
0.06 0 0.16 0.1748203315848543
0.06 0 0.17 0.16288982656556983
0.06 0 0.18 0.12734658571489227
0.06 0 0.19 0.10714267787103249
0.06 0 0.2 0.11615171760873214
0.06 0 0.21 0.11550135929880762
0.06 0 0.22 0.12081469158159433
0.06 0 0.23 0.11824035193169295
0.06 0 0.24 0.12023480528531368
0.06 0 0.25 0.13030318997205062
0.06 0 0.26 0.1478781083132915
0.06 0 0.27 0.17100955657748965
0.06 0 0.28 0.2707528103674872
0.06 0 0.29 0.38648038040389077
0.06 0 0.3 0.5008875015085793
0.06 0 0.31 0.5990379625569262
0.06 0 0.32 0.6540041053263068
0.06 0 0.33 0.7409799655729454
0.06 0 0.34 0.8333617861276315
0.06 0 0.35000000000000003 0.835760270189399
0.06 0 0.36 1.000754488717633
0.06 0 0.37 1.3477183518753961
0.06 0 0.38 1.3894161590097691
0.06 0 0.39 1.462842474492719
0.06 0 0.4 1.2895154134421982
0.06 0 0.41000000000000003 1.1443586331627458
0.06 0 0.42 1.044117221817048
0.06 0 0.43 0.9086014820242783
0.06 0 0.44 0.7243811675069827
0.06 0 0.45 0.8248981214846028
0.06 0 0.46 0.7713200083451698
0.06 0 0.47000000000000003 0.753269785043018
0.06 0 0.48 0.8149482167069172
0.06 0 0.49 0.8865859126583348
0.06 0 0.5 0.9821295319842961
0.07 0 0.0 0.25501474194267376
0.07 0 0.01 0.19777763322183062
0.07 0 0.02 0.1819880566876546
0.07 0 0.03 0.21391401190932618
0.07 0 0.04 0.2700489588902458
0.07 0 0.05 0.3433587212280641
0.07 0 0.06 0.4420470816031302
0.07 0 0.07 0.42314890932118504
0.07 0 0.08 0.4201222818977538
0.07 0 0.09 0.3178544988497593
0.07 0 0.1 0.2485999333639324
0.07 0 0.11 0.2422559276960465
0.07 0 0.12 0.24876476140011408
0.07 0 0.13 0.21909775073231627
0.07 0 0.14 0.23746720067503874
0.07 0 0.15 0.23119211232569892
0.07 0 0.16 0.23532085931806387
0.07 0 0.17 0.2404476952528766
0.07 0 0.18 0.19855735874273509
0.07 0 0.19 0.18565057859873535
0.07 0 0.2 0.2026281574735673
0.07 0 0.21 0.18225716405388764
0.07 0 0.22 0.17392597030581242
0.07 0 0.23 0.20479696913123635
0.07 0 0.24 0.22761260068164624
0.07 0 0.25 0.3181673040043416
0.07 0 0.26 0.40069215596890073
0.07 0 0.27 0.4426129632848664
0.07 0 0.28 0.5264821749698333
0.07 0 0.29 0.5461523362902893
0.07 0 0.3 0.43264642823005495
0.07 0 0.31 0.45098822660851523
0.07 0 0.32 0.478433772224502
0.07 0 0.33 0.5152623286223414
0.07 0 0.34 0.5856125467793776
0.07 0 0.35000000000000003 0.5804203914361508
0.07 0 0.36 0.6311971785521722
0.07 0 0.37 0.8591870624784178
0.07 0 0.38 0.9436088837599186
0.07 0 0.39 0.9731399125473511
0.07 0 0.4 1.0513719738326865
0.07 0 0.41000000000000003 0.9289193949167618
0.07 0 0.42 0.8673342538838698
0.07 0 0.43 0.8885772375831015
0.07 0 0.44 0.962286562802906
0.07 0 0.45 1.232762571493091
0.07 0 0.46 1.3321018767906
0.07 0 0.47000000000000003 0.9918705608315751
0.07 0 0.48 0.7722043499455726
0.07 0 0.49 0.6208484391640768
0.07 0 0.5 0.5238118798885795
0.08 0 0.0 0.14901978931215834
0.08 0 0.01 0.15468233211319912
0.08 0 0.02 0.17506064492071025
0.08 0 0.03 0.2390760569450056
0.08 0 0.04 0.253891905054806
0.08 0 0.05 0.20879933907061748
0.08 0 0.06 0.21199190913816598
0.08 0 0.07 0.17658598364823244
0.08 0 0.08 0.17929584043663885
0.08 0 0.09 0.16866258161571993
0.08 0 0.1 0.15975602104644157
0.08 0 0.11 0.14065139850656744
0.08 0 0.12 0.1452215850490368
0.08 0 0.13 0.11689010066952975
0.08 0 0.14 0.14605928292628603
0.08 0 0.15 0.18332211778762017
0.08 0 0.16 0.2059270523201428
0.08 0 0.17 0.17736382189607972
0.08 0 0.18 0.13893108640489
0.08 0 0.19 0.11947790162654343
0.08 0 0.2 0.15905593152194317
0.08 0 0.21 0.236005423051167
0.08 0 0.22 0.3438956637815803
0.08 0 0.23 0.4974068525349657
0.08 0 0.24 0.46274555711452553
0.08 0 0.25 0.3822721504263817
0.08 0 0.26 0.29410301045999643
0.08 0 0.27 0.29430886519717825
0.08 0 0.28 0.3253677089489788
0.08 0 0.29 0.371127716658365
0.08 0 0.3 0.28544414124458584
0.08 0 0.31 0.27877303353463767
0.08 0 0.32 0.2768532605403384
0.08 0 0.33 0.35975214605316136
0.08 0 0.34 0.48958283064814395
0.08 0 0.35000000000000003 0.6548290481340666
0.08 0 0.36 0.7345800884837093
0.08 0 0.37 0.7647351556796996
0.08 0 0.38 0.5961278320560437
0.08 0 0.39 0.5365260534015044
0.08 0 0.4 0.6086590575662998
0.08 0 0.41000000000000003 0.6092848664551859
0.08 0 0.42 0.608777479048069
0.08 0 0.43 0.5077415491301054
0.08 0 0.44 0.4384080182957782
0.08 0 0.45 0.4361487053869103
0.08 0 0.46 0.4676868986602972
0.08 0 0.47000000000000003 0.41611034792006163
0.08 0 0.48 0.5155230132916802
0.08 0 0.49 0.5347506515241626
0.08 0 0.5 0.5741743645031744
0.09 0 0.0 0.43485066847267817
0.09 0 0.01 0.47368712557128595
0.09 0 0.02 0.3705501550761595
0.09 0 0.03 0.2624181581844224
0.09 0 0.04 0.15504509429940141
0.09 0 0.05 0.10893504385003758
0.09 0 0.06 0.11566515368208977
0.09 0 0.07 0.11590765562718995
0.09 0 0.08 0.1200910202483296
0.09 0 0.09 0.10177028898706426
0.09 0 0.1 0.08953168248282461
0.09 0 0.11 0.08199304191820585
0.09 0 0.12 0.08942525303476581
0.09 0 0.13 0.07485309158517031
0.09 0 0.14 0.08854488829559992
0.09 0 0.15 0.08407285942565186
0.09 0 0.16 0.07710358545546793
0.09 0 0.17 0.06695985246465377
0.09 0 0.18 0.06669607074394768
0.09 0 0.19 0.06853926597512243
0.09 0 0.2 0.09166823127554197
0.09 0 0.21 0.0915855394815346
0.09 0 0.22 0.08972385226257334
0.09 0 0.23 0.09847634013966332
0.09 0 0.24 0.08338324726075337
0.09 0 0.25 0.07433240810161257
0.09 0 0.26 0.07089721314546833
0.09 0 0.27 0.07339366552250676
0.09 0 0.28 0.08013300866610232
0.09 0 0.29 0.09895393588744995
0.09 0 0.3 0.08538773164583588
0.09 0 0.31 0.1082965083168141
0.09 0 0.32 0.11645441241926115
0.09 0 0.33 0.11401243163676307
0.09 0 0.34 0.1004204961576737
0.09 0 0.35000000000000003 0.10071320558400786
0.09 0 0.36 0.0903401359882857
0.09 0 0.37 0.11937547662119194
0.09 0 0.38 0.13828225314705966
0.09 0 0.39 0.18055531565280156
0.09 0 0.4 0.2678620035656914
0.09 0 0.41000000000000003 0.3081684242887287
0.09 0 0.42 0.3211119761917018
0.09 0 0.43 0.40120338884656104
0.09 0 0.44 0.5587336162645771
0.09 0 0.45 0.7579648092417813
0.09 0 0.46 0.9996281648915245
0.09 0 0.47000000000000003 0.7812013302530383
0.09 0 0.48 0.7089901685247412
0.09 0 0.49 0.5791820846538739
0.09 0 0.5 0.5286780416078789
0.1 0 0.0 0.205298940494498
0.1 0 0.01 0.19301465905477075
0.1 0 0.02 0.1595177965788298
0.1 0 0.03 0.16317098489249324
0.1 0 0.04 0.1518181297358794
0.1 0 0.05 0.1452757174308778
0.1 0 0.06 0.18494195709408093
0.1 0 0.07 0.203622761445447
0.1 0 0.08 0.19750664997175243
0.1 0 0.09 0.2116902927872997
0.1 0 0.1 0.21428773732946188
0.1 0 0.11 0.18889881909975303
0.1 0 0.12 0.17263542995408823
0.1 0 0.13 0.11981127151152705
0.1 0 0.14 0.11576613733015989
0.1 0 0.15 0.13691028064010616
0.1 0 0.16 0.17036605855361595
0.1 0 0.17 0.2103504892343604
0.1 0 0.18 0.2816201344019973
0.1 0 0.19 0.2675078659123374
0.1 0 0.2 0.26689733311591407
0.1 0 0.21 0.24790797579198237
0.1 0 0.22 0.27416439601691706
0.1 0 0.23 0.3779222221718456
0.1 0 0.24 0.43472180942821365
0.1 0 0.25 0.3577018649240304
0.1 0 0.26 0.2791022232086269
0.1 0 0.27 0.22569832545640522
0.1 0 0.28 0.20066946125802304
0.1 0 0.29 0.22966075241086867
0.1 0 0.3 0.23186641386713505
0.1 0 0.31 0.26277974181941605
0.1 0 0.32 0.23003824701748157
0.1 0 0.33 0.1782908950054578
0.1 0 0.34 0.14159442812620346
0.1 0 0.35000000000000003 0.16387897879553964
0.1 0 0.36 0.1849287852756747
0.1 0 0.37 0.23996914054958926
0.1 0 0.38 0.22675767913192107
0.1 0 0.39 0.21892969993978847
0.1 0 0.4 0.21266571872589304
0.1 0 0.41000000000000003 0.1930153353916762
0.1 0 0.42 0.17226007673103333
0.1 0 0.43 0.18076898764029448
0.1 0 0.44 0.17433735553544907
0.1 0 0.45 0.15706986185207347
0.1 0 0.46 0.13885234683672418
0.1 0 0.47000000000000003 0.10719619662779589
0.1 0 0.48 0.1197428075363458
0.1 0 0.49 0.12901635832328343
0.1 0 0.5 0.14611929843050409
0.11 0 0.0 0.12970434883466267
0.11 0 0.01 0.16424206339636876
0.11 0 0.02 0.18617155733483726
0.11 0 0.03 0.17797002936580672
0.11 0 0.04 0.15299845592449499
0.11 0 0.05 0.13109678455488888
0.11 0 0.06 0.13997345728446375
0.11 0 0.07 0.13114651419525583
0.11 0 0.08 0.10759071402403614
0.11 0 0.09 0.09451347938220032
0.11 0 0.1 0.08167743810591044
0.11 0 0.11 0.07459082578835813
0.11 0 0.12 0.07343844483022509
0.11 0 0.13 0.06869820287608965
0.11 0 0.14 0.07319892399102934
0.11 0 0.15 0.07806801230102961
0.11 0 0.16 0.06871925483749286
0.11 0 0.17 0.07104568269512884
0.11 0 0.18 0.08009939687111238
0.11 0 0.19 0.08009413960069271
0.11 0 0.2 0.08090198802976208
0.11 0 0.21 0.07517829892339666
0.11 0 0.22 0.07596539522672262
0.11 0 0.23 0.10440359093231272
0.11 0 0.24 0.12820829429094124
0.11 0 0.25 0.14396289458434425
0.11 0 0.26 0.18382430094120508
0.11 0 0.27 0.20245164509139485
0.11 0 0.28 0.2186029166093589
0.11 0 0.29 0.27554577705762984
0.11 0 0.3 0.3192802654366493
0.11 0 0.31 0.4160989902932084
0.11 0 0.32 0.4788167752048845
0.11 0 0.33 0.3688606033119155
0.11 0 0.34 0.2884108598723369
0.11 0 0.35000000000000003 0.25864580416798355
0.11 0 0.36 0.1999441532563543
0.11 0 0.37 0.18654304479988532
0.11 0 0.38 0.17324268823501263
0.11 0 0.39 0.15760825019475624
0.11 0 0.4 0.16005602735039434
0.11 0 0.41000000000000003 0.1349090979013698
0.11 0 0.42 0.09519096959824637
0.11 0 0.43 0.08864968065434845
0.11 0 0.44 0.08139611156693989
0.11 0 0.45 0.07612120048574364
0.11 0 0.46 0.08957168356442374
0.11 0 0.47000000000000003 0.10018348955758932
0.11 0 0.48 0.11706811641723174
0.11 0 0.49 0.1299902023133016
0.11 0 0.5 0.11758188251810615
0.12 0 0.0 0.4288968411078595
0.12 0 0.01 0.4943835676103683
0.12 0 0.02 0.5277470050764068
0.12 0 0.03 0.4853018725489937
0.12 0 0.04 0.4742193857518943
0.12 0 0.05 0.34658880416936266
0.12 0 0.06 0.3219988488546064
0.12 0 0.07 0.2520024781807792
0.12 0 0.08 0.19428007757535298
0.12 0 0.09 0.19530297363949958
0.12 0 0.1 0.20005404627202247
0.12 0 0.11 0.16286999072384295
0.12 0 0.12 0.13479043660171675
0.12 0 0.13 0.099953440650447
0.12 0 0.14 0.07306966946772846
0.12 0 0.15 0.06917280664611672
0.12 0 0.16 0.05596707751332463
0.12 0 0.17 0.056710674272647275
0.12 0 0.18 0.06172922760161627
0.12 0 0.19 0.05678176196377708
0.12 0 0.2 0.04389445621875023
0.12 0 0.21 0.04430182108199474
0.12 0 0.22 0.04517884190635802
0.12 0 0.23 0.06690221503572905
0.12 0 0.24 0.09161652780648849
0.12 0 0.25 0.11257994837071134
0.12 0 0.26 0.13849625370901172
0.12 0 0.27 0.16506882372235887
0.12 0 0.28 0.16621590272914605
0.12 0 0.29 0.20075479719819278
0.12 0 0.3 0.24539160472147994
0.12 0 0.31 0.2690875525157371
0.12 0 0.32 0.2627330484430532
0.12 0 0.33 0.1943378912442801
0.12 0 0.34 0.16795688782262663
0.12 0 0.35000000000000003 0.17459440478089291
0.12 0 0.36 0.18342342836187406
0.12 0 0.37 0.17378053811882332
0.12 0 0.38 0.16894148612450563
0.12 0 0.39 0.1355167198491188
0.12 0 0.4 0.12082685151507339
0.12 0 0.41000000000000003 0.09631556422797803
0.12 0 0.42 0.08645821077686483
0.12 0 0.43 0.09173325960761958
0.12 0 0.44 0.09784329321475377
0.12 0 0.45 0.09679225153569582
0.12 0 0.46 0.12001185335354447
0.12 0 0.47000000000000003 0.15512616733437842
0.12 0 0.48 0.20801393830755255
0.12 0 0.49 0.23375035175157785
0.12 0 0.5 0.18529928508053478
0.13 0 0.0 0.40163286309627405
0.13 0 0.01 0.532773507074014
0.13 0 0.02 0.6687270827159123
0.13 0 0.03 0.5680099339673913
0.13 0 0.04 0.5513691273653808
0.13 0 0.05 0.44441020617279287
0.13 0 0.06 0.4950455622494064
0.13 0 0.07 0.5020980943756969
0.13 0 0.08 0.5423906160809082
0.13 0 0.09 0.5243628394890186
0.13 0 0.1 0.4582816468169945
0.13 0 0.11 0.30374908250009874
0.13 0 0.12 0.25459336718847797
0.13 0 0.13 0.25092992041673884
0.13 0 0.14 0.27691646476077186
0.13 0 0.15 0.30924071638902456
0.13 0 0.16 0.2533660973111425
0.13 0 0.17 0.233783088900945
0.13 0 0.18 0.2231093616218403
0.13 0 0.19 0.22275930583069498
0.13 0 0.2 0.21207304875260463
0.13 0 0.21 0.2528501987750006
0.13 0 0.22 0.22670358977230068
0.13 0 0.23 0.24724568888953288
0.13 0 0.24 0.21195505220269273
0.13 0 0.25 0.2085730249966831
0.13 0 0.26 0.22031052074843085
0.13 0 0.27 0.2195799579812144
0.13 0 0.28 0.14995848498202427
0.13 0 0.29 0.1260242504250054
0.13 0 0.3 0.10306842887163595
0.13 0 0.31 0.10135253062350277
0.13 0 0.32 0.12106297141540963
0.13 0 0.33 0.12399910175103845
0.13 0 0.34 0.13460671626916057
0.13 0 0.35000000000000003 0.13450741007226275
0.13 0 0.36 0.1008622916669944
0.13 0 0.37 0.06880720282801132
0.13 0 0.38 0.06400499189654811
0.13 0 0.39 0.04788489302749807
0.13 0 0.4 0.04565580017941033
0.13 0 0.41000000000000003 0.03620523659622073
0.13 0 0.42 0.03045051295841432
0.13 0 0.43 0.029180223594539825
0.13 0 0.44 0.03309505166609744
0.13 0 0.45 0.03050737043369482
0.13 0 0.46 0.041700958316784636
0.13 0 0.47000000000000003 0.05012897388416716
0.13 0 0.48 0.05202888895904426
0.13 0 0.49 0.04983947372082078
0.13 0 0.5 0.04271201503177499
0.14 0 0.0 0.22112296932720232
0.14 0 0.01 0.2581424762683761
0.14 0 0.02 0.27093536622057757
0.14 0 0.03 0.2578435928024981
0.14 0 0.04 0.326975565735354
0.14 0 0.05 0.3104747365502159
0.14 0 0.06 0.3347526417711875
0.14 0 0.07 0.31417582599202076
0.14 0 0.08 0.30080703367338646
0.14 0 0.09 0.31750950741837713
0.14 0 0.1 0.375187747402517
0.14 0 0.11 0.31446133513277913
0.14 0 0.12 0.3418524642738523
0.14 0 0.13 0.3525395614992786
0.14 0 0.14 0.32024672010063987
0.14 0 0.15 0.30517780306564535
0.14 0 0.16 0.267955917520271
0.14 0 0.17 0.24643610030585122
0.14 0 0.18 0.26011816383210007
0.14 0 0.19 0.23477413886204598
0.14 0 0.2 0.17357125559882325
0.14 0 0.21 0.1706296446785314
0.14 0 0.22 0.13169782708258715
0.14 0 0.23 0.12060666779060515
0.14 0 0.24 0.11280086699917315
0.14 0 0.25 0.12040746263463893
0.14 0 0.26 0.12212048953481706
0.14 0 0.27 0.13581923677635607
0.14 0 0.28 0.10653913050041532
0.14 0 0.29 0.12171271316767912
0.14 0 0.3 0.15637777295498778
0.14 0 0.31 0.205174090342132
0.14 0 0.32 0.2412288244874206
0.14 0 0.33 0.23622642349242984
0.14 0 0.34 0.18500342492222427
0.14 0 0.35000000000000003 0.14581820619190944
0.14 0 0.36 0.11373010871756772
0.14 0 0.37 0.09863847538028968
0.14 0 0.38 0.12614618289833063
0.14 0 0.39 0.13217347736249913
0.14 0 0.4 0.1369001401507146
0.14 0 0.41000000000000003 0.11854955020427914
0.14 0 0.42 0.11911124557547177
0.14 0 0.43 0.11534003708931324
0.14 0 0.44 0.12157410349686827
0.14 0 0.45 0.08771051147600105
0.14 0 0.46 0.07719773752818963
0.14 0 0.47000000000000003 0.05724687596120303
0.14 0 0.48 0.04682839308233918
0.14 0 0.49 0.040555222546484734
0.14 0 0.5 0.04075116105641789
0.15 0 0.0 0.23122761798546182
0.15 0 0.01 0.2674512944051449
0.15 0 0.02 0.314385097254812
0.15 0 0.03 0.33233649545429905
0.15 0 0.04 0.38840375663229815
0.15 0 0.05 0.36818487570397207
0.15 0 0.06 0.3234402332179178
0.15 0 0.07 0.3245417533898187
0.15 0 0.08 0.3800687371022408
0.15 0 0.09 0.4616767981292697
0.15 0 0.1 0.5039996624589831
0.15 0 0.11 0.3765992419040376
0.15 0 0.12 0.29934560999204757
0.15 0 0.13 0.2615604146755699
0.15 0 0.14 0.2458557002342678
0.15 0 0.15 0.2671209401284944
0.15 0 0.16 0.30473821420252895
0.15 0 0.17 0.32572677955957885
0.15 0 0.18 0.3324684344086903
0.15 0 0.19 0.2813766546620084
0.15 0 0.2 0.24128645509469795
0.15 0 0.21 0.2577511734005234
0.15 0 0.22 0.22839698074294312
0.15 0 0.23 0.19560828740891906
0.15 0 0.24 0.1633011696221967
0.15 0 0.25 0.1477728619777048
0.15 0 0.26 0.15003881802634908
0.15 0 0.27 0.16152163826499744
0.15 0 0.28 0.1352043383185755
0.15 0 0.29 0.14037057904897315
0.15 0 0.3 0.13148946232064915
0.15 0 0.31 0.11682524118324675
0.15 0 0.32 0.11917245581700667
0.15 0 0.33 0.13563506069257045
0.15 0 0.34 0.15209371386357146
0.15 0 0.35000000000000003 0.18952985343673767
0.15 0 0.36 0.19008313482668923
0.15 0 0.37 0.2002553450087759
0.15 0 0.38 0.27350044101017296
0.15 0 0.39 0.28574507945016064
0.15 0 0.4 0.2726704767686466
0.15 0 0.41000000000000003 0.23750667914369017
0.15 0 0.42 0.17917359607481487
0.15 0 0.43 0.12849719155928296
0.15 0 0.44 0.10532967176023554
0.15 0 0.45 0.07203780374150123
0.15 0 0.46 0.07640785215353768
0.15 0 0.47000000000000003 0.08045650306254952
0.15 0 0.48 0.0761634103583826
0.15 0 0.49 0.07262068021651365
0.15 0 0.5 0.07293891946022767
0.16 0 0.0 0.27536980529025606
0.16 0 0.01 0.2759911322485811
0.16 0 0.02 0.2556383612099337
0.16 0 0.03 0.24582366791765367
0.16 0 0.04 0.28085492635798687
0.16 0 0.05 0.2464771415066773
0.16 0 0.06 0.16515571382648528
0.16 0 0.07 0.13114395999360068
0.16 0 0.08 0.10222230240931864
0.16 0 0.09 0.1082839678722774
0.16 0 0.1 0.12880177521216365
0.16 0 0.11 0.14083733335951054
0.16 0 0.12 0.1636461856593123
0.16 0 0.13 0.20958917507888564
0.16 0 0.14 0.19831305742084007
0.16 0 0.15 0.2325436322992532
0.16 0 0.16 0.2898421469425833
0.16 0 0.17 0.3169333776482724
0.16 0 0.18 0.32510840068293534
0.16 0 0.19 0.2720382648428107
0.16 0 0.2 0.20195322167739732
0.16 0 0.21 0.2017426307437043
0.16 0 0.22 0.19496875002553363
0.16 0 0.23 0.1785047236993073
0.16 0 0.24 0.2122050304277564
0.16 0 0.25 0.23016676007978323
0.16 0 0.26 0.2307883375028986
0.16 0 0.27 0.2211361534459019
0.16 0 0.28 0.18079928757106936
0.16 0 0.29 0.16108252332927162
0.16 0 0.3 0.17362347722065513
0.16 0 0.31 0.15895091838422598
0.16 0 0.32 0.17206503098758136
0.16 0 0.33 0.20502357319786405
0.16 0 0.34 0.20332216111689147
0.16 0 0.35000000000000003 0.1791375363698135
0.16 0 0.36 0.14301426508635365
0.16 0 0.37 0.10892718299236155
0.16 0 0.38 0.10225400817449513
0.16 0 0.39 0.08755986746801275
0.16 0 0.4 0.06696997227824208
0.16 0 0.41000000000000003 0.05934269756049985
0.16 0 0.42 0.05385441488725702
0.16 0 0.43 0.05032067538209598
0.16 0 0.44 0.05311664743641565
0.16 0 0.45 0.056108811116888986
0.16 0 0.46 0.06563413832481672
0.16 0 0.47000000000000003 0.07390106511853416
0.16 0 0.48 0.06910028708856072
0.16 0 0.49 0.07185665656321759
0.16 0 0.5 0.08494159808535424
0.17 0 0.0 0.8782138236629526
0.17 0 0.01 0.7828046501827282
0.17 0 0.02 0.8182484758218618
0.17 0 0.03 0.7635844018543861
0.17 0 0.04 0.7639400874669566
0.17 0 0.05 0.6265550124744933
0.17 0 0.06 0.39156362109475035
0.17 0 0.07 0.3291935935990075
0.17 0 0.08 0.3138436994891558
0.17 0 0.09 0.3602641431623833
0.17 0 0.1 0.40160914098350325
0.17 0 0.11 0.44180355960871653
0.17 0 0.12 0.37864910452276435
0.17 0 0.13 0.3539884523749942
0.17 0 0.14 0.23937404064698092
0.17 0 0.15 0.21551284938226675
0.17 0 0.16 0.21374667590638707
0.17 0 0.17 0.23286063991316083
0.17 0 0.18 0.2244183296116463
0.17 0 0.19 0.23580977772084638
0.17 0 0.2 0.24407586750622462
0.17 0 0.21 0.3186174149589812
0.17 0 0.22 0.3542774401199124
0.17 0 0.23 0.3309595694941917
0.17 0 0.24 0.31808283106939383
0.17 0 0.25 0.25493196900443377
0.17 0 0.26 0.2046549935021018
0.17 0 0.27 0.16679907962167598
0.17 0 0.28 0.15247782845392038
0.17 0 0.29 0.14718712452724406
0.17 0 0.3 0.1627212386306467
0.17 0 0.31 0.13487163289673462
0.17 0 0.32 0.15658898053791004
0.17 0 0.33 0.18749637975984204
0.17 0 0.34 0.22115001474624485
0.17 0 0.35000000000000003 0.22374919817458813
0.17 0 0.36 0.2156387056300055
0.17 0 0.37 0.18289464205292397
0.17 0 0.38 0.21587890461916354
0.17 0 0.39 0.23801785833634068
0.17 0 0.4 0.28497079896674615
0.17 0 0.41000000000000003 0.4128617014092236
0.17 0 0.42 0.4655695141232366
0.17 0 0.43 0.4287327312660906
0.17 0 0.44 0.3961658999548528
0.17 0 0.45 0.36701667974558017
0.17 0 0.46 0.38321141492356653
0.17 0 0.47000000000000003 0.46802015269098435
0.17 0 0.48 0.39649404611922484
0.17 0 0.49 0.40284840250728643
0.17 0 0.5 0.4002404814649564
0.18 0 0.0 2.7987769964484874
0.18 0 0.01 2.6763594864053366
0.18 0 0.02 2.5054631929422313
0.18 0 0.03 2.010605794063531
0.18 0 0.04 2.243028520607577
0.18 0 0.05 2.3933917570241277
0.18 0 0.06 2.3979540489658033
0.18 0 0.07 2.7303513926676124
0.18 0 0.08 2.4302325985224598
0.18 0 0.09 1.8879859107514474
0.18 0 0.1 1.5579938444634205
0.18 0 0.11 1.45195624227781
0.18 0 0.12 1.2956610164648523
0.18 0 0.13 1.3450048847027265
0.18 0 0.14 0.8593646590185631
0.18 0 0.15 0.724727404088931
0.18 0 0.16 0.7191251439040407
0.18 0 0.17 0.8505545901518826
0.18 0 0.18 1.006591668863767
0.18 0 0.19 1.4063621556547725
0.18 0 0.2 1.2499464719134725
0.18 0 0.21 1.1069942281379161
0.18 0 0.22 0.7158638948507222
0.18 0 0.23 0.4383691602242041
0.18 0 0.24 0.37876381171258455
0.18 0 0.25 0.36067775669531443
0.18 0 0.26 0.3013250289839798
0.18 0 0.27 0.26771973168704927
0.18 0 0.28 0.23498778840607415
0.18 0 0.29 0.18134023136901872
0.18 0 0.3 0.18506547483204377
0.18 0 0.31 0.15424212610063126
0.18 0 0.32 0.1745213175162314
0.18 0 0.33 0.20510450740034866
0.18 0 0.34 0.21764452627821146
0.18 0 0.35000000000000003 0.17452070395682756
0.18 0 0.36 0.18260978022287666
0.18 0 0.37 0.15979458758603565
0.18 0 0.38 0.18764459744595668
0.18 0 0.39 0.1988748662039145
0.18 0 0.4 0.20292344924075637
0.18 0 0.41000000000000003 0.20181901356750143
0.18 0 0.42 0.18340045550104386
0.18 0 0.43 0.13416661796036974
0.18 0 0.44 0.12369488067771738
0.18 0 0.45 0.1435465898600367
0.18 0 0.46 0.17034788435958112
0.18 0 0.47000000000000003 0.22331646971395883
0.18 0 0.48 0.22172060602454474
0.18 0 0.49 0.25843026620398
0.18 0 0.5 0.3022150117326437
0.19 0 0.0 6.865953455578544
0.19 0 0.01 5.045505547362428
0.19 0 0.02 4.947101719415524
0.19 0 0.03 4.544025666032102
0.19 0 0.04 4.940051296379821
0.19 0 0.05 5.107780594246661
0.19 0 0.06 4.361227574559157
0.19 0 0.07 3.679809940069081
0.19 0 0.08 2.984714224219481
0.19 0 0.09 2.0511758947763035
0.19 0 0.1 1.760270737394107
0.19 0 0.11 1.9315638975300333
0.19 0 0.12 1.943626331162184
0.19 0 0.13 2.0468454370233204
0.19 0 0.14 1.6854278825929425
0.19 0 0.15 1.5664334893571388
0.19 0 0.16 1.6230143696993704
0.19 0 0.17 1.7090758080994986
0.19 0 0.18 1.4350760395808941
0.19 0 0.19 1.3180904864546952
0.19 0 0.2 0.8897289871784385
0.19 0 0.21 0.6358277208320946
0.19 0 0.22 0.4401526820601212
0.19 0 0.23 0.37612339405348966
0.19 0 0.24 0.3957437044858855
0.19 0 0.25 0.4300645839683195
0.19 0 0.26 0.37396694925587715
0.19 0 0.27 0.35364098019693085
0.19 0 0.28 0.34877236414564905
0.19 0 0.29 0.3294835707889322
0.19 0 0.3 0.32833301196452
0.19 0 0.31 0.26221815266060905
0.19 0 0.32 0.24945133933286517
0.19 0 0.33 0.24660039947952606
0.19 0 0.34 0.2518391499660875
0.19 0 0.35000000000000003 0.2525529834116633
0.19 0 0.36 0.32169260645940295
0.19 0 0.37 0.2978393665375046
0.19 0 0.38 0.3052417291589548
0.19 0 0.39 0.2620759160794387
0.19 0 0.4 0.2680049581634305
0.19 0 0.41000000000000003 0.3283945065066004
0.19 0 0.42 0.38752332780892323
0.19 0 0.43 0.3150371037207704
0.19 0 0.44 0.2810024976866885
0.19 0 0.45 0.22599097194486317
0.19 0 0.46 0.18918086126044095
0.19 0 0.47000000000000003 0.20794568974938124
0.19 0 0.48 0.21456140766828
0.19 0 0.49 0.25520875112080876
0.19 0 0.5 0.2797482146573138
0.2 0 0.0 1.6038616900507452
0.2 0 0.01 1.5659830965687154
0.2 0 0.02 1.796430855550251
0.2 0 0.03 1.9790590466751872
0.2 0 0.04 2.145322362382003
0.2 0 0.05 2.3036768132883574
0.2 0 0.06 2.208984082563119
0.2 0 0.07 2.406605849374123
0.2 0 0.08 2.2822254401880984
0.2 0 0.09 1.7364164043663832
0.2 0 0.1 1.5864853670676706
0.2 0 0.11 1.5897271120793566
0.2 0 0.12 1.4891168370109156
0.2 0 0.13 1.4724811892170173
0.2 0 0.14 1.2041137918224478
0.2 0 0.15 0.9719422353140932
0.2 0 0.16 0.9229007369193033
0.2 0 0.17 0.7851535606300472
0.2 0 0.18 0.7522138504682871
0.2 0 0.19 0.9848618709203038
0.2 0 0.2 1.103453171868291
0.2 0 0.21 1.188018705650834
0.2 0 0.22 1.266241155078947
0.2 0 0.23 1.2139414849141374
0.2 0 0.24 1.3632840622259141
0.2 0 0.25 1.5215203823421435
0.2 0 0.26 1.2914947518234488
0.2 0 0.27 1.277004835538463
0.2 0 0.28 1.2414135264686998
0.2 0 0.29 0.9392397284755702
0.2 0 0.3 0.7576387693432748
0.2 0 0.31 0.5869778649223926
0.2 0 0.32 0.48515190833538846
0.2 0 0.33 0.5100316862941451
0.2 0 0.34 0.5135829877163178
0.2 0 0.35000000000000003 0.4977038216387906
0.2 0 0.36 0.5999425267478179
0.2 0 0.37 0.5323148693833293
0.2 0 0.38 0.4198135735231615
0.2 0 0.39 0.3513119249289947
0.2 0 0.4 0.3142507791827367
0.2 0 0.41000000000000003 0.3084166411200063
0.2 0 0.42 0.3112711330121465
0.2 0 0.43 0.22808265348331233
0.2 0 0.44 0.19175743391475197
0.2 0 0.45 0.18109191827879723
0.2 0 0.46 0.1773554917978239
0.2 0 0.47000000000000003 0.22182086780112248
0.2 0 0.48 0.30973697749662477
0.2 0 0.49 0.3900796064729915
0.2 0 0.5 0.42257338106371284
0.21 0 0.0 2.6223591523920167
0.21 0 0.01 1.9617620767522734
0.21 0 0.02 1.8477309815416603
0.21 0 0.03 1.8537646975315631
0.21 0 0.04 1.3979553963260978
0.21 0 0.05 1.253825728463887
0.21 0 0.06 0.9036786563150528
0.21 0 0.07 0.7857308652667583
0.21 0 0.08 0.7097654341908174
0.21 0 0.09 0.625708065557904
0.21 0 0.1 0.6054010071499363
0.21 0 0.11 0.713843849126811
0.21 0 0.12 0.6573555096252276
0.21 0 0.13 0.6331174855481208
0.21 0 0.14 0.6584567751382822
0.21 0 0.15 0.6488303292950599
0.21 0 0.16 0.7134795421717549
0.21 0 0.17 0.6790214716704831
0.21 0 0.18 0.6433668144064567
0.21 0 0.19 0.6787539617442837
0.21 0 0.2 0.7082017969118881
0.21 0 0.21 0.5974810284870952
0.21 0 0.22 0.615579109719955
0.21 0 0.23 0.5946885725324338
0.21 0 0.24 0.6604406741482092
0.21 0 0.25 0.668348968498013
0.21 0 0.26 0.645572591494923
0.21 0 0.27 0.6556046739844152
0.21 0 0.28 0.7495850088438412
0.21 0 0.29 0.698776854239685
0.21 0 0.3 0.6909470080998258
0.21 0 0.31 0.6722693120884147
0.21 0 0.32 0.6465268995598281
0.21 0 0.33 0.6608797136248004
0.21 0 0.34 0.6225588019073983
0.21 0 0.35000000000000003 0.648889751872032
0.21 0 0.36 0.7406741018053286
0.21 0 0.37 0.6665637919810647
0.21 0 0.38 0.4636000781762884
0.21 0 0.39 0.34874421403366085
0.21 0 0.4 0.26039979296210103
0.21 0 0.41000000000000003 0.26860220322966577
0.21 0 0.42 0.2976757015041909
0.21 0 0.43 0.3193784028019074
0.21 0 0.44 0.3553480822952403
0.21 0 0.45 0.3513965383191664
0.21 0 0.46 0.2546116136661233
0.21 0 0.47000000000000003 0.22611811765582338
0.21 0 0.48 0.2178011558469264
0.21 0 0.49 0.2149404904579857
0.21 0 0.5 0.21765651997561133
0.22 0 0.0 1.3655064136872748
0.22 0 0.01 1.3912306512777146
0.22 0 0.02 1.6765555115212163
0.22 0 0.03 2.0756607328991605
0.22 0 0.04 1.8478657244661443
0.22 0 0.05 2.0389798914216786
0.22 0 0.06 1.9059222553887412
0.22 0 0.07 2.260245524478958
0.22 0 0.08 2.178573781526822
0.22 0 0.09 1.9143567380703648
0.22 0 0.1 1.473729633409964
0.22 0 0.11 1.2788452814054134
0.22 0 0.12 0.858934192172953
0.22 0 0.13 0.7540504621723194
0.22 0 0.14 0.6678861713790263
0.22 0 0.15 0.5158800357916952
0.22 0 0.16 0.37432601061407816
0.22 0 0.17 0.23166190922527516
0.22 0 0.18 0.17467823039030647
0.22 0 0.19 0.19707067325809888
0.22 0 0.2 0.24934459199896675
0.22 0 0.21 0.25450660822915305
0.22 0 0.22 0.31226288491012755
0.22 0 0.23 0.2660358768624508
0.22 0 0.24 0.2595097576825509
0.22 0 0.25 0.2503528080663946
0.22 0 0.26 0.270419922517128
0.22 0 0.27 0.29795280601834956
0.22 0 0.28 0.37967364880579746
0.22 0 0.29 0.30226011317018686
0.22 0 0.3 0.309938529361603
0.22 0 0.31 0.3649209464870659
0.22 0 0.32 0.4467113196130175
0.22 0 0.33 0.567779471701882
0.22 0 0.34 0.6235560524372294
0.22 0 0.35000000000000003 0.550201324439867
0.22 0 0.36 0.5265022164936612
0.22 0 0.37 0.4656548154628885
0.22 0 0.38 0.3615887828165934
0.22 0 0.39 0.4275856502705867
0.22 0 0.4 0.4494971624879761
0.22 0 0.41000000000000003 0.49036734471570376
0.22 0 0.42 0.4931586302260311
0.22 0 0.43 0.49847123121053466
0.22 0 0.44 0.4494516771026801
0.22 0 0.45 0.46872310988577404
0.22 0 0.46 0.3180022422007528
0.22 0 0.47000000000000003 0.2618712194884617
0.22 0 0.48 0.24220068670852438
0.22 0 0.49 0.24754197021900118
0.22 0 0.5 0.2782694325497726
0.23 0 0.0 0.883976648318782
0.23 0 0.01 0.7890284261670952
0.23 0 0.02 0.8198080663212047
0.23 0 0.03 0.8768631075933406
0.23 0 0.04 0.7292034720654876
0.23 0 0.05 0.8379392629205626
0.23 0 0.06 0.7956834319538514
0.23 0 0.07 0.7169192473796718
0.23 0 0.08 0.6079744331828435
0.23 0 0.09 0.574900270744324
0.23 0 0.1 0.5294201266463276
0.23 0 0.11 0.6790889412954485
0.23 0 0.12 0.6124976014516915
0.23 0 0.13 0.5967037513540001
0.23 0 0.14 0.574037621797697
0.23 0 0.15 0.48006013720367097
0.23 0 0.16 0.37711054873507954
0.23 0 0.17 0.3633987065215653
0.23 0 0.18 0.37995502403018927
0.23 0 0.19 0.4778625365678166
0.23 0 0.2 0.561016656460364
0.23 0 0.21 0.45643773107471625
0.23 0 0.22 0.4261960637055457
0.23 0 0.23 0.35486324817336024
0.23 0 0.24 0.32745811586789303
0.23 0 0.25 0.3194685948560677
0.23 0 0.26 0.3915942701281897
0.23 0 0.27 0.41909604863782896
0.23 0 0.28 0.5217907530602975
0.23 0 0.29 0.4672389964555219
0.23 0 0.3 0.5469889748413277
0.23 0 0.31 0.6759394319393466
0.23 0 0.32 0.8194330039984503
0.23 0 0.33 0.7772594028008031
0.23 0 0.34 0.7228269839699349
0.23 0 0.35000000000000003 0.6361707084786957
0.23 0 0.36 0.722657491991032
0.23 0 0.37 0.8734596787580162
0.23 0 0.38 1.0322728178690475
0.23 0 0.39 1.3839055585962283
0.23 0 0.4 1.3156389663690589
0.23 0 0.41000000000000003 1.0908923213262722
0.23 0 0.42 0.8209322774389005
0.23 0 0.43 0.7356699444090251
0.23 0 0.44 0.6381576886069371
0.23 0 0.45 0.6127404070861062
0.23 0 0.46 0.373102979207403
0.23 0 0.47000000000000003 0.30805269643819927
0.23 0 0.48 0.274834438032961
0.23 0 0.49 0.30491536200953884
0.23 0 0.5 0.36191032450796257
0.24 0 0.0 0.7345724146015931
0.24 0 0.01 0.529724887730084
0.24 0 0.02 0.44987988080821534
0.24 0 0.03 0.42930406334700255
0.24 0 0.04 0.4195004512055696
0.24 0 0.05 0.5284837251422912
0.24 0 0.06 0.6316074438060298
0.24 0 0.07 0.6749066978110136
0.24 0 0.08 0.7101853794051867
0.24 0 0.09 0.7804717892946239
0.24 0 0.1 0.8318134332283585
0.24 0 0.11 0.931827663652567
0.24 0 0.12 0.7912609810106751
0.24 0 0.13 0.7746797218386451
0.24 0 0.14 0.8324053235440587
0.24 0 0.15 0.814190088409885
0.24 0 0.16 0.7533405744860155
0.24 0 0.17 0.7304647435402654
0.24 0 0.18 0.6505135926147341
0.24 0 0.19 0.6884837819659039
0.24 0 0.2 0.7082272436488438
0.24 0 0.21 0.7005810615209498
0.24 0 0.22 0.9139124653981395
0.24 0 0.23 1.0593165310444985
0.24 0 0.24 1.1313453796186386
0.24 0 0.25 1.410794423341389
0.24 0 0.26 2.0117159048695887
0.24 0 0.27 2.798465034765711
0.24 0 0.28 4.210302615593071
0.24 0 0.29 3.874614216902675
0.24 0 0.3 3.570192567490541
0.24 0 0.31 3.2485822520594723
0.24 0 0.32 2.6961341273620394
0.24 0 0.33 2.404753830768815
0.24 0 0.34 2.9383000869857505
0.24 0 0.35000000000000003 3.070479039491477
0.24 0 0.36 3.45028041169273
0.24 0 0.37 3.213050041298469
0.24 0 0.38 2.496958831171822
0.24 0 0.39 2.4404104036826646
0.24 0 0.4 2.303624586153768
0.24 0 0.41000000000000003 1.908026338077508
0.24 0 0.42 1.838096556147121
0.24 0 0.43 1.9373635635524027
0.24 0 0.44 1.7547136561958967
0.24 0 0.45 1.938327696216876
0.24 0 0.46 1.699087937306113
0.24 0 0.47000000000000003 1.7951675042024335
0.24 0 0.48 1.9651066225422236
0.24 0 0.49 1.8423974377033423
0.24 0 0.5 1.3504682953084557
0.25 0 0.0 0.8812241340365143
0.25 0 0.01 0.8149460113077279
0.25 0 0.02 0.8002197472590193
0.25 0 0.03 0.9518990962798314
0.25 0 0.04 1.1572175122231192
0.25 0 0.05 1.8771047288485272
0.25 0 0.06 2.7886462962950698
0.25 0 0.07 2.583912651530843
0.25 0 0.08 2.4226561908798345
0.25 0 0.09 2.2309572769656443
0.25 0 0.1 2.0880106538711174
0.25 0 0.11 2.2846543536207555
0.25 0 0.12 2.4351333840721145
0.25 0 0.13 2.374844550539219
0.25 0 0.14 2.775613972158749
0.25 0 0.15 2.4211756153224364
0.25 0 0.16 2.0070902265747477
0.25 0 0.17 1.9910893597688637
0.25 0 0.18 1.955379946307474
0.25 0 0.19 1.9246916126406703
0.25 0 0.2 2.1505704013807807
0.25 0 0.21 2.2182023040202368
0.25 0 0.22 2.641071062831196
0.25 0 0.23 2.959466251329812
0.25 0 0.24 2.439917397570572
0.25 0 0.25 2.1306061596986425
0.25 0 0.26 2.0323647008680705
0.25 0 0.27 1.829091035214953
0.25 0 0.28 1.7391089373656365
0.25 0 0.29 1.5948167570482066
0.25 0 0.3 1.454377513787723
0.25 0 0.31 1.5461236313178444
0.25 0 0.32 1.5150194537043309
0.25 0 0.33 1.600369775689047
0.25 0 0.34 2.0942318861999056
0.25 0 0.35000000000000003 2.56121815595969
0.25 0 0.36 2.7079129957822277
0.25 0 0.37 2.5510315850171996
0.25 0 0.38 2.1598423295498193
0.25 0 0.39 2.0760510226612907
0.25 0 0.4 1.95933498164156
0.25 0 0.41000000000000003 1.7134663520558189
0.25 0 0.42 1.785597025005454
0.25 0 0.43 1.980229367679085
0.25 0 0.44 1.998418164187827
0.25 0 0.45 2.001481490933608
0.25 0 0.46 1.7485772454509678
0.25 0 0.47000000000000003 1.658077714457893
0.25 0 0.48 1.724113009577222
0.25 0 0.49 1.6488467485204423
0.25 0 0.5 1.7533913458270356
0.26 0 0.0 1.7439501163492026
0.26 0 0.01 2.207340167129636
0.26 0 0.02 2.1104288795597754
0.26 0 0.03 2.1444976706551913
0.26 0 0.04 1.9168833185255922
0.26 0 0.05 2.025976764101305
0.26 0 0.06 2.1726610806976723
0.26 0 0.07 2.0858155295852714
0.26 0 0.08 2.3848109385396823
0.26 0 0.09 2.890766527568493
0.26 0 0.1 3.3736005021119344
0.26 0 0.11 3.51213287722229
0.26 0 0.12 3.8399732200320313
0.26 0 0.13 3.979774875297805
0.26 0 0.14 5.492413066054217
0.26 0 0.15 5.8074648409196525
0.26 0 0.16 6.710275332181951
0.26 0 0.17 7.127734723697254
0.26 0 0.18 7.106276553295449
0.26 0 0.19 6.086733261863546
0.26 0 0.2 6.599049598036469
0.26 0 0.21 6.98411829157506
0.26 0 0.22 9.345439697019655
0.26 0 0.23 9.718229882365774
0.26 0 0.24 7.185526413791528
0.26 0 0.25 5.811445437576296
0.26 0 0.26 5.42208070017224
0.26 0 0.27 5.784592135429747
0.26 0 0.28 7.686463921818667
0.26 0 0.29 9.84606553279259
0.26 0 0.3 9.119350331047807
0.26 0 0.31 7.864217989449676
0.26 0 0.32 4.320063253735092
0.26 0 0.33 2.8869491772351266
0.26 0 0.34 2.6007924204787622
0.26 0 0.35000000000000003 2.474977382734057
0.26 0 0.36 1.9427244382932005
0.26 0 0.37 1.6566752529551803
0.26 0 0.38 1.1064782075899995
0.26 0 0.39 0.9996243375953073
0.26 0 0.4 1.009706267472571
0.26 0 0.41000000000000003 1.0167141946059166
0.26 0 0.42 1.2438419977702015
0.26 0 0.43 1.5238601304222958
0.26 0 0.44 1.362706506148632
0.26 0 0.45 1.325157244240935
0.26 0 0.46 1.4199843408261381
0.26 0 0.47000000000000003 1.4715977010273233
0.26 0 0.48 1.8397521010761095
0.26 0 0.49 1.7815630267181082
0.26 0 0.5 1.727724477020012
0.27 0 0.0 1.206322871999802
0.27 0 0.01 1.2819588366237684
0.27 0 0.02 0.9592082916018992
0.27 0 0.03 0.923434066823855
0.27 0 0.04 0.8327100177917164
0.27 0 0.05 1.1609193382944873
0.27 0 0.06 1.8487911931220427
0.27 0 0.07 2.5032944409608464
0.27 0 0.08 3.265777989088823
0.27 0 0.09 3.9122421546552544
0.27 0 0.1 3.387057362760637
0.27 0 0.11 3.0884940278894923
0.27 0 0.12 3.5719388707466178
0.27 0 0.13 3.688319035507919
0.27 0 0.14 4.864705031783508
0.27 0 0.15 4.667794624774121
0.27 0 0.16 4.5448803653072405
0.27 0 0.17 4.745882908813383
0.27 0 0.18 5.30653741308996
0.27 0 0.19 4.303480836344214
0.27 0 0.2 4.77306368396779
0.27 0 0.21 4.235338586675852
0.27 0 0.22 4.263771680794896
0.27 0 0.23 4.036521152230069
0.27 0 0.24 3.644616408597917
0.27 0 0.25 3.439981944998094
0.27 0 0.26 3.877281345682128
0.27 0 0.27 3.442241886697312
0.27 0 0.28 3.1656655835218106
0.27 0 0.29 3.3850214704164463
0.27 0 0.3 3.129053405374006
0.27 0 0.31 3.2284410270949393
0.27 0 0.32 2.7580542993380868
0.27 0 0.33 2.5985016814254993
0.27 0 0.34 2.6177540544516296
0.27 0 0.35000000000000003 2.9545628668631885
0.27 0 0.36 2.574065951981038
0.27 0 0.37 3.0209605511844524
0.27 0 0.38 2.877833487901676
0.27 0 0.39 2.8850543607479757
0.27 0 0.4 2.235905264593104
0.27 0 0.41000000000000003 1.6946264903933526
0.27 0 0.42 1.3196656547516221
0.27 0 0.43 1.2963669750131508
0.27 0 0.44 1.1414983427066336
0.27 0 0.45 1.167729213569526
0.27 0 0.46 1.1751141774833218
0.27 0 0.47000000000000003 0.959818661712935
0.27 0 0.48 0.7506531126561808
0.27 0 0.49 0.5252889879830199
0.27 0 0.5 0.5163646425251948
0.28 0 0.0 3.3204519277977846
0.28 0 0.01 3.832910228095966
0.28 0 0.02 3.5169593201127465
0.28 0 0.03 4.246285175932148
0.28 0 0.04 4.786374575266058
0.28 0 0.05 5.3101081651026565
0.28 0 0.06 5.046919113747292
0.28 0 0.07 4.39481149020271
0.28 0 0.08 3.8100088718753327
0.28 0 0.09 3.961538747901954
0.28 0 0.1 3.6899278382798633
0.28 0 0.11 3.748780327484351
0.28 0 0.12 4.365912473470919
0.28 0 0.13 4.512923998520462
0.28 0 0.14 4.804060810098276
0.28 0 0.15 4.528336068530515
0.28 0 0.16 4.809102032797354
0.28 0 0.17 5.357438328986832
0.28 0 0.18 5.602448223946984
0.28 0 0.19 4.24745226486369
0.28 0 0.2 4.064371115538105
0.28 0 0.21 3.6170767461497904
0.28 0 0.22 4.204253672138603
0.28 0 0.23 4.810113359950577
0.28 0 0.24 5.338459868328019
0.28 0 0.25 5.14576955007277
0.28 0 0.26 4.651129169250605
0.28 0 0.27 3.0518672741317383
0.28 0 0.28 2.658362312387265
0.28 0 0.29 3.000846568542585
0.28 0 0.3 3.345413279815642
0.28 0 0.31 3.748918669203002
0.28 0 0.32 3.1024052263827553
0.28 0 0.33 2.4181109561407115
0.28 0 0.34 2.174008125008967
0.28 0 0.35000000000000003 2.143250098296205
0.28 0 0.36 1.8966288354520828
0.28 0 0.37 2.3665927868596115
0.28 0 0.38 2.044341774624867
0.28 0 0.39 1.7045665167851816
0.28 0 0.4 1.288061505129557
0.28 0 0.41000000000000003 1.097904801993434
0.28 0 0.42 1.0468764321203692
0.28 0 0.43 1.2718948856517704
0.28 0 0.44 1.0157536214627603
0.28 0 0.45 0.9248078720515154
0.28 0 0.46 0.8750415209164207
0.28 0 0.47000000000000003 0.7503821433441841
0.28 0 0.48 0.7360729874832527
0.28 0 0.49 0.7673786976466065
0.28 0 0.5 0.799194159949979
0.29 0 0.0 1.7888170952135007
0.29 0 0.01 1.9525550618311922
0.29 0 0.02 1.7359060365631316
0.29 0 0.03 1.7563187191366434
0.29 0 0.04 1.666330132874004
0.29 0 0.05 1.522972682201435
0.29 0 0.06 1.667168688793515
0.29 0 0.07 1.7299245743971086
0.29 0 0.08 1.8704229557700722
0.29 0 0.09 2.083439384226852
0.29 0 0.1 1.72855941577203
0.29 0 0.11 1.6098980390605178
0.29 0 0.12 1.9858562461780451
0.29 0 0.13 2.1293233575175936
0.29 0 0.14 2.233876420619313
0.29 0 0.15 2.151320850173224
0.29 0 0.16 1.7726977155294616
0.29 0 0.17 1.7476003995165106
0.29 0 0.18 1.8378818825165733
0.29 0 0.19 1.7523827401283425
0.29 0 0.2 2.2436829119097643
0.29 0 0.21 2.588415201153356
0.29 0 0.22 2.4184044829021754
0.29 0 0.23 2.4194339657820674
0.29 0 0.24 2.557426601614788
0.29 0 0.25 2.802971951786916
0.29 0 0.26 3.596613639547578
0.29 0 0.27 3.504072572965239
0.29 0 0.28 3.4493110211183255
0.29 0 0.29 4.046450384981757
0.29 0 0.3 4.187109054253644
0.29 0 0.31 4.243039747155057
0.29 0 0.32 4.541099301080218
0.29 0 0.33 4.210530442729551
0.29 0 0.34 3.726705288938099
0.29 0 0.35000000000000003 3.0847846517788375
0.29 0 0.36 2.1883515883444864
0.29 0 0.37 2.065688966027334
0.29 0 0.38 1.9149934081365834
0.29 0 0.39 1.5962205318624507
0.29 0 0.4 1.29348641506121
0.29 0 0.41000000000000003 1.1221006097211768
0.29 0 0.42 0.9276513730168106
0.29 0 0.43 0.908189281384128
0.29 0 0.44 0.7977163950535147
0.29 0 0.45 0.8678314292998254
0.29 0 0.46 1.04197143671341
0.29 0 0.47000000000000003 1.0759416280203595
0.29 0 0.48 0.9379840755524574
0.29 0 0.49 0.796192138751084
0.29 0 0.5 0.6417211705799186
0.3 0 0.0 2.6248169713398006
0.3 0 0.01 3.221034471767526
0.3 0 0.02 3.477109722070306
0.3 0 0.03 3.906937739164673
0.3 0 0.04 4.992029915673579
0.3 0 0.05 4.732901982884832
0.3 0 0.06 5.414618905714013
0.3 0 0.07 5.954357494841767
0.3 0 0.08 6.809935212785795
0.3 0 0.09 6.891856084679041
0.3 0 0.1 6.300740998751035
0.3 0 0.11 5.26798454032882
0.3 0 0.12 5.823371227800283
0.3 0 0.13 5.796375096933846
0.3 0 0.14 5.842768989632016
0.3 0 0.15 6.179584110112752
0.3 0 0.16 6.1247079410917165
0.3 0 0.17 6.018340251204917
0.3 0 0.18 5.5043347099246756
0.3 0 0.19 5.027801630006854
0.3 0 0.2 5.443747285556565
0.3 0 0.21 6.289688279312638
0.3 0 0.22 5.930611298984095
0.3 0 0.23 6.3729538332152655
0.3 0 0.24 6.268554300827024
0.3 0 0.25 6.367523015591239
0.3 0 0.26 5.78528303660875
0.3 0 0.27 4.680296793284702
0.3 0 0.28 3.9070002883082378
0.3 0 0.29 4.079573228705558
0.3 0 0.3 3.4714028595747286
0.3 0 0.31 3.069084794149081
0.3 0 0.32 2.685564277178691
0.3 0 0.33 2.1204327339447677
0.3 0 0.34 1.769866616369902
0.3 0 0.35000000000000003 1.4565918083762033
0.3 0 0.36 1.1846854272777145
0.3 0 0.37 1.2006953886287652
0.3 0 0.38 1.0761331013923532
0.3 0 0.39 0.7503444064203705
0.3 0 0.4 0.6615236299733859
0.3 0 0.41000000000000003 0.6358130663577367
0.3 0 0.42 0.7259459176099184
0.3 0 0.43 0.9373434978274263
0.3 0 0.44 1.0136302457382842
0.3 0 0.45 1.0285317153382978
0.3 0 0.46 1.1820545453063416
0.3 0 0.47000000000000003 1.0621234376292512
0.3 0 0.48 1.107944852325748
0.3 0 0.49 1.410366716222759
0.3 0 0.5 1.5411710502364213
#STOP
