#MEDIUM_PROPERTIES_DISTRIBUTED
$MSH_TYPE
	 GROUNDWATER_FLOW	
$MMP_TYPE
	 PERMEABILITY	
$DIS_TYPE
	 NEAREST_VALUE	
;hj
$CONVERSION_FACTOR
2e-8;2e-6;2e-13
$DATA
0.0 0 0.0 0.28192831272889834
0.0 0 0.01 1.117815842112183
0.0 0 0.02 1.1766737525362323
0.0 0 0.03 3.7790659759312386
0.0 0 0.04 4.199988368685426
0.0 0 0.05 10.869822593332112
0.0 0 0.06 6.644490719032377
0.0 0 0.07 2.458425986293914
0.0 0 0.08 0.9219510049827628
0.0 0 0.09 0.9093051825276204
0.0 0 0.1 0.5604850807991932
0.0 0 0.11 0.7760272593414671
0.0 0 0.12 0.38742213798508474
0.0 0 0.13 0.7363910979598381
0.0 0 0.14 10.739327643192578
0.0 0 0.15 9.411194236344624
0.0 0 0.16 2.3092612953954945
0.0 0 0.17 0.466697064660527
0.0 0 0.18 0.7952167778693042
0.0 0 0.19 0.18180851489607247
0.0 0 0.2 0.05847258447508537
0.0 0 0.21 0.010914654127729878
0.0 0 0.22 0.007194442437156934
0.0 0 0.23 0.015201581432226493
0.0 0 0.24 0.0042192248853013155
0.0 0 0.25 0.002214679844514901
0.0 0 0.26 0.013148391181209501
0.0 0 0.27 0.007095433818896456
0.0 0 0.28 0.00540952269926737
0.0 0 0.29 0.004778714545118638
0.0 0 0.3 0.0007845098892143982
0.0 0 0.31 0.0011838900066492813
0.0 0 0.32 0.004194627441711915
0.0 0 0.33 0.009138289729032379
0.0 0 0.34 0.005297662994261075
0.0 0 0.35000000000000003 0.004054756767570448
0.0 0 0.36 0.007011458274246375
0.0 0 0.37 0.003879113020188386
0.0 0 0.38 0.005133397753090447
0.0 0 0.39 0.0074895149430287316
0.0 0 0.4 0.007764354269326286
0.0 0 0.41000000000000003 0.014965991536223494
0.0 0 0.42 0.03753123206875265
0.0 0 0.43 0.018589933311013107
0.0 0 0.44 0.003099648787926562
0.0 0 0.45 0.0019707338735218917
0.0 0 0.46 0.009724508464452306
0.0 0 0.47000000000000003 0.008049905173431451
0.0 0 0.48 0.0038569408314512864
0.0 0 0.49 0.037523963591867326
0.0 0 0.5 0.19332810478113285
0.01 0 0.0 0.12104266869818753
0.01 0 0.01 0.22738350528837906
0.01 0 0.02 1.140973407939959
0.01 0 0.03 1.0391761701603808
0.01 0 0.04 4.987935537381802
0.01 0 0.05 8.776598600140561
0.01 0 0.06 5.069525050816915
0.01 0 0.07 15.335448077165356
0.01 0 0.08 12.85815222830253
0.01 0 0.09 6.836277057932767
0.01 0 0.1 2.211665219729552
0.01 0 0.11 4.765081534179918
0.01 0 0.12 2.9737357614300515
0.01 0 0.13 7.724929696008392
0.01 0 0.14 3.3071582578080907
0.01 0 0.15 1.849672615521304
0.01 0 0.16 2.2834973909845506
0.01 0 0.17 0.647697887560831
0.01 0 0.18 0.11513043697527131
0.01 0 0.19 0.056217193527966336
0.01 0 0.2 0.0687566100745007
0.01 0 0.21 0.1649633046468646
0.01 0 0.22 0.08152414231923936
0.01 0 0.23 0.01771584307324104
0.01 0 0.24 0.01871584429078729
0.01 0 0.25 0.0016109344874028183
0.01 0 0.26 0.005172988913381647
0.01 0 0.27 0.009536868803797437
0.01 0 0.28 0.005766421204928858
0.01 0 0.29 0.019378191225506637
0.01 0 0.3 0.008263956900733428
0.01 0 0.31 0.006743791929631947
0.01 0 0.32 0.0044840522606663675
0.01 0 0.33 0.004742764073879544
0.01 0 0.34 0.002313863088523162
0.01 0 0.35000000000000003 0.002491381850760778
0.01 0 0.36 0.004787367079426498
0.01 0 0.37 0.002261256359486614
0.01 0 0.38 0.0008484328538738641
0.01 0 0.39 0.004785018291815972
0.01 0 0.4 0.01342916513332187
0.01 0 0.41000000000000003 0.06332558249326112
0.01 0 0.42 0.07125056110355538
0.01 0 0.43 0.012337788179440878
0.01 0 0.44 0.011740386418074176
0.01 0 0.45 0.007379951073938097
0.01 0 0.46 0.019443523652442174
0.01 0 0.47000000000000003 0.008497032782501218
0.01 0 0.48 0.012389741399535312
0.01 0 0.49 0.011448872104547822
0.01 0 0.5 0.005059471902626025
0.02 0 0.0 0.016621422383131895
0.02 0 0.01 0.09289261103277756
0.02 0 0.02 0.20174206951684204
0.02 0 0.03 0.8734775540678437
0.02 0 0.04 0.5527463632545111
0.02 0 0.05 0.6237780827884627
0.02 0 0.06 2.871201822824919
0.02 0 0.07 3.7578430625619417
0.02 0 0.08 3.433949566761454
0.02 0 0.09 5.347138959780556
0.02 0 0.1 14.089762315990379
0.02 0 0.11 3.5469789989630205
0.02 0 0.12 2.951692938505632
0.02 0 0.13 1.7246636309739531
0.02 0 0.14 3.069399265588381
0.02 0 0.15 4.787533575987218
0.02 0 0.16 0.8732923657751596
0.02 0 0.17 0.4026259220174973
0.02 0 0.18 0.10371681094653105
0.02 0 0.19 0.02198620226376762
0.02 0 0.2 0.06588333945633736
0.02 0 0.21 0.07057069118587994
0.02 0 0.22 0.016407918494082976
0.02 0 0.23 0.035318551853057954
0.02 0 0.24 0.021854917798604594
0.02 0 0.25 0.009565435481706297
0.02 0 0.26 0.026405667012044876
0.02 0 0.27 0.020332884595178992
0.02 0 0.28 0.0055297609106555795
0.02 0 0.29 0.0056501728691607704
0.02 0 0.3 0.024149924694663386
0.02 0 0.31 0.010510176378279735
0.02 0 0.32 0.00457199380116396
0.02 0 0.33 0.0015451842807668627
0.02 0 0.34 0.0011199891633676985
0.02 0 0.35000000000000003 0.0073830348751837685
0.02 0 0.36 0.0020739044084193527
0.02 0 0.37 0.0019046113950472292
0.02 0 0.38 0.0023945408754373824
0.02 0 0.39 0.0011989481556405352
0.02 0 0.4 0.002819821472432559
0.02 0 0.41000000000000003 0.019725663186068963
0.02 0 0.42 0.00931079505603496
0.02 0 0.43 0.033974771326473745
0.02 0 0.44 0.07446453222649478
0.02 0 0.45 0.05462690803337914
0.02 0 0.46 0.022677360293391523
0.02 0 0.47000000000000003 0.005055475356864475
0.02 0 0.48 0.007056777477404165
0.02 0 0.49 0.020399269506207376
0.02 0 0.5 0.011206714298437184
0.03 0 0.0 0.029719451853077148
0.03 0 0.01 0.15665089600853097
0.03 0 0.02 0.2776440228001826
0.03 0 0.03 0.49894402561230244
0.03 0 0.04 0.31971249301734944
0.03 0 0.05 0.23708883763781263
0.03 0 0.06 0.31617079079676647
0.03 0 0.07 1.2666782609173013
0.03 0 0.08 1.6114043651908894
0.03 0 0.09 4.9007919740920025
0.03 0 0.1 2.1875952017926332
0.03 0 0.11 1.0631485109167642
0.03 0 0.12 0.9182025143237466
0.03 0 0.13 1.4903193427110133
0.03 0 0.14 3.8569179603853083
0.03 0 0.15 1.712721674626633
0.03 0 0.16 2.6198206921529885
0.03 0 0.17 1.4239225020787452
0.03 0 0.18 0.644319762154484
0.03 0 0.19 0.03720204921088449
0.03 0 0.2 0.02902899365967111
0.03 0 0.21 0.00911698599789202
0.03 0 0.22 0.004213147402628363
0.03 0 0.23 0.013845818110580874
0.03 0 0.24 0.007313924984135865
0.03 0 0.25 0.007830608161694773
0.03 0 0.26 0.006760211822297733
0.03 0 0.27 0.003334369051777617
0.03 0 0.28 0.009287660279202583
0.03 0 0.29 0.006057983128979974
0.03 0 0.3 0.003300534380191509
0.03 0 0.31 0.02970338811404757
0.03 0 0.32 0.017018321149917307
0.03 0 0.33 0.012522080236100304
0.03 0 0.34 0.0050296526209730776
0.03 0 0.35000000000000003 0.001444771610196501
0.03 0 0.36 0.010874353890304481
0.03 0 0.37 0.01857550680974342
0.03 0 0.38 0.02581994682058179
0.03 0 0.39 0.01457710248777987
0.03 0 0.4 0.05655834296141821
0.03 0 0.41000000000000003 0.0718967368572628
0.03 0 0.42 0.043418450117883714
0.03 0 0.43 0.06167405528825734
0.03 0 0.44 0.017641548319542875
0.03 0 0.45 0.013460339052548953
0.03 0 0.46 0.00527599025118783
0.03 0 0.47000000000000003 0.0010924546550323611
0.03 0 0.48 0.010451022856940231
0.03 0 0.49 0.009228986930244158
0.03 0 0.5 0.0020728270919583426
0.04 0 0.0 0.47274290882324294
0.04 0 0.01 0.31290378158306675
0.04 0 0.02 0.6675621178236399
0.04 0 0.03 0.34100321773651315
0.04 0 0.04 0.16250874320656933
0.04 0 0.05 0.34343876837343307
0.04 0 0.06 0.23759012765629547
0.04 0 0.07 0.2149730963088737
0.04 0 0.08 0.1845161683187788
0.04 0 0.09 0.36991390440659827
0.04 0 0.1 0.5853505000860396
0.04 0 0.11 2.9139261227162883
0.04 0 0.12 2.3037201869762227
0.04 0 0.13 1.6282362647045825
0.04 0 0.14 4.355927521776857
0.04 0 0.15 3.1135615642484895
0.04 0 0.16 1.0506543371590356
0.04 0 0.17 1.0670124295287964
0.04 0 0.18 0.19013380896185644
0.04 0 0.19 0.05870795063815245
0.04 0 0.2 0.050799217054561016
0.04 0 0.21 0.022371386969175105
0.04 0 0.22 0.03523551709869509
0.04 0 0.23 0.013541234323373483
0.04 0 0.24 0.010424368537085919
0.04 0 0.25 0.010221945504525256
0.04 0 0.26 0.008011026834534536
0.04 0 0.27 0.0032915902252621146
0.04 0 0.28 0.0020943660287284374
0.04 0 0.29 0.004472340375713695
0.04 0 0.3 0.001826182963397029
0.04 0 0.31 0.003557735245645304
0.04 0 0.32 0.00757204617670381
0.04 0 0.33 0.008615098002934224
0.04 0 0.34 0.00245443641216631
0.04 0 0.35000000000000003 0.004829869516454842
0.04 0 0.36 0.008467793739702517
0.04 0 0.37 0.022571476042210964
0.04 0 0.38 0.006597023764755637
0.04 0 0.39 0.00684970077388914
0.04 0 0.4 0.007016321329334412
0.04 0 0.41000000000000003 0.0015665104344232033
0.04 0 0.42 0.0077550376808291225
0.04 0 0.43 0.006661468144175312
0.04 0 0.44 0.0037953338606596253
0.04 0 0.45 0.0027147209767184833
0.04 0 0.46 0.007181685524971783
0.04 0 0.47000000000000003 0.004349295962507019
0.04 0 0.48 0.007230698627785437
0.04 0 0.49 0.005465469687680585
0.04 0 0.5 0.006285281511441412
0.05 0 0.0 0.5251816957313183
0.05 0 0.01 1.9902769402206537
0.05 0 0.02 1.3190828066736828
0.05 0 0.03 0.24880090011092013
0.05 0 0.04 0.4200262585290223
0.05 0 0.05 1.7371538774501947
0.05 0 0.06 2.744574152555004
0.05 0 0.07 1.1452612623795546
0.05 0 0.08 3.2761018982051144
0.05 0 0.09 1.429702069129309
0.05 0 0.1 1.0662181831938597
0.05 0 0.11 1.0366940452836253
0.05 0 0.12 0.302689742450411
0.05 0 0.13 0.2781116704627766
0.05 0 0.14 0.8808726048134847
0.05 0 0.15 0.4204442744457104
0.05 0 0.16 0.8481020417100221
0.05 0 0.17 1.5844717643325372
0.05 0 0.18 0.7213404383515537
0.05 0 0.19 0.44261659308259255
0.05 0 0.2 0.07702134523434714
0.05 0 0.21 0.004055784250839924
0.05 0 0.22 0.004063584410658842
0.05 0 0.23 0.011670969531895971
0.05 0 0.24 0.031213961944487067
0.05 0 0.25 0.2844616112198031
0.05 0 0.26 0.11646085580214238
0.05 0 0.27 0.0682661305385573
0.05 0 0.28 0.29311892642108583
0.05 0 0.29 0.2542717347597024
0.05 0 0.3 0.2542631842382641
0.05 0 0.31 0.052501384190940144
0.05 0 0.32 0.02788267863615535
0.05 0 0.33 0.018511725649602982
0.05 0 0.34 0.004572478174688959
0.05 0 0.35000000000000003 0.012438965375855978
0.05 0 0.36 0.013115379103645746
0.05 0 0.37 0.0033256956623431426
0.05 0 0.38 0.000436600592279444
0.05 0 0.39 0.0008657610791764329
0.05 0 0.4 0.005335281189221365
0.05 0 0.41000000000000003 0.006109250060665851
0.05 0 0.42 0.01971242367219176
0.05 0 0.43 0.05895789188159491
0.05 0 0.44 0.003800916852588108
0.05 0 0.45 0.0034496004560425476
0.05 0 0.46 0.0019809191052088614
0.05 0 0.47000000000000003 0.0012595668947252047
0.05 0 0.48 0.004085502056411776
0.05 0 0.49 0.002117859482196452
0.05 0 0.5 0.005944973881468216
0.06 0 0.0 1.337367487648271
0.06 0 0.01 2.1806061075877263
0.06 0 0.02 0.569448779077587
0.06 0 0.03 1.054056350893843
0.06 0 0.04 0.9842321433732276
0.06 0 0.05 1.5848040678169744
0.06 0 0.06 4.106815693404935
0.06 0 0.07 4.503833338286034
0.06 0 0.08 2.8076948804920554
0.06 0 0.09 5.066402809472798
0.06 0 0.1 3.702475223450741
0.06 0 0.11 3.219558664300536
0.06 0 0.12 1.4840938767702871
0.06 0 0.13 0.09455250321089927
0.06 0 0.14 0.09545845498147242
0.06 0 0.15 0.27514845180496694
0.06 0 0.16 3.321793693906863
0.06 0 0.17 3.0130981580599334
0.06 0 0.18 0.525792590243146
0.06 0 0.19 0.08463892526890636
0.06 0 0.2 0.08002914090209985
0.06 0 0.21 0.07877487790142013
0.06 0 0.22 0.0399789139511763
0.06 0 0.23 0.16544501887495047
0.06 0 0.24 0.27923490944095025
0.06 0 0.25 0.2398354191580399
0.06 0 0.26 0.318078482481568
0.06 0 0.27 0.24339709848841243
0.06 0 0.28 0.12582615245351286
0.06 0 0.29 0.1633191581612708
0.06 0 0.3 0.0717980571027732
0.06 0 0.31 0.09448106014919283
0.06 0 0.32 0.028846979230021892
0.06 0 0.33 0.0040819095038664615
0.06 0 0.34 0.002664384578050282
0.06 0 0.35000000000000003 0.0018452724611711117
0.06 0 0.36 0.004058924020583382
0.06 0 0.37 0.002526421448421517
0.06 0 0.38 0.0030264927515161032
0.06 0 0.39 0.002837982437555499
0.06 0 0.4 0.011690535959967097
0.06 0 0.41000000000000003 0.02647857338535022
0.06 0 0.42 0.04022835593321574
0.06 0 0.43 0.019398505143764334
0.06 0 0.44 0.016581307005757766
0.06 0 0.45 0.006333936681997797
0.06 0 0.46 0.00300037371270792
0.06 0 0.47000000000000003 0.003690619595977474
0.06 0 0.48 0.004126651412195751
0.06 0 0.49 0.011313411179536466
0.06 0 0.5 0.013978648506662139
0.07 0 0.0 0.4368229311761263
0.07 0 0.01 0.09075657542532253
0.07 0 0.02 0.11657494919573155
0.07 0 0.03 0.22684157638206867
0.07 0 0.04 0.23087876000384025
0.07 0 0.05 0.6211683948645105
0.07 0 0.06 0.367278042054003
0.07 0 0.07 0.18757229474615775
0.07 0 0.08 0.7156452111260496
0.07 0 0.09 3.7594626498434764
0.07 0 0.1 9.771568915836301
0.07 0 0.11 16.07112569941711
0.07 0 0.12 2.2635225192522315
0.07 0 0.13 2.009843919519566
0.07 0 0.14 1.5254144048145009
0.07 0 0.15 0.9112341440503767
0.07 0 0.16 7.318417487365764
0.07 0 0.17 12.480932070754015
0.07 0 0.18 4.83462789929161
0.07 0 0.19 1.6671176555713918
0.07 0 0.2 0.6053700266636304
0.07 0 0.21 0.15762265474322734
0.07 0 0.22 0.3043501983521149
0.07 0 0.23 0.38953690817319586
0.07 0 0.24 0.17757369811022783
0.07 0 0.25 0.12444103254420666
0.07 0 0.26 0.15046906194142814
0.07 0 0.27 0.6765459369350353
0.07 0 0.28 0.3376931411127204
0.07 0 0.29 0.11298893182415805
0.07 0 0.3 0.07164953281581556
0.07 0 0.31 0.34961812819336036
0.07 0 0.32 0.054895858498514194
0.07 0 0.33 0.008305189613304245
0.07 0 0.34 0.008591133960889794
0.07 0 0.35000000000000003 0.0038879502974083196
0.07 0 0.36 0.0018278345001195755
0.07 0 0.37 0.008145823009163684
0.07 0 0.38 0.0033738002223809484
0.07 0 0.39 0.006140374395462743
0.07 0 0.4 0.02272728082643141
0.07 0 0.41000000000000003 0.029076289339364233
0.07 0 0.42 0.25209370241633683
0.07 0 0.43 0.019705215454209737
0.07 0 0.44 0.0060562005258570405
0.07 0 0.45 0.0076302246581119205
0.07 0 0.46 0.00571434045493177
0.07 0 0.47000000000000003 0.01561696263192733
0.07 0 0.48 0.033598860105978255
0.07 0 0.49 0.007370377654202531
0.07 0 0.5 0.006942462166798146
0.08 0 0.0 0.013130944709660933
0.08 0 0.01 0.04463344856847701
0.08 0 0.02 0.030508350338033667
0.08 0 0.03 0.046643471299951424
0.08 0 0.04 0.05349949662267766
0.08 0 0.05 0.09182989794862913
0.08 0 0.06 0.33595581408444825
0.08 0 0.07 0.5362522660927684
0.08 0 0.08 5.281336256808414
0.08 0 0.09 4.202172935751115
0.08 0 0.1 29.927969078681777
0.08 0 0.11 32.28338861857594
0.08 0 0.12 11.708768252668357
0.08 0 0.13 11.967607988618447
0.08 0 0.14 4.0033134927372584
0.08 0 0.15 3.7740753808602703
0.08 0 0.16 20.431412977424486
0.08 0 0.17 20.793792599057994
0.08 0 0.18 8.570943625274765
0.08 0 0.19 5.6336383081740395
0.08 0 0.2 1.0108640624142482
0.08 0 0.21 0.23638608334312908
0.08 0 0.22 0.13882552094486103
0.08 0 0.23 0.07442984519772422
0.08 0 0.24 0.049819403012259025
0.08 0 0.25 0.046682694210915684
0.08 0 0.26 0.048786712574175675
0.08 0 0.27 0.13271302159489534
0.08 0 0.28 0.1921852448868159
0.08 0 0.29 0.015315409829523901
0.08 0 0.3 0.013612942232773165
0.08 0 0.31 0.018247133947918288
0.08 0 0.32 0.04008136344606171
0.08 0 0.33 0.0912901320799048
0.08 0 0.34 0.00659785833393654
0.08 0 0.35000000000000003 0.002355521851849223
0.08 0 0.36 0.0033935945415496573
0.08 0 0.37 0.0011748681352207677
0.08 0 0.38 0.002274830882611052
0.08 0 0.39 0.014131152414814736
0.08 0 0.4 0.024727691644810833
0.08 0 0.41000000000000003 0.10715484969092871
0.08 0 0.42 0.049425696395795526
0.08 0 0.43 0.001886378873797693
0.08 0 0.44 0.001653758742201811
0.08 0 0.45 0.0056038918900910735
0.08 0 0.46 0.0019423835000423391
0.08 0 0.47000000000000003 0.0030844012533221346
0.08 0 0.48 0.006891237453925193
0.08 0 0.49 0.0024838052015133095
0.08 0 0.5 0.0039039831360287236
0.09 0 0.0 0.0057430005465454025
0.09 0 0.01 0.033852081889859144
0.09 0 0.02 0.031243661024984153
0.09 0 0.03 0.013644703901976807
0.09 0 0.04 0.033417194588116275
0.09 0 0.05 0.1444818157622469
0.09 0 0.06 0.17118429181575864
0.09 0 0.07 3.889583264542901
0.09 0 0.08 6.140014780184161
0.09 0 0.09 1.175629722166795
0.09 0 0.1 8.411345557010113
0.09 0 0.11 11.20877805194576
0.09 0 0.12 6.261715774663247
0.09 0 0.13 10.636273472575446
0.09 0 0.14 13.113258393046822
0.09 0 0.15 10.798829994378654
0.09 0 0.16 16.232140421672245
0.09 0 0.17 1.3960758073699382
0.09 0 0.18 1.4831361341437537
0.09 0 0.19 6.60455694371793
0.09 0 0.2 2.563998657450373
0.09 0 0.21 0.679938877811896
0.09 0 0.22 0.26972493418929266
0.09 0 0.23 0.32397424381990725
0.09 0 0.24 0.103682994139673
0.09 0 0.25 0.38120690898033205
0.09 0 0.26 0.24593646393688165
0.09 0 0.27 0.17045208399943748
0.09 0 0.28 0.11027317464908407
0.09 0 0.29 0.03300592468634096
0.09 0 0.3 0.009142185359022916
0.09 0 0.31 0.00354689607361256
0.09 0 0.32 0.0030414624700885228
0.09 0 0.33 0.003646032986347308
0.09 0 0.34 0.0034043757269167545
0.09 0 0.35000000000000003 0.001928188833483354
0.09 0 0.36 0.006759816838577358
0.09 0 0.37 0.0014299179950230344
0.09 0 0.38 0.017676457072556755
0.09 0 0.39 0.32866705257435763
0.09 0 0.4 0.07246709448042926
0.09 0 0.41000000000000003 0.017193363693061518
0.09 0 0.42 0.023539977742557693
0.09 0 0.43 0.009166555755243997
0.09 0 0.44 0.0022745328026760173
0.09 0 0.45 0.00035576868389940923
0.09 0 0.46 0.00047972011361019514
0.09 0 0.47000000000000003 0.0020645974614398547
0.09 0 0.48 0.002308827862116199
0.09 0 0.49 0.00465417182655185
0.09 0 0.5 0.006091142133914206
0.1 0 0.0 0.010202218200906332
0.1 0 0.01 0.038074248065932376
0.1 0 0.02 0.05709288102609618
0.1 0 0.03 0.011263750611410979
0.1 0 0.04 0.025370153981666907
0.1 0 0.05 0.08523206234239701
0.1 0 0.06 0.09925269442407487
0.1 0 0.07 0.6914432204223119
0.1 0 0.08 0.920943919339604
0.1 0 0.09 1.0748336560089147
0.1 0 0.1 3.689062324743595
0.1 0 0.11 1.2613192681832328
0.1 0 0.12 3.492733402610584
0.1 0 0.13 18.10257047663193
0.1 0 0.14 6.434245451556699
0.1 0 0.15 3.8016059034012484
0.1 0 0.16 2.0014242275173655
0.1 0 0.17 2.8323463897399446
0.1 0 0.18 8.645988040830236
0.1 0 0.19 2.50837312291932
0.1 0 0.2 0.5267250891940929
0.1 0 0.21 0.21872071244859678
0.1 0 0.22 0.20341698179284073
0.1 0 0.23 0.0852512194273721
0.1 0 0.24 0.0786574727754903
0.1 0 0.25 0.09027914947807068
0.1 0 0.26 0.10661716214734329
0.1 0 0.27 0.2954106795826263
0.1 0 0.28 0.05693206538471708
0.1 0 0.29 0.08550818058348036
0.1 0 0.3 0.03305652706502737
0.1 0 0.31 0.010001440880260068
0.1 0 0.32 0.02304602720040342
0.1 0 0.33 0.041575791637237264
0.1 0 0.34 0.008217834913315137
0.1 0 0.35000000000000003 0.028019365378524955
0.1 0 0.36 0.07061420082029503
0.1 0 0.37 0.055632352269225686
0.1 0 0.38 0.07619340817868657
0.1 0 0.39 0.043359212046810924
0.1 0 0.4 0.03226449315784409
0.1 0 0.41000000000000003 0.017316222887523942
0.1 0 0.42 0.022735714088958782
0.1 0 0.43 0.005800840511184719
0.1 0 0.44 0.003989011675950908
0.1 0 0.45 0.002214240001753356
0.1 0 0.46 0.0016926152580451347
0.1 0 0.47000000000000003 0.002007141269570747
0.1 0 0.48 0.001823635978190801
0.1 0 0.49 0.018661278271098307
0.1 0 0.5 0.03877422032189525
0.11 0 0.0 0.02321637820795584
0.11 0 0.01 0.013017005687767837
0.11 0 0.02 0.013160236579966126
0.11 0 0.03 0.01937499339619514
0.11 0 0.04 0.009708281377724953
0.11 0 0.05 0.001987348426969842
0.11 0 0.06 0.00501051136343453
0.11 0 0.07 0.02959550753199738
0.11 0 0.08 0.27571575410540883
0.11 0 0.09 0.1151260292201401
0.11 0 0.1 0.1036662822898602
0.11 0 0.11 0.23123201600737428
0.11 0 0.12 0.9292619117018251
0.11 0 0.13 2.011641559153852
0.11 0 0.14 2.3906364781728553
0.11 0 0.15 1.7447242077268286
0.11 0 0.16 1.3077920624573158
0.11 0 0.17 3.7865225773088413
0.11 0 0.18 2.307449702675166
0.11 0 0.19 2.3095403232329574
0.11 0 0.2 1.22928439945496
0.11 0 0.21 0.049587918718031476
0.11 0 0.22 0.009554543801351604
0.11 0 0.23 0.02349991260106046
0.11 0 0.24 0.04261490095601731
0.11 0 0.25 0.07676523221025906
0.11 0 0.26 0.09242187301824313
0.11 0 0.27 0.11100881529825266
0.11 0 0.28 0.07644941657526927
0.11 0 0.29 0.01615113634691818
0.11 0 0.3 0.07835181418684929
0.11 0 0.31 0.05800241121961991
0.11 0 0.32 0.04184584909160536
0.11 0 0.33 0.01571630907034476
0.11 0 0.34 0.01776259795845457
0.11 0 0.35000000000000003 0.27486261403641216
0.11 0 0.36 0.8870717229229813
0.11 0 0.37 0.9143133480109085
0.11 0 0.38 0.4392823111182476
0.11 0 0.39 0.14430608630484207
0.11 0 0.4 0.17619860058454573
0.11 0 0.41000000000000003 0.21008336689217744
0.11 0 0.42 0.08796069403029162
0.11 0 0.43 0.09857462654353566
0.11 0 0.44 0.0800371931388067
0.11 0 0.45 0.0735834229106257
0.11 0 0.46 0.04902046920537275
0.11 0 0.47000000000000003 0.016618131106090398
0.11 0 0.48 0.060983749682719884
0.11 0 0.49 0.11807411024177114
0.11 0 0.5 0.08080427388958776
0.12 0 0.0 0.0096894279739182
0.12 0 0.01 0.03641286426137331
0.12 0 0.02 0.01832265724829034
0.12 0 0.03 0.004882598995214912
0.12 0 0.04 0.01265248835190502
0.12 0 0.05 0.011623057026066867
0.12 0 0.06 0.03966003058269054
0.12 0 0.07 0.10456003958635421
0.12 0 0.08 0.026230069003735288
0.12 0 0.09 0.09195903673317697
0.12 0 0.1 0.5445899257893588
0.12 0 0.11 0.2761889254090022
0.12 0 0.12 1.062664180805726
0.12 0 0.13 2.08278703966463
0.12 0 0.14 2.9638695569865026
0.12 0 0.15 2.032576137064607
0.12 0 0.16 2.0838325613043405
0.12 0 0.17 5.341415758931598
0.12 0 0.18 4.575857659904779
0.12 0 0.19 2.3444795423632723
0.12 0 0.2 0.19545002899946862
0.12 0 0.21 0.07377716987852417
0.12 0 0.22 0.011716629916929774
0.12 0 0.23 0.01009450004478795
0.12 0 0.24 0.02236401663668433
0.12 0 0.25 0.032494325986789446
0.12 0 0.26 0.0807937648644931
0.12 0 0.27 0.44428209630232285
0.12 0 0.28 0.10924009276416252
0.12 0 0.29 0.20941108181416676
0.12 0 0.3 0.3580844304084673
0.12 0 0.31 0.03477809218209055
0.12 0 0.32 0.009749811425376724
0.12 0 0.33 0.01005503882765792
0.12 0 0.34 0.04972671269102601
0.12 0 0.35000000000000003 0.056557730839336955
0.12 0 0.36 0.08338141459459547
0.12 0 0.37 0.024620240490659136
0.12 0 0.38 0.148252111502144
0.12 0 0.39 0.20381164852379366
0.12 0 0.4 0.10137010822257869
0.12 0 0.41000000000000003 0.6499087775099736
0.12 0 0.42 0.44809010051857545
0.12 0 0.43 0.0551093090665175
0.12 0 0.44 0.13065385696470863
0.12 0 0.45 0.12294818913957914
0.12 0 0.46 0.012314911008365511
0.12 0 0.47000000000000003 0.0214149428132211
0.12 0 0.48 0.027637736403758693
0.12 0 0.49 0.07080869741193054
0.12 0 0.5 0.11166544716918148
0.13 0 0.0 0.04658758484840411
0.13 0 0.01 0.03933296735404069
0.13 0 0.02 0.011359129399544992
0.13 0 0.03 0.006058849816701656
0.13 0 0.04 0.015033455885841106
0.13 0 0.05 0.04453884417609613
0.13 0 0.06 0.06344446389225328
0.13 0 0.07 0.13168392703091608
0.13 0 0.08 0.06859202010138156
0.13 0 0.09 0.13047636792455794
0.13 0 0.1 1.0937190886633066
0.13 0 0.11 1.3709003233930939
0.13 0 0.12 1.9180839249278803
0.13 0 0.13 1.4345432226310393
0.13 0 0.14 1.4243407883159724
0.13 0 0.15 3.757283243043077
0.13 0 0.16 2.595052565931225
0.13 0 0.17 0.5632960822117881
0.13 0 0.18 0.47990620970314163
0.13 0 0.19 0.7049554623150046
0.13 0 0.2 0.7744146727253679
0.13 0 0.21 0.4456378401388884
0.13 0 0.22 0.2744105721694221
0.13 0 0.23 0.370835253568019
0.13 0 0.24 0.929452355553797
0.13 0 0.25 0.5412089751345672
0.13 0 0.26 0.3709643665709821
0.13 0 0.27 0.6166534016724053
0.13 0 0.28 0.14178016694859083
0.13 0 0.29 0.6010058997188297
0.13 0 0.3 0.2326299285058298
0.13 0 0.31 0.049288362361254036
0.13 0 0.32 0.13930816677988844
0.13 0 0.33 0.04282523822623931
0.13 0 0.34 0.035018585887734835
0.13 0 0.35000000000000003 0.12141033487246437
0.13 0 0.36 0.04272497056488146
0.13 0 0.37 0.039206459919170066
0.13 0 0.38 0.04045643804899699
0.13 0 0.39 0.07525856317477853
0.13 0 0.4 0.7651272041115541
0.13 0 0.41000000000000003 1.700774709799893
0.13 0 0.42 1.2814676778047154
0.13 0 0.43 0.2392254593197302
0.13 0 0.44 0.18999979168681427
0.13 0 0.45 0.09042855870369623
0.13 0 0.46 0.03986070045039656
0.13 0 0.47000000000000003 0.09225928393006629
0.13 0 0.48 0.10231230787094842
0.13 0 0.49 0.44130552367059567
0.13 0 0.5 0.08756051535472875
0.14 0 0.0 0.008579770313425298
0.14 0 0.01 0.10087152949301263
0.14 0 0.02 0.05394612497017226
0.14 0 0.03 0.13923222366720553
0.14 0 0.04 0.8174505460391484
0.14 0 0.05 0.1501048942493631
0.14 0 0.06 0.6977001420076938
0.14 0 0.07 0.509633069047765
0.14 0 0.08 0.653167906470179
0.14 0 0.09 1.1825150551537051
0.14 0 0.1 0.5080042608939446
0.14 0 0.11 0.3253570454617184
0.14 0 0.12 0.17752060035312092
0.14 0 0.13 0.16676589877212206
0.14 0 0.14 0.21251189733389098
0.14 0 0.15 1.228829150523112
0.14 0 0.16 0.7950480271143396
0.14 0 0.17 0.4043018043837703
0.14 0 0.18 0.6869853095987032
0.14 0 0.19 0.741763756450765
0.14 0 0.2 0.3333056196856543
0.14 0 0.21 0.6648717119561227
0.14 0 0.22 0.8457912206236258
0.14 0 0.23 3.090141165536747
0.14 0 0.24 14.294238078714557
0.14 0 0.25 4.406922910106909
0.14 0 0.26 5.110543833142163
0.14 0 0.27 1.3137774890311567
0.14 0 0.28 1.7436125435006669
0.14 0 0.29 4.0529002701738825
0.14 0 0.3 1.367905720848932
0.14 0 0.31 0.13142206039111007
0.14 0 0.32 0.09346245756896777
0.14 0 0.33 0.06400685510677075
0.14 0 0.34 0.04554149665039803
0.14 0 0.35000000000000003 0.10781698071195052
0.14 0 0.36 0.21068585922587216
0.14 0 0.37 0.12477542626271391
0.14 0 0.38 0.3754596421503217
0.14 0 0.39 1.536258591781056
0.14 0 0.4 2.0200068086205496
0.14 0 0.41000000000000003 1.0640342504253502
0.14 0 0.42 0.31022943101589834
0.14 0 0.43 0.3466289675351607
0.14 0 0.44 0.07485740200190673
0.14 0 0.45 0.04415780621623098
0.14 0 0.46 0.22160968153731422
0.14 0 0.47000000000000003 0.09077914750477112
0.14 0 0.48 0.021946185954869125
0.14 0 0.49 0.011682002462873929
0.14 0 0.5 0.016042762236676843
0.15 0 0.0 0.06923717305275885
0.15 0 0.01 0.06227844970630261
0.15 0 0.02 0.07807012488697813
0.15 0 0.03 0.11856198275083855
0.15 0 0.04 0.14219376313219684
0.15 0 0.05 0.19528295874207685
0.15 0 0.06 0.09836771356230306
0.15 0 0.07 0.03657465926429683
0.15 0 0.08 0.047788898663163076
0.15 0 0.09 0.09511075253917564
0.15 0 0.1 0.08896471641932714
0.15 0 0.11 0.048010446144845696
0.15 0 0.12 0.03598260495371553
0.15 0 0.13 0.010323281775878629
0.15 0 0.14 0.09563977229274126
0.15 0 0.15 0.2912298880984026
0.15 0 0.16 0.1465051015040578
0.15 0 0.17 0.43663496759166676
0.15 0 0.18 0.09743578595474538
0.15 0 0.19 0.07895891249998883
0.15 0 0.2 0.08905042726696724
0.15 0 0.21 0.14780149941014603
0.15 0 0.22 0.12471300454870456
0.15 0 0.23 0.7947961381574099
0.15 0 0.24 0.360876765621147
0.15 0 0.25 0.5011941294691568
0.15 0 0.26 2.9041311218383723
0.15 0 0.27 1.4296267359189827
0.15 0 0.28 1.456859969044929
0.15 0 0.29 2.035520954532875
0.15 0 0.3 0.7149582900536999
0.15 0 0.31 2.880698285815983
0.15 0 0.32 6.48355691198549
0.15 0 0.33 0.7103469149674873
0.15 0 0.34 1.7469262734437319
0.15 0 0.35000000000000003 0.5203873743560714
0.15 0 0.36 0.7853742955249418
0.15 0 0.37 1.3241754841953528
0.15 0 0.38 0.9722958563228054
0.15 0 0.39 3.026608832135977
0.15 0 0.4 1.6154668274100221
0.15 0 0.41000000000000003 0.3373572886185552
0.15 0 0.42 0.04554930940781412
0.15 0 0.43 0.032896881428402316
0.15 0 0.44 0.02115019807175821
0.15 0 0.45 0.032154949317314115
0.15 0 0.46 0.15691010505701483
0.15 0 0.47000000000000003 0.04306941382954341
0.15 0 0.48 0.008351296323420333
0.15 0 0.49 0.05313795537471725
0.15 0 0.5 0.050002774827664034
0.16 0 0.0 0.5608804461510261
0.16 0 0.01 0.2439120450840706
0.16 0 0.02 0.2617219238289858
0.16 0 0.03 0.4542737466226496
0.16 0 0.04 0.7433322271612715
0.16 0 0.05 1.7430313477004375
0.16 0 0.06 0.3068871432911921
0.16 0 0.07 0.03276879615078205
0.16 0 0.08 0.009618863811164264
0.16 0 0.09 0.005242419382516926
0.16 0 0.1 0.013346530451722637
0.16 0 0.11 0.02316078307738433
0.16 0 0.12 0.028132385079043403
0.16 0 0.13 0.09551987863734904
0.16 0 0.14 0.07493345913364154
0.16 0 0.15 0.10753269296660348
0.16 0 0.16 0.25495353048775576
0.16 0 0.17 0.10662981114491653
0.16 0 0.18 0.05610714007178663
0.16 0 0.19 0.025958647228264832
0.16 0 0.2 0.05324766965088006
0.16 0 0.21 0.023340640359949923
0.16 0 0.22 0.014409294210961234
0.16 0 0.23 0.031152401188959768
0.16 0 0.24 0.06351007389081746
0.16 0 0.25 0.22665908179559427
0.16 0 0.26 0.6934277194506381
0.16 0 0.27 2.4628330347045404
0.16 0 0.28 2.633970536618032
0.16 0 0.29 0.9619059018789836
0.16 0 0.3 0.7774142584801571
0.16 0 0.31 3.708754070571214
0.16 0 0.32 4.475228496662957
0.16 0 0.33 2.516496598627618
0.16 0 0.34 2.696889588050484
0.16 0 0.35000000000000003 3.8434991980551807
0.16 0 0.36 3.952553252288293
0.16 0 0.37 3.31157330964887
0.16 0 0.38 5.2507484125758905
0.16 0 0.39 2.6058289103769736
0.16 0 0.4 2.3116986104865624
0.16 0 0.41000000000000003 0.5258663796871725
0.16 0 0.42 0.03542112554358996
0.16 0 0.43 0.007006333057021072
0.16 0 0.44 0.010165459343782303
0.16 0 0.45 0.07704583463011103
0.16 0 0.46 0.033905217677953306
0.16 0 0.47000000000000003 0.03642605591782709
0.16 0 0.48 0.033859541010336495
0.16 0 0.49 0.022797738198589275
0.16 0 0.5 0.017157811294050435
0.17 0 0.0 0.17093299211200993
0.17 0 0.01 0.06266732595241292
0.17 0 0.02 0.06126940027631727
0.17 0 0.03 0.11353409114545429
0.17 0 0.04 0.08035078873669789
0.17 0 0.05 0.03551978444512247
0.17 0 0.06 0.16197784989224487
0.17 0 0.07 0.0722122527737297
0.17 0 0.08 0.025300189090243914
0.17 0 0.09 0.03769444433800427
0.17 0 0.1 0.01520698075199403
0.17 0 0.11 0.026891824715912387
0.17 0 0.12 0.023005513497953944
0.17 0 0.13 0.014845473597500025
0.17 0 0.14 0.011824258770154975
0.17 0 0.15 0.011494362982589306
0.17 0 0.16 0.007469968446427323
0.17 0 0.17 0.035926067007085526
0.17 0 0.18 0.05518345792450242
0.17 0 0.19 0.18597932944175297
0.17 0 0.2 0.20184669657432716
0.17 0 0.21 0.074753560399451
0.17 0 0.22 0.08660246278842708
0.17 0 0.23 0.14075282918719523
0.17 0 0.24 0.10111797378133158
0.17 0 0.25 0.13872087664215446
0.17 0 0.26 5.200033715760977
0.17 0 0.27 6.815835667016049
0.17 0 0.28 9.240490649020742
0.17 0 0.29 2.0465885673309083
0.17 0 0.3 1.5958171346298362
0.17 0 0.31 5.828372854374633
0.17 0 0.32 11.891596255997547
0.17 0 0.33 10.725573770592769
0.17 0 0.34 9.834008789302422
0.17 0 0.35000000000000003 11.21861470673345
0.17 0 0.36 2.997761291328791
0.17 0 0.37 4.244618163953065
0.17 0 0.38 13.06205717285443
0.17 0 0.39 1.0488802127644745
0.17 0 0.4 0.2777896811036164
0.17 0 0.41000000000000003 0.7798938974450905
0.17 0 0.42 0.13887606291158347
0.17 0 0.43 0.1388684204594868
0.17 0 0.44 0.13811739651792493
0.17 0 0.45 0.08024912231530544
0.17 0 0.46 0.2697079835564479
0.17 0 0.47000000000000003 0.0680029252183967
0.17 0 0.48 0.15893786929290393
0.17 0 0.49 0.1912073654934598
0.17 0 0.5 0.15343544419692826
0.18 0 0.0 0.38058604752617875
0.18 0 0.01 0.6605076833937314
0.18 0 0.02 0.5758187901548862
0.18 0 0.03 0.17367651860015199
0.18 0 0.04 0.19262405236094757
0.18 0 0.05 0.03245594470116695
0.18 0 0.06 0.022361724288338974
0.18 0 0.07 0.03302823996059371
0.18 0 0.08 0.013814319585898864
0.18 0 0.09 0.01843723585837723
0.18 0 0.1 0.01913610869774672
0.18 0 0.11 0.01664125738751001
0.18 0 0.12 0.05014236753262944
0.18 0 0.13 0.023653378412279942
0.18 0 0.14 0.01644654661912839
0.18 0 0.15 0.028855323025521858
0.18 0 0.16 0.03287352423966964
0.18 0 0.17 0.19800622955718725
0.18 0 0.18 0.26254176411600233
0.18 0 0.19 0.6205731930840457
0.18 0 0.2 0.2820408222573066
0.18 0 0.21 0.1212096305105482
0.18 0 0.22 0.3261202218371692
0.18 0 0.23 1.24084256205206
0.18 0 0.24 0.6524450459748786
0.18 0 0.25 2.346954488819254
0.18 0 0.26 5.497428798441933
0.18 0 0.27 4.632503618539817
0.18 0 0.28 6.330791771545524
0.18 0 0.29 5.525826072058639
0.18 0 0.3 4.355347898431484
0.18 0 0.31 2.4359052364992007
0.18 0 0.32 4.40826028472967
0.18 0 0.33 4.023127966044074
0.18 0 0.34 7.022366240807661
0.18 0 0.35000000000000003 5.001538263438284
0.18 0 0.36 5.022233252690518
0.18 0 0.37 1.9397444274812519
0.18 0 0.38 0.43043245432180144
0.18 0 0.39 0.7932777651001078
0.18 0 0.4 0.5454469135176442
0.18 0 0.41000000000000003 0.4878114901213488
0.18 0 0.42 0.4043612519869112
0.18 0 0.43 0.6324443258099689
0.18 0 0.44 0.6148109557232896
0.18 0 0.45 2.6710634897375556
0.18 0 0.46 0.45206635020636293
0.18 0 0.47000000000000003 0.24069048937328816
0.18 0 0.48 1.2305574361801372
0.18 0 0.49 1.853300525197368
0.18 0 0.5 2.166106519449904
0.19 0 0.0 0.036880719055290966
0.19 0 0.01 0.05106488630064315
0.19 0 0.02 0.15739357086337327
0.19 0 0.03 0.2074568249408443
0.19 0 0.04 0.022787092497554323
0.19 0 0.05 0.014163979526285961
0.19 0 0.06 0.012889912787961394
0.19 0 0.07 0.013512237707464077
0.19 0 0.08 0.01280163783191344
0.19 0 0.09 0.00986075896423181
0.19 0 0.1 0.030945766438666776
0.19 0 0.11 0.16462286418738487
0.19 0 0.12 0.03117212387498339
0.19 0 0.13 0.010838803121784587
0.19 0 0.14 0.04277821486468105
0.19 0 0.15 0.043218623830763005
0.19 0 0.16 0.11112639521695525
0.19 0 0.17 0.2550051121283795
0.19 0 0.18 0.43339707925932824
0.19 0 0.19 0.754157429887629
0.19 0 0.2 0.6276871454548787
0.19 0 0.21 0.16427667478799646
0.19 0 0.22 0.6048268929848177
0.19 0 0.23 1.2836679043533803
0.19 0 0.24 0.9299573822095988
0.19 0 0.25 3.3387709648072477
0.19 0 0.26 5.827749335277558
0.19 0 0.27 0.7503183833470239
0.19 0 0.28 0.43076296756318766
0.19 0 0.29 0.9688898884424133
0.19 0 0.3 0.7713031328319186
0.19 0 0.31 0.5539911178148358
0.19 0 0.32 0.9265655246047676
0.19 0 0.33 2.340391921298546
0.19 0 0.34 2.5423649117988303
0.19 0 0.35000000000000003 1.0080748587502681
0.19 0 0.36 0.13391522059598276
0.19 0 0.37 0.03844608219505637
0.19 0 0.38 0.04058909135802562
0.19 0 0.39 0.0818739258617522
0.19 0 0.4 0.16514710040502728
0.19 0 0.41000000000000003 0.062252360758845694
0.19 0 0.42 0.5030720995513159
0.19 0 0.43 2.3482008927815707
0.19 0 0.44 0.739212061197049
0.19 0 0.45 1.8839721074163311
0.19 0 0.46 0.33333807247545255
0.19 0 0.47000000000000003 0.2605062559422177
0.19 0 0.48 0.6777250845125675
0.19 0 0.49 0.5928490375495971
0.19 0 0.5 0.420140504015655
0.2 0 0.0 0.039769908754113514
0.2 0 0.01 0.04588512930530492
0.2 0 0.02 0.04077257737923123
0.2 0 0.03 0.03187196627070405
0.2 0 0.04 0.09493235173383108
0.2 0 0.05 0.025052414083615117
0.2 0 0.06 0.01596656289879975
0.2 0 0.07 0.034442286527579226
0.2 0 0.08 0.06285979987924799
0.2 0 0.09 0.0842786993620862
0.2 0 0.1 0.07357657076112176
0.2 0 0.11 0.3004419918435892
0.2 0 0.12 0.030704844400063235
0.2 0 0.13 0.1910630900529879
0.2 0 0.14 0.29996344795635693
0.2 0 0.15 0.08377952548081705
0.2 0 0.16 0.24380088770260183
0.2 0 0.17 0.2484740872710662
0.2 0 0.18 0.22888036055255093
0.2 0 0.19 2.139249441464881
0.2 0 0.2 0.9114199015810698
0.2 0 0.21 0.20117502850143423
0.2 0 0.22 0.2580943435448014
0.2 0 0.23 0.07327893354290362
0.2 0 0.24 0.3263839935454019
0.2 0 0.25 0.7849630256164687
0.2 0 0.26 0.36959578272844773
0.2 0 0.27 0.14672017061157916
0.2 0 0.28 0.23784808577713232
0.2 0 0.29 0.11511632268417618
0.2 0 0.3 0.3044163986735261
0.2 0 0.31 0.7873361416606718
0.2 0 0.32 0.7171454405887956
0.2 0 0.33 1.9171209232349842
0.2 0 0.34 1.3658068258513032
0.2 0 0.35000000000000003 0.6385385474844293
0.2 0 0.36 0.33754059304074857
0.2 0 0.37 0.06805739099777643
0.2 0 0.38 0.02877594157363485
0.2 0 0.39 0.20779210662085845
0.2 0 0.4 0.34598242191520073
0.2 0 0.41000000000000003 0.4560610497254055
0.2 0 0.42 0.40609893737781366
0.2 0 0.43 0.059372114129690685
0.2 0 0.44 0.03738282612445108
0.2 0 0.45 0.05588031546369316
0.2 0 0.46 0.03639349737662098
0.2 0 0.47000000000000003 0.024828279008138908
0.2 0 0.48 0.08727644507754444
0.2 0 0.49 0.02655006861544748
0.2 0 0.5 0.043563428871350826
0.21 0 0.0 0.0102030019670338
0.21 0 0.01 0.01123974558463615
0.21 0 0.02 0.03237552305011304
0.21 0 0.03 0.05492826813714121
0.21 0 0.04 0.19098080054106978
0.21 0 0.05 0.40685129724602426
0.21 0 0.06 0.7519980488134724
0.21 0 0.07 0.4883295428436469
0.21 0 0.08 0.20597583628247296
0.21 0 0.09 0.15990668675547956
0.21 0 0.1 0.17485140836924495
0.21 0 0.11 0.03130536993729254
0.21 0 0.12 0.020970359709872943
0.21 0 0.13 0.08439428861260477
0.21 0 0.14 0.15279286504209028
0.21 0 0.15 0.04806888695583865
0.21 0 0.16 0.012319273257153722
0.21 0 0.17 0.05459217119517962
0.21 0 0.18 0.2754879504478785
0.21 0 0.19 0.9006633305295253
0.21 0 0.2 0.5530371497764324
0.21 0 0.21 0.6985607737099542
0.21 0 0.22 0.3554841369884833
0.21 0 0.23 0.15029169030540643
0.21 0 0.24 0.02641493016967696
0.21 0 0.25 0.005322019986703548
0.21 0 0.26 0.023696205971030945
0.21 0 0.27 0.08383161409662697
0.21 0 0.28 0.15083230272114997
0.21 0 0.29 0.1269946246084551
0.21 0 0.3 0.1668659109165357
0.21 0 0.31 0.44948545270918117
0.21 0 0.32 1.550685114338868
0.21 0 0.33 2.1115489906046916
0.21 0 0.34 3.308495672475076
0.21 0 0.35000000000000003 1.6161181585874764
0.21 0 0.36 0.24430247367930674
0.21 0 0.37 0.31397631603346693
0.21 0 0.38 0.41590279761676846
0.21 0 0.39 0.6304562810178693
0.21 0 0.4 0.38442486910721735
0.21 0 0.41000000000000003 1.723871864309987
0.21 0 0.42 0.8106867530699347
0.21 0 0.43 0.19611493799712854
0.21 0 0.44 0.2042101212249992
0.21 0 0.45 0.1931869796967526
0.21 0 0.46 0.03773325850539223
0.21 0 0.47000000000000003 0.018968789035089723
0.21 0 0.48 0.0056074667070020925
0.21 0 0.49 0.010202267763050672
0.21 0 0.5 0.027246323684237295
0.22 0 0.0 0.009991661030607116
0.22 0 0.01 0.02568621828236585
0.22 0 0.02 0.028548682398230066
0.22 0 0.03 0.06954064032252387
0.22 0 0.04 0.05206974410938468
0.22 0 0.05 0.4760756691150021
0.22 0 0.06 0.4830936300709179
0.22 0 0.07 0.4269895053367975
0.22 0 0.08 0.28575781117416804
0.22 0 0.09 0.05252475407281342
0.22 0 0.1 0.0551445302110944
0.22 0 0.11 0.06451231528047763
0.22 0 0.12 0.02935016622828778
0.22 0 0.13 0.08137803106339452
0.22 0 0.14 0.042827088022300695
0.22 0 0.15 0.03692653610060842
0.22 0 0.16 0.1401391425253017
0.22 0 0.17 0.020292881018620545
0.22 0 0.18 0.041094975067740236
0.22 0 0.19 0.07382858801793159
0.22 0 0.2 0.3969760581907061
0.22 0 0.21 0.32586808825704244
0.22 0 0.22 0.12031546867820682
0.22 0 0.23 0.10510345934314355
0.22 0 0.24 0.04784503997660649
0.22 0 0.25 0.03809593871790256
0.22 0 0.26 0.031887371908705504
0.22 0 0.27 0.029254765194865466
0.22 0 0.28 0.05738903666051427
0.22 0 0.29 0.09324855042651259
0.22 0 0.3 0.1621276029532092
0.22 0 0.31 0.4475282318276158
0.22 0 0.32 1.6775700866304746
0.22 0 0.33 3.7191851962624716
0.22 0 0.34 3.500530677280889
0.22 0 0.35000000000000003 3.4146222030196176
0.22 0 0.36 9.51103475612733
0.22 0 0.37 15.414624767603655
0.22 0 0.38 7.475446663389408
0.22 0 0.39 2.582600858689026
0.22 0 0.4 3.405985019082155
0.22 0 0.41000000000000003 6.168257950232433
0.22 0 0.42 9.408970552983345
0.22 0 0.43 4.91612548336956
0.22 0 0.44 2.0810251297748295
0.22 0 0.45 1.8435430483431152
0.22 0 0.46 0.1282181056514276
0.22 0 0.47000000000000003 0.06322031506357545
0.22 0 0.48 0.24397344317971806
0.22 0 0.49 0.3232409051790302
0.22 0 0.5 0.2872577712549074
0.23 0 0.0 0.015086026533544251
0.23 0 0.01 0.09501008757724151
0.23 0 0.02 0.16782751175576632
0.23 0 0.03 0.23364751919879004
0.23 0 0.04 0.375294649179634
0.23 0 0.05 0.3890732583302233
0.23 0 0.06 0.29933372889925663
0.23 0 0.07 0.04761327818310899
0.23 0 0.08 0.01735433850152621
0.23 0 0.09 0.07008855713577905
0.23 0 0.1 0.044419804197044846
0.23 0 0.11 0.06921426602886072
0.23 0 0.12 0.023176730391973027
0.23 0 0.13 0.06405447779346246
0.23 0 0.14 0.07793899523615733
0.23 0 0.15 0.05091251147659921
0.23 0 0.16 0.01666752644091366
0.23 0 0.17 0.008257493363080319
0.23 0 0.18 0.011776732801028693
0.23 0 0.19 0.020758219759316594
0.23 0 0.2 0.022586036672778663
0.23 0 0.21 0.013328842469726496
0.23 0 0.22 0.018431147729506443
0.23 0 0.23 0.0068985590523869865
0.23 0 0.24 0.0036112499848943796
0.23 0 0.25 0.0027162730731464255
0.23 0 0.26 0.009455142940483668
0.23 0 0.27 0.005579687391574578
0.23 0 0.28 0.013764003584839361
0.23 0 0.29 0.10581054985059057
0.23 0 0.3 0.26264917653594483
0.23 0 0.31 0.2705910059573004
0.23 0 0.32 0.29806055440939694
0.23 0 0.33 3.432490604767346
0.23 0 0.34 2.59261136922793
0.23 0 0.35000000000000003 10.438622935016491
0.23 0 0.36 25.04373147332819
0.23 0 0.37 15.224541080523913
0.23 0 0.38 33.34978317177522
0.23 0 0.39 33.26858547876353
0.23 0 0.4 6.071516999349113
0.23 0 0.41000000000000003 2.055834347618691
0.23 0 0.42 1.3078075225858106
0.23 0 0.43 3.851019348023058
0.23 0 0.44 40.13745466107511
0.23 0 0.45 7.221825057908043
0.23 0 0.46 1.9113093389351299
0.23 0 0.47000000000000003 0.7072228333449312
0.23 0 0.48 1.517781242824144
0.23 0 0.49 1.86979126378472
0.23 0 0.5 1.5926670431885221
0.24 0 0.0 0.02810262537210196
0.24 0 0.01 0.050272810606014046
0.24 0 0.02 0.48356771793454006
0.24 0 0.03 0.424642536902686
0.24 0 0.04 0.8256267072448977
0.24 0 0.05 0.5990806452892943
0.24 0 0.06 0.10824263211294909
0.24 0 0.07 0.31920437113038597
0.24 0 0.08 0.15289381651102527
0.24 0 0.09 0.06281345159616981
0.24 0 0.1 0.5053021997696086
0.24 0 0.11 0.1586552892911709
0.24 0 0.12 0.16958028630283573
0.24 0 0.13 0.18690391140136214
0.24 0 0.14 0.06462414084186854
0.24 0 0.15 0.10534419765030084
0.24 0 0.16 0.07662831518951399
0.24 0 0.17 0.09132178687731235
0.24 0 0.18 0.14406663844361442
0.24 0 0.19 0.15549457622321977
0.24 0 0.2 0.0519735054637106
0.24 0 0.21 0.014078539475154129
0.24 0 0.22 0.015620456694198754
0.24 0 0.23 0.005781591283760314
0.24 0 0.24 0.004913350651725146
0.24 0 0.25 0.026213199091552453
0.24 0 0.26 0.02560094503667742
0.24 0 0.27 0.10112635660706083
0.24 0 0.28 0.3914958345658303
0.24 0 0.29 0.14793931814010414
0.24 0 0.3 0.2960628253278527
0.24 0 0.31 0.2136894634287632
0.24 0 0.32 0.45792089517113077
0.24 0 0.33 1.2165322887141532
0.24 0 0.34 0.7948071017391063
0.24 0 0.35000000000000003 2.3350468352203873
0.24 0 0.36 6.566158939195319
0.24 0 0.37 5.0278257360332335
0.24 0 0.38 0.6600127275148586
0.24 0 0.39 1.7484458969812202
0.24 0 0.4 0.8112815731486371
0.24 0 0.41000000000000003 0.8086357225647353
0.24 0 0.42 0.7888147060501417
0.24 0 0.43 1.1458400652679095
0.24 0 0.44 2.12715534822341
0.24 0 0.45 1.5650197258537695
0.24 0 0.46 0.7836477448700647
0.24 0 0.47000000000000003 1.2265710783746318
0.24 0 0.48 1.274278297313639
0.24 0 0.49 0.8662265087870914
0.24 0 0.5 1.6166465657760878
0.25 0 0.0 0.6318211755716597
0.25 0 0.01 1.3477842446745116
0.25 0 0.02 0.19083898958099302
0.25 0 0.03 0.52548134851205
0.25 0 0.04 0.4829607170579364
0.25 0 0.05 0.351099839945521
0.25 0 0.06 0.14446470700797867
0.25 0 0.07 0.07265832097418269
0.25 0 0.08 0.03549242193438524
0.25 0 0.09 0.06104541783091337
0.25 0 0.1 0.10335178212102784
0.25 0 0.11 0.029497394918829793
0.25 0 0.12 0.03761114606088519
0.25 0 0.13 0.1425190048342713
0.25 0 0.14 0.18301370203252734
0.25 0 0.15 0.26327722285273314
0.25 0 0.16 0.40284811446594015
0.25 0 0.17 0.3088925787556196
0.25 0 0.18 1.19516787753743
0.25 0 0.19 0.09266638268852304
0.25 0 0.2 0.048057517180462264
0.25 0 0.21 0.07343893827557861
0.25 0 0.22 0.025642362965677037
0.25 0 0.23 0.01442932146360126
0.25 0 0.24 0.025191254458730654
0.25 0 0.25 0.03961801347382075
0.25 0 0.26 0.06429205194966395
0.25 0 0.27 0.2897744885329889
0.25 0 0.28 0.3712524559729931
0.25 0 0.29 0.28109680498767003
0.25 0 0.3 0.1791868867880256
0.25 0 0.31 0.13713234052205062
0.25 0 0.32 0.5344750516472604
0.25 0 0.33 1.122676973417077
0.25 0 0.34 1.1930603395071195
0.25 0 0.35000000000000003 5.554664108104545
0.25 0 0.36 4.698048014116853
0.25 0 0.37 3.1428817144407923
0.25 0 0.38 7.356401222910157
0.25 0 0.39 1.015912438253197
0.25 0 0.4 1.9295123784220447
0.25 0 0.41000000000000003 2.128693903364391
0.25 0 0.42 0.6614867994679864
0.25 0 0.43 0.2541724945261776
0.25 0 0.44 0.07808351387578664
0.25 0 0.45 0.07978709663351898
0.25 0 0.46 0.06457760888813929
0.25 0 0.47000000000000003 0.12371074585194074
0.25 0 0.48 0.15747941760594147
0.25 0 0.49 0.18911046559806283
0.25 0 0.5 0.22943615182777102
0.26 0 0.0 0.2018694552574682
0.26 0 0.01 0.33203045275922516
0.26 0 0.02 0.2538369104526158
0.26 0 0.03 0.14059328901637683
0.26 0 0.04 0.04937323686445437
0.26 0 0.05 0.010406358279360567
0.26 0 0.06 0.01377813514161816
0.26 0 0.07 0.06121531238632361
0.26 0 0.08 0.057922512044848856
0.26 0 0.09 0.4279110280629808
0.26 0 0.1 0.1559004995139814
0.26 0 0.11 0.08531379201650353
0.26 0 0.12 0.02096840581952143
0.26 0 0.13 0.011662572902805
0.26 0 0.14 0.05742073290909605
0.26 0 0.15 0.08371575241058828
0.26 0 0.16 0.19867088796080082
0.26 0 0.17 0.553031832364963
0.26 0 0.18 0.34154571475429973
0.26 0 0.19 0.7622504810092251
0.26 0 0.2 0.7116756921107186
0.26 0 0.21 0.17289203339961975
0.26 0 0.22 0.520722254679319
0.26 0 0.23 0.14912718885678522
0.26 0 0.24 0.041461937361150426
0.26 0 0.25 0.020970671728549682
0.26 0 0.26 0.0355786764403242
0.26 0 0.27 0.22145021064246043
0.26 0 0.28 0.34072107380323224
0.26 0 0.29 0.36353327221801374
0.26 0 0.3 0.25628236087064793
0.26 0 0.31 1.9722903615517258
0.26 0 0.32 1.3314296296166102
0.26 0 0.33 0.2302752802628236
0.26 0 0.34 0.47798267488148316
0.26 0 0.35000000000000003 2.756535897983392
0.26 0 0.36 1.7935582068962674
0.26 0 0.37 4.797232088624187
0.26 0 0.38 3.3238871024010743
0.26 0 0.39 1.920143288672747
0.26 0 0.4 1.055869367779855
0.26 0 0.41000000000000003 0.36322111439123567
0.26 0 0.42 0.3555472451104735
0.26 0 0.43 0.14523049851174724
0.26 0 0.44 0.19264313658423404
0.26 0 0.45 0.07380324674683518
0.26 0 0.46 0.11251173449728065
0.26 0 0.47000000000000003 0.09054564868547867
0.26 0 0.48 0.5785562418900063
0.26 0 0.49 0.2655787987271944
0.26 0 0.5 0.04460979421325078
0.27 0 0.0 0.8080868069405156
0.27 0 0.01 1.2936708042694136
0.27 0 0.02 0.523274541320185
0.27 0 0.03 0.11330821917691569
0.27 0 0.04 0.01655154693572259
0.27 0 0.05 0.0058261315763296255
0.27 0 0.06 0.013728296928863194
0.27 0 0.07 0.013835509742344806
0.27 0 0.08 0.028011888332429638
0.27 0 0.09 0.06645517873117401
0.27 0 0.1 0.10125854316683257
0.27 0 0.11 0.01768590382717723
0.27 0 0.12 0.017855008061870608
0.27 0 0.13 0.008550495839090877
0.27 0 0.14 0.004304986420903521
0.27 0 0.15 0.024813776645427596
0.27 0 0.16 0.06772472710898286
0.27 0 0.17 0.16154258798295432
0.27 0 0.18 0.19316764437236544
0.27 0 0.19 0.2595027022743411
0.27 0 0.2 0.26907167419385447
0.27 0 0.21 0.05287605340607746
0.27 0 0.22 0.06113592047448649
0.27 0 0.23 0.044418817198359266
0.27 0 0.24 0.016355898646201104
0.27 0 0.25 0.0133845246313405
0.27 0 0.26 0.013590440886978965
0.27 0 0.27 0.017098854509174883
0.27 0 0.28 0.08866700922228807
0.27 0 0.29 0.8343782706018721
0.27 0 0.3 0.9084976220375417
0.27 0 0.31 0.23443963249710423
0.27 0 0.32 0.33174822718401614
0.27 0 0.33 0.42814993412160857
0.27 0 0.34 0.4064644502656729
0.27 0 0.35000000000000003 0.33642901101821926
0.27 0 0.36 0.05958572843884111
0.27 0 0.37 0.12607352706122008
0.27 0 0.38 0.1621901951399537
0.27 0 0.39 0.3304915322835484
0.27 0 0.4 0.2786905403448705
0.27 0 0.41000000000000003 0.508816242755054
0.27 0 0.42 0.49168642051233735
0.27 0 0.43 0.14231301602596746
0.27 0 0.44 0.5033008823815458
0.27 0 0.45 0.9013538207444959
0.27 0 0.46 0.12853886737502754
0.27 0 0.47000000000000003 0.1461571439593505
0.27 0 0.48 0.0642576836906925
0.27 0 0.49 0.027221216885516247
0.27 0 0.5 0.09252220160251125
0.28 0 0.0 0.4635368704324769
0.28 0 0.01 0.44640844539579144
0.28 0 0.02 0.15912748894335718
0.28 0 0.03 0.26863049455528504
0.28 0 0.04 0.043402013052306926
0.28 0 0.05 0.06338388438099463
0.28 0 0.06 0.03310948590737793
0.28 0 0.07 0.03517334804552555
0.28 0 0.08 0.058264348525766944
0.28 0 0.09 0.020958053130453288
0.28 0 0.1 0.013577984579054046
0.28 0 0.11 0.007864829116743438
0.28 0 0.12 0.006643988269127621
0.28 0 0.13 0.012654853448979576
0.28 0 0.14 0.015386352443487636
0.28 0 0.15 0.010872953267749837
0.28 0 0.16 0.15491562054279542
0.28 0 0.17 0.128842769560161
0.28 0 0.18 0.6271550300841136
0.28 0 0.19 1.9276170665239225
0.28 0 0.2 0.39057343384669224
0.28 0 0.21 0.2898476234486843
0.28 0 0.22 0.21636711461685892
0.28 0 0.23 0.1303560777050997
0.28 0 0.24 0.03270887886054315
0.28 0 0.25 0.027310021106084794
0.28 0 0.26 0.07022450306968446
0.28 0 0.27 0.0488229883240318
0.28 0 0.28 0.01902872997145173
0.28 0 0.29 0.043981814126199004
0.28 0 0.3 0.049287952294998064
0.28 0 0.31 0.08175811580501653
0.28 0 0.32 0.11341604501662282
0.28 0 0.33 0.04661670165394952
0.28 0 0.34 0.03317410939295563
0.28 0 0.35000000000000003 0.017974577666224664
0.28 0 0.36 0.041284248680883706
0.28 0 0.37 0.0273181867315707
0.28 0 0.38 0.0389524136182721
0.28 0 0.39 0.06988007062765782
0.28 0 0.4 0.08712597867144344
0.28 0 0.41000000000000003 0.07272119200040784
0.28 0 0.42 0.11862337048161896
0.28 0 0.43 0.2717204548838978
0.28 0 0.44 0.3095127924526578
0.28 0 0.45 0.05199366010696754
0.28 0 0.46 0.02177162378691463
0.28 0 0.47000000000000003 0.030346824418255876
0.28 0 0.48 0.028590244720874774
0.28 0 0.49 0.014838434830605275
0.28 0 0.5 0.013717721987859735
0.29 0 0.0 0.8747299421526988
0.29 0 0.01 0.40813688570906254
0.29 0 0.02 0.04890368820224812
0.29 0 0.03 0.023755000665356574
0.29 0 0.04 0.02257113537052565
0.29 0 0.05 0.01298580777902557
0.29 0 0.06 0.03697990524316229
0.29 0 0.07 0.06507629593681159
0.29 0 0.08 0.011253346844185226
0.29 0 0.09 0.03416722728978719
0.29 0 0.1 0.049099909783804525
0.29 0 0.11 0.027584886569202216
0.29 0 0.12 0.01422679424272497
0.29 0 0.13 0.00823819227783539
0.29 0 0.14 0.0069434591595810835
0.29 0 0.15 0.010682570723931972
0.29 0 0.16 0.016679018000154287
0.29 0 0.17 0.04180651736087923
0.29 0 0.18 0.2848055188197749
0.29 0 0.19 0.5320017001398243
0.29 0 0.2 0.9351405469463379
0.29 0 0.21 0.6904401843931297
0.29 0 0.22 0.1488891334810841
0.29 0 0.23 0.024404328280846873
0.29 0 0.24 0.06874333911223653
0.29 0 0.25 0.09066338811053438
0.29 0 0.26 0.07244928546411392
0.29 0 0.27 0.07803262201029412
0.29 0 0.28 0.010611878278394923
0.29 0 0.29 0.04370968703398314
0.29 0 0.3 0.027836333727435773
0.29 0 0.31 0.03045467398192949
0.29 0 0.32 0.0426671368321583
0.29 0 0.33 0.050861420955245165
0.29 0 0.34 0.028722650478818144
0.29 0 0.35000000000000003 0.1513696987459222
0.29 0 0.36 0.4256364432767753
0.29 0 0.37 0.12354713610451783
0.29 0 0.38 0.10951875075336291
0.29 0 0.39 0.17878420827589786
0.29 0 0.4 0.27846417734422774
0.29 0 0.41000000000000003 0.6260839391606983
0.29 0 0.42 0.4857089791775817
0.29 0 0.43 0.17695240764409204
0.29 0 0.44 1.1014659711451276
0.29 0 0.45 0.17347058997881146
0.29 0 0.46 0.07677838800486993
0.29 0 0.47000000000000003 0.04532034477827061
0.29 0 0.48 0.03173954689675972
0.29 0 0.49 0.13334781481389807
0.29 0 0.5 0.13323343100182702
0.3 0 0.0 2.3714397421696796
0.3 0 0.01 0.698516021479911
0.3 0 0.02 0.4760993475909758
0.3 0 0.03 0.1859010789755875
0.3 0 0.04 0.09604175752313934
0.3 0 0.05 0.11650800288154939
0.3 0 0.06 0.08160918156343169
0.3 0 0.07 0.03955780242523606
0.3 0 0.08 0.019636778134094608
0.3 0 0.09 0.019779847099053595
0.3 0 0.1 0.15781476450882742
0.3 0 0.11 0.01837650659319872
0.3 0 0.12 0.004639494386404042
0.3 0 0.13 0.006900570800766132
0.3 0 0.14 0.025458461475450632
0.3 0 0.15 0.03392059625282452
0.3 0 0.16 0.026337035401174373
0.3 0 0.17 0.29564833582226885
0.3 0 0.18 0.8318965720947168
0.3 0 0.19 0.4736587588862443
0.3 0 0.2 0.47395431983414243
0.3 0 0.21 0.155965231279783
0.3 0 0.22 0.08866775073955813
0.3 0 0.23 0.08374592931403853
0.3 0 0.24 0.03072354418749175
0.3 0 0.25 0.041152075897959446
0.3 0 0.26 0.033036477792225794
0.3 0 0.27 0.011021712847221171
0.3 0 0.28 0.06288458839406515
0.3 0 0.29 0.030763681445894094
0.3 0 0.3 0.012508498050593614
0.3 0 0.31 0.03162876097469382
0.3 0 0.32 0.02603187103776856
0.3 0 0.33 0.01749323723428189
0.3 0 0.34 0.020159511987509603
0.3 0 0.35000000000000003 0.03541902944235405
0.3 0 0.36 0.05675434427945174
0.3 0 0.37 0.315753662031967
0.3 0 0.38 0.4523733839587596
0.3 0 0.39 0.18103498361499804
0.3 0 0.4 0.04723482864853309
0.3 0 0.41000000000000003 0.1262960561171131
0.3 0 0.42 0.6333297295251021
0.3 0 0.43 0.9583847786253453
0.3 0 0.44 0.4746341680728071
0.3 0 0.45 0.22971930167719185
0.3 0 0.46 0.21306388237878945
0.3 0 0.47000000000000003 0.1317233024760771
0.3 0 0.48 0.49541259293160883
0.3 0 0.49 0.7662795394475257
0.3 0 0.5 1.203518306928504
#STOP
