#MEDIUM_PROPERTIES_DISTRIBUTED
$MSH_TYPE
	 GROUNDWATER_FLOW	
$MMP_TYPE
	 PERMEABILITY	
$DIS_TYPE
	 NEAREST_VALUE	
;hj
$CONVERSION_FACTOR
2e-8;2e-6;2e-13
$DATA
0.0 0 0.0 0.9554129152683266
0.0 0 0.01 0.6946781688743556
0.0 0 0.02 0.31257256539999123
0.0 0 0.03 0.1784494495897584
0.0 0 0.04 0.04828176612876826
0.0 0 0.05 0.03247905705385771
0.0 0 0.06 0.05755976350373786
0.0 0 0.07 0.47646015532516595
0.0 0 0.08 0.15163510327436364
0.0 0 0.09 0.05182426527198452
0.0 0 0.1 0.028252382698064578
0.0 0 0.11 0.021964995482321316
0.0 0 0.12 0.05194603673894968
0.0 0 0.13 0.0046659400274724075
0.0 0 0.14 0.0026987299277310465
0.0 0 0.15 0.04080598149454476
0.0 0 0.16 0.006734729245351484
0.0 0 0.17 0.0053629493005914195
0.0 0 0.18 0.012975936132327684
0.0 0 0.19 0.05285953108366765
0.0 0 0.2 0.39209083685380053
0.0 0 0.21 0.616054639173056
0.0 0 0.22 0.07992963070498452
0.0 0 0.23 0.04509821390696541
0.0 0 0.24 0.012852815548933253
0.0 0 0.25 0.022378505351762137
0.0 0 0.26 0.08024067717591483
0.0 0 0.27 0.025361273133977166
0.0 0 0.28 0.18946771150111902
0.0 0 0.29 1.1338991291667535
0.0 0 0.3 1.2017377573510304
0.0 0 0.31 2.4386627002340453
0.0 0 0.32 0.8073370459452149
0.0 0 0.33 0.07677417637094953
0.0 0 0.34 0.06527230175824206
0.0 0 0.35000000000000003 0.113982470120068
0.0 0 0.36 0.06634480124057746
0.0 0 0.37 0.2782858246883369
0.0 0 0.38 3.3399015357011783
0.0 0 0.39 2.2986585387050527
0.0 0 0.4 1.9570907709650374
0.0 0 0.41000000000000003 2.414333452202705
0.0 0 0.42 4.407986483521095
0.0 0 0.43 0.7663259953293775
0.0 0 0.44 3.501969344960227
0.0 0 0.45 20.742035656624783
0.0 0 0.46 3.1352653305415688
0.0 0 0.47000000000000003 8.488125563775988
0.0 0 0.48 14.499746510876294
0.0 0 0.49 2.882726235614662
0.0 0 0.5 2.350364192962143
0.01 0 0.0 0.1478108422293537
0.01 0 0.01 0.1263632536500117
0.01 0 0.02 0.16952478106676372
0.01 0 0.03 0.10510588321359378
0.01 0 0.04 0.35354167316879825
0.01 0 0.05 0.7585039797703873
0.01 0 0.06 0.4516865002787566
0.01 0 0.07 0.1574991107369463
0.01 0 0.08 0.4359423883452629
0.01 0 0.09 1.405180181198538
0.01 0 0.1 1.1064192638117814
0.01 0 0.11 2.8028623477645938
0.01 0 0.12 0.8999129550177188
0.01 0 0.13 0.3813471984808828
0.01 0 0.14 0.41299743284125146
0.01 0 0.15 0.04076476179986767
0.01 0 0.16 0.0025132886297690414
0.01 0 0.17 0.0031755196369252373
0.01 0 0.18 0.006536130863280902
0.01 0 0.19 0.010165727995408847
0.01 0 0.2 0.006450336625519963
0.01 0 0.21 0.0805700185185368
0.01 0 0.22 0.08883726652932294
0.01 0 0.23 0.025989620334572607
0.01 0 0.24 0.09950287692373724
0.01 0 0.25 0.13393727592239932
0.01 0 0.26 0.14787890116678035
0.01 0 0.27 1.6185249985097068
0.01 0 0.28 5.559258728754248
0.01 0 0.29 5.423252989301404
0.01 0 0.3 1.18251390239214
0.01 0 0.31 1.699875832049236
0.01 0 0.32 1.683144279098353
0.01 0 0.33 2.34452998817485
0.01 0 0.34 0.8947204764639876
0.01 0 0.35000000000000003 0.733555717678582
0.01 0 0.36 0.9916613555080439
0.01 0 0.37 0.7789893775101002
0.01 0 0.38 1.066874059227572
0.01 0 0.39 3.0382084948488495
0.01 0 0.4 2.5343022691860684
0.01 0 0.41000000000000003 10.668206269131852
0.01 0 0.42 1.4240898686436307
0.01 0 0.43 0.5688864640093295
0.01 0 0.44 1.3184843121055523
0.01 0 0.45 0.24403733358973234
0.01 0 0.46 0.04165739336381248
0.01 0 0.47000000000000003 0.05874363637769676
0.01 0 0.48 0.04185944243778312
0.01 0 0.49 0.014654017994510523
0.01 0 0.5 0.011089490912592275
0.02 0 0.0 1.8722938450366156
0.02 0 0.01 0.4374241925958254
0.02 0 0.02 0.154699138305258
0.02 0 0.03 0.29143215231427444
0.02 0 0.04 0.10494051689648859
0.02 0 0.05 0.2623845179501052
0.02 0 0.06 0.5261617927652411
0.02 0 0.07 0.6947593694355398
0.02 0 0.08 2.5919010708285364
0.02 0 0.09 0.8556855270933751
0.02 0 0.1 2.419762555365368
0.02 0 0.11 3.7703428426584145
0.02 0 0.12 0.5207197105467052
0.02 0 0.13 0.07022685934703264
0.02 0 0.14 0.010523132095356217
0.02 0 0.15 0.0022612006762524565
0.02 0 0.16 0.004342995892019484
0.02 0 0.17 0.005338385960486072
0.02 0 0.18 0.00639168163191885
0.02 0 0.19 0.007067276260856537
0.02 0 0.2 0.03368067662535343
0.02 0 0.21 0.17084798240404753
0.02 0 0.22 0.1267545886278857
0.02 0 0.23 0.11367088110462494
0.02 0 0.24 1.2437862736559475
0.02 0 0.25 3.0816984267100334
0.02 0 0.26 2.3316655285973567
0.02 0 0.27 0.7644009849481951
0.02 0 0.28 0.5962333904070802
0.02 0 0.29 0.40823648627937686
0.02 0 0.3 0.20385962412737924
0.02 0 0.31 0.14057197393828896
0.02 0 0.32 0.27121570772160886
0.02 0 0.33 1.1269182642064164
0.02 0 0.34 0.13036244951491455
0.02 0 0.35000000000000003 0.20557377303794888
0.02 0 0.36 1.7498012294052363
0.02 0 0.37 0.28679521008359077
0.02 0 0.38 0.11096860733818421
0.02 0 0.39 0.18525692687071113
0.02 0 0.4 0.21751062640373525
0.02 0 0.41000000000000003 0.3909939159224228
0.02 0 0.42 0.2674809126505828
0.02 0 0.43 0.541197008143718
0.02 0 0.44 0.32086361703984717
0.02 0 0.45 0.050710980017462964
0.02 0 0.46 0.05241671618362355
0.02 0 0.47000000000000003 0.029530299351932084
0.02 0 0.48 0.009388778131029823
0.02 0 0.49 0.021229660488443283
0.02 0 0.5 0.022957276267660594
0.03 0 0.0 0.47437243733833023
0.03 0 0.01 0.2866555118249249
0.03 0 0.02 0.09142784264586179
0.03 0 0.03 0.4427724796709045
0.03 0 0.04 0.6863841771941137
0.03 0 0.05 0.4671782098072254
0.03 0 0.06 0.8867661207879285
0.03 0 0.07 2.4514955685872803
0.03 0 0.08 8.657814475258226
0.03 0 0.09 16.590097194125452
0.03 0 0.1 4.991322877554128
0.03 0 0.11 0.3420586144336155
0.03 0 0.12 0.3101733729889064
0.03 0 0.13 0.0703228911652538
0.03 0 0.14 0.010023299318557511
0.03 0 0.15 0.08094769141433653
0.03 0 0.16 0.13237332311448627
0.03 0 0.17 0.07923118085320922
0.03 0 0.18 0.07476986491950459
0.03 0 0.19 0.04218747852084691
0.03 0 0.2 0.04247914418998457
0.03 0 0.21 0.023759700205922232
0.03 0 0.22 0.15704567952364384
0.03 0 0.23 0.3008253826788671
0.03 0 0.24 0.617052445305083
0.03 0 0.25 0.7350173345158043
0.03 0 0.26 0.6768416873930226
0.03 0 0.27 0.5045021350555072
0.03 0 0.28 0.33488860432921636
0.03 0 0.29 1.4375187243977539
0.03 0 0.3 1.211067878072513
0.03 0 0.31 1.0068035251761445
0.03 0 0.32 2.3272536683101057
0.03 0 0.33 2.0951450532280655
0.03 0 0.34 23.07024300265571
0.03 0 0.35000000000000003 7.602836719896506
0.03 0 0.36 0.37637066925720963
0.03 0 0.37 0.06093469112753992
0.03 0 0.38 0.05263818394831163
0.03 0 0.39 0.06889605996196185
0.03 0 0.4 0.15160012052343283
0.03 0 0.41000000000000003 0.11632034680701685
0.03 0 0.42 0.8255737368608435
0.03 0 0.43 0.41173229566564684
0.03 0 0.44 0.05851453756389383
0.03 0 0.45 0.06916499061395755
0.03 0 0.46 0.007789279399405547
0.03 0 0.47000000000000003 0.006449566316790219
0.03 0 0.48 0.14547078831413535
0.03 0 0.49 0.09563520375980862
0.03 0 0.5 0.02052784467814116
0.04 0 0.0 2.2584713253677844
0.04 0 0.01 8.484770333322784
0.04 0 0.02 4.322228076958378
0.04 0 0.03 0.296647888273638
0.04 0 0.04 3.263539316280853
0.04 0 0.05 5.515751710220541
0.04 0 0.06 9.287040885835328
0.04 0 0.07 18.48549753757442
0.04 0 0.08 3.4764030043001872
0.04 0 0.09 1.1611570133785722
0.04 0 0.1 0.7998640399037498
0.04 0 0.11 0.7512963383434546
0.04 0 0.12 0.09351831042422634
0.04 0 0.13 0.032183975321081235
0.04 0 0.14 0.009494558574268744
0.04 0 0.15 0.01209711156244339
0.04 0 0.16 0.010693128558821598
0.04 0 0.17 0.005169542567288371
0.04 0 0.18 0.09638241149389158
0.04 0 0.19 0.08005371660990653
0.04 0 0.2 0.016088366242813727
0.04 0 0.21 0.04677848526016342
0.04 0 0.22 0.014682827042905819
0.04 0 0.23 0.004871219978529722
0.04 0 0.24 0.017541993855365565
0.04 0 0.25 0.17906119694630895
0.04 0 0.26 0.11449506348418324
0.04 0 0.27 0.13325879542062066
0.04 0 0.28 0.20284069538915062
0.04 0 0.29 0.2656359881496961
0.04 0 0.3 0.11742596896401002
0.04 0 0.31 0.33433716480540226
0.04 0 0.32 2.385964946800246
0.04 0 0.33 0.9864554774506569
0.04 0 0.34 1.9436501126027503
0.04 0 0.35000000000000003 0.5455816764064622
0.04 0 0.36 0.33872601264078367
0.04 0 0.37 0.25029450029327466
0.04 0 0.38 0.08475682328881737
0.04 0 0.39 0.21515841280877357
0.04 0 0.4 0.0248527955483957
0.04 0 0.41000000000000003 0.015879288786288047
0.04 0 0.42 0.03360852657209269
0.04 0 0.43 0.018458005724521494
0.04 0 0.44 0.023059698292942996
0.04 0 0.45 0.02829697646955603
0.04 0 0.46 0.07859931345851669
0.04 0 0.47000000000000003 0.0715064448759921
0.04 0 0.48 0.15606683543634825
0.04 0 0.49 0.5145326711091381
0.04 0 0.5 0.6859997651352587
0.05 0 0.0 0.6480661153561069
0.05 0 0.01 0.32957215106532883
0.05 0 0.02 0.06672759360670244
0.05 0 0.03 0.050542049646931625
0.05 0 0.04 0.19707817251991044
0.05 0 0.05 0.7353244092281239
0.05 0 0.06 0.10172536517723779
0.05 0 0.07 0.04200023527244734
0.05 0 0.08 1.5395996042907065
0.05 0 0.09 1.983666331344192
0.05 0 0.1 0.23427631892596532
0.05 0 0.11 0.546514084537048
0.05 0 0.12 0.06392061360510479
0.05 0 0.13 0.016273242573368162
0.05 0 0.14 0.052639967516316596
0.05 0 0.15 0.01934709348294224
0.05 0 0.16 0.23178261645351952
0.05 0 0.17 0.32471719123250237
0.05 0 0.18 0.09496334015667862
0.05 0 0.19 0.541476970013446
0.05 0 0.2 0.6275469485615185
0.05 0 0.21 0.2872796906521746
0.05 0 0.22 0.0600806607681861
0.05 0 0.23 0.04184455383963948
0.05 0 0.24 0.0429895509477422
0.05 0 0.25 0.09634974231386363
0.05 0 0.26 0.005116943791397454
0.05 0 0.27 0.001753902247190108
0.05 0 0.28 0.08888805900174516
0.05 0 0.29 0.04115776361645825
0.05 0 0.3 0.049577077519209325
0.05 0 0.31 0.1277834103677248
0.05 0 0.32 0.34636967695084064
0.05 0 0.33 1.556310060999782
0.05 0 0.34 1.0184566785316642
0.05 0 0.35000000000000003 3.162718242472937
0.05 0 0.36 1.2857586860823973
0.05 0 0.37 1.3238250276135435
0.05 0 0.38 4.30468565171117
0.05 0 0.39 8.045707781387613
0.05 0 0.4 0.47204718672622814
0.05 0 0.41000000000000003 0.10134270838641386
0.05 0 0.42 0.36683357736961936
0.05 0 0.43 0.12088062953427645
0.05 0 0.44 0.03166243254972892
0.05 0 0.45 0.034209364206213545
0.05 0 0.46 0.0496990751998297
0.05 0 0.47000000000000003 0.02865250350206542
0.05 0 0.48 0.02878458976953021
0.05 0 0.49 0.15624328447793578
0.05 0 0.5 0.17427171996295426
0.06 0 0.0 0.29742078926402415
0.06 0 0.01 0.2146137520084385
0.06 0 0.02 0.18706352724758937
0.06 0 0.03 0.42826634180778994
0.06 0 0.04 1.340791377280091
0.06 0 0.05 1.320804732180292
0.06 0 0.06 0.3164688416175209
0.06 0 0.07 1.2330278331825053
0.06 0 0.08 5.219882778066006
0.06 0 0.09 1.4674582422822646
0.06 0 0.1 0.12364071890445441
0.06 0 0.11 0.1211377499896986
0.06 0 0.12 0.3349500511964432
0.06 0 0.13 0.009198733707789517
0.06 0 0.14 0.0036036573995498877
0.06 0 0.15 0.006400943451715021
0.06 0 0.16 0.004696096122268961
0.06 0 0.17 0.04187291868943334
0.06 0 0.18 0.027246044146094973
0.06 0 0.19 0.05590023915443958
0.06 0 0.2 0.12760685297994864
0.06 0 0.21 0.08436537049376013
0.06 0 0.22 0.048353750384371195
0.06 0 0.23 0.01434708309437029
0.06 0 0.24 0.03531645570416844
0.06 0 0.25 0.07140921485856783
0.06 0 0.26 0.15021455768992234
0.06 0 0.27 0.08621096785141262
0.06 0 0.28 0.13231524999118344
0.06 0 0.29 0.04328024370094225
0.06 0 0.3 0.006766251744410059
0.06 0 0.31 0.025274047070319435
0.06 0 0.32 0.029975924036340466
0.06 0 0.33 0.021785430790036125
0.06 0 0.34 0.1333199186646112
0.06 0 0.35000000000000003 1.0952824898352407
0.06 0 0.36 0.0882640022829755
0.06 0 0.37 0.09818732702184851
0.06 0 0.38 0.6057809414791895
0.06 0 0.39 0.05202479865566172
0.06 0 0.4 0.06267946046404987
0.06 0 0.41000000000000003 0.09581224954496237
0.06 0 0.42 0.12369755582310096
0.06 0 0.43 0.06199254301433779
0.06 0 0.44 0.10728931369604423
0.06 0 0.45 0.31283843136878625
0.06 0 0.46 0.05913090859214861
0.06 0 0.47000000000000003 0.150017296618546
0.06 0 0.48 0.20270796984369457
0.06 0 0.49 0.1812246599925842
0.06 0 0.5 0.1093596754056246
0.07 0 0.0 0.013998429618759299
0.07 0 0.01 0.008041524378770126
0.07 0 0.02 0.025958298913572746
0.07 0 0.03 0.12328711622119615
0.07 0 0.04 0.9106831248748019
0.07 0 0.05 0.6513431196104591
0.07 0 0.06 0.33698482263535945
0.07 0 0.07 0.6000841027221774
0.07 0 0.08 0.42968682137541386
0.07 0 0.09 0.11800073989022307
0.07 0 0.1 0.2796551447823044
0.07 0 0.11 0.8655369473519408
0.07 0 0.12 0.12252655959454554
0.07 0 0.13 0.05021317102720167
0.07 0 0.14 0.11543627005233101
0.07 0 0.15 0.1360810664539724
0.07 0 0.16 0.014596916570701064
0.07 0 0.17 0.007376597245007772
0.07 0 0.18 0.01878010311397981
0.07 0 0.19 0.006880405278361817
0.07 0 0.2 0.00610882698914655
0.07 0 0.21 0.022229894841065242
0.07 0 0.22 0.002824580845526236
0.07 0 0.23 0.0010049290060678865
0.07 0 0.24 0.02056326822467896
0.07 0 0.25 0.004867520855280597
0.07 0 0.26 0.00504844442963251
0.07 0 0.27 0.02922741157358549
0.07 0 0.28 0.011461335556464716
0.07 0 0.29 0.08142481579986503
0.07 0 0.3 0.020302767540834932
0.07 0 0.31 0.014559703902411587
0.07 0 0.32 0.01694074633264288
0.07 0 0.33 0.007000822950189145
0.07 0 0.34 0.053290514350949225
0.07 0 0.35000000000000003 0.018159773287511637
0.07 0 0.36 0.004272202424147301
0.07 0 0.37 0.05177525977075663
0.07 0 0.38 0.668552670737129
0.07 0 0.39 0.17304804194954518
0.07 0 0.4 0.4813965720151393
0.07 0 0.41000000000000003 3.7211087389266786
0.07 0 0.42 0.8828565385962531
0.07 0 0.43 1.7244603186065708
0.07 0 0.44 6.068144628529519
0.07 0 0.45 13.974077096979627
0.07 0 0.46 1.6381573209087428
0.07 0 0.47000000000000003 0.12134868646515028
0.07 0 0.48 0.27484889084117203
0.07 0 0.49 0.23787028099607382
0.07 0 0.5 0.43942984064929386
0.08 0 0.0 0.014807831889620286
0.08 0 0.01 0.012361529138904806
0.08 0 0.02 0.008864819489332505
0.08 0 0.03 0.23142248801770832
0.08 0 0.04 2.514069064341915
0.08 0 0.05 0.7713998701435109
0.08 0 0.06 1.1691388966234282
0.08 0 0.07 7.705319022153368
0.08 0 0.08 4.9733793059674145
0.08 0 0.09 1.8118199260950167
0.08 0 0.1 10.361084343888031
0.08 0 0.11 32.44848357743412
0.08 0 0.12 17.5948758261492
0.08 0 0.13 6.666340699487171
0.08 0 0.14 4.726057328705749
0.08 0 0.15 0.9793899326126421
0.08 0 0.16 0.14487061802572954
0.08 0 0.17 0.04118936377627639
0.08 0 0.18 0.009772126927477783
0.08 0 0.19 0.0008998293713014932
0.08 0 0.2 0.0017861185052970082
0.08 0 0.21 0.0025405706211914926
0.08 0 0.22 0.00216875230236305
0.08 0 0.23 0.0023145519540183055
0.08 0 0.24 0.0036743471823210325
0.08 0 0.25 0.0098885037059814
0.08 0 0.26 0.0012921659165540766
0.08 0 0.27 0.0008143958032317574
0.08 0 0.28 0.0020588938536552585
0.08 0 0.29 0.005001991435228865
0.08 0 0.3 0.020430430858396482
0.08 0 0.31 0.002562278400000591
0.08 0 0.32 0.0037043261694729595
0.08 0 0.33 0.04397666000297689
0.08 0 0.34 0.011373957564961481
0.08 0 0.35000000000000003 0.00593967220928467
0.08 0 0.36 0.13446869621969645
0.08 0 0.37 0.5371079481779955
0.08 0 0.38 0.6002419002528061
0.08 0 0.39 0.3628992933794191
0.08 0 0.4 0.04939941655884319
0.08 0 0.41000000000000003 0.12360067890622811
0.08 0 0.42 0.10797767748034269
0.08 0 0.43 0.085878927961085
0.08 0 0.44 0.19813674785453522
0.08 0 0.45 0.0799078773123531
0.08 0 0.46 0.05147819805344807
0.08 0 0.47000000000000003 0.12101458375740015
0.08 0 0.48 0.224922740751139
0.08 0 0.49 0.048223943436338595
0.08 0 0.5 0.1095573157735267
0.09 0 0.0 0.006536165779880039
0.09 0 0.01 0.00923353797310983
0.09 0 0.02 0.007291696961438015
0.09 0 0.03 0.17566425251047238
0.09 0 0.04 0.9600568705814058
0.09 0 0.05 1.2217268755569979
0.09 0 0.06 2.026958009988246
0.09 0 0.07 1.1740722527018297
0.09 0 0.08 1.7832484295062923
0.09 0 0.09 11.940371529659307
0.09 0 0.1 6.670253028221697
0.09 0 0.11 1.8424852024648717
0.09 0 0.12 4.2326174146975255
0.09 0 0.13 0.8745858905269704
0.09 0 0.14 0.27621097096019653
0.09 0 0.15 0.18758536900701434
0.09 0 0.16 0.022567666647827018
0.09 0 0.17 0.004868350549804421
0.09 0 0.18 0.0012205005875285519
0.09 0 0.19 0.006363737491580391
0.09 0 0.2 0.04653739665059781
0.09 0 0.21 0.005208204985800335
0.09 0 0.22 0.0032130744180315666
0.09 0 0.23 0.004751260490478469
0.09 0 0.24 0.0034347476053463778
0.09 0 0.25 0.0012866548891538908
0.09 0 0.26 0.00019762491728247684
0.09 0 0.27 0.00037912018321389196
0.09 0 0.28 0.0028226699450016927
0.09 0 0.29 0.0010390278908233876
0.09 0 0.3 0.0007194459215826778
0.09 0 0.31 0.001236814599806216
0.09 0 0.32 0.0030548421419944595
0.09 0 0.33 0.005130751398674717
0.09 0 0.34 0.018541461093313238
0.09 0 0.35000000000000003 0.022643445091930905
0.09 0 0.36 0.03458697671784426
0.09 0 0.37 0.18417800513767363
0.09 0 0.38 0.37139777916969274
0.09 0 0.39 1.381433891636386
0.09 0 0.4 1.0171011155095366
0.09 0 0.41000000000000003 0.1325562142563718
0.09 0 0.42 0.19035294444871492
0.09 0 0.43 0.021112774138915165
0.09 0 0.44 0.07500551170307684
0.09 0 0.45 1.1349164654308876
0.09 0 0.46 0.41631693891351446
0.09 0 0.47000000000000003 0.5438552498670779
0.09 0 0.48 0.4909948557734315
0.09 0 0.49 0.16057677397209869
0.09 0 0.5 0.21076213867313792
0.1 0 0.0 0.04302453278905007
0.1 0 0.01 0.023369025754623324
0.1 0 0.02 0.04027165207095482
0.1 0 0.03 0.07855388866980191
0.1 0 0.04 0.43635229140803106
0.1 0 0.05 0.23635345299857408
0.1 0 0.06 0.466271629879084
0.1 0 0.07 3.0835117899717974
0.1 0 0.08 4.231950932795846
0.1 0 0.09 3.1462924758149144
0.1 0 0.1 2.7599308098911957
0.1 0 0.11 16.950622711404137
0.1 0 0.12 5.313065818528407
0.1 0 0.13 1.5534268715238089
0.1 0 0.14 0.19660852261915315
0.1 0 0.15 0.11462849188171005
0.1 0 0.16 0.09226675234959562
0.1 0 0.17 0.030150013171584247
0.1 0 0.18 0.08085248708006659
0.1 0 0.19 0.2061327461978341
0.1 0 0.2 0.0705994156475494
0.1 0 0.21 0.11023578720074295
0.1 0 0.22 0.03006996413388355
0.1 0 0.23 0.0078428354162303
0.1 0 0.24 0.00769172731092096
0.1 0 0.25 0.0013601080444804491
0.1 0 0.26 0.00010031952230389675
0.1 0 0.27 0.00020372799354526655
0.1 0 0.28 0.000271597622536855
0.1 0 0.29 0.0004671298112729911
0.1 0 0.3 0.0005493387832667035
0.1 0 0.31 0.00032830052796654533
0.1 0 0.32 0.0006844192547471756
0.1 0 0.33 0.001024252931463378
0.1 0 0.34 0.0009079364021679869
0.1 0 0.35000000000000003 0.0018334479038237244
0.1 0 0.36 0.004740325796912089
0.1 0 0.37 0.04427772457503274
0.1 0 0.38 0.18611049773650676
0.1 0 0.39 0.025946317236624498
0.1 0 0.4 0.012413088647349569
0.1 0 0.41000000000000003 0.026550799577064937
0.1 0 0.42 0.02366498331788763
0.1 0 0.43 0.13725261576307482
0.1 0 0.44 0.12640277420143847
0.1 0 0.45 0.05376402925256295
0.1 0 0.46 0.12314548625781296
0.1 0 0.47000000000000003 0.016964613172828578
0.1 0 0.48 0.010432871186035872
0.1 0 0.49 0.017775840262221357
0.1 0 0.5 0.0050089101282182235
0.11 0 0.0 0.02026336879566215
0.11 0 0.01 0.020159462286159734
0.11 0 0.02 0.14161603150474952
0.11 0 0.03 0.026770059685400065
0.11 0 0.04 0.0362832669473433
0.11 0 0.05 0.10352036377075864
0.11 0 0.06 0.01953142934804485
0.11 0 0.07 0.04270605201022453
0.11 0 0.08 0.10909355542240239
0.11 0 0.09 0.2660803797989542
0.11 0 0.1 2.3235520583053733
0.11 0 0.11 0.7104801962379527
0.11 0 0.12 0.09259762837518615
0.11 0 0.13 0.569159360600813
0.11 0 0.14 2.2312143610492807
0.11 0 0.15 0.38541646747722813
0.11 0 0.16 0.07496123048134208
0.11 0 0.17 0.007327834557944044
0.11 0 0.18 0.0030757994541247037
0.11 0 0.19 0.0011324036475811982
0.11 0 0.2 0.0005667367023105655
0.11 0 0.21 0.0013934699872123917
0.11 0 0.22 0.00027971355402746633
0.11 0 0.23 0.00013351635960736705
0.11 0 0.24 0.00016516939801498198
0.11 0 0.25 0.00108686244283811
0.11 0 0.26 0.00034931600937514965
0.11 0 0.27 9.030749737773098e-05
0.11 0 0.28 0.0005305209188537503
0.11 0 0.29 0.00018722645754451817
0.11 0 0.3 7.144450627680774e-05
0.11 0 0.31 0.00019883603647412817
0.11 0 0.32 0.0011100888406130767
0.11 0 0.33 0.003311137964166565
0.11 0 0.34 0.0007831638110856789
0.11 0 0.35000000000000003 0.005600646430461952
0.11 0 0.36 0.013154710139930338
0.11 0 0.37 0.0086428727350754
0.11 0 0.38 0.005204868060402885
0.11 0 0.39 0.01103347367359512
0.11 0 0.4 0.009309114598341618
0.11 0 0.41000000000000003 0.0024888416141201795
0.11 0 0.42 0.0017553132514932337
0.11 0 0.43 0.012191402357862856
0.11 0 0.44 0.044445708709431896
0.11 0 0.45 0.1221373884404669
0.11 0 0.46 0.024641117062398483
0.11 0 0.47000000000000003 0.002663107701686142
0.11 0 0.48 0.006722461790618704
0.11 0 0.49 0.019265311864266627
0.11 0 0.5 0.010854608526034178
0.12 0 0.0 0.02528148834559269
0.12 0 0.01 0.05938904864162998
0.12 0 0.02 0.10592329115144104
0.12 0 0.03 0.028536989454719542
0.12 0 0.04 0.050300768235205545
0.12 0 0.05 0.1131116399450336
0.12 0 0.06 0.04306487384357521
0.12 0 0.07 0.12835991534221713
0.12 0 0.08 0.3027391079617841
0.12 0 0.09 0.18287524276995124
0.12 0 0.1 0.1660325442233252
0.12 0 0.11 0.06067251362979564
0.12 0 0.12 0.17074115321885036
0.12 0 0.13 0.015978792454025573
0.12 0 0.14 0.10973084775700319
0.12 0 0.15 0.7420653863274271
0.12 0 0.16 0.2222954906812249
0.12 0 0.17 0.1124491407811528
0.12 0 0.18 0.01020370707019016
0.12 0 0.19 0.008429301518597884
0.12 0 0.2 0.01961489987912215
0.12 0 0.21 0.003426581213314379
0.12 0 0.22 0.003131566612874872
0.12 0 0.23 0.002634565016668618
0.12 0 0.24 0.010721457293393438
0.12 0 0.25 0.0072306122125606175
0.12 0 0.26 0.002313145285640418
0.12 0 0.27 0.001737550719298223
0.12 0 0.28 0.05335930310670233
0.12 0 0.29 0.009032788096581082
0.12 0 0.3 0.0001525558937939762
0.12 0 0.31 0.0002980853288839234
0.12 0 0.32 0.0006992349904026366
0.12 0 0.33 0.0018023866965278567
0.12 0 0.34 0.004012591039194301
0.12 0 0.35000000000000003 0.001092128800090265
0.12 0 0.36 0.00015717406919466985
0.12 0 0.37 0.00013153050316055644
0.12 0 0.38 8.460894284903944e-05
0.12 0 0.39 1.1718405210665278e-05
0.12 0 0.4 2.307859744270894e-05
0.12 0 0.41000000000000003 7.923503938563604e-05
0.12 0 0.42 0.00047844451371971213
0.12 0 0.43 0.0002484328704500753
0.12 0 0.44 0.00046673639659767515
0.12 0 0.45 0.0026319598891014306
0.12 0 0.46 0.0007706868880102575
0.12 0 0.47000000000000003 0.003692331002475965
0.12 0 0.48 0.005398971104329124
0.12 0 0.49 0.001159601214657851
0.12 0 0.5 0.002744663748150664
0.13 0 0.0 0.3806819594981791
0.13 0 0.01 0.42152481929102115
0.13 0 0.02 0.03635088679267276
0.13 0 0.03 0.2158237797585594
0.13 0 0.04 0.5127565534650345
0.13 0 0.05 0.21971849451686679
0.13 0 0.06 0.03852442408919651
0.13 0 0.07 0.013395210181048505
0.13 0 0.08 0.042376431594775894
0.13 0 0.09 0.019199155614370644
0.13 0 0.1 0.01818812062849536
0.13 0 0.11 0.18754989139225345
0.13 0 0.12 0.09209364988617716
0.13 0 0.13 0.05395209619587669
0.13 0 0.14 0.11365473251704739
0.13 0 0.15 0.21618328824914787
0.13 0 0.16 0.058983710506192444
0.13 0 0.17 0.26961447600583793
0.13 0 0.18 0.39337342130324954
0.13 0 0.19 0.05472095741319879
0.13 0 0.2 0.07206172702911899
0.13 0 0.21 0.007023464063355542
0.13 0 0.22 0.000546436571909224
0.13 0 0.23 0.0009884297268018107
0.13 0 0.24 0.008454443588889488
0.13 0 0.25 0.0036406398440162976
0.13 0 0.26 0.0069481192069322005
0.13 0 0.27 0.011373998783186545
0.13 0 0.28 0.00126232391984258
0.13 0 0.29 0.0002852040234649083
0.13 0 0.3 0.00015191394335521067
0.13 0 0.31 0.001075274739949516
0.13 0 0.32 0.0001449174557105197
0.13 0 0.33 1.5788255483322627e-05
0.13 0 0.34 0.0003614714811688392
0.13 0 0.35000000000000003 0.0001391621706839979
0.13 0 0.36 5.8546350980913954e-05
0.13 0 0.37 5.764050025246374e-05
0.13 0 0.38 0.001135063902944366
0.13 0 0.39 0.0004020954601440558
0.13 0 0.4 0.0001472462444144072
0.13 0 0.41000000000000003 0.0005885189281126201
0.13 0 0.42 0.00041695452080589535
0.13 0 0.43 0.001998549840867579
0.13 0 0.44 0.010211788675030045
0.13 0 0.45 0.004184222919178283
0.13 0 0.46 0.004924222122860288
0.13 0 0.47000000000000003 0.0019853266033566267
0.13 0 0.48 0.00435142236716629
0.13 0 0.49 0.014645961496456479
0.13 0 0.5 0.010303585402717218
0.14 0 0.0 0.5926792672374461
0.14 0 0.01 0.8591329964218525
0.14 0 0.02 0.17291166115711082
0.14 0 0.03 0.828450949778033
0.14 0 0.04 0.3056627031763627
0.14 0 0.05 0.05745495718260032
0.14 0 0.06 0.04750294743980647
0.14 0 0.07 0.23171764708360412
0.14 0 0.08 1.0559362785720843
0.14 0 0.09 1.3041706732191827
0.14 0 0.1 2.213591793510462
0.14 0 0.11 1.8045973227435952
0.14 0 0.12 0.02510880938594532
0.14 0 0.13 0.05548102292983154
0.14 0 0.14 0.22251561668516243
0.14 0 0.15 0.276867828370484
0.14 0 0.16 0.12971196729214693
0.14 0 0.17 0.06936820769756637
0.14 0 0.18 0.2504116395431852
0.14 0 0.19 0.17868928879385704
0.14 0 0.2 0.04203475785821163
0.14 0 0.21 0.013218850831991886
0.14 0 0.22 0.0069224267444070835
0.14 0 0.23 0.06960213572900352
0.14 0 0.24 0.08367097579620274
0.14 0 0.25 0.10473532712252712
0.14 0 0.26 0.0340306938674426
0.14 0 0.27 0.27812424552162646
0.14 0 0.28 0.027146323572939033
0.14 0 0.29 0.0021510105731195875
0.14 0 0.3 0.0012825774145974785
0.14 0 0.31 7.647532815142897e-05
0.14 0 0.32 0.0002864552722795206
0.14 0 0.33 0.0015859258657269393
0.14 0 0.34 0.00030405140051581323
0.14 0 0.35000000000000003 0.00035155236410954496
0.14 0 0.36 0.00071291934555277
0.14 0 0.37 0.0009816983766941802
0.14 0 0.38 0.0009613001102222541
0.14 0 0.39 0.00012340611670873976
0.14 0 0.4 3.3130931473781316e-05
0.14 0 0.41000000000000003 0.0017445158080375805
0.14 0 0.42 0.0013457083048562491
0.14 0 0.43 0.001511058598092677
0.14 0 0.44 0.0033849231742338792
0.14 0 0.45 0.0007245681427796322
0.14 0 0.46 0.0008757953083854701
0.14 0 0.47000000000000003 0.000589844055632754
0.14 0 0.48 0.003441691248016494
0.14 0 0.49 0.023768345406191254
0.14 0 0.5 0.02376680545619024
0.15 0 0.0 13.545768951773539
0.15 0 0.01 9.303717687716379
0.15 0 0.02 4.853209143949907
0.15 0 0.03 0.43142408255510195
0.15 0 0.04 0.18144748692753648
0.15 0 0.05 0.0442749697171981
0.15 0 0.06 0.05459932471128092
0.15 0 0.07 0.3846409797024693
0.15 0 0.08 0.5762303802223581
0.15 0 0.09 1.2202700239874436
0.15 0 0.1 1.4868169516275842
0.15 0 0.11 0.10227113624381988
0.15 0 0.12 0.31791722150190505
0.15 0 0.13 0.33318820877739147
0.15 0 0.14 0.1293221802797974
0.15 0 0.15 0.12200572437604043
0.15 0 0.16 0.2032535009036088
0.15 0 0.17 0.13248373015380455
0.15 0 0.18 0.07832348115305843
0.15 0 0.19 0.056063150059688115
0.15 0 0.2 0.11800371146082062
0.15 0 0.21 0.21220473467795317
0.15 0 0.22 0.007038164886336229
0.15 0 0.23 0.0021655583564331574
0.15 0 0.24 0.006897546135069427
0.15 0 0.25 0.02175496563733576
0.15 0 0.26 0.009955990280600993
0.15 0 0.27 0.0014888737313445259
0.15 0 0.28 0.0010393463954155322
0.15 0 0.29 0.0002448685756308788
0.15 0 0.3 0.0001156667772407205
0.15 0 0.31 0.00020054961072626736
0.15 0 0.32 0.0008341889690019824
0.15 0 0.33 0.0034455762661661092
0.15 0 0.34 0.003984841424610592
0.15 0 0.35000000000000003 0.002467458548066724
0.15 0 0.36 0.00048095525924309843
0.15 0 0.37 0.0013015875758675126
0.15 0 0.38 0.0005146704921137673
0.15 0 0.39 0.007054518447488455
0.15 0 0.4 0.013958733128236794
0.15 0 0.41000000000000003 0.010674521073572554
0.15 0 0.42 0.05160872160297539
0.15 0 0.43 0.027388653462896633
0.15 0 0.44 0.04927699115045946
0.15 0 0.45 0.016594906885312635
0.15 0 0.46 0.0004921080368552328
0.15 0 0.47000000000000003 0.0016478440776454112
0.15 0 0.48 0.001121651475808155
0.15 0 0.49 0.00034745693445741585
0.15 0 0.5 0.000921960230441408
0.16 0 0.0 0.2450863335058807
0.16 0 0.01 0.26192462994195076
0.16 0 0.02 0.1128632700756615
0.16 0 0.03 0.16614625416990023
0.16 0 0.04 0.9245411940921227
0.16 0 0.05 0.2478703715612751
0.16 0 0.06 0.14672167231526786
0.16 0 0.07 0.0820062817058554
0.16 0 0.08 0.32223056135453376
0.16 0 0.09 0.8676913094129689
0.16 0 0.1 2.1707361802464518
0.16 0 0.11 2.7316749674214758
0.16 0 0.12 2.428542389810398
0.16 0 0.13 6.34831709990955
0.16 0 0.14 11.006937403083313
0.16 0 0.15 6.468572207389799
0.16 0 0.16 5.033413875458202
0.16 0 0.17 0.6304326721072778
0.16 0 0.18 0.3375963004500041
0.16 0 0.19 0.17416934964415284
0.16 0 0.2 0.044175719727707376
0.16 0 0.21 0.021450875826097268
0.16 0 0.22 0.009540164464188918
0.16 0 0.23 0.011333353647659123
0.16 0 0.24 0.036019391212361404
0.16 0 0.25 0.0007809433151529294
0.16 0 0.26 0.0005407698282916611
0.16 0 0.27 0.0005262096737174592
0.16 0 0.28 0.0007210085116613259
0.16 0 0.29 0.00033393570796633594
0.16 0 0.3 0.000628554550107268
0.16 0 0.31 0.010225681056622672
0.16 0 0.32 0.02360601074838522
0.16 0 0.33 0.1132191093135098
0.16 0 0.34 0.39831000416933
0.16 0 0.35000000000000003 0.04206859335954204
0.16 0 0.36 0.018977069265902927
0.16 0 0.37 0.032542019796252965
0.16 0 0.38 0.03126253424625725
0.16 0 0.39 0.014990897109938433
0.16 0 0.4 0.04182131319029337
0.16 0 0.41000000000000003 0.031177879490687933
0.16 0 0.42 0.04375308841654657
0.16 0 0.43 0.028209416857225986
0.16 0 0.44 0.021173462567583533
0.16 0 0.45 0.01384597467896875
0.16 0 0.46 0.0015304404143149902
0.16 0 0.47000000000000003 0.0010099226970883412
0.16 0 0.48 0.006906940606829855
0.16 0 0.49 0.013391936019821644
0.16 0 0.5 0.007957644233621712
0.17 0 0.0 7.188357283458088
0.17 0 0.01 0.8797974677567597
0.17 0 0.02 0.28356934537668754
0.17 0 0.03 2.901152023552669
0.17 0 0.04 1.0714352280193158
0.17 0 0.05 0.10214341981332438
0.17 0 0.06 0.11770285649347936
0.17 0 0.07 0.29419630969221533
0.17 0 0.08 0.038268908699640954
0.17 0 0.09 0.029193134828635506
0.17 0 0.1 0.09259938774169467
0.17 0 0.11 0.8151217011871847
0.17 0 0.12 0.4605897739192504
0.17 0 0.13 1.0836510429432527
0.17 0 0.14 6.157775630649051
0.17 0 0.15 3.301249682568851
0.17 0 0.16 0.4705450998223325
0.17 0 0.17 0.23199732593416672
0.17 0 0.18 0.10081334137292908
0.17 0 0.19 0.0836729913636572
0.17 0 0.2 0.28455475063179386
0.17 0 0.21 0.2528038855595187
0.17 0 0.22 0.1872226746949593
0.17 0 0.23 0.03335326005172063
0.17 0 0.24 0.004729645185584015
0.17 0 0.25 0.010609561037569137
0.17 0 0.26 0.0028018991694113925
0.17 0 0.27 0.0004227048452848683
0.17 0 0.28 0.0014684526992770103
0.17 0 0.29 0.006848773176678514
0.17 0 0.3 0.030938737741180094
0.17 0 0.31 0.05893979577326211
0.17 0 0.32 0.06526322201084776
0.17 0 0.33 0.38518595428799124
0.17 0 0.34 0.2746826581450319
0.17 0 0.35000000000000003 0.06849187427890917
0.17 0 0.36 0.23110561201024354
0.17 0 0.37 0.20848600091704003
0.17 0 0.38 0.3488738495332555
0.17 0 0.39 0.056037603181644594
0.17 0 0.4 0.032693622125899116
0.17 0 0.41000000000000003 0.09904888753007456
0.17 0 0.42 0.2118038217801765
0.17 0 0.43 0.21776259044293544
0.17 0 0.44 0.16983362420654158
0.17 0 0.45 0.054893515121810184
0.17 0 0.46 0.038916396830951425
0.17 0 0.47000000000000003 0.013103451524252168
0.17 0 0.48 0.00697557882622873
0.17 0 0.49 0.0027636417503884465
0.17 0 0.5 0.0009494607658621756
0.18 0 0.0 0.45587297356507955
0.18 0 0.01 0.21498312421315335
0.18 0 0.02 0.3004630222673428
0.18 0 0.03 0.3556602218670552
0.18 0 0.04 0.8196498680310101
0.18 0 0.05 7.428374437845597
0.18 0 0.06 0.7285578403916381
0.18 0 0.07 0.8134205186529334
0.18 0 0.08 1.924170537986679
0.18 0 0.09 1.3716514640370359
0.18 0 0.1 0.46394792429687554
0.18 0 0.11 0.08661591505937058
0.18 0 0.12 0.10328443765638011
0.18 0 0.13 0.6937379003652467
0.18 0 0.14 2.9233421706722242
0.18 0 0.15 0.7814927034826534
0.18 0 0.16 0.28431887868543815
0.18 0 0.17 0.2142970743563669
0.18 0 0.18 0.08861994288911403
0.18 0 0.19 0.24881203680483727
0.18 0 0.2 0.0515797035414499
0.18 0 0.21 0.06858801580179322
0.18 0 0.22 0.08381354725184047
0.18 0 0.23 0.028961002220468858
0.18 0 0.24 0.06673473397279432
0.18 0 0.25 0.10346704091416808
0.18 0 0.26 0.0432087400023336
0.18 0 0.27 0.18242742143864107
0.18 0 0.28 0.21620798677582714
0.18 0 0.29 0.1954158380254885
0.18 0 0.3 0.026685309496354007
0.18 0 0.31 0.05031728942492102
0.18 0 0.32 0.35446973632748346
0.18 0 0.33 0.6954459005299684
0.18 0 0.34 0.9665757937805614
0.18 0 0.35000000000000003 0.5099968329374776
0.18 0 0.36 0.33457332282091956
0.18 0 0.37 1.6614430833379297
0.18 0 0.38 0.5885830553676601
0.18 0 0.39 0.18466294386943677
0.18 0 0.4 0.22041040543559515
0.18 0 0.41000000000000003 0.2009822411474853
0.18 0 0.42 0.05515937822706162
0.18 0 0.43 0.053552971873865644
0.18 0 0.44 0.24099077145718273
0.18 0 0.45 0.2073459293559476
0.18 0 0.46 0.022799816979567115
0.18 0 0.47000000000000003 0.029314952024918614
0.18 0 0.48 0.004963468029274963
0.18 0 0.49 0.0003822851382453995
0.18 0 0.5 0.0001516763928943369
0.19 0 0.0 1.2449847742592772
0.19 0 0.01 0.9966420466568817
0.19 0 0.02 0.4486117860890957
0.19 0 0.03 0.4577232788277864
0.19 0 0.04 1.5928649038040368
0.19 0 0.05 5.175744806491496
0.19 0 0.06 10.566936472777696
0.19 0 0.07 8.039120438623323
0.19 0 0.08 26.787519147949233
0.19 0 0.09 1.5546643979624646
0.19 0 0.1 1.3685961526719936
0.19 0 0.11 4.469766944085
0.19 0 0.12 3.8984050158645864
0.19 0 0.13 2.372723149756973
0.19 0 0.14 0.4868993072033645
0.19 0 0.15 0.12042886965702954
0.19 0 0.16 0.21415598460826893
0.19 0 0.17 0.26842819923034
0.19 0 0.18 0.07052547493091198
0.19 0 0.19 0.08939853979110045
0.19 0 0.2 0.9057196485097291
0.19 0 0.21 0.3355941123719827
0.19 0 0.22 0.013163738844053939
0.19 0 0.23 0.03096325653762267
0.19 0 0.24 0.9248108220649796
0.19 0 0.25 0.32403281103984616
0.19 0 0.26 0.19388484889053692
0.19 0 0.27 0.9100313671567097
0.19 0 0.28 0.9092868824655167
0.19 0 0.29 0.38587218194910206
0.19 0 0.3 0.06610619429009686
0.19 0 0.31 0.2142240337571732
0.19 0 0.32 0.39679798176751313
0.19 0 0.33 0.07111504066106702
0.19 0 0.34 0.0946251876206502
0.19 0 0.35000000000000003 0.06078576017497272
0.19 0 0.36 0.08982547134541825
0.19 0 0.37 0.30902858399818456
0.19 0 0.38 0.08194531012526364
0.19 0 0.39 0.00818065540739388
0.19 0 0.4 0.0020915247636732444
0.19 0 0.41000000000000003 0.002579705036512841
0.19 0 0.42 0.001790360910589237
0.19 0 0.43 0.016388670611413195
0.19 0 0.44 0.004398628462406858
0.19 0 0.45 0.0017656658207495486
0.19 0 0.46 0.009180085833804868
0.19 0 0.47000000000000003 0.005615529320857066
0.19 0 0.48 0.0010983422802681108
0.19 0 0.49 0.0006627093898629623
0.19 0 0.5 0.0006727109570608274
0.2 0 0.0 2.6475203023331764
0.2 0 0.01 0.8852388024349852
0.2 0 0.02 0.26705588142909714
0.2 0 0.03 3.2802917722084954
0.2 0 0.04 10.189511233466463
0.2 0 0.05 0.6799888788002458
0.2 0 0.06 1.5141273020015051
0.2 0 0.07 2.8039699434639513
0.2 0 0.08 10.278921254129745
0.2 0 0.09 16.022836026180563
0.2 0 0.1 2.2843842026536816
0.2 0 0.11 0.8402393442366034
0.2 0 0.12 0.6730933208286715
0.2 0 0.13 2.372641327611333
0.2 0 0.14 3.376360216760062
0.2 0 0.15 1.4614551054030707
0.2 0 0.16 0.1991373431345464
0.2 0 0.17 0.04285263817406211
0.2 0 0.18 0.03189949087747973
0.2 0 0.19 0.027475136128449443
0.2 0 0.2 0.5624682755611651
0.2 0 0.21 0.22391489042120827
0.2 0 0.22 0.10473054747998886
0.2 0 0.23 0.7918478959985887
0.2 0 0.24 0.32140042584171813
0.2 0 0.25 0.12250162655083394
0.2 0 0.26 0.14842434994776454
0.2 0 0.27 0.13737191549708422
0.2 0 0.28 0.05740168864282691
0.2 0 0.29 0.02041446274566219
0.2 0 0.3 0.05769657008875661
0.2 0 0.31 0.03964540678803819
0.2 0 0.32 0.1836376730619586
0.2 0 0.33 0.15236496398152505
0.2 0 0.34 0.12001894707090444
0.2 0 0.35000000000000003 0.06155333825826545
0.2 0 0.36 0.013183465629651786
0.2 0 0.37 0.013466956024623488
0.2 0 0.38 0.016155196747286396
0.2 0 0.39 0.009661448092686074
0.2 0 0.4 0.0009907689053294763
0.2 0 0.41000000000000003 0.00037025662166305514
0.2 0 0.42 0.000864858781059126
0.2 0 0.43 0.0005292472857997971
0.2 0 0.44 0.001058503819687884
0.2 0 0.45 0.0014317024490275146
0.2 0 0.46 0.001601960483085632
0.2 0 0.47000000000000003 0.0011736356152214382
0.2 0 0.48 0.0025639514798248227
0.2 0 0.49 0.0029090166955416667
0.2 0 0.5 0.0026408180075228804
0.21 0 0.0 13.855536813689657
0.21 0 0.01 25.53082113534315
0.21 0 0.02 33.539175836496405
0.21 0 0.03 27.57433035556883
0.21 0 0.04 26.839542256911624
0.21 0 0.05 4.810216788530433
0.21 0 0.06 20.54051478732591
0.21 0 0.07 30.63684109787839
0.21 0 0.08 1.2037584919434
0.21 0 0.09 10.065148943044742
0.21 0 0.1 5.111879418110154
0.21 0 0.11 3.4687316105113983
0.21 0 0.12 6.080810336829165
0.21 0 0.13 1.0094450610922863
0.21 0 0.14 4.6399806580055305
0.21 0 0.15 5.458087328653013
0.21 0 0.16 0.5616930748913046
0.21 0 0.17 0.3543217862772286
0.21 0 0.18 0.4085068245453287
0.21 0 0.19 0.30169272783095535
0.21 0 0.2 0.059772235816421326
0.21 0 0.21 0.04022774334029409
0.21 0 0.22 0.029984306210882772
0.21 0 0.23 0.03019951167302372
0.21 0 0.24 0.06651034243732037
0.21 0 0.25 0.1650591992870719
0.21 0 0.26 0.11669095386721823
0.21 0 0.27 0.08234268606540451
0.21 0 0.28 0.20548028373466043
0.21 0 0.29 0.15576159196186376
0.21 0 0.3 0.06245667717042878
0.21 0 0.31 0.01818790880858604
0.21 0 0.32 0.09583264616760402
0.21 0 0.33 0.24874239529181055
0.21 0 0.34 0.014585446318638328
0.21 0 0.35000000000000003 0.010063277629946429
0.21 0 0.36 0.02064399342730287
0.21 0 0.37 0.0765922053979121
0.21 0 0.38 0.013481804105866324
0.21 0 0.39 0.0020090419489918153
0.21 0 0.4 0.003719851042684663
0.21 0 0.41000000000000003 0.00399707210140258
0.21 0 0.42 0.0025785444781462885
0.21 0 0.43 8.72552387029067e-05
0.21 0 0.44 0.0004407527920963549
0.21 0 0.45 0.0005953748542096436
0.21 0 0.46 0.00020953524567678792
0.21 0 0.47000000000000003 0.0007298109274025424
0.21 0 0.48 0.0002207881785386794
0.21 0 0.49 7.70962217436746e-05
0.21 0 0.5 3.0399396192674e-05
0.22 0 0.0 7.759048349158467
0.22 0 0.01 3.4970927547975323
0.22 0 0.02 5.039262597711909
0.22 0 0.03 4.487141465386475
0.22 0 0.04 5.6081189471356465
0.22 0 0.05 13.877626030420572
0.22 0 0.06 2.00300687987872
0.22 0 0.07 3.285264188276618
0.22 0 0.08 19.21451542136706
0.22 0 0.09 10.882953304827375
0.22 0 0.1 22.06318753473429
0.22 0 0.11 22.12091979015508
0.22 0 0.12 7.052710971047018
0.22 0 0.13 7.16597185582064
0.22 0 0.14 1.1722204561919376
0.22 0 0.15 0.1249681083347022
0.22 0 0.16 0.1747976133132322
0.22 0 0.17 0.024380929539600645
0.22 0 0.18 0.010891352280690735
0.22 0 0.19 0.10089649588473179
0.22 0 0.2 0.053253560479652504
0.22 0 0.21 0.04980807495982255
0.22 0 0.22 0.016300160568505834
0.22 0 0.23 0.020254773827505578
0.22 0 0.24 0.9636441612850949
0.22 0 0.25 0.18211381864335832
0.22 0 0.26 0.02506873210692744
0.22 0 0.27 0.07705826974850226
0.22 0 0.28 0.05559227301620353
0.22 0 0.29 0.018889061760751332
0.22 0 0.3 0.018970413335028507
0.22 0 0.31 0.04712018391048896
0.22 0 0.32 0.016460004079634362
0.22 0 0.33 0.06472094479597287
0.22 0 0.34 0.020589594451945175
0.22 0 0.35000000000000003 0.004438335792421461
0.22 0 0.36 0.005513741616393405
0.22 0 0.37 0.003934928535764613
0.22 0 0.38 0.007655995437287502
0.22 0 0.39 0.0010148191165398326
0.22 0 0.4 0.0005454058200935886
0.22 0 0.41000000000000003 0.0010390604688626521
0.22 0 0.42 0.001832445824435241
0.22 0 0.43 0.004362479439049228
0.22 0 0.44 0.0038596951177323276
0.22 0 0.45 0.0074898233034341654
0.22 0 0.46 0.000719113622224968
0.22 0 0.47000000000000003 0.000286287018300031
0.22 0 0.48 0.0004309548964408799
0.22 0 0.49 0.0006177969444734064
0.22 0 0.5 0.0003420416031607743
0.23 0 0.0 45.841803737558685
0.23 0 0.01 10.999467647017315
0.23 0 0.02 0.9403419343027178
0.23 0 0.03 1.8152371935179168
0.23 0 0.04 1.005525772090597
0.23 0 0.05 0.1539372059926919
0.23 0 0.06 0.19487536136426414
0.23 0 0.07 5.496411920109366
0.23 0 0.08 11.080239622148177
0.23 0 0.09 2.73848517381192
0.23 0 0.1 3.529861371771222
0.23 0 0.11 1.960186428884951
0.23 0 0.12 0.711525432134451
0.23 0 0.13 0.49601379864482525
0.23 0 0.14 0.7414007851725158
0.23 0 0.15 1.610368832522019
0.23 0 0.16 1.0175789890595246
0.23 0 0.17 0.7561238728621736
0.23 0 0.18 0.38417791934745965
0.23 0 0.19 0.3512803059890759
0.23 0 0.2 0.3321084895256106
0.23 0 0.21 0.045898714001485666
0.23 0 0.22 0.1677624242734457
0.23 0 0.23 0.46177494092787513
0.23 0 0.24 0.16429387645372576
0.23 0 0.25 0.10588422942487244
0.23 0 0.26 0.043097745854636854
0.23 0 0.27 0.08439123153246812
0.23 0 0.28 0.02071374770606448
0.23 0 0.29 0.0021588946586179676
0.23 0 0.3 0.0026636089151266177
0.23 0 0.31 0.007051451089548472
0.23 0 0.32 0.0066330533470521065
0.23 0 0.33 0.00337597853986088
0.23 0 0.34 0.007835811760970235
0.23 0 0.35000000000000003 0.011830196063052597
0.23 0 0.36 0.0161739469012699
0.23 0 0.37 0.009953351759325041
0.23 0 0.38 0.00463637417599572
0.23 0 0.39 0.0007541145888938022
0.23 0 0.4 0.0014996410833445506
0.23 0 0.41000000000000003 0.010076244795264576
0.23 0 0.42 0.013995539427880054
0.23 0 0.43 0.028108405213749504
0.23 0 0.44 0.002463051654354069
0.23 0 0.45 0.007549556765007433
0.23 0 0.46 0.004810025449976885
0.23 0 0.47000000000000003 0.0006386457644183986
0.23 0 0.48 0.006947209466044003
0.23 0 0.49 0.0023141450131146696
0.23 0 0.5 0.0011502062483589562
0.24 0 0.0 4.79512680662404
0.24 0 0.01 7.265922079740839
0.24 0 0.02 3.7033621147982467
0.24 0 0.03 0.5449783454662923
0.24 0 0.04 0.5636105978958394
0.24 0 0.05 0.35330401959392665
0.24 0 0.06 0.9597079206995754
0.24 0 0.07 11.048095250489567
0.24 0 0.08 3.4866956190868206
0.24 0 0.09 5.222763272641128
0.24 0 0.1 7.680090329340252
0.24 0 0.11 0.6742407939546486
0.24 0 0.12 0.4608769897574445
0.24 0 0.13 0.13989914583517638
0.24 0 0.14 0.10762316280567144
0.24 0 0.15 0.07406521722205676
0.24 0 0.16 0.003356543144283902
0.24 0 0.17 0.004969998554632021
0.24 0 0.18 0.02204517632471003
0.24 0 0.19 0.03260808435811796
0.24 0 0.2 0.036996855528775394
0.24 0 0.21 0.014554340538319558
0.24 0 0.22 0.007388918701118885
0.24 0 0.23 0.029320692301245628
0.24 0 0.24 0.06818328788638033
0.24 0 0.25 0.2071598406144051
0.24 0 0.26 0.16260117107974909
0.24 0 0.27 0.025500138861888514
0.24 0 0.28 0.007659341420992047
0.24 0 0.29 0.0035823997383049233
0.24 0 0.3 0.0019731627646556896
0.24 0 0.31 0.007818191673550884
0.24 0 0.32 0.024897218193298303
0.24 0 0.33 0.011396061572384137
0.24 0 0.34 0.020800461642944964
0.24 0 0.35000000000000003 0.0026263327627368124
0.24 0 0.36 0.0012889071079367634
0.24 0 0.37 0.016722371196930475
0.24 0 0.38 0.0024233301729926376
0.24 0 0.39 0.00261447649940496
0.24 0 0.4 0.013099537511799403
0.24 0 0.41000000000000003 0.02425388449138664
0.24 0 0.42 0.007840049364404529
0.24 0 0.43 0.004143736434424463
0.24 0 0.44 0.03378524736881455
0.24 0 0.45 0.012790893470062887
0.24 0 0.46 0.001944090848547517
0.24 0 0.47000000000000003 0.0016923190030740923
0.24 0 0.48 0.0042440979296713005
0.24 0 0.49 0.007145206953136472
0.24 0 0.5 0.028492261337462563
0.25 0 0.0 1.3091451319288676
0.25 0 0.01 2.062004657483249
0.25 0 0.02 2.6100599709588193
0.25 0 0.03 1.8225804886173178
0.25 0 0.04 0.44020599094943563
0.25 0 0.05 0.20409535823379293
0.25 0 0.06 0.43243628675416723
0.25 0 0.07 0.18061880234100847
0.25 0 0.08 1.6678821174973937
0.25 0 0.09 2.205178344592248
0.25 0 0.1 3.416044040965888
0.25 0 0.11 1.831568298614231
0.25 0 0.12 0.1603150660237691
0.25 0 0.13 0.30219211839936344
0.25 0 0.14 0.2152739224748496
0.25 0 0.15 0.017063189794154
0.25 0 0.16 0.028483107624818586
0.25 0 0.17 0.11253349960234375
0.25 0 0.18 0.03428859775445603
0.25 0 0.19 0.020184146869483287
0.25 0 0.2 0.1547855036365369
0.25 0 0.21 0.655862731573449
0.25 0 0.22 1.278322086062297
0.25 0 0.23 2.957242017005442
0.25 0 0.24 10.566599728990303
0.25 0 0.25 4.937856377294239
0.25 0 0.26 1.71527028444278
0.25 0 0.27 1.160772525400379
0.25 0 0.28 0.6842243077879712
0.25 0 0.29 0.16988105806863474
0.25 0 0.3 0.05956425514859441
0.25 0 0.31 0.023677951385382374
0.25 0 0.32 0.02974909615245603
0.25 0 0.33 0.08342894666590142
0.25 0 0.34 0.009797358612687922
0.25 0 0.35000000000000003 0.005723402140483843
0.25 0 0.36 0.034972186426330154
0.25 0 0.37 0.03882200970170872
0.25 0 0.38 0.004206796480267901
0.25 0 0.39 0.0011456103030465022
0.25 0 0.4 0.01193296752010703
0.25 0 0.41000000000000003 0.034831014335371314
0.25 0 0.42 0.009851762583808701
0.25 0 0.43 0.16203393920857487
0.25 0 0.44 0.5937435160596602
0.25 0 0.45 0.012813711291998375
0.25 0 0.46 0.009848922490526832
0.25 0 0.47000000000000003 0.027821723714079493
0.25 0 0.48 0.011092753653225016
0.25 0 0.49 0.008821721609872267
0.25 0 0.5 0.005052947278972998
0.26 0 0.0 3.2972764659557194
0.26 0 0.01 0.17754717114744
0.26 0 0.02 0.415075516303997
0.26 0 0.03 1.0076126663469047
0.26 0 0.04 0.3940976701532463
0.26 0 0.05 0.9127759727502135
0.26 0 0.06 2.03599457730256
0.26 0 0.07 1.0388677492685392
0.26 0 0.08 2.7498587827391554
0.26 0 0.09 6.249203731893398
0.26 0 0.1 3.990644550520065
0.26 0 0.11 1.5516238642854114
0.26 0 0.12 0.3178325830024469
0.26 0 0.13 1.5261748550791019
0.26 0 0.14 0.958427858088773
0.26 0 0.15 0.11591377773623324
0.26 0 0.16 0.11666210922788302
0.26 0 0.17 0.0558197280121518
0.26 0 0.18 0.021813162338538916
0.26 0 0.19 0.05924832730648275
0.26 0 0.2 1.013642412310741
0.26 0 0.21 0.11938148875003392
0.26 0 0.22 0.16701845950153751
0.26 0 0.23 1.380493414229684
0.26 0 0.24 0.6478510646910877
0.26 0 0.25 0.3625019659496339
0.26 0 0.26 0.06462803534008921
0.26 0 0.27 0.03082257388315748
0.26 0 0.28 0.017625429071495072
0.26 0 0.29 0.002236760934780935
0.26 0 0.3 0.009423793686588905
0.26 0 0.31 0.028850908510587216
0.26 0 0.32 0.12247236250470263
0.26 0 0.33 0.2684753808198168
0.26 0 0.34 0.1458402760441788
0.26 0 0.35000000000000003 0.6817625267968946
0.26 0 0.36 1.679244456188681
0.26 0 0.37 0.13819245850243098
0.26 0 0.38 0.12522635281867028
0.26 0 0.39 0.15941415762393468
0.26 0 0.4 0.07188653461483333
0.26 0 0.41000000000000003 0.04170813118463333
0.26 0 0.42 0.04289284464872144
0.26 0 0.43 0.02566921685095594
0.26 0 0.44 0.016310382003195727
0.26 0 0.45 0.019504126325921203
0.26 0 0.46 0.08140407510012876
0.26 0 0.47000000000000003 0.183232442016184
0.26 0 0.48 0.17341902875710863
0.26 0 0.49 0.3486139946579781
0.26 0 0.5 0.2246205669997088
0.27 0 0.0 3.0233164954253815
0.27 0 0.01 1.1180216104258593
0.27 0 0.02 1.7428014793477797
0.27 0 0.03 3.3127559910942264
0.27 0 0.04 4.527501666051582
0.27 0 0.05 2.262355631798848
0.27 0 0.06 1.2554231763703223
0.27 0 0.07 7.409135874969489
0.27 0 0.08 1.0902118035761388
0.27 0 0.09 1.532410609792232
0.27 0 0.1 0.13049172251787358
0.27 0 0.11 0.08293499026834805
0.27 0 0.12 0.9154808430264303
0.27 0 0.13 0.34886631491058495
0.27 0 0.14 0.3504850936475093
0.27 0 0.15 1.4843109460595922
0.27 0 0.16 0.49261897531547494
0.27 0 0.17 0.194854414996373
0.27 0 0.18 1.097444392632465
0.27 0 0.19 0.5775710092687222
0.27 0 0.2 0.028745716106228864
0.27 0 0.21 0.07547106819770434
0.27 0 0.22 0.09285273304655375
0.27 0 0.23 0.5353756610816444
0.27 0 0.24 0.38022913012449105
0.27 0 0.25 0.1760684573399714
0.27 0 0.26 0.8232217940873882
0.27 0 0.27 0.12934801950034214
0.27 0 0.28 0.01359943534048189
0.27 0 0.29 0.04530756421717628
0.27 0 0.3 0.05154936229797908
0.27 0 0.31 0.08788607316364673
0.27 0 0.32 0.995440608348447
0.27 0 0.33 1.2990688088510236
0.27 0 0.34 1.7948899207902358
0.27 0 0.35000000000000003 2.6296057798868633
0.27 0 0.36 0.48882741832821647
0.27 0 0.37 0.5143280491801511
0.27 0 0.38 0.0567055047959295
0.27 0 0.39 0.003672439682953551
0.27 0 0.4 0.005195527591793564
0.27 0 0.41000000000000003 0.010654666731990156
0.27 0 0.42 0.06273004420714307
0.27 0 0.43 0.04589799342465589
0.27 0 0.44 0.03674381197893628
0.27 0 0.45 0.09011439367839412
0.27 0 0.46 0.2667454500753527
0.27 0 0.47000000000000003 0.3541566008822278
0.27 0 0.48 0.300544265648226
0.27 0 0.49 0.19698837634537433
0.27 0 0.5 0.14813128436666453
0.28 0 0.0 0.1861028192537648
0.28 0 0.01 1.3186743942084547
0.28 0 0.02 0.4424363658222213
0.28 0 0.03 0.20703188975263875
0.28 0 0.04 0.7984853283834379
0.28 0 0.05 4.800975640188304
0.28 0 0.06 1.5937890105675356
0.28 0 0.07 0.45882494828860054
0.28 0 0.08 0.23858311302796553
0.28 0 0.09 0.12169048139979352
0.28 0 0.1 0.09420238876950777
0.28 0 0.11 0.012046536467118996
0.28 0 0.12 0.06360504098631324
0.28 0 0.13 0.28544051476975507
0.28 0 0.14 0.17407295993180547
0.28 0 0.15 0.28415878341696227
0.28 0 0.16 0.20606959562403535
0.28 0 0.17 0.19136586342777717
0.28 0 0.18 0.20258641146178197
0.28 0 0.19 0.10444763770813564
0.28 0 0.2 0.040675543269944936
0.28 0 0.21 0.23161096864561737
0.28 0 0.22 0.08234189934922319
0.28 0 0.23 0.10081868911709045
0.28 0 0.24 0.50727995048515
0.28 0 0.25 0.13413370382139533
0.28 0 0.26 0.06463437284625333
0.28 0 0.27 0.019836181155063366
0.28 0 0.28 0.00773526016869346
0.28 0 0.29 0.009376148248640996
0.28 0 0.3 0.01610228591735592
0.28 0 0.31 0.14664260265481718
0.28 0 0.32 0.028746069813618127
0.28 0 0.33 0.028576429611140212
0.28 0 0.34 0.0075643721998678816
0.28 0 0.35000000000000003 0.03848750162807494
0.28 0 0.36 1.2328228240411012
0.28 0 0.37 0.5591988443208724
0.28 0 0.38 0.45650116758752246
0.28 0 0.39 0.39752961014099286
0.28 0 0.4 0.1859008607880876
0.28 0 0.41000000000000003 0.2217363091033238
0.28 0 0.42 0.05321306191910946
0.28 0 0.43 0.041189903455175834
0.28 0 0.44 0.04417698725482857
0.28 0 0.45 0.06500427279409489
0.28 0 0.46 0.022616063501079406
0.28 0 0.47000000000000003 0.030548214809207982
0.28 0 0.48 0.0880792516945522
0.28 0 0.49 0.7417890017822023
0.28 0 0.5 0.64214920501741
0.29 0 0.0 0.02523733137236332
0.29 0 0.01 0.03274909792844284
0.29 0 0.02 0.012651582535553752
0.29 0 0.03 0.06706551462957527
0.29 0 0.04 0.05232520332557938
0.29 0 0.05 0.015550665277221674
0.29 0 0.06 0.016698747073534408
0.29 0 0.07 0.012766994898175857
0.29 0 0.08 0.17149996328022318
0.29 0 0.09 0.04577589012876073
0.29 0 0.1 0.0461898890131732
0.29 0 0.11 0.09061856852073237
0.29 0 0.12 0.22137476604916148
0.29 0 0.13 0.4226971248191941
0.29 0 0.14 0.16258112338406186
0.29 0 0.15 0.07422605403396171
0.29 0 0.16 0.07878366250849912
0.29 0 0.17 0.018107534812189272
0.29 0 0.18 0.0020413169281913745
0.29 0 0.19 0.006117768716540929
0.29 0 0.2 0.19065098932448624
0.29 0 0.21 0.09457774187706623
0.29 0 0.22 0.45116726546754665
0.29 0 0.23 0.2833707025493317
0.29 0 0.24 0.32799105968291636
0.29 0 0.25 0.2049761051299108
0.29 0 0.26 0.009778049080315796
0.29 0 0.27 0.02995765557643617
0.29 0 0.28 0.133862617922394
0.29 0 0.29 0.017224424096928443
0.29 0 0.3 0.007436088177589398
0.29 0 0.31 0.01654366776313874
0.29 0 0.32 0.012254338713363289
0.29 0 0.33 0.007328544298650364
0.29 0 0.34 0.010320337143520843
0.29 0 0.35000000000000003 0.007051402839537224
0.29 0 0.36 0.06356585891613191
0.29 0 0.37 0.08210749061391398
0.29 0 0.38 0.3454697785765345
0.29 0 0.39 1.8985453671897325
0.29 0 0.4 0.9235418885019251
0.29 0 0.41000000000000003 6.964830408080438
0.29 0 0.42 15.096198497276122
0.29 0 0.43 2.059995783682622
0.29 0 0.44 0.1758891382432427
0.29 0 0.45 0.5102908308120726
0.29 0 0.46 0.4356417090396788
0.29 0 0.47000000000000003 0.5387489257414498
0.29 0 0.48 0.6200262792984027
0.29 0 0.49 0.044832608646962605
0.29 0 0.5 0.040473825661798524
0.3 0 0.0 0.11310824393649177
0.3 0 0.01 0.02313445347623757
0.3 0 0.02 0.006823051729404395
0.3 0 0.03 0.011355757472324493
0.3 0 0.04 0.07280602911625024
0.3 0 0.05 0.06359643694216939
0.3 0 0.06 0.03590887079424033
0.3 0 0.07 0.07859698007361182
0.3 0 0.08 0.06141681917719663
0.3 0 0.09 0.02329062596630018
0.3 0 0.1 0.025075734644273682
0.3 0 0.11 0.27716245031276504
0.3 0 0.12 0.23961131471361757
0.3 0 0.13 0.10539072652940223
0.3 0 0.14 0.03917982631643233
0.3 0 0.15 0.0037511120509802847
0.3 0 0.16 0.0024887723393181896
0.3 0 0.17 0.006371062038385607
0.3 0 0.18 0.03433457599467218
0.3 0 0.19 0.08682960195223763
0.3 0 0.2 0.1279035455650773
0.3 0 0.21 0.1604319889456413
0.3 0 0.22 0.18809624679344591
0.3 0 0.23 0.054078841559885744
0.3 0 0.24 0.027041948645827672
0.3 0 0.25 0.052316212816439965
0.3 0 0.26 0.034897890024491236
0.3 0 0.27 0.02289981014090868
0.3 0 0.28 0.02264391991835898
0.3 0 0.29 0.014125725159580797
0.3 0 0.3 0.0745141248636552
0.3 0 0.31 0.07669264085034826
0.3 0 0.32 0.011959337474983059
0.3 0 0.33 0.0005350614375837832
0.3 0 0.34 0.00726895759932415
0.3 0 0.35000000000000003 0.00935956211104204
0.3 0 0.36 0.015463726577197183
0.3 0 0.37 0.2831544216959239
0.3 0 0.38 0.2312001659953205
0.3 0 0.39 0.4887478362470877
0.3 0 0.4 1.8004833487284764
0.3 0 0.41000000000000003 6.412243492955765
0.3 0 0.42 8.037536439595218
0.3 0 0.43 1.7781172357030008
0.3 0 0.44 3.815717346508448
0.3 0 0.45 0.8276831684362281
0.3 0 0.46 1.8403821255671233
0.3 0 0.47000000000000003 0.6773878475670106
0.3 0 0.48 0.7788094055149318
0.3 0 0.49 0.43011350426957473
0.3 0 0.5 0.14131526549190065
#STOP
