#MEDIUM_PROPERTIES_DISTRIBUTED
$MSH_TYPE
	 GROUNDWATER_FLOW	
$MMP_TYPE
	 PERMEABILITY	
$DIS_TYPE
	 NEAREST_VALUE	
;hj
$CONVERSION_FACTOR
2e-8;2e-6;2e-13
$DATA
0.0 0 0.0 3.0193753619625787
0.0 0 0.01 0.5418548334757884
0.0 0 0.02 0.4720971823291035
0.0 0 0.03 0.8527027181199556
0.0 0 0.04 0.979439771654291
0.0 0 0.05 1.1567370730775328
0.0 0 0.06 0.6399723367916056
0.0 0 0.07 1.391315797334639
0.0 0 0.08 1.4750438750250328
0.0 0 0.09 1.327230143915341
0.0 0 0.1 2.668458480144301
0.0 0 0.11 1.7028579490621765
0.0 0 0.12 4.07620447899515
0.0 0 0.13 1.604128049815111
0.0 0 0.14 1.137598627435731
0.0 0 0.15 1.1349007744715993
0.0 0 0.16 2.927389566613915
0.0 0 0.17 3.1818757271859304
0.0 0 0.18 1.6932295839677705
0.0 0 0.19 1.469856271450496
0.0 0 0.2 0.42383725958997126
0.0 0 0.21 0.30189217053270917
0.0 0 0.22 0.3687393674413318
0.0 0 0.23 0.4232443988156406
0.0 0 0.24 1.9055095495634071
0.0 0 0.25 0.7302868827338795
0.0 0 0.26 0.9066552794967403
0.0 0 0.27 3.8790330562886988
0.0 0 0.28 4.249483959066956
0.0 0 0.29 7.209945600680949
0.0 0 0.3 4.049440138007334
0.0 0 0.31 0.9542834980202175
0.0 0 0.32 1.4353145245255228
0.0 0 0.33 3.1672504517264
0.0 0 0.34 1.87618457250967
0.0 0 0.35000000000000003 1.6869481034573592
0.0 0 0.36 1.4115823104211147
0.0 0 0.37 0.2373065447764558
0.0 0 0.38 0.15895079154255673
0.0 0 0.39 0.1633069397241057
0.0 0 0.4 0.096413687234051
0.0 0 0.41000000000000003 0.1600197490566698
0.0 0 0.42 0.02139628282320271
0.0 0 0.43 0.023867455750863253
0.0 0 0.44 0.05531369133537376
0.0 0 0.45 0.019127633827724037
0.0 0 0.46 0.039006143209148476
0.0 0 0.47000000000000003 0.12183999238828527
0.0 0 0.48 0.09931395274961324
0.0 0 0.49 0.14160899766710955
0.0 0 0.5 0.2160116255208406
0.01 0 0.0 0.5133180469242236
0.01 0 0.01 0.15392228869741634
0.01 0 0.02 1.4895791925685444
0.01 0 0.03 0.920868369928011
0.01 0 0.04 0.34875654381785764
0.01 0 0.05 2.9632794265198283
0.01 0 0.06 1.1934018449351644
0.01 0 0.07 0.5292691511072312
0.01 0 0.08 0.20604537611254636
0.01 0 0.09 0.26273822146677356
0.01 0 0.1 0.35385499545142035
0.01 0 0.11 1.4924258327645021
0.01 0 0.12 3.9383121458968855
0.01 0 0.13 0.4026542313721198
0.01 0 0.14 0.15727076749321353
0.01 0 0.15 0.05889562748151003
0.01 0 0.16 0.1286372965883912
0.01 0 0.17 0.14070593475149765
0.01 0 0.18 0.15511834825282877
0.01 0 0.19 1.0434944261246688
0.01 0 0.2 0.49228282714711646
0.01 0 0.21 0.5796919109133581
0.01 0 0.22 1.881966457557603
0.01 0 0.23 2.1146708398058984
0.01 0 0.24 0.5443399679479558
0.01 0 0.25 0.1914406313111059
0.01 0 0.26 0.6562942792311017
0.01 0 0.27 0.6779181969970425
0.01 0 0.28 2.995543416304973
0.01 0 0.29 3.6572223119754126
0.01 0 0.3 2.8219045963274314
0.01 0 0.31 1.477846014597681
0.01 0 0.32 1.2009373092578575
0.01 0 0.33 1.3464543995422167
0.01 0 0.34 0.6109086409169813
0.01 0 0.35000000000000003 0.5762273155524333
0.01 0 0.36 0.40834496142207843
0.01 0 0.37 0.16053183850249061
0.01 0 0.38 0.25164291716650855
0.01 0 0.39 0.4408720183516536
0.01 0 0.4 0.8770368553605598
0.01 0 0.41000000000000003 0.44384939162379
0.01 0 0.42 0.7937521981922776
0.01 0 0.43 0.4803687901920645
0.01 0 0.44 0.20271989166271995
0.01 0 0.45 0.04033848895192126
0.01 0 0.46 0.030349960260958854
0.01 0 0.47000000000000003 0.03253065772252229
0.01 0 0.48 0.025308483301319958
0.01 0 0.49 0.045178074021706295
0.01 0 0.5 0.06232205244280308
0.02 0 0.0 0.6402432325099292
0.02 0 0.01 1.050759016515208
0.02 0 0.02 0.5131884346897728
0.02 0 0.03 0.5636064704327763
0.02 0 0.04 1.1047733587920194
0.02 0 0.05 5.397882623183943
0.02 0 0.06 3.8171548606853505
0.02 0 0.07 1.4504492941684666
0.02 0 0.08 0.7921709421652716
0.02 0 0.09 0.16226327575290214
0.02 0 0.1 0.24225762818525085
0.02 0 0.11 0.6769151528950462
0.02 0 0.12 0.13480455281447382
0.02 0 0.13 0.08952220426235243
0.02 0 0.14 0.2520464995994398
0.02 0 0.15 0.14442683994161584
0.02 0 0.16 0.03494190531522534
0.02 0 0.17 0.06950126853564738
0.02 0 0.18 0.017453768282628426
0.02 0 0.19 0.012892173571277409
0.02 0 0.2 0.006293270534266312
0.02 0 0.21 0.012864309080601323
0.02 0 0.22 0.0772549596549428
0.02 0 0.23 0.05227786808924825
0.02 0 0.24 0.08786551993014517
0.02 0 0.25 0.19401029857191973
0.02 0 0.26 0.0430856807485346
0.02 0 0.27 0.024798767577723063
0.02 0 0.28 0.06492301102032981
0.02 0 0.29 0.04392182345819593
0.02 0 0.3 0.014381691515682124
0.02 0 0.31 0.07287351887389475
0.02 0 0.32 0.016113738692287643
0.02 0 0.33 0.024654650948470077
0.02 0 0.34 0.043231557423808055
0.02 0 0.35000000000000003 0.02565323012464826
0.02 0 0.36 0.04519029439097581
0.02 0 0.37 0.05913495200448791
0.02 0 0.38 0.6608516379521626
0.02 0 0.39 1.8428086488330044
0.02 0 0.4 0.5465822304296278
0.02 0 0.41000000000000003 0.3792854590774993
0.02 0 0.42 0.22951412117516481
0.02 0 0.43 0.07992760969426514
0.02 0 0.44 0.010434923973303036
0.02 0 0.45 0.024694838481732564
0.02 0 0.46 0.01018805375733104
0.02 0 0.47000000000000003 0.007786740705624935
0.02 0 0.48 0.03382903616446115
0.02 0 0.49 0.022815356022410697
0.02 0 0.5 0.024174253788744472
0.03 0 0.0 0.31758328545078834
0.03 0 0.01 0.25267292500280586
0.03 0 0.02 0.21196179955377373
0.03 0 0.03 0.22385523403478128
0.03 0 0.04 1.6756158628623516
0.03 0 0.05 2.836303122201106
0.03 0 0.06 3.97601664049123
0.03 0 0.07 1.9772303757409884
0.03 0 0.08 1.4495775405112166
0.03 0 0.09 0.9681195289411074
0.03 0 0.1 0.27239488811266044
0.03 0 0.11 0.13945987095027412
0.03 0 0.12 0.1583698420987507
0.03 0 0.13 0.1409188567153154
0.03 0 0.14 0.12807325169362285
0.03 0 0.15 0.03530206568727064
0.03 0 0.16 0.02775970965895816
0.03 0 0.17 0.014477123511538657
0.03 0 0.18 0.011417072646444957
0.03 0 0.19 0.010161411414493728
0.03 0 0.2 0.007645266680959987
0.03 0 0.21 0.008641461756507787
0.03 0 0.22 0.007654414564550469
0.03 0 0.23 0.0047287871117133225
0.03 0 0.24 0.004210066756974252
0.03 0 0.25 0.002938537621912383
0.03 0 0.26 0.0051819164471934576
0.03 0 0.27 0.00784861469695767
0.03 0 0.28 0.03670690309115281
0.03 0 0.29 0.06030976596399975
0.03 0 0.3 0.04499208809208082
0.03 0 0.31 0.05131902267330041
0.03 0 0.32 0.01601250497452285
0.03 0 0.33 0.029177700036906538
0.03 0 0.34 0.014593954161818934
0.03 0 0.35000000000000003 0.0029982898553588206
0.03 0 0.36 0.006434303392211383
0.03 0 0.37 0.017460665921994804
0.03 0 0.38 0.05741324642227571
0.03 0 0.39 0.09951890532697802
0.03 0 0.4 0.15173722175341833
0.03 0 0.41000000000000003 0.07518954908013115
0.03 0 0.42 0.06051649891082553
0.03 0 0.43 0.11092128210422501
0.03 0 0.44 0.1062470826653173
0.03 0 0.45 0.5118454080316698
0.03 0 0.46 0.05741043631967351
0.03 0 0.47000000000000003 0.06843428573942158
0.03 0 0.48 0.1908767730974795
0.03 0 0.49 0.11528889178417955
0.03 0 0.5 0.47974804486944833
0.04 0 0.0 0.2003444242139191
0.04 0 0.01 0.2530757805973767
0.04 0 0.02 0.222342163606465
0.04 0 0.03 0.5311992801745554
0.04 0 0.04 2.252131008575063
0.04 0 0.05 0.5092521350969123
0.04 0 0.06 3.7619810730392174
0.04 0 0.07 7.021537296116649
0.04 0 0.08 1.9966592261670366
0.04 0 0.09 9.50807785832227
0.04 0 0.1 2.071376775216494
0.04 0 0.11 1.9293716177730278
0.04 0 0.12 0.5653400487276284
0.04 0 0.13 0.1937640782241914
0.04 0 0.14 0.17760966080364998
0.04 0 0.15 0.0777754302352102
0.04 0 0.16 0.08698702664047726
0.04 0 0.17 0.03557772347368028
0.04 0 0.18 0.028664936559141204
0.04 0 0.19 0.0029321598933189255
0.04 0 0.2 0.004953969971604564
0.04 0 0.21 0.0033262376112905678
0.04 0 0.22 0.0003177187181236932
0.04 0 0.23 0.0017723095463592685
0.04 0 0.24 0.0018953908390161758
0.04 0 0.25 0.0035441824205955106
0.04 0 0.26 0.008836138162312787
0.04 0 0.27 0.02476323062708039
0.04 0 0.28 0.07813474627505794
0.04 0 0.29 0.01641111734718817
0.04 0 0.3 0.025131573746388605
0.04 0 0.31 0.015543801288396563
0.04 0 0.32 0.0345449740883019
0.04 0 0.33 0.013556476042147282
0.04 0 0.34 0.006928813487216611
0.04 0 0.35000000000000003 0.0035809984615683475
0.04 0 0.36 0.0007026894345955453
0.04 0 0.37 0.004101693044240395
0.04 0 0.38 0.015368273407833706
0.04 0 0.39 0.03773651156502788
0.04 0 0.4 0.0716244029838768
0.04 0 0.41000000000000003 0.02417558601314963
0.04 0 0.42 0.02414864050152742
0.04 0 0.43 0.009797928709566786
0.04 0 0.44 0.04172507056761893
0.04 0 0.45 0.020901386787962446
0.04 0 0.46 0.00912952200150084
0.04 0 0.47000000000000003 0.020613802723917177
0.04 0 0.48 0.08643311890478823
0.04 0 0.49 0.1572770372142946
0.04 0 0.5 0.08385751941585183
0.05 0 0.0 0.004604270540103674
0.05 0 0.01 0.007789019183392878
0.05 0 0.02 0.00821330558194009
0.05 0 0.03 0.023311381987828488
0.05 0 0.04 0.021619281129519257
0.05 0 0.05 0.024165873022308153
0.05 0 0.06 0.022819721536210688
0.05 0 0.07 0.007841017149944948
0.05 0 0.08 0.008824470507640342
0.05 0 0.09 0.01941102513423806
0.05 0 0.1 0.029443397053099903
0.05 0 0.11 0.061910905169049735
0.05 0 0.12 0.07498206974536534
0.05 0 0.13 0.09331714585575315
0.05 0 0.14 0.12515035476052253
0.05 0 0.15 0.6894752255838205
0.05 0 0.16 0.35666878800465013
0.05 0 0.17 0.16659741616486948
0.05 0 0.18 0.1872530877660422
0.05 0 0.19 0.12945834165569867
0.05 0 0.2 0.11122859542904386
0.05 0 0.21 0.04074905920965644
0.05 0 0.22 0.011062003211620737
0.05 0 0.23 0.016301111013675235
0.05 0 0.24 0.0029667066304123637
0.05 0 0.25 0.0037876232347286917
0.05 0 0.26 0.012078093981877366
0.05 0 0.27 0.014385724273280475
0.05 0 0.28 0.008898021565035472
0.05 0 0.29 0.020669147060388714
0.05 0 0.3 0.024018943423625233
0.05 0 0.31 0.025868506020663817
0.05 0 0.32 0.11585130674463584
0.05 0 0.33 0.0788198674843648
0.05 0 0.34 0.03337937745638798
0.05 0 0.35000000000000003 0.024853091018194544
0.05 0 0.36 0.00271952946335657
0.05 0 0.37 0.00526064375496271
0.05 0 0.38 0.004117540247950029
0.05 0 0.39 0.006541326812576394
0.05 0 0.4 0.018285937161062592
0.05 0 0.41000000000000003 0.008822898010747652
0.05 0 0.42 0.015561347288001336
0.05 0 0.43 0.11078289418798767
0.05 0 0.44 0.06814537247252939
0.05 0 0.45 0.009611236056089583
0.05 0 0.46 0.018371699635161328
0.05 0 0.47000000000000003 0.023685540235266665
0.05 0 0.48 0.019136626347381808
0.05 0 0.49 0.05737050001136077
0.05 0 0.5 0.03725014232311721
0.06 0 0.0 0.0022264735897235184
0.06 0 0.01 0.003033728474281317
0.06 0 0.02 0.0037035593121348513
0.06 0 0.03 0.0028281576468461257
0.06 0 0.04 0.00267632261950807
0.06 0 0.05 0.008434738448515035
0.06 0 0.06 0.011093724384983896
0.06 0 0.07 0.015515445926669327
0.06 0 0.08 0.04374224141894439
0.06 0 0.09 0.031143194462906212
0.06 0 0.1 0.08640649024083524
0.06 0 0.11 0.01952144768895474
0.06 0 0.12 0.039195854371057735
0.06 0 0.13 0.10959290017232963
0.06 0 0.14 0.15387986436470183
0.06 0 0.15 0.3291069453185534
0.06 0 0.16 0.36528632701298747
0.06 0 0.17 0.4035818149084802
0.06 0 0.18 0.36994649472971886
0.06 0 0.19 0.3264705224024403
0.06 0 0.2 0.2564994381069927
0.06 0 0.21 0.24120191971214086
0.06 0 0.22 0.3888935795988162
0.06 0 0.23 0.2024352381301645
0.06 0 0.24 0.15070883833288976
0.06 0 0.25 0.08039645262475338
0.06 0 0.26 0.12767497075990317
0.06 0 0.27 0.0645024239566495
0.06 0 0.28 0.03723371604554276
0.06 0 0.29 0.04540052615972661
0.06 0 0.3 0.04544921453070609
0.06 0 0.31 0.044780939335009866
0.06 0 0.32 0.017437331476447354
0.06 0 0.33 0.011055859510686373
0.06 0 0.34 0.006068918627183593
0.06 0 0.35000000000000003 0.00287358401450152
0.06 0 0.36 0.0016565437368168629
0.06 0 0.37 0.004490760180153282
0.06 0 0.38 0.011421345756872352
0.06 0 0.39 0.007165907681405701
0.06 0 0.4 0.0069502709141410195
0.06 0 0.41000000000000003 0.003343262498597574
0.06 0 0.42 0.003113609463014559
0.06 0 0.43 0.002650927354035125
0.06 0 0.44 0.0009369489858161692
0.06 0 0.45 0.0007771972356122558
0.06 0 0.46 0.0006696761992321071
0.06 0 0.47000000000000003 0.0011730309619537762
0.06 0 0.48 0.0014075093378450017
0.06 0 0.49 0.01352316562490418
0.06 0 0.5 0.01261532436218628
0.07 0 0.0 0.0005829475114724072
0.07 0 0.01 0.0025140366013929735
0.07 0 0.02 0.0010904911873930348
0.07 0 0.03 0.0007542463951681794
0.07 0 0.04 0.004141479137732067
0.07 0 0.05 0.006262603170639898
0.07 0 0.06 0.004351851142807665
0.07 0 0.07 0.00867204712764137
0.07 0 0.08 0.01720439844406361
0.07 0 0.09 0.006671228653860749
0.07 0 0.1 0.0241594724786032
0.07 0 0.11 0.10655333106371812
0.07 0 0.12 0.1825446126766452
0.07 0 0.13 1.2994133354384463
0.07 0 0.14 0.8162481049902546
0.07 0 0.15 0.9523964706732855
0.07 0 0.16 0.5811043639978447
0.07 0 0.17 0.2561675793156403
0.07 0 0.18 0.424357386954814
0.07 0 0.19 0.15420189555181069
0.07 0 0.2 0.09322200776780379
0.07 0 0.21 0.1441733410985083
0.07 0 0.22 0.18157917756337608
0.07 0 0.23 0.019149414192583245
0.07 0 0.24 0.03865605432948809
0.07 0 0.25 0.04809165853393079
0.07 0 0.26 0.005821902811215805
0.07 0 0.27 0.013273663803436968
0.07 0 0.28 0.011844882317876018
0.07 0 0.29 0.013951961773945191
0.07 0 0.3 0.012748704732923185
0.07 0 0.31 0.0034372918730706057
0.07 0 0.32 0.01131910433040576
0.07 0 0.33 0.006434782094772516
0.07 0 0.34 0.004666887523000506
0.07 0 0.35000000000000003 0.0043620071617449735
0.07 0 0.36 0.016155143543660336
0.07 0 0.37 0.029941935088408336
0.07 0 0.38 0.07765893653354403
0.07 0 0.39 0.07167395906035876
0.07 0 0.4 0.009512324151242233
0.07 0 0.41000000000000003 0.01571962120964648
0.07 0 0.42 0.031721108098135394
0.07 0 0.43 0.019776031674836443
0.07 0 0.44 0.0273957009475047
0.07 0 0.45 0.006712529843369926
0.07 0 0.46 0.005029853073465578
0.07 0 0.47000000000000003 0.0017513400574258387
0.07 0 0.48 0.0046896046444515884
0.07 0 0.49 0.024976756264820002
0.07 0 0.5 0.025871057919930926
0.08 0 0.0 0.013053835082420537
0.08 0 0.01 0.007204941068955864
0.08 0 0.02 0.005799609734603338
0.08 0 0.03 0.01264716836705393
0.08 0 0.04 0.020355306250563674
0.08 0 0.05 0.05971278260726859
0.08 0 0.06 0.11860044268067817
0.08 0 0.07 0.37354416379293925
0.08 0 0.08 0.5578144117492106
0.08 0 0.09 0.49398160377287115
0.08 0 0.1 0.8408734509596287
0.08 0 0.11 0.9476161469650202
0.08 0 0.12 1.8152230213018374
0.08 0 0.13 4.415669103068112
0.08 0 0.14 1.7416527085292723
0.08 0 0.15 3.8592366646749667
0.08 0 0.16 3.7858964943938256
0.08 0 0.17 3.7139307569427444
0.08 0 0.18 1.3456569375496632
0.08 0 0.19 0.8318803649910804
0.08 0 0.2 0.5348809431216444
0.08 0 0.21 0.11882622992674265
0.08 0 0.22 0.06376718867559682
0.08 0 0.23 0.06006852273349129
0.08 0 0.24 0.11194985365670397
0.08 0 0.25 0.06045935635125326
0.08 0 0.26 0.017170569482510365
0.08 0 0.27 0.08069737333347102
0.08 0 0.28 0.018056402768873735
0.08 0 0.29 0.023355922708569322
0.08 0 0.3 0.02102213210206045
0.08 0 0.31 0.01611925555628641
0.08 0 0.32 0.021389583266454692
0.08 0 0.33 0.011873847077508293
0.08 0 0.34 0.004238942905144196
0.08 0 0.35000000000000003 0.0012424465600660785
0.08 0 0.36 0.005950132571953545
0.08 0 0.37 0.015691170587871353
0.08 0 0.38 0.02422776631462126
0.08 0 0.39 0.04930950212198271
0.08 0 0.4 0.014594092118209303
0.08 0 0.41000000000000003 0.06547387572324631
0.08 0 0.42 0.012936658809692025
0.08 0 0.43 0.015127557036403328
0.08 0 0.44 0.04405371791245162
0.08 0 0.45 0.01342511822317766
0.08 0 0.46 0.020281272013504367
0.08 0 0.47000000000000003 0.08792083544696214
0.08 0 0.48 0.47495294104840957
0.08 0 0.49 0.14430225375045383
0.08 0 0.5 0.12304125898772322
0.09 0 0.0 0.01935672853964843
0.09 0 0.01 0.003052982970370929
0.09 0 0.02 0.018521745253245094
0.09 0 0.03 0.08170918745543954
0.09 0 0.04 0.055914002231893
0.09 0 0.05 0.19106209608331914
0.09 0 0.06 0.22785936862440148
0.09 0 0.07 0.6193656961917643
0.09 0 0.08 0.5690872975647261
0.09 0 0.09 0.39043006536547487
0.09 0 0.1 0.5372637129492502
0.09 0 0.11 0.900743290365101
0.09 0 0.12 1.2409199024862578
0.09 0 0.13 0.3398989589416506
0.09 0 0.14 2.820922512543691
0.09 0 0.15 0.6702323102583904
0.09 0 0.16 0.5239755721741166
0.09 0 0.17 0.8297753108993416
0.09 0 0.18 0.23603620086646618
0.09 0 0.19 0.23452519268062735
0.09 0 0.2 0.04543883769412453
0.09 0 0.21 0.01881312213254032
0.09 0 0.22 0.01862314498132562
0.09 0 0.23 0.032826726318668016
0.09 0 0.24 0.06694742940642257
0.09 0 0.25 0.032938437657536714
0.09 0 0.26 0.03436890142453094
0.09 0 0.27 0.015815115066606506
0.09 0 0.28 0.028075244394244192
0.09 0 0.29 0.00788077776485798
0.09 0 0.3 0.007881386451444579
0.09 0 0.31 0.05224073508929161
0.09 0 0.32 0.04895169239202303
0.09 0 0.33 0.0866572326827954
0.09 0 0.34 0.08990913258607312
0.09 0 0.35000000000000003 0.1326819171213118
0.09 0 0.36 0.058204295476471886
0.09 0 0.37 0.012952127360712447
0.09 0 0.38 0.02103133330413938
0.09 0 0.39 0.021629499862661383
0.09 0 0.4 0.017094229606703367
0.09 0 0.41000000000000003 0.020478369208404772
0.09 0 0.42 0.02605304510118083
0.09 0 0.43 0.04733079065668497
0.09 0 0.44 0.07210805098242953
0.09 0 0.45 0.10811677596106688
0.09 0 0.46 0.13335313974106758
0.09 0 0.47000000000000003 0.4238322582121421
0.09 0 0.48 0.8292138104702088
0.09 0 0.49 1.1676528405610767
0.09 0 0.5 0.6014234052852504
0.1 0 0.0 1.869216233663701
0.1 0 0.01 0.9913226152231491
0.1 0 0.02 1.1810355429885724
0.1 0 0.03 0.6535021800998523
0.1 0 0.04 0.3847772990432042
0.1 0 0.05 1.3948672425574222
0.1 0 0.06 2.4570032603061893
0.1 0 0.07 1.5078520463443195
0.1 0 0.08 0.5349190559864313
0.1 0 0.09 0.632391854240518
0.1 0 0.1 0.5541784423677889
0.1 0 0.11 0.6427536922896783
0.1 0 0.12 0.5387778462679181
0.1 0 0.13 0.8665097487162612
0.1 0 0.14 3.223613509970318
0.1 0 0.15 0.9202469690284807
0.1 0 0.16 1.0759321822222092
0.1 0 0.17 1.1472264347619963
0.1 0 0.18 0.3246546220627778
0.1 0 0.19 0.41828447173946137
0.1 0 0.2 0.19458636435448884
0.1 0 0.21 0.16239726890260728
0.1 0 0.22 0.8176562260875053
0.1 0 0.23 3.918347381348784
0.1 0 0.24 2.203097557665754
0.1 0 0.25 1.0328674488718996
0.1 0 0.26 2.2237484220234034
0.1 0 0.27 0.7062342914350901
0.1 0 0.28 0.9918053610597429
0.1 0 0.29 0.3992134668201101
0.1 0 0.3 0.17944586943125632
0.1 0 0.31 0.06756144210513984
0.1 0 0.32 0.0072152152555493
0.1 0 0.33 0.018046702936421608
0.1 0 0.34 0.05369247788435791
0.1 0 0.35000000000000003 0.016289912922199647
0.1 0 0.36 0.029537188434445492
0.1 0 0.37 0.12374380484452117
0.1 0 0.38 0.21989297833137322
0.1 0 0.39 0.30770020876360316
0.1 0 0.4 0.6518367113038389
0.1 0 0.41000000000000003 0.09092857671740875
0.1 0 0.42 0.14652257031546406
0.1 0 0.43 0.1654839196144611
0.1 0 0.44 0.06216379381901273
0.1 0 0.45 0.03953864402104288
0.1 0 0.46 0.060631431125796
0.1 0 0.47000000000000003 0.5074118763713079
0.1 0 0.48 1.7443445743845916
0.1 0 0.49 0.6609601579584463
0.1 0 0.5 0.973189067516882
0.11 0 0.0 3.0453784812176155
0.11 0 0.01 8.966225179539085
0.11 0 0.02 4.2437224530197675
0.11 0 0.03 4.593581036641986
0.11 0 0.04 11.600925002966195
0.11 0 0.05 17.953708133163186
0.11 0 0.06 23.160362260732477
0.11 0 0.07 2.8019814780719448
0.11 0 0.08 0.9117720718976975
0.11 0 0.09 1.5966066607986056
0.11 0 0.1 0.8666166580019357
0.11 0 0.11 0.6393072354331408
0.11 0 0.12 1.198578602690774
0.11 0 0.13 1.889758018890081
0.11 0 0.14 0.9705890565089398
0.11 0 0.15 1.9787620907293344
0.11 0 0.16 2.976415356989324
0.11 0 0.17 5.911823157064694
0.11 0 0.18 1.3792426577056487
0.11 0 0.19 0.40177966438699386
0.11 0 0.2 0.1322919809959629
0.11 0 0.21 0.08064255349874412
0.11 0 0.22 0.16392943306801214
0.11 0 0.23 0.15109774775547682
0.11 0 0.24 0.11320182332831362
0.11 0 0.25 0.22311938893401034
0.11 0 0.26 0.36468720314330705
0.11 0 0.27 0.465679867679657
0.11 0 0.28 0.575267829115086
0.11 0 0.29 1.041442043064529
0.11 0 0.3 0.18158797530372645
0.11 0 0.31 0.05661174744031671
0.11 0 0.32 0.00658574694552797
0.11 0 0.33 0.006349661119469484
0.11 0 0.34 0.002257443559194099
0.11 0 0.35000000000000003 0.0003958850199130458
0.11 0 0.36 0.0005424124146538099
0.11 0 0.37 0.0003523761164457351
0.11 0 0.38 0.00034862103079751983
0.11 0 0.39 0.0004970913781759354
0.11 0 0.4 0.000989641375853473
0.11 0 0.41000000000000003 0.0029404546237402867
0.11 0 0.42 0.00956196729830683
0.11 0 0.43 0.013532500584677119
0.11 0 0.44 0.0011061122893309889
0.11 0 0.45 0.0027980408787327835
0.11 0 0.46 0.001965762356483949
0.11 0 0.47000000000000003 0.0026965811825804737
0.11 0 0.48 0.008628846525116411
0.11 0 0.49 0.005896718177348452
0.11 0 0.5 0.016021575174569
0.12 0 0.0 10.622025449035661
0.12 0 0.01 5.199345643019658
0.12 0 0.02 1.3455751159975977
0.12 0 0.03 0.793699852687759
0.12 0 0.04 7.368763207217268
0.12 0 0.05 3.628266126723369
0.12 0 0.06 6.511920576105449
0.12 0 0.07 8.104621494449932
0.12 0 0.08 6.296518447987501
0.12 0 0.09 13.331673354400435
0.12 0 0.1 7.325422771387076
0.12 0 0.11 12.911934262494148
0.12 0 0.12 29.03175090208528
0.12 0 0.13 12.376983913050612
0.12 0 0.14 11.969080635108163
0.12 0 0.15 29.280738540636413
0.12 0 0.16 63.88227762327758
0.12 0 0.17 21.283550834815085
0.12 0 0.18 30.730184493933677
0.12 0 0.19 3.1791823665082872
0.12 0 0.2 1.9477884774902428
0.12 0 0.21 4.11593218159455
0.12 0 0.22 1.3794824735579314
0.12 0 0.23 2.5847936566389067
0.12 0 0.24 1.863650087612737
0.12 0 0.25 0.7795498216002945
0.12 0 0.26 0.392355625417231
0.12 0 0.27 0.09349612927445768
0.12 0 0.28 0.14874946461130614
0.12 0 0.29 0.1750524780422625
0.12 0 0.3 0.0635016880351328
0.12 0 0.31 0.01303248482807955
0.12 0 0.32 0.01562608694068672
0.12 0 0.33 0.004502687470390967
0.12 0 0.34 0.0007824837775118055
0.12 0 0.35000000000000003 0.0016356793646495763
0.12 0 0.36 0.0008937833453194194
0.12 0 0.37 0.0007614647212948946
0.12 0 0.38 0.0006934518216454989
0.12 0 0.39 0.0005428012885329025
0.12 0 0.4 0.0011482479927949199
0.12 0 0.41000000000000003 0.0006653237479562756
0.12 0 0.42 0.0006673921127868619
0.12 0 0.43 0.0008621840928708451
0.12 0 0.44 0.0005029931920749699
0.12 0 0.45 0.0008494063063745213
0.12 0 0.46 0.00044245785995069507
0.12 0 0.47000000000000003 0.0002245511189363724
0.12 0 0.48 0.00014677256447590838
0.12 0 0.49 0.00028406438785147923
0.12 0 0.5 0.0002029587162772984
0.13 0 0.0 2.412698863901225
0.13 0 0.01 2.871460240385096
0.13 0 0.02 2.237002156684934
0.13 0 0.03 2.167881403057484
0.13 0 0.04 4.502296564584849
0.13 0 0.05 2.260914661700927
0.13 0 0.06 3.414094699722828
0.13 0 0.07 2.5140465452565772
0.13 0 0.08 1.4725591729375203
0.13 0 0.09 2.169926672153888
0.13 0 0.1 1.0459651354728947
0.13 0 0.11 4.20296782436602
0.13 0 0.12 4.42997343173839
0.13 0 0.13 3.926568111954103
0.13 0 0.14 4.849322896841412
0.13 0 0.15 15.42547482792229
0.13 0 0.16 33.11113161614073
0.13 0 0.17 13.46612895493175
0.13 0 0.18 30.617626618976402
0.13 0 0.19 4.134776291781283
0.13 0 0.2 1.6675347256310857
0.13 0 0.21 0.5360740034884985
0.13 0 0.22 0.12750584101309823
0.13 0 0.23 0.5869137035042189
0.13 0 0.24 0.19663915873731214
0.13 0 0.25 0.13357938598809171
0.13 0 0.26 0.11426528121159979
0.13 0 0.27 0.09702163483305255
0.13 0 0.28 0.10275410928089718
0.13 0 0.29 0.018313250806078738
0.13 0 0.3 0.007648207963628664
0.13 0 0.31 0.002031153613277041
0.13 0 0.32 0.01216195567805365
0.13 0 0.33 0.004248081793817887
0.13 0 0.34 0.0031781791475449144
0.13 0 0.35000000000000003 0.0047394441604149025
0.13 0 0.36 0.0006558013211726969
0.13 0 0.37 0.0012591646388419176
0.13 0 0.38 0.0008005318675334677
0.13 0 0.39 0.00026821800205734293
0.13 0 0.4 0.00010238349656177768
0.13 0 0.41000000000000003 3.655689822563742e-05
0.13 0 0.42 7.523639203081326e-05
0.13 0 0.43 9.420923294720056e-05
0.13 0 0.44 0.000458981299145188
0.13 0 0.45 8.878095505741542e-05
0.13 0 0.46 0.00017088371154542307
0.13 0 0.47000000000000003 0.0001925359704331
0.13 0 0.48 0.00028536816144020087
0.13 0 0.49 0.001042184711309603
0.13 0 0.5 0.00014204355749724112
0.14 0 0.0 1.2158699250455876
0.14 0 0.01 1.4763411455772486
0.14 0 0.02 1.224612428176102
0.14 0 0.03 3.5748008585122197
0.14 0 0.04 2.272418352106754
0.14 0 0.05 4.592123908770036
0.14 0 0.06 4.244971777555428
0.14 0 0.07 5.8215345521014585
0.14 0 0.08 3.022018083547419
0.14 0 0.09 0.3646459663498355
0.14 0 0.1 1.7769709656833956
0.14 0 0.11 1.4123816379570686
0.14 0 0.12 0.5278535869771778
0.14 0 0.13 1.7635481435833587
0.14 0 0.14 1.472444874495315
0.14 0 0.15 1.040586642856911
0.14 0 0.16 0.31156023193548665
0.14 0 0.17 0.3130878354436692
0.14 0 0.18 0.11923204907878839
0.14 0 0.19 0.10898874845178727
0.14 0 0.2 0.1283972358289536
0.14 0 0.21 0.40732439786371294
0.14 0 0.22 0.7576799774903766
0.14 0 0.23 0.23791318642573828
0.14 0 0.24 0.1242104449228821
0.14 0 0.25 0.047657611415194596
0.14 0 0.26 0.02679518585810992
0.14 0 0.27 0.0955537447497137
0.14 0 0.28 0.030238907510290645
0.14 0 0.29 0.011777803739992036
0.14 0 0.3 0.010479888918539236
0.14 0 0.31 0.03471476888848696
0.14 0 0.32 0.05432010418254487
0.14 0 0.33 0.03168883716928882
0.14 0 0.34 0.01817632274038722
0.14 0 0.35000000000000003 0.01056827971231118
0.14 0 0.36 0.002359304136793046
0.14 0 0.37 0.004487080522861457
0.14 0 0.38 0.00641355836001157
0.14 0 0.39 0.0020331949649186947
0.14 0 0.4 0.0006424837083587586
0.14 0 0.41000000000000003 0.0005926313317118474
0.14 0 0.42 0.000673296758728716
0.14 0 0.43 0.0008360065430507873
0.14 0 0.44 0.0006772624439231657
0.14 0 0.45 0.0005289680893195444
0.14 0 0.46 0.0008946570908836188
0.14 0 0.47000000000000003 0.001672566241616147
0.14 0 0.48 0.002426270296006612
0.14 0 0.49 0.006876927506829805
0.14 0 0.5 0.004000898773076981
0.15 0 0.0 0.046807287986271706
0.15 0 0.01 0.09150919164605811
0.15 0 0.02 0.2807725761427459
0.15 0 0.03 0.36621508249994744
0.15 0 0.04 0.5970395879974392
0.15 0 0.05 1.399708143229625
0.15 0 0.06 0.6520712112746386
0.15 0 0.07 0.3223486547360861
0.15 0 0.08 0.270409287607659
0.15 0 0.09 0.07719603416740728
0.15 0 0.1 0.08252106187863756
0.15 0 0.11 0.0036694120494319836
0.15 0 0.12 0.002111550254685371
0.15 0 0.13 0.0061117513055973125
0.15 0 0.14 0.005715027018127808
0.15 0 0.15 0.010813486568517598
0.15 0 0.16 0.018320589910176835
0.15 0 0.17 0.009004393848089372
0.15 0 0.18 0.0034076055677593423
0.15 0 0.19 0.0041437873800566
0.15 0 0.2 0.0033373813379033584
0.15 0 0.21 0.0026302046609294905
0.15 0 0.22 0.009037668092117911
0.15 0 0.23 0.0036585730809572097
0.15 0 0.24 0.00784767788529217
0.15 0 0.25 0.01306252813868889
0.15 0 0.26 0.023794665905605868
0.15 0 0.27 0.03789203873578363
0.15 0 0.28 0.007465299210051583
0.15 0 0.29 0.0029226521164510398
0.15 0 0.3 0.0037145295697203384
0.15 0 0.31 0.002466682035373218
0.15 0 0.32 0.004189029219613879
0.15 0 0.33 0.05159316432329719
0.15 0 0.34 0.048167543153728024
0.15 0 0.35000000000000003 0.010389559596077999
0.15 0 0.36 0.013118727272042306
0.15 0 0.37 0.006198331405658174
0.15 0 0.38 0.0031760618990044555
0.15 0 0.39 0.0019059458517214575
0.15 0 0.4 0.0007436642031463373
0.15 0 0.41000000000000003 0.00045749685182357294
0.15 0 0.42 0.0002570091890434576
0.15 0 0.43 0.0002507337496887113
0.15 0 0.44 0.00047945399168973333
0.15 0 0.45 0.00044768238130775645
0.15 0 0.46 0.00030607563601868607
0.15 0 0.47000000000000003 0.0018561698023625754
0.15 0 0.48 0.002695097282786448
0.15 0 0.49 0.007912720807282671
0.15 0 0.5 0.03016050172145324
0.16 0 0.0 0.03504569796766333
0.16 0 0.01 0.012331047205143483
0.16 0 0.02 0.009591984538131648
0.16 0 0.03 0.00812490601534419
0.16 0 0.04 0.002541172782721976
0.16 0 0.05 0.0027028522117962164
0.16 0 0.06 0.0038365938645168935
0.16 0 0.07 0.0026910372398838587
0.16 0 0.08 0.01798701622925015
0.16 0 0.09 0.05580472362298369
0.16 0 0.1 0.016497678035713587
0.16 0 0.11 0.0049953622793284845
0.16 0 0.12 0.002579820230711086
0.16 0 0.13 0.005023957613330247
0.16 0 0.14 0.001823510698773962
0.16 0 0.15 0.0024122960711128886
0.16 0 0.16 0.002834575273727117
0.16 0 0.17 0.0008867808792224196
0.16 0 0.18 0.0005182915590132373
0.16 0 0.19 0.0005944255294366721
0.16 0 0.2 0.0013722800525770148
0.16 0 0.21 0.0014339016886356951
0.16 0 0.22 0.009390927505028597
0.16 0 0.23 0.01171271205983965
0.16 0 0.24 0.013355531574840495
0.16 0 0.25 0.015986418818273476
0.16 0 0.26 0.00816646507662718
0.16 0 0.27 0.03372684426692614
0.16 0 0.28 0.026166542811182407
0.16 0 0.29 0.0298055695310602
0.16 0 0.3 0.021969854657257114
0.16 0 0.31 0.007548809934001918
0.16 0 0.32 0.055754856402863456
0.16 0 0.33 0.11401633559124778
0.16 0 0.34 0.09084931346015843
0.16 0 0.35000000000000003 0.02711036011273066
0.16 0 0.36 0.1294018686714518
0.16 0 0.37 0.09805942729763117
0.16 0 0.38 0.10897081194748813
0.16 0 0.39 0.11638380391289399
0.16 0 0.4 0.005205300184898878
0.16 0 0.41000000000000003 0.003601907785529643
0.16 0 0.42 0.0022352220185827693
0.16 0 0.43 0.002758101425301749
0.16 0 0.44 0.009269412495704142
0.16 0 0.45 0.0028073412668006424
0.16 0 0.46 0.007648912124590694
0.16 0 0.47000000000000003 0.007015338075465534
0.16 0 0.48 0.016505505990520523
0.16 0 0.49 0.008487075814201467
0.16 0 0.5 0.0053760198801792915
0.17 0 0.0 0.024466469915133356
0.17 0 0.01 0.016782921359708863
0.17 0 0.02 0.014101289502461829
0.17 0 0.03 0.011108772617435352
0.17 0 0.04 0.0035752204952257806
0.17 0 0.05 0.002673575085361237
0.17 0 0.06 0.0003492956897216498
0.17 0 0.07 0.0003390533837213582
0.17 0 0.08 0.0007002226115877187
0.17 0 0.09 0.0005827122460760042
0.17 0 0.1 0.0003951335412597183
0.17 0 0.11 0.0029809836445756663
0.17 0 0.12 0.007022392569648753
0.17 0 0.13 0.001629826796169923
0.17 0 0.14 0.007859351504482246
0.17 0 0.15 0.019057048645387927
0.17 0 0.16 0.004739730804589934
0.17 0 0.17 0.004025511728710351
0.17 0 0.18 0.0007954322292064122
0.17 0 0.19 0.000342670236193311
0.17 0 0.2 0.00011399261208726267
0.17 0 0.21 0.00020493990474409357
0.17 0 0.22 0.0006816800994921453
0.17 0 0.23 0.0010948808919486069
0.17 0 0.24 0.0024850214434881538
0.17 0 0.25 0.019201250386752265
0.17 0 0.26 0.07498447554805744
0.17 0 0.27 0.10532347406066107
0.17 0 0.28 0.1797866729849301
0.17 0 0.29 0.14177449527869812
0.17 0 0.3 0.012857880847310044
0.17 0 0.31 0.04630566862862575
0.17 0 0.32 0.04982424633906942
0.17 0 0.33 0.01244371442508019
0.17 0 0.34 0.009386810827077104
0.17 0 0.35000000000000003 0.012785225048056691
0.17 0 0.36 0.025294273888124538
0.17 0 0.37 0.014560970568159921
0.17 0 0.38 0.010833489728700118
0.17 0 0.39 0.014145083763354946
0.17 0 0.4 0.0027571285688407997
0.17 0 0.41000000000000003 0.003637383201592665
0.17 0 0.42 0.005716479527915071
0.17 0 0.43 0.0076639386397696985
0.17 0 0.44 0.002185615771965859
0.17 0 0.45 0.0018959214320578444
0.17 0 0.46 0.003117778632150829
0.17 0 0.47000000000000003 0.004866742663357552
0.17 0 0.48 0.023055585846412412
0.17 0 0.49 0.014406051898921217
0.17 0 0.5 0.010631083749693416
0.18 0 0.0 0.0009916832683545581
0.18 0 0.01 0.00032927708608053707
0.18 0 0.02 0.0012834285299227624
0.18 0 0.03 0.002042198512339943
0.18 0 0.04 0.0035333399517700225
0.18 0 0.05 0.010510402682539716
0.18 0 0.06 0.008353951031342123
0.18 0 0.07 0.005211713132266657
0.18 0 0.08 0.0012981586174385907
0.18 0 0.09 0.0019515207388111076
0.18 0 0.1 0.0027056283232527794
0.18 0 0.11 0.005240025843683059
0.18 0 0.12 0.0187065228062194
0.18 0 0.13 0.010986200173623084
0.18 0 0.14 0.14562886925239377
0.18 0 0.15 0.029768593611161923
0.18 0 0.16 0.022879996272576184
0.18 0 0.17 0.024364996364110148
0.18 0 0.18 0.005357633830674883
0.18 0 0.19 0.009231335141131735
0.18 0 0.2 0.005371381391392819
0.18 0 0.21 0.004490278254479597
0.18 0 0.22 0.00511656563456534
0.18 0 0.23 0.01662390660527812
0.18 0 0.24 0.04171033463613478
0.18 0 0.25 0.09025999224141024
0.18 0 0.26 0.5587070481742586
0.18 0 0.27 0.19253222383692026
0.18 0 0.28 0.49997487146259684
0.18 0 0.29 0.13983924136544013
0.18 0 0.3 0.15269500685612183
0.18 0 0.31 0.4561861564944098
0.18 0 0.32 0.05969047379485866
0.18 0 0.33 0.0871297124322454
0.18 0 0.34 0.12548370157322564
0.18 0 0.35000000000000003 0.08621852417373946
0.18 0 0.36 0.021932333956615545
0.18 0 0.37 0.017201778949296618
0.18 0 0.38 0.00861871731524971
0.18 0 0.39 0.0017923247657067863
0.18 0 0.4 0.004507866616889886
0.18 0 0.41000000000000003 0.004240394528423592
0.18 0 0.42 0.020813623944563524
0.18 0 0.43 0.032215368966191454
0.18 0 0.44 0.009067385818039122
0.18 0 0.45 0.009678889706348127
0.18 0 0.46 0.0020443507501643316
0.18 0 0.47000000000000003 0.0037462454151899597
0.18 0 0.48 0.009908162653087756
0.18 0 0.49 0.01503332246899324
0.18 0 0.5 0.017192806697674305
0.19 0 0.0 0.011701948638845477
0.19 0 0.01 0.05497386870995906
0.19 0 0.02 0.017950601357203045
0.19 0 0.03 0.014124339101499074
0.19 0 0.04 0.04391977003540828
0.19 0 0.05 0.02644106107906207
0.19 0 0.06 0.07188941849128669
0.19 0 0.07 0.23610029329329374
0.19 0 0.08 0.12726832488417433
0.19 0 0.09 0.06836159709318622
0.19 0 0.1 0.044344903773262584
0.19 0 0.11 0.02691912352107693
0.19 0 0.12 0.017188502516801287
0.19 0 0.13 0.035663524627661626
0.19 0 0.14 0.03599511173909698
0.19 0 0.15 0.02818329115184116
0.19 0 0.16 0.03227403721781692
0.19 0 0.17 0.15174295245991956
0.19 0 0.18 0.629696887125389
0.19 0 0.19 0.1999143223197098
0.19 0 0.2 0.1176476487256315
0.19 0 0.21 0.16292987586756358
0.19 0 0.22 0.0832506726495002
0.19 0 0.23 0.08829532873281185
0.19 0 0.24 0.22403711871134924
0.19 0 0.25 0.28327756596547926
0.19 0 0.26 0.32749690772655327
0.19 0 0.27 0.23033742654272746
0.19 0 0.28 0.3635967937481901
0.19 0 0.29 0.13202046016570523
0.19 0 0.3 0.03958992364892743
0.19 0 0.31 0.03613931589499041
0.19 0 0.32 0.01721714345851333
0.19 0 0.33 0.008821754036651364
0.19 0 0.34 0.005539556264769357
0.19 0 0.35000000000000003 0.0013387278464694256
0.19 0 0.36 0.0007960078799130006
0.19 0 0.37 0.0012101085663681493
0.19 0 0.38 0.0017486179431957817
0.19 0 0.39 0.00037424582661168887
0.19 0 0.4 0.0004231623059685212
0.19 0 0.41000000000000003 0.0006596190519837639
0.19 0 0.42 0.004491461320069571
0.19 0 0.43 0.004743057275226166
0.19 0 0.44 0.0014133148901598206
0.19 0 0.45 0.0035404631976260876
0.19 0 0.46 0.0036610161913548
0.19 0 0.47000000000000003 0.005167479399889085
0.19 0 0.48 0.03186888292132807
0.19 0 0.49 0.015869008089023175
0.19 0 0.5 0.009833561185609447
0.2 0 0.0 0.032273212827621155
0.2 0 0.01 0.19161481386064896
0.2 0 0.02 0.12789994395914428
0.2 0 0.03 0.13476445200538356
0.2 0 0.04 0.2218641243688253
0.2 0 0.05 0.17256040687986754
0.2 0 0.06 1.2613100111260245
0.2 0 0.07 0.995085016958657
0.2 0 0.08 0.3401163419781634
0.2 0 0.09 0.4038756152554513
0.2 0 0.1 0.12881032749514956
0.2 0 0.11 0.11092290206540431
0.2 0 0.12 0.4334111732081052
0.2 0 0.13 0.5544788842252432
0.2 0 0.14 0.04044967966310299
0.2 0 0.15 0.049502526686497184
0.2 0 0.16 0.05399594266249078
0.2 0 0.17 0.03113884595894689
0.2 0 0.18 0.027346691231556922
0.2 0 0.19 0.03136808616714559
0.2 0 0.2 0.13271642350858298
0.2 0 0.21 0.43483670570974237
0.2 0 0.22 0.42335742725212433
0.2 0 0.23 1.0654993556939958
0.2 0 0.24 0.5543290989451319
0.2 0 0.25 0.1526893810001836
0.2 0 0.26 0.17802101785109706
0.2 0 0.27 0.16977543721377736
0.2 0 0.28 0.024602058822010123
0.2 0 0.29 0.038968867672591945
0.2 0 0.3 0.02907128727452454
0.2 0 0.31 0.017479489458195035
0.2 0 0.32 0.01942173966173612
0.2 0 0.33 0.022474076345052302
0.2 0 0.34 0.004647762508719866
0.2 0 0.35000000000000003 0.0033954955693376483
0.2 0 0.36 0.0111413536199748
0.2 0 0.37 0.01618432900874056
0.2 0 0.38 0.0046797973214621575
0.2 0 0.39 0.0007452703759037981
0.2 0 0.4 0.0012122339612253184
0.2 0 0.41000000000000003 0.0026409560667838465
0.2 0 0.42 0.0008957177623366547
0.2 0 0.43 0.0033474298039430595
0.2 0 0.44 0.004899247747133139
0.2 0 0.45 0.006157881055009905
0.2 0 0.46 0.009023723499407596
0.2 0 0.47000000000000003 0.02916124479478195
0.2 0 0.48 0.01240716788151034
0.2 0 0.49 0.0025183404693176277
0.2 0 0.5 0.0022116014758412823
0.21 0 0.0 1.006073323193004
0.21 0 0.01 0.570900274616056
0.21 0 0.02 0.8296889225191414
0.21 0 0.03 0.22868389597834562
0.21 0 0.04 0.4836363718274102
0.21 0 0.05 0.2957771319628382
0.21 0 0.06 0.4251255609824283
0.21 0 0.07 0.5231138127965828
0.21 0 0.08 0.4358449616529628
0.21 0 0.09 0.3901685394430807
0.21 0 0.1 0.17168199111294952
0.21 0 0.11 0.2632337907424919
0.21 0 0.12 0.20042409251667465
0.21 0 0.13 0.15475974776817333
0.21 0 0.14 0.32088153514847834
0.21 0 0.15 0.5274211998485347
0.21 0 0.16 1.2149572641839868
0.21 0 0.17 0.2748076924341052
0.21 0 0.18 0.8809732498719981
0.21 0 0.19 0.2842553069221871
0.21 0 0.2 0.14682139062601177
0.21 0 0.21 0.15206231030368533
0.21 0 0.22 0.04972361273294746
0.21 0 0.23 0.12049519558385446
0.21 0 0.24 0.0645761485085399
0.21 0 0.25 0.02106549506042258
0.21 0 0.26 0.006819177516891545
0.21 0 0.27 0.0030789391762647248
0.21 0 0.28 0.0024572900748739634
0.21 0 0.29 0.0009751298713416514
0.21 0 0.3 0.001355743661736681
0.21 0 0.31 0.0010799214785299034
0.21 0 0.32 0.013173996378583333
0.21 0 0.33 0.008276438751694367
0.21 0 0.34 0.006991738814620904
0.21 0 0.35000000000000003 0.07353830720719985
0.21 0 0.36 0.014552825192393305
0.21 0 0.37 0.013231944219347203
0.21 0 0.38 0.008140378141898792
0.21 0 0.39 0.00427733419878885
0.21 0 0.4 0.003935510637078715
0.21 0 0.41000000000000003 0.0016692930039833723
0.21 0 0.42 0.0012148287111386166
0.21 0 0.43 0.0006231777534424066
0.21 0 0.44 0.0005855205670330638
0.21 0 0.45 0.00027113982763434826
0.21 0 0.46 0.0006442810214165086
0.21 0 0.47000000000000003 0.0013252828632652073
0.21 0 0.48 0.0005636606824859905
0.21 0 0.49 0.001029758587642182
0.21 0 0.5 7.104431630147428e-05
0.22 0 0.0 0.02041335534974374
0.22 0 0.01 0.0465290139380571
0.22 0 0.02 0.0697879275290011
0.22 0 0.03 0.07684736336103634
0.22 0 0.04 0.09435669596934436
0.22 0 0.05 0.14943488967803076
0.22 0 0.06 0.059253052254790085
0.22 0 0.07 0.06272627413112981
0.22 0 0.08 0.11788919077574933
0.22 0 0.09 0.04696293216309864
0.22 0 0.1 0.10832270733901328
0.22 0 0.11 0.2736769189461006
0.22 0 0.12 0.08872517122322626
0.22 0 0.13 0.09890395996039664
0.22 0 0.14 0.05048861326592609
0.22 0 0.15 0.029876074264679642
0.22 0 0.16 0.019646672981064903
0.22 0 0.17 0.01958492994375734
0.22 0 0.18 0.05328007527575925
0.22 0 0.19 0.0281868270717942
0.22 0 0.2 0.010154169082903706
0.22 0 0.21 0.007441757011568883
0.22 0 0.22 0.039822903818439
0.22 0 0.23 0.0762276579561614
0.22 0 0.24 0.0365272094583299
0.22 0 0.25 0.0668142454757703
0.22 0 0.26 0.03978886014718112
0.22 0 0.27 0.054995285210757174
0.22 0 0.28 0.031698993265930585
0.22 0 0.29 0.0034402916791724607
0.22 0 0.3 0.002509385426304855
0.22 0 0.31 0.001079114378029513
0.22 0 0.32 0.004772135206762045
0.22 0 0.33 0.012275648741629076
0.22 0 0.34 0.03966325747299368
0.22 0 0.35000000000000003 0.05723571761728862
0.22 0 0.36 0.023122361778479532
0.22 0 0.37 0.016073961126238913
0.22 0 0.38 0.006027509738173104
0.22 0 0.39 0.005229224977271428
0.22 0 0.4 0.0028672401666904974
0.22 0 0.41000000000000003 0.003065713303064489
0.22 0 0.42 0.016018032053354964
0.22 0 0.43 0.01276307181610202
0.22 0 0.44 0.01113512816025644
0.22 0 0.45 0.000681195685563444
0.22 0 0.46 0.0013020983236116258
0.22 0 0.47000000000000003 0.0014951902522834517
0.22 0 0.48 0.0004256220898986932
0.22 0 0.49 0.0002574525126043231
0.22 0 0.5 8.526271353592586e-05
0.23 0 0.0 0.08653342169448032
0.23 0 0.01 0.176280786923796
0.23 0 0.02 0.0681906293454654
0.23 0 0.03 0.06274568151364872
0.23 0 0.04 0.01204286501339075
0.23 0 0.05 0.04598228397389552
0.23 0 0.06 0.02900404483969732
0.23 0 0.07 0.027874588414378152
0.23 0 0.08 0.07495195526405819
0.23 0 0.09 0.06238577419494692
0.23 0 0.1 1.1984619145670063
0.23 0 0.11 0.9169964203109636
0.23 0 0.12 0.4692112266309184
0.23 0 0.13 0.8720339722690775
0.23 0 0.14 0.19579951404210047
0.23 0 0.15 0.11082162886359435
0.23 0 0.16 0.11509687779942708
0.23 0 0.17 0.2987109384337186
0.23 0 0.18 0.040355655573698426
0.23 0 0.19 0.03348072451180247
0.23 0 0.2 0.018664087362453185
0.23 0 0.21 0.04263085391179258
0.23 0 0.22 0.21097530047806357
0.23 0 0.23 0.05900382701973549
0.23 0 0.24 0.14962540408573272
0.23 0 0.25 0.21922972746650676
0.23 0 0.26 0.1804618555993668
0.23 0 0.27 0.5406113553804504
0.23 0 0.28 0.1152858611667131
0.23 0 0.29 0.05797880925027731
0.23 0 0.3 0.05557688585721771
0.23 0 0.31 0.07541609708462745
0.23 0 0.32 0.016694205840561083
0.23 0 0.33 0.041447920826167814
0.23 0 0.34 0.03568825181111645
0.23 0 0.35000000000000003 0.01040266333039117
0.23 0 0.36 0.0144525671459832
0.23 0 0.37 0.011763436797132324
0.23 0 0.38 0.015465091903448669
0.23 0 0.39 0.0095166388129228
0.23 0 0.4 0.0026238214588525416
0.23 0 0.41000000000000003 0.005940724723209611
0.23 0 0.42 0.003998831385835794
0.23 0 0.43 0.0009910455910354435
0.23 0 0.44 0.0003496517507827289
0.23 0 0.45 0.00034272961957488153
0.23 0 0.46 0.0001671873773076156
0.23 0 0.47000000000000003 0.000203181303396478
0.23 0 0.48 0.00010100414928002725
0.23 0 0.49 2.9381203397327266e-05
0.23 0 0.5 1.6522052474244217e-05
0.24 0 0.0 0.02224124109984014
0.24 0 0.01 0.00696750385970488
0.24 0 0.02 0.002317537748830784
0.24 0 0.03 0.004632061275111869
0.24 0 0.04 0.027171202527400257
0.24 0 0.05 0.047472226966420526
0.24 0 0.06 0.039710353730281596
0.24 0 0.07 0.017755523312414107
0.24 0 0.08 0.030528859573164473
0.24 0 0.09 0.05586099090966089
0.24 0 0.1 0.12232837673690701
0.24 0 0.11 0.20013740412652437
0.24 0 0.12 0.5692634937678499
0.24 0 0.13 0.5736539118116658
0.24 0 0.14 0.6210802302691777
0.24 0 0.15 0.36652746062732083
0.24 0 0.16 0.1375043591497225
0.24 0 0.17 0.06099947898416492
0.24 0 0.18 0.021082299857182785
0.24 0 0.19 0.012407156171835942
0.24 0 0.2 0.02951647297367095
0.24 0 0.21 0.03815383277445689
0.24 0 0.22 0.05789669749847181
0.24 0 0.23 0.01835643530343969
0.24 0 0.24 0.0333985804012968
0.24 0 0.25 0.05360085424279692
0.24 0 0.26 0.04037774669576719
0.24 0 0.27 0.05046570875785158
0.24 0 0.28 0.05815226073456203
0.24 0 0.29 0.05254689199586905
0.24 0 0.3 0.01574361338743058
0.24 0 0.31 0.006633274394177272
0.24 0 0.32 0.0061066860684056415
0.24 0 0.33 0.005637129569414729
0.24 0 0.34 0.002963771346465389
0.24 0 0.35000000000000003 0.0008467571996853033
0.24 0 0.36 0.002195248473925771
0.24 0 0.37 0.0011141992067109764
0.24 0 0.38 0.0005293168163060047
0.24 0 0.39 0.0005250629486175079
0.24 0 0.4 0.00010529151093960233
0.24 0 0.41000000000000003 0.0001610694791707446
0.24 0 0.42 0.00026185103992077893
0.24 0 0.43 0.00023609421851100696
0.24 0 0.44 0.0005551131559600275
0.24 0 0.45 0.000979596931423713
0.24 0 0.46 0.00038044864668386697
0.24 0 0.47000000000000003 0.00017798739094095214
0.24 0 0.48 6.122070119431157e-05
0.24 0 0.49 3.629091013723342e-05
0.24 0 0.5 6.86043605934092e-05
0.25 0 0.0 0.4868610461010118
0.25 0 0.01 0.13268731354086805
0.25 0 0.02 0.12069466871073753
0.25 0 0.03 0.3391937556526463
0.25 0 0.04 0.15328779302077106
0.25 0 0.05 0.09107501291015167
0.25 0 0.06 0.17587036402251024
0.25 0 0.07 0.26599239461149177
0.25 0 0.08 0.7657223349211021
0.25 0 0.09 2.363923938538554
0.25 0 0.1 1.2166244488131952
0.25 0 0.11 4.151899737035584
0.25 0 0.12 6.012491064914869
0.25 0 0.13 2.8471552923044237
0.25 0 0.14 2.7229195183832546
0.25 0 0.15 2.211507239019493
0.25 0 0.16 1.4017461983188355
0.25 0 0.17 1.0721929013790454
0.25 0 0.18 0.15770861078071743
0.25 0 0.19 0.056215226264164676
0.25 0 0.2 0.13590503056361194
0.25 0 0.21 0.03675794945320076
0.25 0 0.22 0.04158625077005336
0.25 0 0.23 0.08297170874585286
0.25 0 0.24 0.0478205786416366
0.25 0 0.25 0.03793884637975644
0.25 0 0.26 0.04585345821515977
0.25 0 0.27 0.07939007403001112
0.25 0 0.28 0.029136790812975398
0.25 0 0.29 0.007221590565979171
0.25 0 0.3 0.0022956935606069755
0.25 0 0.31 0.003315251238663502
0.25 0 0.32 0.01102558287542153
0.25 0 0.33 0.0047926418367903135
0.25 0 0.34 0.004717962528627117
0.25 0 0.35000000000000003 0.000548719328959678
0.25 0 0.36 0.0005908121277306758
0.25 0 0.37 0.000835810760141924
0.25 0 0.38 0.0003878194094230998
0.25 0 0.39 0.0001997269178803427
0.25 0 0.4 8.965856532873489e-05
0.25 0 0.41000000000000003 6.686129688425749e-05
0.25 0 0.42 1.3605522332381926e-05
0.25 0 0.43 2.0469017385204028e-05
0.25 0 0.44 5.554350474666448e-05
0.25 0 0.45 3.1345897850380516e-05
0.25 0 0.46 7.532391381169668e-05
0.25 0 0.47000000000000003 5.422000284384153e-05
0.25 0 0.48 0.0003175942535375125
0.25 0 0.49 0.00011799017579285322
0.25 0 0.5 0.0003146555940426675
0.26 0 0.0 2.283879934906728
0.26 0 0.01 1.1046359986844128
0.26 0 0.02 4.155903351535613
0.26 0 0.03 6.070401086013335
0.26 0 0.04 1.7960209240968226
0.26 0 0.05 2.1394723473603885
0.26 0 0.06 1.60325138145878
0.26 0 0.07 4.800110242312887
0.26 0 0.08 2.1653852822239474
0.26 0 0.09 5.225962557686798
0.26 0 0.1 10.560908269137
0.26 0 0.11 10.895331817138205
0.26 0 0.12 8.245741721514475
0.26 0 0.13 0.97475979153232
0.26 0 0.14 1.8966244593992503
0.26 0 0.15 2.060914869508666
0.26 0 0.16 1.8626388314188838
0.26 0 0.17 2.6997815522938753
0.26 0 0.18 0.4928166260354316
0.26 0 0.19 0.5104704251966056
0.26 0 0.2 0.1895204785509524
0.26 0 0.21 0.14520868109715038
0.26 0 0.22 0.038741397830170894
0.26 0 0.23 0.023902279387341095
0.26 0 0.24 0.004836946113589275
0.26 0 0.25 0.0036835041884089796
0.26 0 0.26 0.02991707084477709
0.26 0 0.27 0.011338336580385194
0.26 0 0.28 0.0061666967102579255
0.26 0 0.29 0.001437019418885962
0.26 0 0.3 0.000274994872810501
0.26 0 0.31 0.0029829005369522038
0.26 0 0.32 0.002506240260114031
0.26 0 0.33 0.002899326749461916
0.26 0 0.34 0.0023378205790445727
0.26 0 0.35000000000000003 0.001764758722217629
0.26 0 0.36 0.0010079649825356443
0.26 0 0.37 0.0007604285901575514
0.26 0 0.38 0.00033230713013201844
0.26 0 0.39 0.00017354195456139362
0.26 0 0.4 0.00020405579255346
0.26 0 0.41000000000000003 5.880352814304097e-05
0.26 0 0.42 9.746733933943235e-05
0.26 0 0.43 0.0004508515648152214
0.26 0 0.44 0.0001073439284162479
0.26 0 0.45 0.0003329036933750422
0.26 0 0.46 0.0005211711448204516
0.26 0 0.47000000000000003 0.00032295388748260575
0.26 0 0.48 0.00034318852090857736
0.26 0 0.49 0.00018914844288481155
0.26 0 0.5 0.0002621211410797508
0.27 0 0.0 8.29703381243626
0.27 0 0.01 14.317534055612219
0.27 0 0.02 12.403805615165798
0.27 0 0.03 3.401699407991223
0.27 0 0.04 5.66600087373447
0.27 0 0.05 1.322998531321969
0.27 0 0.06 0.6349933261198176
0.27 0 0.07 0.7061059429386765
0.27 0 0.08 0.4850702733271407
0.27 0 0.09 2.380001263949392
0.27 0 0.1 4.5405634114362625
0.27 0 0.11 2.0733935065073705
0.27 0 0.12 2.2654997205333447
0.27 0 0.13 1.7464531536528463
0.27 0 0.14 5.73849977191038
0.27 0 0.15 3.1656752512631474
0.27 0 0.16 3.8677423570477045
0.27 0 0.17 1.6619530234516444
0.27 0 0.18 1.9447541289245713
0.27 0 0.19 2.004067465774145
0.27 0 0.2 0.7305409543606803
0.27 0 0.21 1.621835026728731
0.27 0 0.22 0.7487063049275006
0.27 0 0.23 0.232965989306596
0.27 0 0.24 0.04556787130701584
0.27 0 0.25 0.007471207643593268
0.27 0 0.26 0.01116267139342015
0.27 0 0.27 0.0022618243817769876
0.27 0 0.28 0.0025580737199632185
0.27 0 0.29 0.002051278610329289
0.27 0 0.3 0.007337797122032899
0.27 0 0.31 0.026609020440283238
0.27 0 0.32 0.03528117208365994
0.27 0 0.33 0.11513432805499926
0.27 0 0.34 0.03761169536422559
0.27 0 0.35000000000000003 0.02643865864285142
0.27 0 0.36 0.015969106172086144
0.27 0 0.37 0.023418206695547183
0.27 0 0.38 0.030193919001526404
0.27 0 0.39 0.011442231443576333
0.27 0 0.4 0.02636381213484585
0.27 0 0.41000000000000003 0.011208980086605482
0.27 0 0.42 0.021549486107875836
0.27 0 0.43 0.014565679328072479
0.27 0 0.44 0.0029105770792754787
0.27 0 0.45 0.004365042870873735
0.27 0 0.46 0.005059241700406732
0.27 0 0.47000000000000003 0.01854126610126432
0.27 0 0.48 0.01157030707111897
0.27 0 0.49 0.013848297021927207
0.27 0 0.5 0.010107512685227495
0.28 0 0.0 0.20315954381570595
0.28 0 0.01 0.4982649443995519
0.28 0 0.02 0.3511880479418701
0.28 0 0.03 0.30298820561868484
0.28 0 0.04 0.6499432572630616
0.28 0 0.05 0.35319287536735017
0.28 0 0.06 0.9393404107896288
0.28 0 0.07 0.7486009407000316
0.28 0 0.08 0.7941867121093021
0.28 0 0.09 1.5960687411993002
0.28 0 0.1 0.8620446641966103
0.28 0 0.11 0.30982243962981765
0.28 0 0.12 0.45085382216935516
0.28 0 0.13 1.4132823247336013
0.28 0 0.14 0.13637490218288748
0.28 0 0.15 0.22651615942374517
0.28 0 0.16 0.3756500854018175
0.28 0 0.17 0.29787020091897154
0.28 0 0.18 1.0098818709349855
0.28 0 0.19 0.5100760967275997
0.28 0 0.2 0.7367348119668713
0.28 0 0.21 1.3802325034989185
0.28 0 0.22 1.0570562892735784
0.28 0 0.23 0.708098016518811
0.28 0 0.24 0.5587011024135325
0.28 0 0.25 0.1973042508084314
0.28 0 0.26 0.1455049960925086
0.28 0 0.27 0.12276282437871402
0.28 0 0.28 0.023088279562970025
0.28 0 0.29 0.028406131328957227
0.28 0 0.3 0.02560666343885574
0.28 0 0.31 0.011216709927959614
0.28 0 0.32 0.06542452136487323
0.28 0 0.33 0.10034614531856789
0.28 0 0.34 0.09451647297597399
0.28 0 0.35000000000000003 0.21684287677298708
0.28 0 0.36 0.5733920636673986
0.28 0 0.37 0.5642817727526834
0.28 0 0.38 0.5704411914380527
0.28 0 0.39 0.10633404909837815
0.28 0 0.4 0.11146993130424018
0.28 0 0.41000000000000003 0.380979969107501
0.28 0 0.42 1.2888877335502413
0.28 0 0.43 2.4156858380844852
0.28 0 0.44 1.1613187796117
0.28 0 0.45 0.41824324767839954
0.28 0 0.46 0.18768489938332703
0.28 0 0.47000000000000003 0.06515363594021005
0.28 0 0.48 0.04087613941316712
0.28 0 0.49 0.02249998800838689
0.28 0 0.5 0.017147045454767206
0.29 0 0.0 3.885049437148419
0.29 0 0.01 3.8692117238443102
0.29 0 0.02 0.9499550075280655
0.29 0 0.03 0.3183565610187579
0.29 0 0.04 0.38326816204284514
0.29 0 0.05 0.23161960250096458
0.29 0 0.06 0.2432852525273702
0.29 0 0.07 0.6625073419524399
0.29 0 0.08 1.8600419578431782
0.29 0 0.09 1.8724477357331168
0.29 0 0.1 2.437892145757828
0.29 0 0.11 13.202699973414349
0.29 0 0.12 8.382395882271995
0.29 0 0.13 3.567313145437464
0.29 0 0.14 1.0989727816487607
0.29 0 0.15 1.140106956684076
0.29 0 0.16 0.7547722763845801
0.29 0 0.17 0.7218022627423231
0.29 0 0.18 1.8151685860084947
0.29 0 0.19 1.1851311317648556
0.29 0 0.2 1.6338256531417472
0.29 0 0.21 4.168995624321169
0.29 0 0.22 2.5594654912741737
0.29 0 0.23 3.606969749176568
0.29 0 0.24 5.677897893498469
0.29 0 0.25 15.767501016666248
0.29 0 0.26 7.112249825250696
0.29 0 0.27 6.928007780339734
0.29 0 0.28 4.528332920590946
0.29 0 0.29 3.826862812037714
0.29 0 0.3 4.002918418432716
0.29 0 0.31 6.009710203893836
0.29 0 0.32 14.368129800873827
0.29 0 0.33 5.29636702310169
0.29 0 0.34 1.5897767970544445
0.29 0 0.35000000000000003 12.465888308067099
0.29 0 0.36 20.64675533629809
0.29 0 0.37 23.363609788397575
0.29 0 0.38 26.204108771128904
0.29 0 0.39 7.8443034745731985
0.29 0 0.4 2.780508946025933
0.29 0 0.41000000000000003 7.260514830209944
0.29 0 0.42 7.820255415057916
0.29 0 0.43 11.47149350822322
0.29 0 0.44 8.899217301211404
0.29 0 0.45 2.408886332303973
0.29 0 0.46 1.288858190155636
0.29 0 0.47000000000000003 1.3460118608482565
0.29 0 0.48 0.4986298493239647
0.29 0 0.49 0.4245839249526726
0.29 0 0.5 0.09135361602243242
0.3 0 0.0 3.6484926713015433
0.3 0 0.01 0.8754405397578877
0.3 0 0.02 2.0838505599953807
0.3 0 0.03 0.623993746090988
0.3 0 0.04 0.21076037625886504
0.3 0 0.05 0.18085434798538305
0.3 0 0.06 0.14391073183605113
0.3 0 0.07 0.11642909269634341
0.3 0 0.08 0.3248861408867952
0.3 0 0.09 0.42461488649808493
0.3 0 0.1 1.0038781301695658
0.3 0 0.11 2.20948167909425
0.3 0 0.12 0.6814334822413111
0.3 0 0.13 0.6960126720639871
0.3 0 0.14 0.36209173149114976
0.3 0 0.15 0.053740598513674125
0.3 0 0.16 0.1691228229532412
0.3 0 0.17 0.06611449376816686
0.3 0 0.18 0.150604947706356
0.3 0 0.19 0.3674467929646065
0.3 0 0.2 0.386654998343146
0.3 0 0.21 0.16888970303318815
0.3 0 0.22 0.2152433972518523
0.3 0 0.23 1.1038023275111355
0.3 0 0.24 1.8677834803073752
0.3 0 0.25 8.591965820077643
0.3 0 0.26 13.981861831260085
0.3 0 0.27 18.62090333284256
0.3 0 0.28 13.891290552663273
0.3 0 0.29 3.4979891662403895
0.3 0 0.3 25.969024324515456
0.3 0 0.31 16.83552464962891
0.3 0 0.32 14.617538560267716
0.3 0 0.33 5.469543396049025
0.3 0 0.34 2.60048702949104
0.3 0 0.35000000000000003 2.975947103471711
0.3 0 0.36 1.8753320325322311
0.3 0 0.37 7.238492548134715
0.3 0 0.38 2.125023868108144
0.3 0 0.39 1.9232929171261157
0.3 0 0.4 2.2911478612122718
0.3 0 0.41000000000000003 3.310192357871926
0.3 0 0.42 10.342947972075859
0.3 0 0.43 5.580475235156616
0.3 0 0.44 10.059395113054503
0.3 0 0.45 1.5927566457813467
0.3 0 0.46 1.6430712019563405
0.3 0 0.47000000000000003 2.3086328782594085
0.3 0 0.48 0.34706369098738243
0.3 0 0.49 0.2246703192693011
0.3 0 0.5 0.04396669854316404
#STOP
