#MEDIUM_PROPERTIES_DISTRIBUTED
$MSH_TYPE
	 GROUNDWATER_FLOW	
$MMP_TYPE
	 PERMEABILITY	
$DIS_TYPE
	 NEAREST_VALUE	
;hj
$CONVERSION_FACTOR
2e-8;2e-6;2e-13
$DATA
0.0 0 0.0 0.0992582794913618
0.0 0 0.01 0.04379126743194451
0.0 0 0.02 0.07299598830082366
0.0 0 0.03 0.03321237190864471
0.0 0 0.04 0.03044536779790329
0.0 0 0.05 0.02729920407920466
0.0 0 0.06 0.03813111450047687
0.0 0 0.07 0.05260356887106729
0.0 0 0.08 0.043941465470319435
0.0 0 0.09 0.012770885782902495
0.0 0 0.1 0.011341254656138297
0.0 0 0.11 0.02330582877685471
0.0 0 0.12 0.049221943165019405
0.0 0 0.13 0.05001037221007207
0.0 0 0.14 0.06517060130338988
0.0 0 0.15 0.0350998641858124
0.0 0 0.16 0.07760484987686093
0.0 0 0.17 0.2578261774830007
0.0 0 0.18 0.2402163649300128
0.0 0 0.19 0.15192882538057825
0.0 0 0.2 0.1266988365232791
0.0 0 0.21 0.10286354852207234
0.0 0 0.22 0.09256974375283285
0.0 0 0.23 0.14957697597935365
0.0 0 0.24 0.07536551709315811
0.0 0 0.25 0.06681243382998589
0.0 0 0.26 0.08655668750959068
0.0 0 0.27 0.13084291910731544
0.0 0 0.28 0.10070259096438956
0.0 0 0.29 0.1127138064498429
0.0 0 0.3 0.04463938611371454
0.0 0 0.31 0.0387052931013846
0.0 0 0.32 0.04233315819384674
0.0 0 0.33 0.08447040528312998
0.0 0 0.34 0.14259850703097415
0.0 0 0.35000000000000003 0.2670635388962761
0.0 0 0.36 0.1584713005563569
0.0 0 0.37 0.20353330079132742
0.0 0 0.38 0.1464359232786877
0.0 0 0.39 0.281652695124188
0.0 0 0.4 0.397830929044312
0.0 0 0.41000000000000003 1.1075464507298198
0.0 0 0.42 0.7459130962910664
0.0 0 0.43 1.4509539786882617
0.0 0 0.44 1.1204260050872674
0.0 0 0.45 0.779551095176315
0.0 0 0.46 0.7627756647864883
0.0 0 0.47000000000000003 0.5598930687112113
0.0 0 0.48 0.2436456521400668
0.0 0 0.49 0.237500924404454
0.0 0 0.5 0.2760262496974301
0.01 0 0.0 0.20183604017952397
0.01 0 0.01 0.2899167099212638
0.01 0 0.02 0.37172045489298683
0.01 0 0.03 0.4646697844244616
0.01 0 0.04 0.34290323980942217
0.01 0 0.05 0.16132346934076738
0.01 0 0.06 0.16996140795394327
0.01 0 0.07 0.1032083123405427
0.01 0 0.08 0.06486057557583672
0.01 0 0.09 0.051949626892518155
0.01 0 0.1 0.0592408326912792
0.01 0 0.11 0.054970826219804224
0.01 0 0.12 0.08586259088717946
0.01 0 0.13 0.12098577872045693
0.01 0 0.14 0.12470114756446614
0.01 0 0.15 0.2710466746688993
0.01 0 0.16 0.14896698070249118
0.01 0 0.17 0.10600907477784782
0.01 0 0.18 0.06538218198080867
0.01 0 0.19 0.09059397547491004
0.01 0 0.2 0.09747869341018033
0.01 0 0.21 0.18072483619551646
0.01 0 0.22 0.09814312977452229
0.01 0 0.23 0.05490489520810811
0.01 0 0.24 0.04361565447124835
0.01 0 0.25 0.03800346401714017
0.01 0 0.26 0.029878836960192976
0.01 0 0.27 0.056396641341946954
0.01 0 0.28 0.04341481366717758
0.01 0 0.29 0.11081018245223563
0.01 0 0.3 0.15809656560780647
0.01 0 0.31 0.33229922824713476
0.01 0 0.32 0.20128649434770524
0.01 0 0.33 0.3837996721845667
0.01 0 0.34 0.23703040136317738
0.01 0 0.35000000000000003 0.4510275836499302
0.01 0 0.36 1.0126442518063943
0.01 0 0.37 1.4299031916847957
0.01 0 0.38 2.240508610322857
0.01 0 0.39 3.455147079092601
0.01 0 0.4 2.96679298824173
0.01 0 0.41000000000000003 2.665977562720662
0.01 0 0.42 1.543815983695688
0.01 0 0.43 0.6943267363032121
0.01 0 0.44 0.27254159249532167
0.01 0 0.45 0.5597377932133462
0.01 0 0.46 0.40665545447454665
0.01 0 0.47000000000000003 0.5213373508223235
0.01 0 0.48 0.4304636099452529
0.01 0 0.49 0.24268083567275633
0.01 0 0.5 0.4669250912044115
0.02 0 0.0 0.14878464863376714
0.02 0 0.01 0.10777855774951811
0.02 0 0.02 0.14322937829499377
0.02 0 0.03 0.13854933889025572
0.02 0 0.04 0.33296030932266696
0.02 0 0.05 1.1102104842896614
0.02 0 0.06 1.0256888329934517
0.02 0 0.07 1.8165119108300711
0.02 0 0.08 1.0031265379276781
0.02 0 0.09 1.4270983905330752
0.02 0 0.1 1.0112659786788138
0.02 0 0.11 0.8435678352368918
0.02 0 0.12 0.5046310196195787
0.02 0 0.13 0.9066850002756953
0.02 0 0.14 1.9028406462327319
0.02 0 0.15 2.245873803824469
0.02 0 0.16 2.4472514612171845
0.02 0 0.17 1.3445906659598674
0.02 0 0.18 0.4313462924331078
0.02 0 0.19 0.8837676050521961
0.02 0 0.2 0.44366717719666754
0.02 0 0.21 0.519720272831736
0.02 0 0.22 0.29924035835171636
0.02 0 0.23 0.5195146943861431
0.02 0 0.24 0.31150017001077346
0.02 0 0.25 0.7102107067340812
0.02 0 0.26 0.5307377229301077
0.02 0 0.27 0.16775521794256035
0.02 0 0.28 0.11554258813449406
0.02 0 0.29 0.0950489995308219
0.02 0 0.3 0.10490346350640167
0.02 0 0.31 0.19887764854432477
0.02 0 0.32 0.1426218897503464
0.02 0 0.33 0.0895396501468402
0.02 0 0.34 0.05496561161267327
0.02 0 0.35000000000000003 0.15528731422290248
0.02 0 0.36 0.22695560027719125
0.02 0 0.37 0.5440136441681149
0.02 0 0.38 0.39233294386590456
0.02 0 0.39 0.2714522092510302
0.02 0 0.4 0.39425547011259543
0.02 0 0.41000000000000003 0.37930271446930025
0.02 0 0.42 0.8030732525285365
0.02 0 0.43 0.6998894800458239
0.02 0 0.44 0.9238757010718907
0.02 0 0.45 1.1275782121036566
0.02 0 0.46 2.6137719859862645
0.02 0 0.47000000000000003 2.575164864844153
0.02 0 0.48 3.7680583128847873
0.02 0 0.49 9.638837502378648
0.02 0 0.5 11.889358005839817
0.03 0 0.0 1.2859039713885663
0.03 0 0.01 1.2404893531800476
0.03 0 0.02 0.978765278770788
0.03 0 0.03 2.5693542787642594
0.03 0 0.04 3.497222793457824
0.03 0 0.05 3.8594925162861924
0.03 0 0.06 4.471388825856739
0.03 0 0.07 1.9612649194517486
0.03 0 0.08 1.2952276481215546
0.03 0 0.09 4.4676347174907605
0.03 0 0.1 5.80626021754255
0.03 0 0.11 19.79832634392179
0.03 0 0.12 15.255492776234789
0.03 0 0.13 17.080098087879417
0.03 0 0.14 3.8110140107869515
0.03 0 0.15 3.2621781006132293
0.03 0 0.16 1.6341253296655436
0.03 0 0.17 1.4998483916849459
0.03 0 0.18 1.3870128869874758
0.03 0 0.19 1.0079698407151567
0.03 0 0.2 1.2046136751718042
0.03 0 0.21 1.176871459637087
0.03 0 0.22 1.0124905572512992
0.03 0 0.23 1.5928786587252222
0.03 0 0.24 0.8362398667184521
0.03 0 0.25 0.9877978062880112
0.03 0 0.26 0.8876495582772942
0.03 0 0.27 1.1364946159268356
0.03 0 0.28 0.5214473440877258
0.03 0 0.29 0.6312076834061081
0.03 0 0.3 0.47048894440879097
0.03 0 0.31 0.18955955321651846
0.03 0 0.32 0.39640008553324396
0.03 0 0.33 0.3911372424549393
0.03 0 0.34 0.5105932837895013
0.03 0 0.35000000000000003 0.6868891441152135
0.03 0 0.36 0.8146387447225245
0.03 0 0.37 0.3951511837223044
0.03 0 0.38 0.5746370376165586
0.03 0 0.39 1.0971717662659226
0.03 0 0.4 0.927214065436455
0.03 0 0.41000000000000003 0.9162594119750014
0.03 0 0.42 1.0668099636807196
0.03 0 0.43 0.6057574767279262
0.03 0 0.44 1.1095309037823429
0.03 0 0.45 0.8423222429812719
0.03 0 0.46 0.9103886794879793
0.03 0 0.47000000000000003 0.5392442753503036
0.03 0 0.48 1.1483907373693658
0.03 0 0.49 0.8467555477570348
0.03 0 0.5 0.7856742774832098
0.04 0 0.0 0.06361947979833836
0.04 0 0.01 0.16961464006823124
0.04 0 0.02 0.11876379366792464
0.04 0 0.03 0.22150133718061474
0.04 0 0.04 0.09015360746979664
0.04 0 0.05 0.05081648549079821
0.04 0 0.06 0.035510808302234756
0.04 0 0.07 0.10965497547132104
0.04 0 0.08 0.13937726560612088
0.04 0 0.09 0.30729826017928435
0.04 0 0.1 0.7086560055950123
0.04 0 0.11 0.6984444684180952
0.04 0 0.12 0.6323408966392329
0.04 0 0.13 0.9001104846217279
0.04 0 0.14 0.32899536905157495
0.04 0 0.15 0.2647698197971835
0.04 0 0.16 0.2968735799706826
0.04 0 0.17 0.3582702660967376
0.04 0 0.18 0.24685194850557557
0.04 0 0.19 0.44583184354351774
0.04 0 0.2 0.32383634021671104
0.04 0 0.21 0.29082042438894923
0.04 0 0.22 0.5096852505576225
0.04 0 0.23 0.4696813325023167
0.04 0 0.24 0.5054416292254961
0.04 0 0.25 0.4460967164194715
0.04 0 0.26 0.6013022836050131
0.04 0 0.27 0.7275828484433339
0.04 0 0.28 1.6196909412287168
0.04 0 0.29 1.8039373957718647
0.04 0 0.3 2.0315673103545473
0.04 0 0.31 2.072028268157887
0.04 0 0.32 3.913165116422358
0.04 0 0.33 10.061362470296574
0.04 0 0.34 15.989690680806417
0.04 0 0.35000000000000003 4.688760661543414
0.04 0 0.36 2.550503492755072
0.04 0 0.37 0.8682604679831419
0.04 0 0.38 1.013309672007371
0.04 0 0.39 1.1860191845518024
0.04 0 0.4 1.5557168407602013
0.04 0 0.41000000000000003 0.5095755749885892
0.04 0 0.42 1.068496145857189
0.04 0 0.43 1.4606352496390738
0.04 0 0.44 1.822495988281661
0.04 0 0.45 1.6067548295520035
0.04 0 0.46 1.8428829255905672
0.04 0 0.47000000000000003 1.1326143663876016
0.04 0 0.48 3.4836720781878587
0.04 0 0.49 6.941230657440047
0.04 0 0.5 6.049323545366222
0.05 0 0.0 0.0010378299230431533
0.05 0 0.01 0.0014953010648979905
0.05 0 0.02 0.0023300353516799385
0.05 0 0.03 0.0029866547032414334
0.05 0 0.04 0.0013039780653880861
0.05 0 0.05 0.0016623337053596002
0.05 0 0.06 0.0028232737300859824
0.05 0 0.07 0.009235053890072785
0.05 0 0.08 0.021971025045882976
0.05 0 0.09 0.02762339176052929
0.05 0 0.1 0.015315686527253014
0.05 0 0.11 0.013387937976848598
0.05 0 0.12 0.008926002023593104
0.05 0 0.13 0.008752568559305177
0.05 0 0.14 0.008531760346356424
0.05 0 0.15 0.0046324035685041745
0.05 0 0.16 0.0037215765323994317
0.05 0 0.17 0.0054187500989850475
0.05 0 0.18 0.009516525193727803
0.05 0 0.19 0.00965056502430638
0.05 0 0.2 0.016489543893100426
0.05 0 0.21 0.006789297764753848
0.05 0 0.22 0.006969647166095196
0.05 0 0.23 0.010196586091202013
0.05 0 0.24 0.013428028761947975
0.05 0 0.25 0.015109515594200493
0.05 0 0.26 0.039128930578683
0.05 0 0.27 0.07169616508916203
0.05 0 0.28 0.22119832680595242
0.05 0 0.29 0.5778526235524395
0.05 0 0.3 0.9439546522803682
0.05 0 0.31 0.4301368353268137
0.05 0 0.32 0.589689717875778
0.05 0 0.33 0.16134888877840645
0.05 0 0.34 0.17301984335411869
0.05 0 0.35000000000000003 0.15969445678491961
0.05 0 0.36 0.34405976084416406
0.05 0 0.37 0.4072164729865417
0.05 0 0.38 0.44712681182128244
0.05 0 0.39 0.15622102225557197
0.05 0 0.4 0.07018551227703664
0.05 0 0.41000000000000003 0.07093988866044658
0.05 0 0.42 0.08962566018880451
0.05 0 0.43 0.1304153300058517
0.05 0 0.44 0.3294922350998965
0.05 0 0.45 0.3966486707037947
0.05 0 0.46 1.5456607650864782
0.05 0 0.47000000000000003 1.9396851829911468
0.05 0 0.48 1.491853473720102
0.05 0 0.49 0.6166424769545185
0.05 0 0.5 0.4856374865013215
0.06 0 0.0 0.013622906669454966
0.06 0 0.01 0.007919238298330885
0.06 0 0.02 0.0025854633710907945
0.06 0 0.03 0.003571347766380386
0.06 0 0.04 0.0053084099796782075
0.06 0 0.05 0.008803708528062903
0.06 0 0.06 0.014019827492107353
0.06 0 0.07 0.010238226215377401
0.06 0 0.08 0.005290636066817496
0.06 0 0.09 0.0026556134659479016
0.06 0 0.1 0.0025035934285211007
0.06 0 0.11 0.001113897363777543
0.06 0 0.12 0.0021110188599939694
0.06 0 0.13 0.001977295559256284
0.06 0 0.14 0.002575232677881338
0.06 0 0.15 0.004762480960440226
0.06 0 0.16 0.007630930925028493
0.06 0 0.17 0.006853828691715389
0.06 0 0.18 0.00840514015558932
0.06 0 0.19 0.007117702981174295
0.06 0 0.2 0.008085024206254178
0.06 0 0.21 0.014218026880944036
0.06 0 0.22 0.05026840421620705
0.06 0 0.23 0.040141008714484935
0.06 0 0.24 0.15768212485229044
0.06 0 0.25 0.13364342903864582
0.06 0 0.26 0.23291255794670843
0.06 0 0.27 0.15490891164672407
0.06 0 0.28 0.11868367907861442
0.06 0 0.29 0.06705541210938057
0.06 0 0.3 0.10410879353517094
0.06 0 0.31 0.18826948594446716
0.06 0 0.32 0.158566837617064
0.06 0 0.33 0.1182616983012362
0.06 0 0.34 0.07757344291653942
0.06 0 0.35000000000000003 0.057135914616080606
0.06 0 0.36 0.1333364114897534
0.06 0 0.37 0.06041148967568481
0.06 0 0.38 0.06431319443974984
0.06 0 0.39 0.053088913045368946
0.06 0 0.4 0.13268570653006723
0.06 0 0.41000000000000003 0.30119266642587816
0.06 0 0.42 0.40572596695474705
0.06 0 0.43 0.21296659854790492
0.06 0 0.44 0.07698125407903182
0.06 0 0.45 0.19128991921004154
0.06 0 0.46 0.14886497932536485
0.06 0 0.47000000000000003 0.18148024831061524
0.06 0 0.48 0.10587569637822211
0.06 0 0.49 0.03552609128391414
0.06 0 0.5 0.0301240942459735
0.07 0 0.0 0.07347148970599611
0.07 0 0.01 0.04071688436940556
0.07 0 0.02 0.05946133263946439
0.07 0 0.03 0.02249167233109833
0.07 0 0.04 0.02238062225688529
0.07 0 0.05 0.03356394133318951
0.07 0 0.06 0.029787644286089866
0.07 0 0.07 0.029154023952432846
0.07 0 0.08 0.038391122317955974
0.07 0 0.09 0.05568406385507691
0.07 0 0.1 0.11457851029614186
0.07 0 0.11 0.12361048502435919
0.07 0 0.12 0.1371019587096874
0.07 0 0.13 0.05812163859763126
0.07 0 0.14 0.15542353208571938
0.07 0 0.15 0.19752352555642472
0.07 0 0.16 0.9957114970786758
0.07 0 0.17 0.7060059343599031
0.07 0 0.18 0.564213935366055
0.07 0 0.19 0.5692574935167504
0.07 0 0.2 0.9018958382032476
0.07 0 0.21 1.1737798393844745
0.07 0 0.22 1.363579447933387
0.07 0 0.23 0.7629391459479664
0.07 0 0.24 0.5128189842835742
0.07 0 0.25 1.060445604439877
0.07 0 0.26 2.8146321452656986
0.07 0 0.27 1.1936487969316898
0.07 0 0.28 1.5141389687999156
0.07 0 0.29 0.7040004637667323
0.07 0 0.3 0.7716217950636246
0.07 0 0.31 1.4336371448741911
0.07 0 0.32 2.9572913358883492
0.07 0 0.33 2.747785349194467
0.07 0 0.34 3.2272015517457064
0.07 0 0.35000000000000003 5.437830098954077
0.07 0 0.36 1.914012837492672
0.07 0 0.37 2.064676109506725
0.07 0 0.38 1.8693847149941676
0.07 0 0.39 2.354375404636711
0.07 0 0.4 3.430542692263329
0.07 0 0.41000000000000003 3.4333796373354986
0.07 0 0.42 2.42934652426737
0.07 0 0.43 2.0584428634351077
0.07 0 0.44 2.5237029285150427
0.07 0 0.45 2.657484881545436
0.07 0 0.46 1.548524409146814
0.07 0 0.47000000000000003 1.6171202604536896
0.07 0 0.48 1.2783875873092814
0.07 0 0.49 5.239455362922923
0.07 0 0.5 3.957502728417483
0.08 0 0.0 0.584895359506298
0.08 0 0.01 0.5402894959317218
0.08 0 0.02 0.8596294305717789
0.08 0 0.03 0.6289159345707783
0.08 0 0.04 0.7866651751378224
0.08 0 0.05 0.5504013841735681
0.08 0 0.06 2.3394402599628337
0.08 0 0.07 0.904726998167337
0.08 0 0.08 0.8861915623156452
0.08 0 0.09 0.8622936079593979
0.08 0 0.1 0.6361770641302015
0.08 0 0.11 0.5380187459446457
0.08 0 0.12 0.9056141412363891
0.08 0 0.13 0.9506479652788985
0.08 0 0.14 1.2245404479619966
0.08 0 0.15 2.065358285592205
0.08 0 0.16 2.5824562596414165
0.08 0 0.17 1.336548533014458
0.08 0 0.18 3.9119781044944375
0.08 0 0.19 5.353121690246596
0.08 0 0.2 13.704929465812352
0.08 0 0.21 17.41873609143176
0.08 0 0.22 21.442145411780288
0.08 0 0.23 25.37083373110942
0.08 0 0.24 29.81229145749191
0.08 0 0.25 29.64395600177152
0.08 0 0.26 14.803807566090159
0.08 0 0.27 10.300579945718134
0.08 0 0.28 7.097045569008888
0.08 0 0.29 10.223934090075986
0.08 0 0.3 5.595207249910573
0.08 0 0.31 1.6327037533710544
0.08 0 0.32 0.8720704653116303
0.08 0 0.33 0.6965441121251039
0.08 0 0.34 0.5366907221090571
0.08 0 0.35000000000000003 1.0022231877526693
0.08 0 0.36 0.938896997838634
0.08 0 0.37 1.1225213870269088
0.08 0 0.38 2.3748237544349093
0.08 0 0.39 6.46720708662104
0.08 0 0.4 2.388414188517496
0.08 0 0.41000000000000003 3.4344478018318116
0.08 0 0.42 3.7391401404835247
0.08 0 0.43 7.634982596296138
0.08 0 0.44 11.296148464894387
0.08 0 0.45 15.735355841329714
0.08 0 0.46 3.5791269506170864
0.08 0 0.47000000000000003 3.7352310773845465
0.08 0 0.48 7.014857293789853
0.08 0 0.49 15.107212792808296
0.08 0 0.5 18.945675592279354
0.09 0 0.0 1.3660795148604845
0.09 0 0.01 1.3472075083695805
0.09 0 0.02 2.831332017185553
0.09 0 0.03 5.936048216962335
0.09 0 0.04 16.981062111205016
0.09 0 0.05 19.38118099963508
0.09 0 0.06 16.916635941833825
0.09 0 0.07 9.078192659750954
0.09 0 0.08 6.32945635242835
0.09 0 0.09 3.364557788970398
0.09 0 0.1 4.479703376852778
0.09 0 0.11 2.2609940325551308
0.09 0 0.12 3.6233245652664263
0.09 0 0.13 6.387934988055857
0.09 0 0.14 5.207183402547674
0.09 0 0.15 2.8196814510759642
0.09 0 0.16 2.581685625523848
0.09 0 0.17 2.9786264281007178
0.09 0 0.18 5.428653935935985
0.09 0 0.19 16.994745802259526
0.09 0 0.2 9.107645244110314
0.09 0 0.21 5.258859127549672
0.09 0 0.22 8.47358921855712
0.09 0 0.23 15.613141906354784
0.09 0 0.24 14.028502616358384
0.09 0 0.25 11.737403142389674
0.09 0 0.26 3.1902820589933087
0.09 0 0.27 1.940461746857497
0.09 0 0.28 2.5099344664919756
0.09 0 0.29 2.857036504190077
0.09 0 0.3 0.8954492720744844
0.09 0 0.31 0.5341213044162837
0.09 0 0.32 0.24188502565776632
0.09 0 0.33 0.4560527014572131
0.09 0 0.34 0.7128194534127039
0.09 0 0.35000000000000003 1.6100910678046583
0.09 0 0.36 1.4270822982195035
0.09 0 0.37 3.157654033803967
0.09 0 0.38 2.45496921649913
0.09 0 0.39 4.4228905524975275
0.09 0 0.4 3.787662468655906
0.09 0 0.41000000000000003 4.0775706185291
0.09 0 0.42 5.875410784809156
0.09 0 0.43 11.155813448580641
0.09 0 0.44 12.122498539625493
0.09 0 0.45 24.297946388208107
0.09 0 0.46 28.714192612736735
0.09 0 0.47000000000000003 22.152115664228187
0.09 0 0.48 11.57668505577444
0.09 0 0.49 11.13712718584566
0.09 0 0.5 3.869897861284347
0.1 0 0.0 9.489996583818353
0.1 0 0.01 3.0734383340947624
0.1 0 0.02 4.729373188495863
0.1 0 0.03 7.2789116555027
0.1 0 0.04 6.991569992005633
0.1 0 0.05 2.930757262407975
0.1 0 0.06 1.6471593753118718
0.1 0 0.07 0.7582491216748118
0.1 0 0.08 1.2880698207602577
0.1 0 0.09 1.9725479545128544
0.1 0 0.1 1.2483080803294828
0.1 0 0.11 1.780088647639128
0.1 0 0.12 1.9123142069059822
0.1 0 0.13 3.7158352747601895
0.1 0 0.14 4.65303719234447
0.1 0 0.15 5.984034802663178
0.1 0 0.16 4.175789449489084
0.1 0 0.17 6.317485432544575
0.1 0 0.18 6.870826819948803
0.1 0 0.19 5.146497619267555
0.1 0 0.2 5.129009907894028
0.1 0 0.21 4.96948581368982
0.1 0 0.22 3.0817649768839446
0.1 0 0.23 3.713257416081527
0.1 0 0.24 1.0078543659507195
0.1 0 0.25 0.7022471486175587
0.1 0 0.26 0.34435384542640496
0.1 0 0.27 0.42624853638480525
0.1 0 0.28 0.16438020922932337
0.1 0 0.29 0.2629717426289043
0.1 0 0.3 0.2523751838986358
0.1 0 0.31 0.6184837665665592
0.1 0 0.32 1.75855269714149
0.1 0 0.33 1.694334188268581
0.1 0 0.34 0.7615467383839906
0.1 0 0.35000000000000003 0.473318330165351
0.1 0 0.36 0.19778256482147807
0.1 0 0.37 0.1719657577238203
0.1 0 0.38 0.1474430347974275
0.1 0 0.39 0.20851424476096206
0.1 0 0.4 0.15831553931366654
0.1 0 0.41000000000000003 0.38751985543523504
0.1 0 0.42 0.1778394934746032
0.1 0 0.43 0.10335897599634122
0.1 0 0.44 0.08001674071531024
0.1 0 0.45 0.06967322460777539
0.1 0 0.46 0.1810864046219429
0.1 0 0.47000000000000003 0.42319541605646877
0.1 0 0.48 0.7840987303645734
0.1 0 0.49 0.5160282585866394
0.1 0 0.5 0.6693714668569661
0.11 0 0.0 0.06145967454570293
0.11 0 0.01 0.2111079461247629
0.11 0 0.02 0.22522498618136982
0.11 0 0.03 0.30992465861664353
0.11 0 0.04 0.180819209787463
0.11 0 0.05 0.2391865093901343
0.11 0 0.06 0.3893870943210032
0.11 0 0.07 1.6058807369145724
0.11 0 0.08 3.238494087637086
0.11 0 0.09 5.509229345336628
0.11 0 0.1 9.26107719711607
0.11 0 0.11 8.703994757841762
0.11 0 0.12 9.456359390555164
0.11 0 0.13 7.880805392611746
0.11 0 0.14 3.383677468217519
0.11 0 0.15 7.6613660715154825
0.11 0 0.16 5.034983238360133
0.11 0 0.17 6.280159930714618
0.11 0 0.18 2.2158479427266853
0.11 0 0.19 2.3185962026524902
0.11 0 0.2 0.8931576489804828
0.11 0 0.21 1.2160530353735186
0.11 0 0.22 0.5734135206523534
0.11 0 0.23 0.11303813234156612
0.11 0 0.24 0.07708442002251982
0.11 0 0.25 0.08602883811569864
0.11 0 0.26 0.08820883764716016
0.11 0 0.27 0.14349432401608456
0.11 0 0.28 0.07426460238144056
0.11 0 0.29 0.057825646136300986
0.11 0 0.3 0.049710772138773146
0.11 0 0.31 0.17969094188167004
0.11 0 0.32 0.1111973619297047
0.11 0 0.33 0.15747361392498774
0.11 0 0.34 0.14656423720053813
0.11 0 0.35000000000000003 0.1482109309641335
0.11 0 0.36 0.3730317375087233
0.11 0 0.37 0.43580370481516634
0.11 0 0.38 0.5180936306649675
0.11 0 0.39 0.3510871126008503
0.11 0 0.4 0.5382452974998363
0.11 0 0.41000000000000003 1.0267555949471472
0.11 0 0.42 3.137133402502649
0.11 0 0.43 5.9618197722367094
0.11 0 0.44 4.315119372203132
0.11 0 0.45 3.2582458492358617
0.11 0 0.46 1.5734799577677896
0.11 0 0.47000000000000003 1.3812954485274254
0.11 0 0.48 2.8050605727394813
0.11 0 0.49 1.4995601763403308
0.11 0 0.5 1.7367715434491369
0.12 0 0.0 0.15259067085850883
0.12 0 0.01 0.22889360467444972
0.12 0 0.02 0.3413283840864201
0.12 0 0.03 0.1658311819260713
0.12 0 0.04 0.10632639789924404
0.12 0 0.05 0.4490362229726872
0.12 0 0.06 0.35690193085215044
0.12 0 0.07 0.4847658637264399
0.12 0 0.08 0.2666312663574741
0.12 0 0.09 0.46200207547709543
0.12 0 0.1 0.5518854967464364
0.12 0 0.11 3.0927650996362446
0.12 0 0.12 3.065777055639957
0.12 0 0.13 1.9319893805570552
0.12 0 0.14 1.8621466573485799
0.12 0 0.15 2.021189167955831
0.12 0 0.16 2.3802756936958915
0.12 0 0.17 2.9794004141529777
0.12 0 0.18 1.7741160771800273
0.12 0 0.19 1.730028027232612
0.12 0 0.2 0.8668805017625711
0.12 0 0.21 0.990567992912163
0.12 0 0.22 0.45693080042491196
0.12 0 0.23 0.4853455330316614
0.12 0 0.24 0.24668080308089813
0.12 0 0.25 0.33348279557725474
0.12 0 0.26 0.3665660363531454
0.12 0 0.27 0.3421618963029142
0.12 0 0.28 1.1582435922028709
0.12 0 0.29 1.4793368026229146
0.12 0 0.3 1.333160661059652
0.12 0 0.31 0.9323001195460945
0.12 0 0.32 0.601518542198565
0.12 0 0.33 0.27928539546711456
0.12 0 0.34 0.34315981900870823
0.12 0 0.35000000000000003 0.5379285129380866
0.12 0 0.36 0.30744962898185224
0.12 0 0.37 0.400101571786717
0.12 0 0.38 0.5660797703348959
0.12 0 0.39 0.22827364137137557
0.12 0 0.4 0.25851092573573453
0.12 0 0.41000000000000003 0.1344649669178163
0.12 0 0.42 0.09734604970487927
0.12 0 0.43 0.046142420810244486
0.12 0 0.44 0.08148062026711114
0.12 0 0.45 0.03740334578090988
0.12 0 0.46 0.04043400960222173
0.12 0 0.47000000000000003 0.031065862872303278
0.12 0 0.48 0.02326987238442473
0.12 0 0.49 0.01700403313373019
0.12 0 0.5 0.02421360414128193
0.13 0 0.0 0.35604394109610843
0.13 0 0.01 0.48272828094833103
0.13 0 0.02 0.3257790679815219
0.13 0 0.03 0.4641353287470774
0.13 0 0.04 0.4434532033004796
0.13 0 0.05 0.5857912016821326
0.13 0 0.06 0.5958819128604288
0.13 0 0.07 0.41504037536359645
0.13 0 0.08 0.34394556652578073
0.13 0 0.09 0.8358230499155492
0.13 0 0.1 0.37510583783515555
0.13 0 0.11 0.2984573400287078
0.13 0 0.12 0.23056394940081631
0.13 0 0.13 0.28455204188456334
0.13 0 0.14 0.30703457858259003
0.13 0 0.15 0.9662069203202134
0.13 0 0.16 0.8294100514394441
0.13 0 0.17 0.7378620684674209
0.13 0 0.18 1.2967950896926395
0.13 0 0.19 0.8215487628034747
0.13 0 0.2 0.31336081306764624
0.13 0 0.21 0.17746847815283937
0.13 0 0.22 0.13124594321945307
0.13 0 0.23 0.10770206372151764
0.13 0 0.24 0.19108297402316757
0.13 0 0.25 0.14546554789934513
0.13 0 0.26 0.0767157265991224
0.13 0 0.27 0.05577573390612713
0.13 0 0.28 0.046008215705061244
0.13 0 0.29 0.02528472441651932
0.13 0 0.3 0.015533888453252627
0.13 0 0.31 0.0058892303170439775
0.13 0 0.32 0.005512417330673826
0.13 0 0.33 0.004021409850050296
0.13 0 0.34 0.004629985148330465
0.13 0 0.35000000000000003 0.0023285272891655014
0.13 0 0.36 0.001981373958011289
0.13 0 0.37 0.0007890394052150701
0.13 0 0.38 0.0020461441425238557
0.13 0 0.39 0.0029560522994504556
0.13 0 0.4 0.003514620423597111
0.13 0 0.41000000000000003 0.0021909182094002784
0.13 0 0.42 0.0014150493890298396
0.13 0 0.43 0.000544988398906812
0.13 0 0.44 0.0014043652259687906
0.13 0 0.45 0.0036608056840063173
0.13 0 0.46 0.00472439705731973
0.13 0 0.47000000000000003 0.003577032444143085
0.13 0 0.48 0.00443776541042505
0.13 0 0.49 0.002163173781054036
0.13 0 0.5 0.004976237929970851
0.14 0 0.0 0.23185993764442633
0.14 0 0.01 0.17847731649935408
0.14 0 0.02 0.1492109254395545
0.14 0 0.03 0.20942622228326618
0.14 0 0.04 0.17995478239694898
0.14 0 0.05 0.16779203084564495
0.14 0 0.06 0.07249543579947014
0.14 0 0.07 0.10095406075730604
0.14 0 0.08 0.13307006964949428
0.14 0 0.09 0.09639902073760181
0.14 0 0.1 0.03899836169481094
0.14 0 0.11 0.017488108444702236
0.14 0 0.12 0.019797090378497754
0.14 0 0.13 0.055929439329823236
0.14 0 0.14 0.10965403780581323
0.14 0 0.15 0.06570265619081521
0.14 0 0.16 0.04725710982014136
0.14 0 0.17 0.021566023991324745
0.14 0 0.18 0.02566043561109874
0.14 0 0.19 0.042640830489357386
0.14 0 0.2 0.047117076012790894
0.14 0 0.21 0.03458974847984116
0.14 0 0.22 0.05420465072003913
0.14 0 0.23 0.05104968963778844
0.14 0 0.24 0.05986319883109344
0.14 0 0.25 0.069784486215023
0.14 0 0.26 0.059713013661776455
0.14 0 0.27 0.017617228762386687
0.14 0 0.28 0.024614938602470885
0.14 0 0.29 0.00948989046550028
0.14 0 0.3 0.011138052078131325
0.14 0 0.31 0.008671059845068376
0.14 0 0.32 0.009404932816359107
0.14 0 0.33 0.004831771495586875
0.14 0 0.34 0.0071031791177230425
0.14 0 0.35000000000000003 0.006984602200635054
0.14 0 0.36 0.006051695739642765
0.14 0 0.37 0.006214491828387322
0.14 0 0.38 0.00442140098489829
0.14 0 0.39 0.002055001673938995
0.14 0 0.4 0.002367528490353661
0.14 0 0.41000000000000003 0.0009627682960661445
0.14 0 0.42 0.0011916199391705672
0.14 0 0.43 0.0007863026035646209
0.14 0 0.44 0.0009023793972353244
0.14 0 0.45 0.0005343808400693078
0.14 0 0.46 0.0005842847571363545
0.14 0 0.47000000000000003 0.0005421492114312905
0.14 0 0.48 0.0006462612619970384
0.14 0 0.49 0.0015015164410732665
0.14 0 0.5 0.0009606507989733221
0.15 0 0.0 0.5517507431233895
0.15 0 0.01 0.33695084203747744
0.15 0 0.02 0.3056345390859631
0.15 0 0.03 0.3003822893648514
0.15 0 0.04 0.24104653595268763
0.15 0 0.05 0.16351167317859114
0.15 0 0.06 0.24014875247174738
0.15 0 0.07 0.14653899803896658
0.15 0 0.08 0.19377804027441886
0.15 0 0.09 0.17523000314129983
0.15 0 0.1 0.14547830526471323
0.15 0 0.11 0.2387210929434066
0.15 0 0.12 0.32959698589722575
0.15 0 0.13 0.21052785315893063
0.15 0 0.14 0.1509945356243156
0.15 0 0.15 0.08200641164469956
0.15 0 0.16 0.055233396060365564
0.15 0 0.17 0.03394339807008776
0.15 0 0.18 0.045896868741186064
0.15 0 0.19 0.014644990004894439
0.15 0 0.2 0.03207951773271098
0.15 0 0.21 0.027734222450121304
0.15 0 0.22 0.04415624404512064
0.15 0 0.23 0.04494144538682627
0.15 0 0.24 0.06114208019082733
0.15 0 0.25 0.043016450433833384
0.15 0 0.26 0.058421246163640826
0.15 0 0.27 0.07596837478833952
0.15 0 0.28 0.06703455714029463
0.15 0 0.29 0.07291833964069419
0.15 0 0.3 0.09749407684250927
0.15 0 0.31 0.054357572839513764
0.15 0 0.32 0.10480291291221328
0.15 0 0.33 0.060799419411215465
0.15 0 0.34 0.07940396452021001
0.15 0 0.35000000000000003 0.05454002367791921
0.15 0 0.36 0.06299314302052059
0.15 0 0.37 0.034715183909786486
0.15 0 0.38 0.020191556130949778
0.15 0 0.39 0.00976715083399093
0.15 0 0.4 0.0040368409772007325
0.15 0 0.41000000000000003 0.011201171904152618
0.15 0 0.42 0.018359015041203484
0.15 0 0.43 0.035104387436275274
0.15 0 0.44 0.030976331237353646
0.15 0 0.45 0.01011467339859053
0.15 0 0.46 0.007525232770034561
0.15 0 0.47000000000000003 0.011890601593924695
0.15 0 0.48 0.021090181126787094
0.15 0 0.49 0.01928179279242503
0.15 0 0.5 0.025225097981189708
0.16 0 0.0 0.7948909266468994
0.16 0 0.01 1.3711140944036857
0.16 0 0.02 0.9384310647020689
0.16 0 0.03 0.7400377158680429
0.16 0 0.04 0.6946025752555554
0.16 0 0.05 0.5139326376517526
0.16 0 0.06 0.3714582805170401
0.16 0 0.07 0.19534735732888556
0.16 0 0.08 0.14919521314601938
0.16 0 0.09 0.051350137295394116
0.16 0 0.1 0.17208577153995475
0.16 0 0.11 0.11279807044501172
0.16 0 0.12 0.12969131158336256
0.16 0 0.13 0.042846893997053
0.16 0 0.14 0.024206820015176645
0.16 0 0.15 0.02271978272255444
0.16 0 0.16 0.037280229328045145
0.16 0 0.17 0.04793317221670043
0.16 0 0.18 0.045424106165756595
0.16 0 0.19 0.03099993932178072
0.16 0 0.2 0.03513051465535914
0.16 0 0.21 0.056031954846154496
0.16 0 0.22 0.1960876699245848
0.16 0 0.23 0.11548129542608365
0.16 0 0.24 0.24736502067221125
0.16 0 0.25 0.18736193437296256
0.16 0 0.26 0.3413013659166439
0.16 0 0.27 0.9567296127817705
0.16 0 0.28 2.051526618248049
0.16 0 0.29 1.5030928442529317
0.16 0 0.3 1.434914179723483
0.16 0 0.31 2.9931804870953105
0.16 0 0.32 2.3597113218811883
0.16 0 0.33 3.24875916174653
0.16 0 0.34 1.8605076932455826
0.16 0 0.35000000000000003 0.44402517314131135
0.16 0 0.36 0.3415914981751123
0.16 0 0.37 0.4309735115652496
0.16 0 0.38 0.3602662404694769
0.16 0 0.39 0.21385635297478958
0.16 0 0.4 0.1205581324655124
0.16 0 0.41000000000000003 0.050927469063277546
0.16 0 0.42 0.02185435210646941
0.16 0 0.43 0.02324499597225603
0.16 0 0.44 0.00879849089153984
0.16 0 0.45 0.014938032741810534
0.16 0 0.46 0.012996055984848558
0.16 0 0.47000000000000003 0.02257874340119968
0.16 0 0.48 0.012709042884185572
0.16 0 0.49 0.009854645435412953
0.16 0 0.5 0.006567124954704453
0.17 0 0.0 0.058998456205166874
0.17 0 0.01 0.032626942717566866
0.17 0 0.02 0.07315771229065768
0.17 0 0.03 0.021798238141582642
0.17 0 0.04 0.022499040833989216
0.17 0 0.05 0.031159314064240686
0.17 0 0.06 0.03955904321410972
0.17 0 0.07 0.05081432797778783
0.17 0 0.08 0.08601199181764563
0.17 0 0.09 0.049042585419477994
0.17 0 0.1 0.031412401047203733
0.17 0 0.11 0.0381296069962704
0.17 0 0.12 0.05670751936768136
0.17 0 0.13 0.03442195407909636
0.17 0 0.14 0.11572011814896871
0.17 0 0.15 0.07190993023126668
0.17 0 0.16 0.09206166519647145
0.17 0 0.17 0.11195864206083127
0.17 0 0.18 0.1397942563993251
0.17 0 0.19 0.09813782200513224
0.17 0 0.2 0.10900923468798918
0.17 0 0.21 0.14744963165829805
0.17 0 0.22 0.12175682829609263
0.17 0 0.23 0.20017066247738505
0.17 0 0.24 0.2554022834375184
0.17 0 0.25 0.37156571349018175
0.17 0 0.26 0.6404679937596314
0.17 0 0.27 0.6334918781275155
0.17 0 0.28 0.6138011711913409
0.17 0 0.29 0.4563416687109811
0.17 0 0.3 0.41383972145793496
0.17 0 0.31 0.7649109385662789
0.17 0 0.32 0.7505793269972937
0.17 0 0.33 0.631093886535726
0.17 0 0.34 0.4236545583461092
0.17 0 0.35000000000000003 0.5182274078029155
0.17 0 0.36 0.17200992270717622
0.17 0 0.37 0.17998204566960468
0.17 0 0.38 0.08732457347699865
0.17 0 0.39 0.05963158667765853
0.17 0 0.4 0.07052056684662167
0.17 0 0.41000000000000003 0.1451195571038817
0.17 0 0.42 0.052675419068912814
0.17 0 0.43 0.05370384232333574
0.17 0 0.44 0.05550794190563994
0.17 0 0.45 0.05629497355950992
0.17 0 0.46 0.042231530332043216
0.17 0 0.47000000000000003 0.048116460099254764
0.17 0 0.48 0.016462894745894567
0.17 0 0.49 0.02337142145057533
0.17 0 0.5 0.03497930217081222
0.18 0 0.0 0.8438457383931656
0.18 0 0.01 0.9781542421434918
0.18 0 0.02 1.3029819986238007
0.18 0 0.03 1.0225149250551837
0.18 0 0.04 1.1821942309053723
0.18 0 0.05 0.48344095254503267
0.18 0 0.06 0.42478323540117424
0.18 0 0.07 0.2001308525316431
0.18 0 0.08 0.21811336211922225
0.18 0 0.09 0.20001064670673227
0.18 0 0.1 0.21834427451998484
0.18 0 0.11 0.20976387364566915
0.18 0 0.12 0.30106323239509053
0.18 0 0.13 0.20229848386699964
0.18 0 0.14 0.09560764175551655
0.18 0 0.15 0.06966642684939361
0.18 0 0.16 0.02561594238042845
0.18 0 0.17 0.01810343378503581
0.18 0 0.18 0.038527612657297025
0.18 0 0.19 0.07453294946275317
0.18 0 0.2 0.11363707959637376
0.18 0 0.21 0.2326697032779797
0.18 0 0.22 0.1607424134254071
0.18 0 0.23 0.1028221634488348
0.18 0 0.24 0.14670960690222662
0.18 0 0.25 0.18437078477092742
0.18 0 0.26 0.0819712886378395
0.18 0 0.27 0.1029468582211854
0.18 0 0.28 0.06747988884117972
0.18 0 0.29 0.11043590822193469
0.18 0 0.3 0.12379909527437057
0.18 0 0.31 0.10097455949649245
0.18 0 0.32 0.015806032439785043
0.18 0 0.33 0.01164455924193914
0.18 0 0.34 0.010785597070631219
0.18 0 0.35000000000000003 0.025797439766724158
0.18 0 0.36 0.02928356638892438
0.18 0 0.37 0.021969794727695748
0.18 0 0.38 0.01397869746362725
0.18 0 0.39 0.03411400796488311
0.18 0 0.4 0.07618867030261789
0.18 0 0.41000000000000003 0.22391001825915888
0.18 0 0.42 0.20423193228064213
0.18 0 0.43 0.17867178263124617
0.18 0 0.44 0.11907438412625238
0.18 0 0.45 0.17823993030185495
0.18 0 0.46 0.057738955110354685
0.18 0 0.47000000000000003 0.047080400170011576
0.18 0 0.48 0.027935170206974703
0.18 0 0.49 0.015722633966452848
0.18 0 0.5 0.012083718007413065
0.19 0 0.0 1.0286162462148654
0.19 0 0.01 0.36901856574450104
0.19 0 0.02 0.3114588622831883
0.19 0 0.03 0.14426048936530597
0.19 0 0.04 0.18284555238785327
0.19 0 0.05 0.19304146319862198
0.19 0 0.06 0.08929814633624722
0.19 0 0.07 0.08126954372870548
0.19 0 0.08 0.08936056242934093
0.19 0 0.09 0.12513135992807822
0.19 0 0.1 0.11708258278781446
0.19 0 0.11 0.09562007619760769
0.19 0 0.12 0.030073324100361135
0.19 0 0.13 0.023154906297597935
0.19 0 0.14 0.04468078906361006
0.19 0 0.15 0.08044814542485515
0.19 0 0.16 0.16521394325654415
0.19 0 0.17 0.20536830013658636
0.19 0 0.18 0.137407576758368
0.19 0 0.19 0.2823325615868871
0.19 0 0.2 0.24693572085647827
0.19 0 0.21 0.38042088503067234
0.19 0 0.22 0.22677791688862378
0.19 0 0.23 0.38283747626941467
0.19 0 0.24 0.19765240731454825
0.19 0 0.25 0.2832773847152242
0.19 0 0.26 0.11682073833068801
0.19 0 0.27 0.046399186133744774
0.19 0 0.28 0.036575067679023666
0.19 0 0.29 0.028910639906184553
0.19 0 0.3 0.018494796947031256
0.19 0 0.31 0.0211026741944346
0.19 0 0.32 0.01331726034506718
0.19 0 0.33 0.01781476087609834
0.19 0 0.34 0.017412404645828772
0.19 0 0.35000000000000003 0.03162269670582914
0.19 0 0.36 0.018090282046662493
0.19 0 0.37 0.07445020663278484
0.19 0 0.38 0.1383413870460252
0.19 0 0.39 0.2596044450746493
0.19 0 0.4 0.3075160795094847
0.19 0 0.41000000000000003 0.12304815484660145
0.19 0 0.42 0.06567789130438731
0.19 0 0.43 0.0467858179127796
0.19 0 0.44 0.04406138055111652
0.19 0 0.45 0.029450557062854116
0.19 0 0.46 0.04833391202936067
0.19 0 0.47000000000000003 0.07902875653195766
0.19 0 0.48 0.09037403512335254
0.19 0 0.49 0.15324171810068116
0.19 0 0.5 0.08758801379973274
0.2 0 0.0 1.8954105949393258
0.2 0 0.01 2.4871583324521627
0.2 0 0.02 1.6844988025413203
0.2 0 0.03 1.6193741210362957
0.2 0 0.04 1.1234680475197272
0.2 0 0.05 0.7873097449199299
0.2 0 0.06 1.0226471110742
0.2 0 0.07 0.8141375820792488
0.2 0 0.08 0.7031735776928443
0.2 0 0.09 0.7530892206978402
0.2 0 0.1 0.2417395147712096
0.2 0 0.11 0.17769920314434953
0.2 0 0.12 0.05547776058475883
0.2 0 0.13 0.0586470337709982
0.2 0 0.14 0.029584917136373422
0.2 0 0.15 0.045350143797458914
0.2 0 0.16 0.019408603497192627
0.2 0 0.17 0.02276643804102831
0.2 0 0.18 0.019887011237854954
0.2 0 0.19 0.00988488893626385
0.2 0 0.2 0.00774057568520165
0.2 0 0.21 0.006082598935571781
0.2 0 0.22 0.0036049864372804333
0.2 0 0.23 0.006233481193920839
0.2 0 0.24 0.005127144970169488
0.2 0 0.25 0.006501441996774318
0.2 0 0.26 0.00565495502595329
0.2 0 0.27 0.019809142432037206
0.2 0 0.28 0.00825967739481614
0.2 0 0.29 0.008041781251617135
0.2 0 0.3 0.00515763490715253
0.2 0 0.31 0.004086542031273234
0.2 0 0.32 0.012314515124609392
0.2 0 0.33 0.021563523377140598
0.2 0 0.34 0.021239604656157082
0.2 0 0.35000000000000003 0.014599263175143679
0.2 0 0.36 0.03083389040550662
0.2 0 0.37 0.07100223236340344
0.2 0 0.38 0.1217372959776351
0.2 0 0.39 0.1269138867919415
0.2 0 0.4 0.03136062898994648
0.2 0 0.41000000000000003 0.02523654956711809
0.2 0 0.42 0.03236143140720885
0.2 0 0.43 0.05400627648631377
0.2 0 0.44 0.12694322444316383
0.2 0 0.45 0.09727507953308516
0.2 0 0.46 0.20373745947642055
0.2 0 0.47000000000000003 0.21547702832036292
0.2 0 0.48 0.4115031695370798
0.2 0 0.49 0.19155399358792044
0.2 0 0.5 0.2360268646698577
0.21 0 0.0 0.15929470508611676
0.21 0 0.01 0.4244489456173214
0.21 0 0.02 0.20231680667868673
0.21 0 0.03 0.29718761931194226
0.21 0 0.04 0.25824519993648276
0.21 0 0.05 0.44831029076013357
0.21 0 0.06 0.3919016823560534
0.21 0 0.07 1.01381789209607
0.21 0 0.08 0.49204318979081785
0.21 0 0.09 0.14137611244565418
0.21 0 0.1 0.11031875354450565
0.21 0 0.11 0.12948380574279772
0.21 0 0.12 0.15095165324558546
0.21 0 0.13 0.28190469641519317
0.21 0 0.14 0.09224364574325215
0.21 0 0.15 0.042624656877098176
0.21 0 0.16 0.022361497351316175
0.21 0 0.17 0.04936027234304543
0.21 0 0.18 0.028182226004606795
0.21 0 0.19 0.030969389090784706
0.21 0 0.2 0.01444590627886753
0.21 0 0.21 0.016128746859238447
0.21 0 0.22 0.024739938905954148
0.21 0 0.23 0.023641320203622983
0.21 0 0.24 0.02099839504910769
0.21 0 0.25 0.011743968165491633
0.21 0 0.26 0.01045516567259383
0.21 0 0.27 0.014016189989931602
0.21 0 0.28 0.013379254121426943
0.21 0 0.29 0.00695307614624421
0.21 0 0.3 0.004723989761188237
0.21 0 0.31 0.005430970214556828
0.21 0 0.32 0.0032551240337108625
0.21 0 0.33 0.00468964071800615
0.21 0 0.34 0.0068874319450783145
0.21 0 0.35000000000000003 0.003890203400360805
0.21 0 0.36 0.005668228797382394
0.21 0 0.37 0.002807426923663167
0.21 0 0.38 0.0011361721044283284
0.21 0 0.39 0.00047553848070982515
0.21 0 0.4 0.0014866157137784627
0.21 0 0.41000000000000003 0.0016905841662662293
0.21 0 0.42 0.005230906583286614
0.21 0 0.43 0.010394817750339612
0.21 0 0.44 0.010029161916687524
0.21 0 0.45 0.008697627416950451
0.21 0 0.46 0.01218703587239922
0.21 0 0.47000000000000003 0.006217452666908177
0.21 0 0.48 0.006698777776152284
0.21 0 0.49 0.008559190269710033
0.21 0 0.5 0.02331772613668747
0.22 0 0.0 0.4491226835022729
0.22 0 0.01 0.4701718685972517
0.22 0 0.02 0.6381615364935178
0.22 0 0.03 0.8187808844155119
0.22 0 0.04 0.4997645743475588
0.22 0 0.05 0.6830381886143104
0.22 0 0.06 0.29894742021053256
0.22 0 0.07 0.40490184472165186
0.22 0 0.08 0.28166172397172257
0.22 0 0.09 0.2849909971295796
0.22 0 0.1 0.20524883649733353
0.22 0 0.11 0.4589588733785616
0.22 0 0.12 0.28570975778342506
0.22 0 0.13 0.13339983444580575
0.22 0 0.14 0.13119038129350147
0.22 0 0.15 0.09701462989944241
0.22 0 0.16 0.08036463679375072
0.22 0 0.17 0.11655691125705665
0.22 0 0.18 0.06216680904412251
0.22 0 0.19 0.02607658729263842
0.22 0 0.2 0.02709508757155549
0.22 0 0.21 0.018420308049703536
0.22 0 0.22 0.005126249072270686
0.22 0 0.23 0.002035745689507523
0.22 0 0.24 0.0007878363439828652
0.22 0 0.25 0.0002491346805007986
0.22 0 0.26 0.0002184634392247224
0.22 0 0.27 0.00013865745280316986
0.22 0 0.28 0.00014351646163071464
0.22 0 0.29 0.00024909136281927685
0.22 0 0.3 0.000887945255000263
0.22 0 0.31 0.0010134686737390654
0.22 0 0.32 0.001695012448816738
0.22 0 0.33 0.0014587356590071746
0.22 0 0.34 0.004851082581326997
0.22 0 0.35000000000000003 0.009744732899105291
0.22 0 0.36 0.017507686611696546
0.22 0 0.37 0.011120857042174657
0.22 0 0.38 0.01004442588559506
0.22 0 0.39 0.006091774514049874
0.22 0 0.4 0.009450575723712353
0.22 0 0.41000000000000003 0.006637987828091053
0.22 0 0.42 0.0027576157650144872
0.22 0 0.43 0.0015213805096321786
0.22 0 0.44 0.0035436571150630333
0.22 0 0.45 0.0029280591549788126
0.22 0 0.46 0.006493438248728556
0.22 0 0.47000000000000003 0.004309809955894419
0.22 0 0.48 0.0025249034710609045
0.22 0 0.49 0.0021347475527632347
0.22 0 0.5 0.008701294309253609
0.23 0 0.0 8.32373080950689
0.23 0 0.01 7.880565674122912
0.23 0 0.02 2.0516637813327296
0.23 0 0.03 1.5819080706537307
0.23 0 0.04 1.5220637978900993
0.23 0 0.05 1.2535719274955153
0.23 0 0.06 0.7611330895131183
0.23 0 0.07 0.47205427024474944
0.23 0 0.08 0.2402279560717146
0.23 0 0.09 0.20118684815304397
0.23 0 0.1 0.21209810231902138
0.23 0 0.11 0.10691813880604628
0.23 0 0.12 0.06417010247655543
0.23 0 0.13 0.06070952508468144
0.23 0 0.14 0.10744475085648104
0.23 0 0.15 0.19533683475932895
0.23 0 0.16 0.10361237640600428
0.23 0 0.17 0.019435195325465338
0.23 0 0.18 0.008012470658762743
0.23 0 0.19 0.00496553058915157
0.23 0 0.2 0.005717050441192551
0.23 0 0.21 0.00472561517562614
0.23 0 0.22 0.0031143126322840478
0.23 0 0.23 0.0012100117362030714
0.23 0 0.24 0.0038438302954121833
0.23 0 0.25 0.0035903360086819063
0.23 0 0.26 0.003359809447677644
0.23 0 0.27 0.0016292329424830573
0.23 0 0.28 0.0015963828559090974
0.23 0 0.29 0.0016326491234376357
0.23 0 0.3 0.00809307797877781
0.23 0 0.31 0.017306498833404762
0.23 0 0.32 0.017055051258564765
0.23 0 0.33 0.016145766100170707
0.23 0 0.34 0.012814222076010667
0.23 0 0.35000000000000003 0.004393946938029567
0.23 0 0.36 0.005443830349952981
0.23 0 0.37 0.0030230379738091745
0.23 0 0.38 0.004936823776185497
0.23 0 0.39 0.005073815758993026
0.23 0 0.4 0.009923682642468474
0.23 0 0.41000000000000003 0.006236406651526856
0.23 0 0.42 0.008414717575362125
0.23 0 0.43 0.007915366085782173
0.23 0 0.44 0.006115702500426291
0.23 0 0.45 0.009827312190439483
0.23 0 0.46 0.008762565489511135
0.23 0 0.47000000000000003 0.016918266075473157
0.23 0 0.48 0.036168078716745
0.23 0 0.49 0.050679460623471284
0.23 0 0.5 0.07856553516303731
0.24 0 0.0 9.425871970053295
0.24 0 0.01 8.280584025523769
0.24 0 0.02 8.085864726324063
0.24 0 0.03 3.7600127998082895
0.24 0 0.04 5.189696657411003
0.24 0 0.05 8.661434589044145
0.24 0 0.06 5.316801999136323
0.24 0 0.07 4.619679533214905
0.24 0 0.08 4.9733484138125545
0.24 0 0.09 6.102490031180761
0.24 0 0.1 7.780443048176477
0.24 0 0.11 5.872692440968798
0.24 0 0.12 3.503972418475383
0.24 0 0.13 1.580320649197611
0.24 0 0.14 2.6926676508802396
0.24 0 0.15 0.7813698630592985
0.24 0 0.16 0.9296053778111023
0.24 0 0.17 0.5789964975314443
0.24 0 0.18 0.6675558640582577
0.24 0 0.19 0.5486411957825019
0.24 0 0.2 0.34805827234649694
0.24 0 0.21 0.07914199603905012
0.24 0 0.22 0.03404987552205916
0.24 0 0.23 0.027582180989106395
0.24 0 0.24 0.025302995318515396
0.24 0 0.25 0.024646493991410657
0.24 0 0.26 0.049109588867859044
0.24 0 0.27 0.02598580391315217
0.24 0 0.28 0.049742204167182696
0.24 0 0.29 0.020003563532642783
0.24 0 0.3 0.011067013415755982
0.24 0 0.31 0.0042076080500204555
0.24 0 0.32 0.00514883728334264
0.24 0 0.33 0.004628043425929117
0.24 0 0.34 0.005790950471566221
0.24 0 0.35000000000000003 0.006506621956694189
0.24 0 0.36 0.003296784503396116
0.24 0 0.37 0.0038330089406098224
0.24 0 0.38 0.002937680775587136
0.24 0 0.39 0.002202718863473242
0.24 0 0.4 0.0031580379803850915
0.24 0 0.41000000000000003 0.0037148660637050497
0.24 0 0.42 0.006413668534120224
0.24 0 0.43 0.006465685157913513
0.24 0 0.44 0.003896068688641239
0.24 0 0.45 0.0010389411039705449
0.24 0 0.46 0.0006273813989653003
0.24 0 0.47000000000000003 0.000814186869604857
0.24 0 0.48 0.0008329733980247998
0.24 0 0.49 0.0033660793022104885
0.24 0 0.5 0.001653940410312786
0.25 0 0.0 0.7470639148837968
0.25 0 0.01 0.8343124264255916
0.25 0 0.02 1.298831661362994
0.25 0 0.03 2.626710302691481
0.25 0 0.04 4.534537197968527
0.25 0 0.05 1.0662147888314486
0.25 0 0.06 1.2633541927706315
0.25 0 0.07 0.3417404032771217
0.25 0 0.08 0.31078396693095633
0.25 0 0.09 0.2277841451933171
0.25 0 0.1 0.22382740502313225
0.25 0 0.11 0.21530385048364892
0.25 0 0.12 0.38028780369304344
0.25 0 0.13 0.5064378826509185
0.25 0 0.14 0.3497114598417626
0.25 0 0.15 0.24829332225875667
0.25 0 0.16 0.35922977090046343
0.25 0 0.17 0.36896324172325995
0.25 0 0.18 0.9938996428317965
0.25 0 0.19 0.3297931597615089
0.25 0 0.2 0.41427110509722587
0.25 0 0.21 0.26785292259992616
0.25 0 0.22 0.44006674595075734
0.25 0 0.23 0.41332162422807833
0.25 0 0.24 0.19241084404144754
0.25 0 0.25 0.049300167382924906
0.25 0 0.26 0.026064631460609725
0.25 0 0.27 0.047283399375750254
0.25 0 0.28 0.03998444088509565
0.25 0 0.29 0.03953320734433325
0.25 0 0.3 0.026724430406207846
0.25 0 0.31 0.006618184416890854
0.25 0 0.32 0.007066243594096319
0.25 0 0.33 0.006865000902760474
0.25 0 0.34 0.00412721066117558
0.25 0 0.35000000000000003 0.002089067306507497
0.25 0 0.36 0.0014977898898939346
0.25 0 0.37 0.0009665666605133374
0.25 0 0.38 0.0008137369531779462
0.25 0 0.39 0.002021573992515689
0.25 0 0.4 0.0007458619986007891
0.25 0 0.41000000000000003 0.0006135100516450779
0.25 0 0.42 0.0003661389682625171
0.25 0 0.43 0.0004379640609084365
0.25 0 0.44 0.0004891062610627296
0.25 0 0.45 0.001033339913335843
0.25 0 0.46 0.0010626295566661078
0.25 0 0.47000000000000003 0.001628384479685754
0.25 0 0.48 0.0027131033056034632
0.25 0 0.49 0.00517232141419436
0.25 0 0.5 0.005542084013031269
0.26 0 0.0 0.06086952585815933
0.26 0 0.01 0.09365281024565764
0.26 0 0.02 0.18373667289075782
0.26 0 0.03 0.23784862167169907
0.26 0 0.04 0.2723547043044243
0.26 0 0.05 0.16057582001065548
0.26 0 0.06 0.29120974698310603
0.26 0 0.07 1.0082579486224799
0.26 0 0.08 2.6122678562281294
0.26 0 0.09 1.0333476990836754
0.26 0 0.1 1.565421718912687
0.26 0 0.11 0.5132923080284406
0.26 0 0.12 0.4625920846338592
0.26 0 0.13 0.37680721717147536
0.26 0 0.14 0.22102349740727506
0.26 0 0.15 0.05601626884365377
0.26 0 0.16 0.03611412585789894
0.26 0 0.17 0.02027112248779429
0.26 0 0.18 0.005866438907164501
0.26 0 0.19 0.004508471542861144
0.26 0 0.2 0.0034739233719471903
0.26 0 0.21 0.0023656934822328408
0.26 0 0.22 0.004101996545070365
0.26 0 0.23 0.004684879915116179
0.26 0 0.24 0.005308804269323119
0.26 0 0.25 0.005195794347789458
0.26 0 0.26 0.005882320902577355
0.26 0 0.27 0.005472337196038211
0.26 0 0.28 0.005162827321219357
0.26 0 0.29 0.007706895083537727
0.26 0 0.3 0.007206137670567179
0.26 0 0.31 0.011396357198541493
0.26 0 0.32 0.005149493009847504
0.26 0 0.33 0.004939212530915057
0.26 0 0.34 0.0022209451539534817
0.26 0 0.35000000000000003 0.0013172538887932894
0.26 0 0.36 0.0011827355902466388
0.26 0 0.37 0.0022275224095940505
0.26 0 0.38 0.0016585500946455106
0.26 0 0.39 0.00226485011259666
0.26 0 0.4 0.0014711935113430434
0.26 0 0.41000000000000003 0.0006923821145847368
0.26 0 0.42 0.00044055003819352723
0.26 0 0.43 0.0012699506676132164
0.26 0 0.44 0.0010829754899289693
0.26 0 0.45 0.0028784230067964668
0.26 0 0.46 0.004520717990937153
0.26 0 0.47000000000000003 0.0036015440363151787
0.26 0 0.48 0.001222806247215393
0.26 0 0.49 0.0011175434783832706
0.26 0 0.5 0.0004025564719780516
0.27 0 0.0 0.0500002049663708
0.27 0 0.01 0.03243283594842196
0.27 0 0.02 0.033261656251966414
0.27 0 0.03 0.018284928262222434
0.27 0 0.04 0.01581957895447899
0.27 0 0.05 0.013323773797825218
0.27 0 0.06 0.02143839681081954
0.27 0 0.07 0.015415721108756185
0.27 0 0.08 0.01131524083864187
0.27 0 0.09 0.0060471148658587034
0.27 0 0.1 0.004279251431348791
0.27 0 0.11 0.0038339929254717344
0.27 0 0.12 0.002498184340221407
0.27 0 0.13 0.0016029298140507236
0.27 0 0.14 0.0017017065739036341
0.27 0 0.15 0.0012734244788083777
0.27 0 0.16 0.0008952158339715413
0.27 0 0.17 0.0012983544945106694
0.27 0 0.18 0.001809540620430188
0.27 0 0.19 0.0030328143928192303
0.27 0 0.2 0.009342346419084813
0.27 0 0.21 0.012983599196982273
0.27 0 0.22 0.00734216300773725
0.27 0 0.23 0.016384342526419564
0.27 0 0.24 0.01995154887946928
0.27 0 0.25 0.03421659477569478
0.27 0 0.26 0.03923129928138875
0.27 0 0.27 0.047465623029726046
0.27 0 0.28 0.014451088413939266
0.27 0 0.29 0.02164909580917922
0.27 0 0.3 0.019071828546190127
0.27 0 0.31 0.014182995626172363
0.27 0 0.32 0.00834588046257028
0.27 0 0.33 0.004733115730560004
0.27 0 0.34 0.0017194061890950297
0.27 0 0.35000000000000003 0.002307178832094966
0.27 0 0.36 0.0025961707126619924
0.27 0 0.37 0.003716858183201335
0.27 0 0.38 0.0021616516607326284
0.27 0 0.39 0.0025613416091842508
0.27 0 0.4 0.0017746567538564145
0.27 0 0.41000000000000003 0.004569992541053069
0.27 0 0.42 0.0027760699854079795
0.27 0 0.43 0.0017608514125076417
0.27 0 0.44 0.0006592644490039976
0.27 0 0.45 0.00045823311027947387
0.27 0 0.46 0.0009347094016487163
0.27 0 0.47000000000000003 0.002368437357079455
0.27 0 0.48 0.002137178573040263
0.27 0 0.49 0.001281851527400309
0.27 0 0.5 0.001234799640522419
0.28 0 0.0 0.00486135786863271
0.28 0 0.01 0.005202838938760753
0.28 0 0.02 0.0020630290461067734
0.28 0 0.03 0.0017809674379598685
0.28 0 0.04 0.0036910476226444857
0.28 0 0.05 0.0050786589636795275
0.28 0 0.06 0.004132547685981365
0.28 0 0.07 0.0034062002565022186
0.28 0 0.08 0.0019167405255351214
0.28 0 0.09 0.002258109701189103
0.28 0 0.1 0.004553049620149495
0.28 0 0.11 0.0029190247456561593
0.28 0 0.12 0.0017536249764845719
0.28 0 0.13 0.0018258816999402777
0.28 0 0.14 0.00203454412500902
0.28 0 0.15 0.006945906895085064
0.28 0 0.16 0.011398768373368765
0.28 0 0.17 0.017096549558130725
0.28 0 0.18 0.006430785560387688
0.28 0 0.19 0.0058282567180240104
0.28 0 0.2 0.001584653771793056
0.28 0 0.21 0.001440302701524368
0.28 0 0.22 0.0008337192232739706
0.28 0 0.23 0.0005204851757767429
0.28 0 0.24 0.0005698982297363954
0.28 0 0.25 0.0008070562110840154
0.28 0 0.26 0.000960405879798588
0.28 0 0.27 0.0017191435106904704
0.28 0 0.28 0.0009778459015296155
0.28 0 0.29 0.0006543366735508544
0.28 0 0.3 0.0003016872306191387
0.28 0 0.31 0.0006254114482313735
0.28 0 0.32 0.0004039933865533204
0.28 0 0.33 0.0017178605408625918
0.28 0 0.34 0.0027620072572884795
0.28 0 0.35000000000000003 0.004762201581811241
0.28 0 0.36 0.007787499376623663
0.28 0 0.37 0.004630843812577301
0.28 0 0.38 0.002009319817020247
0.28 0 0.39 0.0012239305108088221
0.28 0 0.4 0.0016296196543967272
0.28 0 0.41000000000000003 0.002036206213215848
0.28 0 0.42 0.0036089608353524756
0.28 0 0.43 0.006144783969113256
0.28 0 0.44 0.0037287854995392065
0.28 0 0.45 0.006260745470996501
0.28 0 0.46 0.003245887690825722
0.28 0 0.47000000000000003 0.0015839358667214282
0.28 0 0.48 0.0013399635907067966
0.28 0 0.49 0.0011453596617606804
0.28 0 0.5 0.002172594473337
0.29 0 0.0 0.00045621032712611707
0.29 0 0.01 0.00020168591315750459
0.29 0 0.02 0.0002768093751816618
0.29 0 0.03 0.00026683986096956625
0.29 0 0.04 0.00019339104730187314
0.29 0 0.05 0.00021830775315841334
0.29 0 0.06 7.854551618709459e-05
0.29 0 0.07 8.958028530343372e-05
0.29 0 0.08 7.825797662699093e-05
0.29 0 0.09 0.00018579190159030937
0.29 0 0.1 0.00016502849262508754
0.29 0 0.11 0.0004209109609913564
0.29 0 0.12 0.00040132797300257504
0.29 0 0.13 0.0005228515055623284
0.29 0 0.14 0.000563329783843885
0.29 0 0.15 0.00032989750321027494
0.29 0 0.16 0.0002019375823135676
0.29 0 0.17 0.00016032429619712614
0.29 0 0.18 6.742403371515495e-05
0.29 0 0.19 8.893451615575935e-05
0.29 0 0.2 7.871221035251571e-05
0.29 0 0.21 0.0001488657024860653
0.29 0 0.22 0.00010527535098713024
0.29 0 0.23 0.00020166079254722828
0.29 0 0.24 5.68926498108408e-05
0.29 0 0.25 5.6900195894734706e-05
0.29 0 0.26 5.492646263204412e-05
0.29 0 0.27 4.63154804170318e-05
0.29 0 0.28 8.179425780889445e-05
0.29 0 0.29 0.0001257580236124219
0.29 0 0.3 0.00012137717039318287
0.29 0 0.31 9.608180636955585e-05
0.29 0 0.32 0.00010233094933825067
0.29 0 0.33 7.095537738614928e-05
0.29 0 0.34 4.5646037030668337e-05
0.29 0 0.35000000000000003 6.743535961223855e-05
0.29 0 0.36 3.071553601458718e-05
0.29 0 0.37 4.859255617712657e-05
0.29 0 0.38 9.006165742900012e-05
0.29 0 0.39 0.00011035686169809841
0.29 0 0.4 0.00012573892421470547
0.29 0 0.41000000000000003 7.135263430607e-05
0.29 0 0.42 0.0001298805113233359
0.29 0 0.43 0.0002485503281648251
0.29 0 0.44 0.001633057261745828
0.29 0 0.45 0.0013160837872027353
0.29 0 0.46 0.0008683365762814141
0.29 0 0.47000000000000003 0.0002992618340715862
0.29 0 0.48 0.00023477525531393146
0.29 0 0.49 0.0005597330167657295
0.29 0 0.5 0.0008810429354133436
0.3 0 0.0 0.0006201294305962068
0.3 0 0.01 0.0005757574154072589
0.3 0 0.02 0.00035659102557821464
0.3 0 0.03 0.000633306563666841
0.3 0 0.04 0.0004950771171623817
0.3 0 0.05 0.00036118984178598156
0.3 0 0.06 0.0009119792986900445
0.3 0 0.07 0.0015861149670693018
0.3 0 0.08 0.0010577662394089561
0.3 0 0.09 0.0014272363322301454
0.3 0 0.1 0.0004829706650352375
0.3 0 0.11 0.0005160616645732072
0.3 0 0.12 0.000567374250647729
0.3 0 0.13 0.0014254764350734293
0.3 0 0.14 0.0004478207406219037
0.3 0 0.15 0.00039767770279473753
0.3 0 0.16 0.00020774325856729367
0.3 0 0.17 0.00019369827679879064
0.3 0 0.18 0.00044185712022414583
0.3 0 0.19 0.0007385552122180934
0.3 0 0.2 0.0006848555388059734
0.3 0 0.21 0.0006197786243549139
0.3 0 0.22 0.0007744120957512611
0.3 0 0.23 0.0016950789487778213
0.3 0 0.24 0.0028840243700393882
0.3 0 0.25 0.0034988284467790415
0.3 0 0.26 0.0018182171060451223
0.3 0 0.27 0.0017440202730374717
0.3 0 0.28 0.0015149850926347913
0.3 0 0.29 0.0025807904423901778
0.3 0 0.3 0.003400460854066934
0.3 0 0.31 0.0016130611899430915
0.3 0 0.32 0.0022047242917634575
0.3 0 0.33 0.002465966879915462
0.3 0 0.34 0.0026884062956390228
0.3 0 0.35000000000000003 0.0015441574825736817
0.3 0 0.36 0.0017578445104226496
0.3 0 0.37 0.0007277416479707643
0.3 0 0.38 0.00135307660878762
0.3 0 0.39 0.0029750131256874503
0.3 0 0.4 0.003016625530352763
0.3 0 0.41000000000000003 0.0027888635686572523
0.3 0 0.42 0.00526509495805874
0.3 0 0.43 0.0026065921273210235
0.3 0 0.44 0.001698033966305221
0.3 0 0.45 0.0008766475400707513
0.3 0 0.46 0.0007019563609495061
0.3 0 0.47000000000000003 0.0005147394355916246
0.3 0 0.48 0.002059884092920177
0.3 0 0.49 0.0014297828232474573
0.3 0 0.5 0.0014548223056651095
#STOP
