#MEDIUM_PROPERTIES_DISTRIBUTED
$MSH_TYPE
	 GROUNDWATER_FLOW	
$MMP_TYPE
	 PERMEABILITY	
$DIS_TYPE
	 NEAREST_VALUE	
;hj
$CONVERSION_FACTOR
2e-8;2e-6;2e-13
$DATA
0.0 0 0.0 3.1387390150214682
0.0 0 0.01 1.2746529558349475
0.0 0 0.02 1.2618416780805823
0.0 0 0.03 0.5415204777894447
0.0 0 0.04 1.0178370910279115
0.0 0 0.05 1.3502967510340176
0.0 0 0.06 1.9115049726225
0.0 0 0.07 2.3547232858082974
0.0 0 0.08 2.22749076520478
0.0 0 0.09 3.010118330480888
0.0 0 0.1 2.4112207471890055
0.0 0 0.11 3.637175450898329
0.0 0 0.12 2.550647018609353
0.0 0 0.13 1.5865801762492746
0.0 0 0.14 1.356792201976694
0.0 0 0.15 0.9670743220920982
0.0 0 0.16 0.5316498755636568
0.0 0 0.17 0.5336969147701741
0.0 0 0.18 0.31407234962871666
0.0 0 0.19 0.3917662942961053
0.0 0 0.2 0.7777386086879239
0.0 0 0.21 0.28059947130572643
0.0 0 0.22 0.3391537463297337
0.0 0 0.23 0.7076309542331669
0.0 0 0.24 0.5779971023549123
0.0 0 0.25 0.3680032049938448
0.0 0 0.26 0.3320271143223275
0.0 0 0.27 0.25202364987797166
0.0 0 0.28 0.3444871465963117
0.0 0 0.29 0.5016219282573836
0.0 0 0.3 1.2015418263346518
0.0 0 0.31 3.0338381682549125
0.0 0 0.32 1.956052326542522
0.0 0 0.33 1.064224064398345
0.0 0 0.34 0.9339111458747652
0.0 0 0.35000000000000003 0.8800965237848202
0.0 0 0.36 1.0189700326278364
0.0 0 0.37 0.524660140566477
0.0 0 0.38 1.1034535753464059
0.0 0 0.39 0.8153361023288743
0.0 0 0.4 0.4088274443841027
0.0 0 0.41000000000000003 0.20920317857941248
0.0 0 0.42 0.2139983120823348
0.0 0 0.43 0.42074656866210763
0.0 0 0.44 0.32965861730604934
0.0 0 0.45 0.38946589958231287
0.0 0 0.46 0.20505312877345094
0.0 0 0.47000000000000003 0.24254012516123713
0.0 0 0.48 0.19961491274429105
0.0 0 0.49 0.18931368276451072
0.0 0 0.5 0.2234400197324481
0.01 0 0.0 0.9753496558688431
0.01 0 0.01 1.2309926567597131
0.01 0 0.02 1.0183077415691844
0.01 0 0.03 1.286470274862333
0.01 0 0.04 1.5196037881732236
0.01 0 0.05 0.9506206566354921
0.01 0 0.06 1.7843845824686781
0.01 0 0.07 2.886600674523381
0.01 0 0.08 3.8175333106363527
0.01 0 0.09 3.4158685576176024
0.01 0 0.1 5.079405909443305
0.01 0 0.11 5.823121928566427
0.01 0 0.12 2.4454588160486015
0.01 0 0.13 1.0630735947223773
0.01 0 0.14 1.1932868401441048
0.01 0 0.15 0.9410685693608559
0.01 0 0.16 0.9959870199747209
0.01 0 0.17 1.3996254730418503
0.01 0 0.18 0.38661248671685094
0.01 0 0.19 0.5448964622018633
0.01 0 0.2 0.39475937050730775
0.01 0 0.21 0.5094120538161802
0.01 0 0.22 0.6717947387856047
0.01 0 0.23 1.5141103947274592
0.01 0 0.24 0.6521952342268819
0.01 0 0.25 0.5117741205571812
0.01 0 0.26 0.8297599637434194
0.01 0 0.27 0.531295461081845
0.01 0 0.28 0.6498328557861013
0.01 0 0.29 0.6209251356239417
0.01 0 0.3 0.717101674268991
0.01 0 0.31 1.1430719648977883
0.01 0 0.32 0.889328130193955
0.01 0 0.33 0.6538482314061806
0.01 0 0.34 0.750181995269986
0.01 0 0.35000000000000003 1.4103464122470901
0.01 0 0.36 0.769016471373704
0.01 0 0.37 0.6435341247856804
0.01 0 0.38 0.5677184982262052
0.01 0 0.39 0.568244557223097
0.01 0 0.4 0.379035718411648
0.01 0 0.41000000000000003 0.24721572486890298
0.01 0 0.42 0.47347577874108115
0.01 0 0.43 0.36169896992883105
0.01 0 0.44 0.16800485153977304
0.01 0 0.45 0.14446585205899637
0.01 0 0.46 0.200428805110686
0.01 0 0.47000000000000003 0.2032033441149191
0.01 0 0.48 0.34367357199126836
0.01 0 0.49 0.43579791847554455
0.01 0 0.5 0.31577625211507426
0.02 0 0.0 3.1011200376050816
0.02 0 0.01 3.1557824408769535
0.02 0 0.02 1.991175195883272
0.02 0 0.03 1.2834998765081105
0.02 0 0.04 2.0727307218533233
0.02 0 0.05 0.8607540108569774
0.02 0 0.06 0.4576888324544606
0.02 0 0.07 0.8788441985374009
0.02 0 0.08 0.7911737747512702
0.02 0 0.09 0.772675980017852
0.02 0 0.1 0.885787088694577
0.02 0 0.11 1.3936896314265872
0.02 0 0.12 1.7130247237294938
0.02 0 0.13 2.876289027237451
0.02 0 0.14 2.7744035085617167
0.02 0 0.15 1.7809145385678031
0.02 0 0.16 2.2862181147378675
0.02 0 0.17 1.3601308324572239
0.02 0 0.18 0.8814193560826337
0.02 0 0.19 0.8349975606859534
0.02 0 0.2 0.8928801364003432
0.02 0 0.21 0.750691805794425
0.02 0 0.22 1.1673171633862391
0.02 0 0.23 2.5754284157264573
0.02 0 0.24 1.2104845135431672
0.02 0 0.25 1.3841913735146087
0.02 0 0.26 0.8940901536462036
0.02 0 0.27 1.0108029604793571
0.02 0 0.28 1.3260584387450491
0.02 0 0.29 1.0617145307482734
0.02 0 0.3 0.6547697737502645
0.02 0 0.31 0.4471150673714582
0.02 0 0.32 0.7273484857583948
0.02 0 0.33 0.54399149316004
0.02 0 0.34 0.47668658587970314
0.02 0 0.35000000000000003 0.48583050817246165
0.02 0 0.36 1.280652173582827
0.02 0 0.37 0.6859691642360217
0.02 0 0.38 0.8124732317411062
0.02 0 0.39 1.4613730988312128
0.02 0 0.4 1.0919515060224
0.02 0 0.41000000000000003 0.3676455822957348
0.02 0 0.42 0.37207399959789866
0.02 0 0.43 0.42239416400747043
0.02 0 0.44 0.24421670845104534
0.02 0 0.45 0.13087499036330685
0.02 0 0.46 0.11813872351953658
0.02 0 0.47000000000000003 0.14769202485790214
0.02 0 0.48 0.26234788048301316
0.02 0 0.49 0.168787718288945
0.02 0 0.5 0.24829562354284854
0.03 0 0.0 1.6522226718205457
0.03 0 0.01 1.8599667936957822
0.03 0 0.02 0.8630747512475405
0.03 0 0.03 0.7036727772031394
0.03 0 0.04 0.7646036942415847
0.03 0 0.05 0.5022426285495925
0.03 0 0.06 1.0681616502238152
0.03 0 0.07 0.9010745746277703
0.03 0 0.08 1.3761493754483214
0.03 0 0.09 0.8810542668623063
0.03 0 0.1 1.0503500609069423
0.03 0 0.11 0.9426534490690962
0.03 0 0.12 1.0425924279242142
0.03 0 0.13 1.407798083001255
0.03 0 0.14 1.1502281580881797
0.03 0 0.15 1.0569946590703074
0.03 0 0.16 2.295333447160402
0.03 0 0.17 1.9273175994545895
0.03 0 0.18 0.9007622608472083
0.03 0 0.19 1.46566404522754
0.03 0 0.2 1.8685192332895182
0.03 0 0.21 1.8239645912946298
0.03 0 0.22 3.8341148774559524
0.03 0 0.23 5.389231784672208
0.03 0 0.24 4.9683392705956795
0.03 0 0.25 2.954012041320929
0.03 0 0.26 2.7963011569217544
0.03 0 0.27 2.422514253180707
0.03 0 0.28 1.3133491796948282
0.03 0 0.29 0.9718098534507749
0.03 0 0.3 0.7690334254961444
0.03 0 0.31 0.671702846675541
0.03 0 0.32 0.3156002164272496
0.03 0 0.33 0.4389062294133775
0.03 0 0.34 0.501889623890986
0.03 0 0.35000000000000003 1.2668098361822449
0.03 0 0.36 2.4434878232065658
0.03 0 0.37 2.2403947324161124
0.03 0 0.38 1.8822913433205675
0.03 0 0.39 2.0873515434680137
0.03 0 0.4 1.11093056164754
0.03 0 0.41000000000000003 0.3493274598372294
0.03 0 0.42 0.35211347887492367
0.03 0 0.43 0.3232632740857083
0.03 0 0.44 0.42159070326201603
0.03 0 0.45 0.598669623772737
0.03 0 0.46 0.41651859062255364
0.03 0 0.47000000000000003 0.4922520137712834
0.03 0 0.48 0.7455839779108004
0.03 0 0.49 0.7425019465947774
0.03 0 0.5 0.3674293828131381
0.04 0 0.0 1.5364484795150095
0.04 0 0.01 1.3618239472769114
0.04 0 0.02 0.7308275453536283
0.04 0 0.03 0.5770326486094753
0.04 0 0.04 0.4440975958864715
0.04 0 0.05 0.44700622268718193
0.04 0 0.06 0.3712569046881418
0.04 0 0.07 0.5106193433430718
0.04 0 0.08 0.5321174652152137
0.04 0 0.09 0.5341832897720105
0.04 0 0.1 0.5878268251657514
0.04 0 0.11 0.4576109419061543
0.04 0 0.12 2.178331025396612
0.04 0 0.13 4.426824694547384
0.04 0 0.14 3.0455672550336907
0.04 0 0.15 1.8331477402573408
0.04 0 0.16 5.139689504321834
0.04 0 0.17 4.660062412236278
0.04 0 0.18 4.954853722822937
0.04 0 0.19 4.038478060307634
0.04 0 0.2 5.95460939888462
0.04 0 0.21 7.631404423757149
0.04 0 0.22 3.2634570589980902
0.04 0 0.23 3.4091683197322693
0.04 0 0.24 2.5830851832990995
0.04 0 0.25 1.8621537480236658
0.04 0 0.26 1.2356353920716467
0.04 0 0.27 1.2610740962712974
0.04 0 0.28 1.7062048619788854
0.04 0 0.29 1.9875189791739778
0.04 0 0.3 0.9102888692314389
0.04 0 0.31 0.43773922843554963
0.04 0 0.32 0.8451925562182623
0.04 0 0.33 1.4528164168415394
0.04 0 0.34 1.7442628490622818
0.04 0 0.35000000000000003 1.6350145852091993
0.04 0 0.36 1.8255634674655739
0.04 0 0.37 2.914940275019318
0.04 0 0.38 1.8879076092884095
0.04 0 0.39 1.1356460456511661
0.04 0 0.4 0.477401773691515
0.04 0 0.41000000000000003 0.5871787373422116
0.04 0 0.42 0.4544334356633739
0.04 0 0.43 0.33742912178239076
0.04 0 0.44 0.4485765277637439
0.04 0 0.45 0.7197443655560136
0.04 0 0.46 0.8462843572639166
0.04 0 0.47000000000000003 0.628427595371269
0.04 0 0.48 0.6015531857670716
0.04 0 0.49 0.24218036300427637
0.04 0 0.5 0.3583496479717905
0.05 0 0.0 3.0000906780314036
0.05 0 0.01 1.8514978538457827
0.05 0 0.02 0.8241845919361367
0.05 0 0.03 0.8932461139638608
0.05 0 0.04 1.1962987846224242
0.05 0 0.05 0.7394517838053821
0.05 0 0.06 0.8644485558094329
0.05 0 0.07 1.3561541767467156
0.05 0 0.08 0.762775044599052
0.05 0 0.09 0.48779518778702224
0.05 0 0.1 0.32058391391129
0.05 0 0.11 0.44357234874369866
0.05 0 0.12 0.6217437682682887
0.05 0 0.13 1.023617628847464
0.05 0 0.14 0.49393668758524273
0.05 0 0.15 0.8822113482997819
0.05 0 0.16 1.4608592748550588
0.05 0 0.17 1.0893316194036096
0.05 0 0.18 1.624807674440578
0.05 0 0.19 2.2028584161503755
0.05 0 0.2 2.744446409876162
0.05 0 0.21 2.4280075041950426
0.05 0 0.22 1.9948129647400412
0.05 0 0.23 1.7420136750991255
0.05 0 0.24 2.9143773731314573
0.05 0 0.25 2.086609963503138
0.05 0 0.26 1.1564803859757524
0.05 0 0.27 1.3054075690585398
0.05 0 0.28 1.6100671453178594
0.05 0 0.29 2.0963659675696324
0.05 0 0.3 0.6753811541549628
0.05 0 0.31 0.9299153267497395
0.05 0 0.32 1.4179396203398678
0.05 0 0.33 1.6122858980187176
0.05 0 0.34 1.11144979829375
0.05 0 0.35000000000000003 1.7208250115112786
0.05 0 0.36 2.407527956990326
0.05 0 0.37 1.638050909847945
0.05 0 0.38 1.8053142876107782
0.05 0 0.39 0.6980162933873033
0.05 0 0.4 0.43421427850706945
0.05 0 0.41000000000000003 0.4079417416603898
0.05 0 0.42 0.2032692461851632
0.05 0 0.43 0.3075805621847912
0.05 0 0.44 0.8646193744309387
0.05 0 0.45 1.0833088211186026
0.05 0 0.46 0.5453875110133003
0.05 0 0.47000000000000003 0.6304308167558547
0.05 0 0.48 0.44058448744966344
0.05 0 0.49 0.470083385309952
0.05 0 0.5 0.4504470796085345
0.06 0 0.0 1.4965995051116219
0.06 0 0.01 1.7086274348188029
0.06 0 0.02 1.561039156991284
0.06 0 0.03 2.593260432943323
0.06 0 0.04 1.6088733756459581
0.06 0 0.05 2.2456474968105353
0.06 0 0.06 1.8764320212799022
0.06 0 0.07 1.857481579870656
0.06 0 0.08 1.7182247239105042
0.06 0 0.09 1.9324072286770173
0.06 0 0.1 1.9065356175441774
0.06 0 0.11 0.7728558089096232
0.06 0 0.12 0.8832576781930118
0.06 0 0.13 0.7767333059354765
0.06 0 0.14 0.5095157619017029
0.06 0 0.15 0.4501450418435122
0.06 0 0.16 0.5683486597247438
0.06 0 0.17 0.5754508767616761
0.06 0 0.18 0.9657037189010528
0.06 0 0.19 0.5693669986137576
0.06 0 0.2 0.2497212401418391
0.06 0 0.21 0.4773320305782678
0.06 0 0.22 1.3690425557591048
0.06 0 0.23 2.0035613848503013
0.06 0 0.24 2.2255180061783046
0.06 0 0.25 1.6114846681357333
0.06 0 0.26 2.1177842123879067
0.06 0 0.27 1.2007210534938415
0.06 0 0.28 3.7011698391204124
0.06 0 0.29 3.2001616212020054
0.06 0 0.3 2.274523217377705
0.06 0 0.31 2.3361922248200293
0.06 0 0.32 3.200336609717671
0.06 0 0.33 1.617435830463279
0.06 0 0.34 2.2643148325357645
0.06 0 0.35000000000000003 4.439990698852344
0.06 0 0.36 2.603887779128491
0.06 0 0.37 1.7893934189667553
0.06 0 0.38 1.0725133469272163
0.06 0 0.39 0.5989406357078595
0.06 0 0.4 0.43290171436686103
0.06 0 0.41000000000000003 0.29137343628002643
0.06 0 0.42 0.4734968021550425
0.06 0 0.43 0.989505684059377
0.06 0 0.44 1.4952844605894968
0.06 0 0.45 0.6001730921741103
0.06 0 0.46 0.5543821399204394
0.06 0 0.47000000000000003 0.8668661177662073
0.06 0 0.48 0.6260388468180008
0.06 0 0.49 0.29948288829606945
0.06 0 0.5 0.5071996300085567
0.07 0 0.0 4.97938141843997
0.07 0 0.01 3.6608164961188083
0.07 0 0.02 2.273349849560885
0.07 0 0.03 0.8816759302769682
0.07 0 0.04 0.7279772769339949
0.07 0 0.05 0.8167160113002305
0.07 0 0.06 1.4718283907038991
0.07 0 0.07 2.1929191995221964
0.07 0 0.08 2.485275087276161
0.07 0 0.09 4.823646874263491
0.07 0 0.1 1.0368126597554546
0.07 0 0.11 0.5043735840508701
0.07 0 0.12 0.7188992643015157
0.07 0 0.13 0.814050934912365
0.07 0 0.14 0.4006380965052451
0.07 0 0.15 0.6537179042852616
0.07 0 0.16 0.6935011236384971
0.07 0 0.17 0.2944064946714971
0.07 0 0.18 0.3625898362430219
0.07 0 0.19 0.3511551823459445
0.07 0 0.2 0.7879791745750888
0.07 0 0.21 1.1909220811751307
0.07 0 0.22 1.0471906655513379
0.07 0 0.23 1.0756979381987954
0.07 0 0.24 0.6388697283709417
0.07 0 0.25 0.7405823138750802
0.07 0 0.26 0.8367514305881812
0.07 0 0.27 1.2569976220716141
0.07 0 0.28 2.5422669896056718
0.07 0 0.29 3.826778992481552
0.07 0 0.3 2.0322877036068725
0.07 0 0.31 2.214066029210466
0.07 0 0.32 1.647013288292186
0.07 0 0.33 1.3857036592420358
0.07 0 0.34 2.5366433435543487
0.07 0 0.35000000000000003 1.77755203514641
0.07 0 0.36 1.2577927700618121
0.07 0 0.37 2.2591054230826906
0.07 0 0.38 3.503922679017346
0.07 0 0.39 1.5016717457476212
0.07 0 0.4 0.8754712957983436
0.07 0 0.41000000000000003 1.1984727181731039
0.07 0 0.42 0.5508458079017955
0.07 0 0.43 0.686893331119801
0.07 0 0.44 0.6508898048571707
0.07 0 0.45 0.8132112001918139
0.07 0 0.46 0.5513735552064892
0.07 0 0.47000000000000003 0.564119110836293
0.07 0 0.48 0.5350842140461296
0.07 0 0.49 0.6627969988013261
0.07 0 0.5 0.46073743466100636
0.08 0 0.0 2.0994659146991115
0.08 0 0.01 1.4771529518118571
0.08 0 0.02 1.2446903814841253
0.08 0 0.03 0.8211678350804761
0.08 0 0.04 0.40807602795789777
0.08 0 0.05 0.5352748789971933
0.08 0 0.06 1.3226585977927976
0.08 0 0.07 0.9778411214678056
0.08 0 0.08 1.0841890578231455
0.08 0 0.09 0.8431668405407651
0.08 0 0.1 0.5535281716193041
0.08 0 0.11 0.2903220059034612
0.08 0 0.12 0.21849242472579475
0.08 0 0.13 0.2825470405089795
0.08 0 0.14 0.31904376085103175
0.08 0 0.15 0.5194148626452995
0.08 0 0.16 0.2298255012889125
0.08 0 0.17 0.27749193206421296
0.08 0 0.18 0.36700267030671835
0.08 0 0.19 0.40831958028482773
0.08 0 0.2 0.32335425404602286
0.08 0 0.21 0.507412606899176
0.08 0 0.22 0.7358441321324444
0.08 0 0.23 0.7697543814297582
0.08 0 0.24 0.9680129101287015
0.08 0 0.25 0.5632865002750154
0.08 0 0.26 0.40347802547800027
0.08 0 0.27 0.5219920019147228
0.08 0 0.28 1.3033841862816395
0.08 0 0.29 0.927299420616091
0.08 0 0.3 0.70891277391704
0.08 0 0.31 1.3790842024934915
0.08 0 0.32 1.8131416075495903
0.08 0 0.33 1.140197746545085
0.08 0 0.34 0.5095239190217339
0.08 0 0.35000000000000003 0.5840744655965536
0.08 0 0.36 0.6711498168901852
0.08 0 0.37 0.9875799261043354
0.08 0 0.38 1.0021473835455155
0.08 0 0.39 0.7527340118041066
0.08 0 0.4 1.0926275091627642
0.08 0 0.41000000000000003 0.30083201903537304
0.08 0 0.42 0.15687326760130868
0.08 0 0.43 0.11376613604354803
0.08 0 0.44 0.3450573362541627
0.08 0 0.45 0.5446396032213807
0.08 0 0.46 0.3790093296663498
0.08 0 0.47000000000000003 0.22366325703553389
0.08 0 0.48 0.32256095329959655
0.08 0 0.49 0.33979236668739493
0.08 0 0.5 0.23595442742301223
0.09 0 0.0 1.9491002734938487
0.09 0 0.01 2.153608866909834
0.09 0 0.02 2.2180324693405176
0.09 0 0.03 1.3051588856733471
0.09 0 0.04 0.9172103501491743
0.09 0 0.05 2.0803559882465192
0.09 0 0.06 0.9023181401485727
0.09 0 0.07 0.27511943296770786
0.09 0 0.08 0.27122999017901894
0.09 0 0.09 0.6979556008518377
0.09 0 0.1 0.6832619969450152
0.09 0 0.11 0.9227611396561947
0.09 0 0.12 0.8179663305258059
0.09 0 0.13 0.6875584113990479
0.09 0 0.14 0.8176784859197083
0.09 0 0.15 0.48396582884078543
0.09 0 0.16 0.2134814223154256
0.09 0 0.17 0.20561186981368687
0.09 0 0.18 0.2416638031044679
0.09 0 0.19 0.19502686476613276
0.09 0 0.2 0.30725113778337265
0.09 0 0.21 0.8289785529683642
0.09 0 0.22 0.6001660836240186
0.09 0 0.23 0.5211733107867664
0.09 0 0.24 0.4125290278423813
0.09 0 0.25 1.0864708929037896
0.09 0 0.26 0.7997752972799749
0.09 0 0.27 0.4116359612825893
0.09 0 0.28 0.48815161643452376
0.09 0 0.29 0.6453123171105829
0.09 0 0.3 0.9989339450506173
0.09 0 0.31 1.0487976023463972
0.09 0 0.32 0.7604983156040349
0.09 0 0.33 0.5246162651693789
0.09 0 0.34 0.5312892263018567
0.09 0 0.35000000000000003 0.24061943146343626
0.09 0 0.36 0.30251920080320577
0.09 0 0.37 0.5020872184018059
0.09 0 0.38 0.5391106097599352
0.09 0 0.39 1.115125528887308
0.09 0 0.4 1.1778043574970802
0.09 0 0.41000000000000003 0.9025837369488847
0.09 0 0.42 0.6252107231910028
0.09 0 0.43 0.5034580293781536
0.09 0 0.44 0.3832401778835858
0.09 0 0.45 0.3934698275683481
0.09 0 0.46 0.48017315401790167
0.09 0 0.47000000000000003 0.2230150587696387
0.09 0 0.48 0.16733825819946
0.09 0 0.49 0.0959618340010361
0.09 0 0.5 0.13237016032702933
0.1 0 0.0 2.087304736715684
0.1 0 0.01 2.0219340417018414
0.1 0 0.02 4.1885031187509325
0.1 0 0.03 2.087003435885571
0.1 0 0.04 1.5447865193787287
0.1 0 0.05 1.0329775986976997
0.1 0 0.06 1.1327339450693352
0.1 0 0.07 0.3997493122155607
0.1 0 0.08 0.49270769204025694
0.1 0 0.09 0.31282270989142147
0.1 0 0.1 0.2803002712260304
0.1 0 0.11 0.41670520963014546
0.1 0 0.12 0.6667134272772304
0.1 0 0.13 0.5252548645137562
0.1 0 0.14 0.3170702483694453
0.1 0 0.15 0.2711690008180646
0.1 0 0.16 0.40757661599858014
0.1 0 0.17 0.7743914970007187
0.1 0 0.18 0.6227680146618803
0.1 0 0.19 0.3630257057081575
0.1 0 0.2 0.7379266374592364
0.1 0 0.21 0.8681651221314984
0.1 0 0.22 0.8050141604930015
0.1 0 0.23 0.34556310082663677
0.1 0 0.24 0.745823214876329
0.1 0 0.25 1.089946814344868
0.1 0 0.26 0.8600250174680932
0.1 0 0.27 0.6937970284348096
0.1 0 0.28 0.6243945652171067
0.1 0 0.29 0.988646041560934
0.1 0 0.3 1.7140256949032255
0.1 0 0.31 2.637247413341335
0.1 0 0.32 2.9527575654535805
0.1 0 0.33 3.67972208530905
0.1 0 0.34 1.6706866887892788
0.1 0 0.35000000000000003 0.9395912762797236
0.1 0 0.36 0.974396777681964
0.1 0 0.37 1.190504452023923
0.1 0 0.38 0.7939013234741317
0.1 0 0.39 0.3268001967477076
0.1 0 0.4 0.5480273966842235
0.1 0 0.41000000000000003 0.37712293607817593
0.1 0 0.42 0.3378126353389644
0.1 0 0.43 0.4691054668409049
0.1 0 0.44 0.4301412501182765
0.1 0 0.45 0.5886994895578398
0.1 0 0.46 0.533474520123454
0.1 0 0.47000000000000003 0.34409398562447263
0.1 0 0.48 0.15583262477997703
0.1 0 0.49 0.18794204404665507
0.1 0 0.5 0.2778594100169229
0.11 0 0.0 1.5952558443565343
0.11 0 0.01 2.2646567421225856
0.11 0 0.02 3.898169087420135
0.11 0 0.03 2.9384604800007246
0.11 0 0.04 1.268430577542331
0.11 0 0.05 1.1786658959690635
0.11 0 0.06 0.5043718144539978
0.11 0 0.07 0.3294148807873236
0.11 0 0.08 0.3036807154304241
0.11 0 0.09 0.2447340707752909
0.11 0 0.1 0.4676090398677585
0.11 0 0.11 0.38559482245514815
0.11 0 0.12 0.2093734062952777
0.11 0 0.13 0.18068448342815005
0.11 0 0.14 0.2796786768043228
0.11 0 0.15 0.3174957236305582
0.11 0 0.16 0.43278996288415955
0.11 0 0.17 0.3610008132400236
0.11 0 0.18 0.3994795072925144
0.11 0 0.19 0.700310817229706
0.11 0 0.2 0.32948450451811884
0.11 0 0.21 0.5616071180983889
0.11 0 0.22 0.5397373909102218
0.11 0 0.23 0.7499570242344225
0.11 0 0.24 0.7037929063498211
0.11 0 0.25 0.7262332843227144
0.11 0 0.26 1.1253337035242175
0.11 0 0.27 1.7147311372862923
0.11 0 0.28 0.9686346394833268
0.11 0 0.29 0.6761239801735504
0.11 0 0.3 1.747879115840007
0.11 0 0.31 1.7000084167273786
0.11 0 0.32 0.8148446624972788
0.11 0 0.33 1.4267679065244774
0.11 0 0.34 1.83167675250675
0.11 0 0.35000000000000003 1.595867595857352
0.11 0 0.36 0.7498358659323339
0.11 0 0.37 0.9040134695456142
0.11 0 0.38 0.34639053672687925
0.11 0 0.39 0.3502073452265695
0.11 0 0.4 0.33536460768948917
0.11 0 0.41000000000000003 0.6116262185885384
0.11 0 0.42 0.6688816426208256
0.11 0 0.43 0.5302672993472444
0.11 0 0.44 0.3723833411977689
0.11 0 0.45 0.2050996448013362
0.11 0 0.46 0.2476057409260387
0.11 0 0.47000000000000003 0.30681042977124595
0.11 0 0.48 0.18483756053902037
0.11 0 0.49 0.11013988805527972
0.11 0 0.5 0.15407804615298148
0.12 0 0.0 3.240439803160196
0.12 0 0.01 2.305338360580843
0.12 0 0.02 2.758177987553265
0.12 0 0.03 2.185009875580601
0.12 0 0.04 1.875981353146017
0.12 0 0.05 0.9665882180462945
0.12 0 0.06 0.8957691159278203
0.12 0 0.07 0.9884658561627699
0.12 0 0.08 0.4823892250146772
0.12 0 0.09 0.2820280859579043
0.12 0 0.1 0.18414256953707198
0.12 0 0.11 0.16618495997076274
0.12 0 0.12 0.11170444752327911
0.12 0 0.13 0.26494806398399373
0.12 0 0.14 0.4312852366431564
0.12 0 0.15 0.2452427994485663
0.12 0 0.16 0.25525229681710354
0.12 0 0.17 0.3410275010852547
0.12 0 0.18 0.475949977299498
0.12 0 0.19 0.24071801520266783
0.12 0 0.2 0.43510336427940327
0.12 0 0.21 1.0400807682412843
0.12 0 0.22 1.1692456231801394
0.12 0 0.23 0.32618875488532495
0.12 0 0.24 0.2739859959170919
0.12 0 0.25 0.5207584351640357
0.12 0 0.26 0.8282113297751321
0.12 0 0.27 1.890980984036526
0.12 0 0.28 1.5142071612898036
0.12 0 0.29 1.351578862923044
0.12 0 0.3 2.206887292573208
0.12 0 0.31 1.3803710239129197
0.12 0 0.32 1.3545702234159165
0.12 0 0.33 1.7365278445255548
0.12 0 0.34 2.1672567422355877
0.12 0 0.35000000000000003 1.4677150956133729
0.12 0 0.36 1.1067472889854626
0.12 0 0.37 0.5241731056608206
0.12 0 0.38 0.33095371796024575
0.12 0 0.39 0.19804777023541037
0.12 0 0.4 0.2535136625575864
0.12 0 0.41000000000000003 0.2605483337522847
0.12 0 0.42 0.27195684193649544
0.12 0 0.43 0.30816239924781585
0.12 0 0.44 0.19259903074661586
0.12 0 0.45 0.2708431998876843
0.12 0 0.46 0.3097571295697314
0.12 0 0.47000000000000003 0.43027986542156
0.12 0 0.48 0.3261020969772252
0.12 0 0.49 0.34679707044319197
0.12 0 0.5 0.3396925906085209
0.13 0 0.0 1.645930810214848
0.13 0 0.01 1.826846217830429
0.13 0 0.02 0.6481737411238828
0.13 0 0.03 1.0143801392808807
0.13 0 0.04 1.493386513398502
0.13 0 0.05 1.430054704797618
0.13 0 0.06 1.027538378159112
0.13 0 0.07 0.85763726325743
0.13 0 0.08 0.6747437142983805
0.13 0 0.09 0.1838802905850607
0.13 0 0.1 0.1699468045114617
0.13 0 0.11 0.274686381470073
0.13 0 0.12 0.33880415647205203
0.13 0 0.13 0.5219871803723447
0.13 0 0.14 0.6280509616383596
0.13 0 0.15 0.8003545912807768
0.13 0 0.16 0.5328782219488473
0.13 0 0.17 0.34640453370049773
0.13 0 0.18 0.47527389263418657
0.13 0 0.19 0.6191100264669239
0.13 0 0.2 0.5494191575883653
0.13 0 0.21 0.806279526784757
0.13 0 0.22 0.450732305010262
0.13 0 0.23 0.41732085315011025
0.13 0 0.24 0.8589237931011133
0.13 0 0.25 0.4365568613365918
0.13 0 0.26 0.7883460016490802
0.13 0 0.27 1.4360204163313366
0.13 0 0.28 1.8441164651290372
0.13 0 0.29 1.963873401755395
0.13 0 0.3 2.0706154759332187
0.13 0 0.31 1.2412303388854489
0.13 0 0.32 2.283080644524697
0.13 0 0.33 1.8473853336566677
0.13 0 0.34 0.5788080532274804
0.13 0 0.35000000000000003 0.6626774389573222
0.13 0 0.36 0.7488072883761883
0.13 0 0.37 0.7606473778802123
0.13 0 0.38 0.31125808463830396
0.13 0 0.39 0.2189251323282218
0.13 0 0.4 0.21187213158703255
0.13 0 0.41000000000000003 0.17525907259715226
0.13 0 0.42 0.22975606022730316
0.13 0 0.43 0.221719284336957
0.13 0 0.44 0.27999439851890806
0.13 0 0.45 0.24309023140852903
0.13 0 0.46 0.2653948084753872
0.13 0 0.47000000000000003 0.423867421048503
0.13 0 0.48 0.29150322316091604
0.13 0 0.49 0.49464809096271234
0.13 0 0.5 0.33011003796207217
0.14 0 0.0 1.1404303073003592
0.14 0 0.01 1.04367980791911
0.14 0 0.02 1.407106198018855
0.14 0 0.03 0.6400228567377776
0.14 0 0.04 0.6014801738286746
0.14 0 0.05 1.10891321699867
0.14 0 0.06 1.0109173076869653
0.14 0 0.07 0.707420697491425
0.14 0 0.08 0.36485721712309743
0.14 0 0.09 0.20610924626044488
0.14 0 0.1 0.26196089784743876
0.14 0 0.11 0.4470421755805181
0.14 0 0.12 0.4227835651066959
0.14 0 0.13 0.33968429590896126
0.14 0 0.14 0.38664323103119713
0.14 0 0.15 0.3737586314568967
0.14 0 0.16 0.4276959521697366
0.14 0 0.17 0.43166917074078964
0.14 0 0.18 0.8921243498406239
0.14 0 0.19 0.9164720496891826
0.14 0 0.2 1.2197072763885066
0.14 0 0.21 0.6955298552104845
0.14 0 0.22 0.43443647095322113
0.14 0 0.23 0.9040662380755945
0.14 0 0.24 0.941868681644923
0.14 0 0.25 0.9263388489746209
0.14 0 0.26 0.9990234339894486
0.14 0 0.27 2.443104375346299
0.14 0 0.28 2.201095154574707
0.14 0 0.29 3.2863948869591972
0.14 0 0.3 5.141180729867561
0.14 0 0.31 1.6426852557274114
0.14 0 0.32 1.7217178491855198
0.14 0 0.33 0.9536973370695381
0.14 0 0.34 0.6618848581304706
0.14 0 0.35000000000000003 0.4502960616723275
0.14 0 0.36 0.5786205263093942
0.14 0 0.37 0.5995452679892769
0.14 0 0.38 0.4620054799600649
0.14 0 0.39 0.3084834346122159
0.14 0 0.4 0.10732986299590457
0.14 0 0.41000000000000003 0.12087433980524062
0.14 0 0.42 0.11430874664176208
0.14 0 0.43 0.15252407956132624
0.14 0 0.44 0.26089416272540616
0.14 0 0.45 0.3775479572614875
0.14 0 0.46 0.3407324146525121
0.14 0 0.47000000000000003 0.5175255157360307
0.14 0 0.48 0.710416092249504
0.14 0 0.49 0.8655640435596272
0.14 0 0.5 0.5765444300834166
0.15 0 0.0 0.938290362842895
0.15 0 0.01 1.063545831850866
0.15 0 0.02 0.6097727316398985
0.15 0 0.03 0.8855613912085138
0.15 0 0.04 1.1225381479994017
0.15 0 0.05 1.54679139833212
0.15 0 0.06 1.5404878220478695
0.15 0 0.07 0.8205637022050708
0.15 0 0.08 1.012827963217763
0.15 0 0.09 0.5800478941542917
0.15 0 0.1 0.4465242277720858
0.15 0 0.11 0.5971237526975782
0.15 0 0.12 0.240733495352452
0.15 0 0.13 0.33971060050906315
0.15 0 0.14 0.4843793155760223
0.15 0 0.15 1.0098548299870056
0.15 0 0.16 0.7605794352015525
0.15 0 0.17 1.7531345417912392
0.15 0 0.18 1.3697429585167653
0.15 0 0.19 1.2780102943222285
0.15 0 0.2 1.272423075769891
0.15 0 0.21 0.79423872014055
0.15 0 0.22 0.7369733004792799
0.15 0 0.23 0.9468313586564239
0.15 0 0.24 0.884155914115443
0.15 0 0.25 0.6959432554180434
0.15 0 0.26 1.0353237441193477
0.15 0 0.27 1.544649368300022
0.15 0 0.28 1.614028273122799
0.15 0 0.29 5.713538093802509
0.15 0 0.3 4.701642434324189
0.15 0 0.31 3.647553583460805
0.15 0 0.32 2.2712990772146435
0.15 0 0.33 1.168067049001115
0.15 0 0.34 1.1470533476917963
0.15 0 0.35000000000000003 1.1716658364182984
0.15 0 0.36 1.1436892556300804
0.15 0 0.37 0.9136429139293941
0.15 0 0.38 0.7490563265340756
0.15 0 0.39 0.2971059514600073
0.15 0 0.4 0.24191387287709143
0.15 0 0.41000000000000003 0.17434520548601898
0.15 0 0.42 0.25674852396677483
0.15 0 0.43 0.16713998825480808
0.15 0 0.44 0.21511246230043657
0.15 0 0.45 0.384270067022542
0.15 0 0.46 0.6126979216746868
0.15 0 0.47000000000000003 0.4554659854237149
0.15 0 0.48 0.4659129319523894
0.15 0 0.49 0.8161236486961678
0.15 0 0.5 0.49269992881463537
0.16 0 0.0 0.3319375015203094
0.16 0 0.01 0.4870331732449465
0.16 0 0.02 1.261133563939306
0.16 0 0.03 2.9682778099148197
0.16 0 0.04 1.6226642744873614
0.16 0 0.05 1.138249540160268
0.16 0 0.06 0.6323841698619905
0.16 0 0.07 0.7795900658946596
0.16 0 0.08 0.4859625622329079
0.16 0 0.09 0.3398945802044224
0.16 0 0.1 1.1324447449495074
0.16 0 0.11 1.007792030552077
0.16 0 0.12 0.8408336317607169
0.16 0 0.13 0.3878984375134811
0.16 0 0.14 0.4415220624375361
0.16 0 0.15 0.407805884441515
0.16 0 0.16 0.48644419474726325
0.16 0 0.17 0.9649532872995765
0.16 0 0.18 1.0316151258422706
0.16 0 0.19 0.9375016124863784
0.16 0 0.2 0.9094651090179381
0.16 0 0.21 0.8088756404504721
0.16 0 0.22 0.9383255339701946
0.16 0 0.23 1.1012335040672896
0.16 0 0.24 0.60147828409017
0.16 0 0.25 0.5993362716503544
0.16 0 0.26 0.6557107147839275
0.16 0 0.27 0.5250791050023659
0.16 0 0.28 0.9381945266380846
0.16 0 0.29 2.4026073696236145
0.16 0 0.3 3.50718965315945
0.16 0 0.31 2.4964739413772046
0.16 0 0.32 1.885675160507906
0.16 0 0.33 0.7318318407872576
0.16 0 0.34 0.9603521978924902
0.16 0 0.35000000000000003 0.8043086510511648
0.16 0 0.36 0.4514652858131291
0.16 0 0.37 0.3304162127006142
0.16 0 0.38 0.4722165498202764
0.16 0 0.39 0.8552627974916017
0.16 0 0.4 0.6221114264816825
0.16 0 0.41000000000000003 0.4726115570099442
0.16 0 0.42 0.579272435533513
0.16 0 0.43 0.5787977525187106
0.16 0 0.44 0.5510838013311177
0.16 0 0.45 0.35182373617973506
0.16 0 0.46 0.8253393919084216
0.16 0 0.47000000000000003 0.797606527236292
0.16 0 0.48 1.252583529592765
0.16 0 0.49 1.0874299087514885
0.16 0 0.5 0.642212426437128
0.17 0 0.0 0.7828651779858157
0.17 0 0.01 0.6281070148592571
0.17 0 0.02 1.0304934182609917
0.17 0 0.03 1.932849280236527
0.17 0 0.04 3.3550103998017824
0.17 0 0.05 1.9666102138585795
0.17 0 0.06 0.8858685836180125
0.17 0 0.07 0.3613530973111358
0.17 0 0.08 0.18787516999170162
0.17 0 0.09 0.17886255134804574
0.17 0 0.1 0.2826404476667242
0.17 0 0.11 0.4457173289957222
0.17 0 0.12 0.6337310275968082
0.17 0 0.13 1.0837165574750764
0.17 0 0.14 0.9789781098539139
0.17 0 0.15 0.4294677892449069
0.17 0 0.16 0.47165714874076636
0.17 0 0.17 0.7617292293480488
0.17 0 0.18 1.2750765091282252
0.17 0 0.19 3.107662128618627
0.17 0 0.2 2.690741156270637
0.17 0 0.21 0.8055267440596928
0.17 0 0.22 1.0424057028404223
0.17 0 0.23 0.42097172327388926
0.17 0 0.24 0.1894166939777877
0.17 0 0.25 0.24632900937047092
0.17 0 0.26 0.24838829012885547
0.17 0 0.27 0.3191328246292071
0.17 0 0.28 0.30939122239813377
0.17 0 0.29 0.7893670844667098
0.17 0 0.3 0.8775806123930356
0.17 0 0.31 1.6622950196707431
0.17 0 0.32 0.8833284091759047
0.17 0 0.33 0.9244631159836
0.17 0 0.34 0.9587391654085711
0.17 0 0.35000000000000003 0.6775493665894151
0.17 0 0.36 0.5527413878076993
0.17 0 0.37 0.2536725548539767
0.17 0 0.38 0.3804903641721341
0.17 0 0.39 0.6560734200668963
0.17 0 0.4 0.8854475474956516
0.17 0 0.41000000000000003 0.8539481866704939
0.17 0 0.42 0.6459288293574371
0.17 0 0.43 0.4093006039310673
0.17 0 0.44 0.18559790925810038
0.17 0 0.45 0.31881696056048153
0.17 0 0.46 0.48512958806493517
0.17 0 0.47000000000000003 0.32943548811567364
0.17 0 0.48 0.2705520754172833
0.17 0 0.49 0.39573406457717364
0.17 0 0.5 0.8384003298535523
0.18 0 0.0 2.1410910053324086
0.18 0 0.01 1.4107447827721213
0.18 0 0.02 0.8612583233083081
0.18 0 0.03 1.5556516045835906
0.18 0 0.04 2.7383132234932144
0.18 0 0.05 2.93041994350263
0.18 0 0.06 1.241398367869091
0.18 0 0.07 0.5504298080343759
0.18 0 0.08 0.30384560656068366
0.18 0 0.09 0.351598641201206
0.18 0 0.1 0.7724304253921278
0.18 0 0.11 0.6388921342176704
0.18 0 0.12 1.640023894028513
0.18 0 0.13 1.7344731511652545
0.18 0 0.14 1.2215066090142312
0.18 0 0.15 0.6105610405833477
0.18 0 0.16 0.688784285711447
0.18 0 0.17 0.8884371469217397
0.18 0 0.18 0.6860008730070123
0.18 0 0.19 2.325326464992813
0.18 0 0.2 1.9123156523088545
0.18 0 0.21 0.8989985773785164
0.18 0 0.22 0.6983853562374377
0.18 0 0.23 0.46443446935995875
0.18 0 0.24 0.2745526541623568
0.18 0 0.25 0.2594394488649878
0.18 0 0.26 0.457582426510615
0.18 0 0.27 0.42902773193193905
0.18 0 0.28 0.5695269361705527
0.18 0 0.29 0.6329104419957223
0.18 0 0.3 0.6219610412394853
0.18 0 0.31 0.750878694260121
0.18 0 0.32 0.5129414279877013
0.18 0 0.33 0.8830390292706649
0.18 0 0.34 0.530130101532241
0.18 0 0.35000000000000003 0.7226464112073524
0.18 0 0.36 0.8213174170389123
0.18 0 0.37 1.3269687177737888
0.18 0 0.38 0.8015950092572465
0.18 0 0.39 1.2484597234712553
0.18 0 0.4 2.2995209565309773
0.18 0 0.41000000000000003 1.934030691565166
0.18 0 0.42 1.1857945244156745
0.18 0 0.43 0.602979114957912
0.18 0 0.44 1.2221528452387864
0.18 0 0.45 1.4384391490007629
0.18 0 0.46 0.5254732381390745
0.18 0 0.47000000000000003 0.25906651010445947
0.18 0 0.48 0.46655552969099506
0.18 0 0.49 0.38541474181246327
0.18 0 0.5 0.34122529861001577
0.19 0 0.0 1.3400656678768432
0.19 0 0.01 0.5110883056383332
0.19 0 0.02 0.45974791371611673
0.19 0 0.03 1.4372968123414156
0.19 0 0.04 3.6184523264536965
0.19 0 0.05 2.302115703073049
0.19 0 0.06 1.6467267385441742
0.19 0 0.07 3.025514944123486
0.19 0 0.08 0.811406978227281
0.19 0 0.09 0.910899301181884
0.19 0 0.1 0.6577508299959042
0.19 0 0.11 0.9595306246405232
0.19 0 0.12 1.0688054831394012
0.19 0 0.13 1.0061603702048718
0.19 0 0.14 0.627637831622748
0.19 0 0.15 0.2830970238761764
0.19 0 0.16 0.6542973024075205
0.19 0 0.17 0.6581587954255907
0.19 0 0.18 0.8587934653828565
0.19 0 0.19 1.6222473824583024
0.19 0 0.2 2.3099380019896945
0.19 0 0.21 1.192267829978398
0.19 0 0.22 0.5190879271576418
0.19 0 0.23 0.25296277385094496
0.19 0 0.24 0.23045423757329234
0.19 0 0.25 0.29791822163949677
0.19 0 0.26 0.34051836531662627
0.19 0 0.27 0.7306904501583555
0.19 0 0.28 0.9672184843839811
0.19 0 0.29 0.5245818657985091
0.19 0 0.3 0.4698229146847014
0.19 0 0.31 0.3753602510372968
0.19 0 0.32 0.5198437681993862
0.19 0 0.33 0.5698950565235081
0.19 0 0.34 0.5412945760382584
0.19 0 0.35000000000000003 1.0447005376892127
0.19 0 0.36 1.3762255963224386
0.19 0 0.37 0.5162097652928688
0.19 0 0.38 0.527428623969687
0.19 0 0.39 0.5747893649616467
0.19 0 0.4 0.40907133557616193
0.19 0 0.41000000000000003 0.8227482955859675
0.19 0 0.42 0.8570284520163535
0.19 0 0.43 0.7576404270561078
0.19 0 0.44 0.774301493767769
0.19 0 0.45 1.0219452053403537
0.19 0 0.46 1.1701131582737565
0.19 0 0.47000000000000003 1.101469747556806
0.19 0 0.48 0.8923917819235315
0.19 0 0.49 0.5271540452426696
0.19 0 0.5 0.8095224426180312
0.2 0 0.0 1.2088870754218668
0.2 0 0.01 0.9940789762280087
0.2 0 0.02 1.1027916756291891
0.2 0 0.03 1.4310648311962808
0.2 0 0.04 2.5235829682258335
0.2 0 0.05 2.001466766720595
0.2 0 0.06 2.2493296170923522
0.2 0 0.07 1.2630203495256809
0.2 0 0.08 0.7985594789274926
0.2 0 0.09 0.5760870160699538
0.2 0 0.1 0.7708132126314056
0.2 0 0.11 1.022033385621466
0.2 0 0.12 0.6895101900005752
0.2 0 0.13 0.6968372444496972
0.2 0 0.14 0.6834555326517581
0.2 0 0.15 0.6734645185986317
0.2 0 0.16 0.6739709666207813
0.2 0 0.17 0.46097102068123824
0.2 0 0.18 0.4257983656659161
0.2 0 0.19 0.6906442777335193
0.2 0 0.2 0.729131392765811
0.2 0 0.21 0.5775410295308294
0.2 0 0.22 0.7851169166449312
0.2 0 0.23 0.29873690715511575
0.2 0 0.24 0.3592643628951372
0.2 0 0.25 0.276480473231372
0.2 0 0.26 0.24988628963633056
0.2 0 0.27 0.2048573165419996
0.2 0 0.28 0.3128493397967284
0.2 0 0.29 0.3061327568827428
0.2 0 0.3 0.27700083148726234
0.2 0 0.31 0.16578971642835139
0.2 0 0.32 0.24013024199074615
0.2 0 0.33 0.5599347474881261
0.2 0 0.34 0.46508152333587827
0.2 0 0.35000000000000003 0.822703217185159
0.2 0 0.36 0.7474390755180856
0.2 0 0.37 1.0146572189472862
0.2 0 0.38 0.859289521143279
0.2 0 0.39 0.46291495341101296
0.2 0 0.4 0.2835766014631066
0.2 0 0.41000000000000003 0.5574271519410784
0.2 0 0.42 1.9129373066307411
0.2 0 0.43 2.116274902883751
0.2 0 0.44 1.8528221829817064
0.2 0 0.45 1.2956911544638687
0.2 0 0.46 0.39305732352578826
0.2 0 0.47000000000000003 0.4438893685584795
0.2 0 0.48 0.1979521753739264
0.2 0 0.49 0.3252994356276339
0.2 0 0.5 0.5734215179496709
0.21 0 0.0 1.5317192293904822
0.21 0 0.01 2.8343088809392483
0.21 0 0.02 3.5710970924755787
0.21 0 0.03 4.785803494871725
0.21 0 0.04 4.823809879323053
0.21 0 0.05 3.9812854269249462
0.21 0 0.06 2.9713877279618752
0.21 0 0.07 1.9932026741784834
0.21 0 0.08 1.5845453026960146
0.21 0 0.09 2.4983909951804923
0.21 0 0.1 1.3806970561564815
0.21 0 0.11 1.6821534468828132
0.21 0 0.12 2.516274299287867
0.21 0 0.13 1.3914541255959876
0.21 0 0.14 0.6086648684823177
0.21 0 0.15 0.4880177405175693
0.21 0 0.16 0.445780531910061
0.21 0 0.17 0.2635539282835158
0.21 0 0.18 0.2712013663795439
0.21 0 0.19 0.4099255205855058
0.21 0 0.2 0.5493487232766952
0.21 0 0.21 0.9576854646936243
0.21 0 0.22 0.8153739174020792
0.21 0 0.23 0.6106175948333313
0.21 0 0.24 0.2876130884909476
0.21 0 0.25 0.3461118131179848
0.21 0 0.26 0.32059581018823546
0.21 0 0.27 0.29872033965168704
0.21 0 0.28 0.3731701633749787
0.21 0 0.29 0.3126905994708289
0.21 0 0.3 0.5490889253910892
0.21 0 0.31 0.47680905033908644
0.21 0 0.32 0.7516044640544219
0.21 0 0.33 0.6110900019249802
0.21 0 0.34 1.1526135412764025
0.21 0 0.35000000000000003 1.2106009612184516
0.21 0 0.36 0.7601964368072437
0.21 0 0.37 0.8721287213815766
0.21 0 0.38 0.6514850906379294
0.21 0 0.39 0.6639139046009852
0.21 0 0.4 0.5402302618285011
0.21 0 0.41000000000000003 1.5632912109426351
0.21 0 0.42 1.2849511397986368
0.21 0 0.43 1.4281025728490577
0.21 0 0.44 2.072173659700089
0.21 0 0.45 1.4647441553380318
0.21 0 0.46 1.7969190501138632
0.21 0 0.47000000000000003 1.3977987581885896
0.21 0 0.48 1.0186297363930652
0.21 0 0.49 0.7185828965354145
0.21 0 0.5 0.4403047656317701
0.22 0 0.0 2.0693932377740563
0.22 0 0.01 1.96156907851573
0.22 0 0.02 4.16810883072899
0.22 0 0.03 8.042695956427622
0.22 0 0.04 7.064498970919943
0.22 0 0.05 3.935180809491064
0.22 0 0.06 6.60313230388609
0.22 0 0.07 3.8283220055417355
0.22 0 0.08 3.039633691154075
0.22 0 0.09 3.1617013725299246
0.22 0 0.1 1.553057948918379
0.22 0 0.11 1.9420168546343801
0.22 0 0.12 2.3584163188660026
0.22 0 0.13 3.516450027982811
0.22 0 0.14 1.5463872130466771
0.22 0 0.15 1.5002412476554738
0.22 0 0.16 0.30962031615052427
0.22 0 0.17 0.16661240883615838
0.22 0 0.18 0.2522626877887132
0.22 0 0.19 0.35546728356336316
0.22 0 0.2 0.311168312415171
0.22 0 0.21 0.39540557010839755
0.22 0 0.22 0.60295407177494
0.22 0 0.23 0.24169712407860147
0.22 0 0.24 0.2433534062556229
0.22 0 0.25 0.47343325047699414
0.22 0 0.26 0.710514828961117
0.22 0 0.27 1.7069582595236779
0.22 0 0.28 1.1189847401009123
0.22 0 0.29 0.8732027087033121
0.22 0 0.3 0.4698830631965245
0.22 0 0.31 0.35595072310546405
0.22 0 0.32 0.41256760598066977
0.22 0 0.33 0.3466396498368091
0.22 0 0.34 0.7857436400861557
0.22 0 0.35000000000000003 0.6090709814802346
0.22 0 0.36 0.4927960647578938
0.22 0 0.37 0.7575066105980837
0.22 0 0.38 2.2590951382248896
0.22 0 0.39 1.999737978952101
0.22 0 0.4 2.3691796512153975
0.22 0 0.41000000000000003 1.9510334787182515
0.22 0 0.42 1.3905555059479915
0.22 0 0.43 2.265141386485076
0.22 0 0.44 2.3087838829630254
0.22 0 0.45 1.483845480603826
0.22 0 0.46 1.2160940760173236
0.22 0 0.47000000000000003 2.228179253366164
0.22 0 0.48 1.6472290973422907
0.22 0 0.49 0.7779475860593104
0.22 0 0.5 0.3542773131564001
0.23 0 0.0 2.4662734540693725
0.23 0 0.01 3.6878350135616604
0.23 0 0.02 6.632641343582912
0.23 0 0.03 14.649782574605569
0.23 0 0.04 6.639629287681533
0.23 0 0.05 7.865114160157704
0.23 0 0.06 6.504379773622806
0.23 0 0.07 1.9525782336288038
0.23 0 0.08 2.438825315546642
0.23 0 0.09 2.9029228388381454
0.23 0 0.1 2.777478798746671
0.23 0 0.11 1.2920022227839656
0.23 0 0.12 1.8298553312045973
0.23 0 0.13 0.9506026533544341
0.23 0 0.14 0.5975606430509699
0.23 0 0.15 0.4403299417103234
0.23 0 0.16 0.18043758237047966
0.23 0 0.17 0.23553362680189502
0.23 0 0.18 0.36543128208622366
0.23 0 0.19 0.7079164666578953
0.23 0 0.2 0.7529134023201827
0.23 0 0.21 1.0314298231497263
0.23 0 0.22 0.643820827071196
0.23 0 0.23 0.4686851599448183
0.23 0 0.24 0.6436655180733193
0.23 0 0.25 0.6602407169471304
0.23 0 0.26 0.6607621554903578
0.23 0 0.27 0.5988727531602999
0.23 0 0.28 1.2382753860170541
0.23 0 0.29 0.7079598154796471
0.23 0 0.3 0.48777177660706605
0.23 0 0.31 0.6983209561469551
0.23 0 0.32 0.48867776425666515
0.23 0 0.33 0.23871095595055192
0.23 0 0.34 0.7281167087501023
0.23 0 0.35000000000000003 0.9082723358631366
0.23 0 0.36 1.0419709560733457
0.23 0 0.37 1.0015611764889032
0.23 0 0.38 1.362782265066531
0.23 0 0.39 1.6606411627282605
0.23 0 0.4 1.0923353419916877
0.23 0 0.41000000000000003 0.8748956024234859
0.23 0 0.42 1.1011358205654522
0.23 0 0.43 1.0533729929499502
0.23 0 0.44 1.6845726509056582
0.23 0 0.45 1.9296074100514689
0.23 0 0.46 3.3929180484060395
0.23 0 0.47000000000000003 1.4925004767031016
0.23 0 0.48 1.4038290704006462
0.23 0 0.49 1.2706614960483138
0.23 0 0.5 0.9833024546303916
0.24 0 0.0 3.2104625555066004
0.24 0 0.01 1.9114473671873455
0.24 0 0.02 2.708503646979861
0.24 0 0.03 2.7277246387348346
0.24 0 0.04 3.295890890235067
0.24 0 0.05 3.1265892011870764
0.24 0 0.06 2.4159567993912003
0.24 0 0.07 1.7452566502940317
0.24 0 0.08 2.7586564258833066
0.24 0 0.09 4.3310558981727505
0.24 0 0.1 2.9357280595019364
0.24 0 0.11 3.0363220550238177
0.24 0 0.12 3.05569994850532
0.24 0 0.13 0.5923450778031211
0.24 0 0.14 0.47125578141635327
0.24 0 0.15 0.3537404431200619
0.24 0 0.16 0.1270740232637263
0.24 0 0.17 0.11729763886591413
0.24 0 0.18 0.2601129226179692
0.24 0 0.19 0.5652258217108853
0.24 0 0.2 0.7656340571442117
0.24 0 0.21 0.4979371373379065
0.24 0 0.22 0.39371409368074195
0.24 0 0.23 0.5242361030958997
0.24 0 0.24 0.48033136026722634
0.24 0 0.25 0.6993647754786599
0.24 0 0.26 0.5948548675102783
0.24 0 0.27 0.9979054869517894
0.24 0 0.28 0.7880748022071762
0.24 0 0.29 0.8456146786114572
0.24 0 0.3 0.32685794114664046
0.24 0 0.31 0.608200429388789
0.24 0 0.32 0.7012714862251264
0.24 0 0.33 0.5626448937332041
0.24 0 0.34 0.6459094665186469
0.24 0 0.35000000000000003 0.5986300518405834
0.24 0 0.36 1.0723360512009348
0.24 0 0.37 0.9208509224573106
0.24 0 0.38 0.7134217378464306
0.24 0 0.39 0.5469740352054917
0.24 0 0.4 0.8617555312752398
0.24 0 0.41000000000000003 1.3558693514181144
0.24 0 0.42 1.0130441951534654
0.24 0 0.43 1.8893213792637165
0.24 0 0.44 1.0135701112483568
0.24 0 0.45 1.573236510736867
0.24 0 0.46 1.2185653887083037
0.24 0 0.47000000000000003 0.7434571556599526
0.24 0 0.48 0.7993940596164512
0.24 0 0.49 0.5998142974807473
0.24 0 0.5 0.7120823709474464
0.25 0 0.0 0.6733775957575404
0.25 0 0.01 0.9169890801365691
0.25 0 0.02 1.2471411429973756
0.25 0 0.03 0.600945608178354
0.25 0 0.04 0.5264869858588648
0.25 0 0.05 1.1704292534518241
0.25 0 0.06 0.8471418060689659
0.25 0 0.07 0.4352077066947855
0.25 0 0.08 0.5494816681716953
0.25 0 0.09 0.5910773667548024
0.25 0 0.1 1.400032452892911
0.25 0 0.11 2.0231556318298245
0.25 0 0.12 2.479335982579355
0.25 0 0.13 1.1334297976821308
0.25 0 0.14 0.6712435442854782
0.25 0 0.15 0.3660793244371368
0.25 0 0.16 0.23243942571045434
0.25 0 0.17 0.3135565587475207
0.25 0 0.18 0.3251114815156881
0.25 0 0.19 0.5352866730548999
0.25 0 0.2 0.492930922112532
0.25 0 0.21 0.5138967090997308
0.25 0 0.22 0.3878955302389591
0.25 0 0.23 0.46660624975544485
0.25 0 0.24 0.5684301272467411
0.25 0 0.25 0.483659853289244
0.25 0 0.26 1.0879716341932668
0.25 0 0.27 0.6239389345340914
0.25 0 0.28 0.34784276310895396
0.25 0 0.29 0.32918211309551915
0.25 0 0.3 0.34911938823271593
0.25 0 0.31 0.6308940442241497
0.25 0 0.32 0.2272822359383762
0.25 0 0.33 0.4775332206980072
0.25 0 0.34 0.6315221050057551
0.25 0 0.35000000000000003 0.6932180333095049
0.25 0 0.36 0.8771048384108763
0.25 0 0.37 0.7865329465353188
0.25 0 0.38 0.7282456824109312
0.25 0 0.39 0.3363042020111884
0.25 0 0.4 0.2998692187743749
0.25 0 0.41000000000000003 0.20316908836262895
0.25 0 0.42 0.4709137435059012
0.25 0 0.43 0.6385343844458838
0.25 0 0.44 0.8194077142146238
0.25 0 0.45 0.4826942795707824
0.25 0 0.46 0.34707774062702973
0.25 0 0.47000000000000003 0.29362851858597083
0.25 0 0.48 0.24598667886460518
0.25 0 0.49 0.16727321907940343
0.25 0 0.5 0.2829148778970048
0.26 0 0.0 0.3439008684591311
0.26 0 0.01 0.3280083394691581
0.26 0 0.02 0.5560481997439801
0.26 0 0.03 0.4236212234866992
0.26 0 0.04 0.46439538555527704
0.26 0 0.05 0.650604189235755
0.26 0 0.06 0.2856046861107379
0.26 0 0.07 0.5810116329880597
0.26 0 0.08 0.5290866270163532
0.26 0 0.09 1.044629633447975
0.26 0 0.1 1.1822127445450186
0.26 0 0.11 1.085498982679813
0.26 0 0.12 0.8224218533912764
0.26 0 0.13 0.4923196171114248
0.26 0 0.14 0.8867962903083398
0.26 0 0.15 0.309315079751945
0.26 0 0.16 0.5175066593792026
0.26 0 0.17 0.8210450488300751
0.26 0 0.18 0.5216573971766795
0.26 0 0.19 0.27433005930897325
0.26 0 0.2 0.5024774668448512
0.26 0 0.21 0.9031363453458561
0.26 0 0.22 0.575281882490403
0.26 0 0.23 0.5128671397408053
0.26 0 0.24 0.4093312493909435
0.26 0 0.25 0.8209867965219313
0.26 0 0.26 0.7850853558521854
0.26 0 0.27 0.7947600567884958
0.26 0 0.28 1.2524046906304291
0.26 0 0.29 0.6948668523661492
0.26 0 0.3 0.5600667704821894
0.26 0 0.31 0.2549605139444224
0.26 0 0.32 0.1321346631198654
0.26 0 0.33 0.3754645196712821
0.26 0 0.34 0.5100214717947346
0.26 0 0.35000000000000003 0.3925357420572037
0.26 0 0.36 0.48536892718922364
0.26 0 0.37 0.5845344608832578
0.26 0 0.38 0.3028450705484665
0.26 0 0.39 0.17338753749436728
0.26 0 0.4 0.11839379052087824
0.26 0 0.41000000000000003 0.14910822522372283
0.26 0 0.42 0.17956800793569352
0.26 0 0.43 0.13726895671670056
0.26 0 0.44 0.056272068129998666
0.26 0 0.45 0.07639742772992965
0.26 0 0.46 0.14095975796647323
0.26 0 0.47000000000000003 0.15634242041168422
0.26 0 0.48 0.1326081411847919
0.26 0 0.49 0.09646135074163668
0.26 0 0.5 0.14795911678045046
0.27 0 0.0 0.3871325794395193
0.27 0 0.01 0.7133464906953394
0.27 0 0.02 0.8235669654854209
0.27 0 0.03 0.3890597426229645
0.27 0 0.04 0.5907312775142948
0.27 0 0.05 0.40750057197425366
0.27 0 0.06 0.5460357440752271
0.27 0 0.07 0.5767379380118735
0.27 0 0.08 0.39616076992198557
0.27 0 0.09 0.25489172100492286
0.27 0 0.1 0.2491546176200753
0.27 0 0.11 0.48905236535585367
0.27 0 0.12 0.42925822965796456
0.27 0 0.13 0.4637231083555787
0.27 0 0.14 0.44580757414700484
0.27 0 0.15 0.30407294256941825
0.27 0 0.16 0.332140786366892
0.27 0 0.17 0.21263298280417442
0.27 0 0.18 0.31479010957515635
0.27 0 0.19 0.2871823215202253
0.27 0 0.2 0.828533064711054
0.27 0 0.21 0.8025947517549411
0.27 0 0.22 0.5307430137969766
0.27 0 0.23 0.4106296623306309
0.27 0 0.24 0.7845451722102211
0.27 0 0.25 0.6632259468349224
0.27 0 0.26 1.2698166985830384
0.27 0 0.27 2.288736291724946
0.27 0 0.28 1.9089151569964016
0.27 0 0.29 0.5764562870018441
0.27 0 0.3 0.45576015949180787
0.27 0 0.31 0.6429088702027584
0.27 0 0.32 0.35508191439495485
0.27 0 0.33 0.36575241028709216
0.27 0 0.34 0.23342383546389936
0.27 0 0.35000000000000003 0.25548444780832624
0.27 0 0.36 0.22054245112298185
0.27 0 0.37 0.11361667639792562
0.27 0 0.38 0.08708357566297732
0.27 0 0.39 0.12220944015988106
0.27 0 0.4 0.21067728710800487
0.27 0 0.41000000000000003 0.09630470651708394
0.27 0 0.42 0.10482121518653079
0.27 0 0.43 0.13040710603487218
0.27 0 0.44 0.06871982522107184
0.27 0 0.45 0.04685561167609171
0.27 0 0.46 0.039040451908840465
0.27 0 0.47000000000000003 0.07135182544133266
0.27 0 0.48 0.06343866418478593
0.27 0 0.49 0.10644793612893762
0.27 0 0.5 0.08169523080745111
0.28 0 0.0 0.6292648827597556
0.28 0 0.01 1.031055118299544
0.28 0 0.02 0.6937972682186588
0.28 0 0.03 0.6794858575210264
0.28 0 0.04 1.0187733561485683
0.28 0 0.05 0.6195298300449508
0.28 0 0.06 0.24003690039313538
0.28 0 0.07 0.38135807102941843
0.28 0 0.08 0.29933639177518234
0.28 0 0.09 0.29720699150680707
0.28 0 0.1 0.3276188198016825
0.28 0 0.11 0.5197799817523417
0.28 0 0.12 0.644615765554852
0.28 0 0.13 0.49388998799913925
0.28 0 0.14 0.28235472818276125
0.28 0 0.15 0.19856146092262908
0.28 0 0.16 0.13712504957592433
0.28 0 0.17 0.23785639389785945
0.28 0 0.18 0.6775780454513387
0.28 0 0.19 0.7748381173997159
0.28 0 0.2 0.4870308909308846
0.28 0 0.21 0.6977136838832478
0.28 0 0.22 0.7312166497361217
0.28 0 0.23 0.9146514321788973
0.28 0 0.24 0.4508785677603051
0.28 0 0.25 0.3749847281046201
0.28 0 0.26 0.4907984716861102
0.28 0 0.27 0.8074517388261484
0.28 0 0.28 0.6800503737257091
0.28 0 0.29 0.3751338813441308
0.28 0 0.3 1.1786158859970621
0.28 0 0.31 0.8239903746304295
0.28 0 0.32 0.4231271624645975
0.28 0 0.33 0.33757594669714214
0.28 0 0.34 0.14111785164096308
0.28 0 0.35000000000000003 0.18916716102844727
0.28 0 0.36 0.14525444599822915
0.28 0 0.37 0.13938393999035986
0.28 0 0.38 0.07813645440754605
0.28 0 0.39 0.17360928540978457
0.28 0 0.4 0.12209013757715448
0.28 0 0.41000000000000003 0.09113803306650593
0.28 0 0.42 0.08712920399516678
0.28 0 0.43 0.12407115798715056
0.28 0 0.44 0.15998507620466754
0.28 0 0.45 0.06048011761586178
0.28 0 0.46 0.05184657415909337
0.28 0 0.47000000000000003 0.06723780166459213
0.28 0 0.48 0.061320665565957735
0.28 0 0.49 0.07280975248085998
0.28 0 0.5 0.098090695002369
0.29 0 0.0 0.7287313532970106
0.29 0 0.01 0.6058357789087301
0.29 0 0.02 0.518979540895051
0.29 0 0.03 0.7723806207805066
0.29 0 0.04 1.0151297815775915
0.29 0 0.05 0.4405535625678494
0.29 0 0.06 0.3515815190605493
0.29 0 0.07 0.31219213250282407
0.29 0 0.08 0.3806894266627693
0.29 0 0.09 0.6059632463292057
0.29 0 0.1 0.4867943670434028
0.29 0 0.11 1.6330833443346962
0.29 0 0.12 1.316421779580077
0.29 0 0.13 1.383080837761085
0.29 0 0.14 0.7225706503147954
0.29 0 0.15 0.6644361670586643
0.29 0 0.16 0.46873314464426646
0.29 0 0.17 0.22156606038410737
0.29 0 0.18 0.20519577075752468
0.29 0 0.19 0.19926937828790647
0.29 0 0.2 0.5037880397434233
0.29 0 0.21 0.2973747229854538
0.29 0 0.22 0.27692955802506714
0.29 0 0.23 0.6462624963477944
0.29 0 0.24 1.8453673148751004
0.29 0 0.25 2.104503424789897
0.29 0 0.26 1.5772240266055901
0.29 0 0.27 1.8623298669338102
0.29 0 0.28 1.4298612729817486
0.29 0 0.29 0.9249930120239339
0.29 0 0.3 0.41259800424874166
0.29 0 0.31 0.13755591932338634
0.29 0 0.32 0.22197163318488977
0.29 0 0.33 0.1806839995874612
0.29 0 0.34 0.19783851794788865
0.29 0 0.35000000000000003 0.16049119737865872
0.29 0 0.36 0.30553118559742287
0.29 0 0.37 0.2338308016353706
0.29 0 0.38 0.2634387840095198
0.29 0 0.39 0.2432562512767913
0.29 0 0.4 0.2897256453947555
0.29 0 0.41000000000000003 0.2142439747620177
0.29 0 0.42 0.11459297018721681
0.29 0 0.43 0.11300477234121506
0.29 0 0.44 0.12112324870662161
0.29 0 0.45 0.11236006794318554
0.29 0 0.46 0.1023785838522086
0.29 0 0.47000000000000003 0.12414401212367625
0.29 0 0.48 0.21747080171655722
0.29 0 0.49 0.16751808085642408
0.29 0 0.5 0.1991063047615945
0.3 0 0.0 0.6909963974193648
0.3 0 0.01 0.7717702149411626
0.3 0 0.02 0.7366018260555415
0.3 0 0.03 1.4845058078966074
0.3 0 0.04 1.5196122781251404
0.3 0 0.05 1.0463726542216254
0.3 0 0.06 1.2669256072789303
0.3 0 0.07 0.8772339123240911
0.3 0 0.08 0.6190402862737089
0.3 0 0.09 0.5159906162784341
0.3 0 0.1 1.45955277114857
0.3 0 0.11 1.516223974313509
0.3 0 0.12 1.289116435716205
0.3 0 0.13 1.5091366242109365
0.3 0 0.14 1.2060997551596109
0.3 0 0.15 1.2026292610873082
0.3 0 0.16 0.32262920977415055
0.3 0 0.17 0.3761121151902946
0.3 0 0.18 0.27463707143396543
0.3 0 0.19 0.2654332276908919
0.3 0 0.2 0.32514171231804234
0.3 0 0.21 0.26980655605136233
0.3 0 0.22 0.2415638646995434
0.3 0 0.23 0.44670963960652593
0.3 0 0.24 0.5156431480493787
0.3 0 0.25 0.257167386564361
0.3 0 0.26 0.42650250178309995
0.3 0 0.27 0.42391130509025715
0.3 0 0.28 0.4578787690574254
0.3 0 0.29 0.43382291751224344
0.3 0 0.3 0.190667780399479
0.3 0 0.31 0.16118578705904224
0.3 0 0.32 0.24788713304928017
0.3 0 0.33 0.17079864383637536
0.3 0 0.34 0.23767692778103797
0.3 0 0.35000000000000003 0.870523465763774
0.3 0 0.36 0.6597356680606798
0.3 0 0.37 0.36430080848197605
0.3 0 0.38 0.2481369038482665
0.3 0 0.39 0.208926768194628
0.3 0 0.4 0.19848082402691036
0.3 0 0.41000000000000003 0.21182946870051336
0.3 0 0.42 0.22312889921675316
0.3 0 0.43 0.19382516049350113
0.3 0 0.44 0.2325323843605151
0.3 0 0.45 0.24251442788413705
0.3 0 0.46 0.2729709039026747
0.3 0 0.47000000000000003 0.2577397372538914
0.3 0 0.48 0.3620704882727636
0.3 0 0.49 0.5886372230495802
0.3 0 0.5 0.3792587763540731
#STOP
