#MEDIUM_PROPERTIES_DISTRIBUTED
$MSH_TYPE
	 GROUNDWATER_FLOW	
$MMP_TYPE
	 PERMEABILITY	
$DIS_TYPE
	 NEAREST_VALUE	
;hj
$CONVERSION_FACTOR
2e-8;2e-6;2e-13
$DATA
0.0 0 0.0 0.17379509927771464
0.0 0 0.01 0.18042723599344468
0.0 0 0.02 0.20673522349091025
0.0 0 0.03 0.24031918074513758
0.0 0 0.04 0.24453657285696254
0.0 0 0.05 0.23968765103198172
0.0 0 0.06 0.24360146181458806
0.0 0 0.07 0.23888903760771227
0.0 0 0.08 0.23814763158130425
0.0 0 0.09 0.25092358576092433
0.0 0 0.1 0.2488828179130406
0.0 0 0.11 0.24496170241713836
0.0 0 0.12 0.27997625992706315
0.0 0 0.13 0.3401508294231785
0.0 0 0.14 0.39132392795263005
0.0 0 0.15 0.44363628097980934
0.0 0 0.16 0.4701466086026753
0.0 0 0.17 0.44782341604138415
0.0 0 0.18 0.4432871682869337
0.0 0 0.19 0.45571598096843
0.0 0 0.2 0.41687715559253874
0.0 0 0.21 0.3624541992961737
0.0 0 0.22 0.33985547044539277
0.0 0 0.23 0.33075422497340884
0.0 0 0.24 0.3426549389042874
0.0 0 0.25 0.38640132304467945
0.0 0 0.26 0.4002148023986599
0.0 0 0.27 0.3699902075898
0.0 0 0.28 0.3685613680619713
0.0 0 0.29 0.3942681662216793
0.0 0 0.3 0.4000214265067503
0.0 0 0.31 0.3877504676884017
0.0 0 0.32 0.34510318535284434
0.0 0 0.33 0.27573787132828464
0.0 0 0.34 0.2454437751551978
0.0 0 0.35000000000000003 0.2699324437487304
0.0 0 0.36 0.300563546177259
0.0 0 0.37 0.30741722196347526
0.0 0 0.38 0.30454839308468334
0.0 0 0.39 0.2905192495299308
0.0 0 0.4 0.29447307049387705
0.0 0 0.41000000000000003 0.3557652144809337
0.0 0 0.42 0.4227620775642494
0.0 0 0.43 0.4054644657637398
0.0 0 0.44 0.35179208854271293
0.0 0 0.45 0.31058815914472915
0.0 0 0.46 0.28556916968959045
0.0 0 0.47000000000000003 0.29646771915791614
0.0 0 0.48 0.32018993968009135
0.0 0 0.49 0.2920362625274241
0.0 0 0.5 0.24437937795904105
0.01 0 0.0 0.43210261415127293
0.01 0 0.01 0.5003147564779864
0.01 0 0.02 0.528559737712055
0.01 0 0.03 0.5597984951846479
0.01 0 0.04 0.5557009375205023
0.01 0 0.05 0.5177277310640659
0.01 0 0.06 0.49114020397311836
0.01 0 0.07 0.4370218515291774
0.01 0 0.08 0.3646741463404663
0.01 0 0.09 0.3497566401581976
0.01 0 0.1 0.38962251037472234
0.01 0 0.11 0.4324404505905863
0.01 0 0.12 0.47573290759554
0.01 0 0.13 0.5087344003980119
0.01 0 0.14 0.49409089550029334
0.01 0 0.15 0.49355443666783694
0.01 0 0.16 0.539668378378245
0.01 0 0.17 0.5259023234892819
0.01 0 0.18 0.42508523759170186
0.01 0 0.19 0.3293212000303348
0.01 0 0.2 0.2595526550155492
0.01 0 0.21 0.22365017588351255
0.01 0 0.22 0.23126772503827508
0.01 0 0.23 0.24147386033693394
0.01 0 0.24 0.21071620337299488
0.01 0 0.25 0.1759261869021123
0.01 0 0.26 0.16099442631699043
0.01 0 0.27 0.1552583429176189
0.01 0 0.28 0.15859312604829098
0.01 0 0.29 0.16009030935031177
0.01 0 0.3 0.1355298566886317
0.01 0 0.31 0.10802843490667037
0.01 0 0.32 0.10399425637581652
0.01 0 0.33 0.11676953803089812
0.01 0 0.34 0.13602802978268308
0.01 0 0.35000000000000003 0.16177726398255435
0.01 0 0.36 0.1787618116834981
0.01 0 0.37 0.18263976224538322
0.01 0 0.38 0.20890943603438394
0.01 0 0.39 0.2628528397262933
0.01 0 0.4 0.2935545322099421
0.01 0 0.41000000000000003 0.29001162638070593
0.01 0 0.42 0.27556971097886146
0.01 0 0.43 0.2518862409132199
0.01 0 0.44 0.24718345766756078
0.01 0 0.45 0.2751193531529275
0.01 0 0.46 0.2861950156269972
0.01 0 0.47000000000000003 0.26297307116088264
0.01 0 0.48 0.2538787467769692
0.01 0 0.49 0.2629117080863753
0.01 0 0.5 0.2739889381719431
0.02 0 0.0 0.25625183320672407
0.02 0 0.01 0.22898385201994628
0.02 0 0.02 0.20790840852150647
0.02 0 0.03 0.2041099600720203
0.02 0 0.04 0.19336804870114604
0.02 0 0.05 0.1554249994317384
0.02 0 0.06 0.1274669677991492
0.02 0 0.07 0.12665036539079746
0.02 0 0.08 0.14029945216986878
0.02 0 0.09 0.16250689095907722
0.02 0 0.1 0.1843667378325805
0.02 0 0.11 0.17646795132701026
0.02 0 0.12 0.154935383685488
0.02 0 0.13 0.15564655722875811
0.02 0 0.14 0.16705504748580657
0.02 0 0.15 0.163099455799549
0.02 0 0.16 0.14824444450041077
0.02 0 0.17 0.12641342034541825
0.02 0 0.18 0.10546651892320015
0.02 0 0.19 0.10504738957084574
0.02 0 0.2 0.12421102067928501
0.02 0 0.21 0.13750822350847156
0.02 0 0.22 0.13914466796267053
0.02 0 0.23 0.14360344334267544
0.02 0 0.24 0.14902874363301563
0.02 0 0.25 0.16173281403035505
0.02 0 0.26 0.1886750785973714
0.02 0 0.27 0.19667152579381483
0.02 0 0.28 0.17365335815195812
0.02 0 0.29 0.16061700274262034
0.02 0 0.3 0.16502556749512304
0.02 0 0.31 0.17158973702279273
0.02 0 0.32 0.1807844362477751
0.02 0 0.33 0.1801825605733071
0.02 0 0.34 0.1568796930912712
0.02 0 0.35000000000000003 0.14281484138656553
0.02 0 0.36 0.15497866528887688
0.02 0 0.37 0.17129808248099188
0.02 0 0.38 0.17774362003106653
0.02 0 0.39 0.18313975154430295
0.02 0 0.4 0.18301484759961242
0.02 0 0.41000000000000003 0.19108645557998932
0.02 0 0.42 0.2399257371297249
0.02 0 0.43 0.3148721858719745
0.02 0 0.44 0.3553599591140432
0.02 0 0.45 0.36942799191981834
0.02 0 0.46 0.3750288111221322
0.02 0 0.47000000000000003 0.3615339491950674
0.02 0 0.48 0.3624504320864651
0.02 0 0.49 0.37458041292863026
0.02 0 0.5 0.3369256690544271
0.03 0 0.0 0.1893007414308803
0.03 0 0.01 0.18818583716665185
0.03 0 0.02 0.1632613559887218
0.03 0 0.03 0.12549881490590692
0.03 0 0.04 0.10379678147890692
0.03 0 0.05 0.09477857606815476
0.03 0 0.06 0.09563530656274408
0.03 0 0.07 0.10790593916682438
0.03 0 0.08 0.114234716107223
0.03 0 0.09 0.10496510243752992
0.03 0 0.1 0.10180642852263869
0.03 0 0.11 0.10966735713841934
0.03 0 0.12 0.11393822070103479
0.03 0 0.13 0.11279493256223475
0.03 0 0.14 0.10655253628841974
0.03 0 0.15 0.09355148550820673
0.03 0 0.16 0.09188095543884052
0.03 0 0.17 0.11566738688693767
0.03 0 0.18 0.15466681794817524
0.03 0 0.19 0.191681510163667
0.03 0 0.2 0.23369366616933668
0.03 0 0.21 0.2764729019653271
0.03 0 0.22 0.3229494121804068
0.03 0 0.23 0.40787873684095893
0.03 0 0.24 0.48208236170400076
0.03 0 0.25 0.4414183897792915
0.03 0 0.26 0.35615911057037936
0.03 0 0.27 0.2981726145904641
0.03 0 0.28 0.260460118880464
0.03 0 0.29 0.2526256840038115
0.03 0 0.3 0.26831336096691133
0.03 0 0.31 0.26106127299527787
0.03 0 0.32 0.23943942478160904
0.03 0 0.33 0.2473911290434601
0.03 0 0.34 0.27400606569513825
0.03 0 0.35000000000000003 0.29701959031429326
0.03 0 0.36 0.327086122268004
0.03 0 0.37 0.3415905980948832
0.03 0 0.38 0.32389038041428636
0.03 0 0.39 0.3288076106692077
0.03 0 0.4 0.36857076871661903
0.03 0 0.41000000000000003 0.39588987989259977
0.03 0 0.42 0.421250338994576
0.03 0 0.43 0.4686123603034128
0.03 0 0.44 0.49026059545010237
0.03 0 0.45 0.48759672043429075
0.03 0 0.46 0.49318824442272846
0.03 0 0.47000000000000003 0.4552491836898187
0.03 0 0.48 0.3814465607716186
0.03 0 0.49 0.34095878113074307
0.03 0 0.5 0.3144824793596741
0.04 0 0.0 0.1361417964041451
0.04 0 0.01 0.12127122881048012
0.04 0 0.02 0.11275307588175554
0.04 0 0.03 0.1107342493801763
0.04 0 0.04 0.12314709124168377
0.04 0 0.05 0.136326183911014
0.04 0 0.06 0.12437519220575222
0.04 0 0.07 0.10653396848003642
0.04 0 0.08 0.10229376957611422
0.04 0 0.09 0.10464449585699061
0.04 0 0.1 0.11033306349063618
0.04 0 0.11 0.11608164021190732
0.04 0 0.12 0.10526823618453453
0.04 0 0.13 0.08738458939921638
0.04 0 0.14 0.08403819725786782
0.04 0 0.15 0.09182661157032763
0.04 0 0.16 0.0996133149695542
0.04 0 0.17 0.10894965509726898
0.04 0 0.18 0.11554689125279664
0.04 0 0.19 0.11373625320603398
0.04 0 0.2 0.12059919045101462
0.04 0 0.21 0.14147835074500067
0.04 0 0.22 0.15209795306818716
0.04 0 0.23 0.1480758738333241
0.04 0 0.24 0.14334836781484134
0.04 0 0.25 0.13157644876531702
0.04 0 0.26 0.1186823743748103
0.04 0 0.27 0.11690610201847262
0.04 0 0.28 0.11458294508728371
0.04 0 0.29 0.10649956303512226
0.04 0 0.3 0.10868975815705904
0.04 0 0.31 0.12027517983768597
0.04 0 0.32 0.12773162759712126
0.04 0 0.33 0.137342480442174
0.04 0 0.34 0.1517513709032336
0.04 0 0.35000000000000003 0.15868475740810195
0.04 0 0.36 0.17189325484450357
0.04 0 0.37 0.20534976937447202
0.04 0 0.38 0.2323525468753063
0.04 0 0.39 0.24548888458704587
0.04 0 0.4 0.2767133574795763
0.04 0 0.41000000000000003 0.32130192623776366
0.04 0 0.42 0.3710245796088888
0.04 0 0.43 0.45460768630297743
0.04 0 0.44 0.5332765747668726
0.04 0 0.45 0.5421742842315155
0.04 0 0.46 0.5521080494305104
0.04 0 0.47000000000000003 0.5934057079175459
0.04 0 0.48 0.5957416456362187
0.04 0 0.49 0.5713748856809747
0.04 0 0.5 0.5457425103718665
0.05 0 0.0 0.22655392055551782
0.05 0 0.01 0.22324456799166112
0.05 0 0.02 0.2519796939697087
0.05 0 0.03 0.26135451698672857
0.05 0 0.04 0.23780796986524902
0.05 0 0.05 0.21619067363078992
0.05 0 0.06 0.1944650948823471
0.05 0 0.07 0.17498496871135732
0.05 0 0.08 0.17175174444983887
0.05 0 0.09 0.16642925092297592
0.05 0 0.1 0.14711396327308174
0.05 0 0.11 0.13867434067225326
0.05 0 0.12 0.14502606190957784
0.05 0 0.13 0.1491515998116294
0.05 0 0.14 0.1555215337940181
0.05 0 0.15 0.16818707803141433
0.05 0 0.16 0.17097684074018848
0.05 0 0.17 0.17350534900798356
0.05 0 0.18 0.1905440880174224
0.05 0 0.19 0.1959401287446131
0.05 0 0.2 0.17963455263470257
0.05 0 0.21 0.16822846175790854
0.05 0 0.22 0.15968453732088406
0.05 0 0.23 0.14821122614236446
0.05 0 0.24 0.14756834566161506
0.05 0 0.25 0.1500000731638465
0.05 0 0.26 0.14087194610585682
0.05 0 0.27 0.13978687220572966
0.05 0 0.28 0.15870819397363523
0.05 0 0.29 0.1819428166085824
0.05 0 0.3 0.20957495704670817
0.05 0 0.31 0.2535197987958664
0.05 0 0.32 0.2924087718265521
0.05 0 0.33 0.3293408231117
0.05 0 0.34 0.4031210902347796
0.05 0 0.35000000000000003 0.4760612609204038
0.05 0 0.36 0.49300692735770046
0.05 0 0.37 0.5091451720253998
0.05 0 0.38 0.5389049484369396
0.05 0 0.39 0.5487221719782105
0.05 0 0.4 0.5734017061359504
0.05 0 0.41000000000000003 0.5963390892593037
0.05 0 0.42 0.5491865952522271
0.05 0 0.43 0.5106337218122979
0.05 0 0.44 0.5583994594875716
0.05 0 0.45 0.6420083060174783
0.05 0 0.46 0.7138609191646216
0.05 0 0.47000000000000003 0.7797016411885145
0.05 0 0.48 0.7762043253976296
0.05 0 0.49 0.7422278010695932
0.05 0 0.5 0.8211443063740326
0.06 0 0.0 0.2915270226793296
0.06 0 0.01 0.25384004074141003
0.06 0 0.02 0.2330384701258996
0.06 0 0.03 0.22893605013260648
0.06 0 0.04 0.22569922478022272
0.06 0 0.05 0.23757929160141847
0.06 0 0.06 0.25293748928683313
0.06 0 0.07 0.23677384846598024
0.06 0 0.08 0.21502934099446766
0.06 0 0.09 0.21080210969551566
0.06 0 0.1 0.20060598880887026
0.06 0 0.11 0.18330129516423768
0.06 0 0.12 0.17361414392462396
0.06 0 0.13 0.1591304265580012
0.06 0 0.14 0.14346809082656373
0.06 0 0.15 0.14575438670811336
0.06 0 0.16 0.15415449122183947
0.06 0 0.17 0.1506246061629836
0.06 0 0.18 0.14990371819332776
0.06 0 0.19 0.15543269758123127
0.06 0 0.2 0.153421568202845
0.06 0 0.21 0.15331265658482618
0.06 0 0.22 0.15880889615640392
0.06 0 0.23 0.15402525662183908
0.06 0 0.24 0.15358495144037113
0.06 0 0.25 0.1813016653387571
0.06 0 0.26 0.22485516948199818
0.06 0 0.27 0.26536871883628665
0.06 0 0.28 0.31322885616544704
0.06 0 0.29 0.3524165292655925
0.06 0 0.3 0.37733047285710547
0.06 0 0.31 0.4403136498937316
0.06 0 0.32 0.5160601084378867
0.06 0 0.33 0.49741481955909483
0.06 0 0.34 0.4237664201329381
0.06 0 0.35000000000000003 0.3690124410002081
0.06 0 0.36 0.3383767084236241
0.06 0 0.37 0.3602170742741499
0.06 0 0.38 0.4453279169496387
0.06 0 0.39 0.5109660431958656
0.06 0 0.4 0.5265017008740346
0.06 0 0.41000000000000003 0.5905764599063207
0.06 0 0.42 0.7280622581164978
0.06 0 0.43 0.9032138257825705
0.06 0 0.44 1.0992265830414159
0.06 0 0.45 1.1368065154544102
0.06 0 0.46 0.930008556465501
0.06 0 0.47000000000000003 0.7599291739810002
0.06 0 0.48 0.7125563229256596
0.06 0 0.49 0.6772316361843439
0.06 0 0.5 0.629270971305467
0.07 0 0.0 0.3147381445202705
0.07 0 0.01 0.3295447884008057
0.07 0 0.02 0.3534260452242956
0.07 0 0.03 0.3989418782834304
0.07 0 0.04 0.4120295687648323
0.07 0 0.05 0.395101903544365
0.07 0 0.06 0.39836690148961856
0.07 0 0.07 0.38688692422434373
0.07 0 0.08 0.33834920194039586
0.07 0 0.09 0.30017559452962617
0.07 0 0.1 0.2748490756775062
0.07 0 0.11 0.2558643342203573
0.07 0 0.12 0.2724585008796284
0.07 0 0.13 0.314718936655862
0.07 0 0.14 0.32374137555829335
0.07 0 0.15 0.3113101578095752
0.07 0 0.16 0.3164103061572156
0.07 0 0.17 0.32367116808946395
0.07 0 0.18 0.3337274553780469
0.07 0 0.19 0.34759530232024904
0.07 0 0.2 0.31078298000704674
0.07 0 0.21 0.24169098808320297
0.07 0 0.22 0.2095050255773698
0.07 0 0.23 0.21163250933537414
0.07 0 0.24 0.22308579456846525
0.07 0 0.25 0.24172939830253398
0.07 0 0.26 0.2476812241404724
0.07 0 0.27 0.2242507559377072
0.07 0 0.28 0.21581245251136194
0.07 0 0.29 0.24222431922871557
0.07 0 0.3 0.26147620191252097
0.07 0 0.31 0.24960811487131376
0.07 0 0.32 0.22459338087322836
0.07 0 0.33 0.19061944098356734
0.07 0 0.34 0.17038847054192485
0.07 0 0.35000000000000003 0.1851354365997549
0.07 0 0.36 0.2107425373872837
0.07 0 0.37 0.21395057338877005
0.07 0 0.38 0.2175326883502382
0.07 0 0.39 0.23849390831918274
0.07 0 0.4 0.2695451345663569
0.07 0 0.41000000000000003 0.3232706012526727
0.07 0 0.42 0.3762545730664438
0.07 0 0.43 0.3553063565752235
0.07 0 0.44 0.3052156683763675
0.07 0 0.45 0.294368171411965
0.07 0 0.46 0.3033556830033289
0.07 0 0.47000000000000003 0.31162091952372256
0.07 0 0.48 0.32315760677130767
0.07 0 0.49 0.3122958442021879
0.07 0 0.5 0.294968854257072
0.08 0 0.0 0.8857436109785604
0.08 0 0.01 0.8709537908901944
0.08 0 0.02 0.7345427244803096
0.08 0 0.03 0.657807879894568
0.08 0 0.04 0.6440052734568577
0.08 0 0.05 0.6021145774761196
0.08 0 0.06 0.5472823016059146
0.08 0 0.07 0.49156291789027845
0.08 0 0.08 0.4267839991232303
0.08 0 0.09 0.4223224753225069
0.08 0 0.1 0.5147516001407887
0.08 0 0.11 0.615967391343466
0.08 0 0.12 0.6378956623956966
0.08 0 0.13 0.6165970111465262
0.08 0 0.14 0.5576950309274598
0.08 0 0.15 0.49675156193108616
0.08 0 0.16 0.4906105138009119
0.08 0 0.17 0.47961081673084144
0.08 0 0.18 0.40880243333912675
0.08 0 0.19 0.3603885270893131
0.08 0 0.2 0.3760939281995942
0.08 0 0.21 0.4366031359985625
0.08 0 0.22 0.554229539137103
0.08 0 0.23 0.7072604685602758
0.08 0 0.24 0.7528797840168617
0.08 0 0.25 0.7148157905400536
0.08 0 0.26 0.7241837518714278
0.08 0 0.27 0.7155686258810522
0.08 0 0.28 0.6141850626313917
0.08 0 0.29 0.48325646056194405
0.08 0 0.3 0.35282303403454646
0.08 0 0.31 0.25981846147785465
0.08 0 0.32 0.24175559509357514
0.08 0 0.33 0.27507198651842063
0.08 0 0.34 0.2994172712823393
0.08 0 0.35000000000000003 0.30501702993969065
0.08 0 0.36 0.31414698820506737
0.08 0 0.37 0.32215348782365205
0.08 0 0.38 0.3531136428290597
0.08 0 0.39 0.4153316294175198
0.08 0 0.4 0.41786135996418294
0.08 0 0.41000000000000003 0.3427860043071624
0.08 0 0.42 0.28653207607403924
0.08 0 0.43 0.26589061377959045
0.08 0 0.44 0.2699410502903709
0.08 0 0.45 0.31019824694192377
0.08 0 0.46 0.35538693454651216
0.08 0 0.47000000000000003 0.355524663214388
0.08 0 0.48 0.3615864180110376
0.08 0 0.49 0.41556289179885414
0.08 0 0.5 0.4745877334384162
0.09 0 0.0 0.6048864644510658
0.09 0 0.01 0.5877195418524728
0.09 0 0.02 0.5884110064867337
0.09 0 0.03 0.5882706800895656
0.09 0 0.04 0.5822577590266615
0.09 0 0.05 0.5149271946323875
0.09 0 0.06 0.4472571200558923
0.09 0 0.07 0.4660069482908241
0.09 0 0.08 0.5304752770741518
0.09 0 0.09 0.5598737246921955
0.09 0 0.1 0.569657464653658
0.09 0 0.11 0.5666659415473353
0.09 0 0.12 0.5582755176589983
0.09 0 0.13 0.6273646329578114
0.09 0 0.14 0.7617931775951633
0.09 0 0.15 0.7873644026155359
0.09 0 0.16 0.711275846429466
0.09 0 0.17 0.6705655450357284
0.09 0 0.18 0.6770027750907348
0.09 0 0.19 0.7556101056164898
0.09 0 0.2 0.9234775721529633
0.09 0 0.21 0.9944135940893193
0.09 0 0.22 0.8876269765364876
0.09 0 0.23 0.8212197334845656
0.09 0 0.24 0.8423444171113157
0.09 0 0.25 0.8667215495624785
0.09 0 0.26 0.8814366100461557
0.09 0 0.27 0.8204594489993693
0.09 0 0.28 0.652949478411366
0.09 0 0.29 0.5466974629194843
0.09 0 0.3 0.5648639969990833
0.09 0 0.31 0.6223663770285913
0.09 0 0.32 0.6632996539029306
0.09 0 0.33 0.6950843362379804
0.09 0 0.34 0.6671540661944709
0.09 0 0.35000000000000003 0.6121105241301326
0.09 0 0.36 0.6192927867430873
0.09 0 0.37 0.6231491813451152
0.09 0 0.38 0.5407344945396665
0.09 0 0.39 0.4518931752583865
0.09 0 0.4 0.3920046054856452
0.09 0 0.41000000000000003 0.3428531510240402
0.09 0 0.42 0.3313842147199626
0.09 0 0.43 0.355705348940852
0.09 0 0.44 0.36346188728847706
0.09 0 0.45 0.3679567373064377
0.09 0 0.46 0.4135575619490489
0.09 0 0.47000000000000003 0.4614570072286825
0.09 0 0.48 0.4753810570009666
0.09 0 0.49 0.48359266886220087
0.09 0 0.5 0.4618736348069751
0.1 0 0.0 0.6064498739597708
0.1 0 0.01 0.6284529361059027
0.1 0 0.02 0.5998024804684765
0.1 0 0.03 0.511050337436403
0.1 0 0.04 0.4944598313927999
0.1 0 0.05 0.5774879029631311
0.1 0 0.06 0.6855177778358802
0.1 0 0.07 0.7772202428336739
0.1 0 0.08 0.8095587009636299
0.1 0 0.09 0.7422951767888298
0.1 0 0.1 0.7226871704912201
0.1 0 0.11 0.8623377638998444
0.1 0 0.12 1.0497770647236253
0.1 0 0.13 1.1422000467195919
0.1 0 0.14 1.1926628614794983
0.1 0 0.15 1.2086933124243697
0.1 0 0.16 1.2555906991411376
0.1 0 0.17 1.5238791556857583
0.1 0 0.18 1.9199203258965696
0.1 0 0.19 2.0685566368273864
0.1 0 0.2 2.078713155392805
0.1 0 0.21 2.148964369916384
0.1 0 0.22 2.1652294841102893
0.1 0 0.23 2.2031468998557138
0.1 0 0.24 2.2589034707916023
0.1 0 0.25 2.0117982724391976
0.1 0 0.26 1.634634608675135
0.1 0 0.27 1.448177595229651
0.1 0 0.28 1.3225383678047107
0.1 0 0.29 1.1479773062694
0.1 0 0.3 1.0166612455663993
0.1 0 0.31 0.8910075177494887
0.1 0 0.32 0.7498609330284092
0.1 0 0.33 0.697845240484562
0.1 0 0.34 0.7093839835770954
0.1 0 0.35000000000000003 0.664938424183399
0.1 0 0.36 0.6011458778277126
0.1 0 0.37 0.5787025704831983
0.1 0 0.38 0.5599178848682868
0.1 0 0.39 0.5617824231267596
0.1 0 0.4 0.6152401736451514
0.1 0 0.41000000000000003 0.6356347514950229
0.1 0 0.42 0.5960212644119308
0.1 0 0.43 0.5890583889606719
0.1 0 0.44 0.5982003386288781
0.1 0 0.45 0.5699938047918202
0.1 0 0.46 0.5494850402700037
0.1 0 0.47000000000000003 0.5320839013691333
0.1 0 0.48 0.48110593622640413
0.1 0 0.49 0.45684266424785697
0.1 0 0.5 0.4807037186139424
0.11 0 0.0 0.8472516321551754
0.11 0 0.01 0.7465106589726703
0.11 0 0.02 0.7258377316070461
0.11 0 0.03 0.7398068542608779
0.11 0 0.04 0.7810095117445314
0.11 0 0.05 0.8504977437488083
0.11 0 0.06 0.8341373306388364
0.11 0 0.07 0.7658200852865374
0.11 0 0.08 0.7978006949499077
0.11 0 0.09 0.8933024273938894
0.11 0 0.1 0.9384904817295033
0.11 0 0.11 0.9697588620582357
0.11 0 0.12 0.9840684778218856
0.11 0 0.13 0.9524819214896625
0.11 0 0.14 1.0079956686063938
0.11 0 0.15 1.1774673408280323
0.11 0 0.16 1.2621044504457228
0.11 0 0.17 1.2609294304193999
0.11 0 0.18 1.324474323976246
0.11 0 0.19 1.38804653083149
0.11 0 0.2 1.4368079606067556
0.11 0 0.21 1.5301556387718747
0.11 0 0.22 1.4581105103476517
0.11 0 0.23 1.1804828637543583
0.11 0 0.24 0.9743267057231784
0.11 0 0.25 0.8505340324617539
0.11 0 0.26 0.7201185203321631
0.11 0 0.27 0.6303844604258889
0.11 0 0.28 0.5754300774804142
0.11 0 0.29 0.5013159821393496
0.11 0 0.3 0.4582346596608149
0.11 0 0.31 0.472821519805411
0.11 0 0.32 0.47361858169318494
0.11 0 0.33 0.44498215326419016
0.11 0 0.34 0.4317621418451695
0.11 0 0.35000000000000003 0.40496009806041855
0.11 0 0.36 0.3550687749626424
0.11 0 0.37 0.32455543451223234
0.11 0 0.38 0.29859423596230156
0.11 0 0.39 0.26423295736448366
0.11 0 0.4 0.26314681072801044
0.11 0 0.41000000000000003 0.30218229635110505
0.11 0 0.42 0.3400228451320282
0.11 0 0.43 0.3747396306879726
0.11 0 0.44 0.4225869318944269
0.11 0 0.45 0.45701205891318586
0.11 0 0.46 0.5092482903514508
0.11 0 0.47000000000000003 0.6315854910299363
0.11 0 0.48 0.7293809079747336
0.11 0 0.49 0.7151265467348086
0.11 0 0.5 0.695201210965328
0.12 0 0.0 3.705881638430685
0.12 0 0.01 3.852916794953253
0.12 0 0.02 4.110991184325288
0.12 0 0.03 4.032968536304398
0.12 0 0.04 3.455084623750518
0.12 0 0.05 3.1447579761280764
0.12 0 0.06 3.2319323340861827
0.12 0 0.07 3.295907085119582
0.12 0 0.08 3.3584678609298684
0.12 0 0.09 3.454695534943693
0.12 0 0.1 3.2965437801780175
0.12 0 0.11 3.2044739619443408
0.12 0 0.12 3.5512312063064457
0.12 0 0.13 3.9182823729444904
0.12 0 0.14 4.023241486096935
0.12 0 0.15 4.261050779212554
0.12 0 0.16 4.496375970694408
0.12 0 0.17 4.527825617123701
0.12 0 0.18 4.811873604178289
0.12 0 0.19 5.155436671888965
0.12 0 0.2 4.945839650293028
0.12 0 0.21 4.6655396660420125
0.12 0 0.22 4.506162266410101
0.12 0 0.23 3.898835839630323
0.12 0 0.24 3.110929294761811
0.12 0 0.25 2.539247295847923
0.12 0 0.26 2.0256918519542397
0.12 0 0.27 1.6476618912839716
0.12 0 0.28 1.5051534549998098
0.12 0 0.29 1.351758510900691
0.12 0 0.3 1.088884820785989
0.12 0 0.31 0.9133602047018017
0.12 0 0.32 0.8334765746011049
0.12 0 0.33 0.7704655874906929
0.12 0 0.34 0.7455972097392447
0.12 0 0.35000000000000003 0.7076791596389931
0.12 0 0.36 0.5783657192699131
0.12 0 0.37 0.4714778849170714
0.12 0 0.38 0.4616478269111986
0.12 0 0.39 0.49963044933868356
0.12 0 0.4 0.5546874457138218
0.12 0 0.41000000000000003 0.6331889526615775
0.12 0 0.42 0.6723376386149715
0.12 0 0.43 0.6842759735422373
0.12 0 0.44 0.797879581490121
0.12 0 0.45 0.9852601087456706
0.12 0 0.46 1.0541403722663698
0.12 0 0.47000000000000003 1.0064918893179648
0.12 0 0.48 0.9100922787197634
0.12 0 0.49 0.787624799231578
0.12 0 0.5 0.751492719528509
0.13 0 0.0 3.9535362793883513
0.13 0 0.01 3.791770630890911
0.13 0 0.02 3.512588010333271
0.13 0 0.03 3.451240567463995
0.13 0 0.04 3.25402769352936
0.13 0 0.05 2.9781469819712965
0.13 0 0.06 2.9116688624930562
0.13 0 0.07 2.830045423673465
0.13 0 0.08 2.709078461778928
0.13 0 0.09 2.849374314326007
0.13 0 0.1 3.037298562941894
0.13 0 0.11 2.9990552621550717
0.13 0 0.12 3.1469052534231445
0.13 0 0.13 3.6536167237069956
0.13 0 0.14 4.195979261672841
0.13 0 0.15 4.823693475590335
0.13 0 0.16 5.422288010930245
0.13 0 0.17 5.2777315499114055
0.13 0 0.18 4.932089763040623
0.13 0 0.19 5.213410765186965
0.13 0 0.2 5.631458513440104
0.13 0 0.21 5.67551023632105
0.13 0 0.22 5.65019021709635
0.13 0 0.23 5.391198140919134
0.13 0 0.24 5.0745521289042586
0.13 0 0.25 5.576216085837258
0.13 0 0.26 6.709650135995827
0.13 0 0.27 7.149560104584879
0.13 0 0.28 6.93044506145151
0.13 0 0.29 6.627747366304756
0.13 0 0.3 6.083984968088581
0.13 0 0.31 5.766059625755686
0.13 0 0.32 5.738329807295857
0.13 0 0.33 5.000570206685874
0.13 0 0.34 3.845508629195082
0.13 0 0.35000000000000003 3.2314341480056976
0.13 0 0.36 3.021017733309279
0.13 0 0.37 2.929235684775098
0.13 0 0.38 2.9896738008760386
0.13 0 0.39 2.914327025210415
0.13 0 0.4 2.5676025766936306
0.13 0 0.41000000000000003 2.4859163139005886
0.13 0 0.42 2.8083565545533493
0.13 0 0.43 3.0313792311064107
0.13 0 0.44 2.922429316655894
0.13 0 0.45 2.6211724707360142
0.13 0 0.46 2.169008542171318
0.13 0 0.47000000000000003 1.901567877293955
0.13 0 0.48 2.0014565911815527
0.13 0 0.49 2.085212483976869
0.13 0 0.5 1.831199628875607
0.14 0 0.0 3.3812125539442683
0.14 0 0.01 3.6258746362228598
0.14 0 0.02 3.648027787402807
0.14 0 0.03 3.672445259531899
0.14 0 0.04 3.6320728917711067
0.14 0 0.05 3.449167763383436
0.14 0 0.06 3.578255636755858
0.14 0 0.07 3.9089482027852736
0.14 0 0.08 3.7403346847457066
0.14 0 0.09 3.328295428518963
0.14 0 0.1 3.164527539068313
0.14 0 0.11 3.1363187979475713
0.14 0 0.12 3.333311672551641
0.14 0 0.13 3.8642350628115154
0.14 0 0.14 4.094727771509228
0.14 0 0.15 3.8323104137314647
0.14 0 0.16 3.808511870789686
0.14 0 0.17 4.009890697190533
0.14 0 0.18 4.002131765681703
0.14 0 0.19 3.9099506371681625
0.14 0 0.2 3.6732068941886338
0.14 0 0.21 3.2418897506439914
0.14 0 0.22 3.2463177324866845
0.14 0 0.23 3.95790010957187
0.14 0 0.24 4.7583658207219255
0.14 0 0.25 5.1953131518377
0.14 0 0.26 5.524554012563011
0.14 0 0.27 5.6168318417684
0.14 0 0.28 5.7659567042274045
0.14 0 0.29 6.452475203504892
0.14 0 0.3 6.565408616685732
0.14 0 0.31 5.322613560660235
0.14 0 0.32 4.172638764950094
0.14 0 0.33 3.7003798098730702
0.14 0 0.34 3.7236291153470806
0.14 0 0.35000000000000003 4.392126012855254
0.14 0 0.36 5.4321080193570745
0.14 0 0.37 5.748011229632441
0.14 0 0.38 5.723244077702061
0.14 0 0.39 6.46343153469265
0.14 0 0.4 7.581073935898028
0.14 0 0.41000000000000003 8.196401789871736
0.14 0 0.42 7.924208155419715
0.14 0 0.43 6.225427814661716
0.14 0 0.44 4.262089294666692
0.14 0 0.45 3.335807970258901
0.14 0 0.46 3.0611744341534592
0.14 0 0.47000000000000003 2.7989014672177883
0.14 0 0.48 2.58090214095509
0.14 0 0.49 2.4679610349089844
0.14 0 0.5 2.3642665948565176
0.15 0 0.0 2.337568099069791
0.15 0 0.01 2.4170323875280255
0.15 0 0.02 2.3358543700862735
0.15 0 0.03 2.394758951766773
0.15 0 0.04 2.7784755587176093
0.15 0 0.05 3.006559570399529
0.15 0 0.06 2.8627737816996848
0.15 0 0.07 2.7513381062481734
0.15 0 0.08 2.716752579726037
0.15 0 0.09 2.791756701765052
0.15 0 0.1 3.1615513013442236
0.15 0 0.11 3.371963376716155
0.15 0 0.12 2.957728412174028
0.15 0 0.13 2.5575585600288013
0.15 0 0.14 2.501855274194206
0.15 0 0.15 2.5682104734424622
0.15 0 0.16 2.698700381926752
0.15 0 0.17 2.7397439552834695
0.15 0 0.18 2.3817578392412577
0.15 0 0.19 2.050625466206891
0.15 0 0.2 2.198626765253709
0.15 0 0.21 2.6694164675264775
0.15 0 0.22 3.09396699163508
0.15 0 0.23 3.347029850894242
0.15 0 0.24 3.196722040263151
0.15 0 0.25 2.8084769790819686
0.15 0 0.26 2.8016559825152023
0.15 0 0.27 3.0944801019505945
0.15 0 0.28 3.0288458359309596
0.15 0 0.29 2.653401177226912
0.15 0 0.3 2.331454909093705
0.15 0 0.31 2.1032710131960437
0.15 0 0.32 2.1717638481667167
0.15 0 0.33 2.6526332816020495
0.15 0 0.34 3.071154148727686
0.15 0 0.35000000000000003 3.111387560574222
0.15 0 0.36 3.224532901014181
0.15 0 0.37 3.4543074464278867
0.15 0 0.38 3.600693122214634
0.15 0 0.39 3.8095814156137346
0.15 0 0.4 3.8028195739774056
0.15 0 0.41000000000000003 3.3434870795482197
0.15 0 0.42 3.1352211094360487
0.15 0 0.43 3.509187032792371
0.15 0 0.44 4.097532068555227
0.15 0 0.45 4.832621088307065
0.15 0 0.46 5.95607614549037
0.15 0 0.47000000000000003 7.0712631537513335
0.15 0 0.48 8.417584804474625
0.15 0 0.49 11.059457194970003
0.15 0 0.5 13.700383685815241
0.16 0 0.0 1.8324852470468613
0.16 0 0.01 1.8724219995901672
0.16 0 0.02 2.100856337797411
0.16 0 0.03 2.1341591809134854
0.16 0 0.04 2.0170630672373244
0.16 0 0.05 1.825016869204479
0.16 0 0.06 1.645246141176314
0.16 0 0.07 1.732398122433994
0.16 0 0.08 2.0106807226544894
0.16 0 0.09 1.982811257086401
0.16 0 0.1 1.6632836938865883
0.16 0 0.11 1.397109178386446
0.16 0 0.12 1.2122936097886188
0.16 0 0.13 1.1502582889288278
0.16 0 0.14 1.2253668819243086
0.16 0 0.15 1.2167580934558946
0.16 0 0.16 1.0731532733801683
0.16 0 0.17 1.043070207873385
0.16 0 0.18 1.175625561641227
0.16 0 0.19 1.376216916449637
0.16 0 0.2 1.6462341351340841
0.16 0 0.21 1.8482321315756125
0.16 0 0.22 1.7589441926955627
0.16 0 0.23 1.6475886462109517
0.16 0 0.24 1.689009910587396
0.16 0 0.25 1.6202066504428516
0.16 0 0.26 1.384479851509937
0.16 0 0.27 1.166016147110253
0.16 0 0.28 0.9719783793315246
0.16 0 0.29 0.8628356797518477
0.16 0 0.3 0.9277776495750133
0.16 0 0.31 1.0566904429283035
0.16 0 0.32 1.0818421920608228
0.16 0 0.33 1.1007078888065291
0.16 0 0.34 1.1786902794187553
0.16 0 0.35000000000000003 1.2393722968554974
0.16 0 0.36 1.32917208389137
0.16 0 0.37 1.4089341777928588
0.16 0 0.38 1.2775971821432124
0.16 0 0.39 1.094041258992778
0.16 0 0.4 1.0761824787302487
0.16 0 0.41000000000000003 1.16177891758795
0.16 0 0.42 1.3085540299047351
0.16 0 0.43 1.60453573381119
0.16 0 0.44 1.9328996607374367
0.16 0 0.45 2.159349211290372
0.16 0 0.46 2.5396110516872334
0.16 0 0.47000000000000003 3.037620171609772
0.16 0 0.48 3.1979644281371833
0.16 0 0.49 3.169503340414884
0.16 0 0.5 3.1425417879073767
0.17 0 0.0 4.645441396858887
0.17 0 0.01 5.415656620237238
0.17 0 0.02 5.7516000927102295
0.17 0 0.03 5.141080866580332
0.17 0 0.04 4.456343509601955
0.17 0 0.05 4.222712416327972
0.17 0 0.06 3.725366110525077
0.17 0 0.07 2.8570768415441656
0.17 0 0.08 2.1914040453466623
0.17 0 0.09 1.760973453612465
0.17 0 0.1 1.550569620364554
0.17 0 0.11 1.6541301903381351
0.17 0 0.12 1.8701505812131867
0.17 0 0.13 1.870269614291171
0.17 0 0.14 1.8468059787830389
0.17 0 0.15 1.9908786812896366
0.17 0 0.16 2.153038152023362
0.17 0 0.17 2.316748804123382
0.17 0 0.18 2.4195315914150126
0.17 0 0.19 2.1489315090774674
0.17 0 0.2 1.7775422728902686
0.17 0 0.21 1.6937039454201874
0.17 0 0.22 1.7597105208492914
0.17 0 0.23 1.7817133899403879
0.17 0 0.24 1.8127318068934588
0.17 0 0.25 1.7561167980127665
0.17 0 0.26 1.5775048757853443
0.17 0 0.27 1.5440731894811992
0.17 0 0.28 1.6539283949492396
0.17 0 0.29 1.632750516936114
0.17 0 0.3 1.521861697258156
0.17 0 0.31 1.4442425398581125
0.17 0 0.32 1.3080108582702197
0.17 0 0.33 1.1883452653107107
0.17 0 0.34 1.1804913169447553
0.17 0 0.35000000000000003 1.1411836529260724
0.17 0 0.36 1.039030096139101
0.17 0 0.37 1.0187062543953578
0.17 0 0.38 1.0306104892073242
0.17 0 0.39 0.984405841708793
0.17 0 0.4 0.9795242742537009
0.17 0 0.41000000000000003 1.0310853941785192
0.17 0 0.42 1.0615577643084244
0.17 0 0.43 1.152594884814052
0.17 0 0.44 1.3124127308232814
0.17 0 0.45 1.3071610856320786
0.17 0 0.46 1.160765056215875
0.17 0 0.47000000000000003 1.057273008581721
0.17 0 0.48 0.9473755145736054
0.17 0 0.49 0.8209356609282912
0.17 0 0.5 0.7300174804642768
0.18 0 0.0 2.044657696272783
0.18 0 0.01 1.8185046501115378
0.18 0 0.02 1.8499154309068524
0.18 0 0.03 1.99789930948809
0.18 0 0.04 1.9445193865550792
0.18 0 0.05 1.7746565560527436
0.18 0 0.06 1.5527935202707928
0.18 0 0.07 1.316081952360249
0.18 0 0.08 1.2733005958530839
0.18 0 0.09 1.4166281148012323
0.18 0 0.1 1.4645055489754981
0.18 0 0.11 1.3815234680824828
0.18 0 0.12 1.320130715455455
0.18 0 0.13 1.2276284262399402
0.18 0 0.14 1.1371287598227493
0.18 0 0.15 1.13145722159873
0.18 0 0.16 1.0693138305469354
0.18 0 0.17 0.9037499959592475
0.18 0 0.18 0.8012517487176077
0.18 0 0.19 0.75941221826061
0.18 0 0.2 0.7044849123854445
0.18 0 0.21 0.687618674310603
0.18 0 0.22 0.7117819619455369
0.18 0 0.23 0.6991072301316841
0.18 0 0.24 0.6905325160459286
0.18 0 0.25 0.7205706582235204
0.18 0 0.26 0.6913674362866361
0.18 0 0.27 0.6174655077149965
0.18 0 0.28 0.5966716186527063
0.18 0 0.29 0.6006127013960713
0.18 0 0.3 0.6014876442661636
0.18 0 0.31 0.6422464755373205
0.18 0 0.32 0.6786324254823264
0.18 0 0.33 0.6648657230405827
0.18 0 0.34 0.7060255278210591
0.18 0 0.35000000000000003 0.8352429691631219
0.18 0 0.36 0.9298667191795725
0.18 0 0.37 0.9596528058783353
0.18 0 0.38 0.9489713956479034
0.18 0 0.39 0.8484943596775772
0.18 0 0.4 0.7578581280563347
0.18 0 0.41000000000000003 0.7593961338022812
0.18 0 0.42 0.7361837266858503
0.18 0 0.43 0.6324253520308306
0.18 0 0.44 0.5490568968358142
0.18 0 0.45 0.4945270599909258
0.18 0 0.46 0.4521128799663789
0.18 0 0.47000000000000003 0.4537787183752035
0.18 0 0.48 0.4616443448998076
0.18 0 0.49 0.414731593237205
0.18 0 0.5 0.3785199280054414
0.19 0 0.0 3.306592015370274
0.19 0 0.01 3.433249427532594
0.19 0 0.02 3.5190797326486667
0.19 0 0.03 3.660223701129539
0.19 0 0.04 3.5185276026595065
0.19 0 0.05 3.352615796997891
0.19 0 0.06 3.489801694482301
0.19 0 0.07 3.490842533245662
0.19 0 0.08 3.2076392919969563
0.19 0 0.09 3.048511834758538
0.19 0 0.1 2.8755822198687766
0.19 0 0.11 2.5229030869475286
0.19 0 0.12 2.250208206079533
0.19 0 0.13 1.9868392410053441
0.19 0 0.14 1.6163224814223933
0.19 0 0.15 1.3953735288364824
0.19 0 0.16 1.3565586913789178
0.19 0 0.17 1.2734216075700995
0.19 0 0.18 1.1369907596228128
0.19 0 0.19 1.0289162073216356
0.19 0 0.2 0.8867826603574214
0.19 0 0.21 0.7652131166859443
0.19 0 0.22 0.7414521357702412
0.19 0 0.23 0.7147855769477975
0.19 0 0.24 0.625310685570805
0.19 0 0.25 0.5726797020266537
0.19 0 0.26 0.5736535843841402
0.19 0 0.27 0.5930064098329337
0.19 0 0.28 0.6665227714718113
0.19 0 0.29 0.7675705770651787
0.19 0 0.3 0.774214915202954
0.19 0 0.31 0.7469552789068582
0.19 0 0.32 0.7774086940921706
0.19 0 0.33 0.7759246313462307
0.19 0 0.34 0.7027344091238268
0.19 0 0.35000000000000003 0.6164396155145684
0.19 0 0.36 0.50768599004044
0.19 0 0.37 0.42114389577672817
0.19 0 0.38 0.422981923919893
0.19 0 0.39 0.4724340644593448
0.19 0 0.4 0.48308473975657407
0.19 0 0.41000000000000003 0.4745626307412186
0.19 0 0.42 0.47744968779294805
0.19 0 0.43 0.47988814969776344
0.19 0 0.44 0.5171376956704355
0.19 0 0.45 0.5686818566518128
0.19 0 0.46 0.5074465182211
0.19 0 0.47000000000000003 0.3792492921468685
0.19 0 0.48 0.3031366838096124
0.19 0 0.49 0.27485998314030113
0.19 0 0.5 0.2790230856285327
0.2 0 0.0 0.6218139809814038
0.2 0 0.01 0.6237636746298159
0.2 0 0.02 0.6230724260598992
0.2 0 0.03 0.6983742614282377
0.2 0 0.04 0.7951757988095365
0.2 0 0.05 0.8127427488333451
0.2 0 0.06 0.8347512927040233
0.2 0 0.07 0.8986815522930858
0.2 0 0.08 0.9313378802776066
0.2 0 0.09 0.9733214608111238
0.2 0 0.1 1.023388932420527
0.2 0 0.11 0.9557068477370793
0.2 0 0.12 0.8619271924400258
0.2 0 0.13 0.8707896032153005
0.2 0 0.14 0.8947574558306501
0.2 0 0.15 0.8737049634735058
0.2 0 0.16 0.8756861869173916
0.2 0 0.17 0.8684821450357241
0.2 0 0.18 0.846689365310913
0.2 0 0.19 0.9228587793264986
0.2 0 0.2 1.0442267582027838
0.2 0 0.21 1.0251562726930756
0.2 0 0.22 0.947794014401716
0.2 0 0.23 0.9291120847443575
0.2 0 0.24 0.9341579052192522
0.2 0 0.25 0.9961784158745373
0.2 0 0.26 1.103268763453256
0.2 0 0.27 1.0485937898193187
0.2 0 0.28 0.8760503669737275
0.2 0 0.29 0.8073882714169267
0.2 0 0.3 0.824580847851646
0.2 0 0.31 0.8387729465910967
0.2 0 0.32 0.8361208137079653
0.2 0 0.33 0.7423217710958431
0.2 0 0.34 0.5761890996011869
0.2 0 0.35000000000000003 0.4993522837059733
0.2 0 0.36 0.5304570952426936
0.2 0 0.37 0.5679139484224047
0.2 0 0.38 0.5621763796908247
0.2 0 0.39 0.5227431972257477
0.2 0 0.4 0.444707261937712
0.2 0 0.41000000000000003 0.3950233434244082
0.2 0 0.42 0.41664108027479746
0.2 0 0.43 0.43318493442010947
0.2 0 0.44 0.3792779882897346
0.2 0 0.45 0.3146030644784723
0.2 0 0.46 0.2679011494577697
0.2 0 0.47000000000000003 0.24128652276422355
0.2 0 0.48 0.2544822979900439
0.2 0 0.49 0.2872958125266492
0.2 0 0.5 0.2861815811270339
0.21 0 0.0 0.3280230584618889
0.21 0 0.01 0.3327435140188716
0.21 0 0.02 0.29687883287818334
0.21 0 0.03 0.25418932947875345
0.21 0 0.04 0.23866517521528366
0.21 0 0.05 0.2314605044806007
0.21 0 0.06 0.23063540078020722
0.21 0 0.07 0.2406479114827512
0.21 0 0.08 0.23027975711514223
0.21 0 0.09 0.20684750371369978
0.21 0 0.1 0.21608628493393955
0.21 0 0.11 0.2574690806416462
0.21 0 0.12 0.2981564141779142
0.21 0 0.13 0.33130969106434455
0.21 0 0.14 0.3412937791788902
0.21 0 0.15 0.320879396877995
0.21 0 0.16 0.33607995051745304
0.21 0 0.17 0.4201907929934415
0.21 0 0.18 0.5036716844497101
0.21 0 0.19 0.534461347999717
0.21 0 0.2 0.5521142420282877
0.21 0 0.21 0.5675273240767598
0.21 0 0.22 0.6344965048780472
0.21 0 0.23 0.8399295866020017
0.21 0 0.24 1.069806950652169
0.21 0 0.25 1.08864592775341
0.21 0 0.26 1.008008309794265
0.21 0 0.27 0.9444355246265806
0.21 0 0.28 0.8817705813435243
0.21 0 0.29 0.8652755310114417
0.21 0 0.3 0.8384503398424035
0.21 0 0.31 0.6908623934394408
0.21 0 0.32 0.5536210103255369
0.21 0 0.33 0.5319927734756797
0.21 0 0.34 0.5724357431543124
0.21 0 0.35000000000000003 0.6287646930031227
0.21 0 0.36 0.7006824449916763
0.21 0 0.37 0.7162895345360958
0.21 0 0.38 0.6832833716312204
0.21 0 0.39 0.7311937857826605
0.21 0 0.4 0.8317202936238838
0.21 0 0.41000000000000003 0.8296872978551831
0.21 0 0.42 0.7560146248055069
0.21 0 0.43 0.6845826898543502
0.21 0 0.44 0.6206245016571181
0.21 0 0.45 0.6341428072349069
0.21 0 0.46 0.7390475802241793
0.21 0 0.47000000000000003 0.7867955424097541
0.21 0 0.48 0.7380928133008913
0.21 0 0.49 0.7210260735242155
0.21 0 0.5 0.7382719283175595
0.22 0 0.0 0.4274643043622521
0.22 0 0.01 0.4022969863646557
0.22 0 0.02 0.405683838846063
0.22 0 0.03 0.44520471185472904
0.22 0 0.04 0.5521631672018493
0.22 0 0.05 0.6398458980093155
0.22 0 0.06 0.5875271034106915
0.22 0 0.07 0.5069894212529011
0.22 0 0.08 0.47742065631706404
0.22 0 0.09 0.467580362384682
0.22 0 0.1 0.477900221415313
0.22 0 0.11 0.48783730227937755
0.22 0 0.12 0.43671628726853395
0.22 0 0.13 0.3858169427336078
0.22 0 0.14 0.41224814306301427
0.22 0 0.15 0.4833005118446774
0.22 0 0.16 0.538084762548645
0.22 0 0.17 0.5773999895485795
0.22 0 0.18 0.5760136963442399
0.22 0 0.19 0.549376850856152
0.22 0 0.2 0.5988397293459846
0.22 0 0.21 0.7118899186846954
0.22 0 0.22 0.7428048643336688
0.22 0 0.23 0.7004982018636726
0.22 0 0.24 0.6700347608739842
0.22 0 0.25 0.6428713454773527
0.22 0 0.26 0.6543511678701559
0.22 0 0.27 0.7095458830465388
0.22 0 0.28 0.6740466702093834
0.22 0 0.29 0.5565843735864828
0.22 0 0.3 0.5041514979366916
0.22 0 0.31 0.5259605063990539
0.22 0 0.32 0.5879052761911702
0.22 0 0.33 0.7054391025178258
0.22 0 0.34 0.8134132275586189
0.22 0 0.35000000000000003 0.8234348196430187
0.22 0 0.36 0.8731514592849803
0.22 0 0.37 1.0594899328099003
0.22 0 0.38 1.2402093847071365
0.22 0 0.39 1.3146239153162165
0.22 0 0.4 1.303227662664574
0.22 0 0.41000000000000003 1.1589051453020691
0.22 0 0.42 1.0341142868025321
0.22 0 0.43 1.101903219254634
0.22 0 0.44 1.263718759817477
0.22 0 0.45 1.3762797967643736
0.22 0 0.46 1.5460096839798745
0.22 0 0.47000000000000003 1.7824608552901209
0.22 0 0.48 1.9711871526875773
0.22 0 0.49 2.259167814158053
0.22 0 0.5 2.604063395596032
0.23 0 0.0 0.1265228037759948
0.23 0 0.01 0.12953947671654756
0.23 0 0.02 0.15086231945592585
0.23 0 0.03 0.15768678144012477
0.23 0 0.04 0.15020818734921157
0.23 0 0.05 0.15026394273367735
0.23 0 0.06 0.15388609827905958
0.23 0 0.07 0.16095990888129535
0.23 0 0.08 0.17288318944267628
0.23 0 0.09 0.1631887946855505
0.23 0 0.1 0.1363887807558752
0.23 0 0.11 0.1301505833922068
0.23 0 0.12 0.14908177270011724
0.23 0 0.13 0.17901380510459092
0.23 0 0.14 0.21852585988837578
0.23 0 0.15 0.25345750284359053
0.23 0 0.16 0.2616381943358825
0.23 0 0.17 0.2853575312582143
0.23 0 0.18 0.3599286155565707
0.23 0 0.19 0.42788517526952546
0.23 0 0.2 0.43357190019015035
0.23 0 0.21 0.40336149059459886
0.23 0 0.22 0.3476279848807563
0.23 0 0.23 0.305426634280162
0.23 0 0.24 0.3177876471795119
0.23 0 0.25 0.3456185783739436
0.23 0 0.26 0.3338219827865525
0.23 0 0.27 0.31801437551126577
0.23 0 0.28 0.3218433119120581
0.23 0 0.29 0.3318547815732049
0.23 0 0.3 0.371409346166218
0.23 0 0.31 0.4392898326846972
0.23 0 0.32 0.46220802918526666
0.23 0 0.33 0.45240634285743614
0.23 0 0.34 0.4739232672446348
0.23 0 0.35000000000000003 0.4937248695989204
0.23 0 0.36 0.493342226611558
0.23 0 0.37 0.5161376796030274
0.23 0 0.38 0.5351296793938438
0.23 0 0.39 0.5335242402902108
0.23 0 0.4 0.5847412648463141
0.23 0 0.41000000000000003 0.6828226966067523
0.23 0 0.42 0.7449659240233946
0.23 0 0.43 0.825992480511761
0.23 0 0.44 0.9874735669178016
0.23 0 0.45 1.1418823121015087
0.23 0 0.46 1.2879856795342475
0.23 0 0.47000000000000003 1.450989378253003
0.23 0 0.48 1.4392107812433783
0.23 0 0.49 1.3044180393208689
0.23 0 0.5 1.2847619985363252
0.24 0 0.0 0.12447694498652415
0.24 0 0.01 0.12354610300218566
0.24 0 0.02 0.11638560372235343
0.24 0 0.03 0.10717255989977029
0.24 0 0.04 0.10026227177344608
0.24 0 0.05 0.10474932498420815
0.24 0 0.06 0.10692467851400402
0.24 0 0.07 0.0907518181277683
0.24 0 0.08 0.07476778873347201
0.24 0 0.09 0.07023490326632519
0.24 0 0.1 0.07300594817063452
0.24 0 0.11 0.08555468501522633
0.24 0 0.12 0.10894597235079288
0.24 0 0.13 0.12615345182547572
0.24 0 0.14 0.1370033187614084
0.24 0 0.15 0.16461034404006172
0.24 0 0.16 0.20383687599127218
0.24 0 0.17 0.23597423555438074
0.24 0 0.18 0.2705535232163131
0.24 0 0.19 0.29600642389786896
0.24 0 0.2 0.30036852182992707
0.24 0 0.21 0.3295808805473441
0.24 0 0.22 0.3950150901624664
0.24 0 0.23 0.4466142415749482
0.24 0 0.24 0.5017489708871534
0.24 0 0.25 0.6067087522586441
0.24 0 0.26 0.7179770775016543
0.24 0 0.27 0.8317401171467633
0.24 0 0.28 0.9905268931377204
0.24 0 0.29 1.0755362280182055
0.24 0 0.3 1.056304571730564
0.24 0 0.31 1.1016228479743309
0.24 0 0.32 1.1736031193724583
0.24 0 0.33 1.143780703779151
0.24 0 0.34 1.0954315234812348
0.24 0 0.35000000000000003 1.0399964845926237
0.24 0 0.36 0.9275714357437858
0.24 0 0.37 0.8775371495318113
0.24 0 0.38 0.9153522997703667
0.24 0 0.39 0.8974416486938622
0.24 0 0.4 0.8383266128480038
0.24 0 0.41000000000000003 0.8407582361873728
0.24 0 0.42 0.8532714076545755
0.24 0 0.43 0.8582238729282008
0.24 0 0.44 0.9108634528865213
0.24 0 0.45 0.9169946488260631
0.24 0 0.46 0.8310442263876767
0.24 0 0.47000000000000003 0.8008213293713485
0.24 0 0.48 0.8323069337580891
0.24 0 0.49 0.8176998327654282
0.24 0 0.5 0.7911578232076842
0.25 0 0.0 0.2993735928838667
0.25 0 0.01 0.24357285483277055
0.25 0 0.02 0.2004189877619472
0.25 0 0.03 0.17374955269329115
0.25 0 0.04 0.1379400218975033
0.25 0 0.05 0.10650950341538049
0.25 0 0.06 0.09320505332030642
0.25 0 0.07 0.08932895871155788
0.25 0 0.08 0.09393994278751329
0.25 0 0.09 0.11422544996213874
0.25 0 0.1 0.14003801781631597
0.25 0 0.11 0.16040080637990276
0.25 0 0.12 0.194317785162429
0.25 0 0.13 0.23991340615983392
0.25 0 0.14 0.26216465729755906
0.25 0 0.15 0.26796014642044674
0.25 0 0.16 0.2672340821801192
0.25 0 0.17 0.2495545825772228
0.25 0 0.18 0.24787376471459652
0.25 0 0.19 0.28489878345302533
0.25 0 0.2 0.3264543383837723
0.25 0 0.21 0.3624399920685659
0.25 0 0.22 0.4331102825492349
0.25 0 0.23 0.5201900020352178
0.25 0 0.24 0.5919630580880899
0.25 0 0.25 0.6800587904334
0.25 0 0.26 0.7250798416880049
0.25 0 0.27 0.663692377240498
0.25 0 0.28 0.6087725854245855
0.25 0 0.29 0.5906755293349111
0.25 0 0.3 0.5418882000462764
0.25 0 0.31 0.49398324049579667
0.25 0 0.32 0.48053798065045944
0.25 0 0.33 0.4654082925162251
0.25 0 0.34 0.47041897704934355
0.25 0 0.35000000000000003 0.5260500964191297
0.25 0 0.36 0.546669683048849
0.25 0 0.37 0.49032274686489097
0.25 0 0.38 0.44640418508354085
0.25 0 0.39 0.4296445884127165
0.25 0 0.4 0.42136232472556745
0.25 0 0.41000000000000003 0.4431359558318634
0.25 0 0.42 0.455939927701032
0.25 0 0.43 0.4055514864842813
0.25 0 0.44 0.36734734455881857
0.25 0 0.45 0.39156144504956303
0.25 0 0.46 0.4342059512782386
0.25 0 0.47000000000000003 0.46021757653753637
0.25 0 0.48 0.45583791349793784
0.25 0 0.49 0.38748651545584684
0.25 0 0.5 0.31837440906998704
0.26 0 0.0 0.3268537959656144
0.26 0 0.01 0.32968063104898454
0.26 0 0.02 0.30706663135037604
0.26 0 0.03 0.3043309752328217
0.26 0 0.04 0.3182659422538512
0.26 0 0.05 0.33488866482383867
0.26 0 0.06 0.38120030033416874
0.26 0 0.07 0.4358683767351472
0.26 0 0.08 0.4406205644945212
0.26 0 0.09 0.43806484151169767
0.26 0 0.1 0.4559976240559809
0.26 0 0.11 0.44127353453509227
0.26 0 0.12 0.40777972049270444
0.26 0 0.13 0.39233712853442576
0.26 0 0.14 0.36749199608111566
0.26 0 0.15 0.34566340664867384
0.26 0 0.16 0.36261323889233005
0.26 0 0.17 0.3796941024370317
0.26 0 0.18 0.3680300604574989
0.26 0 0.19 0.38010834246371794
0.26 0 0.2 0.42248719152694353
0.26 0 0.21 0.45369841446181164
0.26 0 0.22 0.4813657176530622
0.26 0 0.23 0.4833012596505328
0.26 0 0.24 0.41521540402084345
0.26 0 0.25 0.3544357045698072
0.26 0 0.26 0.34976307897058584
0.26 0 0.27 0.3516299766801306
0.26 0 0.28 0.33095998828817086
0.26 0 0.29 0.3044815275369653
0.26 0 0.3 0.26439991786924594
0.26 0 0.31 0.23341820507814268
0.26 0 0.32 0.2505364723095728
0.26 0 0.33 0.2945409384462239
0.26 0 0.34 0.3055736474179585
0.26 0 0.35000000000000003 0.29196901856937374
0.26 0 0.36 0.27949172304389064
0.26 0 0.37 0.272100604357215
0.26 0 0.38 0.3016628356923411
0.26 0 0.39 0.37202199625452875
0.26 0 0.4 0.4042875692717405
0.26 0 0.41000000000000003 0.3859156399210225
0.26 0 0.42 0.3919366983803108
0.26 0 0.43 0.42842361523930866
0.26 0 0.44 0.48731235190827005
0.26 0 0.45 0.5819455160647544
0.26 0 0.46 0.6325852849082034
0.26 0 0.47000000000000003 0.5951136653132171
0.26 0 0.48 0.6044402416299463
0.26 0 0.49 0.7114210385732884
0.26 0 0.5 0.830293505927015
0.27 0 0.0 0.4277267897227679
0.27 0 0.01 0.45731029030302245
0.27 0 0.02 0.4774375888772751
0.27 0 0.03 0.5054411314457324
0.27 0 0.04 0.5479016156875556
0.27 0 0.05 0.5459276992889182
0.27 0 0.06 0.5412498512139321
0.27 0 0.07 0.5979327542010523
0.27 0 0.08 0.6374140286270134
0.27 0 0.09 0.5969170855183763
0.27 0 0.1 0.5385811512243666
0.27 0 0.11 0.4726488751542072
0.27 0 0.12 0.418907859912881
0.27 0 0.13 0.4328324568755812
0.27 0 0.14 0.47566771174225303
0.27 0 0.15 0.45083951499148106
0.27 0 0.16 0.3924445452330682
0.27 0 0.17 0.3539313241964827
0.27 0 0.18 0.32499154250077067
0.27 0 0.19 0.3193135569359368
0.27 0 0.2 0.33144363799040055
0.27 0 0.21 0.3006469701404745
0.27 0 0.22 0.2441984712290679
0.27 0 0.23 0.22442409864204851
0.27 0 0.24 0.23810453971419387
0.27 0 0.25 0.26704529907926133
0.27 0 0.26 0.3141433053688451
0.27 0 0.27 0.34670544221762994
0.27 0 0.28 0.3376008284929019
0.27 0 0.29 0.35154254205785035
0.27 0 0.3 0.41659723060845105
0.27 0 0.31 0.46744348878467135
0.27 0 0.32 0.4782365246795385
0.27 0 0.33 0.4778423966424399
0.27 0 0.34 0.46495626783558075
0.27 0 0.35000000000000003 0.4963000740781502
0.27 0 0.36 0.6438513183668613
0.27 0 0.37 0.8347248665477993
0.27 0 0.38 0.935112614096069
0.27 0 0.39 1.0272309992630404
0.27 0 0.4 1.16907887140667
0.27 0 0.41000000000000003 1.3343901939793013
0.27 0 0.42 1.5842351877324634
0.27 0 0.43 1.7465279660925181
0.27 0 0.44 1.5285108301176349
0.27 0 0.45 1.2529867336931662
0.27 0 0.46 1.1897828922821108
0.27 0 0.47000000000000003 1.241470087541329
0.27 0 0.48 1.3413270903810626
0.27 0 0.49 1.4563257025578231
0.27 0 0.5 1.391510208334825
0.28 0 0.0 0.47895029195768424
0.28 0 0.01 0.5038106418946428
0.28 0 0.02 0.47639088894980575
0.28 0 0.03 0.4113433536668755
0.28 0 0.04 0.40362674979160923
0.28 0 0.05 0.44661382625679485
0.28 0 0.06 0.47894499077034863
0.28 0 0.07 0.489569425209942
0.28 0 0.08 0.4524858191320621
0.28 0 0.09 0.36348092756124284
0.28 0 0.1 0.3060103073088648
0.28 0 0.11 0.2935616557507731
0.28 0 0.12 0.2682187173212694
0.28 0 0.13 0.22527004209252793
0.28 0 0.14 0.19541651687355005
0.28 0 0.15 0.17676502895677362
0.28 0 0.16 0.17699846017271495
0.28 0 0.17 0.21072639852010516
0.28 0 0.18 0.24748828642292814
0.28 0 0.19 0.24793884822334705
0.28 0 0.2 0.24707593417351506
0.28 0 0.21 0.26712860570695673
0.28 0 0.22 0.2926178165678572
0.28 0 0.23 0.32629883841658075
0.28 0 0.24 0.34420322728221603
0.28 0 0.25 0.30336390840387817
0.28 0 0.26 0.2630532895574486
0.28 0 0.27 0.2770110290987975
0.28 0 0.28 0.3214331733800711
0.28 0 0.29 0.36374221033792664
0.28 0 0.3 0.3995077597616463
0.28 0 0.31 0.399499905176241
0.28 0 0.32 0.38727335476240304
0.28 0 0.33 0.44666230511818017
0.28 0 0.34 0.5701599453678653
0.28 0 0.35000000000000003 0.6363721792943372
0.28 0 0.36 0.6214167302950536
0.28 0 0.37 0.5681197200052105
0.28 0 0.38 0.4941093605968867
0.28 0 0.39 0.47019297798493703
0.28 0 0.4 0.5055325433742821
0.28 0 0.41000000000000003 0.49752571666689877
0.28 0 0.42 0.43408805993302785
0.28 0 0.43 0.3981779460053681
0.28 0 0.44 0.39014919998633896
0.28 0 0.45 0.40212262164109697
0.28 0 0.46 0.45695600078797294
0.28 0 0.47000000000000003 0.5023727724384538
0.28 0 0.48 0.47751707530436627
0.28 0 0.49 0.4544825485648603
0.28 0 0.5 0.4588446909525252
0.29 0 0.0 0.4252329565273009
0.29 0 0.01 0.36494869785058526
0.29 0 0.02 0.36675575780339614
0.29 0 0.03 0.3888327183268265
0.29 0 0.04 0.4190919709628853
0.29 0 0.05 0.4378941319989852
0.29 0 0.06 0.39637785184597923
0.29 0 0.07 0.3517282425180328
0.29 0 0.08 0.3665276352298497
0.29 0 0.09 0.3934893003798143
0.29 0 0.1 0.3732099339819502
0.29 0 0.11 0.328130544149247
0.29 0 0.12 0.2733919773447473
0.29 0 0.13 0.23183655101481934
0.29 0 0.14 0.23956634407883565
0.29 0 0.15 0.278281017193816
0.29 0 0.16 0.2816919128843786
0.29 0 0.17 0.2528015294389968
0.29 0 0.18 0.229777458843455
0.29 0 0.19 0.21520116646400214
0.29 0 0.2 0.22307311501945967
0.29 0 0.21 0.25517578674146213
0.29 0 0.22 0.25885769331166136
0.29 0 0.23 0.2254606704832225
0.29 0 0.24 0.20980483335512623
0.29 0 0.25 0.2189701499549441
0.29 0 0.26 0.24062861063041485
0.29 0 0.27 0.2816247011658829
0.29 0 0.28 0.31473972896332775
0.29 0 0.29 0.3045827128319472
0.29 0 0.3 0.30235804569014674
0.29 0 0.31 0.33880626632761773
0.29 0 0.32 0.3709735916297872
0.29 0 0.33 0.3848830525286461
0.29 0 0.34 0.39593499012043387
0.29 0 0.35000000000000003 0.37823550287283875
0.29 0 0.36 0.3561000434485077
0.29 0 0.37 0.37423449500812417
0.29 0 0.38 0.38997428388036853
0.29 0 0.39 0.3651127690746377
0.29 0 0.4 0.34881470061252434
0.29 0 0.41000000000000003 0.3488128061274999
0.29 0 0.42 0.34190443190490966
0.29 0 0.43 0.3504395353305889
0.29 0 0.44 0.3635470760343714
0.29 0 0.45 0.3342287820222466
0.29 0 0.46 0.2998023591553077
0.29 0 0.47000000000000003 0.2957365679286037
0.29 0 0.48 0.2882573796365972
0.29 0 0.49 0.26929108742685454
0.29 0 0.5 0.2607029837822131
0.3 0 0.0 0.1700518853574926
0.3 0 0.01 0.21265660166986614
0.3 0 0.02 0.2772329513305228
0.3 0 0.03 0.29989119818588544
0.3 0 0.04 0.2577735792395535
0.3 0 0.05 0.22334684981103353
0.3 0 0.06 0.20798316582325516
0.3 0 0.07 0.187863863489188
0.3 0 0.08 0.16621875318975468
0.3 0 0.09 0.14016317290539965
0.3 0 0.1 0.10939127126714566
0.3 0 0.11 0.0968394981331702
0.3 0 0.12 0.10939315864721816
0.3 0 0.13 0.1307005509073657
0.3 0 0.14 0.14846828728625494
0.3 0 0.15 0.16612722960936063
0.3 0 0.16 0.17292643535852645
0.3 0 0.17 0.1723010989378744
0.3 0 0.18 0.18437577217408527
0.3 0 0.19 0.18968335755151772
0.3 0 0.2 0.1672100705695843
0.3 0 0.21 0.14684945346352934
0.3 0 0.22 0.14058383155944348
0.3 0 0.23 0.13882568052758654
0.3 0 0.24 0.14820764252124682
0.3 0 0.25 0.1674555214988675
0.3 0 0.26 0.17311520227748825
0.3 0 0.27 0.17528715515317678
0.3 0 0.28 0.1991111698486681
0.3 0 0.29 0.22800259877206075
0.3 0 0.3 0.24431388743932927
0.3 0 0.31 0.2636476719794467
0.3 0 0.32 0.2762956979817294
0.3 0 0.33 0.28215420146295556
0.3 0 0.34 0.3273618552639256
0.3 0 0.35000000000000003 0.4136606392402269
0.3 0 0.36 0.4822616457706171
0.3 0 0.37 0.5458856659140067
0.3 0 0.38 0.6317041692923048
0.3 0 0.39 0.6868475916165468
0.3 0 0.4 0.7371896970123387
0.3 0 0.41000000000000003 0.8258305363678323
0.3 0 0.42 0.8548404063464019
0.3 0 0.43 0.8293322010452734
0.3 0 0.44 0.8695457571926648
0.3 0 0.45 0.9211435439390608
0.3 0 0.46 0.9093440227971776
0.3 0 0.47000000000000003 0.917193750717191
0.3 0 0.48 0.9294981268082236
0.3 0 0.49 0.8855983254434694
0.3 0 0.5 0.8727719540592305
#STOP
