#MEDIUM_PROPERTIES_DISTRIBUTED
$MSH_TYPE
	 GROUNDWATER_FLOW	
$MMP_TYPE
	 PERMEABILITY	
$DIS_TYPE
	 NEAREST_VALUE	
;hj
$CONVERSION_FACTOR
2e-8;2e-6;2e-13
$DATA
0.0 0 0.0 0.07642792140875362
0.0 0 0.01 0.08486275574191757
0.0 0 0.02 0.13280931682331074
0.0 0 0.03 0.2216186021725585
0.0 0 0.04 0.29844564274394614
0.0 0 0.05 0.30361729935202864
0.0 0 0.06 0.3340541689387536
0.0 0 0.07 0.4864446989480934
0.0 0 0.08 0.47018043723500685
0.0 0 0.09 0.33143180505808356
0.0 0 0.1 0.44572144065965125
0.0 0 0.11 0.6431900639705761
0.0 0 0.12 0.48990049394502344
0.0 0 0.13 0.4962428779139437
0.0 0 0.14 0.6528079652010884
0.0 0 0.15 0.46398226502708906
0.0 0 0.16 0.38688390567039943
0.0 0 0.17 0.6157054306850066
0.0 0 0.18 0.6579620123084122
0.0 0 0.19 0.4405386318806607
0.0 0 0.2 0.3633871305234375
0.0 0 0.21 0.2932372911076778
0.0 0 0.22 0.18140000215198157
0.0 0 0.23 0.11284581004669694
0.0 0 0.24 0.10301728034188977
0.0 0 0.25 0.16825666644717283
0.0 0 0.26 0.29822370642776647
0.0 0 0.27 0.42710153323117744
0.0 0 0.28 0.7635229768456767
0.0 0 0.29 1.1095308634224552
0.0 0 0.3 0.8298552950684077
0.0 0 0.31 0.8970275832763056
0.0 0 0.32 1.5191405547500052
0.0 0 0.33 1.3066406686715288
0.0 0 0.34 1.0264227598287468
0.0 0 0.35000000000000003 1.5174850665340165
0.0 0 0.36 1.4634381216238188
0.0 0 0.37 0.769217471193304
0.0 0 0.38 0.561199370888896
0.0 0 0.39 0.47655339819883036
0.0 0 0.4 0.33345540839465443
0.0 0 0.41000000000000003 0.2605035549159925
0.0 0 0.42 0.2164861597975948
0.0 0 0.43 0.15434773335521154
0.0 0 0.44 0.09032100019373486
0.0 0 0.45 0.05242157852601897
0.0 0 0.46 0.049126744035430256
0.0 0 0.47000000000000003 0.057287365519298285
0.0 0 0.48 0.05228413234481826
0.0 0 0.49 0.0842370644101366
0.0 0 0.5 0.2696500942427602
0.01 0 0.0 0.40455125524380703
0.01 0 0.01 0.16730537243811258
0.01 0 0.02 0.11666082989230503
0.01 0 0.03 0.1479126740584983
0.01 0 0.04 0.23664602985885363
0.01 0 0.05 0.26017510303941443
0.01 0 0.06 0.22796663474156845
0.01 0 0.07 0.18937242667979198
0.01 0 0.08 0.0938784082714663
0.01 0 0.09 0.053736289753766354
0.01 0 0.1 0.0865592922836014
0.01 0 0.11 0.14056250918058935
0.01 0 0.12 0.13739516340038851
0.01 0 0.13 0.21602787126520226
0.01 0 0.14 0.34048301168048406
0.01 0 0.15 0.2183676788279713
0.01 0 0.16 0.1417484432157541
0.01 0 0.17 0.15770297776715964
0.01 0 0.18 0.17473830670080032
0.01 0 0.19 0.2330647409131276
0.01 0 0.2 0.4629468041800202
0.01 0 0.21 0.8536649169099353
0.01 0 0.22 1.1328237592538426
0.01 0 0.23 1.1394687912699364
0.01 0 0.24 1.132042116168012
0.01 0 0.25 1.1572898686134996
0.01 0 0.26 0.7070067926468545
0.01 0 0.27 0.3679102121152725
0.01 0 0.28 0.4090312400038379
0.01 0 0.29 0.5088947027787413
0.01 0 0.3 0.4332231695356045
0.01 0 0.31 0.7045256248994508
0.01 0 0.32 1.7537955160330772
0.01 0 0.33 2.403428452844431
0.01 0 0.34 3.4412643281795763
0.01 0 0.35000000000000003 6.637279178317547
0.01 0 0.36 6.570313548774469
0.01 0 0.37 4.667229595833924
0.01 0 0.38 5.418828118029249
0.01 0 0.39 6.878993462955996
0.01 0 0.4 6.950347094080487
0.01 0 0.41000000000000003 7.369531569441757
0.01 0 0.42 9.697301917726307
0.01 0 0.43 14.312077884440402
0.01 0 0.44 14.298175614659835
0.01 0 0.45 9.256652350601602
0.01 0 0.46 7.187483565274864
0.01 0 0.47000000000000003 5.021463050228568
0.01 0 0.48 2.4027554737078605
0.01 0 0.49 2.111923801525125
0.01 0 0.5 3.053166163501423
0.02 0 0.0 1.9873068610357278
0.02 0 0.01 1.0537075696993068
0.02 0 0.02 0.6760861285991778
0.02 0 0.03 0.6487032563214834
0.02 0 0.04 0.6112452404911841
0.02 0 0.05 0.39047376800345796
0.02 0 0.06 0.32328389059949514
0.02 0 0.07 0.334805657087281
0.02 0 0.08 0.1738849296880824
0.02 0 0.09 0.08579208947543111
0.02 0 0.1 0.09035820022055534
0.02 0 0.11 0.0872210908888579
0.02 0 0.12 0.08086264659726079
0.02 0 0.13 0.1678510781458429
0.02 0 0.14 0.3207381131304658
0.02 0 0.15 0.28221833547787983
0.02 0 0.16 0.27461526042884526
0.02 0 0.17 0.3208078004336908
0.02 0 0.18 0.2600057159287679
0.02 0 0.19 0.21444474023018886
0.02 0 0.2 0.29631120373867587
0.02 0 0.21 0.69548784320599
0.02 0 0.22 1.954414744849504
0.02 0 0.23 4.08602743566751
0.02 0 0.24 7.2738731977094355
0.02 0 0.25 10.957121118150392
0.02 0 0.26 8.008055602157341
0.02 0 0.27 5.109415932419639
0.02 0 0.28 6.079805452828502
0.02 0 0.29 5.834098736289118
0.02 0 0.3 4.276150737702836
0.02 0 0.31 6.898099798082621
0.02 0 0.32 11.801818123043724
0.02 0 0.33 8.613265762587996
0.02 0 0.34 7.172118876868459
0.02 0 0.35000000000000003 9.48181386843723
0.02 0 0.36 9.70039026897091
0.02 0 0.37 9.610052998541418
0.02 0 0.38 11.82940765416989
0.02 0 0.39 11.881814098680358
0.02 0 0.4 9.249402375647817
0.02 0 0.41000000000000003 7.042385214827016
0.02 0 0.42 6.626005522474641
0.02 0 0.43 7.576206981278657
0.02 0 0.44 6.711976569291662
0.02 0 0.45 6.103269125123645
0.02 0 0.46 9.199193334296117
0.02 0 0.47000000000000003 9.205309691585718
0.02 0 0.48 4.672274066953339
0.02 0 0.49 4.1992288637502995
0.02 0 0.5 5.58798953362135
0.03 0 0.0 0.2993435050553755
0.03 0 0.01 0.26311578462355506
0.03 0 0.02 0.22266180988295706
0.03 0 0.03 0.2352733487534173
0.03 0 0.04 0.21275831939971737
0.03 0 0.05 0.14643682484708423
0.03 0 0.06 0.16702183818666635
0.03 0 0.07 0.2159698601163174
0.03 0 0.08 0.1383125712711263
0.03 0 0.09 0.11174495014363303
0.03 0 0.1 0.16056542781306804
0.03 0 0.11 0.12277617496126542
0.03 0 0.12 0.06903301893414339
0.03 0 0.13 0.07696086333842195
0.03 0 0.14 0.09057528793991279
0.03 0 0.15 0.08224712909010097
0.03 0 0.16 0.10123946392935107
0.03 0 0.17 0.12674276714030455
0.03 0 0.18 0.10986923059013957
0.03 0 0.19 0.08903560181035729
0.03 0 0.2 0.08449744573666453
0.03 0 0.21 0.09430705757062105
0.03 0 0.22 0.09342121794920728
0.03 0 0.23 0.07905482766256831
0.03 0 0.24 0.11332527401205462
0.03 0 0.25 0.22344568393214348
0.03 0 0.26 0.25423064919757554
0.03 0 0.27 0.33009951331105014
0.03 0 0.28 0.8189010547615608
0.03 0 0.29 1.2701980735860625
0.03 0 0.3 1.2494158094976902
0.03 0 0.31 1.7619057708589538
0.03 0 0.32 1.6895020443563087
0.03 0 0.33 0.8807059214011508
0.03 0 0.34 0.7816546431503694
0.03 0 0.35000000000000003 1.0806897735699668
0.03 0 0.36 1.1450632135028374
0.03 0 0.37 1.2957359353780233
0.03 0 0.38 2.021753616233672
0.03 0 0.39 3.27127171636866
0.03 0 0.4 4.194021528333742
0.03 0 0.41000000000000003 4.07058823247317
0.03 0 0.42 4.702901839582261
0.03 0 0.43 6.6406338992530864
0.03 0 0.44 6.029051697754923
0.03 0 0.45 4.9740651110828455
0.03 0 0.46 5.641595252297467
0.03 0 0.47000000000000003 3.775064753945674
0.03 0 0.48 1.8911744496754757
0.03 0 0.49 2.1841593643217743
0.03 0 0.5 2.737903077371687
0.04 0 0.0 1.9996198352928778
0.04 0 0.01 1.694012673112543
0.04 0 0.02 1.1139140623790267
0.04 0 0.03 0.9329174793903828
0.04 0 0.04 0.5938419872054497
0.04 0 0.05 0.33254964374235113
0.04 0 0.06 0.453735463162277
0.04 0 0.07 0.8037277316125594
0.04 0 0.08 0.7367139599230855
0.04 0 0.09 0.715756147639395
0.04 0 0.1 0.6598209104760954
0.04 0 0.11 0.2496178033052528
0.04 0 0.12 0.10177580413679706
0.04 0 0.13 0.10099023520330105
0.04 0 0.14 0.10592712473756463
0.04 0 0.15 0.09667617628824614
0.04 0 0.16 0.12252278144774938
0.04 0 0.17 0.16516305332360978
0.04 0 0.18 0.16712646132342882
0.04 0 0.19 0.1268959979911705
0.04 0 0.2 0.0961191792615279
0.04 0 0.21 0.10235877061972459
0.04 0 0.22 0.10687534362081862
0.04 0 0.23 0.09388744361512821
0.04 0 0.24 0.12496936357201989
0.04 0 0.25 0.1625882513310384
0.04 0 0.26 0.1181571201663203
0.04 0 0.27 0.13587329962823236
0.04 0 0.28 0.2740039719421504
0.04 0 0.29 0.2762468030437426
0.04 0 0.3 0.22197466936983043
0.04 0 0.31 0.33104375217811743
0.04 0 0.32 0.3990560427817267
0.04 0 0.33 0.33218645100570104
0.04 0 0.34 0.42959934060272503
0.04 0 0.35000000000000003 0.7011004720917386
0.04 0 0.36 0.9974015171654318
0.04 0 0.37 1.5081549367234157
0.04 0 0.38 2.245238683779871
0.04 0 0.39 2.6400651148783534
0.04 0 0.4 2.0905841490031833
0.04 0 0.41000000000000003 1.3445042944400567
0.04 0 0.42 1.3544124507961224
0.04 0 0.43 1.6379937182249495
0.04 0 0.44 1.235193536653087
0.04 0 0.45 1.273399809636574
0.04 0 0.46 2.3249350315962682
0.04 0 0.47000000000000003 2.166633658649928
0.04 0 0.48 1.2212487498159583
0.04 0 0.49 1.0074417625804262
0.04 0 0.5 0.6187606619735604
0.05 0 0.0 0.5987465334898345
0.05 0 0.01 0.6955138643993106
0.05 0 0.02 0.907013213493103
0.05 0 0.03 1.3064917914451175
0.05 0 0.04 0.8951673039396625
0.05 0 0.05 0.46778640787526593
0.05 0 0.06 0.5164426939316389
0.05 0 0.07 0.5148705320030817
0.05 0 0.08 0.3092984499401074
0.05 0 0.09 0.35663859314122287
0.05 0 0.1 0.5979403573980498
0.05 0 0.11 0.5572483914979715
0.05 0 0.12 0.5111583469875736
0.05 0 0.13 0.5906808026991611
0.05 0 0.14 0.47061421085858024
0.05 0 0.15 0.3295810463389877
0.05 0 0.16 0.30434463556554553
0.05 0 0.17 0.3040302210570064
0.05 0 0.18 0.27363036119069206
0.05 0 0.19 0.21858135178323296
0.05 0 0.2 0.217488626495965
0.05 0 0.21 0.2895704201940621
0.05 0 0.22 0.23718192618599843
0.05 0 0.23 0.13781672674096765
0.05 0 0.24 0.14412040368330908
0.05 0 0.25 0.14548958881356375
0.05 0 0.26 0.08112794711007082
0.05 0 0.27 0.06973585886388176
0.05 0 0.28 0.08549276429392909
0.05 0 0.29 0.06608605443411805
0.05 0 0.3 0.07399361350228541
0.05 0 0.31 0.1727874411826071
0.05 0 0.32 0.2841070079656994
0.05 0 0.33 0.3218713541159618
0.05 0 0.34 0.4478914860888281
0.05 0 0.35000000000000003 0.5338208131541788
0.05 0 0.36 0.41767380078372623
0.05 0 0.37 0.2891197427804182
0.05 0 0.38 0.2698598539558814
0.05 0 0.39 0.4131521976743664
0.05 0 0.4 0.6046791444054915
0.05 0 0.41000000000000003 0.6296904289069303
0.05 0 0.42 0.6817854088276567
0.05 0 0.43 0.47542391859970484
0.05 0 0.44 0.16106607116876343
0.05 0 0.45 0.0924517262520852
0.05 0 0.46 0.10670394503625599
0.05 0 0.47000000000000003 0.09320265012124077
0.05 0 0.48 0.11506467484449659
0.05 0 0.49 0.29995275817754996
0.05 0 0.5 0.41628767623043794
0.06 0 0.0 0.7705477727265594
0.06 0 0.01 0.41787259112830577
0.06 0 0.02 0.3480924527816858
0.06 0 0.03 0.47599793305556715
0.06 0 0.04 0.37158676569490645
0.06 0 0.05 0.24106412038662814
0.06 0 0.06 0.241061783701291
0.06 0 0.07 0.15088341615307563
0.06 0 0.08 0.07024919213454862
0.06 0 0.09 0.07662120523868897
0.06 0 0.1 0.10557379398283019
0.06 0 0.11 0.09179838421396874
0.06 0 0.12 0.10175532512180473
0.06 0 0.13 0.14214863156516774
0.06 0 0.14 0.1259754511937311
0.06 0 0.15 0.07601461290499256
0.06 0 0.16 0.04544142237609671
0.06 0 0.17 0.03578796460895795
0.06 0 0.18 0.03646494842238682
0.06 0 0.19 0.03686727977087791
0.06 0 0.2 0.04952910422535787
0.06 0 0.21 0.08598486339097051
0.06 0 0.22 0.08859577454847667
0.06 0 0.23 0.08192292586664568
0.06 0 0.24 0.13171100532404606
0.06 0 0.25 0.13513241664398934
0.06 0 0.26 0.07606477770788835
0.06 0 0.27 0.08078781502753754
0.06 0 0.28 0.10443853229675604
0.06 0 0.29 0.07070687058887344
0.06 0 0.3 0.05781901157819051
0.06 0 0.31 0.07381535408267673
0.06 0 0.32 0.07293056634646325
0.06 0 0.33 0.06597285184869071
0.06 0 0.34 0.0686688680298464
0.06 0 0.35000000000000003 0.05905273856012463
0.06 0 0.36 0.040673110776817546
0.06 0 0.37 0.028382958894156787
0.06 0 0.38 0.02862327306040198
0.06 0 0.39 0.04093972106494137
0.06 0 0.4 0.04283737971206981
0.06 0 0.41000000000000003 0.0411344638747524
0.06 0 0.42 0.06956617988315475
0.06 0 0.43 0.08772569797597576
0.06 0 0.44 0.05546639420968139
0.06 0 0.45 0.05659467332367332
0.06 0 0.46 0.08055617995601447
0.06 0 0.47000000000000003 0.07128051691007742
0.06 0 0.48 0.08643142548120385
0.06 0 0.49 0.16947518859023075
0.06 0 0.5 0.1955374024846808
0.07 0 0.0 2.253071823363023
0.07 0 0.01 2.3186302030837513
0.07 0 0.02 4.133207064017746
0.07 0 0.03 7.40585038178267
0.07 0 0.04 4.438611375157787
0.07 0 0.05 2.189887307988178
0.07 0 0.06 1.6748262540759522
0.07 0 0.07 0.7951798453717411
0.07 0 0.08 0.3440867680095008
0.07 0 0.09 0.349598979127532
0.07 0 0.1 0.4278841003556052
0.07 0 0.11 0.40497807231984534
0.07 0 0.12 0.4442690515484905
0.07 0 0.13 0.4300865763077259
0.07 0 0.14 0.27629966105345266
0.07 0 0.15 0.1726532644895975
0.07 0 0.16 0.1588196557167979
0.07 0 0.17 0.243372113128034
0.07 0 0.18 0.35929234428645096
0.07 0 0.19 0.33526355731174934
0.07 0 0.2 0.3586038722675194
0.07 0 0.21 0.3855963483288739
0.07 0 0.22 0.18327327869089935
0.07 0 0.23 0.08692284845702981
0.07 0 0.24 0.08871543056086086
0.07 0 0.25 0.07811370850414885
0.07 0 0.26 0.06355479160806536
0.07 0 0.27 0.10138423863325592
0.07 0 0.28 0.12678425551893052
0.07 0 0.29 0.07725438663875281
0.07 0 0.3 0.06269927288790876
0.07 0 0.31 0.06806860365672072
0.07 0 0.32 0.05175864354873798
0.07 0 0.33 0.034794515746579706
0.07 0 0.34 0.028191822535776248
0.07 0 0.35000000000000003 0.026468631132562925
0.07 0 0.36 0.02339703653876836
0.07 0 0.37 0.016597749110063287
0.07 0 0.38 0.014685672081548687
0.07 0 0.39 0.017219842876010572
0.07 0 0.4 0.014020714571237155
0.07 0 0.41000000000000003 0.011872039652162547
0.07 0 0.42 0.016257324457830798
0.07 0 0.43 0.013479550443770905
0.07 0 0.44 0.007572910031743187
0.07 0 0.45 0.009299053809524359
0.07 0 0.46 0.012440055518722857
0.07 0 0.47000000000000003 0.008375917997065897
0.07 0 0.48 0.007479223995531416
0.07 0 0.49 0.0098777251903025
0.07 0 0.5 0.008678029437655313
0.08 0 0.0 11.754815673083097
0.08 0 0.01 8.119776987925006
0.08 0 0.02 13.328466027602165
0.08 0 0.03 29.283457996968036
0.08 0 0.04 35.80486611110599
0.08 0 0.05 51.45864179500603
0.08 0 0.06 74.51709405302783
0.08 0 0.07 38.87305561588775
0.08 0 0.08 15.708739762148978
0.08 0 0.09 11.375167369199236
0.08 0 0.1 7.423655629928384
0.08 0 0.11 3.5787024047905422
0.08 0 0.12 2.020706482341827
0.08 0 0.13 1.2873446755656428
0.08 0 0.14 0.7943899017804226
0.08 0 0.15 0.44861163230567697
0.08 0 0.16 0.28795494123093596
0.08 0 0.17 0.2978001783513414
0.08 0 0.18 0.3268520587090697
0.08 0 0.19 0.3149095233377726
0.08 0 0.2 0.48125671374756657
0.08 0 0.21 0.6481862138230227
0.08 0 0.22 0.35776402142578395
0.08 0 0.23 0.24021350217283483
0.08 0 0.24 0.2822101665488575
0.08 0 0.25 0.19617234735389508
0.08 0 0.26 0.13010482645063845
0.08 0 0.27 0.19553294121763765
0.08 0 0.28 0.2883862659650782
0.08 0 0.29 0.28066721043254517
0.08 0 0.3 0.2879737992159603
0.08 0 0.31 0.22765456862046313
0.08 0 0.32 0.1100124791771919
0.08 0 0.33 0.05242360797898634
0.08 0 0.34 0.034830034945406305
0.08 0 0.35000000000000003 0.03396947518978122
0.08 0 0.36 0.03475167057427694
0.08 0 0.37 0.03223901000171876
0.08 0 0.38 0.04399008448581539
0.08 0 0.39 0.05753936956819029
0.08 0 0.4 0.031991491954378636
0.08 0 0.41000000000000003 0.01883811261332069
0.08 0 0.42 0.022209022250088254
0.08 0 0.43 0.019896603475884844
0.08 0 0.44 0.015901154961991695
0.08 0 0.45 0.022056431198758858
0.08 0 0.46 0.019845295126111204
0.08 0 0.47000000000000003 0.008663894880985935
0.08 0 0.48 0.005345023797396497
0.08 0 0.49 0.004121955533713274
0.08 0 0.5 0.0023355120025153314
0.09 0 0.0 7.042743387292052
0.09 0 0.01 3.9998317675583928
0.09 0 0.02 5.461717164844483
0.09 0 0.03 8.060545884587686
0.09 0 0.04 6.967212781706869
0.09 0 0.05 9.11138499884366
0.09 0 0.06 13.737629954021417
0.09 0 0.07 10.077340930387077
0.09 0 0.08 6.7932659499988315
0.09 0 0.09 6.147866390674602
0.09 0 0.1 4.814026014488047
0.09 0 0.11 4.226774599797939
0.09 0 0.12 5.921832149387861
0.09 0 0.13 10.018174678484662
0.09 0 0.14 12.513559206738854
0.09 0 0.15 7.980045609412255
0.09 0 0.16 3.8448583204704736
0.09 0 0.17 2.13327084792019
0.09 0 0.18 0.817478604821044
0.09 0 0.19 0.30676975503657516
0.09 0 0.2 0.3556164733410254
0.09 0 0.21 0.6956587958840675
0.09 0 0.22 0.9879508050472825
0.09 0 0.23 1.861367455273238
0.09 0 0.24 2.9763892484531924
0.09 0 0.25 1.4811925428926405
0.09 0 0.26 0.59732880629892
0.09 0 0.27 0.44015943643358235
0.09 0 0.28 0.31621498443435836
0.09 0 0.29 0.252599438209625
0.09 0 0.3 0.39446753594783235
0.09 0 0.31 0.8100407345208276
0.09 0 0.32 1.2459998721876424
0.09 0 0.33 1.1650162684357732
0.09 0 0.34 0.8086521561824621
0.09 0 0.35000000000000003 0.6050867432157938
0.09 0 0.36 0.3888160594682532
0.09 0 0.37 0.2296604778485042
0.09 0 0.38 0.24122250263850523
0.09 0 0.39 0.26110480558952226
0.09 0 0.4 0.15739594577838728
0.09 0 0.41000000000000003 0.13455611384713828
0.09 0 0.42 0.15047720019669594
0.09 0 0.43 0.06821495015740654
0.09 0 0.44 0.025493111224809573
0.09 0 0.45 0.019270145297607132
0.09 0 0.46 0.013125977818962164
0.09 0 0.47000000000000003 0.007487267871073993
0.09 0 0.48 0.007447581060749121
0.09 0 0.49 0.009079523148839858
0.09 0 0.5 0.008990194664846109
0.1 0 0.0 0.8922947488678934
0.1 0 0.01 0.5366350334836096
0.1 0 0.02 0.49041346491428445
0.1 0 0.03 0.2812194730251554
0.1 0 0.04 0.12194141171129118
0.1 0 0.05 0.13814377093606428
0.1 0 0.06 0.23771462552698544
0.1 0 0.07 0.26962752730985845
0.1 0 0.08 0.33355518039953674
0.1 0 0.09 0.4893532316110795
0.1 0 0.1 0.5478652954958986
0.1 0 0.11 0.5164448034397772
0.1 0 0.12 0.5483855331468601
0.1 0 0.13 0.84846186193664
0.1 0 0.14 1.640177668965168
0.1 0 0.15 2.457222731254725
0.1 0 0.16 3.552647262430941
0.1 0 0.17 4.818185732521485
0.1 0 0.18 2.891099788399182
0.1 0 0.19 1.455498645093808
0.1 0 0.2 1.6441497811182215
0.1 0 0.21 1.644381519931452
0.1 0 0.22 1.0384046863002256
0.1 0 0.23 1.2400705803372791
0.1 0 0.24 1.8273108204180066
0.1 0 0.25 1.3767546488365594
0.1 0 0.26 1.0827802750616702
0.1 0 0.27 1.1665310395155182
0.1 0 0.28 0.9868096818379045
0.1 0 0.29 0.838036055362326
0.1 0 0.3 0.9477552112289299
0.1 0 0.31 1.075022895425397
0.1 0 0.32 1.0350563425198867
0.1 0 0.33 0.9021736666562262
0.1 0 0.34 1.0794464925762706
0.1 0 0.35000000000000003 1.8535354242166338
0.1 0 0.36 2.038513143063972
0.1 0 0.37 1.6964445807441335
0.1 0 0.38 2.4312844385312236
0.1 0 0.39 2.883122986101951
0.1 0 0.4 1.8008790517303708
0.1 0 0.41000000000000003 1.7221950391712193
0.1 0 0.42 2.0398309256536438
0.1 0 0.43 1.2679686589358325
0.1 0 0.44 0.9086410935950204
0.1 0 0.45 0.9590344215238317
0.1 0 0.46 0.5706178915190442
0.1 0 0.47000000000000003 0.2596484799666793
0.1 0 0.48 0.1953330651644657
0.1 0 0.49 0.17750995231100022
0.1 0 0.5 0.1398366846199779
0.11 0 0.0 0.15358485612828984
0.11 0 0.01 0.1418801133244843
0.11 0 0.02 0.2251199395871337
0.11 0 0.03 0.2231692763429081
0.11 0 0.04 0.17438953275892888
0.11 0 0.05 0.26183335145710945
0.11 0 0.06 0.4445297326478304
0.11 0 0.07 0.6292292399589867
0.11 0 0.08 1.160628523392577
0.11 0 0.09 2.107381355663517
0.11 0 0.1 2.326966905620129
0.11 0 0.11 1.6230503377381198
0.11 0 0.12 1.0145327488630034
0.11 0 0.13 0.8396657266803165
0.11 0 0.14 0.659824995607833
0.11 0 0.15 0.37677043022488804
0.11 0 0.16 0.37394700295589134
0.11 0 0.17 0.6779200586719784
0.11 0 0.18 0.8477724074702733
0.11 0 0.19 1.1747428885932936
0.11 0 0.2 2.8592157581907536
0.11 0 0.21 4.086867536207566
0.11 0 0.22 3.722530724067489
0.11 0 0.23 5.669625435807518
0.11 0 0.24 7.211955611873357
0.11 0 0.25 4.871029519755317
0.11 0 0.26 4.505120788062149
0.11 0 0.27 6.126127782636644
0.11 0 0.28 6.396031007804478
0.11 0 0.29 5.130654795657105
0.11 0 0.3 3.792058482422718
0.11 0 0.31 2.826743589800643
0.11 0 0.32 1.8669370715020654
0.11 0 0.33 0.9034025134227858
0.11 0 0.34 0.5239451965869629
0.11 0 0.35000000000000003 0.4146669789093118
0.11 0 0.36 0.2459647270894277
0.11 0 0.37 0.1893616950390007
0.11 0 0.38 0.32623189387338397
0.11 0 0.39 0.3996366535323109
0.11 0 0.4 0.2975733652769278
0.11 0 0.41000000000000003 0.4021579901879377
0.11 0 0.42 0.5316842046563515
0.11 0 0.43 0.3226127340386899
0.11 0 0.44 0.23681250270835705
0.11 0 0.45 0.27760329523858884
0.11 0 0.46 0.2779830817665551
0.11 0 0.47000000000000003 0.29341243799640143
0.11 0 0.48 0.3711844785756144
0.11 0 0.49 0.3692551566053541
0.11 0 0.5 0.27177540969888825
0.12 0 0.0 0.09860394083276938
0.12 0 0.01 0.09229089148293661
0.12 0 0.02 0.10505158795354777
0.12 0 0.03 0.05593610905199976
0.12 0 0.04 0.028408414777315635
0.12 0 0.05 0.03374096125130644
0.12 0 0.06 0.0525427001034876
0.12 0 0.07 0.07475716456308563
0.12 0 0.08 0.11243747565901197
0.12 0 0.09 0.1545060360442987
0.12 0 0.1 0.16752425233449186
0.12 0 0.11 0.12881649505502463
0.12 0 0.12 0.09172805384209702
0.12 0 0.13 0.09883327821839087
0.12 0 0.14 0.11374847496443266
0.12 0 0.15 0.1281452456436725
0.12 0 0.16 0.29974314893656057
0.12 0 0.17 0.7681626910554531
0.12 0 0.18 0.767164022989867
0.12 0 0.19 0.7665563169716001
0.12 0 0.2 1.1991311586650109
0.12 0 0.21 1.0741469183396717
0.12 0 0.22 0.8548047373716827
0.12 0 0.23 1.4665309958970099
0.12 0 0.24 2.667288364274534
0.12 0 0.25 3.499959982280852
0.12 0 0.26 4.681029574026602
0.12 0 0.27 4.286637929517328
0.12 0 0.28 1.9594032010964748
0.12 0 0.29 0.6768374197961363
0.12 0 0.3 0.29844967861402555
0.12 0 0.31 0.22914383225276896
0.12 0 0.32 0.21903641055447545
0.12 0 0.33 0.20901811661750277
0.12 0 0.34 0.35516927442621177
0.12 0 0.35000000000000003 0.7169991612820413
0.12 0 0.36 0.618912624583624
0.12 0 0.37 0.46649988487531713
0.12 0 0.38 0.5676188803031086
0.12 0 0.39 0.4596178694482662
0.12 0 0.4 0.32935403525992824
0.12 0 0.41000000000000003 0.4727665183398877
0.12 0 0.42 0.5543549316862574
0.12 0 0.43 0.3765073869238541
0.12 0 0.44 0.4033412163831562
0.12 0 0.45 0.6087337970223035
0.12 0 0.46 0.6755146039090351
0.12 0 0.47000000000000003 0.70012160508503
0.12 0 0.48 0.8496022142413403
0.12 0 0.49 1.0509021073024531
0.12 0 0.5 1.0089382286375725
0.13 0 0.0 0.0852498497196341
0.13 0 0.01 0.09739422809596843
0.13 0 0.02 0.15196895064912275
0.13 0 0.03 0.13638448454388077
0.13 0 0.04 0.11153485552775813
0.13 0 0.05 0.10361074259766566
0.13 0 0.06 0.06634009565991365
0.13 0 0.07 0.03725232317948963
0.13 0 0.08 0.031534906462973265
0.13 0 0.09 0.04492123308047042
0.13 0 0.1 0.07645806341588215
0.13 0 0.11 0.09009713386244399
0.13 0 0.12 0.09683834086966063
0.13 0 0.13 0.14050510708586283
0.13 0 0.14 0.13746603091087062
0.13 0 0.15 0.10270021924727597
0.13 0 0.16 0.17429971454601678
0.13 0 0.17 0.39100509394004235
0.13 0 0.18 0.5576300443039137
0.13 0 0.19 1.083361590838595
0.13 0 0.2 2.0772236867351226
0.13 0 0.21 1.4070160966404481
0.13 0 0.22 0.7944074968041455
0.13 0 0.23 0.8335018746171963
0.13 0 0.24 0.8303747996605199
0.13 0 0.25 0.6962651616547447
0.13 0 0.26 0.7270749927077188
0.13 0 0.27 0.7762410365504762
0.13 0 0.28 0.6385601882324797
0.13 0 0.29 0.36376456140482805
0.13 0 0.3 0.1909920451707512
0.13 0 0.31 0.1434477570709607
0.13 0 0.32 0.11168830308803365
0.13 0 0.33 0.08698333943123301
0.13 0 0.34 0.1285505415649014
0.13 0 0.35000000000000003 0.19416631075994722
0.13 0 0.36 0.1551487121149931
0.13 0 0.37 0.2003800186526127
0.13 0 0.38 0.4903624656890712
0.13 0 0.39 0.6882414551746736
0.13 0 0.4 0.8754863660401881
0.13 0 0.41000000000000003 2.060805147327857
0.13 0 0.42 3.740565111324467
0.13 0 0.43 4.268431910611516
0.13 0 0.44 5.728677974417188
0.13 0 0.45 7.176356979428718
0.13 0 0.46 6.8934287685335764
0.13 0 0.47000000000000003 7.206756464351128
0.13 0 0.48 9.326571754402455
0.13 0 0.49 13.5162165903897
0.13 0 0.5 15.582918537093947
0.14 0 0.0 0.1286817904482038
0.14 0 0.01 0.1860687250175557
0.14 0 0.02 0.320244094159236
0.14 0 0.03 0.282200706603765
0.14 0 0.04 0.19815697820283393
0.14 0 0.05 0.14304994030789753
0.14 0 0.06 0.09182359607396813
0.14 0 0.07 0.0612780033199565
0.14 0 0.08 0.05164388622967873
0.14 0 0.09 0.06797273828935203
0.14 0 0.1 0.11128422316055564
0.14 0 0.11 0.13448321701610258
0.14 0 0.12 0.16868994170571802
0.14 0 0.13 0.23011380725528827
0.14 0 0.14 0.14419349430947417
0.14 0 0.15 0.07528047227339911
0.14 0 0.16 0.09829226996765025
0.14 0 0.17 0.12959319158525942
0.14 0 0.18 0.1044112722923897
0.14 0 0.19 0.13648199746962672
0.14 0 0.2 0.19939333677969584
0.14 0 0.21 0.14078489851707535
0.14 0 0.22 0.09140824344722367
0.14 0 0.23 0.07150154764008003
0.14 0 0.24 0.04290631308907599
0.14 0 0.25 0.027547916189829366
0.14 0 0.26 0.028788000323134437
0.14 0 0.27 0.04217465096543681
0.14 0 0.28 0.06232947631828784
0.14 0 0.29 0.07169949438031333
0.14 0 0.3 0.09050270963917818
0.14 0 0.31 0.1422113249554855
0.14 0 0.32 0.12185895151886111
0.14 0 0.33 0.07047377923303748
0.14 0 0.34 0.07878602626556204
0.14 0 0.35000000000000003 0.097659920191336
0.14 0 0.36 0.0825956986549359
0.14 0 0.37 0.11876757731211456
0.14 0 0.38 0.20034513162591858
0.14 0 0.39 0.1526052246409098
0.14 0 0.4 0.12310517822859833
0.14 0 0.41000000000000003 0.17058104821566772
0.14 0 0.42 0.18157900442249628
0.14 0 0.43 0.1793752850438824
0.14 0 0.44 0.3101697255124645
0.14 0 0.45 0.6940003240028128
0.14 0 0.46 1.2963696986346631
0.14 0 0.47000000000000003 1.7474372136222336
0.14 0 0.48 2.044979732887326
0.14 0 0.49 2.671479562071769
0.14 0 0.5 2.717021407953223
0.15 0 0.0 0.014012038171945627
0.15 0 0.01 0.020266829844042707
0.15 0 0.02 0.03352450403657994
0.15 0 0.03 0.037861140456739335
0.15 0 0.04 0.0425213553929458
0.15 0 0.05 0.04540169632896055
0.15 0 0.06 0.037112229681706986
0.15 0 0.07 0.025326597790552508
0.15 0 0.08 0.0218065950877489
0.15 0 0.09 0.038661126673240336
0.15 0 0.1 0.0816169463943992
0.15 0 0.11 0.09917089089201725
0.15 0 0.12 0.1239766539161107
0.15 0 0.13 0.16212220411432338
0.15 0 0.14 0.09443434675539057
0.15 0 0.15 0.05100228234821146
0.15 0 0.16 0.05509140911680073
0.15 0 0.17 0.047661147598576384
0.15 0 0.18 0.036592389051872516
0.15 0 0.19 0.06280436749663719
0.15 0 0.2 0.10560261650394889
0.15 0 0.21 0.08111329821057808
0.15 0 0.22 0.05768222318601302
0.15 0 0.23 0.04854051947884608
0.15 0 0.24 0.03675096460925399
0.15 0 0.25 0.029855930482302867
0.15 0 0.26 0.03318695482793226
0.15 0 0.27 0.05832861619461934
0.15 0 0.28 0.1215591249188536
0.15 0 0.29 0.17983006600104295
0.15 0 0.3 0.2429967383485326
0.15 0 0.31 0.287384250718019
0.15 0 0.32 0.15105965489447296
0.15 0 0.33 0.07550992148096512
0.15 0 0.34 0.08935734514643431
0.15 0 0.35000000000000003 0.0931947978144154
0.15 0 0.36 0.06834701788265928
0.15 0 0.37 0.1020719031033159
0.15 0 0.38 0.17620937332117947
0.15 0 0.39 0.1538162157074408
0.15 0 0.4 0.15030477433052664
0.15 0 0.41000000000000003 0.2126893537376819
0.15 0 0.42 0.2627551412854427
0.15 0 0.43 0.3699153062011781
0.15 0 0.44 0.699273314048071
0.15 0 0.45 1.184960676917804
0.15 0 0.46 1.4351544026052514
0.15 0 0.47000000000000003 1.3413564800601012
0.15 0 0.48 1.5787282389037354
0.15 0 0.49 2.5836803113324356
0.15 0 0.5 2.9071985570182974
0.16 0 0.0 0.012791279395119376
0.16 0 0.01 0.009028083177546126
0.16 0 0.02 0.006863670424506798
0.16 0 0.03 0.005452060630992817
0.16 0 0.04 0.0061300090546933745
0.16 0 0.05 0.009401036830373341
0.16 0 0.06 0.015811922331308327
0.16 0 0.07 0.01893938681261733
0.16 0 0.08 0.015861423950190075
0.16 0 0.09 0.013356560489585506
0.16 0 0.1 0.007627602921674596
0.16 0 0.11 0.003290634157931109
0.16 0 0.12 0.003563602595059981
0.16 0 0.13 0.006795283009430497
0.16 0 0.14 0.007242904717782985
0.16 0 0.15 0.008593551643927045
0.16 0 0.16 0.015541405908707936
0.16 0 0.17 0.01458206494022132
0.16 0 0.18 0.010032084980199649
0.16 0 0.19 0.012704118694918968
0.16 0 0.2 0.01814912033756661
0.16 0 0.21 0.024180655044265285
0.16 0 0.22 0.046620083670319744
0.16 0 0.23 0.09246491645879247
0.16 0 0.24 0.12111626781471656
0.16 0 0.25 0.11799956356720857
0.16 0 0.26 0.12840413017439278
0.16 0 0.27 0.21911301369214442
0.16 0 0.28 0.3578779965181979
0.16 0 0.29 0.37031197677161853
0.16 0 0.3 0.4775058764812986
0.16 0 0.31 0.6501191037538111
0.16 0 0.32 0.3884352147525689
0.16 0 0.33 0.22772205701520512
0.16 0 0.34 0.2614888726358862
0.16 0 0.35000000000000003 0.24196095760129863
0.16 0 0.36 0.22426666193621247
0.16 0 0.37 0.44375259655628907
0.16 0 0.38 0.7004863877459306
0.16 0 0.39 0.5348775044731572
0.16 0 0.4 0.5239876317904102
0.16 0 0.41000000000000003 0.7518099248133965
0.16 0 0.42 1.00305298038634
0.16 0 0.43 1.445097513817586
0.16 0 0.44 2.589653653886012
0.16 0 0.45 5.224438445787065
0.16 0 0.46 8.096092939109585
0.16 0 0.47000000000000003 6.918225449244094
0.16 0 0.48 5.271299597890992
0.16 0 0.49 4.1950381181570275
0.16 0 0.5 2.2564839306842113
0.17 0 0.0 0.008227883249879591
0.17 0 0.01 0.012231974857393786
0.17 0 0.02 0.013750639940809608
0.17 0 0.03 0.011510287562378091
0.17 0 0.04 0.01038859751041339
0.17 0 0.05 0.012953176787059328
0.17 0 0.06 0.01781939967391289
0.17 0 0.07 0.014648405111463024
0.17 0 0.08 0.009901681983224763
0.17 0 0.09 0.009715802186253768
0.17 0 0.1 0.00720633988688898
0.17 0 0.11 0.0041929904145486755
0.17 0 0.12 0.005294226075260786
0.17 0 0.13 0.0080298950840153
0.17 0 0.14 0.007055629917220199
0.17 0 0.15 0.008709247373158589
0.17 0 0.16 0.012715597950509295
0.17 0 0.17 0.007771357199613196
0.17 0 0.18 0.004203150937687668
0.17 0 0.19 0.004763660155892695
0.17 0 0.2 0.006802346299673053
0.17 0 0.21 0.010303806407626619
0.17 0 0.22 0.02096981429593665
0.17 0 0.23 0.047754853475849735
0.17 0 0.24 0.09140818388325307
0.17 0 0.25 0.10915897928441533
0.17 0 0.26 0.09258833898686933
0.17 0 0.27 0.08277179000552466
0.17 0 0.28 0.05602083367482621
0.17 0 0.29 0.03251219128613337
0.17 0 0.3 0.04087745321245998
0.17 0 0.31 0.06388884987742983
0.17 0 0.32 0.05241430987957725
0.17 0 0.33 0.05910916324368713
0.17 0 0.34 0.10824356279628114
0.17 0 0.35000000000000003 0.09771206315432882
0.17 0 0.36 0.06725536559457285
0.17 0 0.37 0.08379727868215504
0.17 0 0.38 0.10488298817105347
0.17 0 0.39 0.11957329836696075
0.17 0 0.4 0.20429795414517612
0.17 0 0.41000000000000003 0.34868431880827283
0.17 0 0.42 0.39959493070669755
0.17 0 0.43 0.3855045458923444
0.17 0 0.44 0.4308970061855447
0.17 0 0.45 0.6783460504139
0.17 0 0.46 1.0985188712416316
0.17 0 0.47000000000000003 1.7181187890655318
0.17 0 0.48 4.931140671274253
0.17 0 0.49 15.505475967923218
0.17 0 0.5 18.737910957191776
0.18 0 0.0 0.0020771607562049
0.18 0 0.01 0.001748581671449698
0.18 0 0.02 0.001375978293689417
0.18 0 0.03 0.001184930918718964
0.18 0 0.04 0.0013333820826943123
0.18 0 0.05 0.0025467782014850274
0.18 0 0.06 0.006248998296542241
0.18 0 0.07 0.010682965331500196
0.18 0 0.08 0.01915217700219355
0.18 0 0.09 0.03908493515247439
0.18 0 0.1 0.03197143020440911
0.18 0 0.11 0.01649555520626427
0.18 0 0.12 0.017991455595702453
0.18 0 0.13 0.019958708379726072
0.18 0 0.14 0.014174788845596692
0.18 0 0.15 0.01724247559473854
0.18 0 0.16 0.027642803382705253
0.18 0 0.17 0.027264930744619303
0.18 0 0.18 0.029101377965353333
0.18 0 0.19 0.039354348918220754
0.18 0 0.2 0.037825544131411586
0.18 0 0.21 0.029951290053178984
0.18 0 0.22 0.029367090440338636
0.18 0 0.23 0.03809744484508128
0.18 0 0.24 0.05093350068024674
0.18 0 0.25 0.04983066578674102
0.18 0 0.26 0.05501340622038223
0.18 0 0.27 0.09140883411429704
0.18 0 0.28 0.0927671282524816
0.18 0 0.29 0.05809741716066679
0.18 0 0.3 0.058052649808037954
0.18 0 0.31 0.05252917467107815
0.18 0 0.32 0.027962168944477214
0.18 0 0.33 0.025246278256919812
0.18 0 0.34 0.031247272865684555
0.18 0 0.35000000000000003 0.021365506530561407
0.18 0 0.36 0.01857550451943954
0.18 0 0.37 0.034403890543912734
0.18 0 0.38 0.05701243761993933
0.18 0 0.39 0.07570277818825986
0.18 0 0.4 0.12394382176535954
0.18 0 0.41000000000000003 0.2179066031669979
0.18 0 0.42 0.329540393262671
0.18 0 0.43 0.3864656922223821
0.18 0 0.44 0.44502189818607457
0.18 0 0.45 0.6750069666741726
0.18 0 0.46 0.844932918037175
0.18 0 0.47000000000000003 0.8324106348276744
0.18 0 0.48 1.212498146768879
0.18 0 0.49 1.438946448203995
0.18 0 0.5 0.8981393606719371
0.19 0 0.0 0.0012883732319113376
0.19 0 0.01 0.0017755050548725186
0.19 0 0.02 0.0019447046970378443
0.19 0 0.03 0.0012590867096433699
0.19 0 0.04 0.0006170661246055473
0.19 0 0.05 0.0005035788565947887
0.19 0 0.06 0.000589498188681937
0.19 0 0.07 0.0006083044446489092
0.19 0 0.08 0.0010984510014223066
0.19 0 0.09 0.0031607151833918275
0.19 0 0.1 0.004376860561393163
0.19 0 0.11 0.004267647020523002
0.19 0 0.12 0.005271139499470497
0.19 0 0.13 0.0032935859280453657
0.19 0 0.14 0.001407277320332634
0.19 0 0.15 0.0016070693888111949
0.19 0 0.16 0.0033316238902724588
0.19 0 0.17 0.0058734950733130035
0.19 0 0.18 0.011951506678993872
0.19 0 0.19 0.02547129970596844
0.19 0 0.2 0.036226775560885466
0.19 0 0.21 0.03458294309924137
0.19 0 0.22 0.028270640890537074
0.19 0 0.23 0.029937925950385403
0.19 0 0.24 0.04022648198612196
0.19 0 0.25 0.04872803479006824
0.19 0 0.26 0.07854677488361274
0.19 0 0.27 0.15084954563125083
0.19 0 0.28 0.13247715655103706
0.19 0 0.29 0.09819747511994839
0.19 0 0.3 0.16543636316252805
0.19 0 0.31 0.24262140804262416
0.19 0 0.32 0.2191040631035462
0.19 0 0.33 0.335324926467009
0.19 0 0.34 0.5528275002519067
0.19 0 0.35000000000000003 0.45958632109486597
0.19 0 0.36 0.3985632102039566
0.19 0 0.37 0.45747683094753333
0.19 0 0.38 0.4404525589330997
0.19 0 0.39 0.46889526992175296
0.19 0 0.4 0.7046401866592281
0.19 0 0.41000000000000003 1.1346773288746725
0.19 0 0.42 1.4354374639206082
0.19 0 0.43 1.3096198792622038
0.19 0 0.44 1.5092569515957985
0.19 0 0.45 2.661606492447064
0.19 0 0.46 3.0763346437567987
0.19 0 0.47000000000000003 2.6791019036696424
0.19 0 0.48 3.78652069569067
0.19 0 0.49 3.8675211501151057
0.19 0 0.5 1.9431736152146466
0.2 0 0.0 0.0035432197254176207
0.2 0 0.01 0.003257757071750116
0.2 0 0.02 0.003920231853548872
0.2 0 0.03 0.004257952047856378
0.2 0 0.04 0.00438736683031885
0.2 0 0.05 0.006156255144264249
0.2 0 0.06 0.0060720144777485045
0.2 0 0.07 0.0035259282337494224
0.2 0 0.08 0.004029227242885573
0.2 0 0.09 0.007271564498584943
0.2 0 0.1 0.006737356960460088
0.2 0 0.11 0.006418694446590357
0.2 0 0.12 0.009820330523016058
0.2 0 0.13 0.00931960037630992
0.2 0 0.14 0.007320156439970782
0.2 0 0.15 0.01039185384028594
0.2 0 0.16 0.015108604701750818
0.2 0 0.17 0.017472929318403916
0.2 0 0.18 0.02556253074935613
0.2 0 0.19 0.04100378134279185
0.2 0 0.2 0.05098862121044719
0.2 0 0.21 0.04839255394075749
0.2 0 0.22 0.051834717931279244
0.2 0 0.23 0.10356644139504938
0.2 0 0.24 0.23325412871963175
0.2 0 0.25 0.3340785817532547
0.2 0 0.26 0.5764858411617938
0.2 0 0.27 1.0371160376970197
0.2 0 0.28 0.7540565181584465
0.2 0 0.29 0.45358687995680197
0.2 0 0.3 0.4382794612694291
0.2 0 0.31 0.2880520694915925
0.2 0 0.32 0.18205408616566005
0.2 0 0.33 0.3024545802410427
0.2 0 0.34 0.5791332533313792
0.2 0 0.35000000000000003 0.6460203586961518
0.2 0 0.36 0.7891084807189411
0.2 0 0.37 1.0516733482643066
0.2 0 0.38 0.9642197134853799
0.2 0 0.39 0.6712009449660835
0.2 0 0.4 0.4743272431367924
0.2 0 0.41000000000000003 0.4647460981254071
0.2 0 0.42 0.5774327643501548
0.2 0 0.43 0.6717699054279264
0.2 0 0.44 1.0317213338382825
0.2 0 0.45 1.7512021367460149
0.2 0 0.46 1.4437244210471336
0.2 0 0.47000000000000003 1.115181350008132
0.2 0 0.48 1.6495835585682679
0.2 0 0.49 1.6762745599510585
0.2 0 0.5 1.1468146252700027
0.21 0 0.0 0.004240571242522826
0.21 0 0.01 0.002855107606303684
0.21 0 0.02 0.0034228380706014124
0.21 0 0.03 0.0036600159581780312
0.21 0 0.04 0.003997154203964395
0.21 0 0.05 0.006839751267929717
0.21 0 0.06 0.00802197613101603
0.21 0 0.07 0.005898407805491008
0.21 0 0.08 0.007658223471061336
0.21 0 0.09 0.010549541969758418
0.21 0 0.1 0.008313149650472643
0.21 0 0.11 0.011128930006583179
0.21 0 0.12 0.025783688067734626
0.21 0 0.13 0.03330354132427196
0.21 0 0.14 0.035060375373456514
0.21 0 0.15 0.055458976528993245
0.21 0 0.16 0.07906819429289555
0.21 0 0.17 0.08428330582634545
0.21 0 0.18 0.08599692515047656
0.21 0 0.19 0.09101688904787347
0.21 0 0.2 0.10334617893255442
0.21 0 0.21 0.1070922141697584
0.21 0 0.22 0.11888663661979908
0.21 0 0.23 0.18618716967556184
0.21 0 0.24 0.2112437955369954
0.21 0 0.25 0.15400464789836196
0.21 0 0.26 0.19007699296053354
0.21 0 0.27 0.2473659707270133
0.21 0 0.28 0.14116731984028605
0.21 0 0.29 0.10017450680503763
0.21 0 0.3 0.13144550382949394
0.21 0 0.31 0.1095463688865368
0.21 0 0.32 0.07842781530713193
0.21 0 0.33 0.09521543776887134
0.21 0 0.34 0.10245927386666032
0.21 0 0.35000000000000003 0.08724036341925409
0.21 0 0.36 0.10171070002454806
0.21 0 0.37 0.12910759443244801
0.21 0 0.38 0.129839098190914
0.21 0 0.39 0.11899008411696002
0.21 0 0.4 0.13735029723026837
0.21 0 0.41000000000000003 0.244921894001895
0.21 0 0.42 0.38181835869407066
0.21 0 0.43 0.3800114282060358
0.21 0 0.44 0.511753740668748
0.21 0 0.45 0.7436602622264865
0.21 0 0.46 0.4997155543897666
0.21 0 0.47000000000000003 0.3612532270285332
0.21 0 0.48 0.4928790164764814
0.21 0 0.49 0.5077419426166557
0.21 0 0.5 0.5461887070763451
0.22 0 0.0 0.016079063342972592
0.22 0 0.01 0.021339255032566746
0.22 0 0.02 0.025891454044939595
0.22 0 0.03 0.01707205395244113
0.22 0 0.04 0.013366052809726523
0.22 0 0.05 0.019675086304676292
0.22 0 0.06 0.019272595387951827
0.22 0 0.07 0.015488499219154506
0.22 0 0.08 0.028475015774549035
0.22 0 0.09 0.05177979410355421
0.22 0 0.1 0.0505035180030626
0.22 0 0.11 0.06292786699395299
0.22 0 0.12 0.08127651424304744
0.22 0 0.13 0.05798489600420357
0.22 0 0.14 0.044918225235384884
0.22 0 0.15 0.05186307915540017
0.22 0 0.16 0.05529948362439239
0.22 0 0.17 0.0558860232486547
0.22 0 0.18 0.07255657589972125
0.22 0 0.19 0.13814659843759397
0.22 0 0.2 0.2752221035611067
0.22 0 0.21 0.308496626650784
0.22 0 0.22 0.2853807116119751
0.22 0 0.23 0.36781427308718545
0.22 0 0.24 0.3369497646780778
0.22 0 0.25 0.2548136122823572
0.22 0 0.26 0.4340593002263227
0.22 0 0.27 0.834268288116348
0.22 0 0.28 0.8991330098147553
0.22 0 0.29 1.2419492920087243
0.22 0 0.3 1.5676005821574028
0.22 0 0.31 0.6834835900087752
0.22 0 0.32 0.2588328526433907
0.22 0 0.33 0.2077730366025336
0.22 0 0.34 0.2196204945465195
0.22 0 0.35000000000000003 0.2696836308873599
0.22 0 0.36 0.4505324928976887
0.22 0 0.37 0.7589267561361613
0.22 0 0.38 0.9199293453623486
0.22 0 0.39 0.638592114804616
0.22 0 0.4 0.3514265156487535
0.22 0 0.41000000000000003 0.2640125916968485
0.22 0 0.42 0.20417258051560236
0.22 0 0.43 0.1804495986291445
0.22 0 0.44 0.3646699616355657
0.22 0 0.45 0.7199563803025396
0.22 0 0.46 0.5799334435511033
0.22 0 0.47000000000000003 0.5465691362129917
0.22 0 0.48 0.7180385048269735
0.22 0 0.49 0.46566232134459595
0.22 0 0.5 0.2733367245354025
0.23 0 0.0 0.01183449232899378
0.23 0 0.01 0.015119534960029879
0.23 0 0.02 0.024156117890745288
0.23 0 0.03 0.026181981932960265
0.23 0 0.04 0.038900348937212094
0.23 0 0.05 0.08179439320077947
0.23 0 0.06 0.08477501300909229
0.23 0 0.07 0.07655484592038501
0.23 0 0.08 0.12693524125504552
0.23 0 0.09 0.14106614154771674
0.23 0 0.1 0.10092199040424098
0.23 0 0.11 0.139093191797467
0.23 0 0.12 0.24662339945899459
0.23 0 0.13 0.2652557891797601
0.23 0 0.14 0.22962399406094844
0.23 0 0.15 0.1819146712798229
0.23 0 0.16 0.12422239259760062
0.23 0 0.17 0.08870546962683834
0.23 0 0.18 0.08309234220911764
0.23 0 0.19 0.13704060766206416
0.23 0 0.2 0.289932017461914
0.23 0 0.21 0.42082820812185495
0.23 0 0.22 0.6129424616605021
0.23 0 0.23 0.8747996768683938
0.23 0 0.24 0.4656115106755081
0.23 0 0.25 0.1863982960876583
0.23 0 0.26 0.19884785889649195
0.23 0 0.27 0.2606570688076496
0.23 0 0.28 0.27038679019025
0.23 0 0.29 0.5004315202908264
0.23 0 0.3 0.9479402393815017
0.23 0 0.31 0.7942751610518213
0.23 0 0.32 0.5469160705806867
0.23 0 0.33 0.39948903394927304
0.23 0 0.34 0.22185244274256213
0.23 0 0.35000000000000003 0.1373119312069269
0.23 0 0.36 0.14851929848362527
0.23 0 0.37 0.269613940208904
0.23 0 0.38 0.5358389667132996
0.23 0 0.39 0.7299393524296723
0.23 0 0.4 0.9932860197949354
0.23 0 0.41000000000000003 1.6704997832661361
0.23 0 0.42 1.4984441914538538
0.23 0 0.43 0.9107699006588308
0.23 0 0.44 1.05186956173936
0.23 0 0.45 1.2639115688634823
0.23 0 0.46 1.0567631653860001
0.23 0 0.47000000000000003 1.5497850014963594
0.23 0 0.48 2.455856123094716
0.23 0 0.49 1.5934184948662298
0.23 0 0.5 1.0085295893665618
0.24 0 0.0 0.046133063395218006
0.24 0 0.01 0.03261275581364389
0.24 0 0.02 0.019143933138362428
0.24 0 0.03 0.008251751049107988
0.24 0 0.04 0.009809621285770375
0.24 0 0.05 0.027150116653698583
0.24 0 0.06 0.04537220494870253
0.24 0 0.07 0.0635193719023089
0.24 0 0.08 0.09566604533737579
0.24 0 0.09 0.06315780426613843
0.24 0 0.1 0.029145512309140805
0.24 0 0.11 0.026635543502356026
0.24 0 0.12 0.03485471665720068
0.24 0 0.13 0.050543106362211265
0.24 0 0.14 0.10761994481671266
0.24 0 0.15 0.2571233968271844
0.24 0 0.16 0.3943797337039349
0.24 0 0.17 0.26502177874785565
0.24 0 0.18 0.10590270679839126
0.24 0 0.19 0.05948249086923588
0.24 0 0.2 0.04240670310154143
0.24 0 0.21 0.02747515216123229
0.24 0 0.22 0.035527085353266465
0.24 0 0.23 0.07794452921252967
0.24 0 0.24 0.08913262906282442
0.24 0 0.25 0.08162943556168316
0.24 0 0.26 0.09351254889381425
0.24 0 0.27 0.049565076320173235
0.24 0 0.28 0.017797463221884056
0.24 0 0.29 0.01624863238620274
0.24 0 0.3 0.024779753750074355
0.24 0 0.31 0.03491944093194696
0.24 0 0.32 0.0697229408439632
0.24 0 0.33 0.17193050767631324
0.24 0 0.34 0.3026905929490799
0.24 0 0.35000000000000003 0.3338471174442122
0.24 0 0.36 0.26583693062153113
0.24 0 0.37 0.2295319285191373
0.24 0 0.38 0.22482156893952948
0.24 0 0.39 0.20936037406759606
0.24 0 0.4 0.3063660660983505
0.24 0 0.41000000000000003 0.5766870303292532
0.24 0 0.42 0.49024007584738866
0.24 0 0.43 0.32819424581199275
0.24 0 0.44 0.38992773810119014
0.24 0 0.45 0.3110804103841471
0.24 0 0.46 0.1585159582886107
0.24 0 0.47000000000000003 0.17337203713944835
0.24 0 0.48 0.26561300843861857
0.24 0 0.49 0.2769698979950183
0.24 0 0.5 0.36255319018857857
0.25 0 0.0 0.04826148141664491
0.25 0 0.01 0.04579485513585688
0.25 0 0.02 0.03633438389693108
0.25 0 0.03 0.021840336256908035
0.25 0 0.04 0.02665549355825768
0.25 0 0.05 0.034071483221520475
0.25 0 0.06 0.020003268976838427
0.25 0 0.07 0.015700097772161668
0.25 0 0.08 0.02117646327302569
0.25 0 0.09 0.019029001227604248
0.25 0 0.1 0.01592375656524029
0.25 0 0.11 0.022644462443733544
0.25 0 0.12 0.037921567792676
0.25 0 0.13 0.06228580179035869
0.25 0 0.14 0.10670641935613022
0.25 0 0.15 0.17785776534345213
0.25 0 0.16 0.2554739169767809
0.25 0 0.17 0.22610557494303526
0.25 0 0.18 0.15096012486178448
0.25 0 0.19 0.12238691873652124
0.25 0 0.2 0.06996535341935624
0.25 0 0.21 0.0294422991480526
0.25 0 0.22 0.03242736004929
0.25 0 0.23 0.06584790551680218
0.25 0 0.24 0.07847316010703814
0.25 0 0.25 0.10405789710280632
0.25 0 0.26 0.18606703655564166
0.25 0 0.27 0.15430879149263765
0.25 0 0.28 0.08669686592512864
0.25 0 0.29 0.07775489201810391
0.25 0 0.3 0.07357841114516385
0.25 0 0.31 0.07055092717747803
0.25 0 0.32 0.10941264633146458
0.25 0 0.33 0.19836765052842606
0.25 0 0.34 0.24317857412993832
0.25 0 0.35000000000000003 0.17169720388533535
0.25 0 0.36 0.10158494779274481
0.25 0 0.37 0.089904874235706
0.25 0 0.38 0.08510160800365346
0.25 0 0.39 0.06544775584914359
0.25 0 0.4 0.09133882595317318
0.25 0 0.41000000000000003 0.18108199792098847
0.25 0 0.42 0.18069520265240144
0.25 0 0.43 0.16845972540196208
0.25 0 0.44 0.22233756447221475
0.25 0 0.45 0.15706255354255086
0.25 0 0.46 0.08915517185165814
0.25 0 0.47000000000000003 0.10592584161806975
0.25 0 0.48 0.1168280695726609
0.25 0 0.49 0.07673216088486562
0.25 0 0.5 0.06788354541550039
0.26 0 0.0 0.017975553800598447
0.26 0 0.01 0.02772326994740984
0.26 0 0.02 0.02694104029870332
0.26 0 0.03 0.018048176710021194
0.26 0 0.04 0.02462738143132654
0.26 0 0.05 0.03642646546941228
0.26 0 0.06 0.03603827634516758
0.26 0 0.07 0.055503563954890235
0.26 0 0.08 0.09794975920792454
0.26 0 0.09 0.0880394605959389
0.26 0 0.1 0.06538765098460467
0.26 0 0.11 0.056557783041953004
0.26 0 0.12 0.04130372013036836
0.26 0 0.13 0.0267050057685674
0.26 0 0.14 0.022021154562362987
0.26 0 0.15 0.03490931911733862
0.26 0 0.16 0.0868891013174093
0.26 0 0.17 0.14854390073235224
0.26 0 0.18 0.20201851145712899
0.26 0 0.19 0.3291399784457445
0.26 0 0.2 0.29877974287469905
0.26 0 0.21 0.17196689553759892
0.26 0 0.22 0.1908998928276034
0.26 0 0.23 0.23542436533115926
0.26 0 0.24 0.18460687751981605
0.26 0 0.25 0.2579904949931203
0.26 0 0.26 0.5372616534861288
0.26 0 0.27 0.5496393345980509
0.26 0 0.28 0.4729038863593994
0.26 0 0.29 0.6557681709501305
0.26 0 0.3 0.896300830571894
0.26 0 0.31 1.0079618063037163
0.26 0 0.32 1.0677799251723297
0.26 0 0.33 0.9921602693679282
0.26 0 0.34 0.7436658671422194
0.26 0 0.35000000000000003 0.3780369330328982
0.26 0 0.36 0.17487813231705146
0.26 0 0.37 0.11193601041023866
0.26 0 0.38 0.05923573352851556
0.26 0 0.39 0.027805353702648788
0.26 0 0.4 0.030399994021700204
0.26 0 0.41000000000000003 0.0420130862494831
0.26 0 0.42 0.031543736997420024
0.26 0 0.43 0.03671258310482032
0.26 0 0.44 0.08106564188014702
0.26 0 0.45 0.10592428966786137
0.26 0 0.46 0.10958602034849746
0.26 0 0.47000000000000003 0.15494055803466822
0.26 0 0.48 0.14821678464335697
0.26 0 0.49 0.09543961641043351
0.26 0 0.5 0.07703491638469294
0.27 0 0.0 0.05132729436438197
0.27 0 0.01 0.09343346628109109
0.27 0 0.02 0.08389597383279813
0.27 0 0.03 0.05841972907292623
0.27 0 0.04 0.07115381910378402
0.27 0 0.05 0.06113599098331367
0.27 0 0.06 0.035200783280277946
0.27 0 0.07 0.04286642891131019
0.27 0 0.08 0.09175221626031241
0.27 0 0.09 0.17248718793284512
0.27 0 0.1 0.28764722408480087
0.27 0 0.11 0.36288409986342224
0.27 0 0.12 0.28284802604647374
0.27 0 0.13 0.15093463430393098
0.27 0 0.14 0.07502898310625593
0.27 0 0.15 0.06110391515571261
0.27 0 0.16 0.07062453003036179
0.27 0 0.17 0.06658472701827749
0.27 0 0.18 0.08788601473390592
0.27 0 0.19 0.16801454101276167
0.27 0 0.2 0.13728135590462948
0.27 0 0.21 0.07094281712433263
0.27 0 0.22 0.0778656011941151
0.27 0 0.23 0.09502478891072952
0.27 0 0.24 0.09066897125682351
0.27 0 0.25 0.1605824828015274
0.27 0 0.26 0.33399907304031734
0.27 0 0.27 0.36556497162714513
0.27 0 0.28 0.3594563284918039
0.27 0 0.29 0.38346865030917526
0.27 0 0.3 0.29232634191593515
0.27 0 0.31 0.1941389855554993
0.27 0 0.32 0.17277884279705932
0.27 0 0.33 0.24799697829343592
0.27 0 0.34 0.40068422446169494
0.27 0 0.35000000000000003 0.38840161161355435
0.27 0 0.36 0.3228714551173854
0.27 0 0.37 0.32690768332497694
0.27 0 0.38 0.18332244385689922
0.27 0 0.39 0.07208359734132486
0.27 0 0.4 0.0576910672370837
0.27 0 0.41000000000000003 0.051991325515340234
0.27 0 0.42 0.034582725935214616
0.27 0 0.43 0.043724897682649824
0.27 0 0.44 0.06612858559077399
0.27 0 0.45 0.041959630097960374
0.27 0 0.46 0.024932932082026796
0.27 0 0.47000000000000003 0.026156896509310346
0.27 0 0.48 0.027251453891185086
0.27 0 0.49 0.027862946835858837
0.27 0 0.5 0.03739720561495276
0.28 0 0.0 0.47087067333834093
0.28 0 0.01 0.5728434409358836
0.28 0 0.02 0.4011060005270081
0.28 0 0.03 0.3152435621540259
0.28 0 0.04 0.43685664628637527
0.28 0 0.05 0.41809805191869753
0.28 0 0.06 0.3204703385196427
0.28 0 0.07 0.3887767646477775
0.28 0 0.08 0.4436821972012579
0.28 0 0.09 0.3404446233963253
0.28 0 0.1 0.27108746973813447
0.28 0 0.11 0.2908724071021981
0.28 0 0.12 0.387683759478732
0.28 0 0.13 0.41813950650030346
0.28 0 0.14 0.35114010901160086
0.28 0 0.15 0.3983552399722957
0.28 0 0.16 0.4090973192076175
0.28 0 0.17 0.2225380636404632
0.28 0 0.18 0.1536546979252738
0.28 0 0.19 0.15275819331507445
0.28 0 0.2 0.0916244049590505
0.28 0 0.21 0.06731411385516232
0.28 0 0.22 0.10854795089423058
0.28 0 0.23 0.11954710581497957
0.28 0 0.24 0.08800102040916924
0.28 0 0.25 0.12332540144554327
0.28 0 0.26 0.21129223660701885
0.28 0 0.27 0.235019990029147
0.28 0 0.28 0.2366266365437332
0.28 0 0.29 0.21852847309798246
0.28 0 0.3 0.14796227374187
0.28 0 0.31 0.07668687028078172
0.28 0 0.32 0.03718288688169906
0.28 0 0.33 0.025629905120715512
0.28 0 0.34 0.022300672523516644
0.28 0 0.35000000000000003 0.016943074270313795
0.28 0 0.36 0.01871057988912785
0.28 0 0.37 0.025605346526319996
0.28 0 0.38 0.014578873472089075
0.28 0 0.39 0.006615970379667151
0.28 0 0.4 0.007067326163563063
0.28 0 0.41000000000000003 0.007570381401286343
0.28 0 0.42 0.0062507925178262305
0.28 0 0.43 0.009746908607928843
0.28 0 0.44 0.015863217066485486
0.28 0 0.45 0.012436205565419483
0.28 0 0.46 0.008959552319799806
0.28 0 0.47000000000000003 0.007256210753032421
0.28 0 0.48 0.004923121452769688
0.28 0 0.49 0.004252550824436012
0.28 0 0.5 0.006741472801391464
0.29 0 0.0 0.5069684014128256
0.29 0 0.01 0.6682334739870851
0.29 0 0.02 0.49745445366316177
0.29 0 0.03 0.5118663850375385
0.29 0 0.04 0.9075488902230152
0.29 0 0.05 1.0333735696792947
0.29 0 0.06 0.8502248163998993
0.29 0 0.07 0.8119952330303711
0.29 0 0.08 0.7328688237320446
0.29 0 0.09 0.6396777798103696
0.29 0 0.1 0.6558296974642561
0.29 0 0.11 0.8550800084356549
0.29 0 0.12 1.2781543148321772
0.29 0 0.13 1.3405746362508015
0.29 0 0.14 1.139522818594984
0.29 0 0.15 1.2733644075762336
0.29 0 0.16 0.9050929838862602
0.29 0 0.17 0.3460770219787271
0.29 0 0.18 0.26831236726554714
0.29 0 0.19 0.3652325417267017
0.29 0 0.2 0.3045484437718394
0.29 0 0.21 0.2949912418117548
0.29 0 0.22 0.426492774536758
0.29 0 0.23 0.33545769942104536
0.29 0 0.24 0.1938125769547011
0.29 0 0.25 0.16987884349430862
0.29 0 0.26 0.1363066399947608
0.29 0 0.27 0.08721755890287192
0.29 0 0.28 0.07421869966894543
0.29 0 0.29 0.083151035823168
0.29 0 0.3 0.08902362918253563
0.29 0 0.31 0.06920468233547208
0.29 0 0.32 0.04927604403118696
0.29 0 0.33 0.055441229508577834
0.29 0 0.34 0.05964228258260616
0.29 0 0.35000000000000003 0.03716692303736688
0.29 0 0.36 0.029987889297676467
0.29 0 0.37 0.029917737963047687
0.29 0 0.38 0.01648833599941425
0.29 0 0.39 0.011389477360878418
0.29 0 0.4 0.016058205062384097
0.29 0 0.41000000000000003 0.015095296944029795
0.29 0 0.42 0.01125611013128866
0.29 0 0.43 0.016136645184903577
0.29 0 0.44 0.020857488008902067
0.29 0 0.45 0.014582059443339762
0.29 0 0.46 0.01130318850515747
0.29 0 0.47000000000000003 0.011719457237526786
0.29 0 0.48 0.012677781528583665
0.29 0 0.49 0.013994827430956713
0.29 0 0.5 0.016264439489916415
0.3 0 0.0 1.7026899715129626
0.3 0 0.01 1.0366408563759204
0.3 0 0.02 0.41465503747315363
0.3 0 0.03 0.314660420330948
0.3 0 0.04 0.409990404338205
0.3 0 0.05 0.4149493835763333
0.3 0 0.06 0.44010070504957033
0.3 0 0.07 0.6198410560100271
0.3 0 0.08 0.8018900610489594
0.3 0 0.09 0.7729737425301221
0.3 0 0.1 0.6179005492761118
0.3 0 0.11 0.6660347914208629
0.3 0 0.12 0.9524820072272727
0.3 0 0.13 0.8284933288467664
0.3 0 0.14 0.5377045502390972
0.3 0 0.15 0.44416573170984036
0.3 0 0.16 0.23438158853679975
0.3 0 0.17 0.09528334967503262
0.3 0 0.18 0.09548658003029786
0.3 0 0.19 0.12393261781506355
0.3 0 0.2 0.0953875381047135
0.3 0 0.21 0.10840889072948486
0.3 0 0.22 0.1642175725782877
0.3 0 0.23 0.1135847745780874
0.3 0 0.24 0.05595826458483814
0.3 0 0.25 0.04002131405074225
0.3 0 0.26 0.0330761462214087
0.3 0 0.27 0.029456739345059726
0.3 0 0.28 0.02968402461450132
0.3 0 0.29 0.02992310238263998
0.3 0 0.3 0.026046698631917557
0.3 0 0.31 0.015024052971313895
0.3 0 0.32 0.00829092164481198
0.3 0 0.33 0.007515571801965828
0.3 0 0.34 0.006273373785416135
0.3 0 0.35000000000000003 0.004751976634735315
0.3 0 0.36 0.008893170378224576
0.3 0 0.37 0.020667448717094247
0.3 0 0.38 0.01910163342387203
0.3 0 0.39 0.016220047887857456
0.3 0 0.4 0.017614753340501638
0.3 0 0.41000000000000003 0.010649249169052634
0.3 0 0.42 0.006412857783190758
0.3 0 0.43 0.00823412530418992
0.3 0 0.44 0.0122763443233045
0.3 0 0.45 0.017759201855587103
0.3 0 0.46 0.03368072412785924
0.3 0 0.47000000000000003 0.05579294348363194
0.3 0 0.48 0.051245250291333005
0.3 0 0.49 0.02643961442906017
0.3 0 0.5 0.013089641474927699
#STOP
