#MEDIUM_PROPERTIES_DISTRIBUTED
$MSH_TYPE
	 GROUNDWATER_FLOW	
$MMP_TYPE
	 PERMEABILITY	
$DIS_TYPE
	 NEAREST_VALUE	
;hj
$CONVERSION_FACTOR
2e-8;2e-6;2e-13
$DATA
0.0 0 0.0 1.7156945919125501
0.0 0 0.01 2.658788271814866
0.0 0 0.02 1.668664769284523
0.0 0 0.03 7.479772199782183
0.0 0 0.04 5.322966619437574
0.0 0 0.05 3.382588141515266
0.0 0 0.06 1.00958843437432
0.0 0 0.07 3.3533619717236243
0.0 0 0.08 2.3517601059551683
0.0 0 0.09 2.5473242833871192
0.0 0 0.1 6.774131806308482
0.0 0 0.11 6.0181735559840375
0.0 0 0.12 0.8150165658794382
0.0 0 0.13 1.5170073713287773
0.0 0 0.14 5.471628742474765
0.0 0 0.15 6.571894810059052
0.0 0 0.16 3.3164716762958815
0.0 0 0.17 4.116328073560836
0.0 0 0.18 4.233640989707822
0.0 0 0.19 11.27243111389168
0.0 0 0.2 4.420101913632464
0.0 0 0.21 1.3050832190085109
0.0 0 0.22 1.2768553407673418
0.0 0 0.23 1.3884974339114438
0.0 0 0.24 0.12336768608950002
0.0 0 0.25 1.254239601062092
0.0 0 0.26 9.376150271503828
0.0 0 0.27 1.7340032300726476
0.0 0 0.28 0.42318320294639467
0.0 0 0.29 0.37499738202187205
0.0 0 0.3 0.20919496451475011
0.0 0 0.31 0.07847246183600995
0.0 0 0.32 0.07551447311335775
0.0 0 0.33 0.027250091497922378
0.0 0 0.34 0.09932605941376307
0.0 0 0.35000000000000003 0.21181513644833047
0.0 0 0.36 0.10609108050730987
0.0 0 0.37 0.17459549469328534
0.0 0 0.38 1.7131749522562942
0.0 0 0.39 1.0665734276196674
0.0 0 0.4 0.7819590418497642
0.0 0 0.41000000000000003 0.4244717758428448
0.0 0 0.42 0.05472368572304205
0.0 0 0.43 0.020482448618489767
0.0 0 0.44 0.014663418119543739
0.0 0 0.45 0.001969227120532143
0.0 0 0.46 0.0006209988833852954
0.0 0 0.47000000000000003 0.0006470766018995836
0.0 0 0.48 0.0018528077707387527
0.0 0 0.49 0.0018138631679613614
0.0 0 0.5 0.002359156177409442
0.01 0 0.0 1.717473929720588
0.01 0 0.01 7.676043164791605
0.01 0 0.02 14.598845400648436
0.01 0 0.03 2.463401438183289
0.01 0 0.04 1.1350228888803127
0.01 0 0.05 6.627595320134757
0.01 0 0.06 12.643322250838507
0.01 0 0.07 7.014683380833911
0.01 0 0.08 4.570467444528735
0.01 0 0.09 3.5665402465626026
0.01 0 0.1 1.3197619132026783
0.01 0 0.11 4.22200914732912
0.01 0 0.12 5.171705063123892
0.01 0 0.13 3.2563858209197294
0.01 0 0.14 1.4594271855900005
0.01 0 0.15 2.361327997006717
0.01 0 0.16 1.13047398689188
0.01 0 0.17 2.054369591055751
0.01 0 0.18 0.8718294426680774
0.01 0 0.19 1.6765932743382006
0.01 0 0.2 9.51191508717977
0.01 0 0.21 16.28303815168976
0.01 0 0.22 24.520249564755446
0.01 0 0.23 64.73883075363419
0.01 0 0.24 64.98256700990481
0.01 0 0.25 17.673412649367272
0.01 0 0.26 13.441403196093061
0.01 0 0.27 11.012804521756399
0.01 0 0.28 2.946142050572941
0.01 0 0.29 1.7958048828481188
0.01 0 0.3 1.2538386370026249
0.01 0 0.31 1.5155616940930812
0.01 0 0.32 1.0386929221325742
0.01 0 0.33 0.39497510331848323
0.01 0 0.34 0.5761105082219569
0.01 0 0.35000000000000003 7.819830864392883
0.01 0 0.36 3.0528665568210194
0.01 0 0.37 0.46135641161691066
0.01 0 0.38 0.2678600791356548
0.01 0 0.39 0.3018415427607256
0.01 0 0.4 0.22981367775040334
0.01 0 0.41000000000000003 0.046963507338528304
0.01 0 0.42 0.012756580913868042
0.01 0 0.43 0.009276986358936075
0.01 0 0.44 0.05498693562470604
0.01 0 0.45 0.03811587670258366
0.01 0 0.46 0.021370076909509882
0.01 0 0.47000000000000003 0.009146544775207011
0.01 0 0.48 0.0056009759843147055
0.01 0 0.49 0.002597284008371319
0.01 0 0.5 0.002289378651528288
0.02 0 0.0 10.618600134693908
0.02 0 0.01 9.663215976019325
0.02 0 0.02 20.630234571889538
0.02 0 0.03 31.3345096892749
0.02 0 0.04 18.29116520703479
0.02 0 0.05 8.7048747619825
0.02 0 0.06 9.416344901355888
0.02 0 0.07 7.310339251746362
0.02 0 0.08 1.0200819815815287
0.02 0 0.09 0.2775014103557162
0.02 0 0.1 0.22998513923086994
0.02 0 0.11 0.07390700064438398
0.02 0 0.12 0.012248847357864363
0.02 0 0.13 0.006562448046123271
0.02 0 0.14 0.02461913168137387
0.02 0 0.15 0.01506551140108424
0.02 0 0.16 0.01357228090157165
0.02 0 0.17 0.02833521383104599
0.02 0 0.18 0.08235250013542826
0.02 0 0.19 0.09763420300122824
0.02 0 0.2 0.06705709935093411
0.02 0 0.21 0.2294021865474191
0.02 0 0.22 0.6053371898595518
0.02 0 0.23 1.0994071390410793
0.02 0 0.24 0.7112243689500072
0.02 0 0.25 1.8485567877878928
0.02 0 0.26 1.739550332073108
0.02 0 0.27 0.5363121251726066
0.02 0 0.28 0.08647613014264212
0.02 0 0.29 0.23708258694375048
0.02 0 0.3 0.1340653686996973
0.02 0 0.31 0.09723042677481142
0.02 0 0.32 0.16227372061173084
0.02 0 0.33 0.19207026189858598
0.02 0 0.34 0.17771052476510216
0.02 0 0.35000000000000003 0.20317953824098708
0.02 0 0.36 0.21298035289404998
0.02 0 0.37 0.33194975623548006
0.02 0 0.38 0.37412749353576374
0.02 0 0.39 0.08185707959150955
0.02 0 0.4 0.014184771858320287
0.02 0 0.41000000000000003 0.047289108541209116
0.02 0 0.42 0.039372106320091055
0.02 0 0.43 0.03723992476471777
0.02 0 0.44 0.03620648104419191
0.02 0 0.45 0.015051475337851965
0.02 0 0.46 0.0023303751051400082
0.02 0 0.47000000000000003 0.008180226398554548
0.02 0 0.48 0.007464897202485012
0.02 0 0.49 0.00790598193864988
0.02 0 0.5 0.006841644015671075
0.03 0 0.0 80.64424968476565
0.03 0 0.01 63.841943703121125
0.03 0 0.02 19.97266464967205
0.03 0 0.03 1.6782814119410323
0.03 0 0.04 4.325844251815011
0.03 0 0.05 2.130533654273312
0.03 0 0.06 0.17670654520680215
0.03 0 0.07 0.013448147066139091
0.03 0 0.08 0.026076424223838768
0.03 0 0.09 0.010521469267575478
0.03 0 0.1 0.01660117001026658
0.03 0 0.11 0.032568894863671254
0.03 0 0.12 0.020787031559487162
0.03 0 0.13 0.017101879218497144
0.03 0 0.14 0.019951731464341378
0.03 0 0.15 0.009852171435622182
0.03 0 0.16 0.003952806624203456
0.03 0 0.17 0.01055562762165598
0.03 0 0.18 0.06262633804085271
0.03 0 0.19 0.2941584253852219
0.03 0 0.2 0.1568706813256055
0.03 0 0.21 0.022640108454662067
0.03 0 0.22 0.011350996750012611
0.03 0 0.23 0.07878679159664138
0.03 0 0.24 0.06626027620215494
0.03 0 0.25 0.009264773277035693
0.03 0 0.26 0.03358620642453457
0.03 0 0.27 0.13667619784337695
0.03 0 0.28 0.07464822440436186
0.03 0 0.29 0.052883044755754754
0.03 0 0.3 0.09068326734771286
0.03 0 0.31 0.14438860329555012
0.03 0 0.32 0.1294432887457913
0.03 0 0.33 0.385229963073737
0.03 0 0.34 0.11387292695596919
0.03 0 0.35000000000000003 0.13765928015685833
0.03 0 0.36 0.0813763420120411
0.03 0 0.37 0.05821587902498031
0.03 0 0.38 0.05399798605842806
0.03 0 0.39 0.16437396958806527
0.03 0 0.4 0.0201998979633635
0.03 0 0.41000000000000003 0.03446230517874674
0.03 0 0.42 0.16207426573486475
0.03 0 0.43 0.17650300075064854
0.03 0 0.44 0.02410118781191082
0.03 0 0.45 0.01498005959364887
0.03 0 0.46 0.0072759335431579995
0.03 0 0.47000000000000003 0.008123767493100379
0.03 0 0.48 0.010002093325465625
0.03 0 0.49 0.014234270198392745
0.03 0 0.5 0.009998116270910415
0.04 0 0.0 3.4456111784855237
0.04 0 0.01 1.7342345766551053
0.04 0 0.02 1.854587886622366
0.04 0 0.03 0.5664893708993155
0.04 0 0.04 0.3116125530100984
0.04 0 0.05 0.7222316577259565
0.04 0 0.06 2.276848119456716
0.04 0 0.07 3.8786043690200294
0.04 0 0.08 1.9264342691592924
0.04 0 0.09 1.4942622981422684
0.04 0 0.1 1.5705632076940905
0.04 0 0.11 0.13543011191582505
0.04 0 0.12 0.020729680053679457
0.04 0 0.13 0.04514684252593433
0.04 0 0.14 0.06753852133872647
0.04 0 0.15 0.010569619302553665
0.04 0 0.16 0.012867724274144414
0.04 0 0.17 0.020186735132938897
0.04 0 0.18 0.042530387746582715
0.04 0 0.19 0.027431797956264374
0.04 0 0.2 0.01641496380691394
0.04 0 0.21 0.0037289080942344223
0.04 0 0.22 0.013906664156400664
0.04 0 0.23 0.06008744560526305
0.04 0 0.24 0.03012737618960377
0.04 0 0.25 0.026169264319693734
0.04 0 0.26 0.008334165354668922
0.04 0 0.27 0.0048772555580737205
0.04 0 0.28 0.024017896396751996
0.04 0 0.29 0.14392258087476245
0.04 0 0.3 0.08252645771368806
0.04 0 0.31 0.1661382315920055
0.04 0 0.32 0.7291795060021428
0.04 0 0.33 0.409092925777938
0.04 0 0.34 0.06642419631200071
0.04 0 0.35000000000000003 0.047843775740640984
0.04 0 0.36 0.03740713204468939
0.04 0 0.37 0.05884545985422545
0.04 0 0.38 0.29118418896285897
0.04 0 0.39 0.302004720211902
0.04 0 0.4 0.19308913117405904
0.04 0 0.41000000000000003 0.2647122517472964
0.04 0 0.42 0.0582350481071341
0.04 0 0.43 0.013990715898405533
0.04 0 0.44 0.01803443275115651
0.04 0 0.45 0.06720419772718561
0.04 0 0.46 0.03182131852361282
0.04 0 0.47000000000000003 0.061845911779548506
0.04 0 0.48 0.02951361132335128
0.04 0 0.49 0.004409175336317714
0.04 0 0.5 0.0013833499587281152
0.05 0 0.0 0.3842434438883702
0.05 0 0.01 0.2523838938196052
0.05 0 0.02 0.3976551168941541
0.05 0 0.03 0.7426592709616054
0.05 0 0.04 3.3996837563637223
0.05 0 0.05 8.200132450557657
0.05 0 0.06 1.8646399935562976
0.05 0 0.07 0.5158473402715444
0.05 0 0.08 1.7594616002705514
0.05 0 0.09 0.6267049999352836
0.05 0 0.1 0.3690656915535544
0.05 0 0.11 0.44423948578102485
0.05 0 0.12 0.20816643973622903
0.05 0 0.13 0.034411246819954666
0.05 0 0.14 0.20283574913048535
0.05 0 0.15 0.4404275139306738
0.05 0 0.16 0.08873382349597993
0.05 0 0.17 0.05140352218688578
0.05 0 0.18 0.03969911276985802
0.05 0 0.19 0.051635249501569426
0.05 0 0.2 0.12853741423846185
0.05 0 0.21 0.0755757416731058
0.05 0 0.22 0.05253133619358496
0.05 0 0.23 0.046818594007708964
0.05 0 0.24 0.02819173701059352
0.05 0 0.25 0.005054639919947388
0.05 0 0.26 0.01276004358460857
0.05 0 0.27 0.022756212680199686
0.05 0 0.28 0.01951401323118086
0.05 0 0.29 0.009783932625818137
0.05 0 0.3 0.016639102172969406
0.05 0 0.31 0.004394256374060222
0.05 0 0.32 0.009743558239732025
0.05 0 0.33 0.0430113559984826
0.05 0 0.34 0.34496088018237653
0.05 0 0.35000000000000003 0.6964987351335037
0.05 0 0.36 0.7759844651727993
0.05 0 0.37 0.46794057750655277
0.05 0 0.38 0.16458387690635465
0.05 0 0.39 0.04492721093461823
0.05 0 0.4 0.017105836062336597
0.05 0 0.41000000000000003 0.008923742188652793
0.05 0 0.42 0.01910210213432469
0.05 0 0.43 0.017293211401074964
0.05 0 0.44 0.010732180513720543
0.05 0 0.45 0.0073908922511615556
0.05 0 0.46 0.005559462184225559
0.05 0 0.47000000000000003 0.0010612514855475803
0.05 0 0.48 0.0009443124629577095
0.05 0 0.49 0.002614615791382339
0.05 0 0.5 0.004733509847333031
0.06 0 0.0 0.05724869769610741
0.06 0 0.01 0.2752653722164835
0.06 0 0.02 0.19220445882618778
0.06 0 0.03 0.03991328388890496
0.06 0 0.04 0.0549727985761152
0.06 0 0.05 0.3115128594066161
0.06 0 0.06 0.937593990330502
0.06 0 0.07 1.3711803293055673
0.06 0 0.08 1.0684436606389687
0.06 0 0.09 3.3171337982102616
0.06 0 0.1 2.949245043044219
0.06 0 0.11 0.7113077134658659
0.06 0 0.12 0.09663840236333851
0.06 0 0.13 0.07281355588871524
0.06 0 0.14 0.04948112884387921
0.06 0 0.15 0.009769736445388845
0.06 0 0.16 0.029857686148531824
0.06 0 0.17 0.05617298397678749
0.06 0 0.18 0.01832275927815409
0.06 0 0.19 0.006774770906855579
0.06 0 0.2 0.024448399125420538
0.06 0 0.21 0.009296514593728818
0.06 0 0.22 0.008138879684714837
0.06 0 0.23 0.01101486295259281
0.06 0 0.24 0.01673686054235494
0.06 0 0.25 0.004729096187877446
0.06 0 0.26 0.00622584718814991
0.06 0 0.27 0.0024174227096843155
0.06 0 0.28 0.0036732594141748584
0.06 0 0.29 0.01722199924715195
0.06 0 0.3 0.01533890335562364
0.06 0 0.31 0.010364377870070426
0.06 0 0.32 0.06462348835878826
0.06 0 0.33 0.040959890608971365
0.06 0 0.34 0.06222451829700837
0.06 0 0.35000000000000003 0.2110205214190467
0.06 0 0.36 0.41437505817709064
0.06 0 0.37 0.04056956011846078
0.06 0 0.38 0.04526671591942214
0.06 0 0.39 0.033327084964576065
0.06 0 0.4 0.042275104045067825
0.06 0 0.41000000000000003 0.027135150199464768
0.06 0 0.42 0.01090163573939317
0.06 0 0.43 0.0011087634762517824
0.06 0 0.44 0.0017732529110653448
0.06 0 0.45 0.0011389451015172602
0.06 0 0.46 0.0006590247249641605
0.06 0 0.47000000000000003 0.0010298828615394463
0.06 0 0.48 0.002055543710586745
0.06 0 0.49 0.0009320386395933631
0.06 0 0.5 0.0013221135471013362
0.07 0 0.0 0.08054247012405566
0.07 0 0.01 0.03775331301043914
0.07 0 0.02 0.0520564537673048
0.07 0 0.03 0.3125120628949812
0.07 0 0.04 0.17536780712485514
0.07 0 0.05 0.10329952335282985
0.07 0 0.06 0.11801547399960759
0.07 0 0.07 0.19554067192668384
0.07 0 0.08 0.14394754861981948
0.07 0 0.09 0.03976007482598557
0.07 0 0.1 0.030048822607404546
0.07 0 0.11 0.05511076017347652
0.07 0 0.12 0.07237334024642371
0.07 0 0.13 0.063916681601285
0.07 0 0.14 0.1201698301670769
0.07 0 0.15 0.14477638652905467
0.07 0 0.16 0.06451949622825459
0.07 0 0.17 0.05119938188942534
0.07 0 0.18 0.09392472433223335
0.07 0 0.19 0.08196168835079719
0.07 0 0.2 0.04485157640488809
0.07 0 0.21 0.062292684515634536
0.07 0 0.22 0.039880724439625856
0.07 0 0.23 0.05987644893947721
0.07 0 0.24 0.04318364716583184
0.07 0 0.25 0.013779512112097709
0.07 0 0.26 0.018113122569353695
0.07 0 0.27 0.022213153716026536
0.07 0 0.28 0.03469256863062649
0.07 0 0.29 0.031163215741823444
0.07 0 0.3 0.025936135909799315
0.07 0 0.31 0.0091166781953699
0.07 0 0.32 0.018932371901922346
0.07 0 0.33 0.025121438584630913
0.07 0 0.34 0.006886539344936433
0.07 0 0.35000000000000003 0.0026185242347126687
0.07 0 0.36 0.00949291095182016
0.07 0 0.37 0.01812599466191573
0.07 0 0.38 0.0398077307273707
0.07 0 0.39 0.03131399106609165
0.07 0 0.4 0.02363033850777099
0.07 0 0.41000000000000003 0.03977726773222485
0.07 0 0.42 0.03334013167999679
0.07 0 0.43 0.0034227011813292674
0.07 0 0.44 0.0021402255131703664
0.07 0 0.45 0.002296067934476848
0.07 0 0.46 0.003113850059548031
0.07 0 0.47000000000000003 0.0018366874160679755
0.07 0 0.48 0.0033326549425846254
0.07 0 0.49 0.003914378140764784
0.07 0 0.5 0.009719714922724703
0.08 0 0.0 0.03881027385432044
0.08 0 0.01 0.05316716185234847
0.08 0 0.02 0.052792196263272195
0.08 0 0.03 0.05294984174741421
0.08 0 0.04 0.2941889611198556
0.08 0 0.05 0.39959408655956014
0.08 0 0.06 0.043317077943568455
0.08 0 0.07 0.04115335662992947
0.08 0 0.08 0.12421914804149882
0.08 0 0.09 0.2982458143385627
0.08 0 0.1 0.10147176665703111
0.08 0 0.11 0.06728502434547995
0.08 0 0.12 0.11309781533964386
0.08 0 0.13 1.1768838108694826
0.08 0 0.14 0.5007237907414419
0.08 0 0.15 0.47108396632964955
0.08 0 0.16 0.4736855836475082
0.08 0 0.17 0.303746958054368
0.08 0 0.18 0.028437130464829877
0.08 0 0.19 0.008755730559636498
0.08 0 0.2 0.005577772859946528
0.08 0 0.21 0.0022163309397476693
0.08 0 0.22 0.0006933365256137921
0.08 0 0.23 0.0007988456355583546
0.08 0 0.24 0.001000408007868216
0.08 0 0.25 0.0030945313185571813
0.08 0 0.26 0.003765567245175623
0.08 0 0.27 0.014297495568904283
0.08 0 0.28 0.027073846034095763
0.08 0 0.29 0.014028335862202332
0.08 0 0.3 0.0018842096074342695
0.08 0 0.31 0.00184973925369742
0.08 0 0.32 0.005170591478495652
0.08 0 0.33 0.015692355842345282
0.08 0 0.34 0.009318084742322728
0.08 0 0.35000000000000003 0.026398940130534693
0.08 0 0.36 0.11620514122295914
0.08 0 0.37 0.4728206437241267
0.08 0 0.38 0.775758438553287
0.08 0 0.39 0.203518353511369
0.08 0 0.4 0.039441556564954995
0.08 0 0.41000000000000003 0.02247045583929862
0.08 0 0.42 0.011843390595555097
0.08 0 0.43 0.006466015652249367
0.08 0 0.44 0.0072712862908180294
0.08 0 0.45 0.00860925544041393
0.08 0 0.46 0.006319447855061942
0.08 0 0.47000000000000003 0.012615274492982833
0.08 0 0.48 0.005399180345790384
0.08 0 0.49 0.0009345567076133638
0.08 0 0.5 0.002398329701418875
0.09 0 0.0 0.0006158234635858635
0.09 0 0.01 0.0009668820201009309
0.09 0 0.02 0.013531147209130082
0.09 0 0.03 0.030820403539951517
0.09 0 0.04 0.011094491337223763
0.09 0 0.05 0.027040700326973192
0.09 0 0.06 0.0352678722435814
0.09 0 0.07 0.11744680419007401
0.09 0 0.08 0.12429192371848517
0.09 0 0.09 0.10279343560130508
0.09 0 0.1 0.29173680019714876
0.09 0 0.11 1.853470443595421
0.09 0 0.12 1.615072195422745
0.09 0 0.13 2.2125860622898776
0.09 0 0.14 6.184640681965783
0.09 0 0.15 2.8398914794677927
0.09 0 0.16 0.4500296039956739
0.09 0 0.17 1.3127447881746304
0.09 0 0.18 0.8439980346189616
0.09 0 0.19 0.519117913062116
0.09 0 0.2 0.17421613868480712
0.09 0 0.21 0.11249547855768618
0.09 0 0.22 0.028724254760202475
0.09 0 0.23 0.053518724370932004
0.09 0 0.24 0.09908580182159403
0.09 0 0.25 0.27428228937388954
0.09 0 0.26 0.1225492313659983
0.09 0 0.27 0.1314359491404009
0.09 0 0.28 0.0372342299545259
0.09 0 0.29 0.03498973817360726
0.09 0 0.3 0.018078836787248264
0.09 0 0.31 0.0090047907464855
0.09 0 0.32 0.012781364597978715
0.09 0 0.33 0.09527715147637736
0.09 0 0.34 0.05800028021097355
0.09 0 0.35000000000000003 0.027888365863194323
0.09 0 0.36 0.0347920153177398
0.09 0 0.37 0.1346484207903451
0.09 0 0.38 0.04327257760948556
0.09 0 0.39 0.06071201497131839
0.09 0 0.4 0.05067787256701971
0.09 0 0.41000000000000003 0.045583950991821776
0.09 0 0.42 0.03164660136832732
0.09 0 0.43 0.012949961754650534
0.09 0 0.44 0.002395137146530486
0.09 0 0.45 0.0039017429010453405
0.09 0 0.46 0.006945946985422713
0.09 0 0.47000000000000003 0.004998003767844468
0.09 0 0.48 0.008180013548780344
0.09 0 0.49 0.006909687496829025
0.09 0 0.5 0.003782940055496692
0.1 0 0.0 0.04116506239781337
0.1 0 0.01 0.018269882830757728
0.1 0 0.02 0.005582204635230204
0.1 0 0.03 0.0016073280052008474
0.1 0 0.04 0.0017728963980792496
0.1 0 0.05 0.001132342709879211
0.1 0 0.06 0.0017651041736828717
0.1 0 0.07 0.0077782107875663305
0.1 0 0.08 0.053481056579982485
0.1 0 0.09 0.06072821073926796
0.1 0 0.1 0.06604006280609516
0.1 0 0.11 0.3506677318148023
0.1 0 0.12 0.5702592863333029
0.1 0 0.13 0.7035382695214056
0.1 0 0.14 1.3214672621621564
0.1 0 0.15 3.6069058220925183
0.1 0 0.16 9.033216243939924
0.1 0 0.17 4.178631431207984
0.1 0 0.18 0.5728391458981935
0.1 0 0.19 2.028271265881544
0.1 0 0.2 7.311743359298935
0.1 0 0.21 2.652891212723256
0.1 0 0.22 1.359317876587024
0.1 0 0.23 2.1924556741102705
0.1 0 0.24 1.0106480459318983
0.1 0 0.25 0.2831487557554681
0.1 0 0.26 0.07678406247572936
0.1 0 0.27 0.023417342972723455
0.1 0 0.28 0.030321970134469172
0.1 0 0.29 0.15785817748135303
0.1 0 0.3 0.04541400260711726
0.1 0 0.31 0.0764615608873222
0.1 0 0.32 0.1799808031980942
0.1 0 0.33 0.13929704754664235
0.1 0 0.34 0.10576228247769542
0.1 0 0.35000000000000003 0.2808582544607822
0.1 0 0.36 0.28514667158334206
0.1 0 0.37 0.5737820437462112
0.1 0 0.38 1.5331296747410283
0.1 0 0.39 1.0170677670831012
0.1 0 0.4 0.2800960660567192
0.1 0 0.41000000000000003 0.2412597454345068
0.1 0 0.42 0.14300927510623093
0.1 0 0.43 0.12499328818166479
0.1 0 0.44 0.23400150534950892
0.1 0 0.45 0.21944006371419195
0.1 0 0.46 0.03786376125108173
0.1 0 0.47000000000000003 0.03111649696453118
0.1 0 0.48 0.012205569036245622
0.1 0 0.49 0.007829319282536152
0.1 0 0.5 0.0072077065824457665
0.11 0 0.0 0.4286613032072894
0.11 0 0.01 0.045663975384943815
0.11 0 0.02 0.10298307632524387
0.11 0 0.03 0.03742971697817054
0.11 0 0.04 0.005335857023153182
0.11 0 0.05 0.018829945795487902
0.11 0 0.06 0.06717795296066466
0.11 0 0.07 0.012846811163066244
0.11 0 0.08 0.054092490606865246
0.11 0 0.09 0.1928895865793751
0.11 0 0.1 0.3790366901474999
0.11 0 0.11 1.4120282566433648
0.11 0 0.12 3.3173627257007228
0.11 0 0.13 0.6024575819078697
0.11 0 0.14 1.3809042171599206
0.11 0 0.15 1.413988693931978
0.11 0 0.16 1.3856476538420168
0.11 0 0.17 4.919411448673984
0.11 0 0.18 35.92002420466329
0.11 0 0.19 11.993975086643838
0.11 0 0.2 34.24940439175997
0.11 0 0.21 96.23008202672267
0.11 0 0.22 9.852895918450283
0.11 0 0.23 1.330682317989415
0.11 0 0.24 1.0509213363932148
0.11 0 0.25 0.356310044602724
0.11 0 0.26 0.18130790907712765
0.11 0 0.27 0.03876281263830211
0.11 0 0.28 0.011938006316391123
0.11 0 0.29 0.006044378430231139
0.11 0 0.3 0.010557427621975875
0.11 0 0.31 0.00783245337352466
0.11 0 0.32 0.011301748736242722
0.11 0 0.33 0.03084299906784846
0.11 0 0.34 0.0472826490722515
0.11 0 0.35000000000000003 0.04152391878128348
0.11 0 0.36 0.10706998327053978
0.11 0 0.37 0.2552082837428304
0.11 0 0.38 0.09686426420628295
0.11 0 0.39 0.04031415217115231
0.11 0 0.4 0.05685452978324731
0.11 0 0.41000000000000003 0.28545639232424574
0.11 0 0.42 0.2374038671073252
0.11 0 0.43 0.22269545835041593
0.11 0 0.44 0.07393571764863896
0.11 0 0.45 0.031167809498666058
0.11 0 0.46 0.03758439809016068
0.11 0 0.47000000000000003 0.04585993129399506
0.11 0 0.48 0.031183596420997634
0.11 0 0.49 0.04134144246890001
0.11 0 0.5 0.027920920711073747
0.12 0 0.0 0.772007013229793
0.12 0 0.01 0.16734515183170737
0.12 0 0.02 0.12828861370853573
0.12 0 0.03 0.25047588064034243
0.12 0 0.04 0.6146618490629107
0.12 0 0.05 0.24534273708873394
0.12 0 0.06 0.7343190746511444
0.12 0 0.07 3.655157060425807
0.12 0 0.08 10.075770651265547
0.12 0 0.09 0.706926219978344
0.12 0 0.1 0.31256910043914343
0.12 0 0.11 1.0501421096735688
0.12 0 0.12 6.064325755235972
0.12 0 0.13 2.6979416887165004
0.12 0 0.14 2.4955732539467936
0.12 0 0.15 1.96005714648903
0.12 0 0.16 1.6240212764347615
0.12 0 0.17 2.24375661598645
0.12 0 0.18 5.880970213021923
0.12 0 0.19 0.962882381744196
0.12 0 0.2 0.5975072709820011
0.12 0 0.21 0.11406175004783906
0.12 0 0.22 0.13405748588287275
0.12 0 0.23 0.2240193301638027
0.12 0 0.24 0.12446731340520528
0.12 0 0.25 0.01655546269746571
0.12 0 0.26 0.06671863215748827
0.12 0 0.27 0.1106787057747428
0.12 0 0.28 0.018591817261091995
0.12 0 0.29 0.003952373221695088
0.12 0 0.3 0.005017388485714809
0.12 0 0.31 0.002506383637806029
0.12 0 0.32 0.0018066667211770894
0.12 0 0.33 0.0006821320454606054
0.12 0 0.34 0.0002677938549737736
0.12 0 0.35000000000000003 0.002064081334243521
0.12 0 0.36 0.015896698106507446
0.12 0 0.37 0.01737829378751588
0.12 0 0.38 0.07686328880159997
0.12 0 0.39 0.10217593197234771
0.12 0 0.4 0.06184518106292377
0.12 0 0.41000000000000003 0.07588683478185368
0.12 0 0.42 0.13070305557964035
0.12 0 0.43 0.03560303110882882
0.12 0 0.44 0.028673329110843436
0.12 0 0.45 0.06022852486818622
0.12 0 0.46 0.07199698792971289
0.12 0 0.47000000000000003 0.08917291234380816
0.12 0 0.48 0.01971120938562927
0.12 0 0.49 0.0037947345988745295
0.12 0 0.5 0.001418985844712482
0.13 0 0.0 0.938134166362006
0.13 0 0.01 0.10362924165098063
0.13 0 0.02 0.09943544449631897
0.13 0 0.03 0.13421095266638544
0.13 0 0.04 0.042907082058256316
0.13 0 0.05 0.02145493475915343
0.13 0 0.06 0.019485041246010273
0.13 0 0.07 0.04703315638790786
0.13 0 0.08 0.4676300087833963
0.13 0 0.09 2.31189553045399
0.13 0 0.1 0.9688554143449349
0.13 0 0.11 1.0778938881765436
0.13 0 0.12 11.833915702409092
0.13 0 0.13 5.850309044076174
0.13 0 0.14 2.1982517278416718
0.13 0 0.15 2.414247247202223
0.13 0 0.16 4.845200626147258
0.13 0 0.17 10.10147705787589
0.13 0 0.18 8.932458932726462
0.13 0 0.19 1.077622489536711
0.13 0 0.2 0.7612473107799592
0.13 0 0.21 2.4237067947337594
0.13 0 0.22 1.3533840883860215
0.13 0 0.23 0.310706579981656
0.13 0 0.24 0.3749991911176426
0.13 0 0.25 0.13394229353392123
0.13 0 0.26 0.04249956313572974
0.13 0 0.27 0.03418904019697636
0.13 0 0.28 0.007487200782065794
0.13 0 0.29 0.0013530315332352322
0.13 0 0.3 0.002355683244431398
0.13 0 0.31 0.0009163173858897797
0.13 0 0.32 0.001969573661072525
0.13 0 0.33 0.003393450080354161
0.13 0 0.34 0.002882171233454182
0.13 0 0.35000000000000003 0.001382775107004059
0.13 0 0.36 0.0033159998896457174
0.13 0 0.37 0.002104578450762692
0.13 0 0.38 0.0022479394040908944
0.13 0 0.39 0.01238722476136834
0.13 0 0.4 0.03255624385174492
0.13 0 0.41000000000000003 0.06776813784353614
0.13 0 0.42 0.16567809334368291
0.13 0 0.43 0.11031366079801785
0.13 0 0.44 0.035357831057743656
0.13 0 0.45 0.02823429746542721
0.13 0 0.46 0.00846118534367376
0.13 0 0.47000000000000003 0.003880697903218939
0.13 0 0.48 0.0030789011941212995
0.13 0 0.49 0.0007432562408016058
0.13 0 0.5 0.001054387048541506
0.14 0 0.0 0.14861740771783014
0.14 0 0.01 0.0375684653889898
0.14 0 0.02 0.02953629964323639
0.14 0 0.03 0.12043393136494085
0.14 0 0.04 0.13687716402229166
0.14 0 0.05 0.118400707894721
0.14 0 0.06 0.13152758486861485
0.14 0 0.07 0.46237523178274287
0.14 0 0.08 0.6054797677200252
0.14 0 0.09 0.8026754648086462
0.14 0 0.1 0.810337643434151
0.14 0 0.11 3.404227177734339
0.14 0 0.12 2.081076526090658
0.14 0 0.13 1.2941255086489745
0.14 0 0.14 1.3272059536640957
0.14 0 0.15 4.485885385740812
0.14 0 0.16 4.360080804927805
0.14 0 0.17 3.94461622160549
0.14 0 0.18 3.0473261169959804
0.14 0 0.19 3.5370265052104704
0.14 0 0.2 2.5151973145470405
0.14 0 0.21 6.225628390133486
0.14 0 0.22 10.686446417035697
0.14 0 0.23 2.817233367516034
0.14 0 0.24 0.9481055990321592
0.14 0 0.25 0.34254634968505926
0.14 0 0.26 0.5930496597445664
0.14 0 0.27 0.6698120504592135
0.14 0 0.28 0.28623238759516534
0.14 0 0.29 0.2567324474499538
0.14 0 0.3 0.37356631283941366
0.14 0 0.31 0.11622698948055948
0.14 0 0.32 0.0074837080455213536
0.14 0 0.33 0.0032842534219902674
0.14 0 0.34 0.005492759093269634
0.14 0 0.35000000000000003 0.004802000748472698
0.14 0 0.36 0.0023836145900575875
0.14 0 0.37 0.00165563944820151
0.14 0 0.38 0.0074661200902127805
0.14 0 0.39 0.021359602945104646
0.14 0 0.4 0.014842551860813609
0.14 0 0.41000000000000003 0.015779454619367334
0.14 0 0.42 0.23431958454314633
0.14 0 0.43 0.1193512845292709
0.14 0 0.44 0.05066765185348642
0.14 0 0.45 0.011313300225039392
0.14 0 0.46 0.008530490005024018
0.14 0 0.47000000000000003 0.010019250261967032
0.14 0 0.48 0.023384910493716604
0.14 0 0.49 0.0031653177310126505
0.14 0 0.5 0.0012141467078846065
0.15 0 0.0 0.008358405685119592
0.15 0 0.01 0.027807072678867145
0.15 0 0.02 0.06781427434519295
0.15 0 0.03 0.07153618782221718
0.15 0 0.04 0.024287473672602287
0.15 0 0.05 0.1637116297830492
0.15 0 0.06 0.10763463031934987
0.15 0 0.07 0.07244962294979257
0.15 0 0.08 0.12582468497594126
0.15 0 0.09 0.21879182207549663
0.15 0 0.1 0.07592234410480966
0.15 0 0.11 0.35707175642680133
0.15 0 0.12 0.4412589768240279
0.15 0 0.13 0.19500210946474505
0.15 0 0.14 0.1682503079637301
0.15 0 0.15 0.5942600391656297
0.15 0 0.16 0.9593659008599092
0.15 0 0.17 1.2632819779023705
0.15 0 0.18 0.7649378215441711
0.15 0 0.19 0.22562520478348042
0.15 0 0.2 0.11278534302492833
0.15 0 0.21 0.16109670776088314
0.15 0 0.22 0.03842821756718352
0.15 0 0.23 0.18238903931962466
0.15 0 0.24 1.0291139037087327
0.15 0 0.25 0.9201854722556224
0.15 0 0.26 0.16987344304547183
0.15 0 0.27 0.2295478940744222
0.15 0 0.28 0.25701461741464554
0.15 0 0.29 0.22677700116851351
0.15 0 0.3 0.3958680487092182
0.15 0 0.31 0.18946231198990773
0.15 0 0.32 0.038767956843206046
0.15 0 0.33 0.03563335205395388
0.15 0 0.34 0.06384464609096104
0.15 0 0.35000000000000003 0.02173696403598192
0.15 0 0.36 0.031710148623961446
0.15 0 0.37 0.008928244796356134
0.15 0 0.38 0.008447614490988862
0.15 0 0.39 0.044792684711386054
0.15 0 0.4 0.053659635904575606
0.15 0 0.41000000000000003 0.0035859667478163404
0.15 0 0.42 0.0033911715088148016
0.15 0 0.43 0.011226217059065853
0.15 0 0.44 0.005043117223752058
0.15 0 0.45 0.0039829908807381175
0.15 0 0.46 0.010617909765752706
0.15 0 0.47000000000000003 0.007177499142121948
0.15 0 0.48 0.007285028363812015
0.15 0 0.49 0.0021494486499750356
0.15 0 0.5 0.00037067921351393473
0.16 0 0.0 0.06440110910140075
0.16 0 0.01 0.031206283424676753
0.16 0 0.02 0.02226557263341282
0.16 0 0.03 0.0287204913935432
0.16 0 0.04 0.034303027274411396
0.16 0 0.05 0.08223903795809936
0.16 0 0.06 0.26347106687083743
0.16 0 0.07 0.24052364630586565
0.16 0 0.08 0.09153727460596958
0.16 0 0.09 0.06165931867492055
0.16 0 0.1 0.09485418212547209
0.16 0 0.11 0.08571575786399831
0.16 0 0.12 0.04314285805039395
0.16 0 0.13 0.13577973110067443
0.16 0 0.14 0.2978924274052947
0.16 0 0.15 0.5418279900242173
0.16 0 0.16 0.16509953581670042
0.16 0 0.17 0.1405938530800215
0.16 0 0.18 0.04476577120028747
0.16 0 0.19 0.03585665348371881
0.16 0 0.2 0.05035362119167281
0.16 0 0.21 0.050988081609728626
0.16 0 0.22 0.03989585284168056
0.16 0 0.23 0.02442907375159028
0.16 0 0.24 0.0069470820325342846
0.16 0 0.25 0.016660181044213778
0.16 0 0.26 0.12570611258199202
0.16 0 0.27 0.10258320186449316
0.16 0 0.28 0.05637317765661206
0.16 0 0.29 0.08615275365796592
0.16 0 0.3 0.0729927176108074
0.16 0 0.31 0.026826826222279606
0.16 0 0.32 0.014131178363921946
0.16 0 0.33 0.010152042798088895
0.16 0 0.34 0.0028930430177722196
0.16 0 0.35000000000000003 0.007106161855834568
0.16 0 0.36 0.005978911741509782
0.16 0 0.37 0.006655969294525775
0.16 0 0.38 0.006269588324583931
0.16 0 0.39 0.003050426860230527
0.16 0 0.4 0.0007883378648025843
0.16 0 0.41000000000000003 0.0010588116704452796
0.16 0 0.42 0.001719054227943594
0.16 0 0.43 0.0006693053811367746
0.16 0 0.44 0.0011402129117785691
0.16 0 0.45 0.0032542865859592146
0.16 0 0.46 0.0022593522661807633
0.16 0 0.47000000000000003 0.0003334140523996248
0.16 0 0.48 0.0005362252204581604
0.16 0 0.49 0.0007781270099011997
0.16 0 0.5 0.00295532029629088
0.17 0 0.0 0.039987328179688766
0.17 0 0.01 0.06167335320296879
0.17 0 0.02 0.18113512464100165
0.17 0 0.03 0.1462974377065791
0.17 0 0.04 0.06700841907403854
0.17 0 0.05 0.05579076874541993
0.17 0 0.06 0.034027907536481904
0.17 0 0.07 0.00998612993563246
0.17 0 0.08 0.027113662655485916
0.17 0 0.09 0.18210032611035623
0.17 0 0.1 0.08073233530242849
0.17 0 0.11 0.10410319806831574
0.17 0 0.12 1.734611314140186
0.17 0 0.13 1.881094657666716
0.17 0 0.14 1.3760418971835096
0.17 0 0.15 1.1721489128309186
0.17 0 0.16 0.6084408777731414
0.17 0 0.17 0.6281313248344728
0.17 0 0.18 1.4052463228156955
0.17 0 0.19 0.34245362366704746
0.17 0 0.2 0.14627062888199957
0.17 0 0.21 0.3930186963134508
0.17 0 0.22 0.35076949860132955
0.17 0 0.23 0.11835549470685884
0.17 0 0.24 0.06946689065369221
0.17 0 0.25 0.11186550273760705
0.17 0 0.26 0.18053336100116185
0.17 0 0.27 1.980907075150428
0.17 0 0.28 0.30148600568846123
0.17 0 0.29 0.0354879449310529
0.17 0 0.3 0.02282245339292588
0.17 0 0.31 0.07441315744369074
0.17 0 0.32 0.033857686607383135
0.17 0 0.33 0.0102414023252372
0.17 0 0.34 0.004632219029970098
0.17 0 0.35000000000000003 0.004524932001971756
0.17 0 0.36 0.002961020782399479
0.17 0 0.37 0.0016858955459402565
0.17 0 0.38 0.0012600248684280966
0.17 0 0.39 0.00493998657850362
0.17 0 0.4 0.011096743597520555
0.17 0 0.41000000000000003 0.006311511868029361
0.17 0 0.42 0.002145028022590583
0.17 0 0.43 0.0031605831576131966
0.17 0 0.44 0.0016123982354306282
0.17 0 0.45 0.004373623099962632
0.17 0 0.46 0.008129490973855272
0.17 0 0.47000000000000003 0.019914836167606694
0.17 0 0.48 0.007393188671005291
0.17 0 0.49 0.017127948878565235
0.17 0 0.5 0.022823165438414228
0.18 0 0.0 0.04155122500157003
0.18 0 0.01 0.05082844037276662
0.18 0 0.02 0.10187927928176224
0.18 0 0.03 0.05546659867891285
0.18 0 0.04 0.07551216365399648
0.18 0 0.05 0.047880323933357095
0.18 0 0.06 0.17418542068842466
0.18 0 0.07 0.1761105412861399
0.18 0 0.08 0.1727005107622775
0.18 0 0.09 0.07009008572594608
0.18 0 0.1 0.05680260218103488
0.18 0 0.11 0.016102868640801935
0.18 0 0.12 0.022663434087297187
0.18 0 0.13 0.09865263368803488
0.18 0 0.14 0.21355451695296895
0.18 0 0.15 0.04492711715924153
0.18 0 0.16 0.02259167756855865
0.18 0 0.17 0.09572219935549092
0.18 0 0.18 0.17210325701103574
0.18 0 0.19 0.11968813253873495
0.18 0 0.2 0.047255958833505494
0.18 0 0.21 0.13062531358647037
0.18 0 0.22 0.22882905174594462
0.18 0 0.23 0.3110668030983411
0.18 0 0.24 0.6042945388396075
0.18 0 0.25 1.18456785624734
0.18 0 0.26 4.846566457484962
0.18 0 0.27 4.652471880002235
0.18 0 0.28 2.0198523497925294
0.18 0 0.29 2.89170649105852
0.18 0 0.3 3.0421139397131145
0.18 0 0.31 1.196074816585258
0.18 0 0.32 0.8188784488786292
0.18 0 0.33 1.3053418234786691
0.18 0 0.34 0.5330432642692069
0.18 0 0.35000000000000003 1.04430094758502
0.18 0 0.36 1.153637724109323
0.18 0 0.37 0.3982573542996319
0.18 0 0.38 0.03751552129161811
0.18 0 0.39 0.09588213326476668
0.18 0 0.4 0.052423412009650026
0.18 0 0.41000000000000003 0.039735979274265996
0.18 0 0.42 0.004900822434305943
0.18 0 0.43 0.0014539434009145174
0.18 0 0.44 0.002746894074277617
0.18 0 0.45 0.02274982056702173
0.18 0 0.46 0.013982664613096949
0.18 0 0.47000000000000003 0.02280798656669457
0.18 0 0.48 0.11570602477656042
0.18 0 0.49 0.30205124764386987
0.18 0 0.5 0.11988931495866248
0.19 0 0.0 0.17805824884604546
0.19 0 0.01 0.0824157110043764
0.19 0 0.02 0.055201879492473675
0.19 0 0.03 0.08759821841970059
0.19 0 0.04 0.15448582329523108
0.19 0 0.05 0.13632057123070587
0.19 0 0.06 0.0978564158027341
0.19 0 0.07 0.054628773577742554
0.19 0 0.08 0.08809855681170159
0.19 0 0.09 0.24676490125963818
0.19 0 0.1 0.15997031336506817
0.19 0 0.11 0.0567536207191856
0.19 0 0.12 0.029546125991711424
0.19 0 0.13 0.019617196806089216
0.19 0 0.14 0.01592197475447977
0.19 0 0.15 0.03326617338854338
0.19 0 0.16 0.11061642429021076
0.19 0 0.17 0.03679835951845982
0.19 0 0.18 0.06866273894588355
0.19 0 0.19 0.06914466176122185
0.19 0 0.2 0.1685515048340041
0.19 0 0.21 0.43826822620366934
0.19 0 0.22 0.9064932111845079
0.19 0 0.23 0.4985910748146767
0.19 0 0.24 0.816988537401605
0.19 0 0.25 2.2102867504872012
0.19 0 0.26 3.934600255987884
0.19 0 0.27 4.701388338392739
0.19 0 0.28 3.691509076350257
0.19 0 0.29 4.708768730658675
0.19 0 0.3 15.591653211347351
0.19 0 0.31 32.44926063941601
0.19 0 0.32 6.286390606651285
0.19 0 0.33 4.902491074560466
0.19 0 0.34 4.946863299726966
0.19 0 0.35000000000000003 1.9572234871997118
0.19 0 0.36 1.4593848057299788
0.19 0 0.37 0.8989727070045955
0.19 0 0.38 0.7664028837634709
0.19 0 0.39 0.3265577449162786
0.19 0 0.4 0.03761112072357061
0.19 0 0.41000000000000003 0.0030899848800496296
0.19 0 0.42 0.002873880404889598
0.19 0 0.43 0.006815145026822009
0.19 0 0.44 0.008556930377813946
0.19 0 0.45 0.01711186575850725
0.19 0 0.46 0.018573447944253006
0.19 0 0.47000000000000003 0.036586951394972624
0.19 0 0.48 0.187134032896005
0.19 0 0.49 0.9414102590538079
0.19 0 0.5 0.15659971108621967
0.2 0 0.0 0.3828982827262142
0.2 0 0.01 0.9347985486087083
0.2 0 0.02 0.6616090467826512
0.2 0 0.03 0.15803133298229327
0.2 0 0.04 0.04631070221240989
0.2 0 0.05 0.24700918363138363
0.2 0 0.06 0.8458750800453972
0.2 0 0.07 0.2565436256266984
0.2 0 0.08 0.1360948199488155
0.2 0 0.09 0.2512427694178592
0.2 0 0.1 1.7885979541954495
0.2 0 0.11 0.7313172457776693
0.2 0 0.12 0.29088269259831206
0.2 0 0.13 0.1050417192483623
0.2 0 0.14 0.041192317001346776
0.2 0 0.15 0.007362151450916844
0.2 0 0.16 0.004304038230836332
0.2 0 0.17 0.00723006273931984
0.2 0 0.18 0.019142233995587385
0.2 0 0.19 0.04412983638855488
0.2 0 0.2 0.10513152689981098
0.2 0 0.21 0.10511620323042466
0.2 0 0.22 0.13206785380954414
0.2 0 0.23 0.14835685713383856
0.2 0 0.24 0.38131983773481326
0.2 0 0.25 1.3017718670052103
0.2 0 0.26 1.044894156916246
0.2 0 0.27 0.18306410022002748
0.2 0 0.28 0.9113292832968122
0.2 0 0.29 1.969709166041953
0.2 0 0.3 3.3615568554645994
0.2 0 0.31 0.8653255875823876
0.2 0 0.32 1.8073752078606125
0.2 0 0.33 2.616734150420976
0.2 0 0.34 11.957480194888976
0.2 0 0.35000000000000003 19.15344230434785
0.2 0 0.36 18.138684034791563
0.2 0 0.37 4.774100847613663
0.2 0 0.38 2.0428302524468225
0.2 0 0.39 0.86701877673915
0.2 0 0.4 0.7454250443132248
0.2 0 0.41000000000000003 0.3751326226075568
0.2 0 0.42 0.3073181606215049
0.2 0 0.43 0.44891004207799545
0.2 0 0.44 0.8982320932803041
0.2 0 0.45 0.3199082079959818
0.2 0 0.46 0.06065331219158751
0.2 0 0.47000000000000003 0.018243157734620243
0.2 0 0.48 0.05855598164226971
0.2 0 0.49 0.036219809907900025
0.2 0 0.5 0.01831722727463837
0.21 0 0.0 0.8242686530764256
0.21 0 0.01 0.21136494339252118
0.21 0 0.02 0.1007443809877005
0.21 0 0.03 0.040744837728958865
0.21 0 0.04 0.008433383628379138
0.21 0 0.05 0.015688659428037245
0.21 0 0.06 0.11282865017424924
0.21 0 0.07 0.20858768025698254
0.21 0 0.08 0.1956984093433976
0.21 0 0.09 0.4617725561929519
0.21 0 0.1 0.38679320296824676
0.21 0 0.11 1.1148819539509605
0.21 0 0.12 1.0056189244245974
0.21 0 0.13 0.204962215282145
0.21 0 0.14 0.3852400237985118
0.21 0 0.15 2.077171959660271
0.21 0 0.16 0.5901621773925096
0.21 0 0.17 0.13776336752254084
0.21 0 0.18 0.2145690308239509
0.21 0 0.19 0.1316889258581704
0.21 0 0.2 0.10177962204527646
0.21 0 0.21 0.03366045290549575
0.21 0 0.22 0.0460924497585863
0.21 0 0.23 0.041692339996890544
0.21 0 0.24 0.24715661649904366
0.21 0 0.25 0.18444074381099523
0.21 0 0.26 0.1396882868421709
0.21 0 0.27 0.11774584630467762
0.21 0 0.28 0.11432144847899675
0.21 0 0.29 0.19932616019630273
0.21 0 0.3 2.523066825833492
0.21 0 0.31 6.576106911072846
0.21 0 0.32 4.179242618872506
0.21 0 0.33 2.170251878995558
0.21 0 0.34 2.8435252663672452
0.21 0 0.35000000000000003 0.891877043509072
0.21 0 0.36 1.446756573233488
0.21 0 0.37 2.3006377220138177
0.21 0 0.38 1.2519529324500094
0.21 0 0.39 0.43911478070752025
0.21 0 0.4 3.237020284320805
0.21 0 0.41000000000000003 1.6193131990906198
0.21 0 0.42 0.6388269423887087
0.21 0 0.43 0.1259447241747522
0.21 0 0.44 0.056417754542213545
0.21 0 0.45 0.030142738881346793
0.21 0 0.46 0.047396851441377806
0.21 0 0.47000000000000003 0.007185602648817696
0.21 0 0.48 0.00559499857202477
0.21 0 0.49 0.04006676104684529
0.21 0 0.5 0.10254226166953585
0.22 0 0.0 0.00962485167815628
0.22 0 0.01 0.012703035325348869
0.22 0 0.02 0.0011879079552392137
0.22 0 0.03 0.0013219297654135324
0.22 0 0.04 0.001897382846673513
0.22 0 0.05 0.005024776304863218
0.22 0 0.06 0.00736457072219527
0.22 0 0.07 0.004372373211042541
0.22 0 0.08 0.0022792889333070393
0.22 0 0.09 0.01187379070871928
0.22 0 0.1 0.03240124973292328
0.22 0 0.11 0.042361929217484606
0.22 0 0.12 0.09367069306050763
0.22 0 0.13 0.1242503759567689
0.22 0 0.14 0.13893203392930698
0.22 0 0.15 0.1392933166283112
0.22 0 0.16 0.28048459214988203
0.22 0 0.17 0.22993915376485555
0.22 0 0.18 0.03778588924147898
0.22 0 0.19 0.01647500513638503
0.22 0 0.2 0.015854640700321863
0.22 0 0.21 0.024891698307915287
0.22 0 0.22 0.0072195867051271165
0.22 0 0.23 0.007425964665062503
0.22 0 0.24 0.007594275837566163
0.22 0 0.25 0.011376765971671294
0.22 0 0.26 0.09070422949189752
0.22 0 0.27 0.8574600361848022
0.22 0 0.28 1.7357654381733767
0.22 0 0.29 1.4616586432516998
0.22 0 0.3 0.3595773826085736
0.22 0 0.31 0.14096710971019955
0.22 0 0.32 0.5002073044602057
0.22 0 0.33 0.2698384119122003
0.22 0 0.34 0.06481471271903558
0.22 0 0.35000000000000003 0.06122956651023955
0.22 0 0.36 0.18359498764291202
0.22 0 0.37 0.09823073960964815
0.22 0 0.38 0.07039105551471081
0.22 0 0.39 0.06938158990595315
0.22 0 0.4 0.0477886345100519
0.22 0 0.41000000000000003 0.06412761214479544
0.22 0 0.42 0.05101839999682163
0.22 0 0.43 0.00776227517447076
0.22 0 0.44 0.004279432892297024
0.22 0 0.45 0.00530100476274654
0.22 0 0.46 0.0039016645012144298
0.22 0 0.47000000000000003 0.0017784570912431595
0.22 0 0.48 0.0034129362329028737
0.22 0 0.49 0.006089577387469609
0.22 0 0.5 0.011123264977415235
0.23 0 0.0 0.022166688124634647
0.23 0 0.01 0.002871116335046415
0.23 0 0.02 0.000991410909383318
0.23 0 0.03 0.0018309366260043038
0.23 0 0.04 0.0003656875897711012
0.23 0 0.05 9.084198961308362e-05
0.23 0 0.06 0.0003184503542141857
0.23 0 0.07 0.0002398891993647808
0.23 0 0.08 0.00013257578172266003
0.23 0 0.09 0.0011192417664630022
0.23 0 0.1 0.0015767415751500506
0.23 0 0.11 0.0024974763162967854
0.23 0 0.12 0.0038413896401960986
0.23 0 0.13 0.007413188791442027
0.23 0 0.14 0.003894992936381182
0.23 0 0.15 0.031130510772853174
0.23 0 0.16 0.007155092980844713
0.23 0 0.17 0.003515617784045226
0.23 0 0.18 0.03677746978329984
0.23 0 0.19 0.08264543360314279
0.23 0 0.2 0.006201589589347239
0.23 0 0.21 0.015655908364780452
0.23 0 0.22 0.04372143212268113
0.23 0 0.23 0.07973014286454748
0.23 0 0.24 0.10417809291142785
0.23 0 0.25 0.053755429057697084
0.23 0 0.26 0.012996752011811505
0.23 0 0.27 0.049772800696554514
0.23 0 0.28 0.1315020413170251
0.23 0 0.29 0.19594809065388621
0.23 0 0.3 0.4315164781679243
0.23 0 0.31 1.132019782633139
0.23 0 0.32 0.15939847415705832
0.23 0 0.33 0.18833029338840146
0.23 0 0.34 0.10315199536325491
0.23 0 0.35000000000000003 0.04777829495157167
0.23 0 0.36 0.02724536950942422
0.23 0 0.37 0.019979629775395275
0.23 0 0.38 0.004254012256235464
0.23 0 0.39 0.005168620091304972
0.23 0 0.4 0.023645732829770713
0.23 0 0.41000000000000003 0.04126693696696107
0.23 0 0.42 0.011452616427556458
0.23 0 0.43 0.004402600884803497
0.23 0 0.44 0.0027067076702778498
0.23 0 0.45 0.0018715389496781851
0.23 0 0.46 0.0017624945434274075
0.23 0 0.47000000000000003 0.001401921138815429
0.23 0 0.48 0.0005625703557002947
0.23 0 0.49 0.0005714338185738033
0.23 0 0.5 0.00048553606546319135
0.24 0 0.0 0.04724235988493383
0.24 0 0.01 0.044073739275459656
0.24 0 0.02 0.005385419134794865
0.24 0 0.03 0.0035481634281945276
0.24 0 0.04 0.006595995533936825
0.24 0 0.05 0.003974994514753042
0.24 0 0.06 0.00024015861447732568
0.24 0 0.07 0.00016797455184871233
0.24 0 0.08 0.00016007357144726564
0.24 0 0.09 0.0002479558233167616
0.24 0 0.1 0.00030063996602806565
0.24 0 0.11 0.0003144316384155898
0.24 0 0.12 0.0003316087414451891
0.24 0 0.13 0.00026071132690560817
0.24 0 0.14 0.0001239692068310867
0.24 0 0.15 0.0005093831254523412
0.24 0 0.16 0.0012718880986785515
0.24 0 0.17 0.0007238331494497317
0.24 0 0.18 0.0003284811243359034
0.24 0 0.19 0.0006145780691147803
0.24 0 0.2 0.0005316288482108087
0.24 0 0.21 0.00019085654141789074
0.24 0 0.22 2.259392935035911e-05
0.24 0 0.23 6.545390389228669e-05
0.24 0 0.24 0.00022711427630652166
0.24 0 0.25 0.00046580515200842073
0.24 0 0.26 0.00019990738149377695
0.24 0 0.27 0.003366508658579758
0.24 0 0.28 0.012323202091706774
0.24 0 0.29 0.014538396960568089
0.24 0 0.3 0.03141542630433842
0.24 0 0.31 0.10840866855068775
0.24 0 0.32 0.1288661994445655
0.24 0 0.33 0.3669827403909055
0.24 0 0.34 0.1370965521940799
0.24 0 0.35000000000000003 0.07282656811480856
0.24 0 0.36 0.07780753550958219
0.24 0 0.37 0.08287598337382393
0.24 0 0.38 0.036928422061677624
0.24 0 0.39 0.09169044904443556
0.24 0 0.4 0.03497488646314735
0.24 0 0.41000000000000003 0.012124764190965004
0.24 0 0.42 0.012733142584523731
0.24 0 0.43 0.022886529294057927
0.24 0 0.44 0.0061907853500824585
0.24 0 0.45 0.004718360090309425
0.24 0 0.46 0.0019108562641144673
0.24 0 0.47000000000000003 0.0008736203396589138
0.24 0 0.48 0.0019482323132797756
0.24 0 0.49 0.0018617982646146872
0.24 0 0.5 0.0005315636482229341
0.25 0 0.0 0.016553905759670647
0.25 0 0.01 0.00809355434493422
0.25 0 0.02 0.006946593878459631
0.25 0 0.03 0.0043366768136756505
0.25 0 0.04 0.004691494288645218
0.25 0 0.05 0.003603554964288653
0.25 0 0.06 0.01573496394022709
0.25 0 0.07 0.012706456269226857
0.25 0 0.08 0.0037782996140176576
0.25 0 0.09 0.0017405912544588185
0.25 0 0.1 0.0014407364112535178
0.25 0 0.11 0.0002801520952926236
0.25 0 0.12 0.0001910661687761082
0.25 0 0.13 0.0003552969055601885
0.25 0 0.14 0.0009678453279039896
0.25 0 0.15 0.0033005273328564583
0.25 0 0.16 0.0028076115283973205
0.25 0 0.17 0.0009461324391392526
0.25 0 0.18 0.0003514993899810566
0.25 0 0.19 0.00026778424934701046
0.25 0 0.2 0.00010663914591245593
0.25 0 0.21 9.080324397265762e-05
0.25 0 0.22 8.782190863260871e-05
0.25 0 0.23 1.4877044426214923e-05
0.25 0 0.24 1.9538225234856487e-05
0.25 0 0.25 4.59250390873048e-05
0.25 0 0.26 2.5449353147383027e-05
0.25 0 0.27 7.393808190200942e-05
0.25 0 0.28 0.0005115674858640581
0.25 0 0.29 0.0010351989019261303
0.25 0 0.3 0.001224982352997027
0.25 0 0.31 0.0016640349654961813
0.25 0 0.32 0.0011917805327420303
0.25 0 0.33 0.005103469966470307
0.25 0 0.34 0.011405889784035107
0.25 0 0.35000000000000003 0.00417365810707899
0.25 0 0.36 0.0033946594243914117
0.25 0 0.37 0.01938249288136187
0.25 0 0.38 0.021983752187116058
0.25 0 0.39 0.04501119482438704
0.25 0 0.4 0.0341816029502619
0.25 0 0.41000000000000003 0.002332382742599118
0.25 0 0.42 0.0012314742313229079
0.25 0 0.43 0.0053607716244360604
0.25 0 0.44 0.003538170420235672
0.25 0 0.45 0.0030551587275139897
0.25 0 0.46 0.002882543736174957
0.25 0 0.47000000000000003 0.0014202147081734744
0.25 0 0.48 0.001043150285823854
0.25 0 0.49 0.0034405032652704997
0.25 0 0.5 0.0024086031319876865
0.26 0 0.0 0.00034428768414044203
0.26 0 0.01 0.0008691124837617711
0.26 0 0.02 0.006339451877736941
0.26 0 0.03 0.016391852902362253
0.26 0 0.04 0.027632522689514525
0.26 0 0.05 0.008501583268196002
0.26 0 0.06 0.008223264054605633
0.26 0 0.07 0.012232827499824754
0.26 0 0.08 0.011020939325322247
0.26 0 0.09 0.0019063210304790612
0.26 0 0.1 0.0015501511682825514
0.26 0 0.11 0.004949856224366559
0.26 0 0.12 0.019935439058979834
0.26 0 0.13 0.013529249508014535
0.26 0 0.14 0.040510136790536055
0.26 0 0.15 0.055027548306714025
0.26 0 0.16 0.1221993316373667
0.26 0 0.17 0.010247996891338875
0.26 0 0.18 0.0035475157894180927
0.26 0 0.19 0.007284559727599267
0.26 0 0.2 0.009839941656581124
0.26 0 0.21 0.0007264303898170779
0.26 0 0.22 0.00018373667934859346
0.26 0 0.23 0.00017024199887502825
0.26 0 0.24 0.0004762128697438924
0.26 0 0.25 0.0007043128061298474
0.26 0 0.26 0.00180768368904483
0.26 0 0.27 0.0028544195530167964
0.26 0 0.28 0.007528459132141633
0.26 0 0.29 0.00880901577897582
0.26 0 0.3 0.010531924281542584
0.26 0 0.31 0.01618047789331651
0.26 0 0.32 0.018275431954337663
0.26 0 0.33 0.012323937176790478
0.26 0 0.34 0.06695593850582952
0.26 0 0.35000000000000003 0.12351984628543256
0.26 0 0.36 0.09018584218851534
0.26 0 0.37 0.05664767921239017
0.26 0 0.38 0.0470050898479875
0.26 0 0.39 0.08550926274294995
0.26 0 0.4 0.10026698119873174
0.26 0 0.41000000000000003 0.06477838554633153
0.26 0 0.42 0.022626181343473925
0.26 0 0.43 0.015252933296062561
0.26 0 0.44 0.0049530542036903364
0.26 0 0.45 0.006907859345599722
0.26 0 0.46 0.021023583326024164
0.26 0 0.47000000000000003 0.09813669568321093
0.26 0 0.48 0.18361080107170769
0.26 0 0.49 0.19732521159832003
0.26 0 0.5 0.13629379122285443
0.27 0 0.0 0.011051201808419743
0.27 0 0.01 0.01339010908569058
0.27 0 0.02 0.027186888617984028
0.27 0 0.03 0.010705117096151375
0.27 0 0.04 0.0012217616201566392
0.27 0 0.05 0.0004866821949992683
0.27 0 0.06 0.0020318467525333216
0.27 0 0.07 0.0006959945143176632
0.27 0 0.08 0.0008239726598697845
0.27 0 0.09 0.0010545772581234722
0.27 0 0.1 0.0024683344310030084
0.27 0 0.11 0.0027984970087104166
0.27 0 0.12 0.0053765262023134225
0.27 0 0.13 0.002264967818572447
0.27 0 0.14 0.0016536962385079012
0.27 0 0.15 0.001980041454044727
0.27 0 0.16 0.003205976153606484
0.27 0 0.17 0.0019323530038275454
0.27 0 0.18 0.00319886326220719
0.27 0 0.19 0.0019122709519494168
0.27 0 0.2 0.009138128132432265
0.27 0 0.21 0.05751586856336802
0.27 0 0.22 0.0803391821472446
0.27 0 0.23 0.03575042900231549
0.27 0 0.24 0.12518020635683458
0.27 0 0.25 0.07957005574472738
0.27 0 0.26 0.03330403954295268
0.27 0 0.27 0.026150179895906192
0.27 0 0.28 0.1446436548461515
0.27 0 0.29 0.04644128040807155
0.27 0 0.3 0.014196739452335789
0.27 0 0.31 0.015389178812997997
0.27 0 0.32 0.023506281824433036
0.27 0 0.33 0.0418789613528356
0.27 0 0.34 0.04997389228881319
0.27 0 0.35000000000000003 0.020603832228357
0.27 0 0.36 0.04195837061920106
0.27 0 0.37 0.22784709245572873
0.27 0 0.38 0.1364569522509273
0.27 0 0.39 0.018378698294326902
0.27 0 0.4 0.014918903393365988
0.27 0 0.41000000000000003 0.006057572035221447
0.27 0 0.42 0.004015433064543569
0.27 0 0.43 0.010955330120143623
0.27 0 0.44 0.012257842139845683
0.27 0 0.45 0.0048276106477354655
0.27 0 0.46 0.02109552874147063
0.27 0 0.47000000000000003 0.02548656102190532
0.27 0 0.48 0.006640871408215683
0.27 0 0.49 0.032016210019459646
0.27 0 0.5 0.04739837006715224
0.28 0 0.0 0.011448743400687399
0.28 0 0.01 0.005081477626747121
0.28 0 0.02 0.0015846032997341181
0.28 0 0.03 0.003265530870388263
0.28 0 0.04 0.011976602427025855
0.28 0 0.05 0.009123138486120936
0.28 0 0.06 0.004250746932620511
0.28 0 0.07 0.016962894156449734
0.28 0 0.08 0.014029194654417399
0.28 0 0.09 0.0054833413973624096
0.28 0 0.1 0.0050170377401300755
0.28 0 0.11 0.002639401131020117
0.28 0 0.12 0.0006601973075229162
0.28 0 0.13 0.0005013052689160771
0.28 0 0.14 0.0006240252791962115
0.28 0 0.15 0.00043055805838810115
0.28 0 0.16 0.0003112762526398475
0.28 0 0.17 0.0008650195007075419
0.28 0 0.18 0.007246193417004247
0.28 0 0.19 0.02035069228281099
0.28 0 0.2 0.023428229486558875
0.28 0 0.21 0.008336536342129748
0.28 0 0.22 0.019958486866554815
0.28 0 0.23 0.1910418166037887
0.28 0 0.24 0.325300467177191
0.28 0 0.25 0.3463841319685221
0.28 0 0.26 0.6672062661654854
0.28 0 0.27 0.6420961450019569
0.28 0 0.28 0.3603476241449401
0.28 0 0.29 0.4193207614877919
0.28 0 0.3 0.584850040101315
0.28 0 0.31 0.14992768654041172
0.28 0 0.32 0.3425553188008603
0.28 0 0.33 0.7548256566319881
0.28 0 0.34 0.7377258493498461
0.28 0 0.35000000000000003 0.3913627639176257
0.28 0 0.36 0.46239421954068
0.28 0 0.37 0.3115307639272926
0.28 0 0.38 0.659589781301752
0.28 0 0.39 0.21772670749824588
0.28 0 0.4 0.025701743313552256
0.28 0 0.41000000000000003 0.012447971796374304
0.28 0 0.42 0.02055558123358202
0.28 0 0.43 0.011773818563779776
0.28 0 0.44 0.0021351071469406075
0.28 0 0.45 0.0008992906146518492
0.28 0 0.46 0.0008645945462481913
0.28 0 0.47000000000000003 0.0015164695664820844
0.28 0 0.48 0.0018983621571439073
0.28 0 0.49 0.0007218576172216088
0.28 0 0.5 0.0006868836278507743
0.29 0 0.0 0.10675111122216868
0.29 0 0.01 0.06348448789698444
0.29 0 0.02 0.016666739748976388
0.29 0 0.03 0.032609798446873055
0.29 0 0.04 0.03649749147767697
0.29 0 0.05 0.0699830393898837
0.29 0 0.06 0.0694876533461209
0.29 0 0.07 0.052290944463129416
0.29 0 0.08 0.021399252680591813
0.29 0 0.09 0.13578589715179853
0.29 0 0.1 0.11158770695132308
0.29 0 0.11 0.02853751262044008
0.29 0 0.12 0.04915142321962761
0.29 0 0.13 0.19481283675367134
0.29 0 0.14 0.05230485006674388
0.29 0 0.15 0.034580118747276394
0.29 0 0.16 0.013778393263479566
0.29 0 0.17 0.013013343851468682
0.29 0 0.18 0.02314235816427879
0.29 0 0.19 0.08735459751970705
0.29 0 0.2 0.01954489158521363
0.29 0 0.21 0.00849872460397036
0.29 0 0.22 0.010548333797948301
0.29 0 0.23 0.008796479521264158
0.29 0 0.24 0.03138955140900903
0.29 0 0.25 0.049599790107581976
0.29 0 0.26 0.01090517306672452
0.29 0 0.27 0.01239914904351256
0.29 0 0.28 0.07680122677842618
0.29 0 0.29 0.10617672415874523
0.29 0 0.3 0.16504622861293627
0.29 0 0.31 0.6737856333877448
0.29 0 0.32 1.30473312055952
0.29 0 0.33 1.0752398627183322
0.29 0 0.34 1.2756821345067282
0.29 0 0.35000000000000003 0.8819387120368656
0.29 0 0.36 0.42716064225975864
0.29 0 0.37 0.5813928936439611
0.29 0 0.38 0.2877520819443196
0.29 0 0.39 0.03579623428046566
0.29 0 0.4 0.018229518576740992
0.29 0 0.41000000000000003 0.010119124097948786
0.29 0 0.42 0.011022868394818025
0.29 0 0.43 0.0053917678890737395
0.29 0 0.44 0.005601806804327242
0.29 0 0.45 0.0007328861200142098
0.29 0 0.46 0.0005221046500714287
0.29 0 0.47000000000000003 0.0003439410911833181
0.29 0 0.48 0.0004104017740457454
0.29 0 0.49 0.00015032722268180945
0.29 0 0.5 0.00040286186480683846
0.3 0 0.0 4.904281802700669
0.3 0 0.01 2.6500206846840424
0.3 0 0.02 0.8743543569417737
0.3 0 0.03 0.6689917388713555
0.3 0 0.04 0.35010161437775167
0.3 0 0.05 0.10133125936139309
0.3 0 0.06 0.021918668676051554
0.3 0 0.07 0.08084993770186685
0.3 0 0.08 0.08909921311458313
0.3 0 0.09 0.08809922094379999
0.3 0 0.1 0.0917249198943467
0.3 0 0.11 0.26377312070090664
0.3 0 0.12 0.06968633579377881
0.3 0 0.13 0.05848456091897228
0.3 0 0.14 0.04996842073203095
0.3 0 0.15 0.016301926834264138
0.3 0 0.16 0.010246174287129418
0.3 0 0.17 0.022392301605845547
0.3 0 0.18 0.021589047777846454
0.3 0 0.19 0.013219141330521102
0.3 0 0.2 0.0052437882568047885
0.3 0 0.21 0.015949797891011034
0.3 0 0.22 0.03970993505492888
0.3 0 0.23 0.04433340116414424
0.3 0 0.24 0.028385885455485472
0.3 0 0.25 0.08508207472602655
0.3 0 0.26 0.1288821742045163
0.3 0 0.27 0.11588131948163218
0.3 0 0.28 0.0996261278014135
0.3 0 0.29 0.7036193093583841
0.3 0 0.3 2.4501568999862577
0.3 0 0.31 3.457752802612439
0.3 0 0.32 3.3261930481451927
0.3 0 0.33 5.1681164896590674
0.3 0 0.34 5.354325685009111
0.3 0 0.35000000000000003 0.3793855637058448
0.3 0 0.36 0.08347765317531466
0.3 0 0.37 0.046817667284335285
0.3 0 0.38 0.10471710746468732
0.3 0 0.39 0.10112689851353718
0.3 0 0.4 0.055241491622491985
0.3 0 0.41000000000000003 0.01567238899720612
0.3 0 0.42 0.015179796438529186
0.3 0 0.43 0.008553638156425796
0.3 0 0.44 0.0037571156858524244
0.3 0 0.45 0.002370366459805554
0.3 0 0.46 0.0015661169767188883
0.3 0 0.47000000000000003 0.0012204309397995427
0.3 0 0.48 0.0014571346176032764
0.3 0 0.49 0.0015596639496383079
0.3 0 0.5 0.0019142110902487287
#STOP
