#MEDIUM_PROPERTIES_DISTRIBUTED
$MSH_TYPE
	 GROUNDWATER_FLOW	
$MMP_TYPE
	 PERMEABILITY	
$DIS_TYPE
	 NEAREST_VALUE	
;hj
$CONVERSION_FACTOR
2e-8;2e-6;2e-13
$DATA
0.0 0 0.0 0.006662240849191395
0.0 0 0.01 0.004856519869806471
0.0 0 0.02 0.004936262310766642
0.0 0 0.03 0.0071169642949957465
0.0 0 0.04 0.010260369233603085
0.0 0 0.05 0.009632045163732067
0.0 0 0.06 0.0057292022193997936
0.0 0 0.07 0.003526268016042383
0.0 0 0.08 0.004008054388926984
0.0 0 0.09 0.007834250097506198
0.0 0 0.1 0.013454495341439731
0.0 0 0.11 0.016531593130324183
0.0 0 0.12 0.022133694581488637
0.0 0 0.13 0.027258236416891093
0.0 0 0.14 0.014491215720672098
0.0 0 0.15 0.004136871346811631
0.0 0 0.16 0.0019272277997362775
0.0 0 0.17 0.0018364058364327702
0.0 0 0.18 0.0018820302513564823
0.0 0 0.19 0.0020346159416216912
0.0 0 0.2 0.0032858385873975825
0.0 0 0.21 0.00557939286333408
0.0 0 0.22 0.006714548387986845
0.0 0 0.23 0.007497763992562451
0.0 0 0.24 0.00862174368119765
0.0 0 0.25 0.008236249204326434
0.0 0 0.26 0.008965736268411554
0.0 0 0.27 0.014172448635893283
0.0 0 0.28 0.016761094776705832
0.0 0 0.29 0.012585125209406784
0.0 0 0.3 0.017785078823003654
0.0 0 0.31 0.05530148413668509
0.0 0 0.32 0.0847304921142388
0.0 0 0.33 0.040288760217396496
0.0 0 0.34 0.02099349993714032
0.0 0 0.35000000000000003 0.016377966105528306
0.0 0 0.36 0.00768693621891549
0.0 0 0.37 0.003100591523003835
0.0 0 0.38 0.003579091128318802
0.0 0 0.39 0.007605384799063718
0.0 0 0.4 0.008152904417618758
0.0 0 0.41000000000000003 0.005076953980623643
0.0 0 0.42 0.004078052832303211
0.0 0 0.43 0.003822389973788162
0.0 0 0.44 0.003462543459410675
0.0 0 0.45 0.004121319971138108
0.0 0 0.46 0.005487267256347857
0.0 0 0.47000000000000003 0.005699330357750593
0.0 0 0.48 0.0073426943193211774
0.0 0 0.49 0.016364706671499363
0.0 0 0.5 0.030865597766062465
0.01 0 0.0 0.3037765579881106
0.01 0 0.01 0.36325980522122947
0.01 0 0.02 0.19656281097104142
0.01 0 0.03 0.11353169218397031
0.01 0 0.04 0.18238893397200057
0.01 0 0.05 0.49884958405664553
0.01 0 0.06 0.6392144588146363
0.01 0 0.07 0.3584689702662548
0.01 0 0.08 0.28484415230424914
0.01 0 0.09 0.44463824911983363
0.01 0 0.1 0.5360544118779629
0.01 0 0.11 0.3793890294947985
0.01 0 0.12 0.3643184619409839
0.01 0 0.13 0.5774826905017124
0.01 0 0.14 0.6424221987669162
0.01 0 0.15 0.3561192835977957
0.01 0 0.16 0.20011934415195307
0.01 0 0.17 0.2254234333411642
0.01 0 0.18 0.43975261732814247
0.01 0 0.19 0.6311806582915138
0.01 0 0.2 0.33155353604528437
0.01 0 0.21 0.11108981477144243
0.01 0 0.22 0.08233764466096652
0.01 0 0.23 0.12020702219188796
0.01 0 0.24 0.09887989868985579
0.01 0 0.25 0.055491354308029615
0.01 0 0.26 0.08493797911860665
0.01 0 0.27 0.22412301632764328
0.01 0 0.28 0.16085228154783285
0.01 0 0.29 0.04236888037237959
0.01 0 0.3 0.030339420593932603
0.01 0 0.31 0.061195442383057956
0.01 0 0.32 0.06693689522661357
0.01 0 0.33 0.03679020346059129
0.01 0 0.34 0.03525671672044012
0.01 0 0.35000000000000003 0.061555696959289245
0.01 0 0.36 0.08199396718564746
0.01 0 0.37 0.07028630229468759
0.01 0 0.38 0.051371899844984525
0.01 0 0.39 0.039906843338695173
0.01 0 0.4 0.04773195899874336
0.01 0 0.41000000000000003 0.07718141579114149
0.01 0 0.42 0.0722955914596274
0.01 0 0.43 0.0433984860456622
0.01 0 0.44 0.057104548057369565
0.01 0 0.45 0.15009022742507747
0.01 0 0.46 0.1790689751798785
0.01 0 0.47000000000000003 0.1086514522384515
0.01 0 0.48 0.16546487295683376
0.01 0 0.49 0.5150078260404941
0.01 0 0.5 0.5821898791674264
0.02 0 0.0 2.149627261496827
0.02 0 0.01 1.8807472671697019
0.02 0 0.02 1.708604152183062
0.02 0 0.03 1.9941302945447619
0.02 0 0.04 2.0537703755042878
0.02 0 0.05 1.4095385059583878
0.02 0 0.06 0.8759883833527444
0.02 0 0.07 0.8049107258725887
0.02 0 0.08 0.9377595109081638
0.02 0 0.09 0.7476667703130837
0.02 0 0.1 0.43715322168151294
0.02 0 0.11 0.3909213209200024
0.02 0 0.12 0.5543104086772295
0.02 0 0.13 0.6194811676592576
0.02 0 0.14 0.5463613773207593
0.02 0 0.15 0.7394376367178391
0.02 0 0.16 1.4182949823215005
0.02 0 0.17 1.8844936582443852
0.02 0 0.18 1.5028045103882375
0.02 0 0.19 1.0218695700215523
0.02 0 0.2 0.7170991571433968
0.02 0 0.21 0.6019901071201044
0.02 0 0.22 0.5872921283258852
0.02 0 0.23 0.41084085541898835
0.02 0 0.24 0.20440543306483447
0.02 0 0.25 0.17464240223483304
0.02 0 0.26 0.2830454630551774
0.02 0 0.27 0.2664111710844941
0.02 0 0.28 0.11630904935097275
0.02 0 0.29 0.07826571042598071
0.02 0 0.3 0.08859051238686469
0.02 0 0.31 0.05278419729413905
0.02 0 0.32 0.023873528531532746
0.02 0 0.33 0.0399865041905176
0.02 0 0.34 0.1915468826225923
0.02 0 0.35000000000000003 0.4754640692979345
0.02 0 0.36 0.47042945818473564
0.02 0 0.37 0.4617666725521388
0.02 0 0.38 0.4841763044098766
0.02 0 0.39 0.4296308365253646
0.02 0 0.4 0.5224432645217322
0.02 0 0.41000000000000003 1.041076223773868
0.02 0 0.42 2.053344727624999
0.02 0 0.43 3.676383690653327
0.02 0 0.44 6.3835472351305205
0.02 0 0.45 6.08958152968861
0.02 0 0.46 3.1346752976509342
0.02 0 0.47000000000000003 2.5678966481772245
0.02 0 0.48 3.965776908954857
0.02 0 0.49 3.6709729495185717
0.02 0 0.5 2.105216469292325
0.03 0 0.0 2.3468986386588866
0.03 0 0.01 2.301834546365173
0.03 0 0.02 1.4030249449401062
0.03 0 0.03 1.0124960924287951
0.03 0 0.04 0.8594488298263038
0.03 0 0.05 0.4256935177485341
0.03 0 0.06 0.12593498410121537
0.03 0 0.07 0.06246794961693922
0.03 0 0.08 0.07428044468402942
0.03 0 0.09 0.08038567253383633
0.03 0 0.1 0.04120300974225684
0.03 0 0.11 0.01933733972696369
0.03 0 0.12 0.01839636022729878
0.03 0 0.13 0.02978841460983678
0.03 0 0.14 0.040794791036472794
0.03 0 0.15 0.03510106502404581
0.03 0 0.16 0.028431110421053406
0.03 0 0.17 0.03478736567100417
0.03 0 0.18 0.04494286315331576
0.03 0 0.19 0.031683197804141
0.03 0 0.2 0.021203157299781134
0.03 0 0.21 0.04185919560108907
0.03 0 0.22 0.13475551559715476
0.03 0 0.23 0.1310059866835555
0.03 0 0.24 0.04851510274308346
0.03 0 0.25 0.03836621117563968
0.03 0 0.26 0.06277573799479279
0.03 0 0.27 0.049333079738951596
0.03 0 0.28 0.02294085967631786
0.03 0 0.29 0.02710887153994654
0.03 0 0.3 0.07347927764494235
0.03 0 0.31 0.13068372640876255
0.03 0 0.32 0.12661489746234503
0.03 0 0.33 0.12007218842641303
0.03 0 0.34 0.12954255231592762
0.03 0 0.35000000000000003 0.1657764073131568
0.03 0 0.36 0.26281184556574877
0.03 0 0.37 0.3477118498079853
0.03 0 0.38 0.37606217357874777
0.03 0 0.39 0.6743386232230975
0.03 0 0.4 1.6111204207147272
0.03 0 0.41000000000000003 1.5461328563563175
0.03 0 0.42 0.8436103538587397
0.03 0 0.43 1.4201928404794821
0.03 0 0.44 5.739485702453184
0.03 0 0.45 7.8490302277946915
0.03 0 0.46 3.4877864578656737
0.03 0 0.47000000000000003 2.916364642589588
0.03 0 0.48 5.5073522937241455
0.03 0 0.49 6.855734324262503
0.03 0 0.5 6.153530742807806
0.04 0 0.0 1.0782189481717366
0.04 0 0.01 1.6458153765789993
0.04 0 0.02 3.759020309250209
0.04 0 0.03 7.6267162370540325
0.04 0 0.04 8.757402183100002
0.04 0 0.05 7.171275686128183
0.04 0 0.06 7.501914456929493
0.04 0 0.07 9.991829704461368
0.04 0 0.08 9.59356822005962
0.04 0 0.09 6.683532544753773
0.04 0 0.1 6.699880534616766
0.04 0 0.11 9.86375033958891
0.04 0 0.12 8.949764292312295
0.04 0 0.13 3.5623159495252867
0.04 0 0.14 1.20637490110142
0.04 0 0.15 0.6453548788423159
0.04 0 0.16 0.5458984305299557
0.04 0 0.17 0.5351010704310278
0.04 0 0.18 0.4441604726315255
0.04 0 0.19 0.32450357601327773
0.04 0 0.2 0.3070018368059884
0.04 0 0.21 0.33206512803543803
0.04 0 0.22 0.21396218493678254
0.04 0 0.23 0.1077211416346442
0.04 0 0.24 0.12123326388070194
0.04 0 0.25 0.2147122099061139
0.04 0 0.26 0.1360513589580029
0.04 0 0.27 0.04082730305784147
0.04 0 0.28 0.03627252344794429
0.04 0 0.29 0.10671256298572313
0.04 0 0.3 0.20614417885419078
0.04 0 0.31 0.18620271765521518
0.04 0 0.32 0.19688278725959033
0.04 0 0.33 0.21366086446750757
0.04 0 0.34 0.12065193400464183
0.04 0 0.35000000000000003 0.06061364639920891
0.04 0 0.36 0.06508114454123173
0.04 0 0.37 0.13208668211380212
0.04 0 0.38 0.33001020376707846
0.04 0 0.39 0.7604174110777779
0.04 0 0.4 0.9281802268276366
0.04 0 0.41000000000000003 0.6143331726285987
0.04 0 0.42 0.6484314406851228
0.04 0 0.43 1.4694642169674397
0.04 0 0.44 2.5087742919825144
0.04 0 0.45 3.168693010764503
0.04 0 0.46 10.719565191305533
0.04 0 0.47000000000000003 73.53455854264492
0.04 0 0.48 169.36804131797481
0.04 0 0.49 124.76523341785547
0.04 0 0.5 145.13505252228836
0.05 0 0.0 0.4239871949662779
0.05 0 0.01 0.28635555159541193
0.05 0 0.02 0.24883431239740794
0.05 0 0.03 0.4305503197458708
0.05 0 0.04 0.6948264778808236
0.05 0 0.05 0.509120896427703
0.05 0 0.06 0.29371033985414013
0.05 0 0.07 0.30723941880709704
0.05 0 0.08 0.47993407452839904
0.05 0 0.09 0.5972302218908127
0.05 0 0.1 0.6094640035276394
0.05 0 0.11 0.7630309235921823
0.05 0 0.12 1.0559616579544675
0.05 0 0.13 0.8683863984798766
0.05 0 0.14 0.3452913326237108
0.05 0 0.15 0.15411047533207992
0.05 0 0.16 0.19541526631562328
0.05 0 0.17 0.4292998191874808
0.05 0 0.18 0.4855112953704775
0.05 0 0.19 0.3510640956223652
0.05 0 0.2 0.542906026343027
0.05 0 0.21 1.378788629530232
0.05 0 0.22 1.5024827903229037
0.05 0 0.23 0.8695725220191077
0.05 0 0.24 1.0312409500167956
0.05 0 0.25 2.213001121881823
0.05 0 0.26 2.652344492525521
0.05 0 0.27 1.8981249706502752
0.05 0 0.28 1.942961206331862
0.05 0 0.29 2.7867159797091463
0.05 0 0.3 3.541856917578113
0.05 0 0.31 4.03828073162313
0.05 0 0.32 4.200039717019945
0.05 0 0.33 3.929561517402217
0.05 0 0.34 4.593611555375505
0.05 0 0.35000000000000003 5.491997781055116
0.05 0 0.36 2.8772439666645577
0.05 0 0.37 0.9797824824745326
0.05 0 0.38 1.0331253056811478
0.05 0 0.39 3.0360353775512086
0.05 0 0.4 4.3740768336213725
0.05 0 0.41000000000000003 2.803495621932201
0.05 0 0.42 3.565833805413938
0.05 0 0.43 8.096958241807183
0.05 0 0.44 8.624841730964318
0.05 0 0.45 6.370129067562385
0.05 0 0.46 12.234343140227809
0.05 0 0.47000000000000003 37.04462113195089
0.05 0 0.48 43.77784185667693
0.05 0 0.49 21.735556826787867
0.05 0 0.5 10.966958396090604
0.06 0 0.0 0.17139984829153218
0.06 0 0.01 0.2462896587993868
0.06 0 0.02 0.33415420440098553
0.06 0 0.03 0.2732648245471949
0.06 0 0.04 0.16295204651332407
0.06 0 0.05 0.16649700920060978
0.06 0 0.06 0.40673817783779737
0.06 0 0.07 1.0848313179378528
0.06 0 0.08 1.5522619531828958
0.06 0 0.09 1.5945176908488778
0.06 0 0.1 1.7813905477859977
0.06 0 0.11 1.6701869030530405
0.06 0 0.12 1.0372130580136576
0.06 0 0.13 0.6609320837998183
0.06 0 0.14 0.7658641657826342
0.06 0 0.15 1.4987582159443174
0.06 0 0.16 2.3661474676467518
0.06 0 0.17 1.781403346380539
0.06 0 0.18 1.1458167718276882
0.06 0 0.19 1.6441330215224008
0.06 0 0.2 3.535566177748728
0.06 0 0.21 3.1838249723211205
0.06 0 0.22 1.486814493594512
0.06 0 0.23 1.499430084320062
0.06 0 0.24 2.9117750627690295
0.06 0 0.25 2.4819112566326105
0.06 0 0.26 0.9691058462738282
0.06 0 0.27 0.6906183644834846
0.06 0 0.28 0.8840301868320041
0.06 0 0.29 0.6752356243652263
0.06 0 0.3 0.38305785607628307
0.06 0 0.31 0.476115605321622
0.06 0 0.32 1.2564204917387771
0.06 0 0.33 3.132214529612695
0.06 0 0.34 4.807790814356123
0.06 0 0.35000000000000003 3.9204820161286444
0.06 0 0.36 2.1882860172733056
0.06 0 0.37 1.9631580944212976
0.06 0 0.38 3.3800400442738576
0.06 0 0.39 4.483465001463963
0.06 0 0.4 4.5397520664685445
0.06 0 0.41000000000000003 11.078309513257508
0.06 0 0.42 46.28218682304698
0.06 0 0.43 56.278813244954435
0.06 0 0.44 22.17782180932341
0.06 0 0.45 17.700329415432748
0.06 0 0.46 29.363911384663577
0.06 0 0.47000000000000003 21.867586448265694
0.06 0 0.48 9.386655305356989
0.06 0 0.49 10.918542387961823
0.06 0 0.5 27.732707332396394
0.07 0 0.0 0.06642285279711059
0.07 0 0.01 0.07570542665715543
0.07 0 0.02 0.14497110091833856
0.07 0 0.03 0.3074443907406374
0.07 0 0.04 0.3509762131769667
0.07 0 0.05 0.3232429480200425
0.07 0 0.06 0.5712682166951619
0.07 0 0.07 1.641022630190322
0.07 0 0.08 3.1657598220903544
0.07 0 0.09 3.227856512604731
0.07 0 0.1 3.1322218688276586
0.07 0 0.11 4.2044167702883
0.07 0 0.12 4.98670495784338
0.07 0 0.13 3.2871473130680804
0.07 0 0.14 2.145058982618546
0.07 0 0.15 3.4743889733052638
0.07 0 0.16 9.622333933459
0.07 0 0.17 13.728260737598868
0.07 0 0.18 9.877023788099786
0.07 0 0.19 9.082279602034713
0.07 0 0.2 9.686692391323518
0.07 0 0.21 5.366622067741759
0.07 0 0.22 2.230123253342064
0.07 0 0.23 1.8526553600440614
0.07 0 0.24 2.437861300984498
0.07 0 0.25 2.0674914508860502
0.07 0 0.26 1.0615469490178258
0.07 0 0.27 0.5203091539698139
0.07 0 0.28 0.3183222200875579
0.07 0 0.29 0.3174574020936869
0.07 0 0.3 0.4745122715654863
0.07 0 0.31 0.5174413454487525
0.07 0 0.32 0.3667560903344942
0.07 0 0.33 0.3938186873341822
0.07 0 0.34 0.612126204416401
0.07 0 0.35000000000000003 0.4642768262679076
0.07 0 0.36 0.22065239946742138
0.07 0 0.37 0.2602659050133744
0.07 0 0.38 0.5457137710590716
0.07 0 0.39 0.44749428509443423
0.07 0 0.4 0.20942334883270028
0.07 0 0.41000000000000003 0.2510895628760738
0.07 0 0.42 0.5154793432099872
0.07 0 0.43 0.4337887377194368
0.07 0 0.44 0.18317938765691924
0.07 0 0.45 0.10719201930587902
0.07 0 0.46 0.08599227775748594
0.07 0 0.47000000000000003 0.07658952525883744
0.07 0 0.48 0.10855531606208578
0.07 0 0.49 0.21164195119834903
0.07 0 0.5 0.2994160414487319
0.08 0 0.0 0.013726996431636291
0.08 0 0.01 0.04579444340148501
0.08 0 0.02 0.1856614752566149
0.08 0 0.03 0.453647185912773
0.08 0 0.04 0.7849952111839076
0.08 0 0.05 1.375025056774204
0.08 0 0.06 1.6109262587584194
0.08 0 0.07 0.9476930461132558
0.08 0 0.08 0.6842481690541868
0.08 0 0.09 1.6031613526978603
0.08 0 0.1 7.581830598898104
0.08 0 0.11 18.95319409638254
0.08 0 0.12 15.398526338089058
0.08 0 0.13 8.885901926886767
0.08 0 0.14 8.016508110157126
0.08 0 0.15 8.31729100633099
0.08 0 0.16 5.113183751455446
0.08 0 0.17 2.844062915089573
0.08 0 0.18 3.4716444618723576
0.08 0 0.19 5.401353601433207
0.08 0 0.2 2.8823872587290262
0.08 0 0.21 0.7886479432944931
0.08 0 0.22 0.5461447462349894
0.08 0 0.23 0.8915271391732177
0.08 0 0.24 0.7684070004070851
0.08 0 0.25 0.3083303631189699
0.08 0 0.26 0.19333948940354267
0.08 0 0.27 0.2343055414810543
0.08 0 0.28 0.2406394800979988
0.08 0 0.29 0.16446858665811706
0.08 0 0.3 0.10984455306912974
0.08 0 0.31 0.09585399631014116
0.08 0 0.32 0.1287125068438926
0.08 0 0.33 0.20553877131118278
0.08 0 0.34 0.20181010984312525
0.08 0 0.35000000000000003 0.1533514249317242
0.08 0 0.36 0.25800186099035144
0.08 0 0.37 0.6819512514593942
0.08 0 0.38 0.5938791864284358
0.08 0 0.39 0.21340525228833762
0.08 0 0.4 0.18296620894180898
0.08 0 0.41000000000000003 0.30331006463238624
0.08 0 0.42 0.16304534667449538
0.08 0 0.43 0.04017664612903009
0.08 0 0.44 0.03224748019410103
0.08 0 0.45 0.07567701884745838
0.08 0 0.46 0.09114222061115289
0.08 0 0.47000000000000003 0.047262405329944315
0.08 0 0.48 0.031203730503003416
0.08 0 0.49 0.028522142074015506
0.08 0 0.5 0.020874629033067145
0.09 0 0.0 0.05208048558403863
0.09 0 0.01 0.10299071228514868
0.09 0 0.02 0.2755701066475518
0.09 0 0.03 0.35169432514479215
0.09 0 0.04 0.21686213221584388
0.09 0 0.05 0.1532268346688677
0.09 0 0.06 0.1600482629950489
0.09 0 0.07 0.15884316251119043
0.09 0 0.08 0.13213471554060927
0.09 0 0.09 0.14559146839828366
0.09 0 0.1 0.274313948842571
0.09 0 0.11 0.5035444308521595
0.09 0 0.12 0.41855477186726375
0.09 0 0.13 0.17930958555448404
0.09 0 0.14 0.0823011937216344
0.09 0 0.15 0.042293237483167954
0.09 0 0.16 0.01553875484984509
0.09 0 0.17 0.006060323541987859
0.09 0 0.18 0.005898167573125984
0.09 0 0.19 0.011348004620949273
0.09 0 0.2 0.016172808238815378
0.09 0 0.21 0.013507011742466195
0.09 0 0.22 0.009938767167104826
0.09 0 0.23 0.007667709014869657
0.09 0 0.24 0.0068434284446704284
0.09 0 0.25 0.007998141755164495
0.09 0 0.26 0.009124239527569699
0.09 0 0.27 0.007832752999239051
0.09 0 0.28 0.006892536793922085
0.09 0 0.29 0.006254302977621935
0.09 0 0.3 0.0034779027398769897
0.09 0 0.31 0.0018084857349103883
0.09 0 0.32 0.0027238982161538364
0.09 0 0.33 0.007886324857462912
0.09 0 0.34 0.00985899275313347
0.09 0 0.35000000000000003 0.006503289050002738
0.09 0 0.36 0.008953354649630558
0.09 0 0.37 0.019801915502573424
0.09 0 0.38 0.020859273869231334
0.09 0 0.39 0.014536807137081376
0.09 0 0.4 0.016913920112121048
0.09 0 0.41000000000000003 0.021128864917483507
0.09 0 0.42 0.016194721100343524
0.09 0 0.43 0.014865261922782825
0.09 0 0.44 0.02510949831644872
0.09 0 0.45 0.04372084941986239
0.09 0 0.46 0.06194790974027431
0.09 0 0.47000000000000003 0.08428467688632983
0.09 0 0.48 0.07319018502815637
0.09 0 0.49 0.03758628408341158
0.09 0 0.5 0.030618345419810997
0.1 0 0.0 0.130715641602524
0.1 0 0.01 0.20653856763784295
0.1 0 0.02 0.10668683858800579
0.1 0 0.03 0.04041412988542788
0.1 0 0.04 0.04356815521961899
0.1 0 0.05 0.10619100836507449
0.1 0 0.06 0.17694698488231134
0.1 0 0.07 0.18068286524352256
0.1 0 0.08 0.25674261401522736
0.1 0 0.09 0.5458525256073096
0.1 0 0.1 0.7645348563376856
0.1 0 0.11 0.5284036344253066
0.1 0 0.12 0.3973259738650192
0.1 0 0.13 0.5832579489129684
0.1 0 0.14 0.7670415950699098
0.1 0 0.15 0.32314193754556525
0.1 0 0.16 0.0798045025495815
0.1 0 0.17 0.05019080044773255
0.1 0 0.18 0.07173454978458046
0.1 0 0.19 0.05716386269568507
0.1 0 0.2 0.022771853840184493
0.1 0 0.21 0.015389806037932706
0.1 0 0.22 0.02049063940105118
0.1 0 0.23 0.018038861115577013
0.1 0 0.24 0.00782047298808887
0.1 0 0.25 0.0036489250646883752
0.1 0 0.26 0.0028605404844597422
0.1 0 0.27 0.0029472505057401644
0.1 0 0.28 0.0027385685223944517
0.1 0 0.29 0.001994552570677938
0.1 0 0.3 0.001803429988500479
0.1 0 0.31 0.003762186058060511
0.1 0 0.32 0.010118407112185148
0.1 0 0.33 0.010139816000389762
0.1 0 0.34 0.006072091876191092
0.1 0 0.35000000000000003 0.010961178317892032
0.1 0 0.36 0.03895894306553618
0.1 0 0.37 0.040158517046999846
0.1 0 0.38 0.016386588154858644
0.1 0 0.39 0.020320288439506513
0.1 0 0.4 0.0696475306461544
0.1 0 0.41000000000000003 0.1065669207476125
0.1 0 0.42 0.07092311552231438
0.1 0 0.43 0.07927389226725065
0.1 0 0.44 0.13072850907315015
0.1 0 0.45 0.1139159339214578
0.1 0 0.46 0.06649933929577248
0.1 0 0.47000000000000003 0.06444190342164631
0.1 0 0.48 0.12120389357696026
0.1 0 0.49 0.30907539064529554
0.1 0 0.5 0.6187886179873553
0.11 0 0.0 0.005738726419527491
0.11 0 0.01 0.0073537502083549575
0.11 0 0.02 0.00822306225727936
0.11 0 0.03 0.008439008395110553
0.11 0 0.04 0.01296857028494961
0.11 0 0.05 0.02702114326284591
0.11 0 0.06 0.04499994042331061
0.11 0 0.07 0.04957253456626665
0.11 0 0.08 0.048926077376634736
0.11 0 0.09 0.05949600284118399
0.11 0 0.1 0.07598008308662266
0.11 0 0.11 0.06750694957015999
0.11 0 0.12 0.04701651312809797
0.11 0 0.13 0.04613232204166278
0.11 0 0.14 0.06671094368853091
0.11 0 0.15 0.07814572104747915
0.11 0 0.16 0.05644072481701623
0.11 0 0.17 0.030897058390311732
0.11 0 0.18 0.013782613684607977
0.11 0 0.19 0.005458994598788271
0.11 0 0.2 0.0029598415325851725
0.11 0 0.21 0.0028624676169879725
0.11 0 0.22 0.004066132927875382
0.11 0 0.23 0.006585995003213588
0.11 0 0.24 0.008522142367521707
0.11 0 0.25 0.005555631486471862
0.11 0 0.26 0.002516048958998337
0.11 0 0.27 0.002167279894273391
0.11 0 0.28 0.0036411944251987607
0.11 0 0.29 0.0044997783531935745
0.11 0 0.3 0.004031103148846503
0.11 0 0.31 0.0058827236296935675
0.11 0 0.32 0.009772318019672214
0.11 0 0.33 0.007416630804774838
0.11 0 0.34 0.004592112857613143
0.11 0 0.35000000000000003 0.006345343536075172
0.11 0 0.36 0.010923370817358547
0.11 0 0.37 0.010013152289809908
0.11 0 0.38 0.008859196924898045
0.11 0 0.39 0.013669979118117587
0.11 0 0.4 0.020768523390450617
0.11 0 0.41000000000000003 0.023575168621812734
0.11 0 0.42 0.0312827039868949
0.11 0 0.43 0.03996817464177054
0.11 0 0.44 0.03225867318065438
0.11 0 0.45 0.029858129520602104
0.11 0 0.46 0.049797146473867196
0.11 0 0.47000000000000003 0.07145086628556277
0.11 0 0.48 0.06921644761540922
0.11 0 0.49 0.1124844374929345
0.11 0 0.5 0.30107413856253545
0.12 0 0.0 0.024597833941027384
0.12 0 0.01 0.032882544479474904
0.12 0 0.02 0.027211436902024256
0.12 0 0.03 0.038630922754561016
0.12 0 0.04 0.06652488125206424
0.12 0 0.05 0.04421883673305879
0.12 0 0.06 0.013876925187496293
0.12 0 0.07 0.007753798295533722
0.12 0 0.08 0.01149911661802287
0.12 0 0.09 0.016169065107997618
0.12 0 0.1 0.009436132896470276
0.12 0 0.11 0.004175853722687901
0.12 0 0.12 0.0039556467882535685
0.12 0 0.13 0.006462721922659353
0.12 0 0.14 0.006534635872447939
0.12 0 0.15 0.004481501550582022
0.12 0 0.16 0.006131635688826648
0.12 0 0.17 0.0162335553191687
0.12 0 0.18 0.02408450815545874
0.12 0 0.19 0.015072518735018824
0.12 0 0.2 0.011693943462219681
0.12 0 0.21 0.019502755752027846
0.12 0 0.22 0.03629156943511361
0.12 0 0.23 0.0407354074921572
0.12 0 0.24 0.033744299816566126
0.12 0 0.25 0.03686934803883199
0.12 0 0.26 0.06240101693418425
0.12 0 0.27 0.08168611606954126
0.12 0 0.28 0.04250255735099913
0.12 0 0.29 0.019407955118354744
0.12 0 0.3 0.02842635083506165
0.12 0 0.31 0.06774485274165476
0.12 0 0.32 0.043051767739056265
0.12 0 0.33 0.01046386274307057
0.12 0 0.34 0.006808099679037971
0.12 0 0.35000000000000003 0.011093903665917221
0.12 0 0.36 0.009061964577369224
0.12 0 0.37 0.005034023297856127
0.12 0 0.38 0.008787641680325812
0.12 0 0.39 0.027977999563982392
0.12 0 0.4 0.026955316273143015
0.12 0 0.41000000000000003 0.008294016997976975
0.12 0 0.42 0.0034617551397608764
0.12 0 0.43 0.0033456160084032664
0.12 0 0.44 0.005074279568226961
0.12 0 0.45 0.007919598535369183
0.12 0 0.46 0.008589326174061728
0.12 0 0.47000000000000003 0.007160643103575912
0.12 0 0.48 0.00925118667165971
0.12 0 0.49 0.017149312841885235
0.12 0 0.5 0.01904257381595553
0.13 0 0.0 0.1717509505090103
0.13 0 0.01 0.20397096494975184
0.13 0 0.02 0.11837854017986188
0.13 0 0.03 0.05367061263051047
0.13 0 0.04 0.023875426856121852
0.13 0 0.05 0.01135748173152015
0.13 0 0.06 0.006031067742304793
0.13 0 0.07 0.003480114963216605
0.13 0 0.08 0.002374788639046727
0.13 0 0.09 0.0020736488431781883
0.13 0 0.1 0.0018853596187069217
0.13 0 0.11 0.0014736828003083337
0.13 0 0.12 0.0011309830108775492
0.13 0 0.13 0.0009611526292167665
0.13 0 0.14 0.0008777724831417942
0.13 0 0.15 0.0010298673826477957
0.13 0 0.16 0.00202526312038619
0.13 0 0.17 0.005945593833770166
0.13 0 0.18 0.01735567655700621
0.13 0 0.19 0.03357871507234167
0.13 0 0.2 0.03207573192331021
0.13 0 0.21 0.01861179404274286
0.13 0 0.22 0.01404640225313683
0.13 0 0.23 0.019611588811965605
0.13 0 0.24 0.032976866856899975
0.13 0 0.25 0.055067438150686245
0.13 0 0.26 0.11263350939403388
0.13 0 0.27 0.18067572591456582
0.13 0 0.28 0.1197920801167438
0.13 0 0.29 0.05932755844063145
0.13 0 0.3 0.054996920956206646
0.13 0 0.31 0.058970977555790685
0.13 0 0.32 0.03285513176042947
0.13 0 0.33 0.015782810399420255
0.13 0 0.34 0.011790189605183292
0.13 0 0.35000000000000003 0.008212821485734071
0.13 0 0.36 0.004407126885366066
0.13 0 0.37 0.003681832015816544
0.13 0 0.38 0.004559329377103802
0.13 0 0.39 0.0037108215078905933
0.13 0 0.4 0.0022159067331448293
0.13 0 0.41000000000000003 0.0016750940807306928
0.13 0 0.42 0.001060519309327854
0.13 0 0.43 0.0004308974631355029
0.13 0 0.44 0.0002711597021449996
0.13 0 0.45 0.0003664891344884192
0.13 0 0.46 0.0004423430513456
0.13 0 0.47000000000000003 0.00042976915746858313
0.13 0 0.48 0.0007558749571964766
0.13 0 0.49 0.001758044724333614
0.13 0 0.5 0.0021388317380927847
0.14 0 0.0 0.020748130614157652
0.14 0 0.01 0.010392110509731945
0.14 0 0.02 0.009909153499899289
0.14 0 0.03 0.01973134691582044
0.14 0 0.04 0.026129566584284142
0.14 0 0.05 0.016810051089436864
0.14 0 0.06 0.012492240749958637
0.14 0 0.07 0.018700491828455013
0.14 0 0.08 0.03176919724577669
0.14 0 0.09 0.02760327609846898
0.14 0 0.1 0.015674965563241737
0.14 0 0.11 0.014872912396988515
0.14 0 0.12 0.024581481432520865
0.14 0 0.13 0.027390557012703952
0.14 0 0.14 0.017685667398430933
0.14 0 0.15 0.018991088560342765
0.14 0 0.16 0.04867824251315239
0.14 0 0.17 0.10029158631668879
0.14 0 0.18 0.07499438687057372
0.14 0 0.19 0.03888909284120875
0.14 0 0.2 0.036720840889874644
0.14 0 0.21 0.06120036491750643
0.14 0 0.22 0.08300956477380503
0.14 0 0.23 0.0682522999893028
0.14 0 0.24 0.0730474538040009
0.14 0 0.25 0.19962614826295452
0.14 0 0.26 0.5908838898128487
0.14 0 0.27 0.513634688845634
0.14 0 0.28 0.22463530113381835
0.14 0 0.29 0.21127964120132758
0.14 0 0.3 0.2594017238650761
0.14 0 0.31 0.08806438136149457
0.14 0 0.32 0.016088179062275196
0.14 0 0.33 0.011190313250403356
0.14 0 0.34 0.02123377190542394
0.14 0 0.35000000000000003 0.015934502193698453
0.14 0 0.36 0.004345229000176052
0.14 0 0.37 0.0018538897286381672
0.14 0 0.38 0.0016988156987557644
0.14 0 0.39 0.0016043755864306865
0.14 0 0.4 0.0012759111453672833
0.14 0 0.41000000000000003 0.001041531486143859
0.14 0 0.42 0.0009517323715011405
0.14 0 0.43 0.001126005814430536
0.14 0 0.44 0.0014122314367284224
0.14 0 0.45 0.0011623190733678552
0.14 0 0.46 0.0011243059983816678
0.14 0 0.47000000000000003 0.003944763984370187
0.14 0 0.48 0.02277938548998837
0.14 0 0.49 0.031242438133957242
0.14 0 0.5 0.014691415349811526
0.15 0 0.0 0.0015655775454640726
0.15 0 0.01 0.0026671084820007167
0.15 0 0.02 0.005621646553782591
0.15 0 0.03 0.008238046854533847
0.15 0 0.04 0.008088603349519927
0.15 0 0.05 0.006769614656238708
0.15 0 0.06 0.005111874837641879
0.15 0 0.07 0.00416539808365034
0.15 0 0.08 0.004754498845525459
0.15 0 0.09 0.006332888656361398
0.15 0 0.1 0.006728900390575475
0.15 0 0.11 0.0059240288910296
0.15 0 0.12 0.005677600977711182
0.15 0 0.13 0.006341537490294788
0.15 0 0.14 0.007537145962584666
0.15 0 0.15 0.008241286047686895
0.15 0 0.16 0.007236820958597394
0.15 0 0.17 0.005664260908592306
0.15 0 0.18 0.005142461030798766
0.15 0 0.19 0.005954418119138941
0.15 0 0.2 0.00923265775013058
0.15 0 0.21 0.020816111255840365
0.15 0 0.22 0.04890431479800224
0.15 0 0.23 0.0683872354466605
0.15 0 0.24 0.06271701090261754
0.15 0 0.25 0.059892043924217944
0.15 0 0.26 0.04998398372934842
0.15 0 0.27 0.028215820105038442
0.15 0 0.28 0.019476965920256467
0.15 0 0.29 0.02488126373123812
0.15 0 0.3 0.030188544236625914
0.15 0 0.31 0.023123590369408507
0.15 0 0.32 0.019393200007067887
0.15 0 0.33 0.017965679601050173
0.15 0 0.34 0.008750130573065812
0.15 0 0.35000000000000003 0.0028394379277989793
0.15 0 0.36 0.0016415127376305208
0.15 0 0.37 0.0015553955122005433
0.15 0 0.38 0.0012940788095740985
0.15 0 0.39 0.0012743762770915858
0.15 0 0.4 0.0019123614901234106
0.15 0 0.41000000000000003 0.002137626580339918
0.15 0 0.42 0.001521411015703412
0.15 0 0.43 0.001645651870153623
0.15 0 0.44 0.00279877058331297
0.15 0 0.45 0.0033570656708535084
0.15 0 0.46 0.003691825653656199
0.15 0 0.47000000000000003 0.007918837403099975
0.15 0 0.48 0.019714031469486092
0.15 0 0.49 0.028327888456013674
0.15 0 0.5 0.04043408041171899
0.16 0 0.0 0.017407202675108195
0.16 0 0.01 0.01643682952999649
0.16 0 0.02 0.031727687750572504
0.16 0 0.03 0.04518958861213938
0.16 0 0.04 0.027613440601660905
0.16 0 0.05 0.012211935069765197
0.16 0 0.06 0.008806626216716315
0.16 0 0.07 0.010990234708157078
0.16 0 0.08 0.011995558611082141
0.16 0 0.09 0.009621644314372175
0.16 0 0.1 0.012189707233245235
0.16 0 0.11 0.029679154378758826
0.16 0 0.12 0.043581387532162216
0.16 0 0.13 0.018188766646679563
0.16 0 0.14 0.005857353470681061
0.16 0 0.15 0.005048469053375638
0.16 0 0.16 0.009115925948597886
0.16 0 0.17 0.013026210761933294
0.16 0 0.18 0.01316374568066806
0.16 0 0.19 0.01782392767794447
0.16 0 0.2 0.034754948306028155
0.16 0 0.21 0.041589747681590586
0.16 0 0.22 0.019842584279691468
0.16 0 0.23 0.010649736078672969
0.16 0 0.24 0.0183945164716761
0.16 0 0.25 0.04113573866274285
0.16 0 0.26 0.025999572791421052
0.16 0 0.27 0.009270004380200725
0.16 0 0.28 0.012386602688337118
0.16 0 0.29 0.05017327032566182
0.16 0 0.3 0.1046636341441941
0.16 0 0.31 0.09797658926170956
0.16 0 0.32 0.13669301363247977
0.16 0 0.33 0.2471582178497991
0.16 0 0.34 0.1946119633105998
0.16 0 0.35000000000000003 0.07820188053392269
0.16 0 0.36 0.04604604878008539
0.16 0 0.37 0.05515122473478095
0.16 0 0.38 0.08877485996390588
0.16 0 0.39 0.11039407525330368
0.16 0 0.4 0.0762710049403437
0.16 0 0.41000000000000003 0.05112410035572252
0.16 0 0.42 0.08256002997051427
0.16 0 0.43 0.17858903419670633
0.16 0 0.44 0.12119854387701916
0.16 0 0.45 0.04317984696937239
0.16 0 0.46 0.04960617231330995
0.16 0 0.47000000000000003 0.12919581943212888
0.16 0 0.48 0.12354901889437271
0.16 0 0.49 0.06510135088018931
0.16 0 0.5 0.11246261371579341
0.17 0 0.0 0.0006401767539425122
0.17 0 0.01 0.0004273220574742314
0.17 0 0.02 0.0002374195531307888
0.17 0 0.03 0.00020408114344514606
0.17 0 0.04 0.0003223722609677788
0.17 0 0.05 0.0004940484370412037
0.17 0 0.06 0.0005141552014958652
0.17 0 0.07 0.0004825496262437816
0.17 0 0.08 0.0004843580496040788
0.17 0 0.09 0.0004769492409461532
0.17 0 0.1 0.000466310560164234
0.17 0 0.11 0.00043786439721678176
0.17 0 0.12 0.000344150070478526
0.17 0 0.13 0.00025692301420294247
0.17 0 0.14 0.0002556009148423995
0.17 0 0.15 0.0003950883916134408
0.17 0 0.16 0.0009040742227598263
0.17 0 0.17 0.0025774569089778727
0.17 0 0.18 0.006413223951650272
0.17 0 0.19 0.010279082131251508
0.17 0 0.2 0.010331962042270455
0.17 0 0.21 0.006979938856087929
0.17 0 0.22 0.00389056258510362
0.17 0 0.23 0.0029380532784894133
0.17 0 0.24 0.0036692599065019627
0.17 0 0.25 0.0047690331304226525
0.17 0 0.26 0.005281744766347811
0.17 0 0.27 0.007717982028071991
0.17 0 0.28 0.013048686853474383
0.17 0 0.29 0.011199960882574671
0.17 0 0.3 0.005416528528083356
0.17 0 0.31 0.004032820103361085
0.17 0 0.32 0.00504364758460822
0.17 0 0.33 0.0053966743074732254
0.17 0 0.34 0.005875092414688236
0.17 0 0.35000000000000003 0.010383461290742954
0.17 0 0.36 0.01753366376909614
0.17 0 0.37 0.01769247331107327
0.17 0 0.38 0.01939070599733594
0.17 0 0.39 0.031411173897391564
0.17 0 0.4 0.04253438140757515
0.17 0 0.41000000000000003 0.046736582511368314
0.17 0 0.42 0.06684431313842328
0.17 0 0.43 0.08623450802588194
0.17 0 0.44 0.06641491724095641
0.17 0 0.45 0.06439301911680839
0.17 0 0.46 0.11609300296917725
0.17 0 0.47000000000000003 0.1459667314751761
0.17 0 0.48 0.09547660325916091
0.17 0 0.49 0.10172717366207921
0.17 0 0.5 0.22703228894811855
0.18 0 0.0 1.67334427361253e-05
0.18 0 0.01 2.739105446993478e-05
0.18 0 0.02 5.0799810403216484e-05
0.18 0 0.03 6.575862030826942e-05
0.18 0 0.04 6.239449409844636e-05
0.18 0 0.05 9.535418223120228e-05
0.18 0 0.06 0.0003368253889086163
0.18 0 0.07 0.0010059728232321196
0.18 0 0.08 0.0009679103045931796
0.18 0 0.09 0.0005867165606249215
0.18 0 0.1 0.0006497794284106122
0.18 0 0.11 0.0009344585476783633
0.18 0 0.12 0.0008284031986135843
0.18 0 0.13 0.0007755435718628825
0.18 0 0.14 0.001872899549310126
0.18 0 0.15 0.006899943818845532
0.18 0 0.16 0.010054808097847884
0.18 0 0.17 0.004793791981114853
0.18 0 0.18 0.002563166808185326
0.18 0 0.19 0.003433782627715154
0.18 0 0.2 0.005055060826493982
0.18 0 0.21 0.002922312621669632
0.18 0 0.22 0.0012586081907395392
0.18 0 0.23 0.001448150721237036
0.18 0 0.24 0.0029413059623086294
0.18 0 0.25 0.0027116071439856316
0.18 0 0.26 0.0014817351495857352
0.18 0 0.27 0.0017849352321896727
0.18 0 0.28 0.0036765160863385235
0.18 0 0.29 0.003429155049857071
0.18 0 0.3 0.0016620511546782814
0.18 0 0.31 0.0015859620760586219
0.18 0 0.32 0.004159184354670628
0.18 0 0.33 0.01326722282612179
0.18 0 0.34 0.027359985011144027
0.18 0 0.35000000000000003 0.03715276250892626
0.18 0 0.36 0.055689916619527095
0.18 0 0.37 0.14907822142590607
0.18 0 0.38 0.42752210251240363
0.18 0 0.39 0.5141526483650894
0.18 0 0.4 0.44187340654780793
0.18 0 0.41000000000000003 1.0060554078359703
0.18 0 0.42 3.2872462595607805
0.18 0 0.43 2.919250077736067
0.18 0 0.44 1.3055109555177005
0.18 0 0.45 1.9514429939899713
0.18 0 0.46 5.808852361558049
0.18 0 0.47000000000000003 5.292489621459249
0.18 0 0.48 2.359792549834491
0.18 0 0.49 3.0628874744287797
0.18 0 0.5 8.6998800570003
0.19 0 0.0 2.5083451932667294e-05
0.19 0 0.01 3.997031708993918e-05
0.19 0 0.02 6.13860810738379e-05
0.19 0 0.03 9.560243757901421e-05
0.19 0 0.04 0.00010895700678612278
0.19 0 0.05 0.00010094253987448298
0.19 0 0.06 0.00010957020012094187
0.19 0 0.07 0.0001299143535239743
0.19 0 0.08 0.00014504516645842084
0.19 0 0.09 0.0001804885536409006
0.19 0 0.1 0.00025260598095430567
0.19 0 0.11 0.0003200126149824827
0.19 0 0.12 0.0003982792493224139
0.19 0 0.13 0.000577323341221185
0.19 0 0.14 0.0007465077468686497
0.19 0 0.15 0.0006233301416233947
0.19 0 0.16 0.0003994800808513503
0.19 0 0.17 0.0002885867490271368
0.19 0 0.18 0.0002618481577903457
0.19 0 0.19 0.0002509624891252929
0.19 0 0.2 0.00022047986235306666
0.19 0 0.21 0.0002174277953311635
0.19 0 0.22 0.0003299427344310353
0.19 0 0.23 0.0005717213194129826
0.19 0 0.24 0.0005581431910631194
0.19 0 0.25 0.0003419955774150078
0.19 0 0.26 0.00030322691018479247
0.19 0 0.27 0.00041735495648925416
0.19 0 0.28 0.00047741251661724847
0.19 0 0.29 0.0005302342309119977
0.19 0 0.3 0.0010039433315729169
0.19 0 0.31 0.0019749719764333455
0.19 0 0.32 0.00181459497448728
0.19 0 0.33 0.0011851602434377595
0.19 0 0.34 0.001248961904158651
0.19 0 0.35000000000000003 0.00203438799196458
0.19 0 0.36 0.004027490466809658
0.19 0 0.37 0.009938470810417658
0.19 0 0.38 0.019869917274832553
0.19 0 0.39 0.021239330246456294
0.19 0 0.4 0.021832788103971074
0.19 0 0.41000000000000003 0.03529038442429325
0.19 0 0.42 0.04823862178760903
0.19 0 0.43 0.045388633502715735
0.19 0 0.44 0.07027693525767931
0.19 0 0.45 0.17081592773572077
0.19 0 0.46 0.2101158572727354
0.19 0 0.47000000000000003 0.16428608981404488
0.19 0 0.48 0.29499183239199034
0.19 0 0.49 0.8091705674301536
0.19 0 0.5 0.7875529097229621
0.2 0 0.0 0.0008638829901528184
0.2 0 0.01 0.0016932228709451473
0.2 0 0.02 0.003268736963005559
0.2 0 0.03 0.0028138622497935343
0.2 0 0.04 0.0018336333532781167
0.2 0 0.05 0.002196395135525787
0.2 0 0.06 0.002777850387647612
0.2 0 0.07 0.0015652464703933935
0.2 0 0.08 0.0008851456526843935
0.2 0 0.09 0.0016426300100736413
0.2 0 0.1 0.004830728198376666
0.2 0 0.11 0.004653042534102866
0.2 0 0.12 0.001543735212929164
0.2 0 0.13 0.0006781213517349551
0.2 0 0.14 0.0006370285979264515
0.2 0 0.15 0.0005866379775929127
0.2 0 0.16 0.000329995478447151
0.2 0 0.17 0.00021680737910711266
0.2 0 0.18 0.000301838820919891
0.2 0 0.19 0.0004664757737013048
0.2 0 0.2 0.00033417685998400143
0.2 0 0.21 0.00020020842814905964
0.2 0 0.22 0.00032757729213314044
0.2 0 0.23 0.0009437780770493559
0.2 0 0.24 0.001069086173674867
0.2 0 0.25 0.0004585365348847507
0.2 0 0.26 0.0002927376543197401
0.2 0 0.27 0.00044644788263295565
0.2 0 0.28 0.0007291614004400493
0.2 0 0.29 0.0007684669058995429
0.2 0 0.3 0.0006671978440175917
0.2 0 0.31 0.0006110352409831534
0.2 0 0.32 0.000534224026650951
0.2 0 0.33 0.00031821532019371025
0.2 0 0.34 0.00012488127510369956
0.2 0 0.35000000000000003 8.226020590002799e-05
0.2 0 0.36 0.0002306968808388441
0.2 0 0.37 0.0011174804325596729
0.2 0 0.38 0.001753538728832233
0.2 0 0.39 0.0012744612061171647
0.2 0 0.4 0.0019118418933642312
0.2 0 0.41000000000000003 0.0035041163827096854
0.2 0 0.42 0.0017662918014820731
0.2 0 0.43 0.0006052457322477
0.2 0 0.44 0.0010550998195246496
0.2 0 0.45 0.005845016016196614
0.2 0 0.46 0.015250811204989499
0.2 0 0.47000000000000003 0.01649663363999042
0.2 0 0.48 0.019736453213841904
0.2 0 0.49 0.023802486384496457
0.2 0 0.5 0.017967639561166156
0.21 0 0.0 0.00022556716998573697
0.21 0 0.01 0.00021538671357888167
0.21 0 0.02 0.00022679751143265907
0.21 0 0.03 0.00019134545873230216
0.21 0 0.04 0.0001550537572953742
0.21 0 0.05 0.00014447860327995043
0.21 0 0.06 0.00012418802037884286
0.21 0 0.07 0.00011005234666826266
0.21 0 0.08 0.00014473044595167823
0.21 0 0.09 0.00019796536683886143
0.21 0 0.1 0.00014862970318796706
0.21 0 0.11 8.143687264999762e-05
0.21 0 0.12 6.820402771215275e-05
0.21 0 0.13 8.577682526668946e-05
0.21 0 0.14 0.00010111348114873951
0.21 0 0.15 0.0001144924498717566
0.21 0 0.16 0.00017371407963380308
0.21 0 0.17 0.0003191455863025862
0.21 0 0.18 0.00041490967325224197
0.21 0 0.19 0.0002908593171174853
0.21 0 0.2 0.00017501503048096526
0.21 0 0.21 0.0001724912754290651
0.21 0 0.22 0.00024402766053220593
0.21 0 0.23 0.0002765513136451111
0.21 0 0.24 0.0002937060212914018
0.21 0 0.25 0.000505406833460925
0.21 0 0.26 0.0008887716593263822
0.21 0 0.27 0.0006100222991962867
0.21 0 0.28 0.0002077677836427793
0.21 0 0.29 0.00010384363946217011
0.21 0 0.3 0.00010450053644588814
0.21 0 0.31 0.00014692720715333361
0.21 0 0.32 0.00024512525468562454
0.21 0 0.33 0.00039632366199648944
0.21 0 0.34 0.00043836849027083333
0.21 0 0.35000000000000003 0.00038113995381991624
0.21 0 0.36 0.00035485387362110593
0.21 0 0.37 0.0003038408023361357
0.21 0 0.38 0.000273992317470183
0.21 0 0.39 0.0004843311838074
0.21 0 0.4 0.0010991950416783388
0.21 0 0.41000000000000003 0.0009014232388555937
0.21 0 0.42 0.0003666769237485138
0.21 0 0.43 0.000372347081952945
0.21 0 0.44 0.00091990243310615
0.21 0 0.45 0.0013709541295801669
0.21 0 0.46 0.0013695054890140632
0.21 0 0.47000000000000003 0.002678670702143171
0.21 0 0.48 0.006288469240492473
0.21 0 0.49 0.006293098292823178
0.21 0 0.5 0.0051290966054034276
0.22 0 0.0 0.0001616424737656274
0.22 0 0.01 0.00021712652028600218
0.22 0 0.02 9.905666230367361e-05
0.22 0 0.03 3.5705036715631835e-05
0.22 0 0.04 4.68500220820781e-05
0.22 0 0.05 0.00012986501259560436
0.22 0 0.06 0.0001578329441381268
0.22 0 0.07 9.588777714593272e-05
0.22 0 0.08 9.163400036679561e-05
0.22 0 0.09 0.00011993472681335692
0.22 0 0.1 8.538796618979553e-05
0.22 0 0.11 4.064654546574251e-05
0.22 0 0.12 3.776260593708832e-05
0.22 0 0.13 8.569041085398685e-05
0.22 0 0.14 0.00018695590774295428
0.22 0 0.15 0.00019239666396460447
0.22 0 0.16 0.0001534096967082249
0.22 0 0.17 0.00021723719427532194
0.22 0 0.18 0.000394410985502894
0.22 0 0.19 0.00031989292382966035
0.22 0 0.2 0.00012281096446921302
0.22 0 0.21 7.24298499226123e-05
0.22 0 0.22 9.505211526845755e-05
0.22 0 0.23 0.00012196713057250202
0.22 0 0.24 0.00010388595297724906
0.22 0 0.25 0.00010023315688849363
0.22 0 0.26 0.0001393547003781381
0.22 0 0.27 0.0001667168609102913
0.22 0 0.28 0.00011084883485698746
0.22 0 0.29 5.5537413674715224e-05
0.22 0 0.3 4.8677388228729467e-05
0.22 0 0.31 0.00010958130992711456
0.22 0 0.32 0.0002650272426053135
0.22 0 0.33 0.00024624095259212074
0.22 0 0.34 0.00015891125198731147
0.22 0 0.35000000000000003 0.00023686309823704225
0.22 0 0.36 0.0004470057325969716
0.22 0 0.37 0.00027986646064113264
0.22 0 0.38 0.00012793864873554832
0.22 0 0.39 0.00024032141066859192
0.22 0 0.4 0.0010619048123128286
0.22 0 0.41000000000000003 0.0018752076827964468
0.22 0 0.42 0.0015095558089829738
0.22 0 0.43 0.0017351250498923929
0.22 0 0.44 0.0020374166495364535
0.22 0 0.45 0.0010791349539869212
0.22 0 0.46 0.0004460954569016611
0.22 0 0.47000000000000003 0.0003590088077508617
0.22 0 0.48 0.000572765657194455
0.22 0 0.49 0.0012845068774270136
0.22 0 0.5 0.0025810444154291613
0.23 0 0.0 3.6527757488162796e-05
0.23 0 0.01 4.326751573369828e-05
0.23 0 0.02 4.3950457854511e-05
0.23 0 0.03 5.9874315157073523e-05
0.23 0 0.04 8.770325469702515e-05
0.23 0 0.05 6.777498435224199e-05
0.23 0 0.06 3.860603116555689e-05
0.23 0 0.07 3.954363119654416e-05
0.23 0 0.08 5.5235843390739593e-05
0.23 0 0.09 4.373193796316176e-05
0.23 0 0.1 2.3456038236077655e-05
0.23 0 0.11 1.7467188192974348e-05
0.23 0 0.12 1.5985072613858154e-05
0.23 0 0.13 1.0997324337898844e-05
0.23 0 0.14 7.384695721650202e-06
0.23 0 0.15 9.285795486455218e-06
0.23 0 0.16 2.1264078292614936e-05
0.23 0 0.17 4.0404402048870116e-05
0.23 0 0.18 3.63883088224053e-05
0.23 0 0.19 2.4134294077323595e-05
0.23 0 0.2 2.692065558551214e-05
0.23 0 0.21 4.727450058524372e-05
0.23 0 0.22 6.0177690193023214e-05
0.23 0 0.23 5.1872083225210795e-05
0.23 0 0.24 5.961384323787524e-05
0.23 0 0.25 0.00010006320733482224
0.23 0 0.26 0.0001454294144145156
0.23 0 0.27 0.00018526490960263562
0.23 0 0.28 0.0003219390096210731
0.23 0 0.29 0.0006886126291572145
0.23 0 0.3 0.0010317918465165884
0.23 0 0.31 0.0007551466656329809
0.23 0 0.32 0.0002902473871335687
0.23 0 0.33 0.00011003888403600531
0.23 0 0.34 8.829877277528907e-05
0.23 0 0.35000000000000003 0.00011794703828414703
0.23 0 0.36 0.00010414073038837863
0.23 0 0.37 7.780398036461008e-05
0.23 0 0.38 0.00014774789049541134
0.23 0 0.39 0.0004762412169428985
0.23 0 0.4 0.0006171332895924422
0.23 0 0.41000000000000003 0.00040870806915436987
0.23 0 0.42 0.0005082047619561349
0.23 0 0.43 0.0007946845162802794
0.23 0 0.44 0.00047192534043640015
0.23 0 0.45 0.00020942756433536036
0.23 0 0.46 0.0002834494063809414
0.23 0 0.47000000000000003 0.0008319784007291081
0.23 0 0.48 0.0018676575272343293
0.23 0 0.49 0.003510055468126321
0.23 0 0.5 0.0077108959144672265
0.24 0 0.0 8.020536177075734e-05
0.24 0 0.01 0.00015816209383680857
0.24 0 0.02 0.0002119093915115225
0.24 0 0.03 0.000524196126301316
0.24 0 0.04 0.0011549601703774205
0.24 0 0.05 0.0006470920960224663
0.24 0 0.06 0.00017911152141720688
0.24 0 0.07 0.00011450515629406096
0.24 0 0.08 0.00017904749685978392
0.24 0 0.09 0.00022607458394984496
0.24 0 0.1 0.0001384730341028839
0.24 0 0.11 6.464026240785215e-05
0.24 0 0.12 3.9281696109010385e-05
0.24 0 0.13 3.0110442269971657e-05
0.24 0 0.14 2.091645187617032e-05
0.24 0 0.15 1.5812658675533306e-05
0.24 0 0.16 2.478425120983461e-05
0.24 0 0.17 7.310632490040705e-05
0.24 0 0.18 0.0001416732488031111
0.24 0 0.19 0.00011280428066752978
0.24 0 0.2 7.926598537442338e-05
0.24 0 0.21 8.909908397061407e-05
0.24 0 0.22 0.00010543572373198435
0.24 0 0.23 8.989221353831069e-05
0.24 0 0.24 8.917436614443633e-05
0.24 0 0.25 0.00018780836732012416
0.24 0 0.26 0.0006499613779801582
0.24 0 0.27 0.001397367596020953
0.24 0 0.28 0.0011078748244649544
0.24 0 0.29 0.0006448303703818982
0.24 0 0.3 0.000625088796133766
0.24 0 0.31 0.0005889652366695614
0.24 0 0.32 0.00021978207119838079
0.24 0 0.33 6.955282819914798e-05
0.24 0 0.34 7.352423330678537e-05
0.24 0 0.35000000000000003 0.00015874307735757963
0.24 0 0.36 0.0001833040298189014
0.24 0 0.37 0.00016924897135337546
0.24 0 0.38 0.0003692404597554237
0.24 0 0.39 0.0009520486642883395
0.24 0 0.4 0.0008158773107289456
0.24 0 0.41000000000000003 0.000376285885280111
0.24 0 0.42 0.0003233559320264205
0.24 0 0.43 0.0006048696268197697
0.24 0 0.44 0.0015939583904482364
0.24 0 0.45 0.004490874419972531
0.24 0 0.46 0.009208708880341239
0.24 0 0.47000000000000003 0.013166719369254771
0.24 0 0.48 0.023840454209955755
0.24 0 0.49 0.052532728138027236
0.24 0 0.5 0.06376492801380176
0.25 0 0.0 5.5214184189441934e-06
0.25 0 0.01 2.832255174199908e-06
0.25 0 0.02 2.8844446607093317e-06
0.25 0 0.03 4.555773942039437e-06
0.25 0 0.04 4.047991135737212e-06
0.25 0 0.05 2.7655488601654876e-06
0.25 0 0.06 3.5002150844071103e-06
0.25 0 0.07 4.996389432182511e-06
0.25 0 0.08 3.2486705607360816e-06
0.25 0 0.09 1.6348341826713123e-06
0.25 0 0.1 1.8366397563896355e-06
0.25 0 0.11 3.8953590441965795e-06
0.25 0 0.12 6.085250775256e-06
0.25 0 0.13 5.2438204447958905e-06
0.25 0 0.14 4.204456144960909e-06
0.25 0 0.15 5.175410175460623e-06
0.25 0 0.16 8.725409932080568e-06
0.25 0 0.17 1.2804477923937989e-05
0.25 0 0.18 1.6237757655156716e-05
0.25 0 0.19 2.6765636621789592e-05
0.25 0 0.2 4.947522206807937e-05
0.25 0 0.21 5.176856460790776e-05
0.25 0 0.22 3.3612469066704006e-05
0.25 0 0.23 3.6888408692663645e-05
0.25 0 0.24 0.00010072257320556593
0.25 0 0.25 0.0003121594866021735
0.25 0 0.26 0.000514857763220753
0.25 0 0.27 0.0005196896456735255
0.25 0 0.28 0.000588335126467364
0.25 0 0.29 0.0009531171367987463
0.25 0 0.3 0.0014003744182744535
0.25 0 0.31 0.0011517628330894717
0.25 0 0.32 0.0008417778923442644
0.25 0 0.33 0.0011617899003102136
0.25 0 0.34 0.0018001737574162362
0.25 0 0.35000000000000003 0.001117575951066371
0.25 0 0.36 0.0005070152521484874
0.25 0 0.37 0.0006317396321902049
0.25 0 0.38 0.0012094756581915098
0.25 0 0.39 0.0008000038707873916
0.25 0 0.4 0.00030351388414726386
0.25 0 0.41000000000000003 0.0003143462345632825
0.25 0 0.42 0.0007080785229382548
0.25 0 0.43 0.00102669811252086
0.25 0 0.44 0.0010673916135336586
0.25 0 0.45 0.0016043708335637733
0.25 0 0.46 0.002756865909738837
0.25 0 0.47000000000000003 0.0035370962001308143
0.25 0 0.48 0.0037791822166479924
0.25 0 0.49 0.003526468136532039
0.25 0 0.5 0.0033189783036475557
0.26 0 0.0 3.2675836224957836e-06
0.26 0 0.01 7.910995080475045e-07
0.26 0 0.02 5.14322101616708e-07
0.26 0 0.03 8.226555484140766e-07
0.26 0 0.04 1.0970615280314658e-06
0.26 0 0.05 1.1101245321127443e-06
0.26 0 0.06 1.3379564683804245e-06
0.26 0 0.07 1.6896328648995116e-06
0.26 0 0.08 1.5173058711446939e-06
0.26 0 0.09 9.353989738934141e-07
0.26 0 0.1 5.658289986536356e-07
0.26 0 0.11 5.790916099115132e-07
0.26 0 0.12 1.1282121403912715e-06
0.26 0 0.13 2.137896741065669e-06
0.26 0 0.14 2.4111599831234014e-06
0.26 0 0.15 2.710687095478285e-06
0.26 0 0.16 4.831011491965667e-06
0.26 0 0.17 7.67802758344017e-06
0.26 0 0.18 6.6579611676123556e-06
0.26 0 0.19 6.230195619741988e-06
0.26 0 0.2 1.3800721040650506e-05
0.26 0 0.21 4.884578688935349e-05
0.26 0 0.22 0.00010678420279790466
0.26 0 0.23 0.00011664621406658467
0.26 0 0.24 0.00011385849037755002
0.26 0 0.25 0.0001425734574577579
0.26 0 0.26 0.00015608330379123642
0.26 0 0.27 0.00011322236862362393
0.26 0 0.28 0.00011037630466271497
0.26 0 0.29 0.0002869647663256525
0.26 0 0.3 0.0009168733680946872
0.26 0 0.31 0.0011603349961113202
0.26 0 0.32 0.0009541576511557907
0.26 0 0.33 0.0015451330226677713
0.26 0 0.34 0.003052956143545866
0.26 0 0.35000000000000003 0.0023984366204375203
0.26 0 0.36 0.0011259394145404207
0.26 0 0.37 0.0009695213849800188
0.26 0 0.38 0.0015286449602227564
0.26 0 0.39 0.0025964523690938045
0.26 0 0.4 0.004809388343833098
0.26 0 0.41000000000000003 0.009480125044252097
0.26 0 0.42 0.014439274988930773
0.26 0 0.43 0.01724093171066669
0.26 0 0.44 0.016682059345910053
0.26 0 0.45 0.010305430815953278
0.26 0 0.46 0.00661021887221327
0.26 0 0.47000000000000003 0.011057558378261723
0.26 0 0.48 0.027324302381304597
0.26 0 0.49 0.024588022965299678
0.26 0 0.5 0.012693570418008414
0.27 0 0.0 2.597135485495934e-06
0.27 0 0.01 2.8870040061055026e-06
0.27 0 0.02 4.511006463216918e-06
0.27 0 0.03 2.523877670105951e-06
0.27 0 0.04 8.626387757759236e-07
0.27 0 0.05 6.851648508415198e-07
0.27 0 0.06 1.0063196159686242e-06
0.27 0 0.07 1.0062668019463746e-06
0.27 0 0.08 7.073194912074271e-07
0.27 0 0.09 6.145203684053173e-07
0.27 0 0.1 6.375691028403665e-07
0.27 0 0.11 5.752705957121592e-07
0.27 0 0.12 4.936272467698789e-07
0.27 0 0.13 6.498741937966241e-07
0.27 0 0.14 1.903496603704825e-06
0.27 0 0.15 8.519941365578783e-06
0.27 0 0.16 2.150180958720179e-05
0.27 0 0.17 2.2663522283410208e-05
0.27 0 0.18 2.539989191470372e-05
0.27 0 0.19 5.922965964076389e-05
0.27 0 0.2 0.00015009984222635368
0.27 0 0.21 0.0001966722258607302
0.27 0 0.22 0.00018592626789649171
0.27 0 0.23 0.00021924560578877458
0.27 0 0.24 0.00024139818776475766
0.27 0 0.25 0.00014327229149570437
0.27 0 0.26 5.993757887189535e-05
0.27 0 0.27 4.5316917663630114e-05
0.27 0 0.28 8.660763795495016e-05
0.27 0 0.29 0.0001653165314129173
0.27 0 0.3 0.00012913617172650735
0.27 0 0.31 7.953424225091939e-05
0.27 0 0.32 0.00011327796088717234
0.27 0 0.33 0.00020453428059737742
0.27 0 0.34 0.00013589192491251836
0.27 0 0.35000000000000003 6.294718335650547e-05
0.27 0 0.36 9.219410035857686e-05
0.27 0 0.37 0.0002853614178930699
0.27 0 0.38 0.00041590865167397806
0.27 0 0.39 0.0003093142965349399
0.27 0 0.4 0.00034557953377608913
0.27 0 0.41000000000000003 0.0005523029240094025
0.27 0 0.42 0.0006389574974247876
0.27 0 0.43 0.0005775543234117535
0.27 0 0.44 0.0005954679498589166
0.27 0 0.45 0.0007392828372053114
0.27 0 0.46 0.0010825617514504476
0.27 0 0.47000000000000003 0.0013548784736988502
0.27 0 0.48 0.0008840675397821429
0.27 0 0.49 0.0005193747766632743
0.27 0 0.5 0.0007990753879451681
0.28 0 0.0 7.97016510367103e-06
0.28 0 0.01 1.1585443598931552e-05
0.28 0 0.02 1.6958492929341333e-05
0.28 0 0.03 1.3609911626286964e-05
0.28 0 0.04 7.867155521263754e-06
0.28 0 0.05 5.386387739919781e-06
0.28 0 0.06 5.5785534863970445e-06
0.28 0 0.07 9.09842732521735e-06
0.28 0 0.08 1.4886023979977322e-05
0.28 0 0.09 1.400338402817518e-05
0.28 0 0.1 1.0193246807840735e-05
0.28 0 0.11 1.0360229837666386e-05
0.28 0 0.12 1.0368804511553531e-05
0.28 0 0.13 6.16266769996193e-06
0.28 0 0.14 4.283051769831811e-06
0.28 0 0.15 8.095067757456165e-06
0.28 0 0.16 2.464575457707971e-05
0.28 0 0.17 4.357991217429566e-05
0.28 0 0.18 4.472968626288936e-05
0.28 0 0.19 4.6261469012151195e-05
0.28 0 0.2 4.6333548934820076e-05
0.28 0 0.21 3.071718155490843e-05
0.28 0 0.22 1.614607431733263e-05
0.28 0 0.23 1.3286098306514203e-05
0.28 0 0.24 2.067492242268868e-05
0.28 0 0.25 2.8335867154469628e-05
0.28 0 0.26 1.752477619245178e-05
0.28 0 0.27 8.744852566358618e-06
0.28 0 0.28 9.327673392311051e-06
0.28 0 0.29 1.6612182638692157e-05
0.28 0 0.3 1.9980788777182976e-05
0.28 0 0.31 1.7464630330955614e-05
0.28 0 0.32 2.023675758272853e-05
0.28 0 0.33 2.5085382479584735e-05
0.28 0 0.34 2.2409874169307415e-05
0.28 0 0.35000000000000003 2.3335756302122718e-05
0.28 0 0.36 4.651438275621694e-05
0.28 0 0.37 0.00012036434310251907
0.28 0 0.38 0.00022929473509189217
0.28 0 0.39 0.0002618144178073324
0.28 0 0.4 0.00017563392576651986
0.28 0 0.41000000000000003 0.00011549202489950914
0.28 0 0.42 0.00017322190554245684
0.28 0 0.43 0.0004675223186126104
0.28 0 0.44 0.0007394636806274417
0.28 0 0.45 0.0007009236293092621
0.28 0 0.46 0.0009654628730637289
0.28 0 0.47000000000000003 0.0012378647995833379
0.28 0 0.48 0.0005479192165099533
0.28 0 0.49 0.00019862393882872837
0.28 0 0.5 0.00024834289992896634
0.29 0 0.0 3.0124363352537977e-05
0.29 0 0.01 5.6234865293969625e-05
0.29 0 0.02 4.6762721136707793e-05
0.29 0 0.03 2.9548436248187367e-05
0.29 0 0.04 3.826551028506218e-05
0.29 0 0.05 6.777253891624464e-05
0.29 0 0.06 7.010325711794991e-05
0.29 0 0.07 4.585362665112304e-05
0.29 0 0.08 3.296601911950947e-05
0.29 0 0.09 3.250176392255114e-05
0.29 0 0.1 3.362841752772086e-05
0.29 0 0.11 2.0155745919462427e-05
0.29 0 0.12 6.070533770857258e-06
0.29 0 0.13 2.222141559653034e-06
0.29 0 0.14 2.1230501151079425e-06
0.29 0 0.15 3.011604640058231e-06
0.29 0 0.16 2.927744333744938e-06
0.29 0 0.17 2.9149654736683336e-06
0.29 0 0.18 4.844993952135654e-06
0.29 0 0.19 6.471645453587488e-06
0.29 0 0.2 3.3600269724048894e-06
0.29 0 0.21 1.4801326052555702e-06
0.29 0 0.22 1.930970324034575e-06
0.29 0 0.23 6.543908742016701e-06
0.29 0 0.24 1.6265990068437673e-05
0.29 0 0.25 1.6680938189434625e-05
0.29 0 0.26 1.550196894728934e-05
0.29 0 0.27 2.623663880396357e-05
0.29 0 0.28 4.104287916646709e-05
0.29 0 0.29 2.542392494645401e-05
0.29 0 0.3 1.3298104387806052e-05
0.29 0 0.31 2.0238004754238786e-05
0.29 0 0.32 5.0870599698280854e-05
0.29 0 0.33 5.007482820998684e-05
0.29 0 0.34 2.487856881272583e-05
0.29 0 0.35000000000000003 2.3382979720529785e-05
0.29 0 0.36 3.974213717555895e-05
0.29 0 0.37 4.425424233754552e-05
0.29 0 0.38 3.2591593470766556e-05
0.29 0 0.39 3.455544408524434e-05
0.29 0 0.4 6.0086441674470964e-05
0.29 0 0.41000000000000003 0.00010528220947593966
0.29 0 0.42 0.00012090724024974325
0.29 0 0.43 8.948505209496665e-05
0.29 0 0.44 8.825855599646281e-05
0.29 0 0.45 0.00024022407427987344
0.29 0 0.46 0.0008233352556440819
0.29 0 0.47000000000000003 0.000880103199999948
0.29 0 0.48 0.0004931804545647901
0.29 0 0.49 0.0006945209787190752
0.29 0 0.5 0.0016213411223106754
0.3 0 0.0 3.662515620908275e-05
0.3 0 0.01 4.18737545455126e-05
0.3 0 0.02 5.5893495400297236e-05
0.3 0 0.03 7.622507258062257e-05
0.3 0 0.04 7.21871488504908e-05
0.3 0 0.05 5.536012143360661e-05
0.3 0 0.06 6.405466970542701e-05
0.3 0 0.07 8.55125348637395e-05
0.3 0 0.08 5.889473794388772e-05
0.3 0 0.09 2.8973500027282643e-05
0.3 0 0.1 2.4477067081828658e-05
0.3 0 0.11 2.6338235811973248e-05
0.3 0 0.12 1.748023840901391e-05
0.3 0 0.13 1.1108574702446044e-05
0.3 0 0.14 1.354885449397719e-05
0.3 0 0.15 1.9140510791947936e-05
0.3 0 0.16 1.409584569006365e-05
0.3 0 0.17 7.119932899374621e-06
0.3 0 0.18 5.235456359133605e-06
0.3 0 0.19 6.038800942225135e-06
0.3 0 0.2 6.713306384671886e-06
0.3 0 0.21 5.592741916019035e-06
0.3 0 0.22 4.5860032107381115e-06
0.3 0 0.23 5.136770481545953e-06
0.3 0 0.24 6.592787122193905e-06
0.3 0 0.25 6.6918239010977055e-06
0.3 0 0.26 6.330815001582136e-06
0.3 0 0.27 8.026814826478511e-06
0.3 0 0.28 1.0196248366785365e-05
0.3 0 0.29 8.220815028233226e-06
0.3 0 0.3 6.042301843408377e-06
0.3 0 0.31 7.4911023196951606e-06
0.3 0 0.32 1.3409672360153401e-05
0.3 0 0.33 2.0745609201020852e-05
0.3 0 0.34 2.4147794789300753e-05
0.3 0 0.35000000000000003 2.2650649631127634e-05
0.3 0 0.36 2.1162729666740567e-05
0.3 0 0.37 3.0479776753078e-05
0.3 0 0.38 6.646918211360515e-05
0.3 0 0.39 0.00011747586231998645
0.3 0 0.4 0.00015345046281871693
0.3 0 0.41000000000000003 0.00023786580870551605
0.3 0 0.42 0.00031687620518448524
0.3 0 0.43 0.0001958325190802723
0.3 0 0.44 0.00012790183039709148
0.3 0 0.45 0.0002911384578407462
0.3 0 0.46 0.0012016963447643956
0.3 0 0.47000000000000003 0.0025163092926472263
0.3 0 0.48 0.0037346839033312717
0.3 0 0.49 0.0075297067674883695
0.3 0 0.5 0.009536262827386567
#STOP
