#MEDIUM_PROPERTIES_DISTRIBUTED
$MSH_TYPE
	 GROUNDWATER_FLOW	
$MMP_TYPE
	 PERMEABILITY	
$DIS_TYPE
	 NEAREST_VALUE	
;hj
$CONVERSION_FACTOR
2e-8;2e-6;2e-13
$DATA
0.0 0 0.0 1.0306067639317593
0.0 0 0.01 0.6272434282264786
0.0 0 0.02 0.20399212240582984
0.0 0 0.03 0.43489978712588706
0.0 0 0.04 0.31200984656033626
0.0 0 0.05 0.4094997706168133
0.0 0 0.06 0.6723590462773396
0.0 0 0.07 0.8330850166619995
0.0 0 0.08 0.8073982187806449
0.0 0 0.09 1.131423263353553
0.0 0 0.1 1.3501673852937792
0.0 0 0.11 1.3905915414503458
0.0 0 0.12 1.304995178997376
0.0 0 0.13 1.6798263495665202
0.0 0 0.14 1.283340070542334
0.0 0 0.15 1.1648066886736785
0.0 0 0.16 1.973298410527131
0.0 0 0.17 1.9962629314444291
0.0 0 0.18 1.3985859450495028
0.0 0 0.19 0.6381418204431786
0.0 0 0.2 1.4924890140987224
0.0 0 0.21 1.3294336769712545
0.0 0 0.22 0.8384808998294433
0.0 0 0.23 1.0398492272527469
0.0 0 0.24 1.5176417685397496
0.0 0 0.25 1.2229270158684573
0.0 0 0.26 2.156771234602532
0.0 0 0.27 2.25180179852483
0.0 0 0.28 3.264348626349725
0.0 0 0.29 6.023092899117094
0.0 0 0.3 6.937180557850131
0.0 0 0.31 4.629235217785583
0.0 0 0.32 5.308548583798496
0.0 0 0.33 12.564123146494847
0.0 0 0.34 8.62413367227754
0.0 0 0.35000000000000003 6.276075564263362
0.0 0 0.36 2.8591087875322025
0.0 0 0.37 2.8283217462947308
0.0 0 0.38 2.466366701191266
0.0 0 0.39 4.491333534384966
0.0 0 0.4 3.4742882454979274
0.0 0 0.41000000000000003 3.039309842321947
0.0 0 0.42 1.2742499686624003
0.0 0 0.43 1.1060439014604457
0.0 0 0.44 4.232456915082378
0.0 0 0.45 4.523324794305402
0.0 0 0.46 2.6866031257417644
0.0 0 0.47000000000000003 2.3279806482628795
0.0 0 0.48 1.9269569650053056
0.0 0 0.49 1.4915736159642836
0.0 0 0.5 1.6831521843750354
0.01 0 0.0 0.7009855998084445
0.01 0 0.01 0.6256422889584148
0.01 0 0.02 0.4187864207129953
0.01 0 0.03 0.4251870282711447
0.01 0 0.04 0.2607194308591971
0.01 0 0.05 0.2691978791056437
0.01 0 0.06 0.17665321559062747
0.01 0 0.07 0.3064920807961336
0.01 0 0.08 0.7123255405345618
0.01 0 0.09 1.1298908324916388
0.01 0 0.1 1.0518251627873498
0.01 0 0.11 0.9330147883781185
0.01 0 0.12 0.48481278879148804
0.01 0 0.13 0.2706362116627398
0.01 0 0.14 0.4169929732563604
0.01 0 0.15 0.814531312902018
0.01 0 0.16 2.116304340227837
0.01 0 0.17 3.5538986404979993
0.01 0 0.18 2.4551967637853926
0.01 0 0.19 2.3516638927945
0.01 0 0.2 1.964600145755461
0.01 0 0.21 3.0510655514856433
0.01 0 0.22 2.4783160895378793
0.01 0 0.23 2.375037925019988
0.01 0 0.24 2.704431293698031
0.01 0 0.25 1.6027998943352335
0.01 0 0.26 1.9451921799983642
0.01 0 0.27 1.4735827920972464
0.01 0 0.28 1.2515831472044783
0.01 0 0.29 1.4505779516647463
0.01 0 0.3 1.5720315877663973
0.01 0 0.31 0.5883941984138893
0.01 0 0.32 0.5868433365313258
0.01 0 0.33 0.47442380229332903
0.01 0 0.34 0.43465728048052105
0.01 0 0.35000000000000003 0.9432735770175169
0.01 0 0.36 1.7366688064786722
0.01 0 0.37 1.698861902694709
0.01 0 0.38 1.8231465535640692
0.01 0 0.39 1.6903092908313453
0.01 0 0.4 1.606625924599784
0.01 0 0.41000000000000003 2.6047441737505985
0.01 0 0.42 2.8222013820263
0.01 0 0.43 3.5393543417713085
0.01 0 0.44 4.645635682585074
0.01 0 0.45 5.42465360917884
0.01 0 0.46 1.2544630707525488
0.01 0 0.47000000000000003 2.076828425126918
0.01 0 0.48 1.855226322229898
0.01 0 0.49 1.4657971689437248
0.01 0 0.5 4.835993927596616
0.02 0 0.0 0.8430158773771639
0.02 0 0.01 0.5267121712162228
0.02 0 0.02 0.8920711401484424
0.02 0 0.03 0.7877845778106731
0.02 0 0.04 0.619374408488838
0.02 0 0.05 0.48888846902103544
0.02 0 0.06 0.8961251569233236
0.02 0 0.07 0.7637332018790604
0.02 0 0.08 0.7002382996452785
0.02 0 0.09 0.6381000815669691
0.02 0 0.1 0.3402803382757032
0.02 0 0.11 0.36477987386779126
0.02 0 0.12 0.45326225848795065
0.02 0 0.13 0.38132409170832526
0.02 0 0.14 0.3671159032028128
0.02 0 0.15 0.7036187269929479
0.02 0 0.16 0.5934930431926215
0.02 0 0.17 1.9360116474570883
0.02 0 0.18 1.3280113125946134
0.02 0 0.19 1.8185152999711482
0.02 0 0.2 1.9230836058989662
0.02 0 0.21 1.7158258486550062
0.02 0 0.22 3.5872131444661446
0.02 0 0.23 3.323669117210564
0.02 0 0.24 2.330992578439455
0.02 0 0.25 2.97032868831722
0.02 0 0.26 2.956278817493879
0.02 0 0.27 1.1090173723705998
0.02 0 0.28 1.361406826040321
0.02 0 0.29 0.8886363411570127
0.02 0 0.3 0.3454741082162266
0.02 0 0.31 0.19796928353682744
0.02 0 0.32 0.41065597875563553
0.02 0 0.33 0.3779695324731639
0.02 0 0.34 0.32957798912134834
0.02 0 0.35000000000000003 0.3406087731198097
0.02 0 0.36 0.25271213518998337
0.02 0 0.37 0.34431886220459973
0.02 0 0.38 0.6933442865457872
0.02 0 0.39 0.5592489904842185
0.02 0 0.4 0.5170643921468951
0.02 0 0.41000000000000003 0.8070776242519174
0.02 0 0.42 1.620208109032891
0.02 0 0.43 2.0385983561423524
0.02 0 0.44 3.8568962959735194
0.02 0 0.45 7.084906967456499
0.02 0 0.46 3.7617738016447473
0.02 0 0.47000000000000003 2.5777218590009783
0.02 0 0.48 2.291599124984405
0.02 0 0.49 2.7791589320883867
0.02 0 0.5 4.013018781924333
0.03 0 0.0 1.4178733218908413
0.03 0 0.01 0.7539104661452768
0.03 0 0.02 1.1105108384345042
0.03 0 0.03 0.8048559787564533
0.03 0 0.04 0.7377004330725245
0.03 0 0.05 0.4605224089597794
0.03 0 0.06 0.3742554058058588
0.03 0 0.07 1.1453810941943663
0.03 0 0.08 0.7718980481801524
0.03 0 0.09 0.21236155444993757
0.03 0 0.1 0.3248663727990066
0.03 0 0.11 0.2781984328986552
0.03 0 0.12 0.4322319723225353
0.03 0 0.13 0.37889594334194937
0.03 0 0.14 0.34820017748419474
0.03 0 0.15 0.30310596037682147
0.03 0 0.16 0.31459063483217437
0.03 0 0.17 0.43160795281052905
0.03 0 0.18 0.39030160436652495
0.03 0 0.19 0.5446122793214039
0.03 0 0.2 0.7363908958277837
0.03 0 0.21 1.4168870537972433
0.03 0 0.22 1.5652298445904744
0.03 0 0.23 3.596403549969585
0.03 0 0.24 2.037141587161333
0.03 0 0.25 1.2852864514746216
0.03 0 0.26 2.257683743121565
0.03 0 0.27 1.235269819009886
0.03 0 0.28 0.6706111042261976
0.03 0 0.29 1.0522018234363961
0.03 0 0.3 0.4838825820020154
0.03 0 0.31 0.5141251148195651
0.03 0 0.32 0.6850732195700213
0.03 0 0.33 0.5064829345426071
0.03 0 0.34 0.4790828931035865
0.03 0 0.35000000000000003 0.5056431546992269
0.03 0 0.36 0.4219224823963929
0.03 0 0.37 0.23478021270178576
0.03 0 0.38 1.6646273686957718
0.03 0 0.39 0.8082560554445006
0.03 0 0.4 0.5437536197619525
0.03 0 0.41000000000000003 0.9857170814617146
0.03 0 0.42 0.8565951163084138
0.03 0 0.43 2.0369142157212563
0.03 0 0.44 2.781640460369968
0.03 0 0.45 2.2322618783396377
0.03 0 0.46 3.0887070139695028
0.03 0 0.47000000000000003 2.365945523038382
0.03 0 0.48 0.7435140840628929
0.03 0 0.49 0.922509880384763
0.03 0 0.5 1.955918490337957
0.04 0 0.0 3.1403754171391722
0.04 0 0.01 1.5645193244513997
0.04 0 0.02 1.1020494426519853
0.04 0 0.03 1.2689190143152345
0.04 0 0.04 0.5147593968919907
0.04 0 0.05 0.32820441826193164
0.04 0 0.06 0.29942067678258477
0.04 0 0.07 0.2751969428843333
0.04 0 0.08 0.7651158481168611
0.04 0 0.09 0.2710677202943225
0.04 0 0.1 0.43055380065889287
0.04 0 0.11 0.46990526271408606
0.04 0 0.12 0.2194658476222141
0.04 0 0.13 0.20757494452336944
0.04 0 0.14 0.16331296164790524
0.04 0 0.15 0.10633927162664665
0.04 0 0.16 0.1758927275537402
0.04 0 0.17 0.2745768152691614
0.04 0 0.18 0.24704424259238023
0.04 0 0.19 0.3203260753166521
0.04 0 0.2 0.5728438531500479
0.04 0 0.21 0.95024282955797
0.04 0 0.22 1.460980279481967
0.04 0 0.23 1.388067158256321
0.04 0 0.24 0.9116323596993067
0.04 0 0.25 0.7720381215189238
0.04 0 0.26 0.49241174983234404
0.04 0 0.27 0.8020872941324556
0.04 0 0.28 0.915363647878261
0.04 0 0.29 1.1144723160712082
0.04 0 0.3 1.0494559495283313
0.04 0 0.31 1.3861827369745894
0.04 0 0.32 0.8505290995084818
0.04 0 0.33 0.79525536152238
0.04 0 0.34 0.845799049714153
0.04 0 0.35000000000000003 0.5469859216213622
0.04 0 0.36 0.3461681558630467
0.04 0 0.37 0.42866096328860115
0.04 0 0.38 0.5505156981930999
0.04 0 0.39 0.5992816895139909
0.04 0 0.4 0.9664821911688182
0.04 0 0.41000000000000003 1.1889690413802831
0.04 0 0.42 1.9768182272219974
0.04 0 0.43 0.9553331873193572
0.04 0 0.44 2.423708517859674
0.04 0 0.45 1.0555079616014473
0.04 0 0.46 0.7322014671151202
0.04 0 0.47000000000000003 1.7327513311371636
0.04 0 0.48 0.6005866222929578
0.04 0 0.49 0.33087913619948944
0.04 0 0.5 0.6707311148030101
0.05 0 0.0 0.9864051538464296
0.05 0 0.01 1.605278988591514
0.05 0 0.02 0.8551902645862873
0.05 0 0.03 0.7531238899540869
0.05 0 0.04 0.5719323210610767
0.05 0 0.05 0.8655812538936455
0.05 0 0.06 0.8334497474140856
0.05 0 0.07 0.9316161094128746
0.05 0 0.08 0.5690980421533864
0.05 0 0.09 0.5692750740703765
0.05 0 0.1 0.8343453127427964
0.05 0 0.11 0.552086445487431
0.05 0 0.12 0.46888351205631235
0.05 0 0.13 0.18115312320012278
0.05 0 0.14 0.23969047250063472
0.05 0 0.15 0.13262363686109058
0.05 0 0.16 0.14909111528330432
0.05 0 0.17 0.18574137700232532
0.05 0 0.18 0.10783899429736561
0.05 0 0.19 0.3082238182165112
0.05 0 0.2 0.5292412330607358
0.05 0 0.21 0.31171994518517193
0.05 0 0.22 0.6295600524428074
0.05 0 0.23 0.4758362044964986
0.05 0 0.24 0.46038991714146
0.05 0 0.25 0.5949650218808523
0.05 0 0.26 0.5671067704088618
0.05 0 0.27 0.40149351681157
0.05 0 0.28 0.37819921127960165
0.05 0 0.29 1.6675008271778802
0.05 0 0.3 1.0614699461981068
0.05 0 0.31 2.4476139010321023
0.05 0 0.32 1.770795307147548
0.05 0 0.33 0.40790797264350726
0.05 0 0.34 0.43620384902339826
0.05 0 0.35000000000000003 0.2107109840919459
0.05 0 0.36 0.0949886519202514
0.05 0 0.37 0.20316888954938928
0.05 0 0.38 0.46005431204802116
0.05 0 0.39 0.2704233050179584
0.05 0 0.4 0.32477653190489625
0.05 0 0.41000000000000003 0.4518024626770545
0.05 0 0.42 0.6617931167103444
0.05 0 0.43 2.4825405634778286
0.05 0 0.44 3.4463562615146475
0.05 0 0.45 2.3704124093903065
0.05 0 0.46 2.3414676092498565
0.05 0 0.47000000000000003 0.9529617800039091
0.05 0 0.48 0.5258632788894569
0.05 0 0.49 0.42819620620855275
0.05 0 0.5 0.9092257406421705
0.06 0 0.0 0.7032174063351105
0.06 0 0.01 2.6418598687681487
0.06 0 0.02 3.8900245611633792
0.06 0 0.03 2.1898222734756843
0.06 0 0.04 1.1016572130392523
0.06 0 0.05 0.5720804395356383
0.06 0 0.06 0.5971532056176797
0.06 0 0.07 0.737048013693765
0.06 0 0.08 0.6548798928626374
0.06 0 0.09 1.1009879197890262
0.06 0 0.1 1.0513465326812237
0.06 0 0.11 0.5689501970967037
0.06 0 0.12 0.37778801631764475
0.06 0 0.13 0.4904193109596849
0.06 0 0.14 0.4266500975431834
0.06 0 0.15 0.9151387640722672
0.06 0 0.16 0.9217317519170896
0.06 0 0.17 0.28586161544781663
0.06 0 0.18 0.18738598644913831
0.06 0 0.19 0.2519144742030419
0.06 0 0.2 0.906071035070625
0.06 0 0.21 0.5685531331583846
0.06 0 0.22 0.7270617407668546
0.06 0 0.23 0.3367838598101053
0.06 0 0.24 0.1637818788869784
0.06 0 0.25 0.2529346810821531
0.06 0 0.26 0.2760185810151747
0.06 0 0.27 0.1946936691982819
0.06 0 0.28 0.3127650435446059
0.06 0 0.29 0.5984975055563256
0.06 0 0.3 0.5983635853643228
0.06 0 0.31 0.4511188977213946
0.06 0 0.32 0.3785826506519315
0.06 0 0.33 0.6121828222005558
0.06 0 0.34 0.31677652414297086
0.06 0 0.35000000000000003 0.3555969503909031
0.06 0 0.36 0.13699495507068835
0.06 0 0.37 0.1177174236358517
0.06 0 0.38 0.25073338499577635
0.06 0 0.39 0.34109441661964324
0.06 0 0.4 0.7432888957872117
0.06 0 0.41000000000000003 0.9775498152756448
0.06 0 0.42 1.0698046582645664
0.06 0 0.43 1.5278366797207767
0.06 0 0.44 1.3678076746431878
0.06 0 0.45 0.8220031879006113
0.06 0 0.46 1.1173949713522007
0.06 0 0.47000000000000003 1.0129757926205876
0.06 0 0.48 0.5623905058728779
0.06 0 0.49 0.47045932660236955
0.06 0 0.5 0.3666601204165472
0.07 0 0.0 3.567326200748401
0.07 0 0.01 5.126531674681114
0.07 0 0.02 2.543184548258089
0.07 0 0.03 1.7132600825188575
0.07 0 0.04 2.343640590064205
0.07 0 0.05 5.14773602966103
0.07 0 0.06 0.9417977818866334
0.07 0 0.07 0.8993979393546124
0.07 0 0.08 0.3912247050890979
0.07 0 0.09 0.149336851757225
0.07 0 0.1 0.5160366345609219
0.07 0 0.11 0.43494274126744664
0.07 0 0.12 0.334662838593999
0.07 0 0.13 0.4426278285133962
0.07 0 0.14 0.17527632633086904
0.07 0 0.15 0.1784714166973291
0.07 0 0.16 0.39011828004574994
0.07 0 0.17 0.7968193220762977
0.07 0 0.18 0.9608992423565914
0.07 0 0.19 0.47544698278557984
0.07 0 0.2 0.29545395064254526
0.07 0 0.21 0.15468370307907914
0.07 0 0.22 0.26970454253603604
0.07 0 0.23 0.23462710775767706
0.07 0 0.24 0.32764711971984056
0.07 0 0.25 0.7517510448384565
0.07 0 0.26 0.32653792842182255
0.07 0 0.27 0.19552771070806016
0.07 0 0.28 0.14645026936749658
0.07 0 0.29 0.17034495604582506
0.07 0 0.3 0.1433308297855881
0.07 0 0.31 0.3070585080584393
0.07 0 0.32 0.37292779118091196
0.07 0 0.33 0.22503308699582064
0.07 0 0.34 0.34607701838171656
0.07 0 0.35000000000000003 0.11212323159781516
0.07 0 0.36 0.10856302655039884
0.07 0 0.37 0.18876631427353313
0.07 0 0.38 0.25026501513621996
0.07 0 0.39 0.4532836797037204
0.07 0 0.4 0.47111396113274107
0.07 0 0.41000000000000003 0.520099345387065
0.07 0 0.42 0.528601059668094
0.07 0 0.43 0.8436460999112646
0.07 0 0.44 1.2104883191728266
0.07 0 0.45 1.1908786901274944
0.07 0 0.46 1.7501315492928684
0.07 0 0.47000000000000003 1.1014319956206267
0.07 0 0.48 0.5484998464294444
0.07 0 0.49 1.0615925510858089
0.07 0 0.5 0.9471968101624207
0.08 0 0.0 2.0600044094072625
0.08 0 0.01 1.9253288295483946
0.08 0 0.02 1.4544938808293397
0.08 0 0.03 2.2775723327175728
0.08 0 0.04 2.4914149696652093
0.08 0 0.05 1.2967586375264428
0.08 0 0.06 0.8119212581131929
0.08 0 0.07 0.40596559565500473
0.08 0 0.08 0.45592081833012527
0.08 0 0.09 0.5531548252549786
0.08 0 0.1 0.31352648751133333
0.08 0 0.11 0.3073502324245859
0.08 0 0.12 0.2403930864128121
0.08 0 0.13 0.8890649934167043
0.08 0 0.14 1.2851429113120434
0.08 0 0.15 0.7094046251360739
0.08 0 0.16 0.566866493333603
0.08 0 0.17 0.41258231446573335
0.08 0 0.18 0.5190047199202446
0.08 0 0.19 0.5502140310906825
0.08 0 0.2 0.27998213519591886
0.08 0 0.21 0.25266251696852643
0.08 0 0.22 0.3685037872349859
0.08 0 0.23 0.3281584149778712
0.08 0 0.24 0.3783613542216322
0.08 0 0.25 0.5096134987436123
0.08 0 0.26 0.5733450317638513
0.08 0 0.27 0.5263937497995967
0.08 0 0.28 0.7313652199445718
0.08 0 0.29 0.40411014249412713
0.08 0 0.3 0.21392149969747737
0.08 0 0.31 0.3721083464673545
0.08 0 0.32 0.44507206910921543
0.08 0 0.33 0.2947812396159716
0.08 0 0.34 0.20280042286382086
0.08 0 0.35000000000000003 0.08737393369080317
0.08 0 0.36 0.04893397729182049
0.08 0 0.37 0.19600868810571184
0.08 0 0.38 0.35632948217033233
0.08 0 0.39 0.27910129190631383
0.08 0 0.4 0.39802875007107885
0.08 0 0.41000000000000003 0.48000109460624757
0.08 0 0.42 0.5981694251170845
0.08 0 0.43 0.8094329543613393
0.08 0 0.44 1.8298095904914353
0.08 0 0.45 3.5655143565393583
0.08 0 0.46 3.580055445547002
0.08 0 0.47000000000000003 2.35054233365834
0.08 0 0.48 1.3966873450730586
0.08 0 0.49 0.7456618570995487
0.08 0 0.5 0.8784007287282531
0.09 0 0.0 1.640707244273477
0.09 0 0.01 3.055378580410563
0.09 0 0.02 0.930837830263985
0.09 0 0.03 2.2038486648311375
0.09 0 0.04 3.1153063901981914
0.09 0 0.05 1.2718459241476239
0.09 0 0.06 0.5928616820572045
0.09 0 0.07 0.4029083263715653
0.09 0 0.08 0.2707876408514776
0.09 0 0.09 0.39528038191240994
0.09 0 0.1 0.7131653918065965
0.09 0 0.11 0.5715336841049716
0.09 0 0.12 1.4095513858712032
0.09 0 0.13 3.889554449295672
0.09 0 0.14 2.5469704567596696
0.09 0 0.15 1.733815712543157
0.09 0 0.16 1.789016336657588
0.09 0 0.17 1.3361402260645214
0.09 0 0.18 2.044065041854894
0.09 0 0.19 2.2847775424222503
0.09 0 0.2 1.7373678188159465
0.09 0 0.21 0.9614065246921986
0.09 0 0.22 1.283560679032456
0.09 0 0.23 0.8722524963315531
0.09 0 0.24 0.6661705355454033
0.09 0 0.25 0.6949509525849165
0.09 0 0.26 0.2847520544005122
0.09 0 0.27 0.571867216422234
0.09 0 0.28 0.6640644416938043
0.09 0 0.29 0.5437723023682198
0.09 0 0.3 0.550781119321656
0.09 0 0.31 0.372114616180982
0.09 0 0.32 0.3275135158159245
0.09 0 0.33 0.32395107203346885
0.09 0 0.34 0.3034196141577137
0.09 0 0.35000000000000003 0.27510020584179046
0.09 0 0.36 0.1770473536258137
0.09 0 0.37 0.21586028764832707
0.09 0 0.38 0.19442201948765692
0.09 0 0.39 0.1999618944580507
0.09 0 0.4 0.42574464811723356
0.09 0 0.41000000000000003 0.7780452732016904
0.09 0 0.42 1.196765295889963
0.09 0 0.43 1.6709753181380014
0.09 0 0.44 1.1317908996785764
0.09 0 0.45 0.9580764807487447
0.09 0 0.46 1.37842232894324
0.09 0 0.47000000000000003 1.2209164173142268
0.09 0 0.48 0.8696828909591329
0.09 0 0.49 0.46142265625064
0.09 0 0.5 0.5746700836064119
0.1 0 0.0 3.080044550685772
0.1 0 0.01 2.0953347607604886
0.1 0 0.02 1.7033431868963984
0.1 0 0.03 1.9443558070336484
0.1 0 0.04 1.8056972523295116
0.1 0 0.05 0.7699917300817412
0.1 0 0.06 0.7796161571380322
0.1 0 0.07 1.0422299675733147
0.1 0 0.08 0.6498120815501977
0.1 0 0.09 0.728706149890599
0.1 0 0.1 0.503916622582355
0.1 0 0.11 0.4169562311694325
0.1 0 0.12 1.1088440782225892
0.1 0 0.13 2.973371785893662
0.1 0 0.14 1.9513643035596049
0.1 0 0.15 1.6958879317367566
0.1 0 0.16 2.525476940515707
0.1 0 0.17 2.95718457590876
0.1 0 0.18 3.6968587204906074
0.1 0 0.19 4.130556314014867
0.1 0 0.2 3.332264710511613
0.1 0 0.21 1.46221051212287
0.1 0 0.22 1.6277212416058198
0.1 0 0.23 1.051057387337728
0.1 0 0.24 0.5854573629695453
0.1 0 0.25 0.8832290182231016
0.1 0 0.26 1.0423554935598125
0.1 0 0.27 0.6131844681120108
0.1 0 0.28 0.5011664736908894
0.1 0 0.29 0.17927703985104718
0.1 0 0.3 0.16278795617365716
0.1 0 0.31 0.2779651299763047
0.1 0 0.32 0.25797104355246303
0.1 0 0.33 0.7135498395705133
0.1 0 0.34 0.6927090809787081
0.1 0 0.35000000000000003 0.5151127385388456
0.1 0 0.36 0.33221571633988894
0.1 0 0.37 0.20845004377847914
0.1 0 0.38 0.13953892515460434
0.1 0 0.39 0.42699158484265304
0.1 0 0.4 0.7643115164796996
0.1 0 0.41000000000000003 0.5483530265768017
0.1 0 0.42 0.4799279082912151
0.1 0 0.43 0.5507747231827442
0.1 0 0.44 0.6951596213011836
0.1 0 0.45 0.6743595513931805
0.1 0 0.46 0.5628438115110675
0.1 0 0.47000000000000003 0.43838043511863184
0.1 0 0.48 0.6978152349466107
0.1 0 0.49 0.4959778039695873
0.1 0 0.5 0.816986037323418
0.11 0 0.0 1.5599872352489499
0.11 0 0.01 1.0702407766051942
0.11 0 0.02 0.5116175039675551
0.11 0 0.03 0.869552427464521
0.11 0 0.04 1.0695688025146106
0.11 0 0.05 1.0800439824586479
0.11 0 0.06 0.614553992407202
0.11 0 0.07 0.6955381440580686
0.11 0 0.08 0.6273417900714536
0.11 0 0.09 0.7320999723325071
0.11 0 0.1 0.5388824312313195
0.11 0 0.11 0.45698068408483944
0.11 0 0.12 0.9437503430064194
0.11 0 0.13 1.324376497283065
0.11 0 0.14 0.7895855038520033
0.11 0 0.15 1.4181945186075313
0.11 0 0.16 1.368838004312406
0.11 0 0.17 0.6223487516893564
0.11 0 0.18 0.9113905013860675
0.11 0 0.19 0.5910119599035121
0.11 0 0.2 0.5277193777665364
0.11 0 0.21 1.5498103439136952
0.11 0 0.22 1.4595368629977425
0.11 0 0.23 0.7724133703576491
0.11 0 0.24 0.7426522589147858
0.11 0 0.25 0.6032183804431918
0.11 0 0.26 0.80302953012534
0.11 0 0.27 0.7381062190005824
0.11 0 0.28 0.5871295921220088
0.11 0 0.29 0.33139589330656355
0.11 0 0.3 0.3115469436568744
0.11 0 0.31 0.5029115631922941
0.11 0 0.32 0.6604361678654311
0.11 0 0.33 0.4934567555052142
0.11 0 0.34 1.0956796400587245
0.11 0 0.35000000000000003 1.055106360531705
0.11 0 0.36 0.4637126378593797
0.11 0 0.37 0.2858946227524325
0.11 0 0.38 0.20247843604781846
0.11 0 0.39 0.634728831217402
0.11 0 0.4 1.579739282371244
0.11 0 0.41000000000000003 1.5440742756531605
0.11 0 0.42 0.4397786124791273
0.11 0 0.43 0.48121945266787886
0.11 0 0.44 0.35542872829077116
0.11 0 0.45 0.6297880693443995
0.11 0 0.46 1.3333815722603146
0.11 0 0.47000000000000003 1.0317571873913236
0.11 0 0.48 1.2572816992230635
0.11 0 0.49 1.3280560391017224
0.11 0 0.5 1.0075201457077654
0.12 0 0.0 2.357411907782802
0.12 0 0.01 1.4734447215618378
0.12 0 0.02 1.0994175286836654
0.12 0 0.03 1.2173383376172682
0.12 0 0.04 0.7381141892517702
0.12 0 0.05 0.48626098913661914
0.12 0 0.06 0.7158951839442739
0.12 0 0.07 0.578773746018351
0.12 0 0.08 0.5413856340345042
0.12 0 0.09 0.6173108255547215
0.12 0 0.1 0.7467377817596398
0.12 0 0.11 1.9122964761027927
0.12 0 0.12 2.341383879075137
0.12 0 0.13 2.3122095152262725
0.12 0 0.14 0.9163091615384262
0.12 0 0.15 0.6292256597723569
0.12 0 0.16 0.5977585728631669
0.12 0 0.17 0.5941231204103194
0.12 0 0.18 0.7016366501259292
0.12 0 0.19 1.353296926883126
0.12 0 0.2 0.9317857343890146
0.12 0 0.21 1.4036389043470388
0.12 0 0.22 1.8065079153850125
0.12 0 0.23 0.7083453417135649
0.12 0 0.24 0.7441002693851931
0.12 0 0.25 0.4890104948315144
0.12 0 0.26 0.4203235661494807
0.12 0 0.27 0.2566399147012997
0.12 0 0.28 0.3018435628975364
0.12 0 0.29 0.22305512342622702
0.12 0 0.3 0.5775881484207351
0.12 0 0.31 0.5993385245600285
0.12 0 0.32 0.5083081314286677
0.12 0 0.33 0.6223560254788659
0.12 0 0.34 0.44848773316960694
0.12 0 0.35000000000000003 1.3615352602630513
0.12 0 0.36 1.5557470556976694
0.12 0 0.37 1.4415639211403573
0.12 0 0.38 2.2786660495487374
0.12 0 0.39 3.4709328169605755
0.12 0 0.4 2.1785058818637255
0.12 0 0.41000000000000003 1.8830104141857262
0.12 0 0.42 1.1610765858069292
0.12 0 0.43 0.8562197898474061
0.12 0 0.44 0.735407098375783
0.12 0 0.45 0.48157085091693785
0.12 0 0.46 0.2208568330571335
0.12 0 0.47000000000000003 0.4239203941554866
0.12 0 0.48 1.0114290794728982
0.12 0 0.49 0.8921896607139441
0.12 0 0.5 1.5958911837304417
0.13 0 0.0 1.3830699329894875
0.13 0 0.01 1.6154583455364757
0.13 0 0.02 1.7528857186956326
0.13 0 0.03 2.6621285260179413
0.13 0 0.04 1.1956909505359294
0.13 0 0.05 0.5394410985016679
0.13 0 0.06 0.9259197645254102
0.13 0 0.07 1.2499263235964528
0.13 0 0.08 2.0048798473244904
0.13 0 0.09 3.125333872164761
0.13 0 0.1 3.0242927529974457
0.13 0 0.11 1.6298180471125199
0.13 0 0.12 2.3262129259263338
0.13 0 0.13 1.8141511580144616
0.13 0 0.14 1.2659782384814748
0.13 0 0.15 1.230662739561449
0.13 0 0.16 0.41892014429462016
0.13 0 0.17 0.6230798933995687
0.13 0 0.18 0.6544291626997489
0.13 0 0.19 0.9192285679647578
0.13 0 0.2 2.130370333247385
0.13 0 0.21 3.204545454464051
0.13 0 0.22 1.5865184589715153
0.13 0 0.23 0.4669466067790636
0.13 0 0.24 0.3914210919522226
0.13 0 0.25 0.5692451054323839
0.13 0 0.26 0.5175102373519178
0.13 0 0.27 0.7064944316974257
0.13 0 0.28 0.562104294902701
0.13 0 0.29 0.3265180589456431
0.13 0 0.3 0.39198531999206226
0.13 0 0.31 0.4911773770666488
0.13 0 0.32 0.4774920883999516
0.13 0 0.33 0.6211018967083426
0.13 0 0.34 1.4748194205685503
0.13 0 0.35000000000000003 0.660743891605063
0.13 0 0.36 0.4835368684214185
0.13 0 0.37 0.5105307982666525
0.13 0 0.38 0.695262778848167
0.13 0 0.39 1.9260998165196301
0.13 0 0.4 2.1999286832308456
0.13 0 0.41000000000000003 1.4304464968356254
0.13 0 0.42 0.7717947799781661
0.13 0 0.43 0.6214218758697755
0.13 0 0.44 0.6717463028775018
0.13 0 0.45 0.6786017721378076
0.13 0 0.46 0.6221821914442728
0.13 0 0.47000000000000003 0.6749575242710228
0.13 0 0.48 0.9658547169804989
0.13 0 0.49 0.729057563463048
0.13 0 0.5 0.6222093370280234
0.14 0 0.0 0.5190286688764375
0.14 0 0.01 0.29743448394148825
0.14 0 0.02 0.6535282281260547
0.14 0 0.03 1.1966683619589142
0.14 0 0.04 2.3597673591641373
0.14 0 0.05 2.694410562199303
0.14 0 0.06 5.295914823821902
0.14 0 0.07 2.751056348308374
0.14 0 0.08 1.631705744829163
0.14 0 0.09 2.2244625672706015
0.14 0 0.1 2.979950432872059
0.14 0 0.11 2.5507071940232184
0.14 0 0.12 1.9327695090762615
0.14 0 0.13 1.4371161863237052
0.14 0 0.14 0.7132879074160224
0.14 0 0.15 0.6316020341717208
0.14 0 0.16 0.5273709903311972
0.14 0 0.17 0.9227068773108243
0.14 0 0.18 1.0810807168503178
0.14 0 0.19 0.9875913682175304
0.14 0 0.2 0.5102575136038502
0.14 0 0.21 0.7070190421968224
0.14 0 0.22 1.1541471009002586
0.14 0 0.23 1.7250227237078521
0.14 0 0.24 1.0634590392850012
0.14 0 0.25 0.34515701234923685
0.14 0 0.26 0.5504378110539093
0.14 0 0.27 0.3047811913815105
0.14 0 0.28 0.30310344735512046
0.14 0 0.29 0.5630404280265098
0.14 0 0.3 0.6551636082293716
0.14 0 0.31 0.5197189930781776
0.14 0 0.32 0.34601445242709583
0.14 0 0.33 0.5214277654686242
0.14 0 0.34 0.6141238026342574
0.14 0 0.35000000000000003 0.44583010388163147
0.14 0 0.36 0.3046409728829795
0.14 0 0.37 0.22378007140656606
0.14 0 0.38 0.2546295347295807
0.14 0 0.39 0.1707417602199242
0.14 0 0.4 0.15846147929105142
0.14 0 0.41000000000000003 0.32034461501510714
0.14 0 0.42 0.5312431970156846
0.14 0 0.43 1.4542872488106922
0.14 0 0.44 1.2139252817918285
0.14 0 0.45 0.48006297749353516
0.14 0 0.46 0.34680512382687584
0.14 0 0.47000000000000003 0.42745311490447624
0.14 0 0.48 0.6907081145905127
0.14 0 0.49 0.9095883448861076
0.14 0 0.5 2.2668294375649283
0.15 0 0.0 0.34636387589732287
0.15 0 0.01 0.41906076897370376
0.15 0 0.02 0.3028668558243213
0.15 0 0.03 0.39893889772865193
0.15 0 0.04 0.2917559899773398
0.15 0 0.05 0.8614482800051406
0.15 0 0.06 2.0365315287392107
0.15 0 0.07 1.5158748057716316
0.15 0 0.08 2.10051312328162
0.15 0 0.09 1.274019731888685
0.15 0 0.1 1.0133893040930477
0.15 0 0.11 0.6213834530135404
0.15 0 0.12 0.7372769453349043
0.15 0 0.13 1.3265204414369383
0.15 0 0.14 1.5156151362866026
0.15 0 0.15 2.0802687203331645
0.15 0 0.16 0.7156026634277761
0.15 0 0.17 0.4227851600104406
0.15 0 0.18 0.8746358124007472
0.15 0 0.19 1.251197600655517
0.15 0 0.2 1.5668558282435854
0.15 0 0.21 1.0212458667797848
0.15 0 0.22 0.6766934222043638
0.15 0 0.23 0.38057293086564786
0.15 0 0.24 0.37681321595321743
0.15 0 0.25 0.36952363623424705
0.15 0 0.26 0.24453496190303356
0.15 0 0.27 0.3501172810657621
0.15 0 0.28 0.2717347109633783
0.15 0 0.29 0.30120253915423084
0.15 0 0.3 0.3667713535591522
0.15 0 0.31 0.2007304071407363
0.15 0 0.32 0.4863423290383597
0.15 0 0.33 0.6198000963335955
0.15 0 0.34 0.815890821377451
0.15 0 0.35000000000000003 0.8407499585966682
0.15 0 0.36 0.3947710634854284
0.15 0 0.37 0.34689129686414827
0.15 0 0.38 0.30138494500160307
0.15 0 0.39 0.4116695873122289
0.15 0 0.4 0.293315207338423
0.15 0 0.41000000000000003 0.3815943929594902
0.15 0 0.42 0.6505917439296566
0.15 0 0.43 0.7419543606689014
0.15 0 0.44 0.6087534319509201
0.15 0 0.45 0.5567725137404778
0.15 0 0.46 0.5014165298356236
0.15 0 0.47000000000000003 1.0902304197938353
0.15 0 0.48 1.0413107881300612
0.15 0 0.49 1.2469163289768133
0.15 0 0.5 1.616557916044489
0.16 0 0.0 0.23260529775918512
0.16 0 0.01 0.22294918742885883
0.16 0 0.02 0.3443587562558508
0.16 0 0.03 0.2308168018536461
0.16 0 0.04 0.2488451186197824
0.16 0 0.05 0.4426167572433923
0.16 0 0.06 1.11299147786705
0.16 0 0.07 0.9976720947819729
0.16 0 0.08 0.708371315417805
0.16 0 0.09 0.42801229565783305
0.16 0 0.1 0.39733282656269475
0.16 0 0.11 0.5448596077704962
0.16 0 0.12 0.7112895250618951
0.16 0 0.13 0.9466584252219477
0.16 0 0.14 1.3789655705078159
0.16 0 0.15 1.6227868794923863
0.16 0 0.16 0.5830477385543947
0.16 0 0.17 0.6583036670211083
0.16 0 0.18 0.5426916437042534
0.16 0 0.19 1.233364210014377
0.16 0 0.2 1.3773670403343308
0.16 0 0.21 0.851169194908244
0.16 0 0.22 1.0302625043856217
0.16 0 0.23 0.5157426189898114
0.16 0 0.24 0.576196132242635
0.16 0 0.25 0.7028292405931078
0.16 0 0.26 0.752006391274227
0.16 0 0.27 0.30348891926152033
0.16 0 0.28 0.21223555842783706
0.16 0 0.29 0.17331340331605644
0.16 0 0.3 0.18272152483657308
0.16 0 0.31 0.26044686193040123
0.16 0 0.32 0.2608232148388832
0.16 0 0.33 0.3363835963184628
0.16 0 0.34 0.5465375842814024
0.16 0 0.35000000000000003 0.43687222243541585
0.16 0 0.36 0.29448530281249846
0.16 0 0.37 0.22451595167366203
0.16 0 0.38 0.29895339759007394
0.16 0 0.39 0.32944007809915604
0.16 0 0.4 0.3211478743481965
0.16 0 0.41000000000000003 0.7247836842016833
0.16 0 0.42 0.5705410386180574
0.16 0 0.43 0.8073427030123353
0.16 0 0.44 0.667441999812118
0.16 0 0.45 0.9049843591929754
0.16 0 0.46 1.9089763423261161
0.16 0 0.47000000000000003 1.3531765669414628
0.16 0 0.48 0.6257711554316437
0.16 0 0.49 0.5753059595731963
0.16 0 0.5 0.5186236733094768
0.17 0 0.0 0.11562793777858993
0.17 0 0.01 0.18402008550482568
0.17 0 0.02 0.29543042505605727
0.17 0 0.03 0.5491556560257546
0.17 0 0.04 0.7688252972274207
0.17 0 0.05 0.5983554473787163
0.17 0 0.06 0.7541889244316564
0.17 0 0.07 0.49400650804494606
0.17 0 0.08 0.8777278087883783
0.17 0 0.09 0.6064651146863373
0.17 0 0.1 0.5903483517966717
0.17 0 0.11 0.9559836324243524
0.17 0 0.12 0.7557996918365555
0.17 0 0.13 1.4198290771589972
0.17 0 0.14 1.118340477830604
0.17 0 0.15 1.9051631802719962
0.17 0 0.16 1.069808196595109
0.17 0 0.17 0.6207119318758167
0.17 0 0.18 0.6663675041907539
0.17 0 0.19 0.35098262038696315
0.17 0 0.2 0.4343157123450287
0.17 0 0.21 0.6773910774653096
0.17 0 0.22 0.6870959873285151
0.17 0 0.23 2.118553445504142
0.17 0 0.24 1.684326434592842
0.17 0 0.25 1.5694319172952802
0.17 0 0.26 0.8210369966083155
0.17 0 0.27 0.5028357899721267
0.17 0 0.28 0.4389345236336304
0.17 0 0.29 0.24847581457203896
0.17 0 0.3 0.25791538143639536
0.17 0 0.31 0.21168291664392794
0.17 0 0.32 0.2674807400147373
0.17 0 0.33 0.08812789457216397
0.17 0 0.34 0.1793738007155708
0.17 0 0.35000000000000003 0.29256929718882907
0.17 0 0.36 0.2577232993796616
0.17 0 0.37 0.12488205347295221
0.17 0 0.38 0.14033188968765906
0.17 0 0.39 0.08628435504424488
0.17 0 0.4 0.16534708385808145
0.17 0 0.41000000000000003 0.4971754696998952
0.17 0 0.42 0.5233102727943176
0.17 0 0.43 0.5844512952170249
0.17 0 0.44 0.6390187193507034
0.17 0 0.45 0.7630221235822189
0.17 0 0.46 0.283025318440373
0.17 0 0.47000000000000003 0.5492098086562895
0.17 0 0.48 0.1610184164365469
0.17 0 0.49 0.3440975886242505
0.17 0 0.5 0.4209034100270971
0.18 0 0.0 1.0400993453032563
0.18 0 0.01 0.7323687811333948
0.18 0 0.02 0.5616630721382545
0.18 0 0.03 0.7053243666370419
0.18 0 0.04 0.7305524825794824
0.18 0 0.05 0.4897611905871223
0.18 0 0.06 0.6461553471318224
0.18 0 0.07 0.295915061057608
0.18 0 0.08 0.4173092794146307
0.18 0 0.09 0.46497637786842066
0.18 0 0.1 0.6309013879427622
0.18 0 0.11 0.47438981252264484
0.18 0 0.12 0.41741384451372104
0.18 0 0.13 0.8334760191278529
0.18 0 0.14 0.9838353850245807
0.18 0 0.15 1.2681627630635908
0.18 0 0.16 1.6817957842927567
0.18 0 0.17 2.1838143440977866
0.18 0 0.18 1.195343282161777
0.18 0 0.19 1.393529737768326
0.18 0 0.2 0.4883486864896947
0.18 0 0.21 0.22958879272944555
0.18 0 0.22 0.3026205487974243
0.18 0 0.23 0.6488251800186452
0.18 0 0.24 0.7573968803839181
0.18 0 0.25 0.7102408335006469
0.18 0 0.26 0.30325422279108827
0.18 0 0.27 0.2643645709537539
0.18 0 0.28 0.1712827663623491
0.18 0 0.29 0.12701696650577418
0.18 0 0.3 0.16156180454270352
0.18 0 0.31 0.21502678069316927
0.18 0 0.32 0.268173061446743
0.18 0 0.33 0.10837672332224733
0.18 0 0.34 0.12555518641407684
0.18 0 0.35000000000000003 0.07300284035143031
0.18 0 0.36 0.22035322701017532
0.18 0 0.37 0.38211984906098007
0.18 0 0.38 0.2926766991208494
0.18 0 0.39 0.21229373422669184
0.18 0 0.4 0.33906427427390634
0.18 0 0.41000000000000003 0.2890140425277178
0.18 0 0.42 0.27066144934538283
0.18 0 0.43 0.29109396539230387
0.18 0 0.44 0.3190506159331685
0.18 0 0.45 0.38921103569311066
0.18 0 0.46 0.3351162231195256
0.18 0 0.47000000000000003 0.45158055071953607
0.18 0 0.48 0.2030991557409017
0.18 0 0.49 0.32367245497435454
0.18 0 0.5 0.635823259804155
0.19 0 0.0 0.4742120650269279
0.19 0 0.01 1.383369136097138
0.19 0 0.02 1.3155901794174922
0.19 0 0.03 0.7146158267624045
0.19 0 0.04 0.9451083803913258
0.19 0 0.05 0.5303815691931669
0.19 0 0.06 0.7979796561740816
0.19 0 0.07 0.6745984569987246
0.19 0 0.08 1.235983084901074
0.19 0 0.09 1.4846470606833082
0.19 0 0.1 1.0133210038281646
0.19 0 0.11 0.3963915080139728
0.19 0 0.12 0.4318873644338111
0.19 0 0.13 0.4815450899923341
0.19 0 0.14 1.397828281221072
0.19 0 0.15 1.4943811590666733
0.19 0 0.16 1.6664329960890634
0.19 0 0.17 0.9082056085012349
0.19 0 0.18 0.7861040973621995
0.19 0 0.19 0.5721366760798702
0.19 0 0.2 0.3253048436618735
0.19 0 0.21 0.21529239331124891
0.19 0 0.22 0.10097771642077986
0.19 0 0.23 0.29853180373060434
0.19 0 0.24 0.17682429389584015
0.19 0 0.25 0.28886822378361043
0.19 0 0.26 0.14812731803304832
0.19 0 0.27 0.2864782357394789
0.19 0 0.28 0.3453192002163954
0.19 0 0.29 0.3032157830089514
0.19 0 0.3 0.15738677439010437
0.19 0 0.31 0.1695344731023736
0.19 0 0.32 0.24897447844782855
0.19 0 0.33 0.1550160710301657
0.19 0 0.34 0.1977294200520097
0.19 0 0.35000000000000003 0.1925700024673221
0.19 0 0.36 0.30594275660699827
0.19 0 0.37 0.5088534879510951
0.19 0 0.38 0.7979439723415477
0.19 0 0.39 0.24439423358357254
0.19 0 0.4 0.7117784701246489
0.19 0 0.41000000000000003 0.2611073685622159
0.19 0 0.42 0.16979618977186448
0.19 0 0.43 0.3486869690900346
0.19 0 0.44 0.33402105266401444
0.19 0 0.45 0.31125646379477956
0.19 0 0.46 0.45825837442982365
0.19 0 0.47000000000000003 0.5971266197914936
0.19 0 0.48 1.096198104553314
0.19 0 0.49 2.059223493096498
0.19 0 0.5 1.2349420036638847
0.2 0 0.0 0.4148941739114685
0.2 0 0.01 0.4435684596221625
0.2 0 0.02 0.6879531550211556
0.2 0 0.03 0.9539704040576383
0.2 0 0.04 1.131945687628832
0.2 0 0.05 1.4236269241026849
0.2 0 0.06 0.9991161521861426
0.2 0 0.07 0.7233634203056374
0.2 0 0.08 1.4443832244419035
0.2 0 0.09 1.303081451788089
0.2 0 0.1 1.7009724163791717
0.2 0 0.11 1.1466893856771656
0.2 0 0.12 2.089397387213174
0.2 0 0.13 2.1803060389854014
0.2 0 0.14 1.4701675063015958
0.2 0 0.15 0.7900126265488665
0.2 0 0.16 0.49089173413467246
0.2 0 0.17 0.1616259263956205
0.2 0 0.18 0.3386437146293959
0.2 0 0.19 0.448036429447988
0.2 0 0.2 0.23361790436398838
0.2 0 0.21 0.14835954618707164
0.2 0 0.22 0.13645021085248232
0.2 0 0.23 0.1130712412833341
0.2 0 0.24 0.07900278071877623
0.2 0 0.25 0.2059995080880234
0.2 0 0.26 0.16460362781340204
0.2 0 0.27 0.33050534036847573
0.2 0 0.28 0.4374260156241264
0.2 0 0.29 0.3379060724525798
0.2 0 0.3 0.171460650875875
0.2 0 0.31 0.23955598140310255
0.2 0 0.32 0.1524659031347486
0.2 0 0.33 0.22122672542399305
0.2 0 0.34 0.194210919659139
0.2 0 0.35000000000000003 0.24880834460414628
0.2 0 0.36 0.376739211062207
0.2 0 0.37 0.260603460271742
0.2 0 0.38 0.50276193133191
0.2 0 0.39 0.5540822115687002
0.2 0 0.4 1.0477689767735938
0.2 0 0.41000000000000003 0.6282871781487642
0.2 0 0.42 0.22131482830680013
0.2 0 0.43 0.16533767643871095
0.2 0 0.44 0.3193716499772016
0.2 0 0.45 0.24321322112696175
0.2 0 0.46 1.1778754488056917
0.2 0 0.47000000000000003 1.2685934596615063
0.2 0 0.48 1.6370342025170388
0.2 0 0.49 3.528748328297248
0.2 0 0.5 2.235503172830515
0.21 0 0.0 0.4252980584530711
0.21 0 0.01 0.771593260312567
0.21 0 0.02 0.6033418307318658
0.21 0 0.03 1.5775107466443472
0.21 0 0.04 0.8822769087128692
0.21 0 0.05 0.9315017399428633
0.21 0 0.06 0.5312535836187368
0.21 0 0.07 0.5430823893067819
0.21 0 0.08 0.740486721563715
0.21 0 0.09 1.6315553155419524
0.21 0 0.1 2.9840513066608274
0.21 0 0.11 4.2538023130881495
0.21 0 0.12 4.227037961975141
0.21 0 0.13 2.6381589738532627
0.21 0 0.14 2.2347513200635145
0.21 0 0.15 0.5453663710633153
0.21 0 0.16 0.8159268988587857
0.21 0 0.17 0.3863247035940752
0.21 0 0.18 0.8834556131104379
0.21 0 0.19 0.468553483139716
0.21 0 0.2 0.3093348099410604
0.21 0 0.21 0.2001538626379831
0.21 0 0.22 0.168485411194354
0.21 0 0.23 0.2078606932849728
0.21 0 0.24 0.18384091293312277
0.21 0 0.25 0.27054278235762863
0.21 0 0.26 0.16757281631441864
0.21 0 0.27 0.19190704158098182
0.21 0 0.28 0.16544728385707724
0.21 0 0.29 0.11664980336757781
0.21 0 0.3 0.0716052700115312
0.21 0 0.31 0.2831697241223223
0.21 0 0.32 0.23857644617104745
0.21 0 0.33 0.17965487819787537
0.21 0 0.34 0.20924476891014487
0.21 0 0.35000000000000003 0.2605119810076166
0.21 0 0.36 0.3854750533473552
0.21 0 0.37 0.4922013436343988
0.21 0 0.38 0.3600219014540291
0.21 0 0.39 0.7897443113655401
0.21 0 0.4 1.0321661213405733
0.21 0 0.41000000000000003 0.38128677647089754
0.21 0 0.42 0.2765272044620733
0.21 0 0.43 0.17167717482651373
0.21 0 0.44 0.34829994045372337
0.21 0 0.45 0.7260249907090748
0.21 0 0.46 0.9067111247831067
0.21 0 0.47000000000000003 0.9401021024544971
0.21 0 0.48 1.7962816365691683
0.21 0 0.49 2.1417097828975598
0.21 0 0.5 2.1380559088759
0.22 0 0.0 0.5353670746169316
0.22 0 0.01 1.553745529958875
0.22 0 0.02 1.4662158860801804
0.22 0 0.03 3.0530399225822404
0.22 0 0.04 1.731728803233621
0.22 0 0.05 0.864629572667718
0.22 0 0.06 1.0558046000773902
0.22 0 0.07 2.9804208268497083
0.22 0 0.08 2.440667100256745
0.22 0 0.09 3.7034073438245323
0.22 0 0.1 2.8682524386959476
0.22 0 0.11 2.6668397931202557
0.22 0 0.12 2.17772456690399
0.22 0 0.13 1.2170128378925875
0.22 0 0.14 1.1304984317582552
0.22 0 0.15 0.5071633594227294
0.22 0 0.16 0.4971416585331584
0.22 0 0.17 0.34348651351219145
0.22 0 0.18 0.3092674844426463
0.22 0 0.19 0.2705112234533345
0.22 0 0.2 0.2308464053786197
0.22 0 0.21 0.18673452585715858
0.22 0 0.22 0.1949941890471714
0.22 0 0.23 0.09395458315873219
0.22 0 0.24 0.1867990009134658
0.22 0 0.25 0.16741336600121406
0.22 0 0.26 0.24588222698858142
0.22 0 0.27 0.3037731594001998
0.22 0 0.28 0.10202550446366997
0.22 0 0.29 0.04686495604277981
0.22 0 0.3 0.05564742832330869
0.22 0 0.31 0.1605294378332825
0.22 0 0.32 0.12769269929753713
0.22 0 0.33 0.17593738665212064
0.22 0 0.34 0.18739681723889187
0.22 0 0.35000000000000003 0.14995909599063278
0.22 0 0.36 0.15905332392139301
0.22 0 0.37 0.49098692833901164
0.22 0 0.38 0.29673101254616585
0.22 0 0.39 0.4622846739102664
0.22 0 0.4 0.7140411042826601
0.22 0 0.41000000000000003 0.3637760352598843
0.22 0 0.42 0.19672570368648679
0.22 0 0.43 0.39663040671608407
0.22 0 0.44 0.6006797193606154
0.22 0 0.45 0.949333218810649
0.22 0 0.46 3.1549916923624517
0.22 0 0.47000000000000003 0.8963588796343771
0.22 0 0.48 1.531785259440362
0.22 0 0.49 0.8865081641719755
0.22 0 0.5 1.0182021385091014
0.23 0 0.0 0.6221697642014468
0.23 0 0.01 0.7354627243298544
0.23 0 0.02 1.715185514527041
0.23 0 0.03 3.0641174076390243
0.23 0 0.04 2.770603866669294
0.23 0 0.05 2.554134243940307
0.23 0 0.06 2.5224462612333025
0.23 0 0.07 5.170159593271022
0.23 0 0.08 2.9464709445664927
0.23 0 0.09 3.972034309738504
0.23 0 0.1 2.770873098032656
0.23 0 0.11 2.9295271308710467
0.23 0 0.12 3.1283555560373357
0.23 0 0.13 1.633026337171098
0.23 0 0.14 0.4753108827042448
0.23 0 0.15 0.3181071425889852
0.23 0 0.16 0.2626613661520214
0.23 0 0.17 0.16410134385144065
0.23 0 0.18 0.24176617452841584
0.23 0 0.19 0.17256177396921654
0.23 0 0.2 0.14064607467780446
0.23 0 0.21 0.11149594516433031
0.23 0 0.22 0.09008335498312593
0.23 0 0.23 0.052543542642776025
0.23 0 0.24 0.0522220145883683
0.23 0 0.25 0.05823095895700188
0.23 0 0.26 0.0399504056227092
0.23 0 0.27 0.03690866467726468
0.23 0 0.28 0.053109695026693944
0.23 0 0.29 0.0424649163345997
0.23 0 0.3 0.1431188962582262
0.23 0 0.31 0.272527844362799
0.23 0 0.32 0.17921815125353918
0.23 0 0.33 0.16442542508014493
0.23 0 0.34 0.16315053323550818
0.23 0 0.35000000000000003 0.36251696973213765
0.23 0 0.36 0.3789200596457534
0.23 0 0.37 0.5303438737901721
0.23 0 0.38 0.7675271176139288
0.23 0 0.39 0.8315367673802853
0.23 0 0.4 1.1255786781185475
0.23 0 0.41000000000000003 0.5831629886812543
0.23 0 0.42 0.24060376931711464
0.23 0 0.43 0.35985659988827495
0.23 0 0.44 0.40295325503829327
0.23 0 0.45 0.4938896688584832
0.23 0 0.46 0.9402394445880176
0.23 0 0.47000000000000003 1.1307834207808205
0.23 0 0.48 1.1737808332780757
0.23 0 0.49 0.7650745060225518
0.23 0 0.5 0.715199367334319
0.24 0 0.0 0.9628537481008953
0.24 0 0.01 0.9084015434811165
0.24 0 0.02 3.158718651215557
0.24 0 0.03 6.1756287404005095
0.24 0 0.04 2.317994300117102
0.24 0 0.05 1.93130906879768
0.24 0 0.06 1.4983021078276322
0.24 0 0.07 1.775367404738191
0.24 0 0.08 2.936957078328455
0.24 0 0.09 4.347424954302633
0.24 0 0.1 2.7918705161053863
0.24 0 0.11 1.1884558214110628
0.24 0 0.12 1.062968041226252
0.24 0 0.13 1.0799385079596284
0.24 0 0.14 0.44976242474688777
0.24 0 0.15 0.9052566933842223
0.24 0 0.16 0.5676934782047498
0.24 0 0.17 0.3513670185710052
0.24 0 0.18 0.27568872375761755
0.24 0 0.19 0.32007279586325244
0.24 0 0.2 0.36436101641948687
0.24 0 0.21 0.228488916608629
0.24 0 0.22 0.2103663966854559
0.24 0 0.23 0.06436807379197539
0.24 0 0.24 0.07558885603348346
0.24 0 0.25 0.07230344475993926
0.24 0 0.26 0.08076560643825151
0.24 0 0.27 0.07197498656978761
0.24 0 0.28 0.06773592651903804
0.24 0 0.29 0.08273938909577219
0.24 0 0.3 0.12270311635378302
0.24 0 0.31 0.16802010573162096
0.24 0 0.32 0.18002873500595357
0.24 0 0.33 0.3618856209591163
0.24 0 0.34 0.39922601854591083
0.24 0 0.35000000000000003 0.3565156035703708
0.24 0 0.36 0.996101861456015
0.24 0 0.37 1.2297968239386439
0.24 0 0.38 0.7899203086603899
0.24 0 0.39 3.1724535074521905
0.24 0 0.4 1.30679033661923
0.24 0 0.41000000000000003 0.8414025874876851
0.24 0 0.42 0.8285759677526802
0.24 0 0.43 0.4784979166428544
0.24 0 0.44 0.48613127248438215
0.24 0 0.45 0.3397352394760828
0.24 0 0.46 0.8605325818346373
0.24 0 0.47000000000000003 0.5653858871300996
0.24 0 0.48 1.0756030384473312
0.24 0 0.49 1.7580952558086729
0.24 0 0.5 0.644705948474368
0.25 0 0.0 0.6988800445471339
0.25 0 0.01 1.582160128171444
0.25 0 0.02 2.353093194692651
0.25 0 0.03 4.7999555580189295
0.25 0 0.04 6.1539492496711405
0.25 0 0.05 4.257228356702482
0.25 0 0.06 5.0031897423665574
0.25 0 0.07 2.7674518362755545
0.25 0 0.08 1.6844907280322976
0.25 0 0.09 2.770298100085008
0.25 0 0.1 2.5672034949942577
0.25 0 0.11 1.963270959042682
0.25 0 0.12 0.8641643243189204
0.25 0 0.13 0.6779894258774893
0.25 0 0.14 0.7631638722998493
0.25 0 0.15 0.7993794540676662
0.25 0 0.16 0.9784449418713962
0.25 0 0.17 0.5353355752000815
0.25 0 0.18 0.9241610648167803
0.25 0 0.19 0.8388930617828583
0.25 0 0.2 0.44419245337584495
0.25 0 0.21 0.41820777295626027
0.25 0 0.22 0.16247766395635913
0.25 0 0.23 0.16083805157311315
0.25 0 0.24 0.4309351179759624
0.25 0 0.25 0.4997779956638605
0.25 0 0.26 0.31638257226053723
0.25 0 0.27 0.16312499202318656
0.25 0 0.28 0.1612006012588691
0.25 0 0.29 0.22402763522963914
0.25 0 0.3 0.18473133422017837
0.25 0 0.31 0.18081107139477087
0.25 0 0.32 0.1626645394570208
0.25 0 0.33 0.33448740152707573
0.25 0 0.34 0.5461110243667874
0.25 0 0.35000000000000003 0.5027716668589005
0.25 0 0.36 0.5406737674322617
0.25 0 0.37 1.0014661171631678
0.25 0 0.38 0.8805219623936298
0.25 0 0.39 0.6830010574271098
0.25 0 0.4 0.6189328534506631
0.25 0 0.41000000000000003 0.3601143152471652
0.25 0 0.42 0.46323308055922746
0.25 0 0.43 0.5217381452609576
0.25 0 0.44 0.3343909724247295
0.25 0 0.45 0.3565860204744444
0.25 0 0.46 0.4698968173915099
0.25 0 0.47000000000000003 0.46284793886634384
0.25 0 0.48 0.6463221301540131
0.25 0 0.49 0.5757616561968556
0.25 0 0.5 0.5119851437581425
0.26 0 0.0 1.179516289129144
0.26 0 0.01 2.349935524979565
0.26 0 0.02 2.4498026132281705
0.26 0 0.03 2.6035821869796583
0.26 0 0.04 2.0030605932136285
0.26 0 0.05 2.736659517993587
0.26 0 0.06 4.8526226049639565
0.26 0 0.07 2.0497025503400708
0.26 0 0.08 2.2033124614919357
0.26 0 0.09 1.4380366450252198
0.26 0 0.1 1.3459369126964085
0.26 0 0.11 3.3180030174083246
0.26 0 0.12 2.505443356039301
0.26 0 0.13 1.4132871001212899
0.26 0 0.14 1.063517218751001
0.26 0 0.15 1.8629122347728417
0.26 0 0.16 0.6586531706464211
0.26 0 0.17 0.759288426493062
0.26 0 0.18 0.7760504717794574
0.26 0 0.19 0.5028203527026339
0.26 0 0.2 0.6347031298360704
0.26 0 0.21 0.33140333767633834
0.26 0 0.22 0.16436888427826332
0.26 0 0.23 0.06967414453306718
0.26 0 0.24 0.3117585778215303
0.26 0 0.25 0.5330479462698148
0.26 0 0.26 0.23726556893868708
0.26 0 0.27 0.3116504427421653
0.26 0 0.28 0.2496622923416983
0.26 0 0.29 0.1563361867650129
0.26 0 0.3 0.2734163108808098
0.26 0 0.31 0.15539839378138584
0.26 0 0.32 0.20286927906934618
0.26 0 0.33 0.499419350352564
0.26 0 0.34 0.41993846585944766
0.26 0 0.35000000000000003 0.3934587522636284
0.26 0 0.36 0.2823955868524977
0.26 0 0.37 0.7441811070215105
0.26 0 0.38 0.6049026171425188
0.26 0 0.39 0.6267531623148533
0.26 0 0.4 0.291633535456759
0.26 0 0.41000000000000003 0.2311210605251987
0.26 0 0.42 0.2962514579896682
0.26 0 0.43 0.16640336233523984
0.26 0 0.44 0.3202892041397771
0.26 0 0.45 0.3879452693974039
0.26 0 0.46 0.5259158033099581
0.26 0 0.47000000000000003 0.53334400016037
0.26 0 0.48 0.4307382773601841
0.26 0 0.49 0.1584070615768908
0.26 0 0.5 0.11080406371927
0.27 0 0.0 2.454494686481678
0.27 0 0.01 2.093049303675566
0.27 0 0.02 5.923283619889489
0.27 0 0.03 6.960809697819788
0.27 0 0.04 2.884141709408238
0.27 0 0.05 0.8052362289036629
0.27 0 0.06 0.7866291311007786
0.27 0 0.07 0.7825785498627307
0.27 0 0.08 0.541437325412772
0.27 0 0.09 3.6496516564090338
0.27 0 0.1 4.378938903299334
0.27 0 0.11 3.6596068252652
0.27 0 0.12 4.5906803834226615
0.27 0 0.13 3.7127124876097413
0.27 0 0.14 2.0665181216983903
0.27 0 0.15 2.5072920163914674
0.27 0 0.16 1.9495845523635917
0.27 0 0.17 1.9490985418036666
0.27 0 0.18 2.6218887507911415
0.27 0 0.19 1.2236311993535187
0.27 0 0.2 0.7678328262623572
0.27 0 0.21 0.3342468504679446
0.27 0 0.22 0.15038160755818678
0.27 0 0.23 0.10530751115788275
0.27 0 0.24 0.180834287812859
0.27 0 0.25 0.2186289702332954
0.27 0 0.26 0.30459873477195143
0.27 0 0.27 0.19186675714845644
0.27 0 0.28 0.2727704949006982
0.27 0 0.29 0.276840749772643
0.27 0 0.3 0.22511210017345687
0.27 0 0.31 0.2262298333634414
0.27 0 0.32 0.19859045612110965
0.27 0 0.33 0.3344213002379692
0.27 0 0.34 0.2907860099385248
0.27 0 0.35000000000000003 0.1937555289978354
0.27 0 0.36 0.2861822523558641
0.27 0 0.37 0.5268064908673354
0.27 0 0.38 0.4983635245172718
0.27 0 0.39 0.37149802240453117
0.27 0 0.4 0.2808077520753631
0.27 0 0.41000000000000003 0.3331050671966336
0.27 0 0.42 0.22940140319491764
0.27 0 0.43 0.26971609286299053
0.27 0 0.44 0.29533994803348734
0.27 0 0.45 1.3239617743860264
0.27 0 0.46 1.3937545095587898
0.27 0 0.47000000000000003 0.4647819190351248
0.27 0 0.48 0.3047182270567866
0.27 0 0.49 0.1457360121046247
0.27 0 0.5 0.0930244849151233
0.28 0 0.0 2.7288182585461636
0.28 0 0.01 2.1762481715954474
0.28 0 0.02 6.111537823337453
0.28 0 0.03 6.808320788750663
0.28 0 0.04 4.265188903780401
0.28 0 0.05 1.9111953313216479
0.28 0 0.06 1.50924841902605
0.28 0 0.07 0.8995934030541657
0.28 0 0.08 2.3569863446504487
0.28 0 0.09 3.1255182347975863
0.28 0 0.1 3.551900887696638
0.28 0 0.11 7.630676560225621
0.28 0 0.12 2.6012382198504453
0.28 0 0.13 3.0947814566160656
0.28 0 0.14 1.401597916545821
0.28 0 0.15 2.098035107230353
0.28 0 0.16 1.8876245719290803
0.28 0 0.17 1.463543645624221
0.28 0 0.18 2.057409479443826
0.28 0 0.19 1.067282769967887
0.28 0 0.2 0.6952856907539793
0.28 0 0.21 0.47744016613358903
0.28 0 0.22 0.452283744885207
0.28 0 0.23 0.9619299160010791
0.28 0 0.24 1.1790056042914898
0.28 0 0.25 0.4054723167037636
0.28 0 0.26 0.41290971101494234
0.28 0 0.27 0.4347483075863423
0.28 0 0.28 0.40149552950879414
0.28 0 0.29 0.40537617981808416
0.28 0 0.3 0.6008347909695567
0.28 0 0.31 0.1858539382216506
0.28 0 0.32 0.1632307071333916
0.28 0 0.33 0.1797983121850452
0.28 0 0.34 0.08445712585356033
0.28 0 0.35000000000000003 0.12799820660921998
0.28 0 0.36 0.3192194287730328
0.28 0 0.37 0.40948808642549867
0.28 0 0.38 0.13749849223082572
0.28 0 0.39 0.09841036728526502
0.28 0 0.4 0.1276470524078035
0.28 0 0.41000000000000003 0.4285445692264219
0.28 0 0.42 0.746722496715163
0.28 0 0.43 0.6850928279288199
0.28 0 0.44 0.40936674318881255
0.28 0 0.45 0.5122625856725102
0.28 0 0.46 1.267207696788022
0.28 0 0.47000000000000003 1.0891573491533508
0.28 0 0.48 0.31611386289421217
0.28 0 0.49 0.5375705783330921
0.28 0 0.5 0.6844534651529467
0.29 0 0.0 1.3442303985418567
0.29 0 0.01 0.8833919918180828
0.29 0 0.02 1.6488862794170658
0.29 0 0.03 1.3868977531351536
0.29 0 0.04 1.0020625591479133
0.29 0 0.05 0.7534658027134242
0.29 0 0.06 1.2289795387231737
0.29 0 0.07 1.507040297739331
0.29 0 0.08 2.707542167236385
0.29 0 0.09 2.732706052197146
0.29 0 0.1 0.8837580531368869
0.29 0 0.11 1.4595623977712895
0.29 0 0.12 1.53276238905813
0.29 0 0.13 1.4849724449455328
0.29 0 0.14 2.9181758021405755
0.29 0 0.15 2.830064244641095
0.29 0 0.16 1.409441738643241
0.29 0 0.17 1.35270453847252
0.29 0 0.18 1.3589634439600022
0.29 0 0.19 1.5744128554258316
0.29 0 0.2 0.9948543578469489
0.29 0 0.21 0.901612421321892
0.29 0 0.22 0.5361901248861785
0.29 0 0.23 0.7283430485353763
0.29 0 0.24 1.187175589618901
0.29 0 0.25 1.120064766471145
0.29 0 0.26 0.8400408627042321
0.29 0 0.27 0.9315314599216634
0.29 0 0.28 0.7306040011838305
0.29 0 0.29 0.32941488538339775
0.29 0 0.3 0.28715775485700634
0.29 0 0.31 0.238386686471244
0.29 0 0.32 0.3596504361748845
0.29 0 0.33 0.26598381046328146
0.29 0 0.34 0.16228725606721836
0.29 0 0.35000000000000003 0.07635778819551152
0.29 0 0.36 0.17344627677882973
0.29 0 0.37 0.29958094919296224
0.29 0 0.38 0.48487195664672833
0.29 0 0.39 0.45711171063002254
0.29 0 0.4 0.2771115254207942
0.29 0 0.41000000000000003 0.236295856937339
0.29 0 0.42 0.22840421103922884
0.29 0 0.43 0.22904204699179936
0.29 0 0.44 0.1818828203316062
0.29 0 0.45 0.4865984823969222
0.29 0 0.46 0.4045251538730034
0.29 0 0.47000000000000003 0.4304364015450351
0.29 0 0.48 0.2038580258313437
0.29 0 0.49 0.13680080038520973
0.29 0 0.5 0.19956401909747892
0.3 0 0.0 0.6857062186590713
0.3 0 0.01 0.4490327816407997
0.3 0 0.02 0.6414516592763759
0.3 0 0.03 0.4672360334133463
0.3 0 0.04 1.016152060284571
0.3 0 0.05 0.5800496202651093
0.3 0 0.06 0.6953266487298854
0.3 0 0.07 0.5902510083331747
0.3 0 0.08 1.317215226533876
0.3 0 0.09 1.5285999839594984
0.3 0 0.1 0.6216911181795333
0.3 0 0.11 0.8362773276001862
0.3 0 0.12 0.5818266837179287
0.3 0 0.13 0.3019099417267236
0.3 0 0.14 0.46106283257119096
0.3 0 0.15 1.3489327363218087
0.3 0 0.16 1.1736690036591335
0.3 0 0.17 1.5255534725542081
0.3 0 0.18 1.5848378416095068
0.3 0 0.19 1.4437661749258188
0.3 0 0.2 1.103285904019245
0.3 0 0.21 0.9778542190819761
0.3 0 0.22 0.7154914427404553
0.3 0 0.23 0.9995863431659675
0.3 0 0.24 1.1220977139092732
0.3 0 0.25 1.0802815274367226
0.3 0 0.26 0.9329585188777512
0.3 0 0.27 0.700111134873225
0.3 0 0.28 0.9733131817710188
0.3 0 0.29 0.7262448600932785
0.3 0 0.3 0.8212331070783138
0.3 0 0.31 0.7762120741835123
0.3 0 0.32 0.5751721890739842
0.3 0 0.33 0.21995646730529103
0.3 0 0.34 0.1905028303732475
0.3 0 0.35000000000000003 0.317652168629055
0.3 0 0.36 0.42502829581555773
0.3 0 0.37 0.44029987452893465
0.3 0 0.38 0.5993650253646542
0.3 0 0.39 0.7024219810065598
0.3 0 0.4 0.5038848867374349
0.3 0 0.41000000000000003 0.4784051979406199
0.3 0 0.42 0.266050251127564
0.3 0 0.43 0.1773245696986488
0.3 0 0.44 0.18209873482747596
0.3 0 0.45 0.27042483901425884
0.3 0 0.46 0.2727678053879443
0.3 0 0.47000000000000003 0.26349904235235966
0.3 0 0.48 0.42555311691312225
0.3 0 0.49 0.4160930482960655
0.3 0 0.5 0.28014478754946937
#STOP
