#MEDIUM_PROPERTIES_DISTRIBUTED
$MSH_TYPE
	 GROUNDWATER_FLOW	
$MMP_TYPE
	 PERMEABILITY	
$DIS_TYPE
	 NEAREST_VALUE	
;hj
$CONVERSION_FACTOR
2e-8;2e-6;2e-13
$DATA
0.0 0 0.0 0.4737105488352824
0.0 0 0.01 0.7338183702956719
0.0 0 0.02 0.41940409609173823
0.0 0 0.03 0.6469694306879481
0.0 0 0.04 0.7841561944256797
0.0 0 0.05 0.8007149205384019
0.0 0 0.06 1.0266120778125474
0.0 0 0.07 1.1460844837898556
0.0 0 0.08 1.0489589744542809
0.0 0 0.09 1.0656388508917223
0.0 0 0.1 1.102561261893482
0.0 0 0.11 1.2092211075019845
0.0 0 0.12 1.1255815813564727
0.0 0 0.13 1.0115224806112757
0.0 0 0.14 0.6164139352523178
0.0 0 0.15 0.7913925028899675
0.0 0 0.16 0.6216637212074211
0.0 0 0.17 0.6190963076924252
0.0 0 0.18 0.5535457750903939
0.0 0 0.19 0.6308607984133072
0.0 0 0.2 0.4452031512038469
0.0 0 0.21 0.3419387211329977
0.0 0 0.22 0.3191029867530352
0.0 0 0.23 0.31027320994475954
0.0 0 0.24 0.26975716453687665
0.0 0 0.25 0.3620360835777518
0.0 0 0.26 0.28672233953244225
0.0 0 0.27 0.42168254484152223
0.0 0 0.28 0.36260625139190916
0.0 0 0.29 0.16406786811177532
0.0 0 0.3 0.15343374545033656
0.0 0 0.31 0.23881350801417123
0.0 0 0.32 0.22064560442970588
0.0 0 0.33 0.18026262657522316
0.0 0 0.34 0.24129146638941465
0.0 0 0.35000000000000003 0.2384478815281107
0.0 0 0.36 0.19850087640112207
0.0 0 0.37 0.2899367871726076
0.0 0 0.38 0.28839908854932644
0.0 0 0.39 0.3866801989647331
0.0 0 0.4 0.8038707148948979
0.0 0 0.41000000000000003 1.280786152176444
0.0 0 0.42 0.9899206354810076
0.0 0 0.43 1.0608412825010753
0.0 0 0.44 1.213933505697771
0.0 0 0.45 1.3699454759194007
0.0 0 0.46 1.0377928634184612
0.0 0 0.47000000000000003 1.4631093295871274
0.0 0 0.48 1.7250813611020295
0.0 0 0.49 1.4159750706109377
0.0 0 0.5 1.3611769479307472
0.01 0 0.0 0.7036343216617492
0.01 0 0.01 0.8658701646291819
0.01 0 0.02 0.5182737899545605
0.01 0 0.03 0.418593224788644
0.01 0 0.04 0.7949695455835988
0.01 0 0.05 1.1245392283720848
0.01 0 0.06 0.4838779337997001
0.01 0 0.07 0.4576610607385274
0.01 0 0.08 0.4707122473916477
0.01 0 0.09 0.5463770681088215
0.01 0 0.1 0.7827602114210259
0.01 0 0.11 1.1125730447729385
0.01 0 0.12 0.9199016047464559
0.01 0 0.13 1.0858759189995875
0.01 0 0.14 1.4688958226457178
0.01 0 0.15 1.3301207141346207
0.01 0 0.16 0.8425271540266118
0.01 0 0.17 0.6559311624721162
0.01 0 0.18 0.6829935834514906
0.01 0 0.19 0.6402797132234899
0.01 0 0.2 0.45876763772862605
0.01 0 0.21 0.3676075740831528
0.01 0 0.22 0.4984397252173284
0.01 0 0.23 0.42734955728135887
0.01 0 0.24 0.266064610738422
0.01 0 0.25 0.2631335911464946
0.01 0 0.26 0.24016586038854595
0.01 0 0.27 0.2514016329459557
0.01 0 0.28 0.17851555527785232
0.01 0 0.29 0.23387555897612705
0.01 0 0.3 0.16420494406939198
0.01 0 0.31 0.13677982967354974
0.01 0 0.32 0.23734230578447443
0.01 0 0.33 0.20734699415573432
0.01 0 0.34 0.2797069416847805
0.01 0 0.35000000000000003 0.313532499150651
0.01 0 0.36 0.26602710433265603
0.01 0 0.37 0.4014102078674669
0.01 0 0.38 0.48292267006407463
0.01 0 0.39 0.3604128139530288
0.01 0 0.4 0.3236948211770392
0.01 0 0.41000000000000003 0.7637522493471492
0.01 0 0.42 0.9612497598347945
0.01 0 0.43 0.6932041185180516
0.01 0 0.44 1.782799315965695
0.01 0 0.45 1.7188606611133672
0.01 0 0.46 1.7599282768766837
0.01 0 0.47000000000000003 2.4136969382272198
0.01 0 0.48 2.6449804779526622
0.01 0 0.49 2.9894507816254894
0.01 0 0.5 1.6257576798357547
0.02 0 0.0 0.34530539751186845
0.02 0 0.01 0.45899760159791464
0.02 0 0.02 0.6121122077689239
0.02 0 0.03 0.7148676122304023
0.02 0 0.04 1.620513518226061
0.02 0 0.05 1.6147931478867474
0.02 0 0.06 1.4849101669200961
0.02 0 0.07 0.9518157631736263
0.02 0 0.08 1.0608170190878234
0.02 0 0.09 1.3189837427022493
0.02 0 0.1 0.6658900959174906
0.02 0 0.11 0.8173118096653877
0.02 0 0.12 0.5523687583634095
0.02 0 0.13 0.4555038966410357
0.02 0 0.14 0.6798039725279393
0.02 0 0.15 0.5311968180836868
0.02 0 0.16 0.48071347473344767
0.02 0 0.17 0.5047265777356736
0.02 0 0.18 0.7103463964603368
0.02 0 0.19 0.5151035948862224
0.02 0 0.2 0.5017944414962006
0.02 0 0.21 1.1965934723147706
0.02 0 0.22 1.3829703961421034
0.02 0 0.23 1.0391528061356397
0.02 0 0.24 0.44328122159707695
0.02 0 0.25 0.24938385206723365
0.02 0 0.26 0.27062724185521375
0.02 0 0.27 0.12382491432268314
0.02 0 0.28 0.15080763583876275
0.02 0 0.29 0.16501017565824877
0.02 0 0.3 0.18765821000734403
0.02 0 0.31 0.17315214194700596
0.02 0 0.32 0.17870661236493462
0.02 0 0.33 0.358939767919917
0.02 0 0.34 0.3296450186842433
0.02 0 0.35000000000000003 0.4534181929779573
0.02 0 0.36 0.5968326076649804
0.02 0 0.37 0.6225892318106967
0.02 0 0.38 0.7633136027917374
0.02 0 0.39 0.8075680050364678
0.02 0 0.4 0.8274755268892582
0.02 0 0.41000000000000003 0.9407835507272104
0.02 0 0.42 2.102930790628892
0.02 0 0.43 1.5934580906473816
0.02 0 0.44 1.128363758582246
0.02 0 0.45 2.543981076169572
0.02 0 0.46 2.6234039341764523
0.02 0 0.47000000000000003 1.9404532820674953
0.02 0 0.48 1.8644416922022122
0.02 0 0.49 1.2337874512018288
0.02 0 0.5 1.3021453184626577
0.03 0 0.0 0.8131968958646062
0.03 0 0.01 0.436314788783756
0.03 0 0.02 0.4996200361023284
0.03 0 0.03 1.043639034966512
0.03 0 0.04 0.8382431492755912
0.03 0 0.05 0.8501910387554175
0.03 0 0.06 0.8096399091972654
0.03 0 0.07 1.0750209578575907
0.03 0 0.08 1.1601238777903449
0.03 0 0.09 0.6143019350018404
0.03 0 0.1 0.6883459842087642
0.03 0 0.11 0.46661683944847593
0.03 0 0.12 0.47938531385343747
0.03 0 0.13 0.2566900197600026
0.03 0 0.14 0.21812350778227818
0.03 0 0.15 0.32744954912194213
0.03 0 0.16 0.3193132449036359
0.03 0 0.17 0.28374051800170225
0.03 0 0.18 0.35477080245441306
0.03 0 0.19 0.4366038509303892
0.03 0 0.2 0.309170946920159
0.03 0 0.21 0.5244469851345562
0.03 0 0.22 1.262950406563761
0.03 0 0.23 1.2302783039485252
0.03 0 0.24 1.190435106966678
0.03 0 0.25 0.901124847844647
0.03 0 0.26 0.9682205154567395
0.03 0 0.27 1.3094148090948146
0.03 0 0.28 1.1715442838392918
0.03 0 0.29 0.7158657260019269
0.03 0 0.3 0.4452854948717504
0.03 0 0.31 0.34192704548607344
0.03 0 0.32 0.31379980414495573
0.03 0 0.33 0.3260544281339935
0.03 0 0.34 0.3018246910484321
0.03 0 0.35000000000000003 0.28626179793876527
0.03 0 0.36 0.6957097460360675
0.03 0 0.37 0.7182749509788796
0.03 0 0.38 0.7621306388846515
0.03 0 0.39 1.0396120007776095
0.03 0 0.4 1.3515365475786323
0.03 0 0.41000000000000003 1.2962602758105615
0.03 0 0.42 0.6401597830830635
0.03 0 0.43 0.5212998754867529
0.03 0 0.44 0.2962862677653438
0.03 0 0.45 0.29030940677847505
0.03 0 0.46 0.4987541757774893
0.03 0 0.47000000000000003 0.3562891407143985
0.03 0 0.48 0.270081513259997
0.03 0 0.49 0.34449071881614973
0.03 0 0.5 0.37956496052332733
0.04 0 0.0 0.22575763328009923
0.04 0 0.01 0.23080330385215067
0.04 0 0.02 0.20055807707370854
0.04 0 0.03 0.332357700006316
0.04 0 0.04 0.5703355470015525
0.04 0 0.05 0.4306551726480047
0.04 0 0.06 0.5070280129196483
0.04 0 0.07 0.8399941415155361
0.04 0 0.08 0.7281677173215253
0.04 0 0.09 0.6730841019585695
0.04 0 0.1 1.30511416844439
0.04 0 0.11 1.4831436515235585
0.04 0 0.12 1.0201081195377097
0.04 0 0.13 0.6732365416658725
0.04 0 0.14 0.4986181962826695
0.04 0 0.15 0.4642560943057477
0.04 0 0.16 0.3330864112629247
0.04 0 0.17 0.29094258610812135
0.04 0 0.18 0.3357145911980555
0.04 0 0.19 0.2954287929876732
0.04 0 0.2 0.4207090748248863
0.04 0 0.21 0.3782594643389341
0.04 0 0.22 0.601467220223293
0.04 0 0.23 0.8485623670517483
0.04 0 0.24 0.8692306875082767
0.04 0 0.25 1.2469333576382253
0.04 0 0.26 1.1499172408797145
0.04 0 0.27 1.315444969966552
0.04 0 0.28 1.902026377210312
0.04 0 0.29 1.7490063895521761
0.04 0 0.3 0.9326987805489695
0.04 0 0.31 0.9679862274704918
0.04 0 0.32 1.318906721679138
0.04 0 0.33 0.7975121367920006
0.04 0 0.34 0.4829912260631752
0.04 0 0.35000000000000003 0.5089565439998961
0.04 0 0.36 0.5392051143685767
0.04 0 0.37 0.6087388508149671
0.04 0 0.38 0.671781973511081
0.04 0 0.39 0.8645872456710757
0.04 0 0.4 1.8524541352967046
0.04 0 0.41000000000000003 1.123988176367288
0.04 0 0.42 0.6111177183064457
0.04 0 0.43 0.6853085650679005
0.04 0 0.44 0.5689139860687683
0.04 0 0.45 0.36526492204003524
0.04 0 0.46 0.34601964871888546
0.04 0 0.47000000000000003 0.3859544286119795
0.04 0 0.48 0.2776766917909092
0.04 0 0.49 0.15021020422576403
0.04 0 0.5 0.22899533605576622
0.05 0 0.0 0.41188878711928517
0.05 0 0.01 0.6574959369783469
0.05 0 0.02 0.7904928709045489
0.05 0 0.03 0.4902325010610519
0.05 0 0.04 0.6428444756957622
0.05 0 0.05 0.8698802173019557
0.05 0 0.06 0.5551676914849526
0.05 0 0.07 0.3171344139675308
0.05 0 0.08 0.4275943797158537
0.05 0 0.09 0.5922959538727188
0.05 0 0.1 0.7930033808369494
0.05 0 0.11 1.3786620081595278
0.05 0 0.12 1.1709785887941102
0.05 0 0.13 1.4487571028779562
0.05 0 0.14 1.9863981301525622
0.05 0 0.15 1.4904187451399804
0.05 0 0.16 1.1982576470167272
0.05 0 0.17 1.9161114322202806
0.05 0 0.18 1.531595280180814
0.05 0 0.19 1.0757189049555542
0.05 0 0.2 0.8351036731922117
0.05 0 0.21 0.7246992395086161
0.05 0 0.22 0.7268116489915315
0.05 0 0.23 0.5115484686727914
0.05 0 0.24 0.638739144072468
0.05 0 0.25 0.909783583838107
0.05 0 0.26 0.9947329731902848
0.05 0 0.27 1.2677475338328075
0.05 0 0.28 1.1440290056034839
0.05 0 0.29 1.2786799352246587
0.05 0 0.3 1.426378528621327
0.05 0 0.31 1.3415617893032652
0.05 0 0.32 1.9189376819680646
0.05 0 0.33 1.1322616279515214
0.05 0 0.34 0.9245439565013416
0.05 0 0.35000000000000003 1.046648759544095
0.05 0 0.36 0.920937906835231
0.05 0 0.37 0.7337708367508408
0.05 0 0.38 0.4665785014429525
0.05 0 0.39 0.6959351676599072
0.05 0 0.4 0.4710397220881519
0.05 0 0.41000000000000003 0.5210973005991365
0.05 0 0.42 0.6831536436422194
0.05 0 0.43 0.37807024739531253
0.05 0 0.44 0.6062640529779679
0.05 0 0.45 0.49410124412239165
0.05 0 0.46 0.5372280299012915
0.05 0 0.47000000000000003 0.5615908337829371
0.05 0 0.48 0.3738340651773593
0.05 0 0.49 0.3480543137487064
0.05 0 0.5 0.41634365363627385
0.06 0 0.0 0.28751805306820644
0.06 0 0.01 0.3448596212385032
0.06 0 0.02 0.5099751187090947
0.06 0 0.03 0.5437882459078431
0.06 0 0.04 0.5415659334693487
0.06 0 0.05 0.5744085850828796
0.06 0 0.06 0.624839936934297
0.06 0 0.07 0.4594405736336364
0.06 0 0.08 0.4308842887745761
0.06 0 0.09 0.8527716488201801
0.06 0 0.1 0.7778120308655504
0.06 0 0.11 1.1267184024974746
0.06 0 0.12 1.7205702216290872
0.06 0 0.13 1.822089812595159
0.06 0 0.14 1.7174745184203473
0.06 0 0.15 1.4926036259903341
0.06 0 0.16 1.6818741037128382
0.06 0 0.17 1.686818052478263
0.06 0 0.18 3.4756078398352623
0.06 0 0.19 3.0940799578270486
0.06 0 0.2 2.199006620740991
0.06 0 0.21 5.182552776668301
0.06 0 0.22 2.818472250852448
0.06 0 0.23 2.170445860117916
0.06 0 0.24 1.7464941981069186
0.06 0 0.25 1.6741106939683321
0.06 0 0.26 1.8323808268842492
0.06 0 0.27 1.4294279092909004
0.06 0 0.28 2.4159251857101305
0.06 0 0.29 2.2831575592501454
0.06 0 0.3 1.8180865956520733
0.06 0 0.31 1.597459612834189
0.06 0 0.32 1.3812038975235716
0.06 0 0.33 1.3799539294307532
0.06 0 0.34 0.7884179323962879
0.06 0 0.35000000000000003 0.6912134642064358
0.06 0 0.36 0.7156462503540976
0.06 0 0.37 0.3664843731734978
0.06 0 0.38 0.2810756307999187
0.06 0 0.39 0.17794464512781732
0.06 0 0.4 0.19546480826476512
0.06 0 0.41000000000000003 0.20353882430145237
0.06 0 0.42 0.3567647762668345
0.06 0 0.43 0.41788420328553366
0.06 0 0.44 0.24271107369069206
0.06 0 0.45 0.40200330079052143
0.06 0 0.46 0.6046697204442038
0.06 0 0.47000000000000003 0.5437715506855829
0.06 0 0.48 0.5195292318154352
0.06 0 0.49 0.6166926882596269
0.06 0 0.5 0.85722194922179
0.07 0 0.0 0.5049591896838902
0.07 0 0.01 0.4121446058473393
0.07 0 0.02 0.43895981677146373
0.07 0 0.03 0.9775731041017947
0.07 0 0.04 0.8473169405029751
0.07 0 0.05 1.4317592025816595
0.07 0 0.06 1.3638883402131254
0.07 0 0.07 1.0161392237368971
0.07 0 0.08 0.6675879566391798
0.07 0 0.09 0.9140827882004746
0.07 0 0.1 1.0233878251784299
0.07 0 0.11 0.7302267988466342
0.07 0 0.12 1.0568490765398004
0.07 0 0.13 1.2282955672091906
0.07 0 0.14 0.9106993655265273
0.07 0 0.15 0.9754977987016907
0.07 0 0.16 1.1362368463200299
0.07 0 0.17 1.156415376620034
0.07 0 0.18 0.9199886204782332
0.07 0 0.19 1.8621343364845078
0.07 0 0.2 3.06058836595157
0.07 0 0.21 2.676375442968315
0.07 0 0.22 4.361621797955002
0.07 0 0.23 3.800710312757373
0.07 0 0.24 4.066768596038136
0.07 0 0.25 3.535009022150706
0.07 0 0.26 2.4219618482940413
0.07 0 0.27 2.3727224323239446
0.07 0 0.28 3.1071678546149863
0.07 0 0.29 2.3576413850085265
0.07 0 0.3 0.8580219153684538
0.07 0 0.31 0.7235286490661887
0.07 0 0.32 0.6534544483742778
0.07 0 0.33 0.5487077254640796
0.07 0 0.34 0.5007496348149917
0.07 0 0.35000000000000003 0.43396143051267144
0.07 0 0.36 0.4627808981336744
0.07 0 0.37 0.2956407540488245
0.07 0 0.38 0.2654086450392628
0.07 0 0.39 0.24639665797832594
0.07 0 0.4 0.2465353970722238
0.07 0 0.41000000000000003 0.24789628882290277
0.07 0 0.42 0.31773200378064353
0.07 0 0.43 0.43440900473786104
0.07 0 0.44 0.41994240846260555
0.07 0 0.45 0.4315800606192389
0.07 0 0.46 0.6982515673423989
0.07 0 0.47000000000000003 0.465540455165877
0.07 0 0.48 0.40744744921582254
0.07 0 0.49 0.5935273745075007
0.07 0 0.5 0.7004025096637969
0.08 0 0.0 0.44276926205133477
0.08 0 0.01 0.602377245171125
0.08 0 0.02 0.522688004682665
0.08 0 0.03 0.3049743095446294
0.08 0 0.04 0.36550366468195633
0.08 0 0.05 0.492820249552735
0.08 0 0.06 0.3860702956026771
0.08 0 0.07 0.24333735883926794
0.08 0 0.08 0.21911622154040913
0.08 0 0.09 0.21136607376641323
0.08 0 0.1 0.4660366874579739
0.08 0 0.11 0.4386834565958777
0.08 0 0.12 0.29379875508507125
0.08 0 0.13 0.4821443256965827
0.08 0 0.14 0.528937530149887
0.08 0 0.15 0.7103321575914705
0.08 0 0.16 0.9002085771160807
0.08 0 0.17 0.8635986884358924
0.08 0 0.18 0.7512337422096876
0.08 0 0.19 0.8490429803037091
0.08 0 0.2 1.1441419291462416
0.08 0 0.21 0.7799027633292416
0.08 0 0.22 0.809911580262526
0.08 0 0.23 1.081254452456201
0.08 0 0.24 0.7748570011916815
0.08 0 0.25 0.5664573396455284
0.08 0 0.26 0.8440813402162255
0.08 0 0.27 1.095353257195873
0.08 0 0.28 1.2219484579853412
0.08 0 0.29 1.2940344682168219
0.08 0 0.3 1.4236020437451005
0.08 0 0.31 1.1452763365400138
0.08 0 0.32 1.6303597473567693
0.08 0 0.33 1.4873530656302567
0.08 0 0.34 1.004242275874694
0.08 0 0.35000000000000003 0.7915124101685069
0.08 0 0.36 0.5820438383505434
0.08 0 0.37 0.45272190985127114
0.08 0 0.38 0.3418501001435331
0.08 0 0.39 0.22500477756330511
0.08 0 0.4 0.1652937066231503
0.08 0 0.41000000000000003 0.14842180893591628
0.08 0 0.42 0.12100889217975931
0.08 0 0.43 0.13658322487402966
0.08 0 0.44 0.1660241014032511
0.08 0 0.45 0.34851632160201557
0.08 0 0.46 0.6871289029793629
0.08 0 0.47000000000000003 0.6946260179826789
0.08 0 0.48 0.5934238998650033
0.08 0 0.49 0.463798953860592
0.08 0 0.5 0.639207542286845
0.09 0 0.0 0.15782258897427656
0.09 0 0.01 0.1964049061708643
0.09 0 0.02 0.26638094328627315
0.09 0 0.03 0.1741356636417901
0.09 0 0.04 0.14909857770448035
0.09 0 0.05 0.17738510020944928
0.09 0 0.06 0.17263866942784106
0.09 0 0.07 0.11570528701244048
0.09 0 0.08 0.16020428715531507
0.09 0 0.09 0.2830506550136923
0.09 0 0.1 0.2427980858610781
0.09 0 0.11 0.1961881421595514
0.09 0 0.12 0.22826783677838994
0.09 0 0.13 0.16999190312598908
0.09 0 0.14 0.2588233781807166
0.09 0 0.15 0.27628327499903726
0.09 0 0.16 0.3070215789063011
0.09 0 0.17 0.5903709039132702
0.09 0 0.18 0.6719939600770272
0.09 0 0.19 0.36212217138471725
0.09 0 0.2 0.3247353544935232
0.09 0 0.21 0.27365450671484576
0.09 0 0.22 0.3384473764049976
0.09 0 0.23 0.39507099307102195
0.09 0 0.24 0.36432678081674896
0.09 0 0.25 0.36846754025147754
0.09 0 0.26 0.5537810502245311
0.09 0 0.27 1.4328369001910246
0.09 0 0.28 0.8657231624670769
0.09 0 0.29 0.5786021384332594
0.09 0 0.3 0.8145963929869182
0.09 0 0.31 0.637832708036523
0.09 0 0.32 0.5935636468866473
0.09 0 0.33 0.4579076911275274
0.09 0 0.34 0.5273132307201963
0.09 0 0.35000000000000003 0.3515388568184504
0.09 0 0.36 0.2446426634181253
0.09 0 0.37 0.24421079586851588
0.09 0 0.38 0.18680826564928898
0.09 0 0.39 0.23619402106935844
0.09 0 0.4 0.16951295579494083
0.09 0 0.41000000000000003 0.1837323430892962
0.09 0 0.42 0.3512516657795185
0.09 0 0.43 0.23414655664710055
0.09 0 0.44 0.2038197341732336
0.09 0 0.45 0.2423847669022709
0.09 0 0.46 0.42223108113105506
0.09 0 0.47000000000000003 0.6543371180551103
0.09 0 0.48 0.28387847840461844
0.09 0 0.49 0.2979941733043742
0.09 0 0.5 0.38939508832640657
0.1 0 0.0 0.34999677683645347
0.1 0 0.01 0.2650454368164315
0.1 0 0.02 0.3093375849275877
0.1 0 0.03 0.27443562844465286
0.1 0 0.04 0.302988256031411
0.1 0 0.05 0.2208079336146485
0.1 0 0.06 0.2005577689183806
0.1 0 0.07 0.12698190727241612
0.1 0 0.08 0.16274105753377277
0.1 0 0.09 0.2559385800408513
0.1 0 0.1 0.1422632620077063
0.1 0 0.11 0.1749117435626238
0.1 0 0.12 0.19638270157058194
0.1 0 0.13 0.1318844496566207
0.1 0 0.14 0.08358842654960405
0.1 0 0.15 0.07750353848444351
0.1 0 0.16 0.14019838974374033
0.1 0 0.17 0.07298227200792326
0.1 0 0.18 0.13215671293548414
0.1 0 0.19 0.24349882910879864
0.1 0 0.2 0.16923490182177678
0.1 0 0.21 0.2348130409835219
0.1 0 0.22 0.26631334784115823
0.1 0 0.23 0.34263969277222167
0.1 0 0.24 0.38931398164410935
0.1 0 0.25 0.2835016349097832
0.1 0 0.26 0.4552502135466062
0.1 0 0.27 0.554532016883332
0.1 0 0.28 0.7422802872936798
0.1 0 0.29 0.4196873810564039
0.1 0 0.3 0.2702946039340204
0.1 0 0.31 0.2819153931620686
0.1 0 0.32 0.15154360063726463
0.1 0 0.33 0.23115642082478496
0.1 0 0.34 0.3319405135834232
0.1 0 0.35000000000000003 0.4360837292973915
0.1 0 0.36 0.40312439412180306
0.1 0 0.37 0.4896932750672437
0.1 0 0.38 0.5583938456992467
0.1 0 0.39 0.39794706517951745
0.1 0 0.4 0.6537664054366787
0.1 0 0.41000000000000003 0.8315419814800531
0.1 0 0.42 0.6889591582964494
0.1 0 0.43 0.5848431369713162
0.1 0 0.44 0.38382994044798546
0.1 0 0.45 0.3349436911286292
0.1 0 0.46 0.28930323651350887
0.1 0 0.47000000000000003 0.24890453208847002
0.1 0 0.48 0.24055224111367796
0.1 0 0.49 0.36007954675150333
0.1 0 0.5 0.4565787961062768
0.11 0 0.0 0.4591924787128115
0.11 0 0.01 0.3505896815299374
0.11 0 0.02 0.20646166491204657
0.11 0 0.03 0.17331571228008547
0.11 0 0.04 0.1605150908193782
0.11 0 0.05 0.15439596116194576
0.11 0 0.06 0.13313001909137098
0.11 0 0.07 0.14284174714510686
0.11 0 0.08 0.11370321259801956
0.11 0 0.09 0.07906538677998833
0.11 0 0.1 0.14440631642433588
0.11 0 0.11 0.12370040867932178
0.11 0 0.12 0.20256027145335256
0.11 0 0.13 0.15311624688753633
0.11 0 0.14 0.08385768648606479
0.11 0 0.15 0.12556302141441442
0.11 0 0.16 0.15234688879084843
0.11 0 0.17 0.11890314974814988
0.11 0 0.18 0.06911968286468113
0.11 0 0.19 0.15647106690488968
0.11 0 0.2 0.28616144344092964
0.11 0 0.21 0.20335513187520635
0.11 0 0.22 0.2927344340767368
0.11 0 0.23 0.39388227048166324
0.11 0 0.24 0.4107296962018775
0.11 0 0.25 0.5477093856005076
0.11 0 0.26 0.6490022847770716
0.11 0 0.27 0.5318984374481839
0.11 0 0.28 0.7687882138238405
0.11 0 0.29 0.9107077174455724
0.11 0 0.3 0.48279448215939647
0.11 0 0.31 0.3621185289136496
0.11 0 0.32 0.3749896740233999
0.11 0 0.33 0.36234133331241797
0.11 0 0.34 0.36304941968330956
0.11 0 0.35000000000000003 0.35463119988107084
0.11 0 0.36 0.4719498457496162
0.11 0 0.37 0.37874515456781555
0.11 0 0.38 0.26162307297794324
0.11 0 0.39 0.2343722396002994
0.11 0 0.4 0.3089357206981877
0.11 0 0.41000000000000003 0.6441870343869064
0.11 0 0.42 0.5132940074777138
0.11 0 0.43 0.5733116108627734
0.11 0 0.44 0.7478161177761738
0.11 0 0.45 0.8463429382670163
0.11 0 0.46 0.6145693110397502
0.11 0 0.47000000000000003 0.48236249128741043
0.11 0 0.48 0.6860814535439427
0.11 0 0.49 0.6392558262511371
0.11 0 0.5 0.8691855844130537
0.12 0 0.0 0.49344244708100443
0.12 0 0.01 0.6750432393305796
0.12 0 0.02 0.4494054223777185
0.12 0 0.03 0.24103719485592306
0.12 0 0.04 0.1850615752815333
0.12 0 0.05 0.19703675252809227
0.12 0 0.06 0.13751150362698875
0.12 0 0.07 0.0827464215506034
0.12 0 0.08 0.08676334101034444
0.12 0 0.09 0.07191863675647407
0.12 0 0.1 0.08355796288029134
0.12 0 0.11 0.0926219142193599
0.12 0 0.12 0.06469691603266196
0.12 0 0.13 0.06243460147336821
0.12 0 0.14 0.06368624504930387
0.12 0 0.15 0.05187955467470649
0.12 0 0.16 0.06136971942027841
0.12 0 0.17 0.07113575286393783
0.12 0 0.18 0.07585766131636423
0.12 0 0.19 0.07983525159176193
0.12 0 0.2 0.10771123151046395
0.12 0 0.21 0.08929267614255097
0.12 0 0.22 0.12122836053276895
0.12 0 0.23 0.21930719616637598
0.12 0 0.24 0.1818393932781601
0.12 0 0.25 0.15734984849900924
0.12 0 0.26 0.2511548947594477
0.12 0 0.27 0.3931089703815923
0.12 0 0.28 0.22781321582561986
0.12 0 0.29 0.3129014935968236
0.12 0 0.3 0.483181742253491
0.12 0 0.31 0.2834120429993314
0.12 0 0.32 0.3077545447229032
0.12 0 0.33 0.3228676681906402
0.12 0 0.34 0.19262920897133734
0.12 0 0.35000000000000003 0.18078782725686024
0.12 0 0.36 0.28338008183265406
0.12 0 0.37 0.2907243902535223
0.12 0 0.38 0.27768358346341016
0.12 0 0.39 0.2240221531725036
0.12 0 0.4 0.3235921658443268
0.12 0 0.41000000000000003 0.5143708581215594
0.12 0 0.42 0.7262622307278145
0.12 0 0.43 0.9137426991902114
0.12 0 0.44 1.2790122656332992
0.12 0 0.45 1.9861412981218096
0.12 0 0.46 2.3355917794162893
0.12 0 0.47000000000000003 2.5158678426613306
0.12 0 0.48 2.466605224924946
0.12 0 0.49 1.4604386018742577
0.12 0 0.5 1.2118194168331784
0.13 0 0.0 0.3992767357459492
0.13 0 0.01 0.31622874909766263
0.13 0 0.02 0.35929091187958945
0.13 0 0.03 0.32570356575878656
0.13 0 0.04 0.3395480798226717
0.13 0 0.05 0.30545744293006727
0.13 0 0.06 0.24651907100595638
0.13 0 0.07 0.1591460231623372
0.13 0 0.08 0.12069962625017755
0.13 0 0.09 0.15688295403886823
0.13 0 0.1 0.15472133988955972
0.13 0 0.11 0.12624662483517687
0.13 0 0.12 0.08700321878083056
0.13 0 0.13 0.0704892354233471
0.13 0 0.14 0.09862224153488212
0.13 0 0.15 0.13932077446409588
0.13 0 0.16 0.0803642720069538
0.13 0 0.17 0.09501525653438465
0.13 0 0.18 0.13656598899734412
0.13 0 0.19 0.07426151903740219
0.13 0 0.2 0.06166716657122493
0.13 0 0.21 0.06409505574853488
0.13 0 0.22 0.092581030453634
0.13 0 0.23 0.11875626904132427
0.13 0 0.24 0.16318515625553554
0.13 0 0.25 0.1820389393847058
0.13 0 0.26 0.20813889486623544
0.13 0 0.27 0.29974826235220775
0.13 0 0.28 0.30099871337933193
0.13 0 0.29 0.38841777465747923
0.13 0 0.3 0.6572212693619292
0.13 0 0.31 0.5108333466078285
0.13 0 0.32 0.47727475242657486
0.13 0 0.33 0.6184743450165819
0.13 0 0.34 0.7131198930268101
0.13 0 0.35000000000000003 0.2920924844209489
0.13 0 0.36 0.2105546323882126
0.13 0 0.37 0.3502605472099682
0.13 0 0.38 0.15517210460423458
0.13 0 0.39 0.18429303154408283
0.13 0 0.4 0.2893488914836547
0.13 0 0.41000000000000003 0.26394119519411424
0.13 0 0.42 0.44020217276090673
0.13 0 0.43 0.46683719867369927
0.13 0 0.44 0.5566751349781416
0.13 0 0.45 0.30966199805462513
0.13 0 0.46 0.4163252375716371
0.13 0 0.47000000000000003 0.5606391051440625
0.13 0 0.48 0.4839491503173818
0.13 0 0.49 0.5487734343081454
0.13 0 0.5 0.7296450178247595
0.14 0 0.0 0.15627326686415569
0.14 0 0.01 0.14201659307035558
0.14 0 0.02 0.12248166698229704
0.14 0 0.03 0.1933071254578515
0.14 0 0.04 0.3968038211224856
0.14 0 0.05 0.35778488071186954
0.14 0 0.06 0.5442660448359407
0.14 0 0.07 0.5074706249964751
0.14 0 0.08 0.40719746580403887
0.14 0 0.09 0.6107023655905559
0.14 0 0.1 0.5497908619757881
0.14 0 0.11 0.4777786210941179
0.14 0 0.12 0.29630327848179777
0.14 0 0.13 0.19604964540838474
0.14 0 0.14 0.18981466113304502
0.14 0 0.15 0.1373231039449184
0.14 0 0.16 0.2134563837850848
0.14 0 0.17 0.12798812419376787
0.14 0 0.18 0.09430305649116733
0.14 0 0.19 0.12529383393314072
0.14 0 0.2 0.08254405383368227
0.14 0 0.21 0.16231411934166365
0.14 0 0.22 0.17596869341279225
0.14 0 0.23 0.1668278014038586
0.14 0 0.24 0.2645792838797278
0.14 0 0.25 0.45775372481559073
0.14 0 0.26 0.5525874403407725
0.14 0 0.27 0.4808721510769361
0.14 0 0.28 0.961495024318946
0.14 0 0.29 0.6704819147975131
0.14 0 0.3 0.43697359426690224
0.14 0 0.31 0.3343436147601979
0.14 0 0.32 0.20706165975444357
0.14 0 0.33 0.2905587604202112
0.14 0 0.34 0.35778305826253193
0.14 0 0.35000000000000003 0.32618917075052634
0.14 0 0.36 0.29726084475496756
0.14 0 0.37 0.3513578668799952
0.14 0 0.38 0.5104554028802002
0.14 0 0.39 0.36192095913709565
0.14 0 0.4 0.549293917083484
0.14 0 0.41000000000000003 0.7620974277735337
0.14 0 0.42 0.46670472979222327
0.14 0 0.43 0.5360436459676833
0.14 0 0.44 0.60667203950093
0.14 0 0.45 0.6090989060777113
0.14 0 0.46 0.5079549553845653
0.14 0 0.47000000000000003 0.7431929981888032
0.14 0 0.48 0.5656467750492961
0.14 0 0.49 0.5081412879815645
0.14 0 0.5 0.9247159386743501
0.15 0 0.0 0.165748856120432
0.15 0 0.01 0.14841462457158838
0.15 0 0.02 0.1371558230480039
0.15 0 0.03 0.24098515707497664
0.15 0 0.04 0.25130217904530433
0.15 0 0.05 0.41703653116395456
0.15 0 0.06 0.45311039017560917
0.15 0 0.07 0.7196676367630027
0.15 0 0.08 0.48178732330782376
0.15 0 0.09 0.2842887653469961
0.15 0 0.1 0.5710500749828943
0.15 0 0.11 0.45590159127865276
0.15 0 0.12 0.34662720700749533
0.15 0 0.13 0.36895044203754424
0.15 0 0.14 0.39118578373933516
0.15 0 0.15 0.44889523729473413
0.15 0 0.16 0.36518537435403814
0.15 0 0.17 0.3507391403910411
0.15 0 0.18 0.282301250439343
0.15 0 0.19 0.22241770483614035
0.15 0 0.2 0.2230108666010713
0.15 0 0.21 0.180848080834042
0.15 0 0.22 0.22071174820974662
0.15 0 0.23 0.27572181447664607
0.15 0 0.24 0.2470482027524098
0.15 0 0.25 0.2766507947544444
0.15 0 0.26 0.44014443803374603
0.15 0 0.27 0.5084084595038241
0.15 0 0.28 0.525729932404713
0.15 0 0.29 0.8041954672287632
0.15 0 0.3 0.328192873137442
0.15 0 0.31 0.35410808335663035
0.15 0 0.32 0.6343982933674652
0.15 0 0.33 0.5951180393193608
0.15 0 0.34 0.38925190713012126
0.15 0 0.35000000000000003 0.3215024202850685
0.15 0 0.36 0.3472646140931118
0.15 0 0.37 0.351395621045974
0.15 0 0.38 0.44358988363079654
0.15 0 0.39 0.4533600356220405
0.15 0 0.4 0.5655615555774454
0.15 0 0.41000000000000003 1.368535198866977
0.15 0 0.42 1.3455471902344436
0.15 0 0.43 1.1415345544344768
0.15 0 0.44 1.1120987047427309
0.15 0 0.45 1.2486351443106976
0.15 0 0.46 1.0668748026877115
0.15 0 0.47000000000000003 0.9573960162506676
0.15 0 0.48 0.7253777284550273
0.15 0 0.49 0.45497711750912373
0.15 0 0.5 0.45915117945007605
0.16 0 0.0 0.22591667813005417
0.16 0 0.01 0.16937923828170962
0.16 0 0.02 0.21309308378340433
0.16 0 0.03 0.20699240661288
0.16 0 0.04 0.1426813734103066
0.16 0 0.05 0.15157584003324678
0.16 0 0.06 0.2555556207551987
0.16 0 0.07 0.22592378655982073
0.16 0 0.08 0.20080960005491819
0.16 0 0.09 0.22916664203440337
0.16 0 0.1 0.3563384759604055
0.16 0 0.11 0.5421573562038675
0.16 0 0.12 0.35588655507053446
0.16 0 0.13 0.40924942699792904
0.16 0 0.14 0.4758448274758387
0.16 0 0.15 0.3390141943864496
0.16 0 0.16 0.17249806121642228
0.16 0 0.17 0.2724893070573518
0.16 0 0.18 0.2646636143475578
0.16 0 0.19 0.1924587532914869
0.16 0 0.2 0.21021350140183134
0.16 0 0.21 0.1538153777108811
0.16 0 0.22 0.1423849668869062
0.16 0 0.23 0.1914507932107886
0.16 0 0.24 0.16529002587697414
0.16 0 0.25 0.13135369171686584
0.16 0 0.26 0.113056695084541
0.16 0 0.27 0.19960757455491088
0.16 0 0.28 0.2113152872259017
0.16 0 0.29 0.19731008543655876
0.16 0 0.3 0.3241932685082359
0.16 0 0.31 0.4816234198907331
0.16 0 0.32 0.6219986913990694
0.16 0 0.33 0.9467708258574588
0.16 0 0.34 0.6087496813827568
0.16 0 0.35000000000000003 0.775000755535547
0.16 0 0.36 0.7684116576801387
0.16 0 0.37 0.5272795192156463
0.16 0 0.38 0.4234521532308639
0.16 0 0.39 0.7851387245988415
0.16 0 0.4 0.6112096291502089
0.16 0 0.41000000000000003 0.5519652266056707
0.16 0 0.42 0.8477065861944094
0.16 0 0.43 1.3353416999576373
0.16 0 0.44 0.7551802040891934
0.16 0 0.45 0.9355980594636494
0.16 0 0.46 1.4146748262579594
0.16 0 0.47000000000000003 1.7117127404165986
0.16 0 0.48 1.6095425506669816
0.16 0 0.49 0.9885798989795005
0.16 0 0.5 1.1628025857701232
0.17 0 0.0 0.16191858190230254
0.17 0 0.01 0.12398770626988427
0.17 0 0.02 0.08438091870011794
0.17 0 0.03 0.08660047850642193
0.17 0 0.04 0.11421307292927702
0.17 0 0.05 0.17677066343802647
0.17 0 0.06 0.30425066158266906
0.17 0 0.07 0.3635025162641253
0.17 0 0.08 0.2698773130411208
0.17 0 0.09 0.2983087629910015
0.17 0 0.1 0.36044915700791924
0.17 0 0.11 0.32562320509887793
0.17 0 0.12 0.3154474771472391
0.17 0 0.13 0.33278730345257496
0.17 0 0.14 0.28475718930810984
0.17 0 0.15 0.3670220620496877
0.17 0 0.16 0.39378866105183014
0.17 0 0.17 0.41368251351115154
0.17 0 0.18 0.39874815533344954
0.17 0 0.19 0.35378063791035
0.17 0 0.2 0.29792931257138705
0.17 0 0.21 0.39082117174599795
0.17 0 0.22 0.2413222322612461
0.17 0 0.23 0.19021092327833097
0.17 0 0.24 0.21528830291118228
0.17 0 0.25 0.17694958887524057
0.17 0 0.26 0.08065819023682845
0.17 0 0.27 0.14779876279284118
0.17 0 0.28 0.14295839232039925
0.17 0 0.29 0.16234307322393043
0.17 0 0.3 0.2835638242795084
0.17 0 0.31 0.38101705006964043
0.17 0 0.32 0.41783516831697665
0.17 0 0.33 0.37020678490800857
0.17 0 0.34 0.7756130009611817
0.17 0 0.35000000000000003 1.1884734713012048
0.17 0 0.36 1.0079249151874063
0.17 0 0.37 1.5800404105020827
0.17 0 0.38 0.8891989511091434
0.17 0 0.39 1.5403526082222208
0.17 0 0.4 2.425061317099837
0.17 0 0.41000000000000003 2.0686633757893707
0.17 0 0.42 1.8961273280271753
0.17 0 0.43 1.7333835593247635
0.17 0 0.44 1.3851965881569355
0.17 0 0.45 0.9080874051421965
0.17 0 0.46 0.8971276214944468
0.17 0 0.47000000000000003 1.0806135951900049
0.17 0 0.48 0.5267800217958902
0.17 0 0.49 0.885015302320289
0.17 0 0.5 0.8381834827537004
0.18 0 0.0 0.21573969993856074
0.18 0 0.01 0.22428558457596637
0.18 0 0.02 0.15088948796203333
0.18 0 0.03 0.12502800905145883
0.18 0 0.04 0.16326323887251687
0.18 0 0.05 0.15834262458519488
0.18 0 0.06 0.21134972565026644
0.18 0 0.07 0.30176297188487605
0.18 0 0.08 0.22214812010746415
0.18 0 0.09 0.4302954963425726
0.18 0 0.1 0.41720969506615563
0.18 0 0.11 0.6096643102146146
0.18 0 0.12 0.6419152342096116
0.18 0 0.13 0.6943866232161218
0.18 0 0.14 0.6592873317759299
0.18 0 0.15 0.40484224825096515
0.18 0 0.16 0.6072136213357537
0.18 0 0.17 0.454321425678575
0.18 0 0.18 0.18506687028417815
0.18 0 0.19 0.1527386183315861
0.18 0 0.2 0.20410344829948468
0.18 0 0.21 0.36391537574823885
0.18 0 0.22 0.22664990399283488
0.18 0 0.23 0.2338858108445038
0.18 0 0.24 0.30353164703949226
0.18 0 0.25 0.36247920224943614
0.18 0 0.26 0.2875269393918796
0.18 0 0.27 0.21727895915904194
0.18 0 0.28 0.6596330102454437
0.18 0 0.29 0.8542784766544386
0.18 0 0.3 0.4846776045541182
0.18 0 0.31 0.8414019345973456
0.18 0 0.32 0.673827955231549
0.18 0 0.33 0.9251171176404567
0.18 0 0.34 1.1664540804387644
0.18 0 0.35000000000000003 1.6400888983165742
0.18 0 0.36 1.7103105027608647
0.18 0 0.37 1.7272951056621808
0.18 0 0.38 2.573949199432021
0.18 0 0.39 1.279749159211128
0.18 0 0.4 1.3864817451857583
0.18 0 0.41000000000000003 2.1295967019008724
0.18 0 0.42 1.5757015713842766
0.18 0 0.43 0.9515921257946499
0.18 0 0.44 0.8168147012163297
0.18 0 0.45 0.8041408123934494
0.18 0 0.46 0.8979126022200645
0.18 0 0.47000000000000003 1.2710195710457277
0.18 0 0.48 1.0782078077767172
0.18 0 0.49 0.9065385867486896
0.18 0 0.5 1.432756474078325
0.19 0 0.0 0.1117590909966339
0.19 0 0.01 0.11332184726789295
0.19 0 0.02 0.11653817979755482
0.19 0 0.03 0.10269396579099585
0.19 0 0.04 0.09248235725493457
0.19 0 0.05 0.21530222816307346
0.19 0 0.06 0.16796294638181142
0.19 0 0.07 0.1374747442668651
0.19 0 0.08 0.1949385385947535
0.19 0 0.09 0.19168746546604234
0.19 0 0.1 0.3310132418798532
0.19 0 0.11 0.3321312627175024
0.19 0 0.12 0.30885477327669203
0.19 0 0.13 0.4904844350947147
0.19 0 0.14 0.6058267081344209
0.19 0 0.15 0.7099662008671968
0.19 0 0.16 0.523000427299716
0.19 0 0.17 0.5015764979682488
0.19 0 0.18 0.26051559928591805
0.19 0 0.19 0.23486794941518893
0.19 0 0.2 0.2656255313664516
0.19 0 0.21 0.20528528098725038
0.19 0 0.22 0.2192995588867186
0.19 0 0.23 0.25377799290468844
0.19 0 0.24 0.35976612673743563
0.19 0 0.25 0.2536747533572774
0.19 0 0.26 0.29333843063093545
0.19 0 0.27 0.46577511119955617
0.19 0 0.28 0.6165361378048637
0.19 0 0.29 0.8342562916823932
0.19 0 0.3 0.866139051245773
0.19 0 0.31 0.9179517363517108
0.19 0 0.32 1.4710349778932732
0.19 0 0.33 1.3968883823935274
0.19 0 0.34 1.5688113547612867
0.19 0 0.35000000000000003 1.6597238219850927
0.19 0 0.36 1.4208186429161114
0.19 0 0.37 1.2174305745473186
0.19 0 0.38 2.1162944078837973
0.19 0 0.39 1.8115583401501418
0.19 0 0.4 1.078465211244788
0.19 0 0.41000000000000003 1.5965373215152894
0.19 0 0.42 1.9305365756611417
0.19 0 0.43 1.0167195656306252
0.19 0 0.44 0.8489648056097283
0.19 0 0.45 1.1064109918315834
0.19 0 0.46 1.3625451458381963
0.19 0 0.47000000000000003 0.9812257420132874
0.19 0 0.48 2.188546077379166
0.19 0 0.49 1.4432353963463544
0.19 0 0.5 0.986503836052024
0.2 0 0.0 0.23142050926639077
0.2 0 0.01 0.2898019575631608
0.2 0 0.02 0.2712411570502676
0.2 0 0.03 0.2715072531921497
0.2 0 0.04 0.2446664127598659
0.2 0 0.05 0.30936511298563507
0.2 0 0.06 0.410191212046863
0.2 0 0.07 0.24330206982858366
0.2 0 0.08 0.17932024852164063
0.2 0 0.09 0.211370067858333
0.2 0 0.1 0.32979453047077695
0.2 0 0.11 0.3422410994625559
0.2 0 0.12 0.31586695644563656
0.2 0 0.13 0.26561661013254173
0.2 0 0.14 0.3713700077928785
0.2 0 0.15 0.5815286962461318
0.2 0 0.16 0.42619862364041416
0.2 0 0.17 0.31711046792742476
0.2 0 0.18 0.44827858691335787
0.2 0 0.19 0.34954138074501234
0.2 0 0.2 0.40277457156807667
0.2 0 0.21 0.35826590630283406
0.2 0 0.22 0.31556171481564654
0.2 0 0.23 0.37031080289945
0.2 0 0.24 0.3126252356598971
0.2 0 0.25 0.215618700056126
0.2 0 0.26 0.17913822387365128
0.2 0 0.27 0.2133816661390828
0.2 0 0.28 0.2292707575733472
0.2 0 0.29 0.17715002952621925
0.2 0 0.3 0.3251120652989955
0.2 0 0.31 0.40812978733460303
0.2 0 0.32 0.4955359219168069
0.2 0 0.33 0.6538145892389063
0.2 0 0.34 1.1889673665082214
0.2 0 0.35000000000000003 1.2440758084905879
0.2 0 0.36 2.0596879347270987
0.2 0 0.37 1.8349294101435758
0.2 0 0.38 2.346112579979946
0.2 0 0.39 2.49598942728568
0.2 0 0.4 1.8623423539101573
0.2 0 0.41000000000000003 1.0070499045252979
0.2 0 0.42 1.05797798036022
0.2 0 0.43 0.7437035777145083
0.2 0 0.44 0.5018990247438466
0.2 0 0.45 0.6246039451172507
0.2 0 0.46 0.7443783392549336
0.2 0 0.47000000000000003 0.49743362527005797
0.2 0 0.48 0.7610673463490198
0.2 0 0.49 0.7851295398088388
0.2 0 0.5 0.9903841760365183
0.21 0 0.0 0.2409166473839766
0.21 0 0.01 0.2829885017017339
0.21 0 0.02 0.25910693583110755
0.21 0 0.03 0.25212729949685475
0.21 0 0.04 0.4737773021229463
0.21 0 0.05 0.6133194322514769
0.21 0 0.06 0.6009728435385937
0.21 0 0.07 0.5852499169968185
0.21 0 0.08 0.5650026982704517
0.21 0 0.09 0.6418614020965984
0.21 0 0.1 0.6205742804019674
0.21 0 0.11 0.6252549986867657
0.21 0 0.12 0.6910418541779572
0.21 0 0.13 0.584242406395809
0.21 0 0.14 0.4522225939194794
0.21 0 0.15 0.4536804128350111
0.21 0 0.16 0.6506688688432288
0.21 0 0.17 0.579285258579126
0.21 0 0.18 0.574402164324216
0.21 0 0.19 0.5934424320698325
0.21 0 0.2 0.8442529196261283
0.21 0 0.21 0.8744661069775101
0.21 0 0.22 1.4612758322246122
0.21 0 0.23 0.9448271187040711
0.21 0 0.24 0.7895614966242502
0.21 0 0.25 0.6615867352185557
0.21 0 0.26 0.41923064672972715
0.21 0 0.27 0.50846902252397
0.21 0 0.28 0.5411748825261344
0.21 0 0.29 0.5396776801204322
0.21 0 0.3 0.9161079310786725
0.21 0 0.31 0.7669442522148759
0.21 0 0.32 0.7365880233925901
0.21 0 0.33 0.5527666387286485
0.21 0 0.34 0.9362813942878837
0.21 0 0.35000000000000003 1.118557764278555
0.21 0 0.36 0.8341530010173095
0.21 0 0.37 2.206085005332446
0.21 0 0.38 3.9334626427047588
0.21 0 0.39 3.8728021672747155
0.21 0 0.4 5.022169027135758
0.21 0 0.41000000000000003 4.516812402262614
0.21 0 0.42 5.305438475723268
0.21 0 0.43 2.6588752054872438
0.21 0 0.44 2.316637358333747
0.21 0 0.45 1.346648505280981
0.21 0 0.46 1.7153303143673744
0.21 0 0.47000000000000003 1.4950980228830204
0.21 0 0.48 0.8366223598337732
0.21 0 0.49 1.682369322708182
0.21 0 0.5 2.0234952355299267
0.22 0 0.0 0.28552112170324484
0.22 0 0.01 0.3615084656925249
0.22 0 0.02 0.2840574040315292
0.22 0 0.03 0.1716480957590399
0.22 0 0.04 0.4033808258336082
0.22 0 0.05 0.3774266070621576
0.22 0 0.06 0.3436024272144564
0.22 0 0.07 0.4529904235290943
0.22 0 0.08 0.5736291151518754
0.22 0 0.09 0.6243946752460615
0.22 0 0.1 0.708289675785947
0.22 0 0.11 1.461032662976622
0.22 0 0.12 1.540549370743844
0.22 0 0.13 1.124087799882517
0.22 0 0.14 1.5117924698341245
0.22 0 0.15 1.1997352469366311
0.22 0 0.16 1.3662085171612854
0.22 0 0.17 0.9726717086072844
0.22 0 0.18 0.8309631941492331
0.22 0 0.19 1.0272870690543154
0.22 0 0.2 0.7139531919544545
0.22 0 0.21 0.9710161884817947
0.22 0 0.22 1.0670774110457246
0.22 0 0.23 1.7375971698632995
0.22 0 0.24 2.03092230142312
0.22 0 0.25 1.7531533352758046
0.22 0 0.26 3.5072308641990633
0.22 0 0.27 2.3143826812665993
0.22 0 0.28 4.3636147332470925
0.22 0 0.29 6.224983128676045
0.22 0 0.3 4.016615991214027
0.22 0 0.31 3.6338119920203167
0.22 0 0.32 2.6116702033601125
0.22 0 0.33 3.028006627778695
0.22 0 0.34 3.0979415140551736
0.22 0 0.35000000000000003 2.502969706329196
0.22 0 0.36 2.5385892590677925
0.22 0 0.37 3.5584491377892067
0.22 0 0.38 5.404542042318444
0.22 0 0.39 3.903790620103868
0.22 0 0.4 3.65689007401947
0.22 0 0.41000000000000003 7.0378828338435895
0.22 0 0.42 7.067646279852459
0.22 0 0.43 5.037395738365219
0.22 0 0.44 3.883643326966325
0.22 0 0.45 5.169377511322703
0.22 0 0.46 3.6091179696778406
0.22 0 0.47000000000000003 3.8518452453994816
0.22 0 0.48 3.1661912814733486
0.22 0 0.49 1.5040077212384912
0.22 0 0.5 1.4760211841219553
0.23 0 0.0 0.4347782904112601
0.23 0 0.01 0.4179062500335661
0.23 0 0.02 0.4611108788639474
0.23 0 0.03 0.7218447040528998
0.23 0 0.04 0.48637586555178147
0.23 0 0.05 0.8783000673492743
0.23 0 0.06 0.7579707579082038
0.23 0 0.07 0.6364140232301286
0.23 0 0.08 0.5958934071394781
0.23 0 0.09 0.3027960541411643
0.23 0 0.1 0.44976055712415236
0.23 0 0.11 0.8962276436419453
0.23 0 0.12 1.3147694766483484
0.23 0 0.13 0.8630858064417503
0.23 0 0.14 0.9342101416506399
0.23 0 0.15 1.7698035634895686
0.23 0 0.16 1.3136254270690562
0.23 0 0.17 1.2781080952624535
0.23 0 0.18 1.4773419865548525
0.23 0 0.19 1.7373436706087666
0.23 0 0.2 1.8281548600956428
0.23 0 0.21 1.5842152364302586
0.23 0 0.22 1.8584906201910976
0.23 0 0.23 2.3862386917696634
0.23 0 0.24 3.0728530720129235
0.23 0 0.25 3.8399428954253927
0.23 0 0.26 3.6967466947653755
0.23 0 0.27 6.836371257247136
0.23 0 0.28 6.939728744140864
0.23 0 0.29 9.334890325056563
0.23 0 0.3 10.127456433043198
0.23 0 0.31 9.253014124800076
0.23 0 0.32 7.995647317248968
0.23 0 0.33 7.731206672559975
0.23 0 0.34 5.5207566778671096
0.23 0 0.35000000000000003 6.06484490408051
0.23 0 0.36 7.16041589206522
0.23 0 0.37 3.3441971479880714
0.23 0 0.38 2.7414603239512707
0.23 0 0.39 3.3573045638364003
0.23 0 0.4 2.5870941752343675
0.23 0 0.41000000000000003 3.515130501950468
0.23 0 0.42 2.9143649281788484
0.23 0 0.43 3.0168169675144805
0.23 0 0.44 2.769931026842474
0.23 0 0.45 3.4844920074587384
0.23 0 0.46 3.3250248107142624
0.23 0 0.47000000000000003 3.225124460313294
0.23 0 0.48 2.833797948747335
0.23 0 0.49 1.6591831265137298
0.23 0 0.5 0.7071277978066747
0.24 0 0.0 1.4326854961503905
0.24 0 0.01 1.969810361436926
0.24 0 0.02 1.5621698941522455
0.24 0 0.03 1.9558585286528214
0.24 0 0.04 2.7319438054422367
0.24 0 0.05 2.6240283043777612
0.24 0 0.06 2.794521647120228
0.24 0 0.07 2.260612731389243
0.24 0 0.08 1.2519001192298636
0.24 0 0.09 0.9372978713234863
0.24 0 0.1 0.7629489264732147
0.24 0 0.11 1.0376799228881162
0.24 0 0.12 0.9558693257332379
0.24 0 0.13 0.770671999905958
0.24 0 0.14 0.5684496342190001
0.24 0 0.15 1.1371588551328224
0.24 0 0.16 1.156977509058762
0.24 0 0.17 1.1229696414230228
0.24 0 0.18 2.2028902498677816
0.24 0 0.19 3.19248810259708
0.24 0 0.2 3.6139540718672105
0.24 0 0.21 5.025430602457875
0.24 0 0.22 6.50197712360219
0.24 0 0.23 5.7619946787341325
0.24 0 0.24 4.387728648206457
0.24 0 0.25 4.921661429465973
0.24 0 0.26 4.45530067686445
0.24 0 0.27 4.53805377023876
0.24 0 0.28 4.62800662160784
0.24 0 0.29 5.8318018797139635
0.24 0 0.3 5.052728864890773
0.24 0 0.31 4.874443312917684
0.24 0 0.32 3.6688116145683014
0.24 0 0.33 3.129482697621117
0.24 0 0.34 2.9986268243227014
0.24 0 0.35000000000000003 4.436440384354623
0.24 0 0.36 5.452416129246105
0.24 0 0.37 6.9955057197622255
0.24 0 0.38 3.8969670310545745
0.24 0 0.39 4.028523050715138
0.24 0 0.4 5.15640970854764
0.24 0 0.41000000000000003 2.7559202604151976
0.24 0 0.42 1.447387747737776
0.24 0 0.43 1.7125980801654896
0.24 0 0.44 1.511287084443425
0.24 0 0.45 1.6850053449036797
0.24 0 0.46 1.6866130249059343
0.24 0 0.47000000000000003 1.211990419096527
0.24 0 0.48 1.2285623175252565
0.24 0 0.49 0.746957081577943
0.24 0 0.5 0.43203751423413345
0.25 0 0.0 0.921561883796719
0.25 0 0.01 1.4741117318483012
0.25 0 0.02 1.1705783533410157
0.25 0 0.03 1.003776290086129
0.25 0 0.04 1.5831387672141477
0.25 0 0.05 1.8127377049521802
0.25 0 0.06 1.506761668582771
0.25 0 0.07 1.384922685885724
0.25 0 0.08 1.0794568687682013
0.25 0 0.09 0.8529406520249998
0.25 0 0.1 0.9029408513180417
0.25 0 0.11 0.6952415402867529
0.25 0 0.12 0.4248585231525362
0.25 0 0.13 0.5261120900484574
0.25 0 0.14 0.7396204874450105
0.25 0 0.15 0.9704571759990854
0.25 0 0.16 1.2120142867222943
0.25 0 0.17 1.6462354152224394
0.25 0 0.18 1.3297339125518985
0.25 0 0.19 1.4764775208051217
0.25 0 0.2 1.9597720596436783
0.25 0 0.21 2.450641076321032
0.25 0 0.22 2.744370527780516
0.25 0 0.23 1.6592881964332091
0.25 0 0.24 1.155490352562452
0.25 0 0.25 2.2803453653784183
0.25 0 0.26 1.3404028161651045
0.25 0 0.27 0.8495921920959908
0.25 0 0.28 1.6143430055246784
0.25 0 0.29 3.2005942021247678
0.25 0 0.3 3.9621504813266126
0.25 0 0.31 2.5665316433648373
0.25 0 0.32 4.524824805287633
0.25 0 0.33 6.381263003757326
0.25 0 0.34 7.457480856986383
0.25 0 0.35000000000000003 7.451525138986326
0.25 0 0.36 6.235475202444392
0.25 0 0.37 8.24974394549302
0.25 0 0.38 5.88194853818503
0.25 0 0.39 4.637510474537371
0.25 0 0.4 2.323790611894334
0.25 0 0.41000000000000003 1.3034261080090488
0.25 0 0.42 1.1708622669528916
0.25 0 0.43 0.792748752280539
0.25 0 0.44 1.0202605340173756
0.25 0 0.45 0.7944379555435243
0.25 0 0.46 0.9838154747554774
0.25 0 0.47000000000000003 1.641755608625258
0.25 0 0.48 0.7354221279534041
0.25 0 0.49 0.6119228066260064
0.25 0 0.5 0.5606661446311909
0.26 0 0.0 0.8103827912463
0.26 0 0.01 1.2311919249496086
0.26 0 0.02 1.8483565741544137
0.26 0 0.03 0.9943537735325184
0.26 0 0.04 1.0589050970001253
0.26 0 0.05 1.0496331288929677
0.26 0 0.06 0.7800889960810657
0.26 0 0.07 0.7686843814806203
0.26 0 0.08 0.6374595919700522
0.26 0 0.09 0.7344568272945602
0.26 0 0.1 0.5620143234409817
0.26 0 0.11 0.5788207527242287
0.26 0 0.12 0.385493326837613
0.26 0 0.13 0.21405971023213627
0.26 0 0.14 0.4304085305642824
0.26 0 0.15 0.40648282861552754
0.26 0 0.16 0.6257628828335421
0.26 0 0.17 0.6792883133498252
0.26 0 0.18 0.9331757477125723
0.26 0 0.19 1.1050547910674298
0.26 0 0.2 1.0158883876091933
0.26 0 0.21 1.5390065722147197
0.26 0 0.22 0.9135506479963238
0.26 0 0.23 0.609278312368354
0.26 0 0.24 0.6490052851249857
0.26 0 0.25 0.43822368654979815
0.26 0 0.26 0.643091997884288
0.26 0 0.27 0.426474114928379
0.26 0 0.28 0.4982822140970516
0.26 0 0.29 0.9566814126560035
0.26 0 0.3 0.8677041308734204
0.26 0 0.31 0.7534636867889831
0.26 0 0.32 1.0706308726109308
0.26 0 0.33 1.750775724409472
0.26 0 0.34 1.7175209735487313
0.26 0 0.35000000000000003 1.7024348155128328
0.26 0 0.36 2.232093311888706
0.26 0 0.37 1.5315047458535642
0.26 0 0.38 2.6929906907089705
0.26 0 0.39 2.0052331151512304
0.26 0 0.4 1.9912080686153149
0.26 0 0.41000000000000003 1.5458076332814858
0.26 0 0.42 1.591963472389367
0.26 0 0.43 1.256293465026844
0.26 0 0.44 0.8081154969827394
0.26 0 0.45 0.9207161651545236
0.26 0 0.46 1.2600426638797038
0.26 0 0.47000000000000003 1.5148694159872087
0.26 0 0.48 1.9572180110332653
0.26 0 0.49 1.4900866382156412
0.26 0 0.5 1.681958174171213
0.27 0 0.0 1.8454241363801536
0.27 0 0.01 1.0977149511905449
0.27 0 0.02 1.596363330129215
0.27 0 0.03 2.5945858760633227
0.27 0 0.04 0.9908273308150417
0.27 0 0.05 1.043491935278174
0.27 0 0.06 1.7761774311538605
0.27 0 0.07 1.0154786852805355
0.27 0 0.08 0.8829829216344343
0.27 0 0.09 0.6285620897794477
0.27 0 0.1 0.8469115931323092
0.27 0 0.11 0.7823615851813279
0.27 0 0.12 0.6665022809931777
0.27 0 0.13 0.33407595272424684
0.27 0 0.14 0.2545997334188987
0.27 0 0.15 0.3591677393596609
0.27 0 0.16 0.28307383547380677
0.27 0 0.17 0.36378869063112584
0.27 0 0.18 0.8181094060988439
0.27 0 0.19 0.9541442270714091
0.27 0 0.2 1.364298259080078
0.27 0 0.21 1.1294135867092208
0.27 0 0.22 1.4530754122819174
0.27 0 0.23 0.9637738802058211
0.27 0 0.24 1.0298460366317679
0.27 0 0.25 0.7331891908631675
0.27 0 0.26 0.6059068149908851
0.27 0 0.27 0.5569452256509871
0.27 0 0.28 0.7779907028937968
0.27 0 0.29 0.561317182843228
0.27 0 0.3 0.4345679728779765
0.27 0 0.31 0.507443056590481
0.27 0 0.32 0.7366904384944307
0.27 0 0.33 0.9125461212228936
0.27 0 0.34 1.2208447914702112
0.27 0 0.35000000000000003 1.3189917775411695
0.27 0 0.36 3.0725844075201563
0.27 0 0.37 2.4123372372052585
0.27 0 0.38 1.8356298488811884
0.27 0 0.39 2.9213518411215804
0.27 0 0.4 3.4397339026906795
0.27 0 0.41000000000000003 2.656288420896603
0.27 0 0.42 3.0618781492538245
0.27 0 0.43 2.8926053272692145
0.27 0 0.44 2.104373411598752
0.27 0 0.45 1.2123105960840475
0.27 0 0.46 1.8323192256044372
0.27 0 0.47000000000000003 1.3344316356917874
0.27 0 0.48 1.2464820498782485
0.27 0 0.49 1.0106477824068925
0.27 0 0.5 1.1428656672860276
0.28 0 0.0 1.409039027276624
0.28 0 0.01 1.1720472616215891
0.28 0 0.02 1.1651649930120414
0.28 0 0.03 0.9878967449993756
0.28 0 0.04 1.3044764041116694
0.28 0 0.05 1.3222442516665371
0.28 0 0.06 2.099427819477485
0.28 0 0.07 1.4300821451199637
0.28 0 0.08 0.9995190754217574
0.28 0 0.09 0.9860053759574845
0.28 0 0.1 1.979258549414702
0.28 0 0.11 1.43758270494204
0.28 0 0.12 1.789184893287695
0.28 0 0.13 2.1634338754019296
0.28 0 0.14 1.362594026606612
0.28 0 0.15 1.0843380465652646
0.28 0 0.16 1.6413687536458867
0.28 0 0.17 1.1570573830084339
0.28 0 0.18 1.0425444515281108
0.28 0 0.19 0.9703646669854955
0.28 0 0.2 0.9406552642321717
0.28 0 0.21 0.8427911017580774
0.28 0 0.22 1.141858692416542
0.28 0 0.23 0.9945786609769632
0.28 0 0.24 0.916001653733429
0.28 0 0.25 0.9742814937026902
0.28 0 0.26 0.7512855689558715
0.28 0 0.27 0.7077893579844727
0.28 0 0.28 0.971957668183216
0.28 0 0.29 0.8235191813900532
0.28 0 0.3 0.9689130943757966
0.28 0 0.31 0.7314357376985178
0.28 0 0.32 0.7132112767026126
0.28 0 0.33 0.5862410217157756
0.28 0 0.34 1.077097358894461
0.28 0 0.35000000000000003 2.158704883641697
0.28 0 0.36 2.407578160077092
0.28 0 0.37 2.222545725089182
0.28 0 0.38 3.023917073246623
0.28 0 0.39 2.8285703876917303
0.28 0 0.4 2.447031494733637
0.28 0 0.41000000000000003 1.7986710545744353
0.28 0 0.42 1.5589317831897411
0.28 0 0.43 2.5860428512937443
0.28 0 0.44 1.5704275982881117
0.28 0 0.45 1.037244551112046
0.28 0 0.46 1.2751843550772135
0.28 0 0.47000000000000003 0.9737383313376747
0.28 0 0.48 0.6638238340460365
0.28 0 0.49 0.5624877937103185
0.28 0 0.5 0.8600521645288249
0.29 0 0.0 1.0032810338237668
0.29 0 0.01 1.4174635767375316
0.29 0 0.02 1.181401431806222
0.29 0 0.03 0.6273529532624081
0.29 0 0.04 0.7782402565718308
0.29 0 0.05 0.9248269524177442
0.29 0 0.06 1.1274366239775189
0.29 0 0.07 1.2068996063650637
0.29 0 0.08 1.0907129991092668
0.29 0 0.09 1.1847652804428324
0.29 0 0.1 1.4655751203530358
0.29 0 0.11 1.444821383235828
0.29 0 0.12 1.1790115466326863
0.29 0 0.13 1.07366768619576
0.29 0 0.14 1.2672586877140433
0.29 0 0.15 1.1934237014294973
0.29 0 0.16 1.702614217013026
0.29 0 0.17 1.8375192102466404
0.29 0 0.18 1.1288288346837454
0.29 0 0.19 0.6922166908596542
0.29 0 0.2 1.0454148037382809
0.29 0 0.21 0.9045124198360791
0.29 0 0.22 1.005313592880556
0.29 0 0.23 1.327918225323268
0.29 0 0.24 0.9486601604145318
0.29 0 0.25 0.9279273631484402
0.29 0 0.26 0.7255436395496095
0.29 0 0.27 0.5558372284009554
0.29 0 0.28 0.4198372199141882
0.29 0 0.29 0.6534284330499183
0.29 0 0.3 0.7011051163911188
0.29 0 0.31 0.49791330943965817
0.29 0 0.32 0.5297021901537399
0.29 0 0.33 0.4954646922962159
0.29 0 0.34 0.749351444401532
0.29 0 0.35000000000000003 1.6548009600184632
0.29 0 0.36 1.456574191959661
0.29 0 0.37 1.901095874368876
0.29 0 0.38 1.6148474324067998
0.29 0 0.39 1.9462207403713665
0.29 0 0.4 1.4678703029983435
0.29 0 0.41000000000000003 1.2763496779000396
0.29 0 0.42 2.297035848460753
0.29 0 0.43 1.5867365126352793
0.29 0 0.44 1.7911220778765529
0.29 0 0.45 2.1024039422806187
0.29 0 0.46 1.8027836326521667
0.29 0 0.47000000000000003 2.9255586959223643
0.29 0 0.48 0.9265610902019237
0.29 0 0.49 0.7680362515334611
0.29 0 0.5 0.6748701099860086
0.3 0 0.0 0.7715241458144557
0.3 0 0.01 0.5371675941228552
0.3 0 0.02 1.1023086541632212
0.3 0 0.03 0.5303921499564774
0.3 0 0.04 0.3030184019447127
0.3 0 0.05 0.30457261037003974
0.3 0 0.06 0.2590460589847682
0.3 0 0.07 0.24666399430788366
0.3 0 0.08 0.31383279956537635
0.3 0 0.09 0.42413663435848686
0.3 0 0.1 0.2495202857974522
0.3 0 0.11 0.4677429533502536
0.3 0 0.12 0.6233607676068927
0.3 0 0.13 0.46860659704755425
0.3 0 0.14 0.5372301650064569
0.3 0 0.15 0.7352440745369588
0.3 0 0.16 1.307184976648922
0.3 0 0.17 1.4057721978958722
0.3 0 0.18 0.7096503911841645
0.3 0 0.19 0.8498646828694884
0.3 0 0.2 0.7209732024849035
0.3 0 0.21 0.9376986716082353
0.3 0 0.22 0.4913954185778891
0.3 0 0.23 0.697245423728531
0.3 0 0.24 1.2434953045033768
0.3 0 0.25 0.7304970990799429
0.3 0 0.26 0.6891451000984611
0.3 0 0.27 0.7590459924596005
0.3 0 0.28 0.7883512302499244
0.3 0 0.29 0.859402559349136
0.3 0 0.3 0.8105159722997622
0.3 0 0.31 1.2137437967672466
0.3 0 0.32 0.8279769347755169
0.3 0 0.33 1.4754547614348499
0.3 0 0.34 1.07794812837346
0.3 0 0.35000000000000003 1.4374072024073075
0.3 0 0.36 1.6864793513432157
0.3 0 0.37 1.2503264508830185
0.3 0 0.38 1.1619288569896553
0.3 0 0.39 1.4655005422313572
0.3 0 0.4 1.2492128039103232
0.3 0 0.41000000000000003 1.6317419078479631
0.3 0 0.42 1.2869435924103714
0.3 0 0.43 1.5155806406201286
0.3 0 0.44 0.8063511220433351
0.3 0 0.45 1.1868557599968081
0.3 0 0.46 1.5539613787308593
0.3 0 0.47000000000000003 1.3904079275488666
0.3 0 0.48 1.2308219390687516
0.3 0 0.49 1.1101844357058095
0.3 0 0.5 0.6828846646985007
#STOP
