#MEDIUM_PROPERTIES_DISTRIBUTED
$MSH_TYPE
	 GROUNDWATER_FLOW	
$MMP_TYPE
	 PERMEABILITY	
$DIS_TYPE
	 NEAREST_VALUE	
;hj
$CONVERSION_FACTOR
2e-8;2e-6;2e-13
$DATA
0.0 0 0.0 0.704985599937734
0.0 0 0.01 0.5241142174432456
0.0 0 0.02 0.6002616148211628
0.0 0 0.03 0.544962121545441
0.0 0 0.04 0.541266284422183
0.0 0 0.05 0.6363812367606848
0.0 0 0.06 0.45530375507431453
0.0 0 0.07 0.3826174831558655
0.0 0 0.08 0.3982662475743601
0.0 0 0.09 0.4832937889558697
0.0 0 0.1 0.5540383519590952
0.0 0 0.11 0.7974646336174577
0.0 0 0.12 1.0017155164459466
0.0 0 0.13 1.1007230911161023
0.0 0 0.14 1.3359114412527526
0.0 0 0.15 0.8073196452727518
0.0 0 0.16 0.8457920747025729
0.0 0 0.17 1.138762379651834
0.0 0 0.18 1.0207289029581086
0.0 0 0.19 1.100865606257405
0.0 0 0.2 0.8275366079008312
0.0 0 0.21 0.5151908849144592
0.0 0 0.22 0.33625661839828874
0.0 0 0.23 0.46353860918714257
0.0 0 0.24 0.782436838609122
0.0 0 0.25 0.8022158161441101
0.0 0 0.26 1.0033585306738726
0.0 0 0.27 1.2094603154447146
0.0 0 0.28 1.2306614050073357
0.0 0 0.29 0.7754593072122112
0.0 0 0.3 0.5872975887443921
0.0 0 0.31 0.7537355147188346
0.0 0 0.32 0.9125998229058924
0.0 0 0.33 1.079842673981465
0.0 0 0.34 1.0939087842063413
0.0 0 0.35000000000000003 1.1732941691463883
0.0 0 0.36 0.9100750185107722
0.0 0 0.37 0.8007187684405142
0.0 0 0.38 0.8222473503284632
0.0 0 0.39 0.7368674918750399
0.0 0 0.4 0.8414036259397839
0.0 0 0.41000000000000003 0.6340091036834186
0.0 0 0.42 0.841155286745898
0.0 0 0.43 0.9300200095703043
0.0 0 0.44 0.4279710898579625
0.0 0 0.45 0.4642953512624746
0.0 0 0.46 0.6326923321541599
0.0 0 0.47000000000000003 0.7019296760072418
0.0 0 0.48 0.8195193301807435
0.0 0 0.49 0.9298351272703561
0.0 0 0.5 0.6460767733646405
0.01 0 0.0 3.8183800768321974
0.01 0 0.01 2.502935691951996
0.01 0 0.02 1.8186240910731295
0.01 0 0.03 2.1783186508291053
0.01 0 0.04 2.516595061930883
0.01 0 0.05 1.9638577306396263
0.01 0 0.06 2.321818135037575
0.01 0 0.07 1.8066311732579368
0.01 0 0.08 1.5437849351275457
0.01 0 0.09 2.0413829761025823
0.01 0 0.1 2.24115330042823
0.01 0 0.11 2.5858905318168786
0.01 0 0.12 2.545351570050586
0.01 0 0.13 3.5562899285550205
0.01 0 0.14 5.3281920737499435
0.01 0 0.15 5.083863827850727
0.01 0 0.16 3.1730975733794597
0.01 0 0.17 3.179234415119542
0.01 0 0.18 5.957375784745273
0.01 0 0.19 5.82918176065713
0.01 0 0.2 6.386763902518508
0.01 0 0.21 5.738881175999805
0.01 0 0.22 3.8205087632658
0.01 0 0.23 3.695667502422839
0.01 0 0.24 2.8884228170951665
0.01 0 0.25 2.3566969369132296
0.01 0 0.26 1.5292642231781535
0.01 0 0.27 1.1631594355586388
0.01 0 0.28 1.252110678011854
0.01 0 0.29 1.4371555382870869
0.01 0 0.3 1.4151747058328314
0.01 0 0.31 0.9169799415443985
0.01 0 0.32 1.1666361072975122
0.01 0 0.33 1.3018371143914242
0.01 0 0.34 0.9125158834227991
0.01 0 0.35000000000000003 1.0803760586771043
0.01 0 0.36 1.3175654725531374
0.01 0 0.37 1.1052366424256255
0.01 0 0.38 1.0359569265685422
0.01 0 0.39 1.578412079328953
0.01 0 0.4 1.4352152520464352
0.01 0 0.41000000000000003 1.2272084526376459
0.01 0 0.42 1.2421723570887724
0.01 0 0.43 0.9771527871100564
0.01 0 0.44 1.1350765051987795
0.01 0 0.45 0.9076485182466172
0.01 0 0.46 0.6990821428369974
0.01 0 0.47000000000000003 0.6956395415824779
0.01 0 0.48 0.7326256922316825
0.01 0 0.49 0.6889858804598583
0.01 0 0.5 0.4256541440920717
0.02 0 0.0 1.2379559318148836
0.02 0 0.01 1.145272908202678
0.02 0 0.02 1.0181108410662991
0.02 0 0.03 1.106844036416352
0.02 0 0.04 1.206626009658562
0.02 0 0.05 1.3801885072455657
0.02 0 0.06 1.0089792879709756
0.02 0 0.07 1.1061279889370728
0.02 0 0.08 1.9266966392081024
0.02 0 0.09 1.6130933627039834
0.02 0 0.1 1.6174309424558924
0.02 0 0.11 1.6838939828866306
0.02 0 0.12 1.7596853305527485
0.02 0 0.13 2.3050208499741127
0.02 0 0.14 3.3705434973758086
0.02 0 0.15 5.5811594658050945
0.02 0 0.16 6.082128974905274
0.02 0 0.17 5.915743091559111
0.02 0 0.18 5.634437412443598
0.02 0 0.19 6.39871187527477
0.02 0 0.2 4.456660088292484
0.02 0 0.21 2.6755564684129616
0.02 0 0.22 4.281529802155336
0.02 0 0.23 5.046755486258521
0.02 0 0.24 4.728186127586146
0.02 0 0.25 4.638892294884334
0.02 0 0.26 4.0835062534600395
0.02 0 0.27 3.1400383702535857
0.02 0 0.28 2.1908591785010727
0.02 0 0.29 2.4031960879263403
0.02 0 0.3 1.9735526263028695
0.02 0 0.31 1.5504757284673087
0.02 0 0.32 0.9727921896688019
0.02 0 0.33 0.5621084574407652
0.02 0 0.34 0.6148901403973152
0.02 0 0.35000000000000003 0.5382848545036127
0.02 0 0.36 0.5822513209773765
0.02 0 0.37 0.6776279106823323
0.02 0 0.38 0.7205252345708861
0.02 0 0.39 0.8886897027001391
0.02 0 0.4 0.8979814728871273
0.02 0 0.41000000000000003 0.9486209356332899
0.02 0 0.42 1.0020144563579159
0.02 0 0.43 1.1330063211906218
0.02 0 0.44 1.164008833160673
0.02 0 0.45 1.4585379123438236
0.02 0 0.46 1.2556684915522849
0.02 0 0.47000000000000003 0.7982738705346744
0.02 0 0.48 1.2634589850368654
0.02 0 0.49 1.462558748159858
0.02 0 0.5 1.3040044942953137
0.03 0 0.0 0.5224971697932477
0.03 0 0.01 0.41112740249267676
0.03 0 0.02 0.48166670476283546
0.03 0 0.03 0.3379834988366321
0.03 0 0.04 0.2300802132405211
0.03 0 0.05 0.3674474180865181
0.03 0 0.06 0.4598987103809631
0.03 0 0.07 0.4355077645833309
0.03 0 0.08 0.44564580983243124
0.03 0 0.09 0.6089231697309986
0.03 0 0.1 0.6451241547789349
0.03 0 0.11 0.928939489835446
0.03 0 0.12 1.7727524907963086
0.03 0 0.13 1.5183575251156414
0.03 0 0.14 1.3966276131533846
0.03 0 0.15 1.3788623908107736
0.03 0 0.16 1.5626404454704084
0.03 0 0.17 1.8568133064128436
0.03 0 0.18 1.6885884164879796
0.03 0 0.19 1.7498276837321702
0.03 0 0.2 1.7699605400273255
0.03 0 0.21 1.6524208398723959
0.03 0 0.22 1.0545510121390482
0.03 0 0.23 1.0062205836921971
0.03 0 0.24 1.2498634020660562
0.03 0 0.25 1.2439031850070814
0.03 0 0.26 1.6661999866729478
0.03 0 0.27 1.7249412466858258
0.03 0 0.28 1.800785690466584
0.03 0 0.29 1.7014061749994656
0.03 0 0.3 1.6978902416522057
0.03 0 0.31 2.0154721110122424
0.03 0 0.32 1.9281929261979203
0.03 0 0.33 1.9570455307675105
0.03 0 0.34 1.5424228927317238
0.03 0 0.35000000000000003 1.8557554784236752
0.03 0 0.36 1.7012228184396607
0.03 0 0.37 1.0708079908351347
0.03 0 0.38 1.4941990627738049
0.03 0 0.39 1.698037062510641
0.03 0 0.4 1.7009150905494737
0.03 0 0.41000000000000003 1.6340813914271815
0.03 0 0.42 1.463943301691126
0.03 0 0.43 1.4741351003189296
0.03 0 0.44 1.333336548318512
0.03 0 0.45 1.181423982393881
0.03 0 0.46 1.175674123295199
0.03 0 0.47000000000000003 2.125760380633183
0.03 0 0.48 2.305417245461993
0.03 0 0.49 1.603008006086361
0.03 0 0.5 1.5344359780511683
0.04 0 0.0 0.29162979265595795
0.04 0 0.01 0.37546655184914673
0.04 0 0.02 0.6258701207704647
0.04 0 0.03 0.5201761833047455
0.04 0 0.04 0.5699143018827693
0.04 0 0.05 0.5653639330906219
0.04 0 0.06 0.6604195175535376
0.04 0 0.07 0.7318981239113028
0.04 0 0.08 0.6465859610343392
0.04 0 0.09 0.608327062061827
0.04 0 0.1 0.803328076181502
0.04 0 0.11 1.1277097469745014
0.04 0 0.12 0.7591139599017854
0.04 0 0.13 0.8281013456351696
0.04 0 0.14 0.9834926434343881
0.04 0 0.15 0.8919118289716297
0.04 0 0.16 1.1796855124273307
0.04 0 0.17 1.4151133778642762
0.04 0 0.18 2.093709984522376
0.04 0 0.19 2.146994487747761
0.04 0 0.2 1.6102154893738376
0.04 0 0.21 1.4123652960073123
0.04 0 0.22 1.4324993706959461
0.04 0 0.23 1.652015701995702
0.04 0 0.24 1.5830655035079015
0.04 0 0.25 1.6221048843366561
0.04 0 0.26 1.1527374365704657
0.04 0 0.27 0.9759839175305278
0.04 0 0.28 1.089613622006841
0.04 0 0.29 0.9705977460824254
0.04 0 0.3 1.0054856848838305
0.04 0 0.31 0.8978608875641896
0.04 0 0.32 1.0498705738867933
0.04 0 0.33 1.304937952394046
0.04 0 0.34 1.160471477151546
0.04 0 0.35000000000000003 0.7320334037303545
0.04 0 0.36 0.6226186920893338
0.04 0 0.37 1.0001575196589592
0.04 0 0.38 0.8859897693520777
0.04 0 0.39 1.017109345721915
0.04 0 0.4 1.260561130952967
0.04 0 0.41000000000000003 1.0926774708780949
0.04 0 0.42 1.4550611076139222
0.04 0 0.43 1.5446715167499505
0.04 0 0.44 1.4889522056554383
0.04 0 0.45 0.9053619772693935
0.04 0 0.46 0.5917736385449834
0.04 0 0.47000000000000003 0.8483040199345743
0.04 0 0.48 0.9497068517580131
0.04 0 0.49 0.5725840963385456
0.04 0 0.5 0.351347980221184
0.05 0 0.0 0.21623711639875323
0.05 0 0.01 0.2541042631059693
0.05 0 0.02 0.21014324425126446
0.05 0 0.03 0.23326392934973658
0.05 0 0.04 0.2887127702464187
0.05 0 0.05 0.36662013350713946
0.05 0 0.06 0.36982042056137504
0.05 0 0.07 0.40849349412953184
0.05 0 0.08 0.5668489809967908
0.05 0 0.09 0.46239334093510354
0.05 0 0.1 0.47021517568415666
0.05 0 0.11 0.4993942906388044
0.05 0 0.12 0.4830490818772787
0.05 0 0.13 0.45191971253840274
0.05 0 0.14 0.4137916849987396
0.05 0 0.15 0.3900662790389016
0.05 0 0.16 0.2632012672719932
0.05 0 0.17 0.32271565453399326
0.05 0 0.18 0.350775545299382
0.05 0 0.19 0.3148150610090631
0.05 0 0.2 0.35420145514506857
0.05 0 0.21 0.25850684537019236
0.05 0 0.22 0.3630740446487765
0.05 0 0.23 0.7088059149802917
0.05 0 0.24 0.8189197034654424
0.05 0 0.25 0.5885361974800307
0.05 0 0.26 0.5931094546658001
0.05 0 0.27 0.867027398408009
0.05 0 0.28 0.6711116501634353
0.05 0 0.29 0.675793163979057
0.05 0 0.3 0.7234488298627735
0.05 0 0.31 0.6299972111309573
0.05 0 0.32 0.6474112490599744
0.05 0 0.33 0.6034819810797809
0.05 0 0.34 0.5834422079741708
0.05 0 0.35000000000000003 0.49956843132854584
0.05 0 0.36 0.48285116244651155
0.05 0 0.37 0.5749334197326051
0.05 0 0.38 0.8697141667158331
0.05 0 0.39 0.7311515223399817
0.05 0 0.4 0.4795388172860148
0.05 0 0.41000000000000003 0.7133636827579427
0.05 0 0.42 0.6883363772882761
0.05 0 0.43 0.6661085547351865
0.05 0 0.44 0.7099745216466864
0.05 0 0.45 0.5966516260005247
0.05 0 0.46 0.632996897409754
0.05 0 0.47000000000000003 0.5531124976792849
0.05 0 0.48 0.5819641867488643
0.05 0 0.49 0.5165380751323876
0.05 0 0.5 0.43725950003693626
0.06 0 0.0 1.2404523302665043
0.06 0 0.01 1.2517156297847871
0.06 0 0.02 0.7430589606737208
0.06 0 0.03 0.4527758662927623
0.06 0 0.04 0.511714370704445
0.06 0 0.05 0.6263456395776019
0.06 0 0.06 0.5764975051219496
0.06 0 0.07 0.724239542401825
0.06 0 0.08 0.5657907090720736
0.06 0 0.09 0.6313604722874034
0.06 0 0.1 1.181521179626104
0.06 0 0.11 1.1574006026130648
0.06 0 0.12 1.2262080679844987
0.06 0 0.13 1.8079800277130822
0.06 0 0.14 1.9107908992573894
0.06 0 0.15 1.2062083527032033
0.06 0 0.16 1.1767046953150522
0.06 0 0.17 1.10324902858031
0.06 0 0.18 0.8763290729503384
0.06 0 0.19 1.153299361862331
0.06 0 0.2 1.1753024470551405
0.06 0 0.21 1.1770373525804247
0.06 0 0.22 0.8720517774721879
0.06 0 0.23 0.749816171941675
0.06 0 0.24 0.9825593100057082
0.06 0 0.25 0.9061968917171417
0.06 0 0.26 0.9833917654571084
0.06 0 0.27 1.007923536089646
0.06 0 0.28 1.2640958152630812
0.06 0 0.29 1.2547156422359123
0.06 0 0.3 1.021483584418992
0.06 0 0.31 1.3273784232811867
0.06 0 0.32 1.2061609962919588
0.06 0 0.33 1.2987056798947798
0.06 0 0.34 1.6155980835850767
0.06 0 0.35000000000000003 2.139517635225268
0.06 0 0.36 2.22067709113403
0.06 0 0.37 1.0651946432734654
0.06 0 0.38 0.8332492843120645
0.06 0 0.39 1.118780451669546
0.06 0 0.4 1.2508584120391777
0.06 0 0.41000000000000003 1.158688270270537
0.06 0 0.42 1.476043210384941
0.06 0 0.43 1.5500669732858434
0.06 0 0.44 1.2790095736398281
0.06 0 0.45 1.449416932039825
0.06 0 0.46 1.1798586292466362
0.06 0 0.47000000000000003 1.3076691721951537
0.06 0 0.48 1.559851306990589
0.06 0 0.49 1.750789049491691
0.06 0 0.5 2.190696247058134
0.07 0 0.0 1.8747371632308267
0.07 0 0.01 2.1679989056397693
0.07 0 0.02 2.3825319148331454
0.07 0 0.03 2.9042835691027915
0.07 0 0.04 4.00086255507024
0.07 0 0.05 3.3194073901871923
0.07 0 0.06 4.0512343029646045
0.07 0 0.07 4.280255322915511
0.07 0 0.08 3.3064676837256424
0.07 0 0.09 4.168106068740869
0.07 0 0.1 5.431772785015865
0.07 0 0.11 6.799724243031885
0.07 0 0.12 4.339446183887166
0.07 0 0.13 3.289771942015471
0.07 0 0.14 4.35203869740264
0.07 0 0.15 4.65578946274964
0.07 0 0.16 5.282952236548445
0.07 0 0.17 5.514200636615037
0.07 0 0.18 5.539798013690291
0.07 0 0.19 4.185634673835825
0.07 0 0.2 3.0102315750965767
0.07 0 0.21 2.5353050671241846
0.07 0 0.22 2.7530389508308923
0.07 0 0.23 3.277409150802594
0.07 0 0.24 2.6738850425634584
0.07 0 0.25 3.4486853733289986
0.07 0 0.26 3.1352540614514974
0.07 0 0.27 1.5511260429362417
0.07 0 0.28 1.2602842415483866
0.07 0 0.29 1.8074604318994343
0.07 0 0.3 2.4388934609784996
0.07 0 0.31 1.9376544353443619
0.07 0 0.32 2.176294528975063
0.07 0 0.33 1.4108032213304718
0.07 0 0.34 0.8734372793614554
0.07 0 0.35000000000000003 1.3514388575222407
0.07 0 0.36 1.1786155274069876
0.07 0 0.37 1.3664068303200663
0.07 0 0.38 1.85208950187499
0.07 0 0.39 1.8408823977506579
0.07 0 0.4 2.190851667512251
0.07 0 0.41000000000000003 1.7149413801199676
0.07 0 0.42 1.093162330836741
0.07 0 0.43 1.0017371455584496
0.07 0 0.44 1.6693471990854742
0.07 0 0.45 2.1203926827913997
0.07 0 0.46 2.156824833664846
0.07 0 0.47000000000000003 2.283794035367352
0.07 0 0.48 1.730061416888754
0.07 0 0.49 1.4653587203061607
0.07 0 0.5 1.2335927805682319
0.08 0 0.0 3.1144135931718044
0.08 0 0.01 4.367217727638134
0.08 0 0.02 2.58219479465966
0.08 0 0.03 2.1256579179915134
0.08 0 0.04 2.2167812279234727
0.08 0 0.05 2.4759563281563413
0.08 0 0.06 3.4326229019578034
0.08 0 0.07 3.995030153844071
0.08 0 0.08 4.041386413088411
0.08 0 0.09 3.4180575614588986
0.08 0 0.1 3.8851379796587384
0.08 0 0.11 3.608927662130076
0.08 0 0.12 4.084538196707267
0.08 0 0.13 3.755012948892723
0.08 0 0.14 1.9180803941308844
0.08 0 0.15 2.9428747570354123
0.08 0 0.16 3.699542726269252
0.08 0 0.17 2.5374866190763705
0.08 0 0.18 2.5809797310654856
0.08 0 0.19 2.8756296373998227
0.08 0 0.2 2.76337953690066
0.08 0 0.21 2.3337050809892417
0.08 0 0.22 3.1593449847745223
0.08 0 0.23 3.2928097385387662
0.08 0 0.24 3.2194801987589003
0.08 0 0.25 4.508407103242241
0.08 0 0.26 4.56048758863855
0.08 0 0.27 4.057159166429716
0.08 0 0.28 3.0638665371834892
0.08 0 0.29 2.511712723535521
0.08 0 0.3 2.3726312584402174
0.08 0 0.31 2.3511759021658305
0.08 0 0.32 1.6122355415635339
0.08 0 0.33 1.1917573762503597
0.08 0 0.34 1.6920537243662304
0.08 0 0.35000000000000003 1.7284168132662918
0.08 0 0.36 1.6936269991240238
0.08 0 0.37 1.3750429579062928
0.08 0 0.38 1.397517905017628
0.08 0 0.39 1.9120528619715975
0.08 0 0.4 1.6001024595154556
0.08 0 0.41000000000000003 2.144005444047069
0.08 0 0.42 1.9652085631285152
0.08 0 0.43 1.4565937738300936
0.08 0 0.44 1.5415472890480861
0.08 0 0.45 1.288295826735881
0.08 0 0.46 1.443688383008509
0.08 0 0.47000000000000003 1.3894682334057469
0.08 0 0.48 1.4999930244840598
0.08 0 0.49 1.9059722526215974
0.08 0 0.5 2.030701011267711
0.09 0 0.0 4.95000411768178
0.09 0 0.01 4.765052458574249
0.09 0 0.02 6.229736149735499
0.09 0 0.03 5.288853179561718
0.09 0 0.04 2.8795875073053816
0.09 0 0.05 3.761048974279209
0.09 0 0.06 4.416714375122034
0.09 0 0.07 3.2328757071667398
0.09 0 0.08 2.836834060406022
0.09 0 0.09 3.7953767776627614
0.09 0 0.1 4.004121285392669
0.09 0 0.11 3.50794046892552
0.09 0 0.12 3.544320340149346
0.09 0 0.13 2.557093795432782
0.09 0 0.14 2.186088396557036
0.09 0 0.15 1.503040879979046
0.09 0 0.16 1.1883841863585372
0.09 0 0.17 1.1968354303917907
0.09 0 0.18 0.9763167188693892
0.09 0 0.19 1.1639440201414242
0.09 0 0.2 0.9747610660079316
0.09 0 0.21 0.8652083928977505
0.09 0 0.22 0.8551514332915761
0.09 0 0.23 0.8575377100729611
0.09 0 0.24 1.1956828938785935
0.09 0 0.25 1.0178599020223065
0.09 0 0.26 0.8416930653273831
0.09 0 0.27 0.7044342223484197
0.09 0 0.28 0.9668998123393814
0.09 0 0.29 1.4803930025881127
0.09 0 0.3 1.1026289780219127
0.09 0 0.31 1.325392586370176
0.09 0 0.32 1.576917348172656
0.09 0 0.33 1.5632192813941972
0.09 0 0.34 2.3269922514998536
0.09 0 0.35000000000000003 2.69688645364349
0.09 0 0.36 1.8163358553779043
0.09 0 0.37 1.6672635181441724
0.09 0 0.38 1.8222141170033863
0.09 0 0.39 1.4057884769231983
0.09 0 0.4 1.5670335553085981
0.09 0 0.41000000000000003 0.9420187933113653
0.09 0 0.42 0.5905059769548658
0.09 0 0.43 0.8999500526895512
0.09 0 0.44 0.6740521782622284
0.09 0 0.45 0.37771666178900437
0.09 0 0.46 0.3106433258297554
0.09 0 0.47000000000000003 0.4263382200861133
0.09 0 0.48 0.3832061449163317
0.09 0 0.49 0.28837944886219363
0.09 0 0.5 0.39243109278870825
0.1 0 0.0 1.8904657006918049
0.1 0 0.01 1.5083360442411635
0.1 0 0.02 1.4198737891478341
0.1 0 0.03 1.4251296268666196
0.1 0 0.04 1.6459426098075804
0.1 0 0.05 1.1374258827247565
0.1 0 0.06 0.8917082648014389
0.1 0 0.07 0.6064589898375841
0.1 0 0.08 0.3090615735201159
0.1 0 0.09 0.30234366065831203
0.1 0 0.1 0.2486874153060184
0.1 0 0.11 0.19731854481459551
0.1 0 0.12 0.16746882831278162
0.1 0 0.13 0.14156196004986762
0.1 0 0.14 0.1385943718880773
0.1 0 0.15 0.12304253964976884
0.1 0 0.16 0.09676952854793706
0.1 0 0.17 0.09668777805937295
0.1 0 0.18 0.19653289140821617
0.1 0 0.19 0.21390626593098225
0.1 0 0.2 0.1346196883373075
0.1 0 0.21 0.11976535992041949
0.1 0 0.22 0.13013577773518661
0.1 0 0.23 0.18720328633590458
0.1 0 0.24 0.22637214857896715
0.1 0 0.25 0.268992536659412
0.1 0 0.26 0.21633018612754037
0.1 0 0.27 0.2158135335041048
0.1 0 0.28 0.28017384179990923
0.1 0 0.29 0.22364786007821333
0.1 0 0.3 0.31755620449325017
0.1 0 0.31 0.2717533643848766
0.1 0 0.32 0.219941594766445
0.1 0 0.33 0.40662091520522853
0.1 0 0.34 0.40053086937900173
0.1 0 0.35000000000000003 0.2863334630526723
0.1 0 0.36 0.24486070596571288
0.1 0 0.37 0.31706030454573225
0.1 0 0.38 0.3620348988100094
0.1 0 0.39 0.3611577868792449
0.1 0 0.4 0.4943662622566324
0.1 0 0.41000000000000003 0.4593785216136124
0.1 0 0.42 0.33641111823661074
0.1 0 0.43 0.2996807435048147
0.1 0 0.44 0.3112032861133758
0.1 0 0.45 0.2325057285860154
0.1 0 0.46 0.19656243206904217
0.1 0 0.47000000000000003 0.20131925456234115
0.1 0 0.48 0.20376586895105717
0.1 0 0.49 0.2563369133185604
0.1 0 0.5 0.21982028113532145
0.11 0 0.0 1.4074862327081765
0.11 0 0.01 1.6374247824822237
0.11 0 0.02 1.1359698704663144
0.11 0 0.03 0.7187192664281498
0.11 0 0.04 0.46946302143681373
0.11 0 0.05 0.41929892214273934
0.11 0 0.06 0.3587854523854196
0.11 0 0.07 0.2937982176309393
0.11 0 0.08 0.4560735768259329
0.11 0 0.09 0.38271464923858894
0.11 0 0.1 0.31363800640950146
0.11 0 0.11 0.3060671670504143
0.11 0 0.12 0.235391894428568
0.11 0 0.13 0.26484730149923663
0.11 0 0.14 0.23570788084216998
0.11 0 0.15 0.21039937124699676
0.11 0 0.16 0.17793024688588222
0.11 0 0.17 0.1421577344903247
0.11 0 0.18 0.10898443109151242
0.11 0 0.19 0.08826093351246082
0.11 0 0.2 0.11874008563266787
0.11 0 0.21 0.12696364830789392
0.11 0 0.22 0.16696353435641778
0.11 0 0.23 0.26491588990975784
0.11 0 0.24 0.26068574399725053
0.11 0 0.25 0.18377106137665658
0.11 0 0.26 0.15054024090456178
0.11 0 0.27 0.17519803618473892
0.11 0 0.28 0.17472117171592924
0.11 0 0.29 0.21181946926847986
0.11 0 0.3 0.27536024365573475
0.11 0 0.31 0.36488578877183314
0.11 0 0.32 0.27135635019354537
0.11 0 0.33 0.17655040453294382
0.11 0 0.34 0.4042744189092675
0.11 0 0.35000000000000003 0.5269785162929307
0.11 0 0.36 0.5426584455641255
0.11 0 0.37 0.6609775734508708
0.11 0 0.38 0.43253672346666283
0.11 0 0.39 0.45077185395862435
0.11 0 0.4 0.39288819658094853
0.11 0 0.41000000000000003 0.3049079489594524
0.11 0 0.42 0.30366455141444126
0.11 0 0.43 0.3222629917393857
0.11 0 0.44 0.38493229222889663
0.11 0 0.45 0.4478309595243795
0.11 0 0.46 0.5301062961539383
0.11 0 0.47000000000000003 0.2948009238753025
0.11 0 0.48 0.21233063190630477
0.11 0 0.49 0.3673702403417575
0.11 0 0.5 0.4018485978624494
0.12 0 0.0 1.5816933782511278
0.12 0 0.01 1.6706894589737062
0.12 0 0.02 1.5439626642824176
0.12 0 0.03 1.5088874945335837
0.12 0 0.04 1.04487777251834
0.12 0 0.05 1.0351650877087266
0.12 0 0.06 1.317872627649548
0.12 0 0.07 1.2668571051476485
0.12 0 0.08 0.7015745787740123
0.12 0 0.09 0.6167150976240502
0.12 0 0.1 0.7507712438151535
0.12 0 0.11 0.6113385826719493
0.12 0 0.12 0.5812744852012214
0.12 0 0.13 0.41206050463230764
0.12 0 0.14 0.3385210573678455
0.12 0 0.15 0.2950763144572417
0.12 0 0.16 0.31260147092843665
0.12 0 0.17 0.4925561149893041
0.12 0 0.18 0.40597659451407897
0.12 0 0.19 0.30616183109072986
0.12 0 0.2 0.25886620994515347
0.12 0 0.21 0.33409761885270095
0.12 0 0.22 0.3576428586743774
0.12 0 0.23 0.26026755871422375
0.12 0 0.24 0.428578209404207
0.12 0 0.25 0.4993142932619842
0.12 0 0.26 0.43386094827428806
0.12 0 0.27 0.4202826645827286
0.12 0 0.28 0.29517160762770395
0.12 0 0.29 0.2572229706788446
0.12 0 0.3 0.2840070348669452
0.12 0 0.31 0.28042123139849423
0.12 0 0.32 0.25191154195490884
0.12 0 0.33 0.2559084365140799
0.12 0 0.34 0.2037635124973087
0.12 0 0.35000000000000003 0.26551192110245386
0.12 0 0.36 0.3681373595235682
0.12 0 0.37 0.23396912995877797
0.12 0 0.38 0.25507633791918327
0.12 0 0.39 0.3678218297786949
0.12 0 0.4 0.46389400755865434
0.12 0 0.41000000000000003 0.37248511228218345
0.12 0 0.42 0.3292624526121608
0.12 0 0.43 0.39730136456182347
0.12 0 0.44 0.2634974137541949
0.12 0 0.45 0.36226581304091926
0.12 0 0.46 0.4612883822035607
0.12 0 0.47000000000000003 0.41897708299945036
0.12 0 0.48 0.57848218979459
0.12 0 0.49 0.4156615204363399
0.12 0 0.5 0.3935095614406021
0.13 0 0.0 0.7906363056948515
0.13 0 0.01 0.9072970329741877
0.13 0 0.02 1.3196790721788563
0.13 0 0.03 1.113420487186728
0.13 0 0.04 1.040223621325014
0.13 0 0.05 0.8678182611654957
0.13 0 0.06 0.7438950270151946
0.13 0 0.07 0.800512188954914
0.13 0 0.08 0.5432038232895308
0.13 0 0.09 0.38774943653444827
0.13 0 0.1 0.42577105878129606
0.13 0 0.11 0.6849691445842552
0.13 0 0.12 0.6339862209471822
0.13 0 0.13 0.4454047835058461
0.13 0 0.14 0.41486853679337937
0.13 0 0.15 0.4202442145281278
0.13 0 0.16 0.564460363155965
0.13 0 0.17 0.6117345505821323
0.13 0 0.18 0.7176192370257275
0.13 0 0.19 0.6560743312943418
0.13 0 0.2 0.49041473025696036
0.13 0 0.21 0.5218380580414157
0.13 0 0.22 0.6232211456546403
0.13 0 0.23 0.7568184052116549
0.13 0 0.24 0.5736979113150418
0.13 0 0.25 0.8485256043891954
0.13 0 0.26 1.1662760498666718
0.13 0 0.27 0.6350838358230605
0.13 0 0.28 0.5395205728467057
0.13 0 0.29 0.38063931067759355
0.13 0 0.3 0.31794241217638597
0.13 0 0.31 0.28092583206915855
0.13 0 0.32 0.18655137158833102
0.13 0 0.33 0.1889312872443018
0.13 0 0.34 0.16496289802259456
0.13 0 0.35000000000000003 0.1483854341142221
0.13 0 0.36 0.17575530483629018
0.13 0 0.37 0.21082343713472648
0.13 0 0.38 0.22215344619022304
0.13 0 0.39 0.2920042871014891
0.13 0 0.4 0.38194470029478267
0.13 0 0.41000000000000003 0.40153068979952616
0.13 0 0.42 0.44335233879767627
0.13 0 0.43 0.2984083768567992
0.13 0 0.44 0.2693747226992997
0.13 0 0.45 0.34910020458028723
0.13 0 0.46 0.46845217592058847
0.13 0 0.47000000000000003 0.6137475360140896
0.13 0 0.48 0.6276306414227681
0.13 0 0.49 0.7863736915521119
0.13 0 0.5 0.5054238836317045
0.14 0 0.0 0.865237429952584
0.14 0 0.01 1.2116877548656186
0.14 0 0.02 1.153852790136345
0.14 0 0.03 0.9846040307147996
0.14 0 0.04 0.8070866897322778
0.14 0 0.05 0.9854174330322438
0.14 0 0.06 1.5239140430813312
0.14 0 0.07 1.2008212090085264
0.14 0 0.08 1.4279071393575933
0.14 0 0.09 1.4577737861798943
0.14 0 0.1 0.9508687729099172
0.14 0 0.11 0.8245542205303033
0.14 0 0.12 0.8682118973684827
0.14 0 0.13 0.8282688588191592
0.14 0 0.14 0.599068720463566
0.14 0 0.15 0.8464575486234609
0.14 0 0.16 0.9529966622882654
0.14 0 0.17 0.652154281026606
0.14 0 0.18 0.6351163694002416
0.14 0 0.19 0.5112819357218229
0.14 0 0.2 0.4451506770260588
0.14 0 0.21 0.45125798683070917
0.14 0 0.22 0.48188635427993126
0.14 0 0.23 0.5145882875872118
0.14 0 0.24 0.5552972256919954
0.14 0 0.25 0.40215324116284523
0.14 0 0.26 0.29706598591375977
0.14 0 0.27 0.41566045652427436
0.14 0 0.28 0.3664124300245062
0.14 0 0.29 0.47665703242917645
0.14 0 0.3 0.635720771717884
0.14 0 0.31 0.4528923160109464
0.14 0 0.32 0.43912048226494355
0.14 0 0.33 0.3221619499715312
0.14 0 0.34 0.3738871780528298
0.14 0 0.35000000000000003 0.5097258341722475
0.14 0 0.36 0.42987117874984426
0.14 0 0.37 0.3322280454843372
0.14 0 0.38 0.24360507340148446
0.14 0 0.39 0.23533265228580103
0.14 0 0.4 0.1426990537164276
0.14 0 0.41000000000000003 0.1261113400364837
0.14 0 0.42 0.20891089284627984
0.14 0 0.43 0.20559096538575733
0.14 0 0.44 0.21453866811689912
0.14 0 0.45 0.2521979905248444
0.14 0 0.46 0.23366383411620809
0.14 0 0.47000000000000003 0.24125580700689983
0.14 0 0.48 0.3021204065675568
0.14 0 0.49 0.32406707733559187
0.14 0 0.5 0.6578984592008136
0.15 0 0.0 0.9395269727793529
0.15 0 0.01 0.830036847151447
0.15 0 0.02 0.8668260812501781
0.15 0 0.03 0.7068389050077114
0.15 0 0.04 0.6445576169193107
0.15 0 0.05 1.1629276564095459
0.15 0 0.06 1.2289093081709728
0.15 0 0.07 0.9452531915663369
0.15 0 0.08 0.8401239850666166
0.15 0 0.09 0.9663544846589016
0.15 0 0.1 1.2690541238974322
0.15 0 0.11 1.0174645682433945
0.15 0 0.12 0.9119913890821659
0.15 0 0.13 0.8200623535252684
0.15 0 0.14 0.8788818023549916
0.15 0 0.15 0.7411219574708428
0.15 0 0.16 0.5319935838687438
0.15 0 0.17 0.7124873441958423
0.15 0 0.18 0.7650658306497641
0.15 0 0.19 0.9339801100415871
0.15 0 0.2 0.9239600773641028
0.15 0 0.21 0.7176091729959323
0.15 0 0.22 0.657328315766789
0.15 0 0.23 0.4458797655826814
0.15 0 0.24 0.4890532296345852
0.15 0 0.25 0.5637710016375341
0.15 0 0.26 0.4452649070571416
0.15 0 0.27 0.40679154522018124
0.15 0 0.28 0.5089709773228515
0.15 0 0.29 0.5990733965165297
0.15 0 0.3 0.5910442095072725
0.15 0 0.31 0.5806360385578099
0.15 0 0.32 0.4370379727859677
0.15 0 0.33 0.5182451271271513
0.15 0 0.34 0.5180004049452517
0.15 0 0.35000000000000003 0.44857087288493835
0.15 0 0.36 0.5454671213299073
0.15 0 0.37 0.3814285178075608
0.15 0 0.38 0.37574317604484414
0.15 0 0.39 0.44616147068798
0.15 0 0.4 0.5963540236868162
0.15 0 0.41000000000000003 0.6290394680228925
0.15 0 0.42 0.33766893058119046
0.15 0 0.43 0.3333244507060593
0.15 0 0.44 0.2679639769156374
0.15 0 0.45 0.22888446310365593
0.15 0 0.46 0.2968941105994844
0.15 0 0.47000000000000003 0.3001692136503544
0.15 0 0.48 0.3225629393570989
0.15 0 0.49 0.25860126642987724
0.15 0 0.5 0.29467670788205397
0.16 0 0.0 0.4312408776049456
0.16 0 0.01 0.30900542877317266
0.16 0 0.02 0.28640379937680494
0.16 0 0.03 0.23490302706778074
0.16 0 0.04 0.2549284478309664
0.16 0 0.05 0.26205762993351883
0.16 0 0.06 0.23539168273150046
0.16 0 0.07 0.30013192763825014
0.16 0 0.08 0.3974453793677408
0.16 0 0.09 0.5642542757798551
0.16 0 0.1 0.5368367201829795
0.16 0 0.11 0.5670843777286406
0.16 0 0.12 0.5284484965596075
0.16 0 0.13 0.39683825238497755
0.16 0 0.14 0.5093273245137745
0.16 0 0.15 0.5786084166044231
0.16 0 0.16 0.470285374638719
0.16 0 0.17 0.37973819901663153
0.16 0 0.18 0.4089321950263898
0.16 0 0.19 0.2825501313753528
0.16 0 0.2 0.23055029267180666
0.16 0 0.21 0.3315709341264274
0.16 0 0.22 0.30474604848199477
0.16 0 0.23 0.5093080062160685
0.16 0 0.24 0.5719163017461995
0.16 0 0.25 0.3755904518711663
0.16 0 0.26 0.49199310212398456
0.16 0 0.27 0.3974109299895867
0.16 0 0.28 0.28012428450065513
0.16 0 0.29 0.36565597396270527
0.16 0 0.3 0.6501239479805718
0.16 0 0.31 0.6480336324623419
0.16 0 0.32 0.4602480595716117
0.16 0 0.33 0.46277131256836707
0.16 0 0.34 0.45965029162655874
0.16 0 0.35000000000000003 0.5342828238555876
0.16 0 0.36 0.5398517293967501
0.16 0 0.37 0.4983245575471705
0.16 0 0.38 0.429876070608638
0.16 0 0.39 0.40867060534634386
0.16 0 0.4 0.528672490117618
0.16 0 0.41000000000000003 0.6613256819663872
0.16 0 0.42 0.6149334592035751
0.16 0 0.43 0.3283651678139668
0.16 0 0.44 0.4763763922986821
0.16 0 0.45 0.7142002645734044
0.16 0 0.46 0.4264377631961892
0.16 0 0.47000000000000003 0.44209745464517214
0.16 0 0.48 0.2885630687580735
0.16 0 0.49 0.29380508698424634
0.16 0 0.5 0.5237549327967587
0.17 0 0.0 0.39182082518436895
0.17 0 0.01 0.6207772038024199
0.17 0 0.02 0.6110316127243162
0.17 0 0.03 0.4328155032524149
0.17 0 0.04 0.3814023579385787
0.17 0 0.05 0.31025102532477705
0.17 0 0.06 0.30623095202328526
0.17 0 0.07 0.3184877934721048
0.17 0 0.08 0.4505764616916574
0.17 0 0.09 0.4456363215528086
0.17 0 0.1 0.5152725213365743
0.17 0 0.11 0.7379551280540988
0.17 0 0.12 0.6114143222261912
0.17 0 0.13 0.7166904305367857
0.17 0 0.14 0.5966080464544854
0.17 0 0.15 0.517217660718967
0.17 0 0.16 1.0137976542881493
0.17 0 0.17 1.6557793942359031
0.17 0 0.18 1.3581772623063648
0.17 0 0.19 1.0055373685184872
0.17 0 0.2 1.1820992325156003
0.17 0 0.21 1.0644008908708988
0.17 0 0.22 0.9709752332617284
0.17 0 0.23 0.9169198839093962
0.17 0 0.24 0.8243528989171874
0.17 0 0.25 0.7731476430395469
0.17 0 0.26 0.5846430854648759
0.17 0 0.27 0.6563520528319334
0.17 0 0.28 0.44975890800074103
0.17 0 0.29 0.35242829621598804
0.17 0 0.3 0.5340993231053495
0.17 0 0.31 0.5357992674373455
0.17 0 0.32 0.5112018625867581
0.17 0 0.33 0.3550454409110288
0.17 0 0.34 0.39955960940063073
0.17 0 0.35000000000000003 0.6368643509890156
0.17 0 0.36 0.558420514456091
0.17 0 0.37 0.4879239351332809
0.17 0 0.38 0.4368848866564005
0.17 0 0.39 0.47155734207292954
0.17 0 0.4 0.43392240206998195
0.17 0 0.41000000000000003 0.38154252251439336
0.17 0 0.42 0.4487151113746075
0.17 0 0.43 0.49367436251993013
0.17 0 0.44 0.4987153250431202
0.17 0 0.45 0.7300978596401073
0.17 0 0.46 1.2095437165390497
0.17 0 0.47000000000000003 0.8782539246085664
0.17 0 0.48 0.7963180021915937
0.17 0 0.49 0.7508738360510795
0.17 0 0.5 0.6266597074648197
0.18 0 0.0 0.3636890049294169
0.18 0 0.01 0.35661388506744696
0.18 0 0.02 0.3422851713468874
0.18 0 0.03 0.41413101136048847
0.18 0 0.04 0.3856362614581941
0.18 0 0.05 0.43454638200031226
0.18 0 0.06 0.6274297906411577
0.18 0 0.07 0.806719317252534
0.18 0 0.08 0.5524474757541377
0.18 0 0.09 0.3550578125584399
0.18 0 0.1 0.39257869630994024
0.18 0 0.11 0.39627967271035697
0.18 0 0.12 0.49923515618871833
0.18 0 0.13 0.5659392569470453
0.18 0 0.14 0.721879357057892
0.18 0 0.15 0.6812296196020313
0.18 0 0.16 0.47341279261648633
0.18 0 0.17 0.8434994172227643
0.18 0 0.18 0.827910075088031
0.18 0 0.19 0.6268175324778192
0.18 0 0.2 0.8709821017047209
0.18 0 0.21 0.8996403209129401
0.18 0 0.22 0.8104437195252491
0.18 0 0.23 0.6322860026512059
0.18 0 0.24 0.4307419157284911
0.18 0 0.25 0.3300659641163045
0.18 0 0.26 0.34921797593741916
0.18 0 0.27 0.26109581564453477
0.18 0 0.28 0.24607706625015408
0.18 0 0.29 0.34672881894509555
0.18 0 0.3 0.20280235898779952
0.18 0 0.31 0.15703414563764528
0.18 0 0.32 0.20948230385354796
0.18 0 0.33 0.26245018294088424
0.18 0 0.34 0.272547570554844
0.18 0 0.35000000000000003 0.3175729068906817
0.18 0 0.36 0.3975946053028522
0.18 0 0.37 0.2516090594382328
0.18 0 0.38 0.30441225554380447
0.18 0 0.39 0.36041803923905896
0.18 0 0.4 0.315949134698639
0.18 0 0.41000000000000003 0.5606764486187725
0.18 0 0.42 0.5559203048635857
0.18 0 0.43 0.5305210008790484
0.18 0 0.44 0.4970284702103893
0.18 0 0.45 0.29957357505789856
0.18 0 0.46 0.33608986317308537
0.18 0 0.47000000000000003 0.5995552277888656
0.18 0 0.48 0.7585187779533963
0.18 0 0.49 0.7483045474760412
0.18 0 0.5 0.8075054978644638
0.19 0 0.0 0.5727474549145312
0.19 0 0.01 0.6877491913984104
0.19 0 0.02 0.9252992191581383
0.19 0 0.03 1.1154935918723385
0.19 0 0.04 1.4815051552486747
0.19 0 0.05 1.3207197773130341
0.19 0 0.06 0.9305992232415966
0.19 0 0.07 1.488978215151338
0.19 0 0.08 1.8455165780243752
0.19 0 0.09 1.8167565515627082
0.19 0 0.1 2.060972272716761
0.19 0 0.11 2.0549145532713973
0.19 0 0.12 1.6924364636462417
0.19 0 0.13 1.4803639457835123
0.19 0 0.14 1.184899046800088
0.19 0 0.15 0.9314482845787357
0.19 0 0.16 1.2494669796083129
0.19 0 0.17 1.0268925601116417
0.19 0 0.18 1.0319772520263133
0.19 0 0.19 1.1562175220055118
0.19 0 0.2 0.5425556323257018
0.19 0 0.21 0.48416766822395574
0.19 0 0.22 0.7547421387758151
0.19 0 0.23 1.1131200193644344
0.19 0 0.24 0.9971130963537509
0.19 0 0.25 0.8466260496699664
0.19 0 0.26 0.9322821820765003
0.19 0 0.27 0.5953657194980861
0.19 0 0.28 0.5292356067530148
0.19 0 0.29 0.5070861665579721
0.19 0 0.3 0.38452608851557907
0.19 0 0.31 0.35701315046197263
0.19 0 0.32 0.35399600082853816
0.19 0 0.33 0.3720726465425782
0.19 0 0.34 0.38435111811776473
0.19 0 0.35000000000000003 0.40251330821922515
0.19 0 0.36 0.3478138516944575
0.19 0 0.37 0.49256614170398283
0.19 0 0.38 0.6245479476096563
0.19 0 0.39 0.46775187454398015
0.19 0 0.4 0.4471386462883346
0.19 0 0.41000000000000003 0.41266517309291023
0.19 0 0.42 0.6298688138011006
0.19 0 0.43 0.6307812668951737
0.19 0 0.44 0.5700269486057774
0.19 0 0.45 1.0174364307558428
0.19 0 0.46 0.9898668129603232
0.19 0 0.47000000000000003 1.130229792231761
0.19 0 0.48 1.140823012614278
0.19 0 0.49 0.843070669745627
0.19 0 0.5 0.8729791151001091
0.2 0 0.0 0.47315996704864893
0.2 0 0.01 0.6080341782742273
0.2 0 0.02 0.5005254103257812
0.2 0 0.03 0.4004286120197644
0.2 0 0.04 0.4636673150714133
0.2 0 0.05 0.7160600423867428
0.2 0 0.06 1.4702545867734427
0.2 0 0.07 1.2744735693744929
0.2 0 0.08 1.7279909964921532
0.2 0 0.09 2.654897775849078
0.2 0 0.1 1.7337524185350586
0.2 0 0.11 1.59626106452095
0.2 0 0.12 1.4801662255456098
0.2 0 0.13 1.4305394905166084
0.2 0 0.14 1.2709005163931602
0.2 0 0.15 1.055009423040647
0.2 0 0.16 1.0908518807846268
0.2 0 0.17 0.9522483446789689
0.2 0 0.18 0.6742017993299362
0.2 0 0.19 0.5954434226126525
0.2 0 0.2 0.7696856596005063
0.2 0 0.21 0.6479019826161572
0.2 0 0.22 0.6712611015756601
0.2 0 0.23 0.6188922890217997
0.2 0 0.24 0.35618298256603587
0.2 0 0.25 0.36612823001316647
0.2 0 0.26 0.3139533932112278
0.2 0 0.27 0.34831267330466387
0.2 0 0.28 0.547882332755572
0.2 0 0.29 0.7112355570955827
0.2 0 0.3 0.8480508841726355
0.2 0 0.31 0.9009846801949547
0.2 0 0.32 1.1080539556198075
0.2 0 0.33 0.7295502313377494
0.2 0 0.34 0.7376876666618789
0.2 0 0.35000000000000003 1.3149963065404424
0.2 0 0.36 1.0998523003894967
0.2 0 0.37 1.0643974432199255
0.2 0 0.38 1.1244944107470933
0.2 0 0.39 0.8895212331420788
0.2 0 0.4 0.914763717691337
0.2 0 0.41000000000000003 1.2640836635343364
0.2 0 0.42 1.1254426223266678
0.2 0 0.43 1.101705470963523
0.2 0 0.44 1.1164871675229415
0.2 0 0.45 0.6675155915729396
0.2 0 0.46 0.9407971336126192
0.2 0 0.47000000000000003 0.8659510116786359
0.2 0 0.48 0.424767342157529
0.2 0 0.49 0.4671787864047753
0.2 0 0.5 0.5910072867987676
0.21 0 0.0 0.4480457354959105
0.21 0 0.01 0.5024272034852992
0.21 0 0.02 0.5658955745177514
0.21 0 0.03 0.5806022333177696
0.21 0 0.04 0.5535096251307567
0.21 0 0.05 0.6094613468707789
0.21 0 0.06 0.52621972733877
0.21 0 0.07 0.5264569803984275
0.21 0 0.08 0.4047384606233449
0.21 0 0.09 0.34064239464194823
0.21 0 0.1 0.5001860554453716
0.21 0 0.11 0.31278913110970474
0.21 0 0.12 0.2738273087570366
0.21 0 0.13 0.28582264122355355
0.21 0 0.14 0.2047463952509137
0.21 0 0.15 0.24883460725180018
0.21 0 0.16 0.23305714978537564
0.21 0 0.17 0.23455803070766718
0.21 0 0.18 0.24668578915775807
0.21 0 0.19 0.2085592294857192
0.21 0 0.2 0.18570840897305307
0.21 0 0.21 0.23729988757592496
0.21 0 0.22 0.3467603910766793
0.21 0 0.23 0.23768574457961553
0.21 0 0.24 0.2038614889478166
0.21 0 0.25 0.24978449439232378
0.21 0 0.26 0.24600245077933736
0.21 0 0.27 0.22077995397819786
0.21 0 0.28 0.22166277259442563
0.21 0 0.29 0.23250888959401628
0.21 0 0.3 0.22622051770812432
0.21 0 0.31 0.3449283245809233
0.21 0 0.32 0.3252673850192887
0.21 0 0.33 0.3466609982222301
0.21 0 0.34 0.5237207711931143
0.21 0 0.35000000000000003 0.4363063314758359
0.21 0 0.36 0.7257227796694355
0.21 0 0.37 0.8688189522866141
0.21 0 0.38 0.5148997720849654
0.21 0 0.39 0.5141126325982381
0.21 0 0.4 0.7279557391909697
0.21 0 0.41000000000000003 0.9565419966189984
0.21 0 0.42 0.6779605687010841
0.21 0 0.43 0.5029339854220602
0.21 0 0.44 0.44028568410566504
0.21 0 0.45 0.38424225424813235
0.21 0 0.46 0.41051493344976914
0.21 0 0.47000000000000003 0.49551203260770743
0.21 0 0.48 0.43809229943316086
0.21 0 0.49 0.27535363685696607
0.21 0 0.5 0.35129949635295915
0.22 0 0.0 0.2295270760872491
0.22 0 0.01 0.1606557255806125
0.22 0 0.02 0.14361620098664513
0.22 0 0.03 0.14160778461348122
0.22 0 0.04 0.11491921481148891
0.22 0 0.05 0.11579397942121195
0.22 0 0.06 0.09626257455547715
0.22 0 0.07 0.09656883866996252
0.22 0 0.08 0.11976909481380975
0.22 0 0.09 0.11098230948093653
0.22 0 0.1 0.09321269113610943
0.22 0 0.11 0.13465812071999445
0.22 0 0.12 0.1276823212056433
0.22 0 0.13 0.07876029840526465
0.22 0 0.14 0.06548592314570319
0.22 0 0.15 0.050857429201801245
0.22 0 0.16 0.08860749900368985
0.22 0 0.17 0.12510475481041508
0.22 0 0.18 0.10616129474961075
0.22 0 0.19 0.11669767597392032
0.22 0 0.2 0.09863890649397845
0.22 0 0.21 0.1360619447223498
0.22 0 0.22 0.18405169700687873
0.22 0 0.23 0.2070049840987439
0.22 0 0.24 0.2181765156230537
0.22 0 0.25 0.205164424523078
0.22 0 0.26 0.2937997043555305
0.22 0 0.27 0.2640819998944353
0.22 0 0.28 0.1645588646467407
0.22 0 0.29 0.12248314016428669
0.22 0 0.3 0.1705185633566845
0.22 0 0.31 0.29861461803687445
0.22 0 0.32 0.29708861280530446
0.22 0 0.33 0.32238266011623534
0.22 0 0.34 0.4413588874069496
0.22 0 0.35000000000000003 0.5151940432728739
0.22 0 0.36 0.4291906672028227
0.22 0 0.37 0.6492205426777385
0.22 0 0.38 0.7794972453430589
0.22 0 0.39 0.4942776706810102
0.22 0 0.4 0.8466228266194534
0.22 0 0.41000000000000003 1.0166950475044652
0.22 0 0.42 0.8935403343829363
0.22 0 0.43 0.9576617428052541
0.22 0 0.44 0.7913060857826075
0.22 0 0.45 1.269679422077752
0.22 0 0.46 2.0750694077716414
0.22 0 0.47000000000000003 2.054763543986969
0.22 0 0.48 1.490440167764932
0.22 0 0.49 1.2330522187427602
0.22 0 0.5 0.985962781133812
0.23 0 0.0 0.498519261664854
0.23 0 0.01 0.718656795382479
0.23 0 0.02 0.6493470088700923
0.23 0 0.03 0.46790076041765344
0.23 0 0.04 0.6088621055056285
0.23 0 0.05 0.4193652587409087
0.23 0 0.06 0.5172788331622671
0.23 0 0.07 0.599230266946319
0.23 0 0.08 0.40483009127230424
0.23 0 0.09 0.48902668646454606
0.23 0 0.1 0.47648038610929777
0.23 0 0.11 0.3783045076972066
0.23 0 0.12 0.42729287613297584
0.23 0 0.13 0.5515277681184606
0.23 0 0.14 0.4494171462164863
0.23 0 0.15 0.3767624521609919
0.23 0 0.16 0.36072428311308974
0.23 0 0.17 0.2967718088375359
0.23 0 0.18 0.24092745706134083
0.23 0 0.19 0.17705914372857867
0.23 0 0.2 0.2390038898769792
0.23 0 0.21 0.2966318383505914
0.23 0 0.22 0.25126627593866346
0.23 0 0.23 0.22255050461890105
0.23 0 0.24 0.2273885230874498
0.23 0 0.25 0.27732439886563276
0.23 0 0.26 0.2026079311115435
0.23 0 0.27 0.3434918721768606
0.23 0 0.28 0.6616266110161122
0.23 0 0.29 0.512982649918345
0.23 0 0.3 0.5848157913150605
0.23 0 0.31 0.4193365066255099
0.23 0 0.32 0.29286096824883595
0.23 0 0.33 0.3665834237195643
0.23 0 0.34 0.4288832980047191
0.23 0 0.35000000000000003 0.4831138205970966
0.23 0 0.36 0.5015882898088192
0.23 0 0.37 0.38483230176857663
0.23 0 0.38 0.28462358770611856
0.23 0 0.39 0.3526725194629526
0.23 0 0.4 0.27812653790736835
0.23 0 0.41000000000000003 0.26496103266804877
0.23 0 0.42 0.529711241502631
0.23 0 0.43 0.6790689610866982
0.23 0 0.44 0.6471082048943193
0.23 0 0.45 0.5071562048980369
0.23 0 0.46 0.6123573847251002
0.23 0 0.47000000000000003 0.7452938874765875
0.23 0 0.48 0.8483370751668147
0.23 0 0.49 1.396224953942265
0.23 0 0.5 1.4213053316701465
0.24 0 0.0 2.0696848917476505
0.24 0 0.01 1.2981916256856338
0.24 0 0.02 1.0120254926404266
0.24 0 0.03 1.489008188994507
0.24 0 0.04 1.37670707207932
0.24 0 0.05 1.4749363775414244
0.24 0 0.06 1.111714767508368
0.24 0 0.07 0.8994704025109694
0.24 0 0.08 0.8871264175412993
0.24 0 0.09 0.5279884923754566
0.24 0 0.1 0.635530027489749
0.24 0 0.11 0.5072883493726343
0.24 0 0.12 0.37259924528552163
0.24 0 0.13 0.6185622117782191
0.24 0 0.14 0.8119521064312348
0.24 0 0.15 0.8868775710475909
0.24 0 0.16 0.6376473453106581
0.24 0 0.17 0.5754129413653597
0.24 0 0.18 0.6793847453464222
0.24 0 0.19 0.5713903255312374
0.24 0 0.2 0.4395752068123068
0.24 0 0.21 0.43533532153407334
0.24 0 0.22 0.5982791313202195
0.24 0 0.23 0.6609765243072686
0.24 0 0.24 0.690566044879688
0.24 0 0.25 0.6026494494607738
0.24 0 0.26 0.49550150757869066
0.24 0 0.27 0.410240307396918
0.24 0 0.28 0.45502800513672736
0.24 0 0.29 0.7096488489911101
0.24 0 0.3 0.44187718509606344
0.24 0 0.31 0.34940237335864077
0.24 0 0.32 0.4362135526765113
0.24 0 0.33 0.5173604929796458
0.24 0 0.34 0.6989722348833107
0.24 0 0.35000000000000003 0.4971691567662534
0.24 0 0.36 0.5692907519309889
0.24 0 0.37 0.8014672681200038
0.24 0 0.38 0.7930861771790975
0.24 0 0.39 0.9308051712653194
0.24 0 0.4 0.8673730347530813
0.24 0 0.41000000000000003 0.831892953449023
0.24 0 0.42 0.9478562235584567
0.24 0 0.43 1.1931998753145785
0.24 0 0.44 1.1200744141493457
0.24 0 0.45 1.2549423563148496
0.24 0 0.46 1.691709550560901
0.24 0 0.47000000000000003 1.828300974780522
0.24 0 0.48 2.64448517096409
0.24 0 0.49 2.600770512587353
0.24 0 0.5 2.346150018141994
0.25 0 0.0 1.5792480701120033
0.25 0 0.01 1.658821239183311
0.25 0 0.02 0.9826918133525073
0.25 0 0.03 1.2082717371844514
0.25 0 0.04 1.795364222803732
0.25 0 0.05 1.5803845557736609
0.25 0 0.06 1.5283221749046543
0.25 0 0.07 1.486643587243162
0.25 0 0.08 1.523449602720816
0.25 0 0.09 2.6154633745841007
0.25 0 0.1 1.765737805949021
0.25 0 0.11 1.21343887173697
0.25 0 0.12 1.405162296587982
0.25 0 0.13 0.7544163388157262
0.25 0 0.14 0.5592064415280344
0.25 0 0.15 0.5267581057825277
0.25 0 0.16 0.5343111796029821
0.25 0 0.17 0.4793775290374259
0.25 0 0.18 0.4787001667760656
0.25 0 0.19 0.6108332429647573
0.25 0 0.2 0.3333224054581142
0.25 0 0.21 0.28333158329675046
0.25 0 0.22 0.2889416402080256
0.25 0 0.23 0.21381104780765228
0.25 0 0.24 0.2294013078974356
0.25 0 0.25 0.18544507567763294
0.25 0 0.26 0.19084746289842688
0.25 0 0.27 0.2551056775432986
0.25 0 0.28 0.23834550463372217
0.25 0 0.29 0.22101334470789652
0.25 0 0.3 0.3026989310678283
0.25 0 0.31 0.3144513769796005
0.25 0 0.32 0.33772510195724476
0.25 0 0.33 0.5663528304911724
0.25 0 0.34 0.514970544419738
0.25 0 0.35000000000000003 0.602015839321196
0.25 0 0.36 0.6531169463892387
0.25 0 0.37 0.5293713348320517
0.25 0 0.38 0.7786217102186211
0.25 0 0.39 0.7840838724881231
0.25 0 0.4 0.7496054751660244
0.25 0 0.41000000000000003 0.829523568506759
0.25 0 0.42 0.8763763153490414
0.25 0 0.43 0.6209304763906985
0.25 0 0.44 0.4322276479235856
0.25 0 0.45 0.7318829050713593
0.25 0 0.46 0.8151496284988902
0.25 0 0.47000000000000003 0.7138302995387169
0.25 0 0.48 0.7634670145508878
0.25 0 0.49 0.8048434600167435
0.25 0 0.5 1.0254940739820886
0.26 0 0.0 0.8680656378282238
0.26 0 0.01 0.7032087419787992
0.26 0 0.02 1.05862067428355
0.26 0 0.03 0.6236824173306155
0.26 0 0.04 0.470364672140979
0.26 0 0.05 0.4948310209875389
0.26 0 0.06 0.4486115125847199
0.26 0 0.07 0.3866098742053316
0.26 0 0.08 0.39840869086280306
0.26 0 0.09 0.5001787585884888
0.26 0 0.1 0.41671536399557463
0.26 0 0.11 0.3459035073941589
0.26 0 0.12 0.4217963916738205
0.26 0 0.13 0.5459685654542193
0.26 0 0.14 0.5086669313379629
0.26 0 0.15 0.6545769560684538
0.26 0 0.16 0.8742050966939843
0.26 0 0.17 0.8853114152157316
0.26 0 0.18 0.8554075417037771
0.26 0 0.19 0.46102214821667986
0.26 0 0.2 0.4821007423154371
0.26 0 0.21 0.6459685245828869
0.26 0 0.22 0.6492777167745095
0.26 0 0.23 0.7203932868427448
0.26 0 0.24 0.4329817148448957
0.26 0 0.25 0.37625678124069534
0.26 0 0.26 0.3018231516270848
0.26 0 0.27 0.2674061518324086
0.26 0 0.28 0.43474926151183774
0.26 0 0.29 0.38829932005258344
0.26 0 0.3 0.3611269885614151
0.26 0 0.31 0.3973692052113155
0.26 0 0.32 0.39127573638845004
0.26 0 0.33 0.33515141809973564
0.26 0 0.34 0.2900617831408079
0.26 0 0.35000000000000003 0.3214129804629622
0.26 0 0.36 0.402131473785319
0.26 0 0.37 0.5141367699225077
0.26 0 0.38 0.4656639845642246
0.26 0 0.39 0.5566731372411655
0.26 0 0.4 0.6076238906641812
0.26 0 0.41000000000000003 0.5858540823934288
0.26 0 0.42 0.8005353413339222
0.26 0 0.43 0.9058553810383261
0.26 0 0.44 1.0024349151474774
0.26 0 0.45 0.7734208672444023
0.26 0 0.46 0.9124747729074693
0.26 0 0.47000000000000003 1.3010942848532236
0.26 0 0.48 1.061810302200814
0.26 0 0.49 1.2940771869032148
0.26 0 0.5 1.5154729509562053
0.27 0 0.0 1.5414534556492547
0.27 0 0.01 1.0040478110486002
0.27 0 0.02 0.6695245346847761
0.27 0 0.03 1.021495662589352
0.27 0 0.04 0.6619748406861954
0.27 0 0.05 0.5879186512975336
0.27 0 0.06 0.7178909107313582
0.27 0 0.07 0.4080776095588088
0.27 0 0.08 0.3801099906354056
0.27 0 0.09 0.25858560033980144
0.27 0 0.1 0.20777238291844194
0.27 0 0.11 0.3382397545285603
0.27 0 0.12 0.4878778788921535
0.27 0 0.13 0.4884080131598155
0.27 0 0.14 0.3850371843909894
0.27 0 0.15 0.3976788932479441
0.27 0 0.16 0.3731228044929287
0.27 0 0.17 0.5091433857413052
0.27 0 0.18 0.8182093176723285
0.27 0 0.19 0.6285180213018172
0.27 0 0.2 0.47742203895747676
0.27 0 0.21 0.6238086618931767
0.27 0 0.22 0.6139390117257757
0.27 0 0.23 0.3863524837923976
0.27 0 0.24 0.40784342259994294
0.27 0 0.25 0.3809176498553664
0.27 0 0.26 0.6132059626925729
0.27 0 0.27 1.24285342273067
0.27 0 0.28 0.7528985090338476
0.27 0 0.29 0.7407851857345772
0.27 0 0.3 0.6509290223767101
0.27 0 0.31 0.4646473751772357
0.27 0 0.32 0.793037918232352
0.27 0 0.33 1.3274880851940012
0.27 0 0.34 1.6454724600980217
0.27 0 0.35000000000000003 1.2395462843030192
0.27 0 0.36 1.243333906297804
0.27 0 0.37 1.456948045555667
0.27 0 0.38 1.2466831951864665
0.27 0 0.39 1.181144914184552
0.27 0 0.4 1.3595699004894874
0.27 0 0.41000000000000003 2.333543972808549
0.27 0 0.42 2.5364001352861743
0.27 0 0.43 2.124092367024468
0.27 0 0.44 1.9716839083363364
0.27 0 0.45 1.5908228983026464
0.27 0 0.46 1.5166706500225604
0.27 0 0.47000000000000003 2.166288972532537
0.27 0 0.48 3.1485919497676806
0.27 0 0.49 1.8175365219921267
0.27 0 0.5 1.3933297396029711
0.28 0 0.0 0.5154487930763898
0.28 0 0.01 0.5452470280079402
0.28 0 0.02 0.6193766320780577
0.28 0 0.03 0.4084780728654634
0.28 0 0.04 0.457183560148443
0.28 0 0.05 0.524979000763064
0.28 0 0.06 0.36824954822403155
0.28 0 0.07 0.4742067441973084
0.28 0 0.08 0.5120207154170819
0.28 0 0.09 0.4728803623894071
0.28 0 0.1 0.35012504601742794
0.28 0 0.11 0.3216116942770148
0.28 0 0.12 0.41719924533943004
0.28 0 0.13 0.29606849972770716
0.28 0 0.14 0.3686557744417031
0.28 0 0.15 0.40293888467038935
0.28 0 0.16 0.4446219032770408
0.28 0 0.17 0.7225803663359843
0.28 0 0.18 0.4987101923031723
0.28 0 0.19 0.5632352858738433
0.28 0 0.2 0.9354705965048656
0.28 0 0.21 1.0612303152847462
0.28 0 0.22 1.390969184950151
0.28 0 0.23 2.011128522932678
0.28 0 0.24 2.0478325328785276
0.28 0 0.25 1.449765646130604
0.28 0 0.26 1.3563592630095562
0.28 0 0.27 1.6475076997008091
0.28 0 0.28 2.1449624096366477
0.28 0 0.29 2.005084957504485
0.28 0 0.3 2.260688069961792
0.28 0 0.31 2.338531814944721
0.28 0 0.32 1.4182751111055105
0.28 0 0.33 1.6346742908825425
0.28 0 0.34 1.495068815768323
0.28 0 0.35000000000000003 0.9907792359471818
0.28 0 0.36 0.6944465764014617
0.28 0 0.37 0.571119969009676
0.28 0 0.38 0.7706201447773731
0.28 0 0.39 0.5701762620656969
0.28 0 0.4 0.45953493976735904
0.28 0 0.41000000000000003 0.471067116933352
0.28 0 0.42 0.5754764811745859
0.28 0 0.43 0.9350923217675577
0.28 0 0.44 0.906191708904135
0.28 0 0.45 1.1772698280756897
0.28 0 0.46 1.4542877527643003
0.28 0 0.47000000000000003 1.237163517661533
0.28 0 0.48 1.2902184493755213
0.28 0 0.49 1.4194061293274396
0.28 0 0.5 1.136508892912564
0.29 0 0.0 0.9331736421840905
0.29 0 0.01 0.7369371896912749
0.29 0 0.02 0.7804121468468954
0.29 0 0.03 0.7340164313161355
0.29 0 0.04 0.7705710521454043
0.29 0 0.05 1.0404902532512357
0.29 0 0.06 1.0507981609352617
0.29 0 0.07 0.7757903966648317
0.29 0 0.08 0.7381380984116457
0.29 0 0.09 0.8388612762684777
0.29 0 0.1 0.984515310392565
0.29 0 0.11 1.0029927288107054
0.29 0 0.12 0.6461768065381294
0.29 0 0.13 0.8775697372536914
0.29 0 0.14 1.3856203955965891
0.29 0 0.15 1.4567721740848285
0.29 0 0.16 1.649482833905057
0.29 0 0.17 1.7874207575432852
0.29 0 0.18 2.146729006600893
0.29 0 0.19 1.412233219037094
0.29 0 0.2 1.7714844832993586
0.29 0 0.21 2.4041339862574787
0.29 0 0.22 1.3050853765667307
0.29 0 0.23 2.0258980888201297
0.29 0 0.24 2.596000686147037
0.29 0 0.25 1.9287400941034252
0.29 0 0.26 1.9129539774195576
0.29 0 0.27 1.6516546843721327
0.29 0 0.28 2.0194930899962955
0.29 0 0.29 2.490268157124348
0.29 0 0.3 1.6873689502724083
0.29 0 0.31 0.9814192655119035
0.29 0 0.32 1.1284513016586448
0.29 0 0.33 1.1628174347737026
0.29 0 0.34 0.9423207036426109
0.29 0 0.35000000000000003 1.075171360971417
0.29 0 0.36 0.9906094539939662
0.29 0 0.37 0.9299143399595035
0.29 0 0.38 0.9977731763378416
0.29 0 0.39 1.2391481133153992
0.29 0 0.4 0.9315170460422169
0.29 0 0.41000000000000003 0.6956283838671988
0.29 0 0.42 0.9200396363034221
0.29 0 0.43 0.7611194912109884
0.29 0 0.44 0.7877388312424881
0.29 0 0.45 0.6620116179949543
0.29 0 0.46 0.5274362175183074
0.29 0 0.47000000000000003 0.6784702271035558
0.29 0 0.48 0.54092432137373
0.29 0 0.49 0.5682395090460287
0.29 0 0.5 0.6986729886974102
0.3 0 0.0 1.4294029321957011
0.3 0 0.01 1.4905520322345325
0.3 0 0.02 0.6283480519030262
0.3 0 0.03 0.6282188876967584
0.3 0 0.04 1.1229593548704366
0.3 0 0.05 1.118075098471472
0.3 0 0.06 1.0585252339758033
0.3 0 0.07 0.9814759188607205
0.3 0 0.08 1.116450322355196
0.3 0 0.09 0.9520209370341741
0.3 0 0.1 1.1471948068350115
0.3 0 0.11 1.4917700387159947
0.3 0 0.12 1.0050179563792845
0.3 0 0.13 1.088648998550236
0.3 0 0.14 1.4729667735191714
0.3 0 0.15 1.2132163335621882
0.3 0 0.16 1.010727881268299
0.3 0 0.17 1.092746791409053
0.3 0 0.18 1.001475782456136
0.3 0 0.19 1.4706611500801063
0.3 0 0.2 1.7534984440543353
0.3 0 0.21 1.3046976637478023
0.3 0 0.22 2.020445680574906
0.3 0 0.23 1.536540216834746
0.3 0 0.24 1.0943548988262712
0.3 0 0.25 1.4710695607329267
0.3 0 0.26 1.4528770021214685
0.3 0 0.27 1.5874855905483722
0.3 0 0.28 1.4481474573955133
0.3 0 0.29 1.7712958753995613
0.3 0 0.3 1.5737020977958454
0.3 0 0.31 1.0908873999825612
0.3 0 0.32 1.4679766161590935
0.3 0 0.33 1.5270040449419753
0.3 0 0.34 1.5024299084124573
0.3 0 0.35000000000000003 1.2032963589197883
0.3 0 0.36 0.8808338810037039
0.3 0 0.37 0.7487227828271296
0.3 0 0.38 0.5860972816080364
0.3 0 0.39 0.6046256108424977
0.3 0 0.4 0.7449082604120837
0.3 0 0.41000000000000003 0.9382942100942865
0.3 0 0.42 0.7503525235082508
0.3 0 0.43 0.4880219482458133
0.3 0 0.44 0.3833714425414763
0.3 0 0.45 0.5158174836784415
0.3 0 0.46 0.640270065814481
0.3 0 0.47000000000000003 0.4117434378653249
0.3 0 0.48 0.5422617161667386
0.3 0 0.49 0.54962502424494
0.3 0 0.5 0.3969024319514374
#STOP
