#MEDIUM_PROPERTIES_DISTRIBUTED
$MSH_TYPE
	 GROUNDWATER_FLOW	
$MMP_TYPE
	 PERMEABILITY	
$DIS_TYPE
	 NEAREST_VALUE	
;hj
$CONVERSION_FACTOR
2e-8;2e-6;2e-13
$DATA
0.0 0 0.0 0.03269004954893154
0.0 0 0.01 0.061444616604061135
0.0 0 0.02 0.020286760808491726
0.0 0 0.03 0.10093636287669115
0.0 0 0.04 0.11064058700989157
0.0 0 0.05 0.1263165963938814
0.0 0 0.06 0.12560812172895272
0.0 0 0.07 0.11085306185406774
0.0 0 0.08 0.30021275762042715
0.0 0 0.09 0.2043060089221973
0.0 0 0.1 0.861674509360483
0.0 0 0.11 0.20228496810424987
0.0 0 0.12 0.06985260999723408
0.0 0 0.13 0.21788421494597715
0.0 0 0.14 0.42227225481225455
0.0 0 0.15 0.2967145226494139
0.0 0 0.16 0.1257369263921203
0.0 0 0.17 0.11515466230674652
0.0 0 0.18 0.12732689401509273
0.0 0 0.19 0.14086003935587788
0.0 0 0.2 0.24561173319506965
0.0 0 0.21 0.09868816487104315
0.0 0 0.22 0.09279642146964714
0.0 0 0.23 0.026628176755484633
0.0 0 0.24 0.044232173117179176
0.0 0 0.25 0.07076970668533157
0.0 0 0.26 0.08955869914911356
0.0 0 0.27 0.12833501393783056
0.0 0 0.28 0.1536747334258544
0.0 0 0.29 0.2578304327214217
0.0 0 0.3 0.2774807454243532
0.0 0 0.31 0.7884287876058367
0.0 0 0.32 0.4947849859323437
0.0 0 0.33 0.3416643605422875
0.0 0 0.34 0.6061242828922726
0.0 0 0.35000000000000003 0.3171346634504313
0.0 0 0.36 0.4811239992635533
0.0 0 0.37 0.5197814231192922
0.0 0 0.38 1.5479309025366874
0.0 0 0.39 1.9728031891555589
0.0 0 0.4 2.8357062983655212
0.0 0 0.41000000000000003 1.4924757497787855
0.0 0 0.42 0.429852695465788
0.0 0 0.43 0.9092699734542108
0.0 0 0.44 1.0213893564958718
0.0 0 0.45 0.7729018618043018
0.0 0 0.46 0.6764270191876433
0.0 0 0.47000000000000003 0.3389151946485371
0.0 0 0.48 0.7911636564769037
0.0 0 0.49 0.7082384503585285
0.0 0 0.5 0.7059883162882544
0.01 0 0.0 0.19016558395426036
0.01 0 0.01 0.45488074477222884
0.01 0 0.02 0.2708454210161208
0.01 0 0.03 0.3433515757289208
0.01 0 0.04 0.6959437149341232
0.01 0 0.05 0.6309003633637121
0.01 0 0.06 0.425568311146588
0.01 0 0.07 0.16378774792188763
0.01 0 0.08 0.4255946896190685
0.01 0 0.09 0.23989385780216949
0.01 0 0.1 1.7853000654423357
0.01 0 0.11 0.7384223893218356
0.01 0 0.12 0.12655765569431923
0.01 0 0.13 0.19978052129381005
0.01 0 0.14 0.22549421629540053
0.01 0 0.15 0.3816370588743284
0.01 0 0.16 0.07823843232650565
0.01 0 0.17 0.10028473561802968
0.01 0 0.18 0.028952451233303984
0.01 0 0.19 0.03603798018694978
0.01 0 0.2 0.06201737869677768
0.01 0 0.21 0.046680819573256316
0.01 0 0.22 0.021139041248835904
0.01 0 0.23 0.008685559508706928
0.01 0 0.24 0.004872612394126758
0.01 0 0.25 0.022289648934738712
0.01 0 0.26 0.036831837822969365
0.01 0 0.27 0.2975621661521121
0.01 0 0.28 0.10381248171917715
0.01 0 0.29 0.11423429793662955
0.01 0 0.3 0.046458962403649454
0.01 0 0.31 0.21551291103129713
0.01 0 0.32 0.11514882553601476
0.01 0 0.33 0.05903656741988946
0.01 0 0.34 0.06437925128513579
0.01 0 0.35000000000000003 0.20340003479247648
0.01 0 0.36 0.6767165753547096
0.01 0 0.37 0.837008069804215
0.01 0 0.38 2.433707027863081
0.01 0 0.39 3.0777958967547305
0.01 0 0.4 1.5927907179853895
0.01 0 0.41000000000000003 1.9971409799726256
0.01 0 0.42 2.5094556182089813
0.01 0 0.43 5.038848622573657
0.01 0 0.44 5.848051160940527
0.01 0 0.45 6.012987922356123
0.01 0 0.46 4.183817723976203
0.01 0 0.47000000000000003 1.704903192631923
0.01 0 0.48 3.6491841341221907
0.01 0 0.49 1.6766033878555746
0.01 0 0.5 3.5381523702914173
0.02 0 0.0 0.006040847060972161
0.02 0 0.01 0.016860414695520746
0.02 0 0.02 0.016738392043336464
0.02 0 0.03 0.05720849301161883
0.02 0 0.04 0.04493796591383398
0.02 0 0.05 0.08112682575619011
0.02 0 0.06 0.08518561534228174
0.02 0 0.07 0.10612027542989712
0.02 0 0.08 0.11149466773396716
0.02 0 0.09 0.09117692627407463
0.02 0 0.1 0.06609262923537157
0.02 0 0.11 0.10236361904482309
0.02 0 0.12 0.046097610511954164
0.02 0 0.13 0.02222449006981793
0.02 0 0.14 0.008771723539348616
0.02 0 0.15 0.08107993361840277
0.02 0 0.16 0.025139957235933146
0.02 0 0.17 0.044470213543775824
0.02 0 0.18 0.06633780596583529
0.02 0 0.19 0.03712493853204489
0.02 0 0.2 0.09901844942896545
0.02 0 0.21 0.0770621013825679
0.02 0 0.22 0.1063651772483031
0.02 0 0.23 0.017779672082608215
0.02 0 0.24 0.2203169942874068
0.02 0 0.25 0.369442775992445
0.02 0 0.26 0.7585236833301342
0.02 0 0.27 1.8420868123390606
0.02 0 0.28 1.292100262658811
0.02 0 0.29 0.23737176020256756
0.02 0 0.3 0.34309339945151535
0.02 0 0.31 0.3600277001417475
0.02 0 0.32 0.4499545838328663
0.02 0 0.33 0.16281662729037244
0.02 0 0.34 0.27753741546363375
0.02 0 0.35000000000000003 0.16718491105892577
0.02 0 0.36 1.090572043201144
0.02 0 0.37 2.044527143817985
0.02 0 0.38 1.1980529130573392
0.02 0 0.39 1.6362101773823485
0.02 0 0.4 0.4614670373208922
0.02 0 0.41000000000000003 0.6827855543330311
0.02 0 0.42 0.47396611437407704
0.02 0 0.43 2.6690384963545464
0.02 0 0.44 1.1544856019723684
0.02 0 0.45 7.4793082136313505
0.02 0 0.46 3.894673986281541
0.02 0 0.47000000000000003 2.3431864589607754
0.02 0 0.48 1.6811566561085078
0.02 0 0.49 2.3894234741617124
0.02 0 0.5 1.3472603130094145
0.03 0 0.0 0.006923375592080719
0.03 0 0.01 0.03766890908596488
0.03 0 0.02 0.02964100938796124
0.03 0 0.03 0.01894838065867697
0.03 0 0.04 0.005199099672163658
0.03 0 0.05 0.002806880280686639
0.03 0 0.06 0.004894767113830124
0.03 0 0.07 0.009053988806998231
0.03 0 0.08 0.026384628865670272
0.03 0 0.09 0.010821910267295882
0.03 0 0.1 0.01493836313551207
0.03 0 0.11 0.015875249877013997
0.03 0 0.12 0.031894950881508115
0.03 0 0.13 0.022219158492299846
0.03 0 0.14 0.03602660307898021
0.03 0 0.15 0.09194551532205565
0.03 0 0.16 0.06629275780244713
0.03 0 0.17 0.03185836514970475
0.03 0 0.18 0.03758095545445406
0.03 0 0.19 0.03315823049897799
0.03 0 0.2 0.12471561011839873
0.03 0 0.21 0.06895530700552516
0.03 0 0.22 0.13586428803961334
0.03 0 0.23 0.041762473684097266
0.03 0 0.24 0.07578634948925585
0.03 0 0.25 0.14523786216044357
0.03 0 0.26 0.137880610252763
0.03 0 0.27 0.2513384050386952
0.03 0 0.28 0.11745948218688547
0.03 0 0.29 0.2856987822562746
0.03 0 0.3 0.10040123405262678
0.03 0 0.31 0.3679140902234331
0.03 0 0.32 0.8310760555351971
0.03 0 0.33 0.2566814798274407
0.03 0 0.34 0.26372276094130864
0.03 0 0.35000000000000003 0.3261948618162659
0.03 0 0.36 0.9773011014104428
0.03 0 0.37 1.3917491686476133
0.03 0 0.38 1.6776643716706618
0.03 0 0.39 0.5281493064648421
0.03 0 0.4 0.1867440595863644
0.03 0 0.41000000000000003 0.40737340128699034
0.03 0 0.42 0.842245772026429
0.03 0 0.43 0.9589839674355944
0.03 0 0.44 3.3044316062409957
0.03 0 0.45 3.526630227808988
0.03 0 0.46 11.44002371603268
0.03 0 0.47000000000000003 2.725189302739401
0.03 0 0.48 6.266973303710643
0.03 0 0.49 3.4183070361645895
0.03 0 0.5 18.85529162112088
0.04 0 0.0 0.027868615557382497
0.04 0 0.01 0.028692993303924504
0.04 0 0.02 0.026614603905764513
0.04 0 0.03 0.016001926847889807
0.04 0 0.04 0.005572218802931575
0.04 0 0.05 0.002759802429989626
0.04 0 0.06 0.003841830288479376
0.04 0 0.07 0.0033499283697975214
0.04 0 0.08 0.015565107584019602
0.04 0 0.09 0.0027624425538038374
0.04 0 0.1 0.0007949527826587998
0.04 0 0.11 0.0010150863068043394
0.04 0 0.12 0.0019729753631506494
0.04 0 0.13 0.001969900855124627
0.04 0 0.14 0.004271077991307289
0.04 0 0.15 0.01880952657585003
0.04 0 0.16 0.007433899739331426
0.04 0 0.17 0.004798502235691874
0.04 0 0.18 0.008291454474333848
0.04 0 0.19 0.018118158263541326
0.04 0 0.2 0.025153421293773074
0.04 0 0.21 0.018229752424683887
0.04 0 0.22 0.024790896310254593
0.04 0 0.23 0.057484200354003735
0.04 0 0.24 0.19888768795671746
0.04 0 0.25 0.7732795826463534
0.04 0 0.26 0.6695054792142501
0.04 0 0.27 1.173567299881811
0.04 0 0.28 0.3891479292687918
0.04 0 0.29 1.696652181245084
0.04 0 0.3 0.5543529280338005
0.04 0 0.31 0.832067287019835
0.04 0 0.32 1.2893364377901266
0.04 0 0.33 0.6153941195704129
0.04 0 0.34 0.36682502581950627
0.04 0 0.35000000000000003 0.3341503069456043
0.04 0 0.36 1.4570139143462497
0.04 0 0.37 1.2504929421751196
0.04 0 0.38 1.1496726672004045
0.04 0 0.39 1.010056940564103
0.04 0 0.4 0.5002930162708301
0.04 0 0.41000000000000003 1.3191356454724987
0.04 0 0.42 1.1151392934656934
0.04 0 0.43 1.0479947542965953
0.04 0 0.44 2.441805801150884
0.04 0 0.45 7.708990083909589
0.04 0 0.46 31.23739354179137
0.04 0 0.47000000000000003 9.552592850544304
0.04 0 0.48 12.113563484588552
0.04 0 0.49 6.844098455602994
0.04 0 0.5 7.449849461425292
0.05 0 0.0 0.0046494929307389745
0.05 0 0.01 0.00715781696988193
0.05 0 0.02 0.0036689436268730275
0.05 0 0.03 0.0024134527606909303
0.05 0 0.04 0.0007190888316985103
0.05 0 0.05 0.0007736239983044784
0.05 0 0.06 0.0008756105206969548
0.05 0 0.07 0.0011776753797197584
0.05 0 0.08 0.002490848915690882
0.05 0 0.09 0.0038131255189469988
0.05 0 0.1 0.0018583514881979916
0.05 0 0.11 0.0012245273102508157
0.05 0 0.12 0.0006195659325852938
0.05 0 0.13 0.0013910501803308835
0.05 0 0.14 0.0006195257493433178
0.05 0 0.15 0.0034086033234972217
0.05 0 0.16 0.0028008944462091802
0.05 0 0.17 0.001575297154944449
0.05 0 0.18 0.001688937211918844
0.05 0 0.19 0.008237775699220443
0.05 0 0.2 0.008763929102101112
0.05 0 0.21 0.009389011767315459
0.05 0 0.22 0.030927320612260806
0.05 0 0.23 0.03285535876507514
0.05 0 0.24 0.08893884271290928
0.05 0 0.25 0.5675912076215462
0.05 0 0.26 0.3030092233410766
0.05 0 0.27 0.09765052565352078
0.05 0 0.28 0.17081840238057439
0.05 0 0.29 0.5405258062821483
0.05 0 0.3 0.6586194094691725
0.05 0 0.31 0.86067703633362
0.05 0 0.32 0.8379152247057485
0.05 0 0.33 0.09241541471603949
0.05 0 0.34 0.06491804716927135
0.05 0 0.35000000000000003 0.03539780751665388
0.05 0 0.36 0.30534483225244585
0.05 0 0.37 0.7146516972027686
0.05 0 0.38 0.6254199912576075
0.05 0 0.39 0.39474305504080526
0.05 0 0.4 0.44618409271717063
0.05 0 0.41000000000000003 3.976488834582749
0.05 0 0.42 4.599111389701028
0.05 0 0.43 31.728262465741267
0.05 0 0.44 17.764255412649998
0.05 0 0.45 23.508500739992392
0.05 0 0.46 44.79257091979697
0.05 0 0.47000000000000003 31.42619602343156
0.05 0 0.48 5.659757471999017
0.05 0 0.49 3.9047558613283413
0.05 0 0.5 1.7244788954962584
0.06 0 0.0 0.00628897527477974
0.06 0 0.01 0.005036189243696612
0.06 0 0.02 0.0029276347194816697
0.06 0 0.03 0.0020626867879429216
0.06 0 0.04 0.003103304332170488
0.06 0 0.05 0.00510543652347169
0.06 0 0.06 0.010441395490638307
0.06 0 0.07 0.019829598396435468
0.06 0 0.08 0.06707561113802642
0.06 0 0.09 0.020224715790266766
0.06 0 0.1 0.01698925374539789
0.06 0 0.11 0.007710255786015312
0.06 0 0.12 0.012101536091303778
0.06 0 0.13 0.011134418350454646
0.06 0 0.14 0.01462053822608243
0.06 0 0.15 0.011112052275135691
0.06 0 0.16 0.031841052197500004
0.06 0 0.17 0.03621167714531097
0.06 0 0.18 0.05079405192025309
0.06 0 0.19 0.018782954340747934
0.06 0 0.2 0.01945193247462194
0.06 0 0.21 0.006461223187424666
0.06 0 0.22 0.02850225577755232
0.06 0 0.23 0.03099444188392776
0.06 0 0.24 0.02141670581091997
0.06 0 0.25 0.052043034814388045
0.06 0 0.26 0.17798950007939113
0.06 0 0.27 0.21930700801772543
0.06 0 0.28 0.12584590071335455
0.06 0 0.29 0.47991407802617936
0.06 0 0.3 0.5608311660759183
0.06 0 0.31 0.5338184833048295
0.06 0 0.32 0.6172004070733892
0.06 0 0.33 0.5168601271996369
0.06 0 0.34 0.198205083354349
0.06 0 0.35000000000000003 0.2816941515718494
0.06 0 0.36 1.107154896227607
0.06 0 0.37 1.0915725031791794
0.06 0 0.38 0.7187540830353016
0.06 0 0.39 0.8427423772791587
0.06 0 0.4 0.29783813440894397
0.06 0 0.41000000000000003 0.5381299308325569
0.06 0 0.42 1.2602376299751705
0.06 0 0.43 3.742928434410767
0.06 0 0.44 3.8412993884832516
0.06 0 0.45 4.3414102005995625
0.06 0 0.46 12.775441738996996
0.06 0 0.47000000000000003 7.038050248923864
0.06 0 0.48 13.284388912325861
0.06 0 0.49 2.933558808968801
0.06 0 0.5 4.734989018201439
0.07 0 0.0 0.08746349294857267
0.07 0 0.01 0.11286263154543372
0.07 0 0.02 0.18523296119788837
0.07 0 0.03 0.07931105482452273
0.07 0 0.04 0.052602786455253916
0.07 0 0.05 0.029944369562749606
0.07 0 0.06 0.10207960211487262
0.07 0 0.07 0.11940893129290901
0.07 0 0.08 0.08782405532352111
0.07 0 0.09 0.06784297576908367
0.07 0 0.1 0.013681851560470975
0.07 0 0.11 0.005697083949410498
0.07 0 0.12 0.018393739632471092
0.07 0 0.13 0.05766688338306514
0.07 0 0.14 0.01019250957941854
0.07 0 0.15 0.0070696042649539175
0.07 0 0.16 0.005160897049275081
0.07 0 0.17 0.018476436993766464
0.07 0 0.18 0.018070353223840856
0.07 0 0.19 0.01623571524460613
0.07 0 0.2 0.006395858182463093
0.07 0 0.21 0.007583094417996109
0.07 0 0.22 0.017464881153607816
0.07 0 0.23 0.04056384660866186
0.07 0 0.24 0.07791212338524536
0.07 0 0.25 0.11873119059633575
0.07 0 0.26 0.1549939688999046
0.07 0 0.27 0.2785102913897689
0.07 0 0.28 0.5181270757278243
0.07 0 0.29 1.1837417275703355
0.07 0 0.3 3.5350534028779412
0.07 0 0.31 1.8382906193055413
0.07 0 0.32 3.450476399950138
0.07 0 0.33 2.838016675376028
0.07 0 0.34 3.886350577755858
0.07 0 0.35000000000000003 1.1861228851975572
0.07 0 0.36 3.9143956806172513
0.07 0 0.37 1.5539655037475233
0.07 0 0.38 0.8928253275739884
0.07 0 0.39 1.0067347338953236
0.07 0 0.4 1.2128215482472775
0.07 0 0.41000000000000003 0.4900705566783797
0.07 0 0.42 0.8889823713892666
0.07 0 0.43 1.8068467389966953
0.07 0 0.44 1.185755527201019
0.07 0 0.45 1.4414019400630034
0.07 0 0.46 5.31564934021118
0.07 0 0.47000000000000003 3.840040036102026
0.07 0 0.48 1.8266017124899703
0.07 0 0.49 0.37640125055612345
0.07 0 0.5 0.3839874120807614
0.08 0 0.0 0.0055871576202943755
0.08 0 0.01 0.0146690700863786
0.08 0 0.02 0.019261790970588905
0.08 0 0.03 0.02887193070018147
0.08 0 0.04 0.024701380539547797
0.08 0 0.05 0.02575216104537611
0.08 0 0.06 0.041582659953526134
0.08 0 0.07 0.06650534103199339
0.08 0 0.08 0.03439395733015918
0.08 0 0.09 0.032269883073572814
0.08 0 0.1 0.014950530546873828
0.08 0 0.11 0.006917529717904706
0.08 0 0.12 0.009836908602453412
0.08 0 0.13 0.04591906065367083
0.08 0 0.14 0.050688238326187546
0.08 0 0.15 0.02583950184018533
0.08 0 0.16 0.03610498579324531
0.08 0 0.17 0.11649115012653549
0.08 0 0.18 0.1624211435625028
0.08 0 0.19 0.22178096523455254
0.08 0 0.2 0.08966172000178974
0.08 0 0.21 0.025480126116268324
0.08 0 0.22 0.03044651919299807
0.08 0 0.23 0.10684793032029233
0.08 0 0.24 0.14618500931643671
0.08 0 0.25 0.19922447448672712
0.08 0 0.26 0.40773261752486445
0.08 0 0.27 0.44985597082198725
0.08 0 0.28 0.20547732172755442
0.08 0 0.29 0.5512227091312757
0.08 0 0.3 0.33103692700900145
0.08 0 0.31 0.1635299087491519
0.08 0 0.32 0.08132864499495868
0.08 0 0.33 0.12454362272685941
0.08 0 0.34 0.19359808356906028
0.08 0 0.35000000000000003 0.2675124127620497
0.08 0 0.36 0.13382917878694303
0.08 0 0.37 0.14798160958716175
0.08 0 0.38 0.0994043222398894
0.08 0 0.39 0.12147431384634284
0.08 0 0.4 0.050683475173526005
0.08 0 0.41000000000000003 0.08963397441398581
0.08 0 0.42 0.08690258605272932
0.08 0 0.43 0.2566589040694237
0.08 0 0.44 0.15247104481415993
0.08 0 0.45 0.08476641583892405
0.08 0 0.46 0.07361116227033797
0.08 0 0.47000000000000003 0.13058140965383502
0.08 0 0.48 0.06364704296779174
0.08 0 0.49 0.02341645175883253
0.08 0 0.5 0.028593491893426314
0.09 0 0.0 0.005032701707994044
0.09 0 0.01 0.009144544380202001
0.09 0 0.02 0.016891622846873865
0.09 0 0.03 0.0291728611409248
0.09 0 0.04 0.013958801652948518
0.09 0 0.05 0.04022148919063208
0.09 0 0.06 0.0409593638666829
0.09 0 0.07 0.011590949659558356
0.09 0 0.08 0.00976839495398922
0.09 0 0.09 0.011781153525330323
0.09 0 0.1 0.013745564763606529
0.09 0 0.11 0.02390221704374811
0.09 0 0.12 0.053632190643164164
0.09 0 0.13 0.054695452245253885
0.09 0 0.14 0.12846300469163643
0.09 0 0.15 0.11872493893146926
0.09 0 0.16 0.29939421295986823
0.09 0 0.17 0.42971111236180504
0.09 0 0.18 0.4833509732915253
0.09 0 0.19 0.07932030855731939
0.09 0 0.2 0.04593385147783106
0.09 0 0.21 0.015388798686845593
0.09 0 0.22 0.01177388719039776
0.09 0 0.23 0.03418116894046757
0.09 0 0.24 0.17324745813386833
0.09 0 0.25 0.04589665084019143
0.09 0 0.26 0.05958405340131877
0.09 0 0.27 0.1406915915573319
0.09 0 0.28 0.11626514333298224
0.09 0 0.29 0.14127137341246196
0.09 0 0.3 0.2124410525174522
0.09 0 0.31 0.16644306024114397
0.09 0 0.32 0.05030843842802377
0.09 0 0.33 0.10946221947930752
0.09 0 0.34 0.11189739514880802
0.09 0 0.35000000000000003 0.10468829762738432
0.09 0 0.36 0.08103882078682072
0.09 0 0.37 0.06373147084236594
0.09 0 0.38 0.0406033347441579
0.09 0 0.39 0.12218122420097056
0.09 0 0.4 0.16502059526342222
0.09 0 0.41000000000000003 0.1596202574558703
0.09 0 0.42 0.11913757934627109
0.09 0 0.43 0.3774847890397923
0.09 0 0.44 0.35595266053385677
0.09 0 0.45 0.11773196272351191
0.09 0 0.46 0.05569768431174224
0.09 0 0.47000000000000003 0.03591557361921129
0.09 0 0.48 0.053847570259733725
0.09 0 0.49 0.06536466154135086
0.09 0 0.5 0.10934657659691344
0.1 0 0.0 0.01108773826315526
0.1 0 0.01 0.011636520006627037
0.1 0 0.02 0.021117884918713692
0.1 0 0.03 0.007416371860854058
0.1 0 0.04 0.007125762024354759
0.1 0 0.05 0.00458506275724951
0.1 0 0.06 0.006655096271832089
0.1 0 0.07 0.001619869842368714
0.1 0 0.08 0.0008478573005650789
0.1 0 0.09 0.0006080586775021965
0.1 0 0.1 0.0027226750557157895
0.1 0 0.11 0.0055624899272987555
0.1 0 0.12 0.007598377376173841
0.1 0 0.13 0.049058714746264484
0.1 0 0.14 0.0684144953635269
0.1 0 0.15 0.11372873541706084
0.1 0 0.16 0.06846094847109589
0.1 0 0.17 0.13241382891970757
0.1 0 0.18 0.0861870682400148
0.1 0 0.19 0.1855204435000363
0.1 0 0.2 0.05810697289867818
0.1 0 0.21 0.05883572739251426
0.1 0 0.22 0.11298947165958408
0.1 0 0.23 0.5563794267012487
0.1 0 0.24 0.5011099688047355
0.1 0 0.25 0.21811299492792138
0.1 0 0.26 0.1864497637537505
0.1 0 0.27 0.3714815451940683
0.1 0 0.28 1.2643753164805138
0.1 0 0.29 0.8051725702162529
0.1 0 0.3 1.3330358362420147
0.1 0 0.31 1.4195300903016534
0.1 0 0.32 1.5809624209979791
0.1 0 0.33 1.7547077914063165
0.1 0 0.34 8.741445414726348
0.1 0 0.35000000000000003 2.6292556287568645
0.1 0 0.36 2.171144968085626
0.1 0 0.37 0.5837853350917983
0.1 0 0.38 0.6360965086236944
0.1 0 0.39 0.07495249471214123
0.1 0 0.4 0.18459117816369133
0.1 0 0.41000000000000003 0.10035103587683303
0.1 0 0.42 0.04371813303288539
0.1 0 0.43 0.032370402229109176
0.1 0 0.44 0.08222643048720117
0.1 0 0.45 0.046026057073399185
0.1 0 0.46 0.03310527048370762
0.1 0 0.47000000000000003 0.025261133702195224
0.1 0 0.48 0.038318604946938076
0.1 0 0.49 0.04964168500536102
0.1 0 0.5 0.04720886063616217
0.11 0 0.0 0.003950024338401318
0.11 0 0.01 0.005220019695093644
0.11 0 0.02 0.001760942805588821
0.11 0 0.03 0.0042656232829326665
0.11 0 0.04 0.0018729011508233293
0.11 0 0.05 0.0064692973882699845
0.11 0 0.06 0.003858087181566986
0.11 0 0.07 0.005180764691217466
0.11 0 0.08 0.002668415094060249
0.11 0 0.09 0.0019958109897138636
0.11 0 0.1 0.008692879819376623
0.11 0 0.11 0.03364302406410797
0.11 0 0.12 0.05055630465788837
0.11 0 0.13 0.04270072205697916
0.11 0 0.14 0.031155986056108767
0.11 0 0.15 0.012704548631672292
0.11 0 0.16 0.007775384016396419
0.11 0 0.17 0.012016927414121116
0.11 0 0.18 0.017894827144890046
0.11 0 0.19 0.012350591714343263
0.11 0 0.2 0.03176107487898231
0.11 0 0.21 0.027000179487799942
0.11 0 0.22 0.13843354585310086
0.11 0 0.23 0.30496087626360985
0.11 0 0.24 0.4567765818181441
0.11 0 0.25 0.15611442567949138
0.11 0 0.26 0.23564301830120948
0.11 0 0.27 0.6154060912855808
0.11 0 0.28 0.9615072323505531
0.11 0 0.29 0.6444369145738447
0.11 0 0.3 0.4551051047184192
0.11 0 0.31 1.1679279137648066
0.11 0 0.32 0.7827408286420827
0.11 0 0.33 0.838083071528926
0.11 0 0.34 0.28680996920077745
0.11 0 0.35000000000000003 0.3250768605657694
0.11 0 0.36 0.13850883514934584
0.11 0 0.37 0.22856346906701153
0.11 0 0.38 0.39379538601083347
0.11 0 0.39 0.8849147648556887
0.11 0 0.4 0.917422812757156
0.11 0 0.41000000000000003 0.965086248822083
0.11 0 0.42 0.15279636744092523
0.11 0 0.43 0.13091270850503026
0.11 0 0.44 0.1394534651542695
0.11 0 0.45 0.24216617281707437
0.11 0 0.46 0.045559113203330094
0.11 0 0.47000000000000003 0.04877535341349381
0.11 0 0.48 0.07262337651624726
0.11 0 0.49 0.04835137291613973
0.11 0 0.5 0.0679721174748685
0.12 0 0.0 0.004650525313370687
0.12 0 0.01 0.0044461709822108475
0.12 0 0.02 0.001030174133108456
0.12 0 0.03 0.005298746683854874
0.12 0 0.04 0.002860674299829083
0.12 0 0.05 0.003133421228913573
0.12 0 0.06 0.005610466020054437
0.12 0 0.07 0.014860642926589071
0.12 0 0.08 0.020410934181786963
0.12 0 0.09 0.028112238323405186
0.12 0 0.1 0.07016750066246903
0.12 0 0.11 0.05300124481726738
0.12 0 0.12 0.165852509802829
0.12 0 0.13 0.09984547707095814
0.12 0 0.14 0.039309375769749945
0.12 0 0.15 0.036451614631289535
0.12 0 0.16 0.014693135846443519
0.12 0 0.17 0.015024127704490128
0.12 0 0.18 0.022939645550477297
0.12 0 0.19 0.018856182070119513
0.12 0 0.2 0.011402644752548137
0.12 0 0.21 0.02477556788619867
0.12 0 0.22 0.13443439130442547
0.12 0 0.23 0.14332201061522584
0.12 0 0.24 0.23894931111823015
0.12 0 0.25 0.19448719159907152
0.12 0 0.26 0.05549432810203452
0.12 0 0.27 0.1954694396511031
0.12 0 0.28 0.38458095528976033
0.12 0 0.29 0.38628040602928004
0.12 0 0.3 0.0784374611267971
0.12 0 0.31 0.12221035027711617
0.12 0 0.32 0.03324733736598218
0.12 0 0.33 0.037417204158171645
0.12 0 0.34 0.03452261484545038
0.12 0 0.35000000000000003 0.03106718977337806
0.12 0 0.36 0.02815855176246644
0.12 0 0.37 0.12370975011768602
0.12 0 0.38 0.21471792267926312
0.12 0 0.39 0.16648553156746776
0.12 0 0.4 0.18654570304423013
0.12 0 0.41000000000000003 0.10734885247191793
0.12 0 0.42 0.05624907263364976
0.12 0 0.43 0.06994613807637597
0.12 0 0.44 0.1624080969698218
0.12 0 0.45 0.3922785439060704
0.12 0 0.46 0.23186159108126964
0.12 0 0.47000000000000003 0.16690766667376045
0.12 0 0.48 0.3281569470672032
0.12 0 0.49 0.17284588993852218
0.12 0 0.5 0.09742777974983324
0.13 0 0.0 0.0025323550506100804
0.13 0 0.01 0.0008190063009734554
0.13 0 0.02 0.00043485507756044895
0.13 0 0.03 0.0011171365647595934
0.13 0 0.04 0.004650252645972357
0.13 0 0.05 0.0026094999030106788
0.13 0 0.06 0.003468701760973157
0.13 0 0.07 0.004919811377298953
0.13 0 0.08 0.02761987648943083
0.13 0 0.09 0.01503605279620202
0.13 0 0.1 0.06746297780068254
0.13 0 0.11 0.03031430370570493
0.13 0 0.12 0.02448829169326389
0.13 0 0.13 0.019612466722051504
0.13 0 0.14 0.02515360417597747
0.13 0 0.15 0.03802167271679055
0.13 0 0.16 0.028637687776133153
0.13 0 0.17 0.12947409110304142
0.13 0 0.18 0.09508318355918143
0.13 0 0.19 0.15526136248916847
0.13 0 0.2 0.1609950693036777
0.13 0 0.21 0.2507427341977379
0.13 0 0.22 0.2786079154000597
0.13 0 0.23 0.14882838098075563
0.13 0 0.24 0.13626581083676478
0.13 0 0.25 0.10110682861887418
0.13 0 0.26 0.07135375639289858
0.13 0 0.27 0.07175048588029913
0.13 0 0.28 0.09551819160710612
0.13 0 0.29 0.2319014523070089
0.13 0 0.3 0.1097898125247123
0.13 0 0.31 0.10212464453787554
0.13 0 0.32 0.2825401139063698
0.13 0 0.33 0.12688247257533938
0.13 0 0.34 0.1894697994372784
0.13 0 0.35000000000000003 0.07050969341455486
0.13 0 0.36 0.10815772982626297
0.13 0 0.37 0.04138325451987332
0.13 0 0.38 0.27902291537595814
0.13 0 0.39 0.168456266150533
0.13 0 0.4 0.10486976406293011
0.13 0 0.41000000000000003 0.05081490912448607
0.13 0 0.42 0.07007521464835521
0.13 0 0.43 0.04347446733873445
0.13 0 0.44 0.03259643537435295
0.13 0 0.45 0.03130330091506591
0.13 0 0.46 0.011682728927945833
0.13 0 0.47000000000000003 0.015096452074325828
0.13 0 0.48 0.023446330779058864
0.13 0 0.49 0.023281479262903707
0.13 0 0.5 0.009925923913125361
0.14 0 0.0 0.0009450580708328843
0.14 0 0.01 0.0007098762962319712
0.14 0 0.02 0.000253922548450655
0.14 0 0.03 0.003311907408289082
0.14 0 0.04 0.00741149274008403
0.14 0 0.05 0.02367957405446172
0.14 0 0.06 0.010726820709098632
0.14 0 0.07 0.011267334022622396
0.14 0 0.08 0.03897158075104502
0.14 0 0.09 0.04041847950197836
0.14 0 0.1 0.03692210111531681
0.14 0 0.11 0.023241985765084978
0.14 0 0.12 0.00890831881227346
0.14 0 0.13 0.004604898287695671
0.14 0 0.14 0.005262715834484792
0.14 0 0.15 0.034369320360050186
0.14 0 0.16 0.046023769200281416
0.14 0 0.17 0.12347272554976921
0.14 0 0.18 0.11101668845553671
0.14 0 0.19 0.057999215214239695
0.14 0 0.2 0.06576830756379896
0.14 0 0.21 0.03744762717312571
0.14 0 0.22 0.03769981213957608
0.14 0 0.23 0.012205285110320825
0.14 0 0.24 0.05290944323889994
0.14 0 0.25 0.018293199609248127
0.14 0 0.26 0.012824573241654752
0.14 0 0.27 0.011198298127480012
0.14 0 0.28 0.030475941601205855
0.14 0 0.29 0.1350881271754997
0.14 0 0.3 0.10875677813189479
0.14 0 0.31 0.07566622647748313
0.14 0 0.32 0.155102393636646
0.14 0 0.33 0.23186738483214553
0.14 0 0.34 0.20932920470180097
0.14 0 0.35000000000000003 0.06955526408567383
0.14 0 0.36 0.10176301864035958
0.14 0 0.37 0.06792126954351375
0.14 0 0.38 0.3813576536710121
0.14 0 0.39 0.7222996071436472
0.14 0 0.4 0.1029041540416677
0.14 0 0.41000000000000003 0.0590921053314861
0.14 0 0.42 0.06084179937159465
0.14 0 0.43 0.12512500771151874
0.14 0 0.44 0.07667553326224825
0.14 0 0.45 0.13721051095611264
0.14 0 0.46 0.07860862642744584
0.14 0 0.47000000000000003 0.04737549132048211
0.14 0 0.48 0.10358536943340993
0.14 0 0.49 0.14149991903407494
0.14 0 0.5 0.0916131172657746
0.15 0 0.0 0.016930571001189505
0.15 0 0.01 0.03246577514718007
0.15 0 0.02 0.010102441051043767
0.15 0 0.03 0.01698419746511133
0.15 0 0.04 0.03137420272493304
0.15 0 0.05 0.04019905911207159
0.15 0 0.06 0.02329232412371576
0.15 0 0.07 0.007661386448671085
0.15 0 0.08 0.020228112979442554
0.15 0 0.09 0.009204549669566558
0.15 0 0.1 0.019251659764670047
0.15 0 0.11 0.003128216353925095
0.15 0 0.12 0.0016638223439483534
0.15 0 0.13 0.003630675343065441
0.15 0 0.14 0.0044987978046787825
0.15 0 0.15 0.008874360096396727
0.15 0 0.16 0.004073910045256116
0.15 0 0.17 0.0038435192268214116
0.15 0 0.18 0.0011995169514766328
0.15 0 0.19 0.001531010117821204
0.15 0 0.2 0.0011360002900331302
0.15 0 0.21 0.0005027806852341643
0.15 0 0.22 0.0005866445445838539
0.15 0 0.23 0.0005688783853683722
0.15 0 0.24 0.0019277659745814118
0.15 0 0.25 0.022283955663585757
0.15 0 0.26 0.028336205365507867
0.15 0 0.27 0.03330183813629158
0.15 0 0.28 0.03114396001576688
0.15 0 0.29 0.26399744861095625
0.15 0 0.3 0.07559443612122449
0.15 0 0.31 0.20084144339963075
0.15 0 0.32 0.1754370160566041
0.15 0 0.33 0.3575642415184201
0.15 0 0.34 0.4630704543650576
0.15 0 0.35000000000000003 0.7885780827657743
0.15 0 0.36 0.6647412873307655
0.15 0 0.37 0.5546986905653121
0.15 0 0.38 1.4644491452112685
0.15 0 0.39 2.600967415255982
0.15 0 0.4 0.70092123104958
0.15 0 0.41000000000000003 0.8910202180289553
0.15 0 0.42 0.3200717964090731
0.15 0 0.43 0.46851788020184837
0.15 0 0.44 0.14900362341259088
0.15 0 0.45 0.16293059551423317
0.15 0 0.46 0.35571596453935017
0.15 0 0.47000000000000003 0.25823904055500274
0.15 0 0.48 0.3716024133584514
0.15 0 0.49 0.31966975927153546
0.15 0 0.5 0.5905519787505255
0.16 0 0.0 0.009242980098843808
0.16 0 0.01 0.010779088854253238
0.16 0 0.02 0.00855171926544215
0.16 0 0.03 0.01389573896199381
0.16 0 0.04 0.02284736025186768
0.16 0 0.05 0.07367004464586593
0.16 0 0.06 0.012225028407493413
0.16 0 0.07 0.0027223230675263873
0.16 0 0.08 0.009720645955688337
0.16 0 0.09 0.009501048466257052
0.16 0 0.1 0.010328429641351071
0.16 0 0.11 0.01035750232303497
0.16 0 0.12 0.009254188581694252
0.16 0 0.13 0.011024755159200922
0.16 0 0.14 0.01646099731818513
0.16 0 0.15 0.10033313452433619
0.16 0 0.16 0.03286908898571886
0.16 0 0.17 0.042086814874643524
0.16 0 0.18 0.01426170840628795
0.16 0 0.19 0.008822704297795251
0.16 0 0.2 0.013046153702562933
0.16 0 0.21 0.004705509515014272
0.16 0 0.22 0.006835213951787699
0.16 0 0.23 0.004388820727066592
0.16 0 0.24 0.015402172575280114
0.16 0 0.25 0.036893823429198135
0.16 0 0.26 0.11543275650266376
0.16 0 0.27 0.08355463123789716
0.16 0 0.28 0.02226039791892484
0.16 0 0.29 0.031213247794567033
0.16 0 0.3 0.08612589309539266
0.16 0 0.31 0.18158542934835945
0.16 0 0.32 0.3246520870123423
0.16 0 0.33 0.17093863246149157
0.16 0 0.34 0.24377551041866746
0.16 0 0.35000000000000003 0.08010879207803967
0.16 0 0.36 0.1748485146604111
0.16 0 0.37 0.049105663001403455
0.16 0 0.38 0.0806629945132004
0.16 0 0.39 0.10501595073041414
0.16 0 0.4 0.057175258786547604
0.16 0 0.41000000000000003 0.028801072683593658
0.16 0 0.42 0.016280990752568197
0.16 0 0.43 0.03728964333897222
0.16 0 0.44 0.007843490078368404
0.16 0 0.45 0.011054726140491463
0.16 0 0.46 0.016298650322451355
0.16 0 0.47000000000000003 0.017069355966077643
0.16 0 0.48 0.025348804036242144
0.16 0 0.49 0.06377145509170074
0.16 0 0.5 0.07599639687282735
0.17 0 0.0 0.003825341590128093
0.17 0 0.01 0.015555535322466087
0.17 0 0.02 0.021111614531093226
0.17 0 0.03 0.02630773164238062
0.17 0 0.04 0.033733132616974706
0.17 0 0.05 0.07154777796457926
0.17 0 0.06 0.03456737752954701
0.17 0 0.07 0.006590530844018528
0.17 0 0.08 0.007214319213613644
0.17 0 0.09 0.02142535253820458
0.17 0 0.1 0.039093936390992685
0.17 0 0.11 0.019086305493956117
0.17 0 0.12 0.03354878983322647
0.17 0 0.13 0.04532694410309421
0.17 0 0.14 0.02508857050523515
0.17 0 0.15 0.0542947735958819
0.17 0 0.16 0.028357391983895818
0.17 0 0.17 0.019903286626206693
0.17 0 0.18 0.01901359518286635
0.17 0 0.19 0.0138608932627092
0.17 0 0.2 0.016056046488065023
0.17 0 0.21 0.009667108023759505
0.17 0 0.22 0.06166955040324979
0.17 0 0.23 0.019484526033958696
0.17 0 0.24 0.04583769629897104
0.17 0 0.25 0.06225587578563769
0.17 0 0.26 0.09032080450086818
0.17 0 0.27 0.0798296191601395
0.17 0 0.28 0.029079808831605502
0.17 0 0.29 0.043423888259693906
0.17 0 0.3 0.05577064817453244
0.17 0 0.31 0.08386017033003175
0.17 0 0.32 0.045438661145542285
0.17 0 0.33 0.028277281819285512
0.17 0 0.34 0.0632842556217903
0.17 0 0.35000000000000003 0.04225772166881708
0.17 0 0.36 0.1427347636774328
0.17 0 0.37 0.11317232416103395
0.17 0 0.38 0.04638045882331912
0.17 0 0.39 0.06920940931255003
0.17 0 0.4 0.11444405919153566
0.17 0 0.41000000000000003 0.08968812406330748
0.17 0 0.42 0.04234259953456368
0.17 0 0.43 0.05111957817222439
0.17 0 0.44 0.009793643998636067
0.17 0 0.45 0.003897989579526498
0.17 0 0.46 0.010590489416602318
0.17 0 0.47000000000000003 0.007867607589438629
0.17 0 0.48 0.052349029712900924
0.17 0 0.49 0.06370012285726659
0.17 0 0.5 0.34367655695380567
0.18 0 0.0 0.004261031735050691
0.18 0 0.01 0.013852179096514584
0.18 0 0.02 0.06840776169747426
0.18 0 0.03 0.19480171348025244
0.18 0 0.04 0.3934515536031888
0.18 0 0.05 0.18330385662410534
0.18 0 0.06 0.1219531326221166
0.18 0 0.07 0.04953662231024854
0.18 0 0.08 0.22292278470552876
0.18 0 0.09 0.23636503655060898
0.18 0 0.1 0.4716948594305243
0.18 0 0.11 0.2852218031833459
0.18 0 0.12 0.4764078452594867
0.18 0 0.13 0.4266593518501279
0.18 0 0.14 0.20225434298333028
0.18 0 0.15 0.10523432428847695
0.18 0 0.16 0.03657810482090492
0.18 0 0.17 0.02519246281685973
0.18 0 0.18 0.029961469157781515
0.18 0 0.19 0.1089459421172201
0.18 0 0.2 0.15266455572777168
0.18 0 0.21 0.10740500198986833
0.18 0 0.22 0.2431899226684277
0.18 0 0.23 0.32805642937091156
0.18 0 0.24 0.28302890644463624
0.18 0 0.25 0.47266278155880287
0.18 0 0.26 0.6224910614814761
0.18 0 0.27 0.6323783302911361
0.18 0 0.28 0.04672306993741418
0.18 0 0.29 0.1763762019811703
0.18 0 0.3 0.17051070477497168
0.18 0 0.31 0.26213741120789524
0.18 0 0.32 0.09920407645269512
0.18 0 0.33 0.06248255236366206
0.18 0 0.34 0.08021812784507844
0.18 0 0.35000000000000003 0.055845333745836855
0.18 0 0.36 0.06028243168348265
0.18 0 0.37 0.017953200236536116
0.18 0 0.38 0.009360957615217021
0.18 0 0.39 0.01350733472781575
0.18 0 0.4 0.01142114167737735
0.18 0 0.41000000000000003 0.025521797499749626
0.18 0 0.42 0.0207961845648683
0.18 0 0.43 0.04132364937844967
0.18 0 0.44 0.02001154934668363
0.18 0 0.45 0.006969048881325443
0.18 0 0.46 0.011210153145227515
0.18 0 0.47000000000000003 0.027147486100658463
0.18 0 0.48 0.082429056971299
0.18 0 0.49 0.020157802497055614
0.18 0 0.5 0.0215238413355903
0.19 0 0.0 0.038303597692197704
0.19 0 0.01 0.013270353166166376
0.19 0 0.02 0.014576280465651304
0.19 0 0.03 0.05961008719213734
0.19 0 0.04 0.026496781129914257
0.19 0 0.05 0.03438446254488817
0.19 0 0.06 0.0507649802054367
0.19 0 0.07 0.027120597993822826
0.19 0 0.08 0.061095261679743634
0.19 0 0.09 0.8987607243378642
0.19 0 0.1 1.143507839241333
0.19 0 0.11 1.904728877267745
0.19 0 0.12 1.5582381125243612
0.19 0 0.13 2.3141750562619885
0.19 0 0.14 0.4179761575684603
0.19 0 0.15 0.5675403723641402
0.19 0 0.16 0.12614462436496252
0.19 0 0.17 0.08843723217795589
0.19 0 0.18 0.1976022136573689
0.19 0 0.19 0.9335075629739481
0.19 0 0.2 1.4012446221589783
0.19 0 0.21 1.4718075823478771
0.19 0 0.22 1.3929611709768959
0.19 0 0.23 1.177947843780282
0.19 0 0.24 2.8367306776595766
0.19 0 0.25 3.0094503431135085
0.19 0 0.26 2.457326839941279
0.19 0 0.27 2.614840639810347
0.19 0 0.28 1.2245686705670116
0.19 0 0.29 1.501574523407714
0.19 0 0.3 0.9727307244650454
0.19 0 0.31 0.3495374439359869
0.19 0 0.32 0.1265477803322501
0.19 0 0.33 0.04648675685925578
0.19 0 0.34 0.02863176935519074
0.19 0 0.35000000000000003 0.005014550507489432
0.19 0 0.36 0.009645615930058308
0.19 0 0.37 0.004344798329550176
0.19 0 0.38 0.0036584023599278543
0.19 0 0.39 0.005410386907612793
0.19 0 0.4 0.009591452848517597
0.19 0 0.41000000000000003 0.026377483252460254
0.19 0 0.42 0.009668581909631878
0.19 0 0.43 0.0255310933948609
0.19 0 0.44 0.020541520240976274
0.19 0 0.45 0.005422502988815433
0.19 0 0.46 0.0028176811069990666
0.19 0 0.47000000000000003 0.00643031309416664
0.19 0 0.48 0.009968808140212896
0.19 0 0.49 0.0045370732289715865
0.19 0 0.5 0.00510074782696338
0.2 0 0.0 0.025613460426732574
0.2 0 0.01 0.022165170607448596
0.2 0 0.02 0.019704868841198788
0.2 0 0.03 0.06970665741396931
0.2 0 0.04 0.06084284617908733
0.2 0 0.05 0.07346221407235788
0.2 0 0.06 0.1321592746440745
0.2 0 0.07 0.081390887758225
0.2 0 0.08 0.04497791587320213
0.2 0 0.09 0.04424386590687646
0.2 0 0.1 0.12671611684291487
0.2 0 0.11 0.14198000519130513
0.2 0 0.12 0.14520346095203096
0.2 0 0.13 0.3262116370055053
0.2 0 0.14 0.48998399045358465
0.2 0 0.15 0.3855014022990987
0.2 0 0.16 0.8263146916898961
0.2 0 0.17 0.5450631269764309
0.2 0 0.18 1.6002734630616082
0.2 0 0.19 2.283111235635424
0.2 0 0.2 4.775871037288104
0.2 0 0.21 0.2817607894704714
0.2 0 0.22 0.29553539817205393
0.2 0 0.23 0.3077437964132175
0.2 0 0.24 0.6124654006506123
0.2 0 0.25 0.36343293196448573
0.2 0 0.26 0.3231910241915687
0.2 0 0.27 0.14340782649642733
0.2 0 0.28 0.19433621382055763
0.2 0 0.29 0.4879905698493636
0.2 0 0.3 0.45209697711810487
0.2 0 0.31 0.27786008619007707
0.2 0 0.32 0.12876267508071682
0.2 0 0.33 0.09094513699515597
0.2 0 0.34 0.07281661396177368
0.2 0 0.35000000000000003 0.040524324607165124
0.2 0 0.36 0.024725982001119428
0.2 0 0.37 0.029047884374143462
0.2 0 0.38 0.04321241494496277
0.2 0 0.39 0.11172767068400545
0.2 0 0.4 0.25964462512671366
0.2 0 0.41000000000000003 1.7211739034279938
0.2 0 0.42 0.44086108845801425
0.2 0 0.43 0.4731145549028114
0.2 0 0.44 0.21493994959080728
0.2 0 0.45 0.07176771134994725
0.2 0 0.46 0.06146529657855675
0.2 0 0.47000000000000003 0.05002151829780272
0.2 0 0.48 0.08065788938027238
0.2 0 0.49 0.028803270658114177
0.2 0 0.5 0.07067718449465372
0.21 0 0.0 0.013524452467648027
0.21 0 0.01 0.013109585944045755
0.21 0 0.02 0.03371004596044588
0.21 0 0.03 0.03204146284225845
0.21 0 0.04 0.014455035629731881
0.21 0 0.05 0.006509045225869862
0.21 0 0.06 0.021899150134074882
0.21 0 0.07 0.014402843466420465
0.21 0 0.08 0.01760580045840863
0.21 0 0.09 0.008273195042277812
0.21 0 0.1 0.03733042965731928
0.21 0 0.11 0.044811033807605184
0.21 0 0.12 0.04047076497276637
0.21 0 0.13 0.034649514631303564
0.21 0 0.14 0.07909074261166073
0.21 0 0.15 0.18408319054009226
0.21 0 0.16 0.4404459037952976
0.21 0 0.17 0.7034990231289373
0.21 0 0.18 0.27019238614812563
0.21 0 0.19 0.37096507132605583
0.21 0 0.2 1.217858554282542
0.21 0 0.21 0.5927714410640661
0.21 0 0.22 0.0924655473611976
0.21 0 0.23 0.16616584268258572
0.21 0 0.24 0.09362969018341026
0.21 0 0.25 0.08836677738806631
0.21 0 0.26 0.021687572601968307
0.21 0 0.27 0.03937170166030143
0.21 0 0.28 0.06466887540699864
0.21 0 0.29 0.5322145075947902
0.21 0 0.3 1.24876119971429
0.21 0 0.31 1.44301067242267
0.21 0 0.32 1.1907018766281474
0.21 0 0.33 0.6850422516803139
0.21 0 0.34 0.8871532356434163
0.21 0 0.35000000000000003 0.6083765309044028
0.21 0 0.36 1.2094143349925532
0.21 0 0.37 0.43091996613965616
0.21 0 0.38 0.6026774452036686
0.21 0 0.39 0.6274163102535302
0.21 0 0.4 5.104537559621027
0.21 0 0.41000000000000003 4.84496124750971
0.21 0 0.42 2.5717294510152233
0.21 0 0.43 0.5328951680690958
0.21 0 0.44 0.5112607409054631
0.21 0 0.45 0.29240794292424066
0.21 0 0.46 0.3250167683674849
0.21 0 0.47000000000000003 0.13244106355036378
0.21 0 0.48 0.2910367913693885
0.21 0 0.49 0.1239070757195268
0.21 0 0.5 0.13585659105674608
0.22 0 0.0 0.02172891401466141
0.22 0 0.01 0.03353583321263456
0.22 0 0.02 0.021111167584499616
0.22 0 0.03 0.026635652179886657
0.22 0 0.04 0.0382931032789186
0.22 0 0.05 0.03191061175539859
0.22 0 0.06 0.1291957022473813
0.22 0 0.07 0.37631574757177644
0.22 0 0.08 0.10962836595983062
0.22 0 0.09 0.0902233647000201
0.22 0 0.1 0.177074002845087
0.22 0 0.11 0.23531135721441257
0.22 0 0.12 0.31972385243794477
0.22 0 0.13 1.2494217044312572
0.22 0 0.14 0.55658285401471
0.22 0 0.15 0.9820572988235257
0.22 0 0.16 2.7842820567104853
0.22 0 0.17 5.982423594640264
0.22 0 0.18 1.41574974919649
0.22 0 0.19 0.8320633937716344
0.22 0 0.2 0.3324371769734463
0.22 0 0.21 0.16072074669067868
0.22 0 0.22 0.07752630823534067
0.22 0 0.23 0.058335505838831514
0.22 0 0.24 0.03948298814671371
0.22 0 0.25 0.04808842302611737
0.22 0 0.26 0.03578939044835368
0.22 0 0.27 0.13287355476353993
0.22 0 0.28 0.40416954563290375
0.22 0 0.29 0.8800875009556824
0.22 0 0.3 1.561537483592171
0.22 0 0.31 2.50373173941143
0.22 0 0.32 1.5855031106146635
0.22 0 0.33 0.9899277363004623
0.22 0 0.34 1.714852551441705
0.22 0 0.35000000000000003 1.3380841152188165
0.22 0 0.36 0.6454290489266546
0.22 0 0.37 0.5482166503073792
0.22 0 0.38 0.22300327404711479
0.22 0 0.39 0.34950009303753105
0.22 0 0.4 1.1167172075274907
0.22 0 0.41000000000000003 3.544608280939047
0.22 0 0.42 0.9365200044392271
0.22 0 0.43 0.20473227978420425
0.22 0 0.44 0.06602142496402373
0.22 0 0.45 0.4082995391973947
0.22 0 0.46 0.46320238178557227
0.22 0 0.47000000000000003 0.2537556685879007
0.22 0 0.48 0.13101470244203445
0.22 0 0.49 0.14485485200806422
0.22 0 0.5 0.13016478389580685
0.23 0 0.0 0.07733152532089545
0.23 0 0.01 0.3124663200120103
0.23 0 0.02 0.31535297274791957
0.23 0 0.03 0.43616914962866427
0.23 0 0.04 0.3079520537658444
0.23 0 0.05 0.2378395093133509
0.23 0 0.06 0.13710158960440438
0.23 0 0.07 0.23853206963853882
0.23 0 0.08 0.12494984521794883
0.23 0 0.09 0.04800122420912606
0.23 0 0.1 0.037998022391412554
0.23 0 0.11 0.08108984914330701
0.23 0 0.12 0.07267128623915445
0.23 0 0.13 0.0853007787886735
0.23 0 0.14 0.07609925654695959
0.23 0 0.15 0.07441650588054144
0.23 0 0.16 0.20042377524128352
0.23 0 0.17 0.5687631609567648
0.23 0 0.18 0.5639856776867852
0.23 0 0.19 0.19104498488826632
0.23 0 0.2 0.3339470509153443
0.23 0 0.21 0.27879107690299865
0.23 0 0.22 0.26038042737457545
0.23 0 0.23 0.14278892605754476
0.23 0 0.24 0.5078735225773742
0.23 0 0.25 0.18182665536416404
0.23 0 0.26 0.28189699322106054
0.23 0 0.27 0.34316350276201363
0.23 0 0.28 0.730447674922541
0.23 0 0.29 0.9850723809818911
0.23 0 0.3 4.758521582361857
0.23 0 0.31 5.0276386424748765
0.23 0 0.32 5.3813598117862504
0.23 0 0.33 4.942417582975566
0.23 0 0.34 8.379146566577909
0.23 0 0.35000000000000003 9.948467554700903
0.23 0 0.36 10.857635466702016
0.23 0 0.37 18.858713904265453
0.23 0 0.38 15.533801822476459
0.23 0 0.39 24.15021498795659
0.23 0 0.4 9.082491156876353
0.23 0 0.41000000000000003 14.504834000191595
0.23 0 0.42 4.576539902998648
0.23 0 0.43 1.9455104307334163
0.23 0 0.44 0.48475955877441446
0.23 0 0.45 1.2478187455294705
0.23 0 0.46 1.1568005176921543
0.23 0 0.47000000000000003 1.550788123832446
0.23 0 0.48 0.6375003041499379
0.23 0 0.49 0.3257477912292918
0.23 0 0.5 0.18309728897503216
0.24 0 0.0 0.3271849065200516
0.24 0 0.01 0.2624329055508039
0.24 0 0.02 0.1533782374532092
0.24 0 0.03 0.11424068092603094
0.24 0 0.04 0.19235207018669825
0.24 0 0.05 0.142954904760431
0.24 0 0.06 0.16850058703099954
0.24 0 0.07 0.050448293597911184
0.24 0 0.08 0.1339378486008078
0.24 0 0.09 0.04815971360982065
0.24 0 0.1 0.03718145803292014
0.24 0 0.11 0.036175394966478
0.24 0 0.12 0.11831291929525366
0.24 0 0.13 0.08954364199154197
0.24 0 0.14 0.10855526232121858
0.24 0 0.15 0.22014711376858653
0.24 0 0.16 0.37541896938922115
0.24 0 0.17 0.9515436302094443
0.24 0 0.18 0.8715560421489665
0.24 0 0.19 0.2718689881465329
0.24 0 0.2 0.15632013949503087
0.24 0 0.21 0.6232110571551372
0.24 0 0.22 0.40202496407464045
0.24 0 0.23 0.38355267911454693
0.24 0 0.24 0.4097109809436869
0.24 0 0.25 0.39943562276342515
0.24 0 0.26 0.5002646713263033
0.24 0 0.27 4.332149449100759
0.24 0 0.28 6.927554061555868
0.24 0 0.29 7.0850473752548515
0.24 0 0.3 3.6289102612405757
0.24 0 0.31 2.2138624195940393
0.24 0 0.32 1.7559732260460699
0.24 0 0.33 5.445398341924186
0.24 0 0.34 9.043561233068003
0.24 0 0.35000000000000003 2.8057209578456956
0.24 0 0.36 1.9186174551826616
0.24 0 0.37 1.2998771677573608
0.24 0 0.38 7.09892581496471
0.24 0 0.39 5.446127094916493
0.24 0 0.4 6.172669812937195
0.24 0 0.41000000000000003 5.181683726918785
0.24 0 0.42 23.518537798212492
0.24 0 0.43 10.847162708231552
0.24 0 0.44 20.459683049898207
0.24 0 0.45 6.0265179177873085
0.24 0 0.46 5.899032225313805
0.24 0 0.47000000000000003 1.1999287247366608
0.24 0 0.48 1.4879486235727264
0.24 0 0.49 0.4064463751404971
0.24 0 0.5 0.3040743713271953
0.25 0 0.0 0.20484627602403896
0.25 0 0.01 0.28492733821588184
0.25 0 0.02 0.06581365181800315
0.25 0 0.03 0.055495201615108944
0.25 0 0.04 0.028966721002960206
0.25 0 0.05 0.09273289328401281
0.25 0 0.06 0.06282574935870966
0.25 0 0.07 0.24900051747285804
0.25 0 0.08 0.8057592532934037
0.25 0 0.09 1.0528900936203116
0.25 0 0.1 2.018362499343616
0.25 0 0.11 5.332886137735333
0.25 0 0.12 2.9116356710020903
0.25 0 0.13 1.6057025714920599
0.25 0 0.14 0.703072848977722
0.25 0 0.15 0.6180643218807819
0.25 0 0.16 0.4581644427932553
0.25 0 0.17 1.7224375906201823
0.25 0 0.18 1.9549750608017094
0.25 0 0.19 0.8664041453540637
0.25 0 0.2 0.6908633847243781
0.25 0 0.21 0.6971890059609951
0.25 0 0.22 2.4379394926537574
0.25 0 0.23 2.179403111182736
0.25 0 0.24 2.3971042338470308
0.25 0 0.25 2.5836388202312954
0.25 0 0.26 6.673489990819949
0.25 0 0.27 6.634724054150156
0.25 0 0.28 20.08817524661363
0.25 0 0.29 27.206470307212545
0.25 0 0.3 7.338985233672512
0.25 0 0.31 1.9659852728909142
0.25 0 0.32 0.9198976955098124
0.25 0 0.33 1.6146014827609636
0.25 0 0.34 2.905722634302473
0.25 0 0.35000000000000003 2.842499170153485
0.25 0 0.36 0.417312188834497
0.25 0 0.37 0.2538808185780546
0.25 0 0.38 0.7665905522014962
0.25 0 0.39 2.8748141418593005
0.25 0 0.4 3.758911058424351
0.25 0 0.41000000000000003 10.24545754587418
0.25 0 0.42 6.250784721435331
0.25 0 0.43 14.960886709578652
0.25 0 0.44 13.843364579948263
0.25 0 0.45 20.43040636607384
0.25 0 0.46 7.414477061377736
0.25 0 0.47000000000000003 3.607344622825554
0.25 0 0.48 0.8351400110575384
0.25 0 0.49 0.7514392636634201
0.25 0 0.5 0.9330219695736517
0.26 0 0.0 1.048647477030541
0.26 0 0.01 1.5592308165503117
0.26 0 0.02 0.7616630229621838
0.26 0 0.03 0.4647411310101259
0.26 0 0.04 0.06860027811690655
0.26 0 0.05 0.21036905173299297
0.26 0 0.06 0.14688434807398598
0.26 0 0.07 0.26065436138167813
0.26 0 0.08 1.0291118003939064
0.26 0 0.09 1.071063477202546
0.26 0 0.1 0.8751940876029108
0.26 0 0.11 0.4426454078198506
0.26 0 0.12 0.3552564006798547
0.26 0 0.13 0.10044530664348382
0.26 0 0.14 0.13774031399360495
0.26 0 0.15 0.7489671296833341
0.26 0 0.16 0.5594223923158202
0.26 0 0.17 0.9413891469208402
0.26 0 0.18 1.2546677507733255
0.26 0 0.19 2.154614870855053
0.26 0 0.2 2.761805850259595
0.26 0 0.21 3.207988892692143
0.26 0 0.22 6.595792994288708
0.26 0 0.23 3.000858297532861
0.26 0 0.24 2.6326679298243802
0.26 0 0.25 4.636935866632211
0.26 0 0.26 6.447393659441001
0.26 0 0.27 9.503592781934719
0.26 0 0.28 11.125344031249657
0.26 0 0.29 7.573230022757863
0.26 0 0.3 1.0926567144532047
0.26 0 0.31 0.9680081711288712
0.26 0 0.32 0.627319761813643
0.26 0 0.33 0.7855698826547869
0.26 0 0.34 1.53674252349103
0.26 0 0.35000000000000003 3.689745773715845
0.26 0 0.36 2.2832594267904023
0.26 0 0.37 0.9897961711078158
0.26 0 0.38 0.417961684334296
0.26 0 0.39 0.24908377324461053
0.26 0 0.4 0.3297330110305951
0.26 0 0.41000000000000003 0.46940440302518577
0.26 0 0.42 0.4941946559165125
0.26 0 0.43 1.322318276096615
0.26 0 0.44 1.2603408533335485
0.26 0 0.45 1.9792670997343473
0.26 0 0.46 1.2936561789351853
0.26 0 0.47000000000000003 0.8432737939485219
0.26 0 0.48 0.38090658986331805
0.26 0 0.49 0.47106229135391775
0.26 0 0.5 1.454558533913948
0.27 0 0.0 2.5804855922431416
0.27 0 0.01 0.9972036296338149
0.27 0 0.02 0.38550846183890103
0.27 0 0.03 0.14276889194968864
0.27 0 0.04 0.13815857965450673
0.27 0 0.05 0.31695633748789326
0.27 0 0.06 0.8243492809974443
0.27 0 0.07 0.4407926169936698
0.27 0 0.08 0.3136338876226151
0.27 0 0.09 0.1676852715979509
0.27 0 0.1 0.7802261371205333
0.27 0 0.11 0.1467875568674856
0.27 0 0.12 0.1813525541326609
0.27 0 0.13 0.08023396512184722
0.27 0 0.14 0.11103195374070403
0.27 0 0.15 0.40406450252881426
0.27 0 0.16 0.5808762513661488
0.27 0 0.17 0.7361818303061936
0.27 0 0.18 1.0100111773130473
0.27 0 0.19 3.18673283063373
0.27 0 0.2 2.460636384758072
0.27 0 0.21 3.667200612031197
0.27 0 0.22 12.17693386319741
0.27 0 0.23 1.5654470571881782
0.27 0 0.24 0.654431736854145
0.27 0 0.25 1.4752484434293098
0.27 0 0.26 3.863073800076177
0.27 0 0.27 7.860319300546823
0.27 0 0.28 4.5354729293162634
0.27 0 0.29 2.601838093735407
0.27 0 0.3 0.4993979388117152
0.27 0 0.31 1.154244107929734
0.27 0 0.32 2.2786226800237084
0.27 0 0.33 2.1077324389104835
0.27 0 0.34 1.7075237272452515
0.27 0 0.35000000000000003 0.6340105507775544
0.27 0 0.36 0.7352341649040119
0.27 0 0.37 0.17279483876426227
0.27 0 0.38 0.08514405066573992
0.27 0 0.39 0.04262765913043656
0.27 0 0.4 0.07380039597177175
0.27 0 0.41000000000000003 0.017984497202563322
0.27 0 0.42 0.017585227782837234
0.27 0 0.43 0.017118666300355242
0.27 0 0.44 0.02207100616248422
0.27 0 0.45 0.03332728734443481
0.27 0 0.46 0.051885035912569974
0.27 0 0.47000000000000003 0.022420163819326305
0.27 0 0.48 0.039895072791375746
0.27 0 0.49 0.07051319780978427
0.27 0 0.5 0.26027231814726515
0.28 0 0.0 1.0560152702417682
0.28 0 0.01 1.0882618480981392
0.28 0 0.02 0.8035395259080852
0.28 0 0.03 0.7430877511686902
0.28 0 0.04 0.2703425456660268
0.28 0 0.05 0.9022370933977277
0.28 0 0.06 0.7198214522370743
0.28 0 0.07 0.6583952998891449
0.28 0 0.08 0.3282211504455925
0.28 0 0.09 0.3022027645791264
0.28 0 0.1 0.3832264590215749
0.28 0 0.11 0.5421086437290559
0.28 0 0.12 0.7134319673631793
0.28 0 0.13 1.1000466441546635
0.28 0 0.14 0.7544895653384776
0.28 0 0.15 3.1431364303145566
0.28 0 0.16 1.741293944941568
0.28 0 0.17 1.7594199900347771
0.28 0 0.18 0.5866186848963765
0.28 0 0.19 1.0249355391845798
0.28 0 0.2 0.5678583547668659
0.28 0 0.21 0.23476947046331176
0.28 0 0.22 0.47427007158225026
0.28 0 0.23 0.1458108065306293
0.28 0 0.24 0.15567895750531413
0.28 0 0.25 0.03687109049882066
0.28 0 0.26 0.17602634987143745
0.28 0 0.27 0.3289741346772039
0.28 0 0.28 0.2617965133253341
0.28 0 0.29 0.15577011791126655
0.28 0 0.3 0.0660081700317905
0.28 0 0.31 0.06450268723059584
0.28 0 0.32 0.20274251125200615
0.28 0 0.33 0.13817465433886
0.28 0 0.34 0.09252044981731236
0.28 0 0.35000000000000003 0.05677301707500715
0.28 0 0.36 0.2707773892322858
0.28 0 0.37 0.08953544697867051
0.28 0 0.38 0.1299291864578105
0.28 0 0.39 0.2199750309669347
0.28 0 0.4 0.11785638276750768
0.28 0 0.41000000000000003 0.09407504126255667
0.28 0 0.42 0.12605945884235326
0.28 0 0.43 0.718835549962592
0.28 0 0.44 0.8595170872595636
0.28 0 0.45 1.4886680511013275
0.28 0 0.46 0.7481834611704782
0.28 0 0.47000000000000003 0.6704162615855097
0.28 0 0.48 0.5357764080378583
0.28 0 0.49 0.4795992836307888
0.28 0 0.5 0.4666177844820887
0.29 0 0.0 0.03216408377749977
0.29 0 0.01 0.022574905039706567
0.29 0 0.02 0.007935952695589416
0.29 0 0.03 0.04455905987190413
0.29 0 0.04 0.014435340775775355
0.29 0 0.05 0.027055391994207735
0.29 0 0.06 0.0633114368797982
0.29 0 0.07 0.033581928032837875
0.29 0 0.08 0.08021377520718467
0.29 0 0.09 0.11920003102006202
0.29 0 0.1 0.23718225283977618
0.29 0 0.11 0.039897980407070884
0.29 0 0.12 0.18770909667091326
0.29 0 0.13 0.4098569642456527
0.29 0 0.14 0.9793791416258365
0.29 0 0.15 2.0502536750196114
0.29 0 0.16 2.70094264035096
0.29 0 0.17 2.082398778104429
0.29 0 0.18 2.16597002010915
0.29 0 0.19 5.162860597157426
0.29 0 0.2 5.66849563839524
0.29 0 0.21 2.4649946266834517
0.29 0 0.22 1.747530782945864
0.29 0 0.23 0.5075449894106592
0.29 0 0.24 0.1606868108767819
0.29 0 0.25 0.07848423879350337
0.29 0 0.26 0.12749725850694194
0.29 0 0.27 0.4828938703774056
0.29 0 0.28 0.11868972752309069
0.29 0 0.29 0.3170964526501736
0.29 0 0.3 0.038754816494947227
0.29 0 0.31 0.10643447838124323
0.29 0 0.32 0.129019746622608
0.29 0 0.33 0.7845120524150225
0.29 0 0.34 0.2763482109927198
0.29 0 0.35000000000000003 0.3194340242543365
0.29 0 0.36 0.7501001270656854
0.29 0 0.37 0.41879855405825456
0.29 0 0.38 0.35231477184931875
0.29 0 0.39 0.6581223984118517
0.29 0 0.4 0.45955302132047554
0.29 0 0.41000000000000003 1.1451304537397142
0.29 0 0.42 0.6950540585178034
0.29 0 0.43 2.2231979481501565
0.29 0 0.44 3.2186146218076215
0.29 0 0.45 3.649160784120242
0.29 0 0.46 1.3380168069148817
0.29 0 0.47000000000000003 0.529228152501176
0.29 0 0.48 0.7852141023537705
0.29 0 0.49 0.4035460637309824
0.29 0 0.5 0.5194944098012279
0.3 0 0.0 0.03553653059065259
0.3 0 0.01 0.03914762676642287
0.3 0 0.02 0.1510653829194474
0.3 0 0.03 0.6258611439642597
0.3 0 0.04 0.34617132948435186
0.3 0 0.05 0.25105131413161796
0.3 0 0.06 0.19510312151780143
0.3 0 0.07 0.139856498724022
0.3 0 0.08 0.571010750133308
0.3 0 0.09 0.3967237112772605
0.3 0 0.1 0.692857958444687
0.3 0 0.11 0.7454939171563059
0.3 0 0.12 2.5419843845509202
0.3 0 0.13 8.473169727462293
0.3 0 0.14 8.226867122352003
0.3 0 0.15 13.173154526747357
0.3 0 0.16 5.3367913287611985
0.3 0 0.17 4.292153326707393
0.3 0 0.18 0.7854950164796143
0.3 0 0.19 2.198722945812415
0.3 0 0.2 6.521013539775737
0.3 0 0.21 2.0335957423695277
0.3 0 0.22 1.8366027570247994
0.3 0 0.23 2.603383957043291
0.3 0 0.24 2.890829297918765
0.3 0 0.25 1.7350634687048088
0.3 0 0.26 3.999044083750913
0.3 0 0.27 3.3176177356811745
0.3 0 0.28 0.9630233875415484
0.3 0 0.29 0.9079641695186694
0.3 0 0.3 0.47820881561295564
0.3 0 0.31 0.46907608589947375
0.3 0 0.32 0.6403373224373787
0.3 0 0.33 0.9578651102865525
0.3 0 0.34 2.06955763246869
0.3 0 0.35000000000000003 0.5518270038915621
0.3 0 0.36 1.3728527249049571
0.3 0 0.37 0.3906939814779239
0.3 0 0.38 0.49394922288024423
0.3 0 0.39 0.13309844713516386
0.3 0 0.4 0.1625828069825611
0.3 0 0.41000000000000003 0.1792426514592624
0.3 0 0.42 0.10321447345065222
0.3 0 0.43 0.31201502439835926
0.3 0 0.44 0.21834716458104428
0.3 0 0.45 0.33272890925912163
0.3 0 0.46 0.7234203345190738
0.3 0 0.47000000000000003 0.500972629115194
0.3 0 0.48 0.18546731077302037
0.3 0 0.49 0.11705253945677807
0.3 0 0.5 0.3053595186340132
#STOP
