#MEDIUM_PROPERTIES_DISTRIBUTED
$MSH_TYPE
	 GROUNDWATER_FLOW	
$MMP_TYPE
	 PERMEABILITY	
$DIS_TYPE
	 NEAREST_VALUE	
;hj
$CONVERSION_FACTOR
2e-8;2e-6;2e-13
$DATA
0.0 0 0.0 0.22493398095709063
0.0 0 0.01 0.6176052754299678
0.0 0 0.02 0.5735093882456083
0.0 0 0.03 0.7809954380429194
0.0 0 0.04 0.23323456620089653
0.0 0 0.05 0.5444260334958648
0.0 0 0.06 0.24400227171412484
0.0 0 0.07 0.35935168051601496
0.0 0 0.08 0.4921295084693469
0.0 0 0.09 0.36246334229185234
0.0 0 0.1 0.4328470886766169
0.0 0 0.11 0.6180133935187111
0.0 0 0.12 0.4274181711402269
0.0 0 0.13 0.10285630426904595
0.0 0 0.14 0.18409789442228067
0.0 0 0.15 0.12840331746498262
0.0 0 0.16 0.40628321274757434
0.0 0 0.17 0.13074167912495915
0.0 0 0.18 0.16948568998473734
0.0 0 0.19 0.1471008536203168
0.0 0 0.2 0.2236996122601067
0.0 0 0.21 0.09411494358701565
0.0 0 0.22 0.0917702263211725
0.0 0 0.23 0.05006627089813973
0.0 0 0.24 0.049807382716159095
0.0 0 0.25 0.07123116448196008
0.0 0 0.26 0.060192854025001095
0.0 0 0.27 0.061535515163022164
0.0 0 0.28 0.05463577396727702
0.0 0 0.29 0.05064782243591241
0.0 0 0.3 0.055200930095719934
0.0 0 0.31 0.06403856882291448
0.0 0 0.32 0.11674096756259704
0.0 0 0.33 0.17780598136219003
0.0 0 0.34 0.24066351758366084
0.0 0 0.35000000000000003 0.1839666046568385
0.0 0 0.36 0.10974868715024502
0.0 0 0.37 0.11814680205736877
0.0 0 0.38 0.15619481407801522
0.0 0 0.39 0.17220886454128653
0.0 0 0.4 0.13988201157155974
0.0 0 0.41000000000000003 0.1540068268349744
0.0 0 0.42 0.13485036806415873
0.0 0 0.43 0.2050504700504904
0.0 0 0.44 0.1311894079038122
0.0 0 0.45 0.0875032355345791
0.0 0 0.46 0.06698733995296592
0.0 0 0.47000000000000003 0.07267991632733814
0.0 0 0.48 0.09441929887499213
0.0 0 0.49 0.3000742115027822
0.0 0 0.5 0.14483333513220176
0.01 0 0.0 2.5631417871231847
0.01 0 0.01 1.6805410224345907
0.01 0 0.02 1.8742218137464324
0.01 0 0.03 7.107758846025952
0.01 0 0.04 9.240749809734146
0.01 0 0.05 6.121667055102179
0.01 0 0.06 2.544184857444098
0.01 0 0.07 7.155907569917121
0.01 0 0.08 7.240482472039526
0.01 0 0.09 22.599280492803985
0.01 0 0.1 11.987369399301816
0.01 0 0.11 5.375545691242303
0.01 0 0.12 3.5280212390978343
0.01 0 0.13 7.692552658831336
0.01 0 0.14 5.074668983749061
0.01 0 0.15 2.96115226503156
0.01 0 0.16 0.8800814352984107
0.01 0 0.17 0.4513353543318918
0.01 0 0.18 0.9287658611084324
0.01 0 0.19 0.6203735273197895
0.01 0 0.2 0.5880832008750237
0.01 0 0.21 0.5153195313443201
0.01 0 0.22 0.3774720292339289
0.01 0 0.23 0.22994628879927412
0.01 0 0.24 0.2404678632964912
0.01 0 0.25 0.22075364751204302
0.01 0 0.26 0.13554666983767366
0.01 0 0.27 0.16144733592913751
0.01 0 0.28 0.06781652001591695
0.01 0 0.29 0.19031537270851628
0.01 0 0.3 0.09219456962388727
0.01 0 0.31 0.11385438346429658
0.01 0 0.32 0.08867952338065202
0.01 0 0.33 0.10568340051868146
0.01 0 0.34 0.06936288491504082
0.01 0 0.35000000000000003 0.12465218210682937
0.01 0 0.36 0.12878512717407917
0.01 0 0.37 0.09408032563153167
0.01 0 0.38 0.08121978083774302
0.01 0 0.39 0.054022040668525874
0.01 0 0.4 0.11651402762944431
0.01 0 0.41000000000000003 0.13103414579878284
0.01 0 0.42 0.14143890996202246
0.01 0 0.43 0.09564623980231461
0.01 0 0.44 0.15777257947767745
0.01 0 0.45 0.09512250073486903
0.01 0 0.46 0.13638366224077375
0.01 0 0.47000000000000003 0.1307563123245277
0.01 0 0.48 0.15168631926446158
0.01 0 0.49 0.05342102562108077
0.01 0 0.5 0.05610599220338292
0.02 0 0.0 2.0695515597485117
0.02 0 0.01 1.2981532231578048
0.02 0 0.02 1.11605645665048
0.02 0 0.03 0.6505499428987072
0.02 0 0.04 0.3325130807474683
0.02 0 0.05 0.36934839758042814
0.02 0 0.06 0.5612005810642449
0.02 0 0.07 0.7801525836161478
0.02 0 0.08 0.2618726472369107
0.02 0 0.09 0.2061511782199931
0.02 0 0.1 0.3210438737275388
0.02 0 0.11 0.6904188133018875
0.02 0 0.12 0.4148685499810152
0.02 0 0.13 0.4205805140823187
0.02 0 0.14 0.5637467639841912
0.02 0 0.15 0.36980669415713524
0.02 0 0.16 0.3240585037818361
0.02 0 0.17 0.19801379876580752
0.02 0 0.18 0.11238049884777693
0.02 0 0.19 0.07312012260099403
0.02 0 0.2 0.18556806222621902
0.02 0 0.21 0.11773268106805129
0.02 0 0.22 0.2695448872173215
0.02 0 0.23 0.11218454819617367
0.02 0 0.24 0.11620072094247394
0.02 0 0.25 0.08960619896755846
0.02 0 0.26 0.1266197291800251
0.02 0 0.27 0.031187548935722797
0.02 0 0.28 0.025572136436256266
0.02 0 0.29 0.028809258075400655
0.02 0 0.3 0.041980519179114856
0.02 0 0.31 0.08206173611245003
0.02 0 0.32 0.054036188214281515
0.02 0 0.33 0.048549123970547406
0.02 0 0.34 0.016037753047373586
0.02 0 0.35000000000000003 0.015346338675087669
0.02 0 0.36 0.022865478350058557
0.02 0 0.37 0.043956301363034515
0.02 0 0.38 0.016079210445745017
0.02 0 0.39 0.01585176575753708
0.02 0 0.4 0.017765988318233693
0.02 0 0.41000000000000003 0.010605136385415895
0.02 0 0.42 0.015731389977142754
0.02 0 0.43 0.013135921769232586
0.02 0 0.44 0.02333216687699123
0.02 0 0.45 0.02479295115353538
0.02 0 0.46 0.052102591963460815
0.02 0 0.47000000000000003 0.04093762194401789
0.02 0 0.48 0.08940875863866035
0.02 0 0.49 0.052603041356687
0.02 0 0.5 0.05688412405513443
0.03 0 0.0 1.2409802752252668
0.03 0 0.01 1.1244444763730057
0.03 0 0.02 1.7502158329810722
0.03 0 0.03 1.5693113343263432
0.03 0 0.04 1.1657531077621468
0.03 0 0.05 0.4761649784251365
0.03 0 0.06 0.417222650383727
0.03 0 0.07 0.5014188223349713
0.03 0 0.08 0.9500454214893084
0.03 0 0.09 1.2416674482917258
0.03 0 0.1 1.0863465635114848
0.03 0 0.11 1.2358628293296385
0.03 0 0.12 0.8961693643182195
0.03 0 0.13 1.2865324371395064
0.03 0 0.14 1.0919719659831508
0.03 0 0.15 1.264104876314648
0.03 0 0.16 0.9072134774149583
0.03 0 0.17 1.388488100727118
0.03 0 0.18 1.574448183220368
0.03 0 0.19 1.1487912503487083
0.03 0 0.2 0.4625131263936702
0.03 0 0.21 0.3057087660367381
0.03 0 0.22 0.2500728468646115
0.03 0 0.23 0.2812679659657385
0.03 0 0.24 0.4222362276590087
0.03 0 0.25 0.21196613533772607
0.03 0 0.26 0.1356144750857874
0.03 0 0.27 0.13987531937783954
0.03 0 0.28 0.1282577170315505
0.03 0 0.29 0.1306517280267473
0.03 0 0.3 0.08799193762521355
0.03 0 0.31 0.029117863032859966
0.03 0 0.32 0.02679098692586793
0.03 0 0.33 0.05339150870740819
0.03 0 0.34 0.0386276921617759
0.03 0 0.35000000000000003 0.04742474686013462
0.03 0 0.36 0.01999042634912398
0.03 0 0.37 0.016578488836456514
0.03 0 0.38 0.012900557026055018
0.03 0 0.39 0.03566689805293749
0.03 0 0.4 0.02954932242636354
0.03 0 0.41000000000000003 0.09796682238093431
0.03 0 0.42 0.10723196402545798
0.03 0 0.43 0.21024167585445633
0.03 0 0.44 0.14158071558334628
0.03 0 0.45 0.07495931937871204
0.03 0 0.46 0.14508651308579876
0.03 0 0.47000000000000003 0.14951168705159254
0.03 0 0.48 0.10859432407109029
0.03 0 0.49 0.06458771766938451
0.03 0 0.5 0.08672720951699903
0.04 0 0.0 0.4681255490536131
0.04 0 0.01 1.087658968046098
0.04 0 0.02 1.2517554012135017
0.04 0 0.03 1.0546647807481109
0.04 0 0.04 1.0934684059854887
0.04 0 0.05 3.0750325875393014
0.04 0 0.06 3.1497409153612805
0.04 0 0.07 2.828536991777031
0.04 0 0.08 2.0083607749082586
0.04 0 0.09 0.66237168099565
0.04 0 0.1 0.8332217999740668
0.04 0 0.11 0.6206227782765358
0.04 0 0.12 1.0137159268835079
0.04 0 0.13 0.9756716416095729
0.04 0 0.14 0.5407812475798613
0.04 0 0.15 0.330172313197214
0.04 0 0.16 0.404997291442526
0.04 0 0.17 0.4864475014803322
0.04 0 0.18 0.2911948728534497
0.04 0 0.19 0.16272988179160242
0.04 0 0.2 0.08844872071074844
0.04 0 0.21 0.12547954047936463
0.04 0 0.22 0.08921198170747242
0.04 0 0.23 0.05750525297303363
0.04 0 0.24 0.057291292329419416
0.04 0 0.25 0.055402065400829516
0.04 0 0.26 0.06477549717889403
0.04 0 0.27 0.13524997520756168
0.04 0 0.28 0.27046560610254344
0.04 0 0.29 0.21427007359123326
0.04 0 0.3 0.1629063629807335
0.04 0 0.31 0.20230865234582576
0.04 0 0.32 0.1847495141003959
0.04 0 0.33 0.05898320202170903
0.04 0 0.34 0.09630289886765117
0.04 0 0.35000000000000003 0.11744020054532274
0.04 0 0.36 0.17389704686862675
0.04 0 0.37 0.08364890820026027
0.04 0 0.38 0.07417073212491533
0.04 0 0.39 0.0690825373788723
0.04 0 0.4 0.13781855680282393
0.04 0 0.41000000000000003 0.0898411949487729
0.04 0 0.42 0.11647351443872105
0.04 0 0.43 0.2574986706094674
0.04 0 0.44 0.2981374150055998
0.04 0 0.45 0.6071806097639787
0.04 0 0.46 0.7191875219966649
0.04 0 0.47000000000000003 0.42043820497713386
0.04 0 0.48 0.2835560065638057
0.04 0 0.49 0.216037720263451
0.04 0 0.5 0.20685799468705782
0.05 0 0.0 0.6486255471011293
0.05 0 0.01 0.9801263967555534
0.05 0 0.02 0.6820601273873659
0.05 0 0.03 1.4898573947303535
0.05 0 0.04 1.2000211144708288
0.05 0 0.05 2.166782247941498
0.05 0 0.06 2.3898229651752403
0.05 0 0.07 2.0038213888798073
0.05 0 0.08 0.6002430354110532
0.05 0 0.09 0.6236335234272389
0.05 0 0.1 0.5196209722309855
0.05 0 0.11 0.19365742140183387
0.05 0 0.12 0.31828758756180914
0.05 0 0.13 0.18855060365094783
0.05 0 0.14 0.5260605055257668
0.05 0 0.15 0.24147496910068553
0.05 0 0.16 0.2206673671225621
0.05 0 0.17 0.15400810824572242
0.05 0 0.18 0.26647640766521147
0.05 0 0.19 0.11612889937264606
0.05 0 0.2 0.14532706858181058
0.05 0 0.21 0.07782080966898283
0.05 0 0.22 0.028874689700754703
0.05 0 0.23 0.05297944766552658
0.05 0 0.24 0.07701037297810316
0.05 0 0.25 0.07044896546106724
0.05 0 0.26 0.02743426693838684
0.05 0 0.27 0.021275383781645417
0.05 0 0.28 0.025422924723213138
0.05 0 0.29 0.07383613357026123
0.05 0 0.3 0.03216264732491754
0.05 0 0.31 0.03574641663209418
0.05 0 0.32 0.0320395730301053
0.05 0 0.33 0.06109442895681745
0.05 0 0.34 0.07720338241267004
0.05 0 0.35000000000000003 0.08857496298577495
0.05 0 0.36 0.05421469850664021
0.05 0 0.37 0.06895028606426543
0.05 0 0.38 0.10529056044634154
0.05 0 0.39 0.1032156359291964
0.05 0 0.4 0.10130156248940403
0.05 0 0.41000000000000003 0.058104135706034364
0.05 0 0.42 0.0592035554275486
0.05 0 0.43 0.05912565147159582
0.05 0 0.44 0.12865165803670067
0.05 0 0.45 0.16375819476120318
0.05 0 0.46 0.20248891032387997
0.05 0 0.47000000000000003 0.24950731945957638
0.05 0 0.48 0.20789924018096914
0.05 0 0.49 0.190377702443275
0.05 0 0.5 0.253932189270817
0.06 0 0.0 0.1362543909135717
0.06 0 0.01 0.12186431264156364
0.06 0 0.02 0.1373554576889948
0.06 0 0.03 0.23825617995597262
0.06 0 0.04 0.29616237636192877
0.06 0 0.05 0.5789582503388628
0.06 0 0.06 0.17720099908618592
0.06 0 0.07 0.22153395034097426
0.06 0 0.08 0.13945185640999097
0.06 0 0.09 0.23481215359461122
0.06 0 0.1 0.1314315364235293
0.06 0 0.11 0.20594678687121595
0.06 0 0.12 0.07904216839491023
0.06 0 0.13 0.060579743167765494
0.06 0 0.14 0.04022033484409364
0.06 0 0.15 0.046817369964760755
0.06 0 0.16 0.145910691992994
0.06 0 0.17 0.13281128798988381
0.06 0 0.18 0.1118714468659609
0.06 0 0.19 0.08001051010096065
0.06 0 0.2 0.1476876395364487
0.06 0 0.21 0.2087082677439779
0.06 0 0.22 0.7070771341573624
0.06 0 0.23 0.45217020062128427
0.06 0 0.24 0.2947005313655382
0.06 0 0.25 0.36552940504426157
0.06 0 0.26 0.5386972091483961
0.06 0 0.27 1.0350853432320186
0.06 0 0.28 0.291502524589786
0.06 0 0.29 0.08599956352237288
0.06 0 0.3 0.07420797854560152
0.06 0 0.31 0.16400373838348864
0.06 0 0.32 0.05901698901569638
0.06 0 0.33 0.06592716749125684
0.06 0 0.34 0.05364028926525006
0.06 0 0.35000000000000003 0.053036681711542126
0.06 0 0.36 0.0805837588869747
0.06 0 0.37 0.08386989694434151
0.06 0 0.38 0.08711426575058662
0.06 0 0.39 0.10972357986347829
0.06 0 0.4 0.17040903644901417
0.06 0 0.41000000000000003 0.2930324259840415
0.06 0 0.42 0.7024451291444966
0.06 0 0.43 0.3277356665771108
0.06 0 0.44 0.3004824872101629
0.06 0 0.45 0.23277717699223807
0.06 0 0.46 0.2734733007625898
0.06 0 0.47000000000000003 0.1876418594262525
0.06 0 0.48 0.22945869305923022
0.06 0 0.49 0.20910292326258387
0.06 0 0.5 0.19550875763385003
0.07 0 0.0 0.029245636158391482
0.07 0 0.01 0.03118968336295339
0.07 0 0.02 0.03574053546877377
0.07 0 0.03 0.011844487554545924
0.07 0 0.04 0.007774386118760102
0.07 0 0.05 0.01213573733944974
0.07 0 0.06 0.014059573534113131
0.07 0 0.07 0.008052707046510217
0.07 0 0.08 0.009270726339306454
0.07 0 0.09 0.01895364072003999
0.07 0 0.1 0.022377547214309505
0.07 0 0.11 0.040770823107817135
0.07 0 0.12 0.10558163722259137
0.07 0 0.13 0.11717083786100287
0.07 0 0.14 0.11775602449468299
0.07 0 0.15 0.2427865095706125
0.07 0 0.16 0.29798216339063555
0.07 0 0.17 0.17273160868003554
0.07 0 0.18 0.22190556782154094
0.07 0 0.19 0.29880105960728653
0.07 0 0.2 0.5166098114406803
0.07 0 0.21 0.22177904586006342
0.07 0 0.22 0.1586074841204442
0.07 0 0.23 0.13749278125442024
0.07 0 0.24 0.3063903422188128
0.07 0 0.25 0.1494789606095142
0.07 0 0.26 0.21622388538958992
0.07 0 0.27 0.22399682853602765
0.07 0 0.28 0.3771246389651954
0.07 0 0.29 0.4409819304804059
0.07 0 0.3 0.19975399086430137
0.07 0 0.31 0.2340929290118722
0.07 0 0.32 0.23037874394768362
0.07 0 0.33 0.23329017333343013
0.07 0 0.34 0.13826402444579236
0.07 0 0.35000000000000003 0.1750880548737234
0.07 0 0.36 0.06992464757798002
0.07 0 0.37 0.16310262777371862
0.07 0 0.38 0.6355884429696415
0.07 0 0.39 0.7648318460846909
0.07 0 0.4 0.7466624624265497
0.07 0 0.41000000000000003 0.6565251183746179
0.07 0 0.42 1.1145726045955462
0.07 0 0.43 1.977086266207917
0.07 0 0.44 3.195461474916011
0.07 0 0.45 1.4940802281627363
0.07 0 0.46 2.0608284489419573
0.07 0 0.47000000000000003 0.8131055480491702
0.07 0 0.48 1.028029149577626
0.07 0 0.49 1.1857081934306208
0.07 0 0.5 2.025705677427089
0.08 0 0.0 0.0966819029203925
0.08 0 0.01 0.09602427223913382
0.08 0 0.02 0.07684380050267109
0.08 0 0.03 0.06036873065610732
0.08 0 0.04 0.08659382939764279
0.08 0 0.05 0.032708193127517854
0.08 0 0.06 0.026565171406872975
0.08 0 0.07 0.04852416057392029
0.08 0 0.08 0.0810925691695661
0.08 0 0.09 0.1376682500180356
0.08 0 0.1 0.12229554357608724
0.08 0 0.11 0.07644441219588645
0.08 0 0.12 0.12103765330107788
0.08 0 0.13 0.20095272315631904
0.08 0 0.14 0.16596173690227262
0.08 0 0.15 0.18237989806398713
0.08 0 0.16 0.19814319601691546
0.08 0 0.17 0.24229451742031188
0.08 0 0.18 0.2226251886091139
0.08 0 0.19 0.20739471335659268
0.08 0 0.2 0.12058685206519991
0.08 0 0.21 0.1835457878439568
0.08 0 0.22 0.16158542328787687
0.08 0 0.23 0.1184867231927994
0.08 0 0.24 0.057194939701432156
0.08 0 0.25 0.09547451260026081
0.08 0 0.26 0.1687899933590058
0.08 0 0.27 0.16469115632478898
0.08 0 0.28 0.1804040385099643
0.08 0 0.29 0.1845400565110373
0.08 0 0.3 0.3206550889917035
0.08 0 0.31 0.6508706579311239
0.08 0 0.32 0.6965253625511877
0.08 0 0.33 0.6126848551731785
0.08 0 0.34 0.3847168480227039
0.08 0 0.35000000000000003 0.45901490965608543
0.08 0 0.36 0.6111643544242287
0.08 0 0.37 1.462764263354046
0.08 0 0.38 1.3925440798230662
0.08 0 0.39 2.929988620426338
0.08 0 0.4 1.888998896041264
0.08 0 0.41000000000000003 2.731444092260523
0.08 0 0.42 2.560011666700902
0.08 0 0.43 1.5716237276448848
0.08 0 0.44 1.192793652126177
0.08 0 0.45 1.715880009238423
0.08 0 0.46 0.8758530372520331
0.08 0 0.47000000000000003 1.1118008650121871
0.08 0 0.48 3.2692201490734947
0.08 0 0.49 1.880273939550203
0.08 0 0.5 1.5209851487450312
0.09 0 0.0 0.1553318423657937
0.09 0 0.01 0.341343363766839
0.09 0 0.02 0.20419073328671192
0.09 0 0.03 0.46307702836567366
0.09 0 0.04 0.23123554219371514
0.09 0 0.05 0.19707467520779606
0.09 0 0.06 0.24825292600450474
0.09 0 0.07 0.2836162315585861
0.09 0 0.08 0.49056292489769504
0.09 0 0.09 0.43044029969825337
0.09 0 0.1 0.44109033444712026
0.09 0 0.11 0.4882082283989168
0.09 0 0.12 0.35809543536783134
0.09 0 0.13 0.18395086537834415
0.09 0 0.14 0.6542289775419865
0.09 0 0.15 0.6870802150403429
0.09 0 0.16 0.6053433819147744
0.09 0 0.17 0.48768891993664876
0.09 0 0.18 0.5929501276689898
0.09 0 0.19 1.0073034150229443
0.09 0 0.2 1.4652326889599179
0.09 0 0.21 0.57742874825831
0.09 0 0.22 0.5453075900123315
0.09 0 0.23 1.0331300245109185
0.09 0 0.24 0.8000016745198103
0.09 0 0.25 0.9122387491099856
0.09 0 0.26 0.796505722235807
0.09 0 0.27 0.697251177856766
0.09 0 0.28 0.8854042223478354
0.09 0 0.29 1.5000433308660128
0.09 0 0.3 2.1087558212734825
0.09 0 0.31 1.1310672257590855
0.09 0 0.32 0.7115376660782232
0.09 0 0.33 0.6799999815607821
0.09 0 0.34 1.5866716127274412
0.09 0 0.35000000000000003 0.8812918982009559
0.09 0 0.36 1.4034875647937564
0.09 0 0.37 0.8398320120800795
0.09 0 0.38 1.1061619975846873
0.09 0 0.39 0.6766428229137278
0.09 0 0.4 1.3690861139493047
0.09 0 0.41000000000000003 1.9659319794948706
0.09 0 0.42 1.8438969363672852
0.09 0 0.43 1.2045020303470955
0.09 0 0.44 1.3978626529185554
0.09 0 0.45 2.1123534623526443
0.09 0 0.46 1.503909289761659
0.09 0 0.47000000000000003 1.143515272788781
0.09 0 0.48 0.7060269019157532
0.09 0 0.49 0.9635660758069468
0.09 0 0.5 0.5159604329104805
0.1 0 0.0 4.139680098320872
0.1 0 0.01 4.279182224302964
0.1 0 0.02 3.172451254367668
0.1 0 0.03 7.062329915398058
0.1 0 0.04 11.75381342852666
0.1 0 0.05 14.409953593147957
0.1 0 0.06 7.894997460143937
0.1 0 0.07 11.330955587811044
0.1 0 0.08 13.252159910603382
0.1 0 0.09 9.108251693770898
0.1 0 0.1 9.255054220545725
0.1 0 0.11 5.79821971529213
0.1 0 0.12 11.165097199797081
0.1 0 0.13 10.38807837123252
0.1 0 0.14 11.579554746738614
0.1 0 0.15 5.3877265321567585
0.1 0 0.16 6.940312263527418
0.1 0 0.17 2.2141599173656474
0.1 0 0.18 2.521284117083291
0.1 0 0.19 2.867583139378321
0.1 0 0.2 2.287132997509192
0.1 0 0.21 2.887298039970913
0.1 0 0.22 2.400039586820617
0.1 0 0.23 2.21634351295928
0.1 0 0.24 2.1671322211037674
0.1 0 0.25 5.211242781103135
0.1 0 0.26 4.753850960798825
0.1 0 0.27 9.988675468813573
0.1 0 0.28 2.622588614443506
0.1 0 0.29 4.139707305904091
0.1 0 0.3 4.651608899526486
0.1 0 0.31 8.195708050550408
0.1 0 0.32 3.70952353345967
0.1 0 0.33 7.541680632505228
0.1 0 0.34 2.995458037337261
0.1 0 0.35000000000000003 4.576243027702312
0.1 0 0.36 5.555856457602993
0.1 0 0.37 4.613610467760738
0.1 0 0.38 4.121290686164589
0.1 0 0.39 1.9193251692310174
0.1 0 0.4 2.468239977710573
0.1 0 0.41000000000000003 2.6096459797104132
0.1 0 0.42 6.53454353394248
0.1 0 0.43 5.032197614816063
0.1 0 0.44 7.15226032693449
0.1 0 0.45 3.370440858543557
0.1 0 0.46 5.29012116033381
0.1 0 0.47000000000000003 5.944118885692523
0.1 0 0.48 3.089334057285417
0.1 0 0.49 0.9615635969685082
0.1 0 0.5 0.691085250703197
0.11 0 0.0 2.7807424204701583
0.11 0 0.01 9.211200306976686
0.11 0 0.02 10.089897467160975
0.11 0 0.03 11.613543928674815
0.11 0 0.04 4.762839219695466
0.11 0 0.05 9.54426073306046
0.11 0 0.06 8.63397280201328
0.11 0 0.07 16.162924230120545
0.11 0 0.08 5.322005324256745
0.11 0 0.09 8.61421378123996
0.11 0 0.1 7.837164120444285
0.11 0 0.11 26.777544563532942
0.11 0 0.12 27.270918765069947
0.11 0 0.13 26.006162231527536
0.11 0 0.14 21.021812447838737
0.11 0 0.15 10.454076149620073
0.11 0 0.16 10.082328544280925
0.11 0 0.17 6.085873290115755
0.11 0 0.18 7.149412451157219
0.11 0 0.19 1.8281057816608093
0.11 0 0.2 2.1592096044959956
0.11 0 0.21 1.078850967039792
0.11 0 0.22 2.512342798608716
0.11 0 0.23 2.591169589495136
0.11 0 0.24 2.441483155153097
0.11 0 0.25 1.4290208463401348
0.11 0 0.26 1.8609505644762458
0.11 0 0.27 1.1592531247055715
0.11 0 0.28 2.4490497923674
0.11 0 0.29 3.6214456402790582
0.11 0 0.3 2.370952889043653
0.11 0 0.31 2.109852810039342
0.11 0 0.32 3.6338090197182504
0.11 0 0.33 4.005186135566846
0.11 0 0.34 4.2394204783246305
0.11 0 0.35000000000000003 5.510519078569599
0.11 0 0.36 4.24809231817494
0.11 0 0.37 3.622809971293905
0.11 0 0.38 1.7432767352619922
0.11 0 0.39 2.063070553378417
0.11 0 0.4 4.406378506146704
0.11 0 0.41000000000000003 3.1643876832833535
0.11 0 0.42 2.525458351815679
0.11 0 0.43 3.0582949606274514
0.11 0 0.44 2.867842012928686
0.11 0 0.45 2.477667939551533
0.11 0 0.46 1.9585531624712718
0.11 0 0.47000000000000003 1.3403303768642625
0.11 0 0.48 1.1418743294089964
0.11 0 0.49 2.2875539490180157
0.11 0 0.5 1.092847382032048
0.12 0 0.0 5.517100247425313
0.12 0 0.01 4.094258639208433
0.12 0 0.02 5.769224291738121
0.12 0 0.03 6.218788259280295
0.12 0 0.04 15.682248893299585
0.12 0 0.05 6.2312359647471
0.12 0 0.06 11.264565841480797
0.12 0 0.07 7.620703184030081
0.12 0 0.08 8.029361684985474
0.12 0 0.09 4.763595130776106
0.12 0 0.1 5.981821734562866
0.12 0 0.11 5.919779368930777
0.12 0 0.12 3.3427180931728744
0.12 0 0.13 2.942644419249381
0.12 0 0.14 2.7702800924149016
0.12 0 0.15 2.505414397517409
0.12 0 0.16 1.060919315385965
0.12 0 0.17 1.623337906903457
0.12 0 0.18 1.328747194382048
0.12 0 0.19 0.9693569698454896
0.12 0 0.2 0.5865046113692779
0.12 0 0.21 1.1249432986664478
0.12 0 0.22 1.2369933831960962
0.12 0 0.23 1.719719496645776
0.12 0 0.24 2.0302728526476526
0.12 0 0.25 3.4403323638704038
0.12 0 0.26 1.5041026741246661
0.12 0 0.27 2.2290811235515653
0.12 0 0.28 2.511693047577881
0.12 0 0.29 7.182037424730464
0.12 0 0.3 6.850145843693031
0.12 0 0.31 6.5594877888006815
0.12 0 0.32 4.148906314950531
0.12 0 0.33 11.658937006508781
0.12 0 0.34 6.396771167699415
0.12 0 0.35000000000000003 4.359010140878704
0.12 0 0.36 3.710506256556966
0.12 0 0.37 2.374343080216163
0.12 0 0.38 2.246407558402985
0.12 0 0.39 2.135231441466399
0.12 0 0.4 2.2046020539802456
0.12 0 0.41000000000000003 1.2051741356612065
0.12 0 0.42 1.7405951334598537
0.12 0 0.43 0.6545979181003505
0.12 0 0.44 1.6516222656689843
0.12 0 0.45 0.6701285697710706
0.12 0 0.46 1.74505838925356
0.12 0 0.47000000000000003 1.6736210663904187
0.12 0 0.48 5.2069172486995825
0.12 0 0.49 1.084170742201219
0.12 0 0.5 2.692275472361617
0.13 0 0.0 0.3532804549659549
0.13 0 0.01 0.9741635244728956
0.13 0 0.02 1.4258741230032266
0.13 0 0.03 3.7236291431563484
0.13 0 0.04 1.9246042177147338
0.13 0 0.05 3.989594471297061
0.13 0 0.06 2.98122966181412
0.13 0 0.07 3.108773754557346
0.13 0 0.08 3.729315302226494
0.13 0 0.09 1.4589263682233666
0.13 0 0.1 1.3252628667698052
0.13 0 0.11 1.4138399887247382
0.13 0 0.12 1.1389538854723682
0.13 0 0.13 0.5601888893520408
0.13 0 0.14 0.6225942334581789
0.13 0 0.15 0.19594449242385295
0.13 0 0.16 0.33126186107052014
0.13 0 0.17 0.41273960686706984
0.13 0 0.18 0.8293222006380435
0.13 0 0.19 0.7286075937916301
0.13 0 0.2 0.8015265546806835
0.13 0 0.21 0.6026462000273982
0.13 0 0.22 1.131388890599693
0.13 0 0.23 0.7889557340837421
0.13 0 0.24 1.4308458366231074
0.13 0 0.25 1.3107583135640208
0.13 0 0.26 2.5404670573010733
0.13 0 0.27 2.6714490465037177
0.13 0 0.28 4.123766139274867
0.13 0 0.29 1.1314006194103754
0.13 0 0.3 1.6046170027568536
0.13 0 0.31 1.6018108731851348
0.13 0 0.32 2.2932948666068937
0.13 0 0.33 2.535132561953848
0.13 0 0.34 4.127788033105052
0.13 0 0.35000000000000003 5.615299590776342
0.13 0 0.36 2.9354464357874295
0.13 0 0.37 3.672687555273578
0.13 0 0.38 2.058809386391497
0.13 0 0.39 2.880281751853627
0.13 0 0.4 1.851726788526197
0.13 0 0.41000000000000003 2.2560289842625068
0.13 0 0.42 0.5731933901234431
0.13 0 0.43 1.874391881908569
0.13 0 0.44 1.449253816959365
0.13 0 0.45 4.827075100448215
0.13 0 0.46 2.4682102516655853
0.13 0 0.47000000000000003 3.114317170286242
0.13 0 0.48 0.6436637320157315
0.13 0 0.49 2.915171147294582
0.13 0 0.5 1.8165915486476643
0.14 0 0.0 0.1850797630286642
0.14 0 0.01 0.09700798276221909
0.14 0 0.02 0.06611006446968669
0.14 0 0.03 0.05308964269014027
0.14 0 0.04 0.10399791442316322
0.14 0 0.05 0.14060327382815999
0.14 0 0.06 0.16682979887405908
0.14 0 0.07 0.06563675835816743
0.14 0 0.08 0.046531507408422206
0.14 0 0.09 0.1092505381443513
0.14 0 0.1 0.2071181135807765
0.14 0 0.11 0.08021066807950698
0.14 0 0.12 0.05830552220735267
0.14 0 0.13 0.06596624631619372
0.14 0 0.14 0.05163765486735973
0.14 0 0.15 0.14811496013065162
0.14 0 0.16 0.18033429889411345
0.14 0 0.17 0.1512911328930605
0.14 0 0.18 0.10144218732822535
0.14 0 0.19 0.22603564167293402
0.14 0 0.2 0.3484303372509975
0.14 0 0.21 2.165784580932204
0.14 0 0.22 0.7475686745957001
0.14 0 0.23 3.1407580324827027
0.14 0 0.24 3.9201992925885563
0.14 0 0.25 14.34049652520423
0.14 0 0.26 5.15282840884373
0.14 0 0.27 13.482463012336492
0.14 0 0.28 5.771268262998938
0.14 0 0.29 10.664739027202204
0.14 0 0.3 4.3353926372979945
0.14 0 0.31 2.918568447704165
0.14 0 0.32 3.5035682920000943
0.14 0 0.33 1.1277462167048093
0.14 0 0.34 1.0381002702160975
0.14 0 0.35000000000000003 1.0104770001271886
0.14 0 0.36 2.213740821185259
0.14 0 0.37 0.9410500991029982
0.14 0 0.38 2.8937805086042205
0.14 0 0.39 0.9444018444473467
0.14 0 0.4 2.03687207491322
0.14 0 0.41000000000000003 0.7598185677676105
0.14 0 0.42 3.0618986671535535
0.14 0 0.43 2.1569116114590576
0.14 0 0.44 5.611164512583324
0.14 0 0.45 1.4957732169037796
0.14 0 0.46 6.217442784454357
0.14 0 0.47000000000000003 5.491314549760003
0.14 0 0.48 8.868655624477755
0.14 0 0.49 2.6607425871677863
0.14 0 0.5 4.391811780920508
0.15 0 0.0 0.37774996326078086
0.15 0 0.01 0.7251972927491684
0.15 0 0.02 0.40547525678675833
0.15 0 0.03 0.5091562112260222
0.15 0 0.04 0.12767115267965373
0.15 0 0.05 0.19867116764450313
0.15 0 0.06 0.19165008482711002
0.15 0 0.07 0.23833686609224827
0.15 0 0.08 0.27617520360163145
0.15 0 0.09 0.15493029500450287
0.15 0 0.1 0.18345179776331555
0.15 0 0.11 0.11635878880254041
0.15 0 0.12 0.3531644671239255
0.15 0 0.13 0.325130674616657
0.15 0 0.14 1.2607049955481993
0.15 0 0.15 0.5250693709414784
0.15 0 0.16 2.562485424722223
0.15 0 0.17 1.8912840928860661
0.15 0 0.18 4.171275003663526
0.15 0 0.19 0.9027884036999794
0.15 0 0.2 2.6195808242048306
0.15 0 0.21 1.468972184178071
0.15 0 0.22 6.718666702236625
0.15 0 0.23 2.212899065478811
0.15 0 0.24 1.6593676004460969
0.15 0 0.25 1.3462646287501043
0.15 0 0.26 2.2321073685956194
0.15 0 0.27 2.176011799546186
0.15 0 0.28 2.44822207854602
0.15 0 0.29 2.022657941497261
0.15 0 0.3 0.9093785815728499
0.15 0 0.31 2.30921966871819
0.15 0 0.32 1.352787959570666
0.15 0 0.33 1.2241303731002675
0.15 0 0.34 0.2965135147421798
0.15 0 0.35000000000000003 0.1762712201224935
0.15 0 0.36 0.1008559926021081
0.15 0 0.37 0.2467420883351506
0.15 0 0.38 0.1591286015796196
0.15 0 0.39 0.33295487374385696
0.15 0 0.4 0.15738460571993598
0.15 0 0.41000000000000003 0.15993308457005198
0.15 0 0.42 0.17455188356560283
0.15 0 0.43 0.5033630602309572
0.15 0 0.44 0.3518963544885655
0.15 0 0.45 1.714235467110089
0.15 0 0.46 0.93564935710958
0.15 0 0.47000000000000003 2.5707008400083105
0.15 0 0.48 2.7075394023374684
0.15 0 0.49 6.396206072788144
0.15 0 0.5 1.7509455385003099
0.16 0 0.0 0.20123839578490477
0.16 0 0.01 0.23049015637528006
0.16 0 0.02 0.39748955498885774
0.16 0 0.03 0.4441364500874293
0.16 0 0.04 0.3587878450839833
0.16 0 0.05 0.46325346613211704
0.16 0 0.06 0.2989771025328339
0.16 0 0.07 0.3834593329355591
0.16 0 0.08 0.3383939002878918
0.16 0 0.09 0.9163398566835393
0.16 0 0.1 0.3921856107089297
0.16 0 0.11 0.6801150380820583
0.16 0 0.12 0.30235252889408387
0.16 0 0.13 0.5336355234540427
0.16 0 0.14 0.382978178830138
0.16 0 0.15 1.5428530239903389
0.16 0 0.16 0.7103130554765608
0.16 0 0.17 1.0562804346179693
0.16 0 0.18 0.9060655171148092
0.16 0 0.19 3.9833570914296783
0.16 0 0.2 2.1279656801576503
0.16 0 0.21 1.6464546330768592
0.16 0 0.22 0.25354909924646396
0.16 0 0.23 0.26351463404499814
0.16 0 0.24 0.18411600868804684
0.16 0 0.25 0.2150103403092658
0.16 0 0.26 0.11935766378616156
0.16 0 0.27 0.1600320447004906
0.16 0 0.28 0.08388628306833318
0.16 0 0.29 0.06829374736127543
0.16 0 0.3 0.08527721381261895
0.16 0 0.31 0.07988288199659267
0.16 0 0.32 0.098775763434791
0.16 0 0.33 0.0807901779048538
0.16 0 0.34 0.16746081603424284
0.16 0 0.35000000000000003 0.18102071625933466
0.16 0 0.36 0.17471315145791555
0.16 0 0.37 0.06548817726743454
0.16 0 0.38 0.22382769701652436
0.16 0 0.39 0.07563260654784269
0.16 0 0.4 0.1588210774131102
0.16 0 0.41000000000000003 0.1091324218470464
0.16 0 0.42 0.4390282673385716
0.16 0 0.43 0.11729538755412079
0.16 0 0.44 0.5201942263934564
0.16 0 0.45 0.19977294711328306
0.16 0 0.46 0.5536006284328462
0.16 0 0.47000000000000003 0.20997034766212624
0.16 0 0.48 0.28673207227573155
0.16 0 0.49 0.4818813126254774
0.16 0 0.5 0.6966629174597168
0.17 0 0.0 0.018735721380604708
0.17 0 0.01 0.017995748813403392
0.17 0 0.02 0.03499583552524586
0.17 0 0.03 0.051352153872589484
0.17 0 0.04 0.17850880624251136
0.17 0 0.05 0.1838198478836907
0.17 0 0.06 0.3300859374187912
0.17 0 0.07 0.4060992930769769
0.17 0 0.08 1.6155733718858891
0.17 0 0.09 0.6966439003405445
0.17 0 0.1 1.298116265423155
0.17 0 0.11 0.35443813938123947
0.17 0 0.12 1.1224894242875658
0.17 0 0.13 0.935445811215208
0.17 0 0.14 0.6774017418957619
0.17 0 0.15 0.15776311047877717
0.17 0 0.16 0.4230827970828662
0.17 0 0.17 0.13851467752186206
0.17 0 0.18 0.19913984033668677
0.17 0 0.19 0.09126640304255176
0.17 0 0.2 0.14128768101452618
0.17 0 0.21 0.06221020270906179
0.17 0 0.22 0.11268001947844385
0.17 0 0.23 0.08238385819373248
0.17 0 0.24 0.10045030407673694
0.17 0 0.25 0.05119424244798164
0.17 0 0.26 0.04275937171791308
0.17 0 0.27 0.06116952033700605
0.17 0 0.28 0.06648526439217765
0.17 0 0.29 0.10512232713922405
0.17 0 0.3 0.0811623021775787
0.17 0 0.31 0.1132669742149151
0.17 0 0.32 0.04878458660508312
0.17 0 0.33 0.050999811502273194
0.17 0 0.34 0.03816012112456631
0.17 0 0.35000000000000003 0.08982338543235413
0.17 0 0.36 0.038682038580108456
0.17 0 0.37 0.09115083023792281
0.17 0 0.38 0.03604606050295584
0.17 0 0.39 0.0686674053575859
0.17 0 0.4 0.02873488213161288
0.17 0 0.41000000000000003 0.08678041278606236
0.17 0 0.42 0.10372401088080946
0.17 0 0.43 0.27400592330418305
0.17 0 0.44 0.13326057417650866
0.17 0 0.45 0.21121777279782586
0.17 0 0.46 0.2498000950646955
0.17 0 0.47000000000000003 0.2781934659025183
0.17 0 0.48 0.4770313924206548
0.17 0 0.49 0.23443560196103935
0.17 0 0.5 0.21770842354133904
0.18 0 0.0 0.1431413267546828
0.18 0 0.01 0.3405580154270522
0.18 0 0.02 0.14048237377171155
0.18 0 0.03 0.158636232254348
0.18 0 0.04 0.09197473288643844
0.18 0 0.05 0.12593116849070704
0.18 0 0.06 0.12395127204515619
0.18 0 0.07 0.16700472375454326
0.18 0 0.08 0.10443310124938225
0.18 0 0.09 0.28103892749138154
0.18 0 0.1 0.2594854515446778
0.18 0 0.11 0.2967683837321264
0.18 0 0.12 0.24775679535835674
0.18 0 0.13 0.3955506620388235
0.18 0 0.14 0.35755064181070745
0.18 0 0.15 0.8814614940722645
0.18 0 0.16 0.19353897115887603
0.18 0 0.17 0.23462885141821443
0.18 0 0.18 0.06823333862256702
0.18 0 0.19 0.10430669372714758
0.18 0 0.2 0.05792172678570215
0.18 0 0.21 0.041205543133306204
0.18 0 0.22 0.009370495423535869
0.18 0 0.23 0.014493433268931752
0.18 0 0.24 0.006885045324268138
0.18 0 0.25 0.00562407177088973
0.18 0 0.26 0.007558141827865099
0.18 0 0.27 0.002943631135053185
0.18 0 0.28 0.0021265679232416973
0.18 0 0.29 0.003229093978962982
0.18 0 0.3 0.010050383997424254
0.18 0 0.31 0.00868992117272212
0.18 0 0.32 0.020119242742859082
0.18 0 0.33 0.0075830547483745755
0.18 0 0.34 0.017427699623885393
0.18 0 0.35000000000000003 0.008331612597598686
0.18 0 0.36 0.022895130050113895
0.18 0 0.37 0.007905764731173524
0.18 0 0.38 0.010669352680720293
0.18 0 0.39 0.008360388207606245
0.18 0 0.4 0.046049762241658916
0.18 0 0.41000000000000003 0.037528052716295696
0.18 0 0.42 0.03003884080167696
0.18 0 0.43 0.009567721105174348
0.18 0 0.44 0.007980261971305597
0.18 0 0.45 0.014122932144864354
0.18 0 0.46 0.013400501166204433
0.18 0 0.47000000000000003 0.015090948403717908
0.18 0 0.48 0.00906201824767816
0.18 0 0.49 0.017526932467245102
0.18 0 0.5 0.010603364765236644
0.19 0 0.0 0.08452416549158008
0.19 0 0.01 0.1883575709664387
0.19 0 0.02 0.2961138065914988
0.19 0 0.03 0.3189434164697455
0.19 0 0.04 0.4827781397674464
0.19 0 0.05 0.34742734767433797
0.19 0 0.06 0.4366998082978167
0.19 0 0.07 0.41294829051933
0.19 0 0.08 1.0455458720898687
0.19 0 0.09 0.367942971034819
0.19 0 0.1 1.255644998541326
0.19 0 0.11 1.4830222647143074
0.19 0 0.12 3.8850295913933057
0.19 0 0.13 0.570282902014687
0.19 0 0.14 0.5620117116761651
0.19 0 0.15 0.11315546387727467
0.19 0 0.16 0.2242587676865692
0.19 0 0.17 0.11455511257686579
0.19 0 0.18 0.1632342114248124
0.19 0 0.19 0.08901687606630525
0.19 0 0.2 0.03712794881664104
0.19 0 0.21 0.021831583269562894
0.19 0 0.22 0.018766678340122307
0.19 0 0.23 0.014479013591219642
0.19 0 0.24 0.003119421426193181
0.19 0 0.25 0.004119441369044994
0.19 0 0.26 0.0012039689414991416
0.19 0 0.27 0.0030965586278955863
0.19 0 0.28 0.0016792681000843822
0.19 0 0.29 0.0028285068273571578
0.19 0 0.3 0.0013757694554086264
0.19 0 0.31 0.0017776445769186145
0.19 0 0.32 0.0008826020080755116
0.19 0 0.33 0.004461753382550678
0.19 0 0.34 0.003224519958255732
0.19 0 0.35000000000000003 0.0013546099936218115
0.19 0 0.36 0.0008759907003559589
0.19 0 0.37 0.0011892172006783249
0.19 0 0.38 0.0009041925121254958
0.19 0 0.39 0.0008240300172809318
0.19 0 0.4 0.0004469817918329454
0.19 0 0.41000000000000003 0.000532012661029797
0.19 0 0.42 0.0015300231602235477
0.19 0 0.43 0.0014128902062669083
0.19 0 0.44 0.0017198816785580667
0.19 0 0.45 0.000949713955001778
0.19 0 0.46 0.0011365569185884125
0.19 0 0.47000000000000003 0.0012998638618600118
0.19 0 0.48 0.0032357181856098416
0.19 0 0.49 0.0021496576190870448
0.19 0 0.5 0.0031655854507723594
0.2 0 0.0 0.09687685774999108
0.2 0 0.01 0.14049098074573793
0.2 0 0.02 0.05982150578899183
0.2 0 0.03 0.13089695511237207
0.2 0 0.04 0.12925460500234812
0.2 0 0.05 0.40674166025556724
0.2 0 0.06 0.26501128672766183
0.2 0 0.07 0.5894305280950553
0.2 0 0.08 0.3948158103391121
0.2 0 0.09 0.4518537751929592
0.2 0 0.1 0.21987528885028162
0.2 0 0.11 0.38064034814882647
0.2 0 0.12 0.2668573034104665
0.2 0 0.13 0.21792944608956963
0.2 0 0.14 0.15760201736850982
0.2 0 0.15 0.1758628915125266
0.2 0 0.16 0.1287533576248359
0.2 0 0.17 0.11421724547430044
0.2 0 0.18 0.15266928853600722
0.2 0 0.19 0.060760956413924434
0.2 0 0.2 0.04649291713105986
0.2 0 0.21 0.024780041649013613
0.2 0 0.22 0.04501421477159611
0.2 0 0.23 0.032125450371328634
0.2 0 0.24 0.03281476689051929
0.2 0 0.25 0.010029435732508668
0.2 0 0.26 0.011616399366931842
0.2 0 0.27 0.007724341200120349
0.2 0 0.28 0.007865993812034643
0.2 0 0.29 0.008883584733396553
0.2 0 0.3 0.013031145332807893
0.2 0 0.31 0.009041835880836546
0.2 0 0.32 0.008105802228255788
0.2 0 0.33 0.0025740783385245557
0.2 0 0.34 0.004701694620106082
0.2 0 0.35000000000000003 0.0051891894667038235
0.2 0 0.36 0.005970071272467485
0.2 0 0.37 0.002627228812060256
0.2 0 0.38 0.0032808256478581866
0.2 0 0.39 0.00180739814392828
0.2 0 0.4 0.0035453329805578333
0.2 0 0.41000000000000003 0.003546928492122421
0.2 0 0.42 0.001265558884657898
0.2 0 0.43 0.0019732266590546366
0.2 0 0.44 0.004374034770573421
0.2 0 0.45 0.014145883370702524
0.2 0 0.46 0.012342215074148306
0.2 0 0.47000000000000003 0.01401879399600601
0.2 0 0.48 0.005755536957839443
0.2 0 0.49 0.024215421996837017
0.2 0 0.5 0.013136141306507152
0.21 0 0.0 0.15256715078198493
0.21 0 0.01 0.15973543300237833
0.21 0 0.02 0.2658544950089591
0.21 0 0.03 0.1705593264564149
0.21 0 0.04 0.434891539021958
0.21 0 0.05 0.2804245021609323
0.21 0 0.06 0.5377522854338753
0.21 0 0.07 0.5343699057286514
0.21 0 0.08 0.337001756929489
0.21 0 0.09 0.13645766485257127
0.21 0 0.1 0.14753368584067242
0.21 0 0.11 0.046995360519266303
0.21 0 0.12 0.0320861491455915
0.21 0 0.13 0.02564670883066739
0.21 0 0.14 0.02774638851092964
0.21 0 0.15 0.03386018175905288
0.21 0 0.16 0.021351895406329185
0.21 0 0.17 0.021533206146781007
0.21 0 0.18 0.00855127615540294
0.21 0 0.19 0.009241843401307818
0.21 0 0.2 0.005612621316225014
0.21 0 0.21 0.012597766771640964
0.21 0 0.22 0.006421217176179431
0.21 0 0.23 0.014341696079196277
0.21 0 0.24 0.018110142339264446
0.21 0 0.25 0.050179102142514795
0.21 0 0.26 0.028892507647709793
0.21 0 0.27 0.05620824882063209
0.21 0 0.28 0.050894589441017594
0.21 0 0.29 0.08327182139264597
0.21 0 0.3 0.025646808013288915
0.21 0 0.31 0.02990421795733952
0.21 0 0.32 0.02432049279006844
0.21 0 0.33 0.07804213927159061
0.21 0 0.34 0.03715161968432927
0.21 0 0.35000000000000003 0.012989108070331302
0.21 0 0.36 0.009236382749109531
0.21 0 0.37 0.009104481735833813
0.21 0 0.38 0.010755485695475657
0.21 0 0.39 0.008690710364680096
0.21 0 0.4 0.007867135582862643
0.21 0 0.41000000000000003 0.0016069952828176395
0.21 0 0.42 0.0031072720198953153
0.21 0 0.43 0.002027542451835925
0.21 0 0.44 0.005268830908228912
0.21 0 0.45 0.002457051963200877
0.21 0 0.46 0.0050127804064297055
0.21 0 0.47000000000000003 0.007627090168524994
0.21 0 0.48 0.02354483240476904
0.21 0 0.49 0.00793637478926364
0.21 0 0.5 0.020613676594435294
0.22 0 0.0 1.651536321431915
0.22 0 0.01 0.9535722230012524
0.22 0 0.02 0.7401701473804703
0.22 0 0.03 1.8477151367332394
0.22 0 0.04 0.9323576285861177
0.22 0 0.05 0.5111107142340482
0.22 0 0.06 0.24627246506884035
0.22 0 0.07 0.06533917840696266
0.22 0 0.08 0.049268890850269365
0.22 0 0.09 0.04192194184174849
0.22 0 0.1 0.03269893386075208
0.22 0 0.11 0.02717818121370503
0.22 0 0.12 0.021087399014242558
0.22 0 0.13 0.008208674804506906
0.22 0 0.14 0.020115776923544052
0.22 0 0.15 0.007460491052627231
0.22 0 0.16 0.00565987724717825
0.22 0 0.17 0.00529661834024659
0.22 0 0.18 0.008400708108399105
0.22 0 0.19 0.004100546411228529
0.22 0 0.2 0.00804343578340644
0.22 0 0.21 0.00790964666636455
0.22 0 0.22 0.025233677493356817
0.22 0 0.23 0.01672816269358905
0.22 0 0.24 0.022814775749621624
0.22 0 0.25 0.04802954028675283
0.22 0 0.26 0.16584300971731364
0.22 0 0.27 0.0746257436088352
0.22 0 0.28 0.07638529978594057
0.22 0 0.29 0.03442312112569616
0.22 0 0.3 0.04495265393298858
0.22 0 0.31 0.03578164410768876
0.22 0 0.32 0.027857882260861517
0.22 0 0.33 0.013872008580250108
0.22 0 0.34 0.011368619752900428
0.22 0 0.35000000000000003 0.011844781483263166
0.22 0 0.36 0.015927029603129826
0.22 0 0.37 0.016682281758318956
0.22 0 0.38 0.004006704862934985
0.22 0 0.39 0.005231643462212017
0.22 0 0.4 0.0065569687392023936
0.22 0 0.41000000000000003 0.019871022333938705
0.22 0 0.42 0.008795641163253575
0.22 0 0.43 0.020669085983183677
0.22 0 0.44 0.019292732286725123
0.22 0 0.45 0.02637767957493841
0.22 0 0.46 0.010895076800750353
0.22 0 0.47000000000000003 0.009203111223828258
0.22 0 0.48 0.003917823553107081
0.22 0 0.49 0.008145963689726752
0.22 0 0.5 0.008797440867458853
0.23 0 0.0 0.03908177547005437
0.23 0 0.01 0.03783059558596474
0.23 0 0.02 0.040130748704705274
0.23 0 0.03 0.02592340374317541
0.23 0 0.04 0.027797577863148383
0.23 0 0.05 0.031319071780483806
0.23 0 0.06 0.037551341371389
0.23 0 0.07 0.02095384619434036
0.23 0 0.08 0.01283815673495331
0.23 0 0.09 0.008799720332563413
0.23 0 0.1 0.013095232302793311
0.23 0 0.11 0.015218772554083413
0.23 0 0.12 0.012334699931720785
0.23 0 0.13 0.01316831556662869
0.23 0 0.14 0.007313501765722393
0.23 0 0.15 0.020160709828044073
0.23 0 0.16 0.011478651257892275
0.23 0 0.17 0.0069724867203594535
0.23 0 0.18 0.002117439662706449
0.23 0 0.19 0.007571848209022787
0.23 0 0.2 0.003097272899725278
0.23 0 0.21 0.011654654523591813
0.23 0 0.22 0.0052188817928570845
0.23 0 0.23 0.006403865285601389
0.23 0 0.24 0.005171566956914191
0.23 0 0.25 0.011720631776681483
0.23 0 0.26 0.006177867301598795
0.23 0 0.27 0.02110649366798116
0.23 0 0.28 0.02681806039410903
0.23 0 0.29 0.032826943106975245
0.23 0 0.3 0.03530278345567125
0.23 0 0.31 0.03402869443714528
0.23 0 0.32 0.07182670122683023
0.23 0 0.33 0.0500560148038939
0.23 0 0.34 0.04549847288468807
0.23 0 0.35000000000000003 0.02026583959837544
0.23 0 0.36 0.04267991780590961
0.23 0 0.37 0.01725742133644393
0.23 0 0.38 0.10073985647450841
0.23 0 0.39 0.026320402105169345
0.23 0 0.4 0.01372741060476197
0.23 0 0.41000000000000003 0.007113174780964265
0.23 0 0.42 0.02531913641515203
0.23 0 0.43 0.027229492376806996
0.23 0 0.44 0.03663774040453515
0.23 0 0.45 0.015490026372091478
0.23 0 0.46 0.020352173860554726
0.23 0 0.47000000000000003 0.039001329708820316
0.23 0 0.48 0.04685784908349036
0.23 0 0.49 0.046166023254408974
0.23 0 0.5 0.036631335847609615
0.24 0 0.0 0.03618622507719296
0.24 0 0.01 0.04356749006850066
0.24 0 0.02 0.05379421260800282
0.24 0 0.03 0.0653822349918903
0.24 0 0.04 0.028902472165978244
0.24 0 0.05 0.015728426819170825
0.24 0 0.06 0.011771505865224016
0.24 0 0.07 0.011457514328933499
0.24 0 0.08 0.024645730673886996
0.24 0 0.09 0.014704900332562663
0.24 0 0.1 0.011834229720512837
0.24 0 0.11 0.0021771799244755287
0.24 0 0.12 0.006975478463882888
0.24 0 0.13 0.007251850828255176
0.24 0 0.14 0.02871850735985335
0.24 0 0.15 0.006158137232131324
0.24 0 0.16 0.022226281110553397
0.24 0 0.17 0.02655680654375818
0.24 0 0.18 0.07326647589211253
0.24 0 0.19 0.0387649337531448
0.24 0 0.2 0.07444555799636687
0.24 0 0.21 0.05347732535964754
0.24 0 0.22 0.04392669968717446
0.24 0 0.23 0.03972571893183114
0.24 0 0.24 0.03732153904380056
0.24 0 0.25 0.05190517880663962
0.24 0 0.26 0.05388420887839895
0.24 0 0.27 0.06297978184062009
0.24 0 0.28 0.06094781840560236
0.24 0 0.29 0.07396464170281923
0.24 0 0.3 0.024948667299141643
0.24 0 0.31 0.06237112576874137
0.24 0 0.32 0.05490732587751262
0.24 0 0.33 0.05652940077282048
0.24 0 0.34 0.04175188242281784
0.24 0 0.35000000000000003 0.15783111755007148
0.24 0 0.36 0.1101419139819787
0.24 0 0.37 0.19973974092994679
0.24 0 0.38 0.17919128387540237
0.24 0 0.39 0.5727457446378672
0.24 0 0.4 0.8374880832731374
0.24 0 0.41000000000000003 0.7303623951610673
0.24 0 0.42 0.30055441756406953
0.24 0 0.43 0.24816180950591193
0.24 0 0.44 0.08664843856900471
0.24 0 0.45 0.10668935609241903
0.24 0 0.46 0.11661207280356474
0.24 0 0.47000000000000003 0.10871967615745275
0.24 0 0.48 0.12818414237384376
0.24 0 0.49 0.13796267907019427
0.24 0 0.5 0.14565815426692072
0.25 0 0.0 0.09387533325444299
0.25 0 0.01 0.06749584051225782
0.25 0 0.02 0.0405084785311329
0.25 0 0.03 0.03181263184333418
0.25 0 0.04 0.018768146053103448
0.25 0 0.05 0.022946033572044635
0.25 0 0.06 0.03839308613742443
0.25 0 0.07 0.06604410396767241
0.25 0 0.08 0.027183636662914498
0.25 0 0.09 0.10022564650068275
0.25 0 0.1 0.08181679131107449
0.25 0 0.11 0.16164712196378686
0.25 0 0.12 0.05139314620225644
0.25 0 0.13 0.0717802857184606
0.25 0 0.14 0.03194480514651286
0.25 0 0.15 0.05095708040152841
0.25 0 0.16 0.025135868069027442
0.25 0 0.17 0.03537627519263622
0.25 0 0.18 0.022173912886345886
0.25 0 0.19 0.02837541946259757
0.25 0 0.2 0.02236282218265153
0.25 0 0.21 0.018288593276406976
0.25 0 0.22 0.010231016697289933
0.25 0 0.23 0.015631465595676984
0.25 0 0.24 0.032824478296779896
0.25 0 0.25 0.04111001378568603
0.25 0 0.26 0.041369209240501484
0.25 0 0.27 0.035708144462359294
0.25 0 0.28 0.05905535933418427
0.25 0 0.29 0.0644022215949749
0.25 0 0.3 0.21680090218545434
0.25 0 0.31 0.10063436168572504
0.25 0 0.32 0.1462998784786315
0.25 0 0.33 0.07513297833653021
0.25 0 0.34 0.19349711788829704
0.25 0 0.35000000000000003 0.10709963510099993
0.25 0 0.36 0.5002629621848746
0.25 0 0.37 0.23032135697724346
0.25 0 0.38 0.6775872661294805
0.25 0 0.39 0.4399724393005005
0.25 0 0.4 0.815300986933033
0.25 0 0.41000000000000003 0.673503835349901
0.25 0 0.42 1.1163166851960677
0.25 0 0.43 0.5844152750036146
0.25 0 0.44 0.5394076896546319
0.25 0 0.45 0.4498420554642543
0.25 0 0.46 0.30547802133868096
0.25 0 0.47000000000000003 0.5383909064033061
0.25 0 0.48 0.4069782195409124
0.25 0 0.49 0.630275214955247
0.25 0 0.5 0.29397774122668274
0.26 0 0.0 2.043407998088544
0.26 0 0.01 0.7668837052812105
0.26 0 0.02 1.1813329106215489
0.26 0 0.03 0.625217266867612
0.26 0 0.04 0.6209377640853179
0.26 0 0.05 0.20548382698307704
0.26 0 0.06 0.17801496574631331
0.26 0 0.07 0.04475283277529659
0.26 0 0.08 0.18567256835186013
0.26 0 0.09 0.04643434827659623
0.26 0 0.1 0.05020466902388458
0.26 0 0.11 0.01452017925922275
0.26 0 0.12 0.025126271613037727
0.26 0 0.13 0.015832501005932788
0.26 0 0.14 0.01832362234315696
0.26 0 0.15 0.006265908806803509
0.26 0 0.16 0.01210330422819316
0.26 0 0.17 0.010705732007436707
0.26 0 0.18 0.012456325460120248
0.26 0 0.19 0.03274231846105378
0.26 0 0.2 0.030278146619267504
0.26 0 0.21 0.027898235897033948
0.26 0 0.22 0.0362018821482069
0.26 0 0.23 0.07328060979281957
0.26 0 0.24 0.0510500945376336
0.26 0 0.25 0.07466385813837895
0.26 0 0.26 0.03883474261923878
0.26 0 0.27 0.08916402003458437
0.26 0 0.28 0.05293207481694711
0.26 0 0.29 0.13112529165710277
0.26 0 0.3 0.08680600967011996
0.26 0 0.31 0.2663020775764957
0.26 0 0.32 0.10189564263434853
0.26 0 0.33 0.34094885556697846
0.26 0 0.34 0.2736343997830763
0.26 0 0.35000000000000003 0.8706114137083653
0.26 0 0.36 0.38022099204801146
0.26 0 0.37 0.4290147610654567
0.26 0 0.38 0.23360649596973893
0.26 0 0.39 0.19700325336830063
0.26 0 0.4 0.15133773348558166
0.26 0 0.41000000000000003 0.20145346525015095
0.26 0 0.42 0.21002135126496294
0.26 0 0.43 0.18006972492911077
0.26 0 0.44 0.13057081306649865
0.26 0 0.45 0.2359482221506093
0.26 0 0.46 0.8241177085944693
0.26 0 0.47000000000000003 0.5657678784448296
0.26 0 0.48 0.3982373370410479
0.26 0 0.49 0.26148353377838074
0.26 0 0.5 0.4045851553807493
0.27 0 0.0 0.7933765521281944
0.27 0 0.01 2.3314759664209563
0.27 0 0.02 0.6273320959621317
0.27 0 0.03 0.2907684951880345
0.27 0 0.04 0.17980695598271274
0.27 0 0.05 0.42273872933819995
0.27 0 0.06 0.26233326762943576
0.27 0 0.07 0.3888602326652878
0.27 0 0.08 0.10298248607550534
0.27 0 0.09 0.1294558497949375
0.27 0 0.1 0.08252109241935117
0.27 0 0.11 0.11748371065121671
0.27 0 0.12 0.07883913668058487
0.27 0 0.13 0.060279194132351756
0.27 0 0.14 0.01642252559376333
0.27 0 0.15 0.029297432157740656
0.27 0 0.16 0.0355406517588057
0.27 0 0.17 0.02759308468381767
0.27 0 0.18 0.01900830479320027
0.27 0 0.19 0.01709963949428084
0.27 0 0.2 0.02439509637930615
0.27 0 0.21 0.05720202578121328
0.27 0 0.22 0.07286968744511406
0.27 0 0.23 0.08538524983372003
0.27 0 0.24 0.13145232736069615
0.27 0 0.25 0.04387076024966834
0.27 0 0.26 0.14192619733063566
0.27 0 0.27 0.08607981576727794
0.27 0 0.28 0.1249663925438071
0.27 0 0.29 0.04611709216094572
0.27 0 0.3 0.173327072049426
0.27 0 0.31 0.06872891625092607
0.27 0 0.32 0.3348946751479159
0.27 0 0.33 0.11137300362058444
0.27 0 0.34 0.2853285210315925
0.27 0 0.35000000000000003 0.26912983739863816
0.27 0 0.36 0.43333572653166086
0.27 0 0.37 0.1831448596261529
0.27 0 0.38 0.3607903781154034
0.27 0 0.39 0.19446493472960383
0.27 0 0.4 0.17004375375846467
0.27 0 0.41000000000000003 0.08772227303582172
0.27 0 0.42 0.05333076686333238
0.27 0 0.43 0.033329715532772884
0.27 0 0.44 0.015679375892097065
0.27 0 0.45 0.017133741658561585
0.27 0 0.46 0.008049567397847608
0.27 0 0.47000000000000003 0.01006030357538005
0.27 0 0.48 0.0064919372402833676
0.27 0 0.49 0.02921664087036067
0.27 0 0.5 0.013378525035180824
0.28 0 0.0 0.3191700947069223
0.28 0 0.01 0.1844558578131241
0.28 0 0.02 0.23283798738249392
0.28 0 0.03 0.07606413265152423
0.28 0 0.04 0.25480095293682226
0.28 0 0.05 0.12804256046011311
0.28 0 0.06 0.3346792370755908
0.28 0 0.07 0.16684924016483668
0.28 0 0.08 0.6467720864535318
0.28 0 0.09 0.21153915733901868
0.28 0 0.1 0.4962063097114875
0.28 0 0.11 0.34323569351072775
0.28 0 0.12 0.5337691318678074
0.28 0 0.13 0.24722039596453368
0.28 0 0.14 0.24664673655990932
0.28 0 0.15 0.08316247922268823
0.28 0 0.16 0.05062496935113498
0.28 0 0.17 0.06944679127743403
0.28 0 0.18 0.05551762859343015
0.28 0 0.19 0.05815375791078316
0.28 0 0.2 0.027843288431276696
0.28 0 0.21 0.04198862745608439
0.28 0 0.22 0.033572698646242835
0.28 0 0.23 0.2555696813811491
0.28 0 0.24 0.1457670144904906
0.28 0 0.25 0.36078964159228943
0.28 0 0.26 0.07768679902557461
0.28 0 0.27 0.24001974739510076
0.28 0 0.28 0.2147066992851926
0.28 0 0.29 0.6340138053458382
0.28 0 0.3 0.1892859862877254
0.28 0 0.31 0.2629361330270404
0.28 0 0.32 0.08090874610669276
0.28 0 0.33 0.14659199357965944
0.28 0 0.34 0.09161222770441921
0.28 0 0.35000000000000003 0.02544809483454914
0.28 0 0.36 0.012143575749732129
0.28 0 0.37 0.021985258356696385
0.28 0 0.38 0.018489270517743316
0.28 0 0.39 0.020037539323937103
0.28 0 0.4 0.023837321134471488
0.28 0 0.41000000000000003 0.014501615291341583
0.28 0 0.42 0.02550657538487632
0.28 0 0.43 0.029763798985861605
0.28 0 0.44 0.040854690587216656
0.28 0 0.45 0.041788787375648735
0.28 0 0.46 0.04355318237060296
0.28 0 0.47000000000000003 0.02812385793210478
0.28 0 0.48 0.0943408535008451
0.28 0 0.49 0.0921921934424391
0.28 0 0.5 0.30862210958376834
0.29 0 0.0 0.13358317734564473
0.29 0 0.01 0.30362485036913034
0.29 0 0.02 0.13965643090468058
0.29 0 0.03 0.7332326454043179
0.29 0 0.04 0.3147227379539673
0.29 0 0.05 0.5310852384936466
0.29 0 0.06 0.22963920131341992
0.29 0 0.07 0.4349277615873728
0.29 0 0.08 0.3038896054738275
0.29 0 0.09 0.5444717128354392
0.29 0 0.1 0.4626467083161348
0.29 0 0.11 1.1506085403549626
0.29 0 0.12 1.358856385072228
0.29 0 0.13 1.060682965412897
0.29 0 0.14 1.2497377859573529
0.29 0 0.15 1.5006399036489302
0.29 0 0.16 1.2117984978761922
0.29 0 0.17 0.6433835411818933
0.29 0 0.18 0.8101836788371479
0.29 0 0.19 0.4975545572862815
0.29 0 0.2 0.7905571780002361
0.29 0 0.21 0.9606560635732221
0.29 0 0.22 1.753156968167329
0.29 0 0.23 0.5353483018845211
0.29 0 0.24 0.5157025580336408
0.29 0 0.25 0.3344712378725765
0.29 0 0.26 1.8330260560512444
0.29 0 0.27 1.334566740603115
0.29 0 0.28 1.3036306237748025
0.29 0 0.29 0.5598268129484142
0.29 0 0.3 1.9391280918141705
0.29 0 0.31 0.9944834424526294
0.29 0 0.32 1.3148745339510235
0.29 0 0.33 0.9182910169779048
0.29 0 0.34 1.4842192150666644
0.29 0 0.35000000000000003 0.9517679943570019
0.29 0 0.36 0.7262594566586829
0.29 0 0.37 0.32380818268275313
0.29 0 0.38 0.20578649017454664
0.29 0 0.39 0.07410664430866558
0.29 0 0.4 0.07648478548689285
0.29 0 0.41000000000000003 0.098928168916238
0.29 0 0.42 0.032911724411768574
0.29 0 0.43 0.035239795029107845
0.29 0 0.44 0.06726508877062884
0.29 0 0.45 0.10444588328626185
0.29 0 0.46 0.0354747700639793
0.29 0 0.47000000000000003 0.0533977469521129
0.29 0 0.48 0.020638397235167135
0.29 0 0.49 0.049503963442258714
0.29 0 0.5 0.03248666824079014
0.3 0 0.0 0.26821638260435304
0.3 0 0.01 0.1000665671365225
0.3 0 0.02 0.31131816237610416
0.3 0 0.03 0.1117589856292154
0.3 0 0.04 0.6800024526216709
0.3 0 0.05 0.4217978768057119
0.3 0 0.06 0.48408383325601173
0.3 0 0.07 0.2309420141259282
0.3 0 0.08 0.39525094272642
0.3 0 0.09 0.2029347913182304
0.3 0 0.1 0.3056961507718333
0.3 0 0.11 0.15854989990868062
0.3 0 0.12 0.09667920799134085
0.3 0 0.13 0.10313922004887065
0.3 0 0.14 0.09355708091467213
0.3 0 0.15 0.15453857035751473
0.3 0 0.16 0.10962748888486033
0.3 0 0.17 0.05085583724707803
0.3 0 0.18 0.04451493805695239
0.3 0 0.19 0.20742663364704703
0.3 0 0.2 0.13606570158546707
0.3 0 0.21 0.2296221128594929
0.3 0 0.22 0.14695996904667608
0.3 0 0.23 0.5380651578669654
0.3 0 0.24 0.4567488987500533
0.3 0 0.25 1.1782422784782187
0.3 0 0.26 0.47346241004010264
0.3 0 0.27 0.8005351815048993
0.3 0 0.28 0.5849402636287505
0.3 0 0.29 0.8191844349787448
0.3 0 0.3 0.5091666092361229
0.3 0 0.31 0.5140732047727851
0.3 0 0.32 0.7073285718311593
0.3 0 0.33 0.9729949216699035
0.3 0 0.34 0.9358659073059058
0.3 0 0.35000000000000003 0.53253383043359
0.3 0 0.36 0.44693607398203916
0.3 0 0.37 0.485471049884408
0.3 0 0.38 0.48006895032488556
0.3 0 0.39 0.2763533234804145
0.3 0 0.4 0.1780896219821076
0.3 0 0.41000000000000003 0.0979575687267986
0.3 0 0.42 0.1895583289904074
0.3 0 0.43 0.21111337378699505
0.3 0 0.44 0.23035403898948326
0.3 0 0.45 0.23915226679169324
0.3 0 0.46 0.4127481793068818
0.3 0 0.47000000000000003 0.40172412442286876
0.3 0 0.48 0.5397164772917545
0.3 0 0.49 0.32191218589348647
0.3 0 0.5 0.31320737791733283
#STOP
