#MEDIUM_PROPERTIES_DISTRIBUTED
$MSH_TYPE
	 GROUNDWATER_FLOW	
$MMP_TYPE
	 PERMEABILITY	
$DIS_TYPE
	 NEAREST_VALUE	
;hj
$CONVERSION_FACTOR
2e-8;2e-6;2e-13
$DATA
0.0 0 0.0 1.348431280969086
0.0 0 0.01 0.8612824447863804
0.0 0 0.02 14.578787628608245
0.0 0 0.03 38.87866252156516
0.0 0 0.04 4.394499500897656
0.0 0 0.05 5.105403681607678
0.0 0 0.06 54.49646570833268
0.0 0 0.07 28.38133572284182
0.0 0 0.08 3.3346227801903825
0.0 0 0.09 2.3314579945693814
0.0 0 0.1 0.8960856061792609
0.0 0 0.11 1.5507248228219024
0.0 0 0.12 1.5890405304877973
0.0 0 0.13 0.47327119901298026
0.0 0 0.14 0.31221816829165167
0.0 0 0.15 0.09345726800362981
0.0 0 0.16 0.06844737233253206
0.0 0 0.17 0.022747442751660154
0.0 0 0.18 0.02295655205605525
0.0 0 0.19 0.0013368189839419208
0.0 0 0.2 0.0005677271927003643
0.0 0 0.21 0.0004340442041359974
0.0 0 0.22 0.0040695586941193705
0.0 0 0.23 0.007869084123612289
0.0 0 0.24 0.007206819475635511
0.0 0 0.25 0.00860420204209096
0.0 0 0.26 0.01439536251483024
0.0 0 0.27 0.02435422090181615
0.0 0 0.28 0.04213706740002987
0.0 0 0.29 0.014417495270104158
0.0 0 0.3 0.07876326184384642
0.0 0 0.31 0.3770171523104983
0.0 0 0.32 3.039876208774071
0.0 0 0.33 2.867065996247931
0.0 0 0.34 0.340922462560152
0.0 0 0.35000000000000003 0.1854834751550852
0.0 0 0.36 0.06709070884668948
0.0 0 0.37 0.028385171408069714
0.0 0 0.38 0.05732648657024501
0.0 0 0.39 0.1504302215740077
0.0 0 0.4 0.022631727075295784
0.0 0 0.41000000000000003 0.0018233695938875989
0.0 0 0.42 0.00035308279696294513
0.0 0 0.43 0.0005998417351956823
0.0 0 0.44 0.0007363766190646141
0.0 0 0.45 0.001487091606878484
0.0 0 0.46 0.001301009868456314
0.0 0 0.47000000000000003 0.001587245942681363
0.0 0 0.48 0.0022465436491587126
0.0 0 0.49 0.0009350043091102499
0.0 0 0.5 0.0008950454421319725
0.01 0 0.0 6.47763784737154
0.01 0 0.01 1.8519512843127945
0.01 0 0.02 5.073544263149309
0.01 0 0.03 6.320700123698811
0.01 0 0.04 7.970346295212071
0.01 0 0.05 4.261549757183038
0.01 0 0.06 3.244023662853337
0.01 0 0.07 4.978112853180286
0.01 0 0.08 1.7586764710618106
0.01 0 0.09 1.7017192564456092
0.01 0 0.1 5.748458428323802
0.01 0 0.11 0.5636465255723295
0.01 0 0.12 0.22515226857637607
0.01 0 0.13 0.02279107755541758
0.01 0 0.14 0.030321408342928822
0.01 0 0.15 0.004721999638127609
0.01 0 0.16 0.0022318081503828542
0.01 0 0.17 0.003667152628695221
0.01 0 0.18 0.0007773277184231356
0.01 0 0.19 0.00041187376113323233
0.01 0 0.2 0.0006390658529419084
0.01 0 0.21 0.0014575829356870042
0.01 0 0.22 0.003946374987663976
0.01 0 0.23 0.006513629331819244
0.01 0 0.24 0.0010790938929301302
0.01 0 0.25 0.0009536582252791904
0.01 0 0.26 0.000893688780483433
0.01 0 0.27 0.02961602088661913
0.01 0 0.28 0.26918835250091694
0.01 0 0.29 0.21882225340063116
0.01 0 0.3 0.1525675949011449
0.01 0 0.31 0.568807562325752
0.01 0 0.32 1.3821743510406437
0.01 0 0.33 0.3692360377133392
0.01 0 0.34 0.2764185255896124
0.01 0 0.35000000000000003 1.1864282945677969
0.01 0 0.36 0.5636616344043757
0.01 0 0.37 0.47588906308386764
0.01 0 0.38 0.304721418181891
0.01 0 0.39 0.17698722057929847
0.01 0 0.4 0.005132003108573935
0.01 0 0.41000000000000003 0.0023984833006780184
0.01 0 0.42 0.0013717038482512621
0.01 0 0.43 0.001804147248530165
0.01 0 0.44 0.001721824071478593
0.01 0 0.45 0.0004241949748857814
0.01 0 0.46 0.0006541755398111399
0.01 0 0.47000000000000003 0.006947428986269625
0.01 0 0.48 0.00862181710810855
0.01 0 0.49 0.005326297321814719
0.01 0 0.5 0.003120398706487184
0.02 0 0.0 1.8809312595261325
0.02 0 0.01 1.6468335304582982
0.02 0 0.02 1.0249555424945311
0.02 0 0.03 2.915925737944729
0.02 0 0.04 0.6847875972480698
0.02 0 0.05 0.344718749178727
0.02 0 0.06 0.5103138267519124
0.02 0 0.07 0.15996164379597252
0.02 0 0.08 0.04562067225927741
0.02 0 0.09 0.07807735059084964
0.02 0 0.1 0.07074370158719957
0.02 0 0.11 0.04584533258486084
0.02 0 0.12 0.015986620834816275
0.02 0 0.13 0.007165243400091716
0.02 0 0.14 0.000559711177100462
0.02 0 0.15 0.0003399732150466006
0.02 0 0.16 0.00022751687887037752
0.02 0 0.17 0.00025213937085887645
0.02 0 0.18 0.0008944629927310803
0.02 0 0.19 0.003643309083909922
0.02 0 0.2 0.0013623320615129332
0.02 0 0.21 0.0016696755104790633
0.02 0 0.22 0.00045628830706961014
0.02 0 0.23 0.0007235787248109749
0.02 0 0.24 0.000498016004749711
0.02 0 0.25 0.006660478361740199
0.02 0 0.26 0.02829338261268198
0.02 0 0.27 0.027134139645700932
0.02 0 0.28 0.2738114351930963
0.02 0 0.29 0.1491801954875894
0.02 0 0.3 0.06243755877581293
0.02 0 0.31 0.08097213005980329
0.02 0 0.32 0.03208965334884585
0.02 0 0.33 0.05258095827687872
0.02 0 0.34 0.026668793721706247
0.02 0 0.35000000000000003 0.04873547268632748
0.02 0 0.36 0.05848363358234024
0.02 0 0.37 0.033754989314577974
0.02 0 0.38 0.16420127107385146
0.02 0 0.39 0.17512889250002736
0.02 0 0.4 0.03185732359589232
0.02 0 0.41000000000000003 0.006637733255158005
0.02 0 0.42 0.009116283929132395
0.02 0 0.43 0.022570380791861806
0.02 0 0.44 0.09689250583453532
0.02 0 0.45 0.11556191589829605
0.02 0 0.46 0.13051976092257975
0.02 0 0.47000000000000003 0.005791664101829994
0.02 0 0.48 0.008472743415201513
0.02 0 0.49 0.026180630015201448
0.02 0 0.5 0.026491855529420086
0.03 0 0.0 0.216330374496498
0.03 0 0.01 3.3213767531833627
0.03 0 0.02 31.032907534560053
0.03 0 0.03 35.39032635723361
0.03 0 0.04 1.1541444510602532
0.03 0 0.05 0.05291679625120762
0.03 0 0.06 0.0071401992391545615
0.03 0 0.07 0.016116501175522085
0.03 0 0.08 0.031826756881204774
0.03 0 0.09 0.05508077407780204
0.03 0 0.1 0.029628411404846882
0.03 0 0.11 0.013279950132019673
0.03 0 0.12 0.008207004846695874
0.03 0 0.13 0.0006601550445803953
0.03 0 0.14 0.00012178248950154635
0.03 0 0.15 0.00011201380368520289
0.03 0 0.16 9.003281890126495e-05
0.03 0 0.17 0.0006874096457396614
0.03 0 0.18 0.0005574429332080155
0.03 0 0.19 0.0006295907302635573
0.03 0 0.2 0.0005480780988922434
0.03 0 0.21 0.00038061954267949814
0.03 0 0.22 0.000620124141481796
0.03 0 0.23 0.00042048236454246725
0.03 0 0.24 0.00048611461648448233
0.03 0 0.25 0.00011750013508671904
0.03 0 0.26 0.0010826883474150287
0.03 0 0.27 0.014973738460448305
0.03 0 0.28 0.2724034229073708
0.03 0 0.29 0.4184248325163061
0.03 0 0.3 0.2804436311815878
0.03 0 0.31 0.04958422685006447
0.03 0 0.32 0.028678406055485734
0.03 0 0.33 0.010433687913278936
0.03 0 0.34 0.012330486762234355
0.03 0 0.35000000000000003 0.010957468752278206
0.03 0 0.36 0.027161764731788926
0.03 0 0.37 0.04044423907196075
0.03 0 0.38 0.05410114337814398
0.03 0 0.39 0.13894804790384477
0.03 0 0.4 0.02398513458889954
0.03 0 0.41000000000000003 0.005606371424443814
0.03 0 0.42 0.030692999961626954
0.03 0 0.43 0.03952319587308904
0.03 0 0.44 1.0097189930660915
0.03 0 0.45 2.0223450658909337
0.03 0 0.46 0.6449326733363354
0.03 0 0.47000000000000003 0.24403977575291586
0.03 0 0.48 0.3096060913249086
0.03 0 0.49 2.456476810639331
0.03 0 0.5 0.5591435618754705
0.04 0 0.0 0.10410190545069081
0.04 0 0.01 0.37877575932636653
0.04 0 0.02 1.0585635147400223
0.04 0 0.03 1.2622530798473293
0.04 0 0.04 1.1011024737605828
0.04 0 0.05 0.2676196949237671
0.04 0 0.06 0.3511417365535755
0.04 0 0.07 0.1320784793745724
0.04 0 0.08 0.0672445213454309
0.04 0 0.09 0.07456286799378092
0.04 0 0.1 0.10864891249207691
0.04 0 0.11 0.014003054625072878
0.04 0 0.12 0.005457334984138669
0.04 0 0.13 0.003747434438424499
0.04 0 0.14 0.0044219481822151616
0.04 0 0.15 0.001717147696295502
0.04 0 0.16 0.004927583678723759
0.04 0 0.17 0.004916775388140749
0.04 0 0.18 0.005853245910745293
0.04 0 0.19 0.0038311464209408908
0.04 0 0.2 0.002678520682280449
0.04 0 0.21 0.00023741500827506907
0.04 0 0.22 0.0002038971893907672
0.04 0 0.23 0.00015514821429746513
0.04 0 0.24 4.5011597970199134e-05
0.04 0 0.25 2.315557420286058e-05
0.04 0 0.26 0.00029989085950218874
0.04 0 0.27 0.001443079896927931
0.04 0 0.28 0.019973294383894027
0.04 0 0.29 0.20919550407738302
0.04 0 0.3 0.13206566067497869
0.04 0 0.31 0.15933162944222176
0.04 0 0.32 0.06241038473387084
0.04 0 0.33 0.04320003896666268
0.04 0 0.34 0.010854835658700594
0.04 0 0.35000000000000003 0.03421916355396441
0.04 0 0.36 0.17702249896431504
0.04 0 0.37 0.14303147308332248
0.04 0 0.38 0.16822572417477807
0.04 0 0.39 0.10755061519024271
0.04 0 0.4 0.029717965723531557
0.04 0 0.41000000000000003 0.00831506561185666
0.04 0 0.42 0.02586902460418927
0.04 0 0.43 0.17236434795794645
0.04 0 0.44 0.30103244398522394
0.04 0 0.45 0.47336187427586185
0.04 0 0.46 0.15649410441554526
0.04 0 0.47000000000000003 0.2774185037210096
0.04 0 0.48 0.2073939596448632
0.04 0 0.49 0.9223557985542797
0.04 0 0.5 0.3696175049634728
0.05 0 0.0 0.49909382606505953
0.05 0 0.01 0.11892074888169045
0.05 0 0.02 0.2707208160792143
0.05 0 0.03 0.14017941213765486
0.05 0 0.04 0.19899387286063078
0.05 0 0.05 0.05199920694279912
0.05 0 0.06 0.05010515611768549
0.05 0 0.07 0.07121012682740786
0.05 0 0.08 0.14239885371989944
0.05 0 0.09 0.41590351601605413
0.05 0 0.1 2.485982281133991
0.05 0 0.11 0.05104836527807585
0.05 0 0.12 0.0027966000778351222
0.05 0 0.13 0.002674854194219345
0.05 0 0.14 0.003076552770081128
0.05 0 0.15 0.009185079236085752
0.05 0 0.16 0.001532934843245438
0.05 0 0.17 0.006263228635353931
0.05 0 0.18 0.010212950591636221
0.05 0 0.19 0.009605949563097125
0.05 0 0.2 0.014043861610556305
0.05 0 0.21 0.0037597246369085284
0.05 0 0.22 0.0007420509595404395
0.05 0 0.23 0.00019367576918459238
0.05 0 0.24 0.00010726538895621749
0.05 0 0.25 0.0002730307010527686
0.05 0 0.26 0.0002999566138637868
0.05 0 0.27 0.0030883520912306037
0.05 0 0.28 0.01136901231657407
0.05 0 0.29 0.05369635365611012
0.05 0 0.3 0.09971718257563841
0.05 0 0.31 0.06821796093105785
0.05 0 0.32 0.006880610380901892
0.05 0 0.33 0.00280576436089728
0.05 0 0.34 0.0017555402075797358
0.05 0 0.35000000000000003 0.001716981495477735
0.05 0 0.36 0.002026025403374826
0.05 0 0.37 0.005622127488848055
0.05 0 0.38 0.0018333697805810497
0.05 0 0.39 0.005345155334663108
0.05 0 0.4 0.04699564390102026
0.05 0 0.41000000000000003 0.07292540199831037
0.05 0 0.42 0.1147053963942533
0.05 0 0.43 0.24038196697128125
0.05 0 0.44 0.10250691368089951
0.05 0 0.45 0.08002020228001835
0.05 0 0.46 0.07206406864777025
0.05 0 0.47000000000000003 0.29464674782452344
0.05 0 0.48 0.05697437095003833
0.05 0 0.49 0.01760030911488581
0.05 0 0.5 0.018947582972751915
0.06 0 0.0 0.05444442410059302
0.06 0 0.01 0.020521751294471195
0.06 0 0.02 0.018867443204678595
0.06 0 0.03 0.020147667921353172
0.06 0 0.04 0.022270537947065155
0.06 0 0.05 0.03422179224923476
0.06 0 0.06 0.06028828145925125
0.06 0 0.07 0.06790408841536909
0.06 0 0.08 0.034711449325353264
0.06 0 0.09 0.04748134615431088
0.06 0 0.1 0.013920567467438525
0.06 0 0.11 0.01115633602853859
0.06 0 0.12 0.0007922111804225751
0.06 0 0.13 0.0015452710908215267
0.06 0 0.14 0.0019558599776402434
0.06 0 0.15 0.006098008509683577
0.06 0 0.16 0.01324437011161883
0.06 0 0.17 0.019907399965319404
0.06 0 0.18 0.026270129728128675
0.06 0 0.19 0.007704519318019188
0.06 0 0.2 0.00369820900376369
0.06 0 0.21 0.001706479051471378
0.06 0 0.22 0.0002237739251595007
0.06 0 0.23 0.0016681320919765665
0.06 0 0.24 0.003873952906215701
0.06 0 0.25 0.0015876228609341327
0.06 0 0.26 0.002151593557331936
0.06 0 0.27 0.0018489239569375471
0.06 0 0.28 0.0008713115492273746
0.06 0 0.29 0.0016068726034464559
0.06 0 0.3 0.005532519671745158
0.06 0 0.31 0.03425073768509112
0.06 0 0.32 0.013151998577076319
0.06 0 0.33 0.008244822347861646
0.06 0 0.34 0.00800832977857662
0.06 0 0.35000000000000003 0.002596034610576466
0.06 0 0.36 0.015331725502460376
0.06 0 0.37 0.0039224883760281505
0.06 0 0.38 0.0066292889959066025
0.06 0 0.39 0.007970965852601616
0.06 0 0.4 0.008041339598504114
0.06 0 0.41000000000000003 0.012655747624199104
0.06 0 0.42 0.08044222388670623
0.06 0 0.43 0.5175431355017651
0.06 0 0.44 0.23301855423503506
0.06 0 0.45 0.03588748647879066
0.06 0 0.46 0.011827623995097621
0.06 0 0.47000000000000003 0.0013869497153153943
0.06 0 0.48 0.0013315705069468693
0.06 0 0.49 0.0014487948573723719
0.06 0 0.5 0.01550270264937785
0.07 0 0.0 0.0004972268467261541
0.07 0 0.01 0.0043432777598762995
0.07 0 0.02 0.009707046494499418
0.07 0 0.03 0.002785692269579885
0.07 0 0.04 0.004831536959868649
0.07 0 0.05 0.04877564652712285
0.07 0 0.06 0.06730488097766502
0.07 0 0.07 0.37874964168463093
0.07 0 0.08 0.39047815811184833
0.07 0 0.09 0.16062765686181177
0.07 0 0.1 0.058050160899638735
0.07 0 0.11 0.01753621290419698
0.07 0 0.12 0.002974402680707616
0.07 0 0.13 0.003430390972637546
0.07 0 0.14 0.004732634010001893
0.07 0 0.15 0.00535618850435117
0.07 0 0.16 0.01461426807108181
0.07 0 0.17 0.02069711079793468
0.07 0 0.18 0.016399037680391748
0.07 0 0.19 0.0023921387777833085
0.07 0 0.2 0.015104420679028329
0.07 0 0.21 0.022003373684030637
0.07 0 0.22 0.0194108141085385
0.07 0 0.23 0.011105566121161788
0.07 0 0.24 0.019501056045295458
0.07 0 0.25 0.011978335389133822
0.07 0 0.26 0.02068578973241396
0.07 0 0.27 0.07919837587144318
0.07 0 0.28 0.04443478703229775
0.07 0 0.29 0.00246601062300224
0.07 0 0.3 0.0011750826622089303
0.07 0 0.31 0.009903555373157737
0.07 0 0.32 0.1259502753114537
0.07 0 0.33 0.03204673976629195
0.07 0 0.34 0.10265933276652836
0.07 0 0.35000000000000003 0.07194783062946923
0.07 0 0.36 0.02726688216657446
0.07 0 0.37 0.0367395370381707
0.07 0 0.38 0.02455059055280019
0.07 0 0.39 0.010610255019893319
0.07 0 0.4 0.009520058906963266
0.07 0 0.41000000000000003 0.041205948812963085
0.07 0 0.42 0.2721758589676007
0.07 0 0.43 0.1810081559251726
0.07 0 0.44 0.15412021663608486
0.07 0 0.45 0.0702484214855992
0.07 0 0.46 0.016618888584923438
0.07 0 0.47000000000000003 0.013740733787859505
0.07 0 0.48 0.00525886229188391
0.07 0 0.49 0.0060229898792845465
0.07 0 0.5 0.02138877210371152
0.08 0 0.0 0.004313942498717046
0.08 0 0.01 0.001904548570787618
0.08 0 0.02 0.0015153781996093997
0.08 0 0.03 0.00036407336789304456
0.08 0 0.04 0.003067217100112509
0.08 0 0.05 0.02438678933991354
0.08 0 0.06 0.07463321688453192
0.08 0 0.07 0.03080667521512145
0.08 0 0.08 0.028079745486313163
0.08 0 0.09 0.09051370834929585
0.08 0 0.1 0.0737202140535278
0.08 0 0.11 0.011515043728839363
0.08 0 0.12 0.014356593198439136
0.08 0 0.13 0.005422806608622007
0.08 0 0.14 0.024760573881086954
0.08 0 0.15 0.04211699507859197
0.08 0 0.16 0.22258577460044213
0.08 0 0.17 0.04519120264651189
0.08 0 0.18 0.048865680004278794
0.08 0 0.19 0.058925181132957374
0.08 0 0.2 0.019592083095709974
0.08 0 0.21 0.03159910172266907
0.08 0 0.22 0.031620659830667225
0.08 0 0.23 0.09614384255299677
0.08 0 0.24 0.2497313299513332
0.08 0 0.25 0.20276242984538484
0.08 0 0.26 0.11820360433823747
0.08 0 0.27 0.12642569886511096
0.08 0 0.28 0.04492900364452906
0.08 0 0.29 0.01531434203084469
0.08 0 0.3 0.014341992996260766
0.08 0 0.31 0.08897914940888134
0.08 0 0.32 0.16515611647780395
0.08 0 0.33 0.05198830176603373
0.08 0 0.34 0.12569126438380746
0.08 0 0.35000000000000003 0.08966566039427344
0.08 0 0.36 0.03318597518138688
0.08 0 0.37 0.011504751386467239
0.08 0 0.38 0.0009622016361888681
0.08 0 0.39 0.000551440694632579
0.08 0 0.4 0.00018296590772462522
0.08 0 0.41000000000000003 0.0008283055310127923
0.08 0 0.42 0.005108249748782571
0.08 0 0.43 0.057284102640633196
0.08 0 0.44 0.026955534883397785
0.08 0 0.45 0.10526022716571994
0.08 0 0.46 0.30216717082464245
0.08 0 0.47000000000000003 0.1409407411159174
0.08 0 0.48 0.03381829917531315
0.08 0 0.49 0.06323914191287482
0.08 0 0.5 0.09041907403517392
0.09 0 0.0 0.06376225916858252
0.09 0 0.01 0.01193175724685046
0.09 0 0.02 0.011829140835752792
0.09 0 0.03 0.0011683949836501534
0.09 0 0.04 0.0004187605660585479
0.09 0 0.05 0.007639860828163183
0.09 0 0.06 0.0035589416698439567
0.09 0 0.07 0.0032290811601736933
0.09 0 0.08 0.016767413143900685
0.09 0 0.09 0.015354590674900704
0.09 0 0.1 0.009521545930171179
0.09 0 0.11 0.010252173295421902
0.09 0 0.12 0.022784071457270176
0.09 0 0.13 0.027096719032767152
0.09 0 0.14 0.01980191129007249
0.09 0 0.15 0.09766160298067196
0.09 0 0.16 0.015932565797782818
0.09 0 0.17 0.0051363954014411965
0.09 0 0.18 0.009811748147124781
0.09 0 0.19 0.015172907656226794
0.09 0 0.2 0.008861165495918687
0.09 0 0.21 0.00766890152382695
0.09 0 0.22 0.009027652135696033
0.09 0 0.23 0.09553414192722305
0.09 0 0.24 0.1620742542598812
0.09 0 0.25 0.49139732753184767
0.09 0 0.26 0.6159775121230164
0.09 0 0.27 1.2932880736398908
0.09 0 0.28 0.39800569167891486
0.09 0 0.29 0.11687381560048762
0.09 0 0.3 0.16688831049232858
0.09 0 0.31 0.0367566420459537
0.09 0 0.32 0.006259316207426769
0.09 0 0.33 0.0059732029064583445
0.09 0 0.34 0.015310643843624077
0.09 0 0.35000000000000003 0.11478401910631805
0.09 0 0.36 0.006894900986467386
0.09 0 0.37 0.0027593081156198807
0.09 0 0.38 0.0005445983468790721
0.09 0 0.39 0.00026363594136320296
0.09 0 0.4 0.00035644955336587987
0.09 0 0.41000000000000003 0.0005476479533719935
0.09 0 0.42 0.002190990523888622
0.09 0 0.43 0.0033356286278478195
0.09 0 0.44 0.025355008895920236
0.09 0 0.45 0.4383970345873387
0.09 0 0.46 0.4973820025871386
0.09 0 0.47000000000000003 0.08984119494306693
0.09 0 0.48 0.10652252063503308
0.09 0 0.49 0.02552751630978309
0.09 0 0.5 0.09489031810615105
0.1 0 0.0 0.0738657281723951
0.1 0 0.01 0.18979819203821469
0.1 0 0.02 0.1323845615336115
0.1 0 0.03 0.07156914647517623
0.1 0 0.04 0.009947691493708836
0.1 0 0.05 0.012198665254912738
0.1 0 0.06 0.0032046534473198053
0.1 0 0.07 0.002571664254361829
0.1 0 0.08 0.004970313444539158
0.1 0 0.09 0.01722446436189019
0.1 0 0.1 0.01341598554841999
0.1 0 0.11 0.01836732013915777
0.1 0 0.12 0.07767175968630567
0.1 0 0.13 0.4823024028481261
0.1 0 0.14 0.29866270506652565
0.1 0 0.15 0.1510904434194214
0.1 0 0.16 0.3179968039941853
0.1 0 0.17 0.1413569485565478
0.1 0 0.18 0.0250959755970301
0.1 0 0.19 0.02195899630384577
0.1 0 0.2 0.0009492599203584537
0.1 0 0.21 0.0008998962121468798
0.1 0 0.22 0.007336238489551551
0.1 0 0.23 0.1511990119492501
0.1 0 0.24 0.18927339595156187
0.1 0 0.25 0.04260002651830224
0.1 0 0.26 0.23255659146409188
0.1 0 0.27 0.1433219415112407
0.1 0 0.28 0.14531836018076535
0.1 0 0.29 0.16029842797887822
0.1 0 0.3 0.07768807080403144
0.1 0 0.31 0.020950212338400314
0.1 0 0.32 0.0074685916510224245
0.1 0 0.33 0.004598732155520367
0.1 0 0.34 0.015614337549504751
0.1 0 0.35000000000000003 0.014243944296398718
0.1 0 0.36 0.020045172098690344
0.1 0 0.37 0.03317884364969859
0.1 0 0.38 0.051684466928761115
0.1 0 0.39 0.010049495467569315
0.1 0 0.4 0.009641854267257315
0.1 0 0.41000000000000003 0.06001713397857585
0.1 0 0.42 0.277483854629162
0.1 0 0.43 0.43288156018822327
0.1 0 0.44 1.8955532956583252
0.1 0 0.45 0.3077140679335249
0.1 0 0.46 0.13501310007976597
0.1 0 0.47000000000000003 0.03892856935314618
0.1 0 0.48 0.2886889413225432
0.1 0 0.49 0.3720526807580669
0.1 0 0.5 0.0718766175733134
0.11 0 0.0 0.17635084856678418
0.11 0 0.01 0.25891376653955944
0.11 0 0.02 0.03821633440850299
0.11 0 0.03 0.10237571056035265
0.11 0 0.04 0.052097439583436045
0.11 0 0.05 0.075199381115386
0.11 0 0.06 0.10839719874235106
0.11 0 0.07 0.04990989055539985
0.11 0 0.08 0.086640233777552
0.11 0 0.09 0.03220310353272708
0.11 0 0.1 0.051449078020237994
0.11 0 0.11 0.07954592449376541
0.11 0 0.12 0.44448303237486864
0.11 0 0.13 3.397487406238518
0.11 0 0.14 11.156460776098776
0.11 0 0.15 6.184007042830519
0.11 0 0.16 0.6642648498567978
0.11 0 0.17 0.027440826127685166
0.11 0 0.18 0.04549367914804008
0.11 0 0.19 0.03668566622391187
0.11 0 0.2 0.012471755145966426
0.11 0 0.21 0.010426032778860297
0.11 0 0.22 0.021503503650132195
0.11 0 0.23 0.0037151308792327665
0.11 0 0.24 0.004029883730171288
0.11 0 0.25 0.007431640176224983
0.11 0 0.26 0.04163526543048694
0.11 0 0.27 0.057764505391474624
0.11 0 0.28 0.05374733259393491
0.11 0 0.29 0.013532589135931635
0.11 0 0.3 0.007841507753870386
0.11 0 0.31 0.0035440883500032117
0.11 0 0.32 0.0021833713131575896
0.11 0 0.33 0.003967611304892892
0.11 0 0.34 0.013932953438724603
0.11 0 0.35000000000000003 0.0213784472641184
0.11 0 0.36 0.010244101810785994
0.11 0 0.37 0.06961505623903771
0.11 0 0.38 0.22873646760246866
0.11 0 0.39 0.022751201052461915
0.11 0 0.4 0.015697175710323467
0.11 0 0.41000000000000003 0.02427436685584724
0.11 0 0.42 0.34091251745898843
0.11 0 0.43 1.8999007710861568
0.11 0 0.44 11.252737483734105
0.11 0 0.45 62.71830606737692
0.11 0 0.46 17.089571750683294
0.11 0 0.47000000000000003 16.11608021228147
0.11 0 0.48 13.1598877307197
0.11 0 0.49 8.828794220509936
0.11 0 0.5 0.32173284998210666
0.12 0 0.0 0.030950137826737598
0.12 0 0.01 0.005284117654007005
0.12 0 0.02 0.01823992279780341
0.12 0 0.03 0.09060484729754119
0.12 0 0.04 1.1718287300849723
0.12 0 0.05 0.1309182794708599
0.12 0 0.06 0.02600498881513289
0.12 0 0.07 0.003615512108234085
0.12 0 0.08 0.006552131020758725
0.12 0 0.09 0.008088650693442842
0.12 0 0.1 0.020161929903361145
0.12 0 0.11 0.05267250427992382
0.12 0 0.12 0.16587183084728616
0.12 0 0.13 0.14757396912044848
0.12 0 0.14 0.3336710208250418
0.12 0 0.15 0.15348611690646732
0.12 0 0.16 0.02418588727454163
0.12 0 0.17 0.014575911054529933
0.12 0 0.18 0.005824252709671657
0.12 0 0.19 0.018360753300872557
0.12 0 0.2 0.007307374823042467
0.12 0 0.21 0.003827262281920149
0.12 0 0.22 0.004663091860043327
0.12 0 0.23 0.0015792678443560652
0.12 0 0.24 0.00616443699703036
0.12 0 0.25 0.01027118290074194
0.12 0 0.26 0.027180537545214555
0.12 0 0.27 0.019873931287058274
0.12 0 0.28 0.0028185490036889173
0.12 0 0.29 0.006349551419930438
0.12 0 0.3 0.000977733585703848
0.12 0 0.31 0.00011330009469134658
0.12 0 0.32 0.00015531760218067455
0.12 0 0.33 0.0011316552681419599
0.12 0 0.34 0.0024447855448848283
0.12 0 0.35000000000000003 0.007716677332787724
0.12 0 0.36 0.008251984788325919
0.12 0 0.37 0.00847018435167496
0.12 0 0.38 0.0029569655475073834
0.12 0 0.39 0.008937268436659792
0.12 0 0.4 0.0228446048836237
0.12 0 0.41000000000000003 0.23694813015777824
0.12 0 0.42 0.9802912521259585
0.12 0 0.43 3.3536223203542477
0.12 0 0.44 9.240783291406762
0.12 0 0.45 76.27773877400222
0.12 0 0.46 36.31525472308169
0.12 0 0.47000000000000003 17.898197795980444
0.12 0 0.48 14.405876416085446
0.12 0 0.49 15.961912074142756
0.12 0 0.5 3.4426164462677944
0.13 0 0.0 0.03189994345836107
0.13 0 0.01 0.018193383557272017
0.13 0 0.02 0.0059829974217781535
0.13 0 0.03 0.00727484779093131
0.13 0 0.04 0.0059318879320036854
0.13 0 0.05 0.0042852041674083215
0.13 0 0.06 0.001650882356624495
0.13 0 0.07 0.0017354445982477554
0.13 0 0.08 0.0034788483306361475
0.13 0 0.09 0.0020505216262684716
0.13 0 0.1 0.0031673908043872577
0.13 0 0.11 0.018831032526657285
0.13 0 0.12 0.008705929512081143
0.13 0 0.13 0.020702457728126518
0.13 0 0.14 0.005334657103174925
0.13 0 0.15 0.00463908760664778
0.13 0 0.16 0.0013531019423433308
0.13 0 0.17 0.0006677603955808522
0.13 0 0.18 0.0011702178000089821
0.13 0 0.19 0.0016284439401540523
0.13 0 0.2 0.0009430066820641723
0.13 0 0.21 0.00024806372370267084
0.13 0 0.22 0.0005345184885154829
0.13 0 0.23 0.002225935789931013
0.13 0 0.24 0.002267584062063354
0.13 0 0.25 0.01578185368335193
0.13 0 0.26 0.007883997036696181
0.13 0 0.27 0.00812263632743651
0.13 0 0.28 0.008557697712940834
0.13 0 0.29 0.009091308500383238
0.13 0 0.3 0.0009233741486421439
0.13 0 0.31 0.00019578311352670054
0.13 0 0.32 0.0002723603303837419
0.13 0 0.33 0.00139350465398096
0.13 0 0.34 0.0008458295346099217
0.13 0 0.35000000000000003 0.0018683508792883827
0.13 0 0.36 0.0007086128763754582
0.13 0 0.37 0.00044218174053030465
0.13 0 0.38 0.01133826416731689
0.13 0 0.39 0.02702295944837936
0.13 0 0.4 0.478544019258953
0.13 0 0.41000000000000003 0.8128934250864767
0.13 0 0.42 0.9173494447643518
0.13 0 0.43 2.93403643618638
0.13 0 0.44 20.935980280814984
0.13 0 0.45 222.57220300947182
0.13 0 0.46 76.33446086643796
0.13 0 0.47000000000000003 6.381930925782139
0.13 0 0.48 5.964770031510047
0.13 0 0.49 1.7524903288756073
0.13 0 0.5 1.5357459067253885
0.14 0 0.0 0.048434391591174665
0.14 0 0.01 0.021372947420007057
0.14 0 0.02 0.012136084816081501
0.14 0 0.03 0.012617297281892212
0.14 0 0.04 0.002661423943155565
0.14 0 0.05 0.001172351721347374
0.14 0 0.06 0.002866612575145099
0.14 0 0.07 0.002633937851476857
0.14 0 0.08 0.0002916068831006151
0.14 0 0.09 0.0006260955223376539
0.14 0 0.1 0.0009907715318319143
0.14 0 0.11 0.0013871188004227486
0.14 0 0.12 0.0004991222257477715
0.14 0 0.13 0.0007946197119159066
0.14 0 0.14 0.0006964028349839949
0.14 0 0.15 0.0003360201778880136
0.14 0 0.16 0.00023261366879974885
0.14 0 0.17 0.00016318809061620276
0.14 0 0.18 0.00022723338699721268
0.14 0 0.19 0.0009679834632501503
0.14 0 0.2 0.0018520140476849314
0.14 0 0.21 0.0018709226927695506
0.14 0 0.22 0.006760667941898774
0.14 0 0.23 0.003922187381892897
0.14 0 0.24 0.0021307909976485506
0.14 0 0.25 0.0007000014127749222
0.14 0 0.26 0.0012900684412914937
0.14 0 0.27 0.004391004356225478
0.14 0 0.28 0.002461079306098535
0.14 0 0.29 0.0009318002251170259
0.14 0 0.3 0.0003733030811445999
0.14 0 0.31 9.374700869882418e-05
0.14 0 0.32 0.00024249445693309152
0.14 0 0.33 0.000972800818893559
0.14 0 0.34 0.0073156441034306265
0.14 0 0.35000000000000003 0.003934300811123632
0.14 0 0.36 0.01847676632645993
0.14 0 0.37 0.008944836363072044
0.14 0 0.38 0.01736922678286871
0.14 0 0.39 0.19910816530835157
0.14 0 0.4 3.3679270253418494
0.14 0 0.41000000000000003 9.741486679695745
0.14 0 0.42 10.729440185486567
0.14 0 0.43 19.114542589394418
0.14 0 0.44 8.572782017057236
0.14 0 0.45 1.526198163727721
0.14 0 0.46 3.8919948189400495
0.14 0 0.47000000000000003 1.7321790762185043
0.14 0 0.48 2.2662495334743102
0.14 0 0.49 5.31014699797732
0.14 0 0.5 0.4283046547987228
0.15 0 0.0 0.035200120789444844
0.15 0 0.01 0.021794567143358336
0.15 0 0.02 0.0046406327385691715
0.15 0 0.03 0.0033841168011884
0.15 0 0.04 0.004743975831738706
0.15 0 0.05 0.0031478380036648822
0.15 0 0.06 0.0025381433312066876
0.15 0 0.07 0.0003162005454370118
0.15 0 0.08 0.0004558443599975747
0.15 0 0.09 0.0005948845309345612
0.15 0 0.1 0.0004845361174863721
0.15 0 0.11 0.0006187443305071888
0.15 0 0.12 0.00019417404854674134
0.15 0 0.13 0.00012127020713545895
0.15 0 0.14 0.00033409286488958836
0.15 0 0.15 1.9898093142381037e-05
0.15 0 0.16 6.7475321617067044e-06
0.15 0 0.17 4.361475436598603e-06
0.15 0 0.18 0.0001007882705093452
0.15 0 0.19 0.000651912719160862
0.15 0 0.2 0.003225043019067354
0.15 0 0.21 0.001966357141711764
0.15 0 0.22 0.0005544288658232222
0.15 0 0.23 0.0009669627566502109
0.15 0 0.24 0.0031150598833029437
0.15 0 0.25 0.010280304315118756
0.15 0 0.26 0.01691237822185345
0.15 0 0.27 0.005459258684475549
0.15 0 0.28 0.0005322068437261579
0.15 0 0.29 0.00011537459898643902
0.15 0 0.3 0.0005729828802527713
0.15 0 0.31 0.0015554174922178703
0.15 0 0.32 0.01187001492663171
0.15 0 0.33 0.05016304053825215
0.15 0 0.34 0.04630941182171967
0.15 0 0.35000000000000003 0.032559742565624515
0.15 0 0.36 0.05444084363470236
0.15 0 0.37 0.01827259526848519
0.15 0 0.38 0.01576060104680332
0.15 0 0.39 0.05983781273260175
0.15 0 0.4 0.14235197052490384
0.15 0 0.41000000000000003 0.4206072026465376
0.15 0 0.42 0.16368565889391645
0.15 0 0.43 0.9642801340328139
0.15 0 0.44 1.269675266818937
0.15 0 0.45 4.460941302158979
0.15 0 0.46 5.856162735611664
0.15 0 0.47000000000000003 25.65012147068373
0.15 0 0.48 28.24692400613327
0.15 0 0.49 3.0034716331213627
0.15 0 0.5 0.12149589640653975
0.16 0 0.0 0.004360655431532969
0.16 0 0.01 0.015285476772727803
0.16 0 0.02 0.09588772648496532
0.16 0 0.03 0.04230202952203333
0.16 0 0.04 0.04251096437210606
0.16 0 0.05 0.003047671382265251
0.16 0 0.06 0.00035501779086673495
0.16 0 0.07 0.0009573967526984304
0.16 0 0.08 0.00106223015581081
0.16 0 0.09 0.0048981506311614915
0.16 0 0.1 0.007582481512473556
0.16 0 0.11 0.0012538027908281387
0.16 0 0.12 0.00024289007517619424
0.16 0 0.13 0.00010343237885788226
0.16 0 0.14 0.00023026373258339038
0.16 0 0.15 2.1663927051837083e-05
0.16 0 0.16 6.3942201778388925e-06
0.16 0 0.17 3.5411182741011285e-05
0.16 0 0.18 3.534512234354767e-05
0.16 0 0.19 0.00017495624871277356
0.16 0 0.2 0.0008722363985968839
0.16 0 0.21 0.0016461046242436618
0.16 0 0.22 0.006521700572753196
0.16 0 0.23 0.008206966365598155
0.16 0 0.24 0.00740779812556319
0.16 0 0.25 0.01680341664319283
0.16 0 0.26 0.009739704734727078
0.16 0 0.27 0.007517665858995409
0.16 0 0.28 0.0007714141363627511
0.16 0 0.29 0.0022678655023239116
0.16 0 0.3 0.016694432449319396
0.16 0 0.31 0.02062912234319361
0.16 0 0.32 0.031410379135792636
0.16 0 0.33 0.15266771337981913
0.16 0 0.34 0.21655334128328121
0.16 0 0.35000000000000003 0.09646146536590958
0.16 0 0.36 0.019867392057681708
0.16 0 0.37 0.1560447166325551
0.16 0 0.38 0.04060705449518189
0.16 0 0.39 0.05799094141518795
0.16 0 0.4 0.0963894328152098
0.16 0 0.41000000000000003 0.27758210986363874
0.16 0 0.42 0.05741850730829923
0.16 0 0.43 0.03710746870686929
0.16 0 0.44 0.2582621653895046
0.16 0 0.45 0.14568434317396267
0.16 0 0.46 0.3212310596263588
0.16 0 0.47000000000000003 1.239231987849631
0.16 0 0.48 1.1801783880942733
0.16 0 0.49 0.27416013464727823
0.16 0 0.5 0.05855780203877169
0.17 0 0.0 0.002877690995995256
0.17 0 0.01 0.02400486013966396
0.17 0 0.02 0.013920563770695421
0.17 0 0.03 0.027684050605860693
0.17 0 0.04 0.00953475179517145
0.17 0 0.05 0.005761239841663756
0.17 0 0.06 0.0022846147007736907
0.17 0 0.07 0.003102285761420416
0.17 0 0.08 0.005222861344150209
0.17 0 0.09 0.0077623463164460445
0.17 0 0.1 0.004847573881879907
0.17 0 0.11 0.0075370365069414805
0.17 0 0.12 0.006061402588420135
0.17 0 0.13 0.00145776714836588
0.17 0 0.14 0.0004710420959201185
0.17 0 0.15 0.00035723942570065715
0.17 0 0.16 0.00030848482276321735
0.17 0 0.17 0.0011470955664339855
0.17 0 0.18 0.0019469403131013622
0.17 0 0.19 0.0007107176332170289
0.17 0 0.2 0.00030597416717872706
0.17 0 0.21 0.008300706514201667
0.17 0 0.22 0.022613190212349196
0.17 0 0.23 0.04856582142265438
0.17 0 0.24 0.020645874554472123
0.17 0 0.25 0.07043636670158467
0.17 0 0.26 0.029964965259265845
0.17 0 0.27 0.02474097609891581
0.17 0 0.28 0.08701532687429216
0.17 0 0.29 0.017614166273673827
0.17 0 0.3 0.028307501452581527
0.17 0 0.31 0.04513582480757959
0.17 0 0.32 0.051329530681048674
0.17 0 0.33 0.14947081853129676
0.17 0 0.34 0.04697803229965175
0.17 0 0.35000000000000003 0.009272112108965544
0.17 0 0.36 0.018320541444679195
0.17 0 0.37 0.1361598605552321
0.17 0 0.38 1.2183561507211147
0.17 0 0.39 0.21135181851327992
0.17 0 0.4 0.08465371344776351
0.17 0 0.41000000000000003 0.0306802763962537
0.17 0 0.42 0.026942410362126402
0.17 0 0.43 0.12998169051681016
0.17 0 0.44 0.4831533633272696
0.17 0 0.45 0.1092219416263714
0.17 0 0.46 0.055872821758381784
0.17 0 0.47000000000000003 0.026794665893933707
0.17 0 0.48 0.1586901021815709
0.17 0 0.49 0.02319152775291961
0.17 0 0.5 0.0014476520626137477
0.18 0 0.0 0.0839173407112366
0.18 0 0.01 0.3998416115466412
0.18 0 0.02 0.407867707325534
0.18 0 0.03 0.367748494612387
0.18 0 0.04 0.024542715212259748
0.18 0 0.05 0.0031341382605941906
0.18 0 0.06 0.000246741946150667
0.18 0 0.07 0.0002815493028228439
0.18 0 0.08 0.0005042244260896365
0.18 0 0.09 0.0004996973878903186
0.18 0 0.1 0.0010374873969003155
0.18 0 0.11 0.001913763382688144
0.18 0 0.12 0.0019851048963866916
0.18 0 0.13 0.0004591352752875383
0.18 0 0.14 0.0010059410592979524
0.18 0 0.15 0.003019066792955875
0.18 0 0.16 0.0022245755841314926
0.18 0 0.17 0.010848708466363668
0.18 0 0.18 0.011797535471340187
0.18 0 0.19 0.006000455724450823
0.18 0 0.2 0.034952919708442776
0.18 0 0.21 0.2599468676453097
0.18 0 0.22 0.7122300767995501
0.18 0 0.23 0.1677756299305673
0.18 0 0.24 0.1491929514673021
0.18 0 0.25 0.10816065726833277
0.18 0 0.26 0.17283394026094426
0.18 0 0.27 0.12159939873109343
0.18 0 0.28 0.38137647187362944
0.18 0 0.29 0.20916425410366174
0.18 0 0.3 0.2036412772008796
0.18 0 0.31 0.0822721929420664
0.18 0 0.32 0.14486806817707837
0.18 0 0.33 0.09022066424087347
0.18 0 0.34 0.012253365806740793
0.18 0 0.35000000000000003 0.003998568622122105
0.18 0 0.36 0.01903418812739197
0.18 0 0.37 0.060070404905878554
0.18 0 0.38 0.1767476824653699
0.18 0 0.39 0.9107078468327237
0.18 0 0.4 1.1373662718124877
0.18 0 0.41000000000000003 0.19265299662936775
0.18 0 0.42 0.11710634315185296
0.18 0 0.43 0.12981971278910684
0.18 0 0.44 0.684067358963723
0.18 0 0.45 0.08220830849785385
0.18 0 0.46 0.043194631864523894
0.18 0 0.47000000000000003 0.23099688646087307
0.18 0 0.48 0.10791898962521233
0.18 0 0.49 0.020012807491241937
0.18 0 0.5 0.000999575766983954
0.19 0 0.0 0.0012540986182808403
0.19 0 0.01 0.004975318741379525
0.19 0 0.02 0.02215856241901166
0.19 0 0.03 0.030835028533405133
0.19 0 0.04 0.02514040261176742
0.19 0 0.05 0.0014885313817097133
0.19 0 0.06 0.0018836092633842225
0.19 0 0.07 0.0006531470537620715
0.19 0 0.08 0.001878993595999767
0.19 0 0.09 0.0011987930393050463
0.19 0 0.1 0.000532175205571319
0.19 0 0.11 0.00036363192739303536
0.19 0 0.12 0.0007329456235277926
0.19 0 0.13 0.0009216171371973121
0.19 0 0.14 0.0025371328243895476
0.19 0 0.15 0.002555986400649363
0.19 0 0.16 0.004308236253360331
0.19 0 0.17 0.00855006174599723
0.19 0 0.18 0.05255596164685877
0.19 0 0.19 0.15400825240374802
0.19 0 0.2 0.05434123460792697
0.19 0 0.21 0.046154658295016755
0.19 0 0.22 0.11244096148576117
0.19 0 0.23 0.13983712845995477
0.19 0 0.24 0.45327699114664766
0.19 0 0.25 0.5902075306584246
0.19 0 0.26 0.3225810608945477
0.19 0 0.27 0.01733729527743077
0.19 0 0.28 0.17938458520594308
0.19 0 0.29 1.2415499755110126
0.19 0 0.3 0.4042545832801477
0.19 0 0.31 0.6248247019496349
0.19 0 0.32 0.23316932978770524
0.19 0 0.33 0.0979432009908794
0.19 0 0.34 0.02699537233945524
0.19 0 0.35000000000000003 0.1707795193958049
0.19 0 0.36 1.4173002671960975
0.19 0 0.37 1.7419484191416459
0.19 0 0.38 1.1368977724890814
0.19 0 0.39 1.8891458245209196
0.19 0 0.4 0.5996028915846585
0.19 0 0.41000000000000003 0.2852068529681735
0.19 0 0.42 0.04374757117427445
0.19 0 0.43 0.21422730578317772
0.19 0 0.44 1.0945126590659147
0.19 0 0.45 0.5323313226618324
0.19 0 0.46 0.1352205283412932
0.19 0 0.47000000000000003 0.2584810944302538
0.19 0 0.48 0.027891361619334382
0.19 0 0.49 0.004358637656964214
0.19 0 0.5 0.0034343663921308928
0.2 0 0.0 0.00017574514035481904
0.2 0 0.01 0.00021195361345784355
0.2 0 0.02 0.0030051674454965706
0.2 0 0.03 0.003429808317861966
0.2 0 0.04 0.0002700013925293876
0.2 0 0.05 4.2555591369723104e-05
0.2 0 0.06 0.00023528735197040883
0.2 0 0.07 0.002652537197498314
0.2 0 0.08 0.004192551972318727
0.2 0 0.09 0.00856528962507442
0.2 0 0.1 0.005645501251003076
0.2 0 0.11 0.0008182331377182083
0.2 0 0.12 0.0031361946078168144
0.2 0 0.13 0.009074364338684679
0.2 0 0.14 0.004426725569559068
0.2 0 0.15 0.005477196923157119
0.2 0 0.16 0.0016548427581051053
0.2 0 0.17 0.007893345451199971
0.2 0 0.18 0.036328834718888744
0.2 0 0.19 0.22021941757572383
0.2 0 0.2 0.6877970841872458
0.2 0 0.21 0.16126253387308853
0.2 0 0.22 0.14757717925777772
0.2 0 0.23 0.2021547950493863
0.2 0 0.24 0.27983035301794873
0.2 0 0.25 0.1796458696912687
0.2 0 0.26 0.009542496858199778
0.2 0 0.27 0.06064609294381986
0.2 0 0.28 0.20718578825959227
0.2 0 0.29 0.6012387345017699
0.2 0 0.3 0.13678715289086743
0.2 0 0.31 0.09279016386491379
0.2 0 0.32 0.017691126793829965
0.2 0 0.33 0.01722499849002478
0.2 0 0.34 0.05113356863299024
0.2 0 0.35000000000000003 0.4985699068103123
0.2 0 0.36 1.0410303994115697
0.2 0 0.37 2.001398376053452
0.2 0 0.38 3.940029591279582
0.2 0 0.39 36.36814257368995
0.2 0 0.4 94.95332130709212
0.2 0 0.41000000000000003 3.232502620643733
0.2 0 0.42 3.0665352304958784
0.2 0 0.43 5.690922048315808
0.2 0 0.44 6.61096552587276
0.2 0 0.45 0.628149232893509
0.2 0 0.46 0.09894868100041604
0.2 0 0.47000000000000003 0.2880829766399193
0.2 0 0.48 0.023178528156409306
0.2 0 0.49 0.0026361085021682357
0.2 0 0.5 0.003007487282438377
0.21 0 0.0 0.0009568438241797841
0.21 0 0.01 0.0006533248059755662
0.21 0 0.02 0.00292232415662507
0.21 0 0.03 0.0011144472877247767
0.21 0 0.04 0.0003223150124068888
0.21 0 0.05 0.000470778122518288
0.21 0 0.06 0.0026890948072553875
0.21 0 0.07 0.0028557148568386674
0.21 0 0.08 0.0015353766326414845
0.21 0 0.09 0.00353315651839559
0.21 0 0.1 0.0009818112263776963
0.21 0 0.11 0.0007168244818452793
0.21 0 0.12 0.0011480434850313064
0.21 0 0.13 0.012300473314410547
0.21 0 0.14 0.00873805411912147
0.21 0 0.15 0.009494618646543686
0.21 0 0.16 0.008338580976432286
0.21 0 0.17 0.054107406609951406
0.21 0 0.18 0.1026862776287657
0.21 0 0.19 0.07896831131512916
0.21 0 0.2 0.2096562866610622
0.21 0 0.21 0.990331827576303
0.21 0 0.22 0.9100479230252567
0.21 0 0.23 1.1676743934167857
0.21 0 0.24 0.7402394837093044
0.21 0 0.25 0.38285447132349126
0.21 0 0.26 0.2673815108614571
0.21 0 0.27 0.1501711669001018
0.21 0 0.28 0.40846393587488905
0.21 0 0.29 0.28418408353179975
0.21 0 0.3 0.08108108158159548
0.21 0 0.31 0.08055180005537292
0.21 0 0.32 0.043223174464040476
0.21 0 0.33 0.008457108433194235
0.21 0 0.34 0.016954694094449125
0.21 0 0.35000000000000003 0.17852140097015104
0.21 0 0.36 4.930559724893062
0.21 0 0.37 1.4156423227267934
0.21 0 0.38 9.126595381884362
0.21 0 0.39 9.880072474708355
0.21 0 0.4 1.302834889983014
0.21 0 0.41000000000000003 0.6017165680759319
0.21 0 0.42 3.0663691762546508
0.21 0 0.43 8.961051483668543
0.21 0 0.44 2.663930662532329
0.21 0 0.45 0.5007784850650511
0.21 0 0.46 0.10380768477719875
0.21 0 0.47000000000000003 0.04020202787494887
0.21 0 0.48 0.08201959864241298
0.21 0 0.49 0.016640801813709732
0.21 0 0.5 0.02176441712417174
0.22 0 0.0 0.12891554465989477
0.22 0 0.01 0.08387053033884238
0.22 0 0.02 0.026409191308097026
0.22 0 0.03 0.01900362524313423
0.22 0 0.04 0.022004448037340654
0.22 0 0.05 0.017745754102424818
0.22 0 0.06 0.0029555481490208153
0.22 0 0.07 0.0022807529254623288
0.22 0 0.08 0.002057990461452891
0.22 0 0.09 0.0028823119031691474
0.22 0 0.1 0.006024690936912688
0.22 0 0.11 0.001625176751334584
0.22 0 0.12 0.0017253860992471153
0.22 0 0.13 0.019892682704083307
0.22 0 0.14 0.018001018160005627
0.22 0 0.15 0.004223410553015682
0.22 0 0.16 0.0030988149069928537
0.22 0 0.17 0.003494208935412923
0.22 0 0.18 0.03484670049262045
0.22 0 0.19 0.07164399422639428
0.22 0 0.2 2.0327349183740075
0.22 0 0.21 1.779172394314231
0.22 0 0.22 1.4478806179030221
0.22 0 0.23 0.7742040774368594
0.22 0 0.24 0.35652177614172675
0.22 0 0.25 0.5936456052024179
0.22 0 0.26 0.8508534301299822
0.22 0 0.27 0.44735512200269667
0.22 0 0.28 0.43418607395081493
0.22 0 0.29 0.1830594051705257
0.22 0 0.3 0.17444370889718078
0.22 0 0.31 0.2236917535295251
0.22 0 0.32 0.2324185464152816
0.22 0 0.33 0.030532062109126484
0.22 0 0.34 0.0652781710950696
0.22 0 0.35000000000000003 0.12263189343134047
0.22 0 0.36 0.17288071556955933
0.22 0 0.37 0.18992411363276904
0.22 0 0.38 0.7125134918639007
0.22 0 0.39 1.2840328309285343
0.22 0 0.4 0.5752336006468173
0.22 0 0.41000000000000003 0.5761087842644407
0.22 0 0.42 0.7246813839975604
0.22 0 0.43 0.3091698028268854
0.22 0 0.44 0.024528833704806838
0.22 0 0.45 0.007575915001284096
0.22 0 0.46 0.003245680541782807
0.22 0 0.47000000000000003 0.011788423070092603
0.22 0 0.48 0.007321372397536683
0.22 0 0.49 0.02284200128250408
0.22 0 0.5 0.37006971555634455
0.23 0 0.0 0.02912879093564465
0.23 0 0.01 0.017366206416394116
0.23 0 0.02 0.01743317491758904
0.23 0 0.03 0.0018205381820623348
0.23 0 0.04 0.0021672761433185177
0.23 0 0.05 0.0009482252325909738
0.23 0 0.06 0.0024052443582953014
0.23 0 0.07 0.0036141237245189504
0.23 0 0.08 0.0049955695830586015
0.23 0 0.09 0.013787571828777202
0.23 0 0.1 0.0035083789511937513
0.23 0 0.11 0.0023891439236047862
0.23 0 0.12 0.008375738185548882
0.23 0 0.13 0.0058159225204129205
0.23 0 0.14 0.006570098836533107
0.23 0 0.15 0.011612674671567156
0.23 0 0.16 0.1704432240262163
0.23 0 0.17 0.07950389475303561
0.23 0 0.18 0.13128002322855215
0.23 0 0.19 0.16431740304455955
0.23 0 0.2 0.05886315271106215
0.23 0 0.21 0.07854547341861443
0.23 0 0.22 0.13099701239606173
0.23 0 0.23 0.28643736896651584
0.23 0 0.24 0.21890655585815208
0.23 0 0.25 0.028965652666607382
0.23 0 0.26 0.007093263629358746
0.23 0 0.27 0.0019431099401697946
0.23 0 0.28 0.0013696540825951968
0.23 0 0.29 0.009877173885967728
0.23 0 0.3 0.01795205717440588
0.23 0 0.31 0.11037581138329597
0.23 0 0.32 0.05985929250651744
0.23 0 0.33 0.04496278986458452
0.23 0 0.34 0.17722397221095726
0.23 0 0.35000000000000003 0.2996559570487197
0.23 0 0.36 0.18990255357870744
0.23 0 0.37 0.14279249310284958
0.23 0 0.38 0.14244916323284637
0.23 0 0.39 4.38400603474751
0.23 0 0.4 1.4635694979234084
0.23 0 0.41000000000000003 2.131645097657945
0.23 0 0.42 1.7737643590644796
0.23 0 0.43 0.42648054557154225
0.23 0 0.44 0.020019355095317323
0.23 0 0.45 0.0064372615240202045
0.23 0 0.46 0.008449081641383901
0.23 0 0.47000000000000003 0.002211556763462587
0.23 0 0.48 0.0061767341528347845
0.23 0 0.49 0.10227450427932863
0.23 0 0.5 0.44407605137205897
0.24 0 0.0 0.006278820145787608
0.24 0 0.01 0.014798670439098029
0.24 0 0.02 0.010218371727989568
0.24 0 0.03 0.001650192343120757
0.24 0 0.04 0.0004052802846454513
0.24 0 0.05 0.0021725776822608006
0.24 0 0.06 0.0048817673282476985
0.24 0 0.07 0.029551590438556062
0.24 0 0.08 0.012480626897598377
0.24 0 0.09 0.0008756527452487809
0.24 0 0.1 0.0006843552306976939
0.24 0 0.11 0.0021314075702434225
0.24 0 0.12 0.01919993808327061
0.24 0 0.13 0.025225326352284822
0.24 0 0.14 0.005158645023091248
0.24 0 0.15 0.002990766500811931
0.24 0 0.16 0.007884326720201746
0.24 0 0.17 0.08191935125512521
0.24 0 0.18 0.07437188511621862
0.24 0 0.19 0.05843629102519211
0.24 0 0.2 0.13966954771449772
0.24 0 0.21 0.581015058294563
0.24 0 0.22 0.34655919315873046
0.24 0 0.23 1.907696698226913
0.24 0 0.24 0.10674531033046779
0.24 0 0.25 0.007258470075986562
0.24 0 0.26 0.00069312813337549
0.24 0 0.27 0.0013341050232076898
0.24 0 0.28 0.000449814412736613
0.24 0 0.29 0.00036569341091049356
0.24 0 0.3 0.0012395287148108324
0.24 0 0.31 0.001518003392473011
0.24 0 0.32 0.011369309035638528
0.24 0 0.33 0.029873825709453572
0.24 0 0.34 0.051058121068385115
0.24 0 0.35000000000000003 0.0873566723396141
0.24 0 0.36 0.051309118633368206
0.24 0 0.37 0.10205069363443013
0.24 0 0.38 0.31364122854225035
0.24 0 0.39 4.925008272258214
0.24 0 0.4 27.501325677145992
0.24 0 0.41000000000000003 7.046658063267401
0.24 0 0.42 12.74673321538558
0.24 0 0.43 4.258902397408898
0.24 0 0.44 0.5968514384374389
0.24 0 0.45 0.1186476835288567
0.24 0 0.46 0.0145401350034875
0.24 0 0.47000000000000003 0.008919969421957535
0.24 0 0.48 0.021270425562406516
0.24 0 0.49 0.03241757705319766
0.24 0 0.5 0.3282525859932802
0.25 0 0.0 0.010970370049598811
0.25 0 0.01 0.006329178229657212
0.25 0 0.02 0.004751885589361714
0.25 0 0.03 0.005928166017108665
0.25 0 0.04 0.006400086675876981
0.25 0 0.05 0.010587503922542024
0.25 0 0.06 0.004384186022964196
0.25 0 0.07 0.017690321176474396
0.25 0 0.08 0.003800395856873937
0.25 0 0.09 0.0025216382915706163
0.25 0 0.1 0.007117514589601076
0.25 0 0.11 0.024324574933286817
0.25 0 0.12 0.030482906123640848
0.25 0 0.13 0.02604275376725301
0.25 0 0.14 0.007837841625290373
0.25 0 0.15 0.007127407326940539
0.25 0 0.16 0.030344190017715492
0.25 0 0.17 0.1315328505610267
0.25 0 0.18 0.08778440104145754
0.25 0 0.19 0.08206253725068378
0.25 0 0.2 0.018487792072671608
0.25 0 0.21 0.016001236351894692
0.25 0 0.22 0.061047174287584494
0.25 0 0.23 0.18749494650495185
0.25 0 0.24 0.11172147112850278
0.25 0 0.25 0.011725263790052178
0.25 0 0.26 0.02514088155912786
0.25 0 0.27 0.005736005286862714
0.25 0 0.28 0.0028059778303673524
0.25 0 0.29 0.0017462909422097418
0.25 0 0.3 0.005646651051348477
0.25 0 0.31 0.014761406885483946
0.25 0 0.32 0.03292502179226577
0.25 0 0.33 0.015554493363939425
0.25 0 0.34 0.022613723737012432
0.25 0 0.35000000000000003 0.01774574460957822
0.25 0 0.36 0.00790506624776668
0.25 0 0.37 0.003882329420418902
0.25 0 0.38 0.006698603569435227
0.25 0 0.39 0.05077765540668102
0.25 0 0.4 0.41316114582250846
0.25 0 0.41000000000000003 0.902976038367229
0.25 0 0.42 3.986975141736959
0.25 0 0.43 2.7750065804935153
0.25 0 0.44 0.19013272706491002
0.25 0 0.45 0.002233573922226331
0.25 0 0.46 0.0038055969129715114
0.25 0 0.47000000000000003 0.006024317502061121
0.25 0 0.48 0.015215955229703612
0.25 0 0.49 0.029076807980472533
0.25 0 0.5 0.1676385755629078
0.26 0 0.0 0.2721036171656337
0.26 0 0.01 0.27884239576891073
0.26 0 0.02 0.03218015609386724
0.26 0 0.03 0.02830378889532446
0.26 0 0.04 0.0029518623904877753
0.26 0 0.05 0.0006863340765776592
0.26 0 0.06 0.00026425941768232826
0.26 0 0.07 0.00018988308836038933
0.26 0 0.08 0.0013666313051593519
0.26 0 0.09 0.0006071383144809946
0.26 0 0.1 0.003968343620035357
0.26 0 0.11 0.006007928262135779
0.26 0 0.12 0.017377887212272534
0.26 0 0.13 0.0692334311224884
0.26 0 0.14 0.05540073794423158
0.26 0 0.15 0.015887993027770452
0.26 0 0.16 0.01101165378437338
0.26 0 0.17 0.008981711357746813
0.26 0 0.18 0.02993346747680202
0.26 0 0.19 0.0069161048381015215
0.26 0 0.2 0.006387062617521689
0.26 0 0.21 0.012694053013525606
0.26 0 0.22 0.014760272522204297
0.26 0 0.23 0.04773872642303512
0.26 0 0.24 0.15718809249726387
0.26 0 0.25 0.01668053698107261
0.26 0 0.26 0.004161948611958281
0.26 0 0.27 0.0010247189913963107
0.26 0 0.28 0.000703054175758184
0.26 0 0.29 0.00024314004554620627
0.26 0 0.3 0.0042474775217594095
0.26 0 0.31 0.025470658462367707
0.26 0 0.32 0.010242238833339266
0.26 0 0.33 0.012606554121280372
0.26 0 0.34 0.007888019233690636
0.26 0 0.35000000000000003 0.0017455999249108276
0.26 0 0.36 0.00023378996123545105
0.26 0 0.37 0.000912306849921516
0.26 0 0.38 0.0028670326495824484
0.26 0 0.39 0.004912766107728378
0.26 0 0.4 0.019393353304950154
0.26 0 0.41000000000000003 0.022902807311187715
0.26 0 0.42 0.06983202340480951
0.26 0 0.43 0.37770889474895303
0.26 0 0.44 0.05617440862256826
0.26 0 0.45 0.010464293209940755
0.26 0 0.46 0.005092321902474926
0.26 0 0.47000000000000003 0.009750468009663348
0.26 0 0.48 0.0031413246549855944
0.26 0 0.49 0.003090234688888531
0.26 0 0.5 0.012200106306806105
0.27 0 0.0 0.017146720975959356
0.27 0 0.01 0.013653169003274769
0.27 0 0.02 0.02195709130850323
0.27 0 0.03 0.0007398533799109172
0.27 0 0.04 7.554043454129647e-05
0.27 0 0.05 3.557609192776099e-05
0.27 0 0.06 7.278433857654365e-05
0.27 0 0.07 5.635720807634687e-05
0.27 0 0.08 0.00013324817561954585
0.27 0 0.09 0.00010597477251957676
0.27 0 0.1 0.00015774133770870213
0.27 0 0.11 0.0010815627765537407
0.27 0 0.12 0.014019448764718048
0.27 0 0.13 0.037728889586668424
0.27 0 0.14 0.07377951909913051
0.27 0 0.15 0.017509469304337437
0.27 0 0.16 0.009452655009799723
0.27 0 0.17 0.007987255106853414
0.27 0 0.18 0.0010166238316118021
0.27 0 0.19 0.0004230811449577215
0.27 0 0.2 0.0005678085031387332
0.27 0 0.21 0.012580939977465485
0.27 0 0.22 0.10882779598415515
0.27 0 0.23 0.14672235063020803
0.27 0 0.24 0.1990603485784969
0.27 0 0.25 0.012614552180602522
0.27 0 0.26 0.004197516439205297
0.27 0 0.27 0.007192399841709331
0.27 0 0.28 0.0007274912782254826
0.27 0 0.29 0.0008814663979392608
0.27 0 0.3 0.00014892261209932983
0.27 0 0.31 0.0005414080274284133
0.27 0 0.32 0.001205347764771674
0.27 0 0.33 0.008134875614114502
0.27 0 0.34 0.030232561722483484
0.27 0 0.35000000000000003 0.01286159195571116
0.27 0 0.36 0.0006441443837106088
0.27 0 0.37 0.0005085659679755591
0.27 0 0.38 0.003007454749433949
0.27 0 0.39 0.018917934195811635
0.27 0 0.4 0.009879397070759048
0.27 0 0.41000000000000003 0.021660635320718997
0.27 0 0.42 0.33165478211964794
0.27 0 0.43 0.35124046160217953
0.27 0 0.44 0.12019892117246854
0.27 0 0.45 0.03532985468877421
0.27 0 0.46 0.015598602487500961
0.27 0 0.47000000000000003 0.010751471630183097
0.27 0 0.48 0.0068774496093278415
0.27 0 0.49 0.03170990814607125
0.27 0 0.5 0.009370768875895595
0.28 0 0.0 0.25539870180527746
0.28 0 0.01 0.19262801582739986
0.28 0 0.02 0.020430369171081427
0.28 0 0.03 0.001037053855156745
0.28 0 0.04 0.0003624935243712491
0.28 0 0.05 0.0005152028915857182
0.28 0 0.06 0.0009493462476383328
0.28 0 0.07 0.0005550063730844809
0.28 0 0.08 0.0005426479027471652
0.28 0 0.09 0.00022039872163566438
0.28 0 0.1 0.0006635032120533523
0.28 0 0.11 0.017731908906167753
0.28 0 0.12 0.030632582354167815
0.28 0 0.13 0.09235657376027571
0.28 0 0.14 0.015025985213484421
0.28 0 0.15 0.019242620843668033
0.28 0 0.16 0.015319937176912107
0.28 0 0.17 0.046365490448936515
0.28 0 0.18 0.01792567788033522
0.28 0 0.19 0.0053281688123036925
0.28 0 0.2 0.002275926242047488
0.28 0 0.21 0.024842090579095474
0.28 0 0.22 0.26113067477010515
0.28 0 0.23 0.3199458057548157
0.28 0 0.24 0.11072367382086308
0.28 0 0.25 0.13776099712092366
0.28 0 0.26 0.20113104296562367
0.28 0 0.27 0.39612112599332366
0.28 0 0.28 0.07349574285727804
0.28 0 0.29 0.002342816406325008
0.28 0 0.3 0.000588467706290916
0.28 0 0.31 0.0017437458428731247
0.28 0 0.32 0.00966649421801641
0.28 0 0.33 0.017910952386324164
0.28 0 0.34 0.02992881691457936
0.28 0 0.35000000000000003 0.014794765441863426
0.28 0 0.36 0.001510732528236494
0.28 0 0.37 0.005744647323838132
0.28 0 0.38 0.20920166209453941
0.28 0 0.39 0.04867075797564724
0.28 0 0.4 0.03825097462184119
0.28 0 0.41000000000000003 0.028673046572841157
0.28 0 0.42 0.03947882027637757
0.28 0 0.43 0.026575744507332955
0.28 0 0.44 0.008892584563039515
0.28 0 0.45 0.037024360133762445
0.28 0 0.46 0.05696047275169715
0.28 0 0.47000000000000003 0.025755691687044002
0.28 0 0.48 0.01234757266152264
0.28 0 0.49 0.006828815435780159
0.28 0 0.5 0.025523763857828237
0.29 0 0.0 33.017882859039375
0.29 0 0.01 5.556893125033884
0.29 0 0.02 0.5282124510905768
0.29 0 0.03 0.04800860456130917
0.29 0 0.04 0.01281181196533937
0.29 0 0.05 0.04209053074664038
0.29 0 0.06 0.008008485698074417
0.29 0 0.07 0.0018864896792639392
0.29 0 0.08 0.0019896016832502156
0.29 0 0.09 0.018289359045440403
0.29 0 0.1 0.006821117379361896
0.29 0 0.11 0.007410659258301387
0.29 0 0.12 0.031228935282197008
0.29 0 0.13 0.052761421129582216
0.29 0 0.14 0.08316322263305058
0.29 0 0.15 1.2247390484499279
0.29 0 0.16 4.521171769989641
0.29 0 0.17 0.7724743653001825
0.29 0 0.18 0.4262223853238656
0.29 0 0.19 0.23962217673948202
0.29 0 0.2 0.08621524936413096
0.29 0 0.21 0.01871228351135644
0.29 0 0.22 0.17965644216362028
0.29 0 0.23 0.12184313551610895
0.29 0 0.24 0.22276190857901995
0.29 0 0.25 0.249051362183663
0.29 0 0.26 0.31047357441181916
0.29 0 0.27 0.6280981582571853
0.29 0 0.28 0.21055380107294777
0.29 0 0.29 0.08596414512467178
0.29 0 0.3 0.03372501650511296
0.29 0 0.31 0.007167831790451676
0.29 0 0.32 0.011134321284046856
0.29 0 0.33 0.021057079245672836
0.29 0 0.34 0.10711235604721275
0.29 0 0.35000000000000003 0.04977763966599966
0.29 0 0.36 0.038975104108725296
0.29 0 0.37 0.025266946886620636
0.29 0 0.38 0.04429897957331557
0.29 0 0.39 0.020331954865817514
0.29 0 0.4 0.027480064700535933
0.29 0 0.41000000000000003 0.025105774151506388
0.29 0 0.42 0.01785090714347886
0.29 0 0.43 0.004248784184814289
0.29 0 0.44 0.0010021770523253285
0.29 0 0.45 0.0022045849517529185
0.29 0 0.46 0.005309566548475333
0.29 0 0.47000000000000003 0.001214282409397425
0.29 0 0.48 0.0008120466735205238
0.29 0 0.49 0.0027438461785316594
0.29 0 0.5 0.0017127576947012892
0.3 0 0.0 1.3694654193344236
0.3 0 0.01 0.6395456287301204
0.3 0 0.02 0.09680727390488934
0.3 0 0.03 0.008959454008194458
0.3 0 0.04 0.0029366725516939475
0.3 0 0.05 0.004302088494411668
0.3 0 0.06 0.014746196347427645
0.3 0 0.07 0.0035868056728459363
0.3 0 0.08 0.015298649645669161
0.3 0 0.09 0.006889088041602768
0.3 0 0.1 0.0020846293098204316
0.3 0 0.11 0.006020136572353615
0.3 0 0.12 0.010991600780497277
0.3 0 0.13 0.03417619236892408
0.3 0 0.14 0.21305950028125423
0.3 0 0.15 0.5898762332092484
0.3 0 0.16 4.288197276481112
0.3 0 0.17 1.2021375723696277
0.3 0 0.18 3.5711026236580983
0.3 0 0.19 1.5167875454824877
0.3 0 0.2 0.5786440879025283
0.3 0 0.21 0.13819928408670887
0.3 0 0.22 0.08677116935443119
0.3 0 0.23 0.21975129712605962
0.3 0 0.24 0.22616933829237781
0.3 0 0.25 0.48046164966990434
0.3 0 0.26 2.0362271411209005
0.3 0 0.27 1.557288579382175
0.3 0 0.28 0.4821612356145755
0.3 0 0.29 0.2947880432198643
0.3 0 0.3 0.3928745589333456
0.3 0 0.31 0.051929253138332646
0.3 0 0.32 0.003270845455232115
0.3 0 0.33 0.004615969096086111
0.3 0 0.34 0.011309000450112244
0.3 0 0.35000000000000003 0.020959557128685725
0.3 0 0.36 0.013120489588036377
0.3 0 0.37 0.01574159307015537
0.3 0 0.38 0.0654953125233423
0.3 0 0.39 0.03180368688012992
0.3 0 0.4 0.013807236366392106
0.3 0 0.41000000000000003 0.12552232653891887
0.3 0 0.42 0.020593228071310914
0.3 0 0.43 0.011240205647057012
0.3 0 0.44 0.0059232431748853075
0.3 0 0.45 0.01936132037764027
0.3 0 0.46 0.0028790147075143497
0.3 0 0.47000000000000003 0.00039034224247617766
0.3 0 0.48 0.0017727969619535974
0.3 0 0.49 0.0039028945267599842
0.3 0 0.5 0.0029217323233052864
#STOP
