#MEDIUM_PROPERTIES_DISTRIBUTED
$MSH_TYPE
	 GROUNDWATER_FLOW	
$MMP_TYPE
	 PERMEABILITY	
$DIS_TYPE
	 NEAREST_VALUE	
;hj
$CONVERSION_FACTOR
2e-8;2e-6;2e-13
$DATA
0.0 0 0.0 0.146595092446555
0.0 0 0.01 0.13129599597490405
0.0 0 0.02 0.5599234445647193
0.0 0 0.03 0.6439013075581687
0.0 0 0.04 0.594423577010492
0.0 0 0.05 0.40015171381159687
0.0 0 0.06 0.21011353604811378
0.0 0 0.07 0.1602368252187054
0.0 0 0.08 0.06154440733144746
0.0 0 0.09 0.1369352765775901
0.0 0 0.1 0.13508400517605973
0.0 0 0.11 0.10256949627798748
0.0 0 0.12 0.23697407428964512
0.0 0 0.13 0.20122580396680215
0.0 0 0.14 0.22736277956679252
0.0 0 0.15 0.180542504291102
0.0 0 0.16 0.4311261887675373
0.0 0 0.17 0.5579305778754416
0.0 0 0.18 0.27314245997173814
0.0 0 0.19 0.9157532765353511
0.0 0 0.2 1.0802893466319297
0.0 0 0.21 1.29934371184802
0.0 0 0.22 1.8830924739239483
0.0 0 0.23 2.609543955159854
0.0 0 0.24 3.5646619561387616
0.0 0 0.25 1.8157038067051403
0.0 0 0.26 5.042764453631221
0.0 0 0.27 3.864078959174125
0.0 0 0.28 1.099956553677112
0.0 0 0.29 0.7972453261793554
0.0 0 0.3 0.44187233052668934
0.0 0 0.31 0.7197583925475759
0.0 0 0.32 0.7847365668451037
0.0 0 0.33 1.564945189903401
0.0 0 0.34 1.4203009751577085
0.0 0 0.35000000000000003 0.41300077676091296
0.0 0 0.36 0.5254598197835605
0.0 0 0.37 0.29187621045084616
0.0 0 0.38 0.31162599857697326
0.0 0 0.39 0.39983121420990503
0.0 0 0.4 0.42267560743634836
0.0 0 0.41000000000000003 0.6815167730147051
0.0 0 0.42 0.4674162293284664
0.0 0 0.43 0.8828965068612142
0.0 0 0.44 0.5867391105700265
0.0 0 0.45 0.41366507866895413
0.0 0 0.46 0.6843637440936821
0.0 0 0.47000000000000003 0.30669692076574473
0.0 0 0.48 0.17882478368297844
0.0 0 0.49 0.05836163744052977
0.0 0 0.5 0.04534333025616807
0.01 0 0.0 1.3835143764836353
0.01 0 0.01 2.395809044381321
0.01 0 0.02 1.3920652893112404
0.01 0 0.03 1.1874446293547276
0.01 0 0.04 0.9022564013397596
0.01 0 0.05 0.5731852287766022
0.01 0 0.06 0.26078814564082126
0.01 0 0.07 0.1736306306777469
0.01 0 0.08 0.18452623702030244
0.01 0 0.09 0.10093513567141423
0.01 0 0.1 0.14191896893133835
0.01 0 0.11 0.1496156906263669
0.01 0 0.12 0.08582255361687761
0.01 0 0.13 0.06774513428060133
0.01 0 0.14 0.0664064059151287
0.01 0 0.15 0.11840955472643556
0.01 0 0.16 0.12092971466103612
0.01 0 0.17 0.27663901086172626
0.01 0 0.18 0.6366610395308311
0.01 0 0.19 0.6293639892339994
0.01 0 0.2 1.0912807944055432
0.01 0 0.21 1.1504331693499315
0.01 0 0.22 1.1592130754139476
0.01 0 0.23 0.5938257690427364
0.01 0 0.24 0.4083497575582878
0.01 0 0.25 0.4348956062484625
0.01 0 0.26 0.12159387435119472
0.01 0 0.27 0.05516105271498418
0.01 0 0.28 0.025776113491141575
0.01 0 0.29 0.020392090209533115
0.01 0 0.3 0.022782289962787118
0.01 0 0.31 0.028461383256682883
0.01 0 0.32 0.10559080002148333
0.01 0 0.33 0.10909626144390185
0.01 0 0.34 0.1351775455484668
0.01 0 0.35000000000000003 0.25184695358339126
0.01 0 0.36 0.3341489679697474
0.01 0 0.37 0.42398439890754375
0.01 0 0.38 0.2678183316891437
0.01 0 0.39 0.5198075571815634
0.01 0 0.4 0.36921256829290544
0.01 0 0.41000000000000003 0.1622223023834658
0.01 0 0.42 0.2084937277287314
0.01 0 0.43 0.17064179806845756
0.01 0 0.44 0.25304857615748294
0.01 0 0.45 0.3094358307261951
0.01 0 0.46 0.7381337856805361
0.01 0 0.47000000000000003 0.8109751156533246
0.01 0 0.48 0.2859819969196829
0.01 0 0.49 0.44177191106292585
0.01 0 0.5 0.3073730348109729
0.02 0 0.0 0.24744979202711928
0.02 0 0.01 0.14206111459947537
0.02 0 0.02 0.19330303439001428
0.02 0 0.03 0.1934548410982735
0.02 0 0.04 0.17846156639671462
0.02 0 0.05 0.06421963793491182
0.02 0 0.06 0.02267104659739917
0.02 0 0.07 0.03267893375231773
0.02 0 0.08 0.031649998801578316
0.02 0 0.09 0.09234203041324855
0.02 0 0.1 0.3007485320480001
0.02 0 0.11 0.5080957024651923
0.02 0 0.12 0.6512388683949575
0.02 0 0.13 0.7484117961431186
0.02 0 0.14 2.162847823451739
0.02 0 0.15 1.980400346434425
0.02 0 0.16 1.8546375081324167
0.02 0 0.17 2.0729879463718506
0.02 0 0.18 0.8846144790171467
0.02 0 0.19 0.559656038919346
0.02 0 0.2 0.35634854110602787
0.02 0 0.21 0.36215238645881365
0.02 0 0.22 0.25168862245245516
0.02 0 0.23 0.21228876148208425
0.02 0 0.24 0.21877878814432275
0.02 0 0.25 0.052199642265505664
0.02 0 0.26 0.022688559242123093
0.02 0 0.27 0.014199226797153219
0.02 0 0.28 0.008893799923475526
0.02 0 0.29 0.007472493926143607
0.02 0 0.3 0.007849364041050416
0.02 0 0.31 0.008966009206274635
0.02 0 0.32 0.0038164111337717294
0.02 0 0.33 0.005289053621489732
0.02 0 0.34 0.011595446989143103
0.02 0 0.35000000000000003 0.008522576857516279
0.02 0 0.36 0.009256280989622152
0.02 0 0.37 0.0175691099483727
0.02 0 0.38 0.04185593091960559
0.02 0 0.39 0.054387873229705806
0.02 0 0.4 0.13233540283572115
0.02 0 0.41000000000000003 0.2581906133823863
0.02 0 0.42 0.09485149884456308
0.02 0 0.43 0.0721130791210899
0.02 0 0.44 0.10485145062127799
0.02 0 0.45 0.10393329242175173
0.02 0 0.46 0.04835577262715584
0.02 0 0.47000000000000003 0.028795929489488822
0.02 0 0.48 0.022610378587079167
0.02 0 0.49 0.009568422561890251
0.02 0 0.5 0.01768212816906708
0.03 0 0.0 0.08035501917998863
0.03 0 0.01 0.1513111391605561
0.03 0 0.02 0.1606638857134526
0.03 0 0.03 0.11212736792316695
0.03 0 0.04 0.024548290586749615
0.03 0 0.05 0.026745780321484922
0.03 0 0.06 0.02380903823297861
0.03 0 0.07 0.03137262335492131
0.03 0 0.08 0.2314946397386934
0.03 0 0.09 0.3421606300805074
0.03 0 0.1 0.3458615771859087
0.03 0 0.11 0.19971439582470152
0.03 0 0.12 0.2399396116212102
0.03 0 0.13 0.2689401569849582
0.03 0 0.14 0.12302112398070511
0.03 0 0.15 0.2780296367391183
0.03 0 0.16 0.180152806405824
0.03 0 0.17 0.11435276570710025
0.03 0 0.18 0.11207963125549796
0.03 0 0.19 0.0992359879030266
0.03 0 0.2 0.16575637419988876
0.03 0 0.21 0.08237270225669584
0.03 0 0.22 0.08784849216366304
0.03 0 0.23 0.03418950599145724
0.03 0 0.24 0.006795201911544793
0.03 0 0.25 0.004163355158623374
0.03 0 0.26 0.002007160437141657
0.03 0 0.27 0.004107162929185306
0.03 0 0.28 0.005398837629077789
0.03 0 0.29 0.010746269357352595
0.03 0 0.3 0.03846021160196926
0.03 0 0.31 0.07269701771628753
0.03 0 0.32 0.3159318296953594
0.03 0 0.33 0.2822534271402454
0.03 0 0.34 0.19776571882410504
0.03 0 0.35000000000000003 0.09579720305204095
0.03 0 0.36 0.03769039964468561
0.03 0 0.37 0.06496276966503325
0.03 0 0.38 0.0495079579686579
0.03 0 0.39 0.06062486577487468
0.03 0 0.4 0.03856475309493345
0.03 0 0.41000000000000003 0.02476078550336063
0.03 0 0.42 0.05256177377803329
0.03 0 0.43 0.06220522695515867
0.03 0 0.44 0.11603968564073427
0.03 0 0.45 0.044634193919206755
0.03 0 0.46 0.014072610994736043
0.03 0 0.47000000000000003 0.006946904451710106
0.03 0 0.48 0.0022206713572714243
0.03 0 0.49 0.0036481211172035982
0.03 0 0.5 0.005154650359088014
0.04 0 0.0 0.11711312334214619
0.04 0 0.01 0.11570646977887697
0.04 0 0.02 0.06883185319650881
0.04 0 0.03 0.030449913440422915
0.04 0 0.04 0.03457999017443536
0.04 0 0.05 0.03980489583114163
0.04 0 0.06 0.10673620331719533
0.04 0 0.07 0.2588539608267593
0.04 0 0.08 0.39043599633707854
0.04 0 0.09 0.546510895964468
0.04 0 0.1 0.5473458709706598
0.04 0 0.11 1.111962643894759
0.04 0 0.12 0.9153747765173526
0.04 0 0.13 0.762317429255047
0.04 0 0.14 0.9494196248274669
0.04 0 0.15 0.5615690053017913
0.04 0 0.16 0.37101714089211146
0.04 0 0.17 0.17865374213959803
0.04 0 0.18 0.14535537618958275
0.04 0 0.19 0.05754301186206077
0.04 0 0.2 0.025060385490039156
0.04 0 0.21 0.04697557954221887
0.04 0 0.22 0.030770675956790887
0.04 0 0.23 0.020437928572780387
0.04 0 0.24 0.018396211639456955
0.04 0 0.25 0.024412736186467113
0.04 0 0.26 0.023330921654571467
0.04 0 0.27 0.01893986252558686
0.04 0 0.28 0.0934407780823521
0.04 0 0.29 0.1352122764855475
0.04 0 0.3 0.12394907841562149
0.04 0 0.31 0.19815230886664112
0.04 0 0.32 0.16908250703929747
0.04 0 0.33 0.1336472874948545
0.04 0 0.34 0.10955224461966631
0.04 0 0.35000000000000003 0.5048474912292035
0.04 0 0.36 0.7899280646996237
0.04 0 0.37 0.40686548756612245
0.04 0 0.38 0.5023381668488996
0.04 0 0.39 0.19625093210548955
0.04 0 0.4 0.0970952072430627
0.04 0 0.41000000000000003 0.05203952136704123
0.04 0 0.42 0.03814107614244361
0.04 0 0.43 0.015400564470662743
0.04 0 0.44 0.0036486922658309218
0.04 0 0.45 0.0067372721048773445
0.04 0 0.46 0.005943539255704282
0.04 0 0.47000000000000003 0.0070254449084675655
0.04 0 0.48 0.015701312393019865
0.04 0 0.49 0.019276776425749865
0.04 0 0.5 0.033482906165997924
0.05 0 0.0 0.28498563708323205
0.05 0 0.01 0.1106631344185
0.05 0 0.02 0.058729630751331315
0.05 0 0.03 0.11693619468539454
0.05 0 0.04 0.07847963987599559
0.05 0 0.05 0.10830216532300471
0.05 0 0.06 0.2110616837229196
0.05 0 0.07 0.23507895036154322
0.05 0 0.08 0.35877337466079146
0.05 0 0.09 0.4406605504057152
0.05 0 0.1 0.6040517983990035
0.05 0 0.11 0.2336824183920152
0.05 0 0.12 0.1491280566628734
0.05 0 0.13 0.22888707946612175
0.05 0 0.14 0.1891454610793943
0.05 0 0.15 0.27813684378301257
0.05 0 0.16 0.1891624863921836
0.05 0 0.17 0.06797697437157627
0.05 0 0.18 0.022762285917121903
0.05 0 0.19 0.017663499946759434
0.05 0 0.2 0.028168690642163943
0.05 0 0.21 0.015184757394668789
0.05 0 0.22 0.014743808050513948
0.05 0 0.23 0.012312332625373111
0.05 0 0.24 0.007609997075291094
0.05 0 0.25 0.014459578613466742
0.05 0 0.26 0.06182940453671085
0.05 0 0.27 0.34912182905474753
0.05 0 0.28 0.6808231823219201
0.05 0 0.29 1.7614419031727306
0.05 0 0.3 3.2803860775623748
0.05 0 0.31 1.7711417867650674
0.05 0 0.32 1.5438731824096152
0.05 0 0.33 1.421677939089904
0.05 0 0.34 1.1017153726880307
0.05 0 0.35000000000000003 0.43415275622802596
0.05 0 0.36 0.23629384616101706
0.05 0 0.37 0.21610242405902608
0.05 0 0.38 0.12182918650623306
0.05 0 0.39 0.1411322435225334
0.05 0 0.4 0.15262490428627895
0.05 0 0.41000000000000003 0.11221468147940002
0.05 0 0.42 0.05480773590941651
0.05 0 0.43 0.027393823129686242
0.05 0 0.44 0.02518658019030624
0.05 0 0.45 0.012203173271918534
0.05 0 0.46 0.006190666018632752
0.05 0 0.47000000000000003 0.0031527334255516655
0.05 0 0.48 0.0022463158722992806
0.05 0 0.49 0.0029706593727014414
0.05 0 0.5 0.003938158459616091
0.06 0 0.0 1.8202943941654408
0.06 0 0.01 2.8278270559768144
0.06 0 0.02 3.082130365383819
0.06 0 0.03 1.717794158380424
0.06 0 0.04 3.3805997471559075
0.06 0 0.05 3.3242067053778293
0.06 0 0.06 7.53982311875833
0.06 0 0.07 11.182712247831239
0.06 0 0.08 15.743358880436514
0.06 0 0.09 18.17051635891907
0.06 0 0.1 3.4913849166283537
0.06 0 0.11 2.622315584275727
0.06 0 0.12 1.9497584207784506
0.06 0 0.13 1.8725666712791103
0.06 0 0.14 1.503987833497229
0.06 0 0.15 0.6706431395357941
0.06 0 0.16 0.9780958554131434
0.06 0 0.17 0.5404144608710482
0.06 0 0.18 1.0531221282482441
0.06 0 0.19 2.8205257338103276
0.06 0 0.2 2.353227663771229
0.06 0 0.21 2.069149752985647
0.06 0 0.22 0.8138636890507529
0.06 0 0.23 0.9154189370895438
0.06 0 0.24 0.4855764727144684
0.06 0 0.25 0.397947658506115
0.06 0 0.26 1.1342648075893451
0.06 0 0.27 1.0935915984290854
0.06 0 0.28 2.545919712924775
0.06 0 0.29 3.313063338004032
0.06 0 0.3 3.9617521696271325
0.06 0 0.31 4.047952832816141
0.06 0 0.32 3.466084930783836
0.06 0 0.33 8.675395048375426
0.06 0 0.34 3.9329333906974004
0.06 0 0.35000000000000003 2.8014889307732327
0.06 0 0.36 1.973596031405191
0.06 0 0.37 0.6300244477702599
0.06 0 0.38 0.500844508807564
0.06 0 0.39 0.2924731517054551
0.06 0 0.4 0.2599387194788574
0.06 0 0.41000000000000003 0.07627693155642305
0.06 0 0.42 0.04566612365408094
0.06 0 0.43 0.0704851626374555
0.06 0 0.44 0.022870299595759418
0.06 0 0.45 0.022821971074932983
0.06 0 0.46 0.027327812997226107
0.06 0 0.47000000000000003 0.037068591895173496
0.06 0 0.48 0.05285036498802144
0.06 0 0.49 0.08936343935126961
0.06 0 0.5 0.2236813258149134
0.07 0 0.0 0.41206926715226944
0.07 0 0.01 0.4882951441180696
0.07 0 0.02 0.6598619080487318
0.07 0 0.03 1.451681501876657
0.07 0 0.04 2.371141846575629
0.07 0 0.05 2.9973677399721095
0.07 0 0.06 2.8672308498266226
0.07 0 0.07 5.062188650623994
0.07 0 0.08 2.1500491087192457
0.07 0 0.09 0.9678881382025188
0.07 0 0.1 1.94207564787828
0.07 0 0.11 2.1344915002642115
0.07 0 0.12 2.287543797794908
0.07 0 0.13 2.589667029603901
0.07 0 0.14 4.509877959445767
0.07 0 0.15 2.7847175243821383
0.07 0 0.16 1.5364037444534266
0.07 0 0.17 4.1409561566301685
0.07 0 0.18 2.824585614673576
0.07 0 0.19 1.8355934831303098
0.07 0 0.2 2.6026300356131453
0.07 0 0.21 4.197920284250928
0.07 0 0.22 4.365181371507596
0.07 0 0.23 3.4659096508083276
0.07 0 0.24 15.406512722000256
0.07 0 0.25 26.844782061332005
0.07 0 0.26 40.484661064373164
0.07 0 0.27 115.30342287860778
0.07 0 0.28 82.53920800062659
0.07 0 0.29 39.5106209765381
0.07 0 0.3 13.732100208573907
0.07 0 0.31 15.609800682010082
0.07 0 0.32 12.063429047302792
0.07 0 0.33 6.408145774322413
0.07 0 0.34 11.16423494858489
0.07 0 0.35000000000000003 6.280212732889003
0.07 0 0.36 5.638576454045961
0.07 0 0.37 5.127584704458263
0.07 0 0.38 3.573633872857168
0.07 0 0.39 2.2601037383378095
0.07 0 0.4 0.7595612291197248
0.07 0 0.41000000000000003 0.7886305180976254
0.07 0 0.42 0.23804001503360522
0.07 0 0.43 0.07606524400074555
0.07 0 0.44 0.054046301581594305
0.07 0 0.45 0.02870977642834729
0.07 0 0.46 0.057913410023722016
0.07 0 0.47000000000000003 0.1027820673459145
0.07 0 0.48 0.3024193693708283
0.07 0 0.49 0.3000972255050186
0.07 0 0.5 0.1514403677090285
0.08 0 0.0 0.01746229256381402
0.08 0 0.01 0.024086432399852222
0.08 0 0.02 0.048816564880653134
0.08 0 0.03 0.06684313986860138
0.08 0 0.04 0.16011613639254207
0.08 0 0.05 0.1766147047965946
0.08 0 0.06 0.19709669590970497
0.08 0 0.07 0.12971162911679518
0.08 0 0.08 0.10830238636342832
0.08 0 0.09 0.1477960165785031
0.08 0 0.1 0.1141251316208718
0.08 0 0.11 0.1903952317237961
0.08 0 0.12 0.19984758954571855
0.08 0 0.13 0.23214874325484075
0.08 0 0.14 0.4397159264872815
0.08 0 0.15 0.8270121886720504
0.08 0 0.16 1.9103088137713717
0.08 0 0.17 1.6733787644253184
0.08 0 0.18 2.1895106501161283
0.08 0 0.19 2.7146180625668155
0.08 0 0.2 2.399018435020032
0.08 0 0.21 2.6853835537988306
0.08 0 0.22 2.0153530806281887
0.08 0 0.23 2.6394293718052535
0.08 0 0.24 2.9822859745064227
0.08 0 0.25 5.554844507580196
0.08 0 0.26 15.431718968014723
0.08 0 0.27 17.921590538282825
0.08 0 0.28 14.882080615204053
0.08 0 0.29 8.101981745935294
0.08 0 0.3 8.477689799899904
0.08 0 0.31 7.975726556683106
0.08 0 0.32 6.637116903458201
0.08 0 0.33 10.468027437032296
0.08 0 0.34 7.2675852575081095
0.08 0 0.35000000000000003 3.0943415949050213
0.08 0 0.36 1.2071976940294877
0.08 0 0.37 0.9909318197777269
0.08 0 0.38 0.9517578627020734
0.08 0 0.39 0.7605637606690919
0.08 0 0.4 1.3784639857248941
0.08 0 0.41000000000000003 1.06279579592739
0.08 0 0.42 0.5033370501226239
0.08 0 0.43 0.42850832007040485
0.08 0 0.44 0.814317570283109
0.08 0 0.45 1.6672628502271098
0.08 0 0.46 1.6396114507279802
0.08 0 0.47000000000000003 1.9685705256937103
0.08 0 0.48 0.9005061909231868
0.08 0 0.49 0.34471821681442183
0.08 0 0.5 0.3149667870643406
0.09 0 0.0 0.011926706368089424
0.09 0 0.01 0.013318139919224401
0.09 0 0.02 0.02380925692262697
0.09 0 0.03 0.016832925029748237
0.09 0 0.04 0.014154763086436074
0.09 0 0.05 0.026668939527312682
0.09 0 0.06 0.008050608946076213
0.09 0 0.07 0.010187457122266898
0.09 0 0.08 0.01861644461866875
0.09 0 0.09 0.019086974657944275
0.09 0 0.1 0.01414931735444155
0.09 0 0.11 0.008721987434036602
0.09 0 0.12 0.02124303681522671
0.09 0 0.13 0.013463021931786138
0.09 0 0.14 0.02197363838556442
0.09 0 0.15 0.06768729181020823
0.09 0 0.16 0.06308401701543025
0.09 0 0.17 0.17134439518767347
0.09 0 0.18 0.44012828034319834
0.09 0 0.19 1.6039265736626402
0.09 0 0.2 1.3992169572885862
0.09 0 0.21 0.9335605783261999
0.09 0 0.22 1.583509500756197
0.09 0 0.23 0.813482613605535
0.09 0 0.24 1.9429975196302536
0.09 0 0.25 3.4321552817331282
0.09 0 0.26 2.105914751778521
0.09 0 0.27 1.0695866839188573
0.09 0 0.28 0.4878285440972996
0.09 0 0.29 0.7265629301615947
0.09 0 0.3 0.4001969297505333
0.09 0 0.31 0.7615412439913926
0.09 0 0.32 1.9554670122268243
0.09 0 0.33 1.1672147676740625
0.09 0 0.34 1.9061059473887907
0.09 0 0.35000000000000003 2.543601797239903
0.09 0 0.36 4.304590957675981
0.09 0 0.37 3.374365229915346
0.09 0 0.38 3.76170526031659
0.09 0 0.39 6.492599724827531
0.09 0 0.4 1.4130141538117595
0.09 0 0.41000000000000003 0.8366831953838493
0.09 0 0.42 0.6218319233607711
0.09 0 0.43 0.4533877393820058
0.09 0 0.44 0.4962854925517092
0.09 0 0.45 0.5564643477341138
0.09 0 0.46 1.4940741045057702
0.09 0 0.47000000000000003 0.973869070109702
0.09 0 0.48 1.139908713257632
0.09 0 0.49 1.7036232695452997
0.09 0 0.5 0.7769730131779491
0.1 0 0.0 0.0827494567021451
0.1 0 0.01 0.09214800242860735
0.1 0 0.02 0.1396138604117551
0.1 0 0.03 0.3453942608862288
0.1 0 0.04 0.1762847283654134
0.1 0 0.05 0.0697858767444443
0.1 0 0.06 0.08961938782550273
0.1 0 0.07 0.04699982048195587
0.1 0 0.08 0.033983758328027344
0.1 0 0.09 0.03654287221307305
0.1 0 0.1 0.05949318937036366
0.1 0 0.11 0.05488487864260646
0.1 0 0.12 0.03608505605752458
0.1 0 0.13 0.0802035093125221
0.1 0 0.14 0.06237261854323227
0.1 0 0.15 0.06274978201793495
0.1 0 0.16 0.10146254408149478
0.1 0 0.17 0.1015251657504836
0.1 0 0.18 0.06979240453752117
0.1 0 0.19 0.020162428726306733
0.1 0 0.2 0.021209950857015505
0.1 0 0.21 0.0211924360658113
0.1 0 0.22 0.0262326054534069
0.1 0 0.23 0.058942990735528694
0.1 0 0.24 0.04807246581256414
0.1 0 0.25 0.05636619821459814
0.1 0 0.26 0.03878312432273706
0.1 0 0.27 0.04717262851007813
0.1 0 0.28 0.05101254357601301
0.1 0 0.29 0.021758175251881794
0.1 0 0.3 0.02242953521711916
0.1 0 0.31 0.015474329329666215
0.1 0 0.32 0.028886777249736862
0.1 0 0.33 0.055716299202763366
0.1 0 0.34 0.07956636553698143
0.1 0 0.35000000000000003 0.18664164010577794
0.1 0 0.36 0.2153872670702076
0.1 0 0.37 0.9992089254291038
0.1 0 0.38 2.9876650751253466
0.1 0 0.39 4.937234357582866
0.1 0 0.4 7.524042815130221
0.1 0 0.41000000000000003 4.229235552172203
0.1 0 0.42 4.762427193013601
0.1 0 0.43 2.919488970964254
0.1 0 0.44 4.602693310324993
0.1 0 0.45 6.022149952437674
0.1 0 0.46 1.8809932834439538
0.1 0 0.47000000000000003 1.4886076686649143
0.1 0 0.48 0.5703524785640701
0.1 0 0.49 0.28324430564967845
0.1 0 0.5 0.1479979151960057
0.11 0 0.0 0.02251172394497692
0.11 0 0.01 0.03701091133888154
0.11 0 0.02 0.08617952910912931
0.11 0 0.03 0.09159836998672259
0.11 0 0.04 0.04225978605976697
0.11 0 0.05 0.039606396687142456
0.11 0 0.06 0.03653436611620801
0.11 0 0.07 0.0658949695999535
0.11 0 0.08 0.08739359657984645
0.11 0 0.09 0.1289023302192313
0.11 0 0.1 0.1710327274258826
0.11 0 0.11 0.14318188886253858
0.11 0 0.12 0.35956341460861213
0.11 0 0.13 0.5556901092847772
0.11 0 0.14 0.7159800815384849
0.11 0 0.15 0.8891924259801
0.11 0 0.16 0.6131758882811505
0.11 0 0.17 0.27543930840423636
0.11 0 0.18 0.09347144509539997
0.11 0 0.19 0.12146109837570404
0.11 0 0.2 0.10873540808587318
0.11 0 0.21 0.06535825804696968
0.11 0 0.22 0.08535432435761525
0.11 0 0.23 0.07267915111977066
0.11 0 0.24 0.04574918584136868
0.11 0 0.25 0.026153879468700892
0.11 0 0.26 0.02549962086418979
0.11 0 0.27 0.0097513393485086
0.11 0 0.28 0.002306330482491347
0.11 0 0.29 0.003175084022833753
0.11 0 0.3 0.005702156545084516
0.11 0 0.31 0.009986618862720524
0.11 0 0.32 0.018998053901850217
0.11 0 0.33 0.03773859040299808
0.11 0 0.34 0.04339959974900486
0.11 0 0.35000000000000003 0.04213319294088862
0.11 0 0.36 0.1423922711094391
0.11 0 0.37 0.2235323750306476
0.11 0 0.38 0.1756060712745102
0.11 0 0.39 0.17237754436083416
0.11 0 0.4 0.17929166326534218
0.11 0 0.41000000000000003 0.2515575543270877
0.11 0 0.42 0.45887393921049763
0.11 0 0.43 1.7701926240842842
0.11 0 0.44 2.8511757360755996
0.11 0 0.45 2.7939240176464684
0.11 0 0.46 2.8979801874358335
0.11 0 0.47000000000000003 0.9886819939552501
0.11 0 0.48 0.34454404136522454
0.11 0 0.49 0.1909653667839458
0.11 0 0.5 0.216360497325233
0.12 0 0.0 1.9329526400916361
0.12 0 0.01 4.103337230449926
0.12 0 0.02 0.969698503657961
0.12 0 0.03 0.8711603541211516
0.12 0 0.04 1.3489268019853735
0.12 0 0.05 1.1122831296282343
0.12 0 0.06 1.302664716722681
0.12 0 0.07 1.0005334979625777
0.12 0 0.08 1.632722480176677
0.12 0 0.09 0.66318187745267
0.12 0 0.1 0.43241052552874515
0.12 0 0.11 0.3775667496280689
0.12 0 0.12 0.07801732954514765
0.12 0 0.13 0.06122247272835826
0.12 0 0.14 0.0381712482689238
0.12 0 0.15 0.03166962243525539
0.12 0 0.16 0.018643730694929726
0.12 0 0.17 0.010085892712097984
0.12 0 0.18 0.013444013721633653
0.12 0 0.19 0.005737145705089556
0.12 0 0.2 0.010428037466131709
0.12 0 0.21 0.01528579075772267
0.12 0 0.22 0.009447046039413954
0.12 0 0.23 0.008749854043710892
0.12 0 0.24 0.00416082129548259
0.12 0 0.25 0.003603423697587279
0.12 0 0.26 0.0011662911260515883
0.12 0 0.27 0.0009662604789236307
0.12 0 0.28 0.001815613304538306
0.12 0 0.29 0.0012889630426114879
0.12 0 0.3 0.0025315864489624204
0.12 0 0.31 0.0028828853259426964
0.12 0 0.32 0.004722995862985918
0.12 0 0.33 0.006082061048138719
0.12 0 0.34 0.008228178502772165
0.12 0 0.35000000000000003 0.030822446991318076
0.12 0 0.36 0.022879054961146682
0.12 0 0.37 0.022440899938690896
0.12 0 0.38 0.018565619639665312
0.12 0 0.39 0.01423015613964252
0.12 0 0.4 0.013175819333685643
0.12 0 0.41000000000000003 0.006511985330910468
0.12 0 0.42 0.014212258843841405
0.12 0 0.43 0.01564041011896266
0.12 0 0.44 0.017071509419864305
0.12 0 0.45 0.030683746561398745
0.12 0 0.46 0.027135321384108495
0.12 0 0.47000000000000003 0.030517967643713596
0.12 0 0.48 0.021233838897377365
0.12 0 0.49 0.06893648132616699
0.12 0 0.5 0.21091910937665395
0.13 0 0.0 0.19026994258932237
0.13 0 0.01 0.15575158340435738
0.13 0 0.02 0.3000823190575874
0.13 0 0.03 0.22960237071371575
0.13 0 0.04 0.16327641928141476
0.13 0 0.05 0.09278798650488132
0.13 0 0.06 0.11151597773251348
0.13 0 0.07 0.2186055594559371
0.13 0 0.08 0.18007494640143049
0.13 0 0.09 0.2718408364494334
0.13 0 0.1 0.19561139462731933
0.13 0 0.11 0.146370750129858
0.13 0 0.12 0.16649597955240628
0.13 0 0.13 0.21690666642062473
0.13 0 0.14 0.3036295390940933
0.13 0 0.15 0.06346263896188047
0.13 0 0.16 0.020487979293186777
0.13 0 0.17 0.007452911535402218
0.13 0 0.18 0.0022590148552778418
0.13 0 0.19 0.0017196504408466024
0.13 0 0.2 0.0011444260708404425
0.13 0 0.21 0.0013316194117968276
0.13 0 0.22 0.000625363977312491
0.13 0 0.23 0.000488811047239252
0.13 0 0.24 0.0005912937525946587
0.13 0 0.25 0.0002686983556203703
0.13 0 0.26 0.00047696757958481207
0.13 0 0.27 0.0007817270926067151
0.13 0 0.28 0.0014408589281511455
0.13 0 0.29 0.001973151298076941
0.13 0 0.3 0.0020881576668356503
0.13 0 0.31 0.003464450137301744
0.13 0 0.32 0.0018644339401564063
0.13 0 0.33 0.004095111850110222
0.13 0 0.34 0.006387708337268314
0.13 0 0.35000000000000003 0.0034608033469118245
0.13 0 0.36 0.004356979696609627
0.13 0 0.37 0.004674713405949533
0.13 0 0.38 0.007602676086203756
0.13 0 0.39 0.0050285012579349584
0.13 0 0.4 0.008691450792779137
0.13 0 0.41000000000000003 0.017422154750530786
0.13 0 0.42 0.008848810737243537
0.13 0 0.43 0.02604329263457262
0.13 0 0.44 0.045076694228802096
0.13 0 0.45 0.032446950996633986
0.13 0 0.46 0.014841778352722488
0.13 0 0.47000000000000003 0.012398904342034018
0.13 0 0.48 0.025263038488251448
0.13 0 0.49 0.012701100243081487
0.13 0 0.5 0.0338279159222315
0.14 0 0.0 0.020808294601309334
0.14 0 0.01 0.047760059912788415
0.14 0 0.02 0.0360183338274818
0.14 0 0.03 0.018131771139666828
0.14 0 0.04 0.011595864584621404
0.14 0 0.05 0.013939339813853513
0.14 0 0.06 0.016305858953309625
0.14 0 0.07 0.010769505271437463
0.14 0 0.08 0.01604924373259955
0.14 0 0.09 0.007883771571559846
0.14 0 0.1 0.003312535220573354
0.14 0 0.11 0.004592852203281593
0.14 0 0.12 0.006212812533616783
0.14 0 0.13 0.005249633220439241
0.14 0 0.14 0.002633761235837614
0.14 0 0.15 0.0027624166678708356
0.14 0 0.16 0.0013870580425054885
0.14 0 0.17 0.000572574760459875
0.14 0 0.18 0.0010214658243349476
0.14 0 0.19 0.0015583178011561434
0.14 0 0.2 0.0019094608945632286
0.14 0 0.21 0.0018221231899487218
0.14 0 0.22 0.0018254447315126227
0.14 0 0.23 0.0008945810916597385
0.14 0 0.24 0.0003454087281542251
0.14 0 0.25 0.0005989244480409106
0.14 0 0.26 0.0009904358329730035
0.14 0 0.27 0.0015537517709762329
0.14 0 0.28 0.002472945574083485
0.14 0 0.29 0.004049871151373116
0.14 0 0.3 0.007998897259623406
0.14 0 0.31 0.01286519792843839
0.14 0 0.32 0.027047031673148748
0.14 0 0.33 0.01884858392092195
0.14 0 0.34 0.007656616768504472
0.14 0 0.35000000000000003 0.0036042924987813416
0.14 0 0.36 0.001616105637726385
0.14 0 0.37 0.001298561332629498
0.14 0 0.38 0.0009142029431912841
0.14 0 0.39 0.0009243372707747287
0.14 0 0.4 0.0010883870803931404
0.14 0 0.41000000000000003 0.0022816224830729246
0.14 0 0.42 0.007891956710570486
0.14 0 0.43 0.010322116090579163
0.14 0 0.44 0.010354478712265034
0.14 0 0.45 0.005939222433755231
0.14 0 0.46 0.0038888767094506886
0.14 0 0.47000000000000003 0.003726032096376498
0.14 0 0.48 0.004324382433615856
0.14 0 0.49 0.008962470954688155
0.14 0 0.5 0.009491208287913099
0.15 0 0.0 0.037705877308721554
0.15 0 0.01 0.013821190589000193
0.15 0 0.02 0.009042392969031782
0.15 0 0.03 0.0037277983764660923
0.15 0 0.04 0.00690859555926609
0.15 0 0.05 0.00887433626251287
0.15 0 0.06 0.010672535040647232
0.15 0 0.07 0.01498934902863032
0.15 0 0.08 0.005281561673088822
0.15 0 0.09 0.005629331382393864
0.15 0 0.1 0.003929658052955293
0.15 0 0.11 0.003976969418788263
0.15 0 0.12 0.0033901367383092364
0.15 0 0.13 0.001198819137997061
0.15 0 0.14 0.0010664361814496362
0.15 0 0.15 0.000334583489142618
0.15 0 0.16 0.00028454370733666065
0.15 0 0.17 0.0003641674747697236
0.15 0 0.18 0.000366369898513325
0.15 0 0.19 0.0006291246890033458
0.15 0 0.2 0.0004342490812776925
0.15 0 0.21 0.0007186791218169453
0.15 0 0.22 0.0004018747122306843
0.15 0 0.23 0.00022662766658834344
0.15 0 0.24 0.00044433613699469693
0.15 0 0.25 0.00036178278530061767
0.15 0 0.26 0.00044781807573584994
0.15 0 0.27 0.0003700719953509445
0.15 0 0.28 0.0006481315256114324
0.15 0 0.29 0.0006804639390933452
0.15 0 0.3 0.00032752776477361784
0.15 0 0.31 0.0008040927854524487
0.15 0 0.32 0.0006457448474360843
0.15 0 0.33 0.0005826722219763689
0.15 0 0.34 0.0009745809336642652
0.15 0 0.35000000000000003 0.0018119031908254647
0.15 0 0.36 0.002170798698431385
0.15 0 0.37 0.0008297297755574367
0.15 0 0.38 0.002044895587621971
0.15 0 0.39 0.003125699440661746
0.15 0 0.4 0.0030733122520378887
0.15 0 0.41000000000000003 0.007225314058777981
0.15 0 0.42 0.0063707031736144944
0.15 0 0.43 0.004248600759424329
0.15 0 0.44 0.0020646213940873873
0.15 0 0.45 0.004804428687780539
0.15 0 0.46 0.009874008816661393
0.15 0 0.47000000000000003 0.007859656089278987
0.15 0 0.48 0.02190947211728897
0.15 0 0.49 0.022559236542763022
0.15 0 0.5 0.019441047566686298
0.16 0 0.0 0.004801658709884598
0.16 0 0.01 0.0023076921226342522
0.16 0 0.02 0.00301791528039854
0.16 0 0.03 0.006415867741399686
0.16 0 0.04 0.002524213052399381
0.16 0 0.05 0.001926775243833995
0.16 0 0.06 0.001318754599587977
0.16 0 0.07 0.0007850120264821474
0.16 0 0.08 0.0008340542302856754
0.16 0 0.09 0.0011943484694703843
0.16 0 0.1 0.00213264590870966
0.16 0 0.11 0.0008966887169275296
0.16 0 0.12 0.0011802514554519054
0.16 0 0.13 0.0022813438004404816
0.16 0 0.14 0.001500099569268281
0.16 0 0.15 0.0014064132567242888
0.16 0 0.16 0.0006047707607723958
0.16 0 0.17 0.0003100936642053484
0.16 0 0.18 0.00013131359324531803
0.16 0 0.19 0.000128221270601221
0.16 0 0.2 0.00015086459281642703
0.16 0 0.21 3.774976068833681e-05
0.16 0 0.22 3.5657577142896504e-05
0.16 0 0.23 3.344021924020217e-05
0.16 0 0.24 4.6626572759204435e-05
0.16 0 0.25 0.00017544043980414345
0.16 0 0.26 0.000609483274015255
0.16 0 0.27 0.0018404552765458164
0.16 0 0.28 0.001193945919648407
0.16 0 0.29 0.002504723386110579
0.16 0 0.3 0.0044673213769164935
0.16 0 0.31 0.003484943136913948
0.16 0 0.32 0.010606828297425989
0.16 0 0.33 0.015099942920195186
0.16 0 0.34 0.014357982511763389
0.16 0 0.35000000000000003 0.006248066192533808
0.16 0 0.36 0.0074661958252615485
0.16 0 0.37 0.0188712953878912
0.16 0 0.38 0.015350435609166933
0.16 0 0.39 0.048622604924352615
0.16 0 0.4 0.051437975434706046
0.16 0 0.41000000000000003 0.02155760973616731
0.16 0 0.42 0.011013166454977926
0.16 0 0.43 0.008117903605063662
0.16 0 0.44 0.016073647722799084
0.16 0 0.45 0.007263590005839185
0.16 0 0.46 0.007542363029099104
0.16 0 0.47000000000000003 0.007393048751548539
0.16 0 0.48 0.00373733847104622
0.16 0 0.49 0.004958873179998289
0.16 0 0.5 0.0029169256805613624
0.17 0 0.0 0.1597239136451854
0.17 0 0.01 0.3018633878966947
0.17 0 0.02 0.3939646685681195
0.17 0 0.03 0.24825135530449313
0.17 0 0.04 0.39109295119061416
0.17 0 0.05 0.4130848855401145
0.17 0 0.06 0.44332876937569393
0.17 0 0.07 0.7841253283130026
0.17 0 0.08 0.5877981337306913
0.17 0 0.09 0.3097911566504827
0.17 0 0.1 0.1288163324797772
0.17 0 0.11 0.1455978404925347
0.17 0 0.12 0.14683203562624628
0.17 0 0.13 0.06825611556964094
0.17 0 0.14 0.046220529924989893
0.17 0 0.15 0.031554450192349516
0.17 0 0.16 0.05108521582730524
0.17 0 0.17 0.10635408305514707
0.17 0 0.18 0.24647157647946022
0.17 0 0.19 0.3201886834573295
0.17 0 0.2 0.09807302010810376
0.17 0 0.21 0.03684626700065465
0.17 0 0.22 0.017816683427687354
0.17 0 0.23 0.013850454975372179
0.17 0 0.24 0.009309860681520078
0.17 0 0.25 0.0060427331290549445
0.17 0 0.26 0.006444317827219022
0.17 0 0.27 0.004088438077365625
0.17 0 0.28 0.004713614376081814
0.17 0 0.29 0.008447711130354833
0.17 0 0.3 0.016574730240633516
0.17 0 0.31 0.02705808273681207
0.17 0 0.32 0.02742003842333484
0.17 0 0.33 0.025952794441526032
0.17 0 0.34 0.008586185053814612
0.17 0 0.35000000000000003 0.0038792403495975986
0.17 0 0.36 0.003158786421459999
0.17 0 0.37 0.0025634887529655316
0.17 0 0.38 0.00296898978294619
0.17 0 0.39 0.002621201492437403
0.17 0 0.4 0.002497180808355245
0.17 0 0.41000000000000003 0.0015987790755755723
0.17 0 0.42 0.0016375915469370663
0.17 0 0.43 0.0017904977392177283
0.17 0 0.44 0.0007229944388143284
0.17 0 0.45 0.0005904197410447048
0.17 0 0.46 0.0006134122125657955
0.17 0 0.47000000000000003 0.0006929941300077165
0.17 0 0.48 0.0007137189298815535
0.17 0 0.49 0.0007845698985830231
0.17 0 0.5 0.0006840960095763778
0.18 0 0.0 0.1563604871286337
0.18 0 0.01 0.18386164701509838
0.18 0 0.02 0.13941586337875975
0.18 0 0.03 0.32121162706615874
0.18 0 0.04 0.2393839919562644
0.18 0 0.05 0.3233228110964032
0.18 0 0.06 0.3679960891423055
0.18 0 0.07 0.7487242777100503
0.18 0 0.08 1.707355015423002
0.18 0 0.09 2.073678974822992
0.18 0 0.1 9.680046935781007
0.18 0 0.11 6.74031915672756
0.18 0 0.12 3.1824015743292673
0.18 0 0.13 2.861965619650299
0.18 0 0.14 1.8974277637321177
0.18 0 0.15 1.9353123100056557
0.18 0 0.16 1.201645546438054
0.18 0 0.17 2.3754754810860703
0.18 0 0.18 1.1944690832786318
0.18 0 0.19 0.3969526612938327
0.18 0 0.2 0.8935515698994547
0.18 0 0.21 0.7083948222172918
0.18 0 0.22 0.5631385354674059
0.18 0 0.23 0.48001533282195497
0.18 0 0.24 0.9108537062960427
0.18 0 0.25 0.9887866856675848
0.18 0 0.26 0.40802355822068703
0.18 0 0.27 0.8671457795605063
0.18 0 0.28 0.4193546066438404
0.18 0 0.29 0.16624417952800696
0.18 0 0.3 0.2051232146698791
0.18 0 0.31 0.26713049677897893
0.18 0 0.32 0.28781460268369996
0.18 0 0.33 0.12035474526021098
0.18 0 0.34 0.21980141852938664
0.18 0 0.35000000000000003 0.22501647215349954
0.18 0 0.36 0.16957075575195796
0.18 0 0.37 0.48996558957382896
0.18 0 0.38 0.5123704463583649
0.18 0 0.39 0.4490923515542184
0.18 0 0.4 0.2154492162318564
0.18 0 0.41000000000000003 0.13496732932146493
0.18 0 0.42 0.0616896862184373
0.18 0 0.43 0.01799604199782331
0.18 0 0.44 0.030518250923591658
0.18 0 0.45 0.028091063326703348
0.18 0 0.46 0.02997364923824895
0.18 0 0.47000000000000003 0.036070006292685045
0.18 0 0.48 0.02387371136876276
0.18 0 0.49 0.021899628037842383
0.18 0 0.5 0.01773592482349644
0.19 0 0.0 0.24606078211550886
0.19 0 0.01 0.8547674888207474
0.19 0 0.02 1.8789772383049888
0.19 0 0.03 1.6972405552009981
0.19 0 0.04 1.993128443977087
0.19 0 0.05 1.7247881872226605
0.19 0 0.06 2.169316240801415
0.19 0 0.07 1.213946426756733
0.19 0 0.08 1.3910213332497123
0.19 0 0.09 1.58480424705405
0.19 0 0.1 0.7812089768256925
0.19 0 0.11 1.2117177206489773
0.19 0 0.12 1.274820053377951
0.19 0 0.13 2.4083148650072412
0.19 0 0.14 5.042536951613358
0.19 0 0.15 8.641410438411658
0.19 0 0.16 12.202285079869656
0.19 0 0.17 4.581327412806952
0.19 0 0.18 4.97006853497377
0.19 0 0.19 2.8704402234879716
0.19 0 0.2 1.304661034451658
0.19 0 0.21 1.390246046087741
0.19 0 0.22 1.2428470566221033
0.19 0 0.23 3.0066548750046547
0.19 0 0.24 4.700970436629671
0.19 0 0.25 15.816812194869662
0.19 0 0.26 33.16643008574833
0.19 0 0.27 18.307691482931347
0.19 0 0.28 25.134371255942686
0.19 0 0.29 17.400396198225305
0.19 0 0.3 16.36627622156473
0.19 0 0.31 7.3997233329425
0.19 0 0.32 2.5920314952833805
0.19 0 0.33 1.8014699790620539
0.19 0 0.34 0.46394117788289085
0.19 0 0.35000000000000003 0.4892677767827837
0.19 0 0.36 0.5896494471696956
0.19 0 0.37 0.8036111332325255
0.19 0 0.38 0.9738592342683873
0.19 0 0.39 0.4408676343141881
0.19 0 0.4 0.5129971237105933
0.19 0 0.41000000000000003 0.16817496088928943
0.19 0 0.42 0.10221977103390684
0.19 0 0.43 0.16244893406614996
0.19 0 0.44 0.1735413055521273
0.19 0 0.45 0.23049514342245458
0.19 0 0.46 0.09192569522384499
0.19 0 0.47000000000000003 0.10083483351495064
0.19 0 0.48 0.06912269417751316
0.19 0 0.49 0.044246551080514875
0.19 0 0.5 0.1054051888327044
0.2 0 0.0 0.3791357886392615
0.2 0 0.01 0.4206847073065988
0.2 0 0.02 0.2930973664490088
0.2 0 0.03 0.2492351514572972
0.2 0 0.04 0.24183090878471725
0.2 0 0.05 0.4483440374449638
0.2 0 0.06 0.5213971479077902
0.2 0 0.07 1.2678570832245348
0.2 0 0.08 3.402789866309785
0.2 0 0.09 1.7474354377254924
0.2 0 0.1 0.7074936145056299
0.2 0 0.11 0.4051104184204585
0.2 0 0.12 0.41347167621883596
0.2 0 0.13 0.27976401920325517
0.2 0 0.14 0.3118421047146763
0.2 0 0.15 0.6720814288192519
0.2 0 0.16 0.5796281828378202
0.2 0 0.17 1.0024960397509313
0.2 0 0.18 3.140124202518618
0.2 0 0.19 6.688538509825791
0.2 0 0.2 6.341067581956491
0.2 0 0.21 6.670841912741335
0.2 0 0.22 11.870249231683436
0.2 0 0.23 7.059652837682029
0.2 0 0.24 4.767255557392508
0.2 0 0.25 2.7865344026322543
0.2 0 0.26 0.7350074151799503
0.2 0 0.27 0.2451444174244615
0.2 0 0.28 0.1438640231692222
0.2 0 0.29 0.12542670843383413
0.2 0 0.3 0.05208583166059049
0.2 0 0.31 0.03794902148411296
0.2 0 0.32 0.034321135245469064
0.2 0 0.33 0.016638806490960813
0.2 0 0.34 0.019737139020135783
0.2 0 0.35000000000000003 0.029503485813185903
0.2 0 0.36 0.03406173490331364
0.2 0 0.37 0.024030036875839843
0.2 0 0.38 0.023788944887568792
0.2 0 0.39 0.017507751759948675
0.2 0 0.4 0.004549460448747031
0.2 0 0.41000000000000003 0.004968821483611301
0.2 0 0.42 0.009482775698611005
0.2 0 0.43 0.013428169154891648
0.2 0 0.44 0.018672739534270694
0.2 0 0.45 0.027223963838822918
0.2 0 0.46 0.03197505076314472
0.2 0 0.47000000000000003 0.015795874934950008
0.2 0 0.48 0.028753986862232458
0.2 0 0.49 0.05256162530334125
0.2 0 0.5 0.03012873381907764
0.21 0 0.0 3.1019276757686622
0.21 0 0.01 2.471060777445152
0.21 0 0.02 1.721502227180276
0.21 0 0.03 0.9166441250984882
0.21 0 0.04 0.46437983608270117
0.21 0 0.05 0.19641489720009708
0.21 0 0.06 0.5141304304957569
0.21 0 0.07 0.252218491823015
0.21 0 0.08 0.10197929103061278
0.21 0 0.09 0.14006033256362985
0.21 0 0.1 0.09627628544527163
0.21 0 0.11 0.10151533289084716
0.21 0 0.12 0.08723064648953659
0.21 0 0.13 0.2103551372076241
0.21 0 0.14 0.17215256500877463
0.21 0 0.15 0.0792384128456526
0.21 0 0.16 0.17623952855560782
0.21 0 0.17 0.08273762171627178
0.21 0 0.18 0.038188922122214315
0.21 0 0.19 0.025061404248205646
0.21 0 0.2 0.03279502182914779
0.21 0 0.21 0.04770113174636487
0.21 0 0.22 0.02554422250296432
0.21 0 0.23 0.044493991670346275
0.21 0 0.24 0.023403257207365483
0.21 0 0.25 0.012281331280590653
0.21 0 0.26 0.01609941275113652
0.21 0 0.27 0.012822373215570849
0.21 0 0.28 0.011033199747244394
0.21 0 0.29 0.002916990683050969
0.21 0 0.3 0.00181720818044003
0.21 0 0.31 0.0011578841952534652
0.21 0 0.32 0.0006393935714614232
0.21 0 0.33 0.001206989751199603
0.21 0 0.34 0.0012936919088615561
0.21 0 0.35000000000000003 0.002969476370960813
0.21 0 0.36 0.005071664576677529
0.21 0 0.37 0.007640040044238412
0.21 0 0.38 0.010202078585017288
0.21 0 0.39 0.004208296426030442
0.21 0 0.4 0.0043024686020157465
0.21 0 0.41000000000000003 0.0029951105682708336
0.21 0 0.42 0.00287674952648901
0.21 0 0.43 0.0033007401235604227
0.21 0 0.44 0.0021817256871348857
0.21 0 0.45 0.002361345223161846
0.21 0 0.46 0.0012593793407949068
0.21 0 0.47000000000000003 0.0016607994778487646
0.21 0 0.48 0.0020294909273521925
0.21 0 0.49 0.001507082353286131
0.21 0 0.5 0.002523548607310702
0.22 0 0.0 1.9560203134932672
0.22 0 0.01 1.328102372337883
0.22 0 0.02 1.3734666999235772
0.22 0 0.03 0.704274345848424
0.22 0 0.04 0.4153735005996218
0.22 0 0.05 0.40011908992350603
0.22 0 0.06 0.22145060921462736
0.22 0 0.07 0.19553905943463434
0.22 0 0.08 0.061445373685358566
0.22 0 0.09 0.03566735290792842
0.22 0 0.1 0.03542062786249214
0.22 0 0.11 0.047202353131472974
0.22 0 0.12 0.24488623050916283
0.22 0 0.13 0.5765038724923114
0.22 0 0.14 1.677190856538728
0.22 0 0.15 1.87759574149545
0.22 0 0.16 1.0172916119365263
0.22 0 0.17 0.7616609453094263
0.22 0 0.18 0.3860454293382136
0.22 0 0.19 0.6409150622284664
0.22 0 0.2 0.3294884873724532
0.22 0 0.21 0.13271831599681275
0.22 0 0.22 0.07945424742886921
0.22 0 0.23 0.021775002968240392
0.22 0 0.24 0.015835911970021713
0.22 0 0.25 0.009837627424955567
0.22 0 0.26 0.010978184486842206
0.22 0 0.27 0.004862900655829433
0.22 0 0.28 0.001641028166657933
0.22 0 0.29 0.003550175430387543
0.22 0 0.3 0.002726460816544141
0.22 0 0.31 0.0031276797259113926
0.22 0 0.32 0.003822503840984119
0.22 0 0.33 0.004098868007869661
0.22 0 0.34 0.003995591595398184
0.22 0 0.35000000000000003 0.002193015260943531
0.22 0 0.36 0.005387078339739429
0.22 0 0.37 0.0025946532414897797
0.22 0 0.38 0.0009563792038866098
0.22 0 0.39 0.0012234260754838704
0.22 0 0.4 0.0012156185699685748
0.22 0 0.41000000000000003 0.002952937954724516
0.22 0 0.42 0.005259397964903928
0.22 0 0.43 0.020807419331898412
0.22 0 0.44 0.024907118306901357
0.22 0 0.45 0.010415722308843795
0.22 0 0.46 0.012924633490164088
0.22 0 0.47000000000000003 0.003981082163521987
0.22 0 0.48 0.002683232466908934
0.22 0 0.49 0.002506117025427365
0.22 0 0.5 0.0020919860567581504
0.23 0 0.0 0.10661610428658685
0.23 0 0.01 0.04116221461619849
0.23 0 0.02 0.0074459215328346665
0.23 0 0.03 0.0067889151880118825
0.23 0 0.04 0.025032390073427408
0.23 0 0.05 0.030276268326541195
0.23 0 0.06 0.045403320759318376
0.23 0 0.07 0.09887560400254575
0.23 0 0.08 0.20749425652313117
0.23 0 0.09 0.2721115893325554
0.23 0 0.1 0.6368622555267655
0.23 0 0.11 2.2002879968578695
0.23 0 0.12 1.756852562782842
0.23 0 0.13 1.7166321642853448
0.23 0 0.14 1.6678112691200924
0.23 0 0.15 0.8446284904003503
0.23 0 0.16 0.42435325375047417
0.23 0 0.17 0.3705665808818596
0.23 0 0.18 0.546095554897604
0.23 0 0.19 0.3840414355078581
0.23 0 0.2 0.43677655502913026
0.23 0 0.21 0.4583160249002097
0.23 0 0.22 0.23647968430889413
0.23 0 0.23 0.19774530847607993
0.23 0 0.24 0.16089419526854123
0.23 0 0.25 0.10982565335678943
0.23 0 0.26 0.05013993655759368
0.23 0 0.27 0.049606756543969954
0.23 0 0.28 0.06085119337661915
0.23 0 0.29 0.038028350808658296
0.23 0 0.3 0.052143113693836375
0.23 0 0.31 0.07095112321326102
0.23 0 0.32 0.10226152845077652
0.23 0 0.33 0.184721958319398
0.23 0 0.34 0.4542164004413122
0.23 0 0.35000000000000003 0.738406658890666
0.23 0 0.36 0.28393637496085666
0.23 0 0.37 0.18788720912046505
0.23 0 0.38 0.14517932094101296
0.23 0 0.39 0.11302335718862651
0.23 0 0.4 0.11697057169246745
0.23 0 0.41000000000000003 0.11102128157415446
0.23 0 0.42 0.12732653876782238
0.23 0 0.43 0.06010603879950799
0.23 0 0.44 0.04733947782128717
0.23 0 0.45 0.050833310744339694
0.23 0 0.46 0.03724511724788476
0.23 0 0.47000000000000003 0.03691335073358983
0.23 0 0.48 0.030178993319855293
0.23 0 0.49 0.047266839029847574
0.23 0 0.5 0.03909487562228334
0.24 0 0.0 0.0382336947712853
0.24 0 0.01 0.028650515987884817
0.24 0 0.02 0.09591015043516617
0.24 0 0.03 0.08664398848602634
0.24 0 0.04 0.05868929032338735
0.24 0 0.05 0.12907237873656632
0.24 0 0.06 0.14967729192519233
0.24 0 0.07 0.33044867595709865
0.24 0 0.08 0.3524645327257016
0.24 0 0.09 0.6914558377062057
0.24 0 0.1 1.2755279451604793
0.24 0 0.11 1.5034490666520712
0.24 0 0.12 7.670112152138369
0.24 0 0.13 10.610974709897922
0.24 0 0.14 8.50316827108844
0.24 0 0.15 3.038674769149449
0.24 0 0.16 1.1326521213250966
0.24 0 0.17 0.9478155653721406
0.24 0 0.18 0.25094785819410126
0.24 0 0.19 0.17651807414113402
0.24 0 0.2 0.07254524222468449
0.24 0 0.21 0.020606030201012485
0.24 0 0.22 0.01067954536956341
0.24 0 0.23 0.006774420998614718
0.24 0 0.24 0.01728370359955868
0.24 0 0.25 0.020631552573490298
0.24 0 0.26 0.05118668412174433
0.24 0 0.27 0.1388586933273452
0.24 0 0.28 0.10015639211898629
0.24 0 0.29 0.12930694483669114
0.24 0 0.3 0.13485458878292686
0.24 0 0.31 0.2922456266452487
0.24 0 0.32 0.37908577541027805
0.24 0 0.33 0.40917888629948934
0.24 0 0.34 0.5479094964500715
0.24 0 0.35000000000000003 0.20371408137861044
0.24 0 0.36 0.3182190802572902
0.24 0 0.37 0.6572133140809312
0.24 0 0.38 0.8671657839783635
0.24 0 0.39 0.9451876585973521
0.24 0 0.4 0.6936502578422252
0.24 0 0.41000000000000003 0.7861917620582872
0.24 0 0.42 0.34370748479410157
0.24 0 0.43 0.4255266849480595
0.24 0 0.44 0.4956517055477721
0.24 0 0.45 0.1350026495515159
0.24 0 0.46 0.10299485093313708
0.24 0 0.47000000000000003 0.1338479126230015
0.24 0 0.48 0.20317089716684064
0.24 0 0.49 0.12620928681301632
0.24 0 0.5 0.12005022863592944
0.25 0 0.0 0.019876844909829963
0.25 0 0.01 0.028299248195113202
0.25 0 0.02 0.018805322559795973
0.25 0 0.03 0.02409720493437731
0.25 0 0.04 0.03215149992410948
0.25 0 0.05 0.07604347776998974
0.25 0 0.06 0.10262826581486566
0.25 0 0.07 0.05716986754669003
0.25 0 0.08 0.09467430620928007
0.25 0 0.09 0.061834269952502886
0.25 0 0.1 0.08702299175981261
0.25 0 0.11 0.18065880814080493
0.25 0 0.12 0.1336860297980525
0.25 0 0.13 0.06487750753971333
0.25 0 0.14 0.019299555900961878
0.25 0 0.15 0.025774957750728602
0.25 0 0.16 0.017021039532989005
0.25 0 0.17 0.01583306467970795
0.25 0 0.18 0.04860009416009393
0.25 0 0.19 0.03407830100920624
0.25 0 0.2 0.029855961459270625
0.25 0 0.21 0.024449703323524637
0.25 0 0.22 0.03550257512868952
0.25 0 0.23 0.02880512298566717
0.25 0 0.24 0.01624260737270252
0.25 0 0.25 0.04118233958043199
0.25 0 0.26 0.01963329564320621
0.25 0 0.27 0.012842463986542773
0.25 0 0.28 0.02088882104027392
0.25 0 0.29 0.04706397014401443
0.25 0 0.3 0.19759874106979505
0.25 0 0.31 0.4018282103588413
0.25 0 0.32 1.7273262461563303
0.25 0 0.33 1.4083053387625946
0.25 0 0.34 0.7920956535042064
0.25 0 0.35000000000000003 1.142209106376607
0.25 0 0.36 0.5538698135931763
0.25 0 0.37 0.5126841750274113
0.25 0 0.38 0.29824887629759883
0.25 0 0.39 0.36730182770948594
0.25 0 0.4 0.5771280497330241
0.25 0 0.41000000000000003 0.6438074257591272
0.25 0 0.42 1.7671805377632581
0.25 0 0.43 0.9391095395479425
0.25 0 0.44 1.0282962563154177
0.25 0 0.45 1.4832720409599698
0.25 0 0.46 1.337283796911728
0.25 0 0.47000000000000003 1.7923366659889233
0.25 0 0.48 0.7901983877521195
0.25 0 0.49 0.7322728594769449
0.25 0 0.5 0.34838026144860473
0.26 0 0.0 0.10692398655300618
0.26 0 0.01 0.11746877629379225
0.26 0 0.02 0.19966917174220541
0.26 0 0.03 0.38329959408947833
0.26 0 0.04 0.5726074041481853
0.26 0 0.05 0.5063243778200864
0.26 0 0.06 0.40385170754594973
0.26 0 0.07 0.5395697233487874
0.26 0 0.08 0.466614609609758
0.26 0 0.09 0.7266586335683743
0.26 0 0.1 0.9625473114850417
0.26 0 0.11 0.650285307391869
0.26 0 0.12 0.37709091430195635
0.26 0 0.13 0.1811738090719628
0.26 0 0.14 0.14804947611845998
0.26 0 0.15 0.09893969155084661
0.26 0 0.16 0.10088014537990074
0.26 0 0.17 0.11868835504935064
0.26 0 0.18 0.10450643783998656
0.26 0 0.19 0.1452140179460692
0.26 0 0.2 0.1663236139593754
0.26 0 0.21 0.25070672726517496
0.26 0 0.22 0.320499169287679
0.26 0 0.23 0.5549530859128163
0.26 0 0.24 1.2754199652161262
0.26 0 0.25 1.1523587349036224
0.26 0 0.26 0.9325018407706684
0.26 0 0.27 0.5789171996734239
0.26 0 0.28 0.48485173269980386
0.26 0 0.29 0.41698887452751626
0.26 0 0.3 0.44600759045873584
0.26 0 0.31 0.956914680991047
0.26 0 0.32 0.7546649575492996
0.26 0 0.33 0.6132150427057972
0.26 0 0.34 0.7169103820385789
0.26 0 0.35000000000000003 0.9143303537780024
0.26 0 0.36 0.968878281251548
0.26 0 0.37 1.0529560843808865
0.26 0 0.38 3.464840710414496
0.26 0 0.39 3.702240472652286
0.26 0 0.4 2.3661786318487343
0.26 0 0.41000000000000003 2.3042372205000685
0.26 0 0.42 1.3923618902867052
0.26 0 0.43 0.7602132909331184
0.26 0 0.44 0.4461054750574225
0.26 0 0.45 0.7360750839820465
0.26 0 0.46 0.4691879849746165
0.26 0 0.47000000000000003 0.2100013270610852
0.26 0 0.48 0.4001644525261104
0.26 0 0.49 0.5219507414412746
0.26 0 0.5 0.7306869793104579
0.27 0 0.0 0.13833778123155835
0.27 0 0.01 0.4464106391054736
0.27 0 0.02 0.8774379803821425
0.27 0 0.03 1.9539940145192471
0.27 0 0.04 0.9144023430009538
0.27 0 0.05 0.754947417297889
0.27 0 0.06 1.1576991600085202
0.27 0 0.07 0.5378969303699593
0.27 0 0.08 0.8316861871387566
0.27 0 0.09 0.7122136354659641
0.27 0 0.1 0.430392178717557
0.27 0 0.11 0.19379782855601446
0.27 0 0.12 0.16788553869991135
0.27 0 0.13 0.45563924034587244
0.27 0 0.14 0.23288914373857353
0.27 0 0.15 0.32092822136442795
0.27 0 0.16 0.4995371204740137
0.27 0 0.17 0.3605420910311415
0.27 0 0.18 0.3552626332429973
0.27 0 0.19 0.2093286696789866
0.27 0 0.2 0.16015028692855218
0.27 0 0.21 0.03740491698249686
0.27 0 0.22 0.025372899865028112
0.27 0 0.23 0.03900856848069818
0.27 0 0.24 0.01748644692032196
0.27 0 0.25 0.020210454355532988
0.27 0 0.26 0.01690497627972168
0.27 0 0.27 0.01576168220351778
0.27 0 0.28 0.016666311300924056
0.27 0 0.29 0.030209407147980153
0.27 0 0.3 0.08302753321231676
0.27 0 0.31 0.04576954187098464
0.27 0 0.32 0.06971093963793075
0.27 0 0.33 0.0770911158162819
0.27 0 0.34 0.03362794104550791
0.27 0 0.35000000000000003 0.03711718119007638
0.27 0 0.36 0.06724007888963238
0.27 0 0.37 0.18930216734387947
0.27 0 0.38 0.18139711751516163
0.27 0 0.39 0.33490829038304715
0.27 0 0.4 0.5003908409226623
0.27 0 0.41000000000000003 0.18890042389280282
0.27 0 0.42 0.3338882118008953
0.27 0 0.43 0.8614107746700923
0.27 0 0.44 1.4496251767336013
0.27 0 0.45 1.0445411632794177
0.27 0 0.46 1.0216321990572386
0.27 0 0.47000000000000003 1.6556948524334851
0.27 0 0.48 0.9447507343408005
0.27 0 0.49 1.894699700826162
0.27 0 0.5 4.048049172364494
0.28 0 0.0 0.07811485257914105
0.28 0 0.01 0.1084911169563479
0.28 0 0.02 0.0605851757159142
0.28 0 0.03 0.018190654229749432
0.28 0 0.04 0.024400417193252866
0.28 0 0.05 0.01713001566325613
0.28 0 0.06 0.027669488468148307
0.28 0 0.07 0.07265366905847483
0.28 0 0.08 0.054518330706893624
0.28 0 0.09 0.05098386678501354
0.28 0 0.1 0.04046827140241856
0.28 0 0.11 0.08476044951843884
0.28 0 0.12 0.05763700966491595
0.28 0 0.13 0.02498475195056779
0.28 0 0.14 0.03245755679916894
0.28 0 0.15 0.017933679888197353
0.28 0 0.16 0.02886372990307865
0.28 0 0.17 0.04608194413583156
0.28 0 0.18 0.07540401152159235
0.28 0 0.19 0.09171734236845933
0.28 0 0.2 0.05694098402200191
0.28 0 0.21 0.1658608937847328
0.28 0 0.22 0.1975134754486031
0.28 0 0.23 0.2457317822023913
0.28 0 0.24 0.23259350105538268
0.28 0 0.25 0.10171756958427648
0.28 0 0.26 0.09470269516103286
0.28 0 0.27 0.04240562826988498
0.28 0 0.28 0.07341038358368959
0.28 0 0.29 0.13348100455477982
0.28 0 0.3 0.18363684707247066
0.28 0 0.31 0.3580308479224612
0.28 0 0.32 0.2000731519815746
0.28 0 0.33 0.2653252024164167
0.28 0 0.34 0.2093663983191544
0.28 0 0.35000000000000003 0.33633020553915044
0.28 0 0.36 1.1126143399047
0.28 0 0.37 0.9997564002331961
0.28 0 0.38 1.198038290985023
0.28 0 0.39 0.47592391201041323
0.28 0 0.4 0.4317502031362318
0.28 0 0.41000000000000003 0.5817529145134412
0.28 0 0.42 0.5492152185686177
0.28 0 0.43 0.9654469762623212
0.28 0 0.44 0.3945443649537187
0.28 0 0.45 0.4905907586104642
0.28 0 0.46 0.821885823910314
0.28 0 0.47000000000000003 1.5309407014081216
0.28 0 0.48 6.259950745048989
0.28 0 0.49 7.965798593704743
0.28 0 0.5 15.475869899990466
0.29 0 0.0 0.05301122496991264
0.29 0 0.01 0.05729559166654942
0.29 0 0.02 0.03569253730623177
0.29 0 0.03 0.05373133293587963
0.29 0 0.04 0.06308400867961085
0.29 0 0.05 0.08118268481333865
0.29 0 0.06 0.13441758988057353
0.29 0 0.07 0.24925089223257788
0.29 0 0.08 0.47155474809658204
0.29 0 0.09 0.6111978622672297
0.29 0 0.1 1.1687187308238287
0.29 0 0.11 0.8632837485473535
0.29 0 0.12 0.494634704901267
0.29 0 0.13 0.6220398920105691
0.29 0 0.14 0.7491108215094321
0.29 0 0.15 0.8503911002120393
0.29 0 0.16 0.6926740544339922
0.29 0 0.17 0.6601081238641024
0.29 0 0.18 0.29389411172919844
0.29 0 0.19 0.1648111652572352
0.29 0 0.2 0.3110239275069815
0.29 0 0.21 0.23620169897014523
0.29 0 0.22 0.11263355139692942
0.29 0 0.23 0.06901619364307379
0.29 0 0.24 0.06311463089122127
0.29 0 0.25 0.03808314447181025
0.29 0 0.26 0.03207585084792942
0.29 0 0.27 0.10341876352453423
0.29 0 0.28 0.09548135420413773
0.29 0 0.29 0.05992149829428581
0.29 0 0.3 0.06968958573478001
0.29 0 0.31 0.058331931561905276
0.29 0 0.32 0.025748907778234947
0.29 0 0.33 0.014264241121751316
0.29 0 0.34 0.03485257686055136
0.29 0 0.35000000000000003 0.032752826152429464
0.29 0 0.36 0.02729434689484533
0.29 0 0.37 0.07297737275296534
0.29 0 0.38 0.11617701044765257
0.29 0 0.39 0.15422632216691595
0.29 0 0.4 0.20473602377849617
0.29 0 0.41000000000000003 0.4683342691783761
0.29 0 0.42 0.4095933606474165
0.29 0 0.43 0.2831004585561496
0.29 0 0.44 0.6612874874273725
0.29 0 0.45 0.5264033906718276
0.29 0 0.46 0.38426145476493717
0.29 0 0.47000000000000003 0.3667975898627548
0.29 0 0.48 0.5688321458996053
0.29 0 0.49 1.3778137775529562
0.29 0 0.5 2.9982248501493336
0.3 0 0.0 0.013610120263891079
0.3 0 0.01 0.014890926585173023
0.3 0 0.02 0.029145292988389353
0.3 0 0.03 0.01379150091316984
0.3 0 0.04 0.0394317053004512
0.3 0 0.05 0.12980108078543867
0.3 0 0.06 0.28427920755015007
0.3 0 0.07 0.4238997265698333
0.3 0 0.08 0.3938164627826469
0.3 0 0.09 0.4982332329479682
0.3 0 0.1 0.14884453642852546
0.3 0 0.11 0.1984080806670951
0.3 0 0.12 0.4443527722655801
0.3 0 0.13 0.41554836912348764
0.3 0 0.14 0.6137937119202949
0.3 0 0.15 0.35053576820120275
0.3 0 0.16 0.26187173658681506
0.3 0 0.17 0.1476337875905672
0.3 0 0.18 0.19075309037009508
0.3 0 0.19 0.2882907645385179
0.3 0 0.2 0.08026575216494648
0.3 0 0.21 0.056295046984110524
0.3 0 0.22 0.02759705766534127
0.3 0 0.23 0.017623477809379895
0.3 0 0.24 0.02193586950366595
0.3 0 0.25 0.025010523093453144
0.3 0 0.26 0.032432609917192115
0.3 0 0.27 0.014106400513686619
0.3 0 0.28 0.023242704016896824
0.3 0 0.29 0.038117726694917524
0.3 0 0.3 0.023390240614493657
0.3 0 0.31 0.023642151770099352
0.3 0 0.32 0.015350326162282399
0.3 0 0.33 0.016667828062031383
0.3 0 0.34 0.014727124110593312
0.3 0 0.35000000000000003 0.02906830211330245
0.3 0 0.36 0.06774034686725046
0.3 0 0.37 0.03176875559184572
0.3 0 0.38 0.022818978277398625
0.3 0 0.39 0.014362383179598356
0.3 0 0.4 0.015591337545120872
0.3 0 0.41000000000000003 0.02497310177773537
0.3 0 0.42 0.0573856770366444
0.3 0 0.43 0.2785952700330483
0.3 0 0.44 0.34431835110143627
0.3 0 0.45 0.48537937384101865
0.3 0 0.46 0.9300787191564125
0.3 0 0.47000000000000003 2.0298109965970808
0.3 0 0.48 4.256632486862939
0.3 0 0.49 3.2557987969229205
0.3 0 0.5 2.50468083218383
#STOP
