#MEDIUM_PROPERTIES_DISTRIBUTED
$MSH_TYPE
	 RICHARDS_FLOW	
$MMP_TYPE
	 PERMEABILITY	
$DIS_TYPE
	 NEAREST_VALUE	
;hj
$CONVERSION_FACTOR
	 2.0e-8	
$DATA
0.0 0.0 0 0.0008818946615524443
0.0 0.01 0 9.280647395480207e-05
0.0 0.02 0 0.0009354240275036376
0.0 0.03 0 0.0006541186320048844
0.0 0.04 0 0.019717799668866085
0.0 0.05 0 0.007753758673783135
0.0 0.06 0 0.004600990303468184
0.0 0.07 0 0.007012053930843322
0.0 0.08 0 0.016803841291925005
0.0 0.09 0 0.017292945337907047
0.0 0.1 0 0.005394600371906675
0.0 0.11 0 0.00367828634878067
0.0 0.12 0 0.0014613313034947657
0.0 0.13 0 0.025625398590866745
0.0 0.14 0 0.04108217265495594
0.0 0.15 0 0.12727820496786593
0.0 0.16 0 0.04174388188527149
0.0 0.17 0 0.017787332261589763
0.0 0.18 0 0.12900347766753045
0.0 0.19 0 0.27914508126030174
0.0 0.2 0 0.34927137105744827
0.0 0.21 0 0.30924398016990273
0.0 0.22 0 0.05513918331595462
0.0 0.23 0 0.029412535375179374
0.0 0.24 0 0.010769152364795986
0.0 0.25 0 0.10272856664279384
0.0 0.26 0 0.0072555536831716136
0.0 0.27 0 0.002313426035124473
0.0 0.28 0 0.0031470731536858312
0.0 0.29 0 0.005882140012091647
0.0 0.3 0 0.041707822004485154
0.0 0.31 0 0.013409518296652585
0.0 0.32 0 0.02279573298238622
0.0 0.33 0 0.09445408826280158
0.0 0.34 0 0.1583729102120302
0.0 0.35000000000000003 0 0.10525515918205866
0.0 0.36 0 0.14921165749060356
0.0 0.37 0 0.19400552003192056
0.0 0.38 0 2.237685170101516
0.0 0.39 0 2.1184718724347515
0.0 0.4 0 12.849157181925316
0.0 0.41000000000000003 0 8.468976226155425
0.0 0.42 0 51.06857881168954
0.0 0.43 0 7.570371879435222
0.0 0.44 0 0.5285245013527238
0.0 0.45 0 0.1325390478844645
0.0 0.46 0 0.0060449372222434825
0.0 0.47000000000000003 0 0.04039211034610976
0.0 0.48 0 0.22572462086678646
0.0 0.49 0 1.8664777758430229
0.0 0.5 0 16.161308651572238
0.01 0.0 0 0.001257605639226124
0.01 0.01 0 0.000454998813283469
0.01 0.02 0 0.0060420224245163615
0.01 0.03 0 0.000593339237956919
0.01 0.04 0 0.009155450536088298
0.01 0.05 0 0.0009361602363509188
0.01 0.06 0 0.0021919372668490096
0.01 0.07 0 0.01096981696820201
0.01 0.08 0 0.004068218709475914
0.01 0.09 0 0.0006473039087488892
0.01 0.1 0 0.000154010079669725
0.01 0.11 0 0.0009471887873817364
0.01 0.12 0 0.03883317059242704
0.01 0.13 0 0.015565736188334024
0.01 0.14 0 0.04375039554353557
0.01 0.15 0 0.11553158453020224
0.01 0.16 0 0.17131587908773416
0.01 0.17 0 0.12273884657547715
0.01 0.18 0 0.04830094450293769
0.01 0.19 0 0.28635408827343156
0.01 0.2 0 0.10132342166373351
0.01 0.21 0 0.36240637735607417
0.01 0.22 0 0.5061013465040196
0.01 0.23 0 0.3373590024851504
0.01 0.24 0 0.04827724467067984
0.01 0.25 0 0.0439619210328785
0.01 0.26 0 0.054530747403775066
0.01 0.27 0 0.007951601610389597
0.01 0.28 0 0.0067435832618494215
0.01 0.29 0 0.005498387043952978
0.01 0.3 0 0.01697983177907478
0.01 0.31 0 0.011891156568526602
0.01 0.32 0 0.004734034368831272
0.01 0.33 0 0.3212877986532639
0.01 0.34 0 0.15636252403877313
0.01 0.35000000000000003 0 0.32221796851409895
0.01 0.36 0 0.17472547782836628
0.01 0.37 0 0.14307639808337405
0.01 0.38 0 2.7107892169802166
0.01 0.39 0 17.68587043683962
0.01 0.4 0 32.878847494745074
0.01 0.41000000000000003 0 16.533909362232887
0.01 0.42 0 5.884539530246322
0.01 0.43 0 6.515169257107762
0.01 0.44 0 5.809822997961061
0.01 0.45 0 0.09438577799692302
0.01 0.46 0 0.09280655697348633
0.01 0.47000000000000003 0 0.10867075747947344
0.01 0.48 0 11.732196223117693
0.01 0.49 0 1.6302668734146954
0.01 0.5 0 0.39558938711954833
0.02 0.0 0 0.0050785108741033605
0.02 0.01 0 0.0042697223809945156
0.02 0.02 0 0.0014409908890184884
0.02 0.03 0 0.0003180315736377734
0.02 0.04 0 3.5071617935734235e-05
0.02 0.05 0 0.00019350988141790057
0.02 0.06 0 0.001589496104198459
0.02 0.07 0 0.001961134684387192
0.02 0.08 0 0.00037410914550532395
0.02 0.09 0 8.890604131157488e-05
0.02 0.1 0 0.01185674237655099
0.02 0.11 0 0.0017422106775770118
0.02 0.12 0 0.0048978096886821134
0.02 0.13 0 0.010507248514269079
0.02 0.14 0 0.13668985661113817
0.02 0.15 0 0.09103304904946126
0.02 0.16 0 0.002484622959176446
0.02 0.17 0 0.01862924589419046
0.02 0.18 0 0.0484224638490368
0.02 0.19 0 0.5207228642328047
0.02 0.2 0 1.0320347353471966
0.02 0.21 0 0.250052230899747
0.02 0.22 0 0.5696626789968201
0.02 0.23 0 0.02794838110316965
0.02 0.24 0 0.08691866410620529
0.02 0.25 0 0.01876820991486821
0.02 0.26 0 0.011285249281338146
0.02 0.27 0 0.013190487677213467
0.02 0.28 0 0.007641435935421502
0.02 0.29 0 0.00989551435433601
0.02 0.3 0 0.0008438346033148902
0.02 0.31 0 0.012811521544461722
0.02 0.32 0 0.10330890703070948
0.02 0.33 0 0.5580409942330425
0.02 0.34 0 0.16384464666972925
0.02 0.35000000000000003 0 2.831185069294473
0.02 0.36 0 6.346638428172587
0.02 0.37 0 9.306686258240868
0.02 0.38 0 4.777231734283601
0.02 0.39 0 8.549498534916276
0.02 0.4 0 42.867396570290346
0.02 0.41000000000000003 0 43.5903594804092
0.02 0.42 0 23.820674078553118
0.02 0.43 0 1.2908982223587413
0.02 0.44 0 0.28842404691862117
0.02 0.45 0 0.04843849867554609
0.02 0.46 0 0.5674838788204667
0.02 0.47000000000000003 0 0.16843986146444395
0.02 0.48 0 0.011246520815074539
0.02 0.49 0 0.010147194869955856
0.02 0.5 0 0.10616507626707636
0.03 0.0 0 0.05122900682066133
0.03 0.01 0 0.07900760495124518
0.03 0.02 0 0.002650635177165034
0.03 0.03 0 0.000815997187710002
0.03 0.04 0 0.0026107293188452466
0.03 0.05 0 0.007426107481202372
0.03 0.06 0 0.008646402668170378
0.03 0.07 0 0.002522344015754236
0.03 0.08 0 0.0007533198901272494
0.03 0.09 0 0.0017021042467511155
0.03 0.1 0 0.0003775433732658892
0.03 0.11 0 0.009604241642788293
0.03 0.12 0 0.01219428961148554
0.03 0.13 0 0.059204728000257674
0.03 0.14 0 0.03801759326968297
0.03 0.15 0 0.06117411007543796
0.03 0.16 0 0.1152661050320869
0.03 0.17 0 0.03718262011832793
0.03 0.18 0 0.04205420708810861
0.03 0.19 0 0.05182047214788288
0.03 0.2 0 1.0759991654843057
0.03 0.21 0 1.1893560692630794
0.03 0.22 0 1.5841712820403435
0.03 0.23 0 0.034468143249993026
0.03 0.24 0 1.8903747919855238
0.03 0.25 0 0.5228468836626681
0.03 0.26 0 0.8414130946006075
0.03 0.27 0 0.9363067749237015
0.03 0.28 0 0.3601696576030527
0.03 0.29 0 0.34898736213578235
0.03 0.3 0 0.009910274270734713
0.03 0.31 0 0.0017220867920096482
0.03 0.32 0 0.001591263959535102
0.03 0.33 0 0.006831018004506724
0.03 0.34 0 0.08261467126804839
0.03 0.35000000000000003 0 2.2236050077363734
0.03 0.36 0 1.1271260912887686
0.03 0.37 0 3.5886974850758184
0.03 0.38 0 4.1464493691091695
0.03 0.39 0 36.60281228300424
0.03 0.4 0 147.2010008570029
0.03 0.41000000000000003 0 73.76924662939884
0.03 0.42 0 1.0486676996200266
0.03 0.43 0 0.05655724510727889
0.03 0.44 0 0.013348987528824234
0.03 0.45 0 0.00821559227843563
0.03 0.46 0 0.0321587704876649
0.03 0.47000000000000003 0 0.005239690160148761
0.03 0.48 0 0.0038022774864912546
0.03 0.49 0 0.00041550946558849223
0.03 0.5 0 0.0016593043395058493
0.04 0.0 0 0.007578484250452169
0.04 0.01 0 0.0040211061669129505
0.04 0.02 0 0.005326333990335222
0.04 0.03 0 0.01520305635260898
0.04 0.04 0 0.009179147073830983
0.04 0.05 0 0.012258389165215289
0.04 0.06 0 0.0009114061407796148
0.04 0.07 0 0.000809239143294906
0.04 0.08 0 0.00020771788810100162
0.04 0.09 0 0.005776433973686479
0.04 0.1 0 0.004018707620050971
0.04 0.11 0 0.013324040645621982
0.04 0.12 0 0.07995246601956885
0.04 0.13 0 0.5843224562237898
0.04 0.14 0 0.2885402290121618
0.04 0.15 0 0.2727285934607655
0.04 0.16 0 0.08557200961232428
0.04 0.17 0 0.13334600526333606
0.04 0.18 0 0.1270847530227584
0.04 0.19 0 0.15063527791321996
0.04 0.2 0 1.8022659962120524
0.04 0.21 0 5.551015309024265
0.04 0.22 0 4.807494146893726
0.04 0.23 0 0.6137209291809984
0.04 0.24 0 1.2798026748883369
0.04 0.25 0 0.3518872196373162
0.04 0.26 0 0.9396359024060937
0.04 0.27 0 6.56512303181351
0.04 0.28 0 1.2807936386522385
0.04 0.29 0 0.10833782857139083
0.04 0.3 0 0.13539305533702145
0.04 0.31 0 0.03517361411253762
0.04 0.32 0 0.2305035277561992
0.04 0.33 0 0.005279378269467592
0.04 0.34 0 0.1492050426771997
0.04 0.35000000000000003 0 0.31849387857578654
0.04 0.36 0 0.35692082167890127
0.04 0.37 0 1.747380728176005
0.04 0.38 0 6.12385160513938
0.04 0.39 0 35.24454953666101
0.04 0.4 0 1.82220531576215
0.04 0.41000000000000003 0 2.5852796753239904
0.04 0.42 0 0.938266370080944
0.04 0.43 0 0.20421558034868373
0.04 0.44 0 0.03342153704772767
0.04 0.45 0 0.045460341197918565
0.04 0.46 0 0.04045052331737603
0.04 0.47000000000000003 0 0.012564553750515853
0.04 0.48 0 0.002412978073338225
0.04 0.49 0 0.008629702930743494
0.04 0.5 0 0.003291705462461957
0.05 0.0 0 0.08096751508647311
0.05 0.01 0 0.06828205718699162
0.05 0.02 0 0.03861664942873254
0.05 0.03 0 0.007320971235895491
0.05 0.04 0 0.003869532543050477
0.05 0.05 0 0.0055857617315066945
0.05 0.06 0 0.014604311654981043
0.05 0.07 0 0.1329669222685214
0.05 0.08 0 0.018619560841487137
0.05 0.09 0 0.004169092250386776
0.05 0.1 0 0.0005931452028519389
0.05 0.11 0 0.00823209158264879
0.05 0.12 0 0.021114394177483356
0.05 0.13 0 0.4426556970466845
0.05 0.14 0 0.09438698508430454
0.05 0.15 0 0.168959229675311
0.05 0.16 0 0.14165472516441324
0.05 0.17 0 0.6787259368139694
0.05 0.18 0 18.276564980135454
0.05 0.19 0 8.236011023367212
0.05 0.2 0 8.759740238761449
0.05 0.21 0 16.70180279877596
0.05 0.22 0 3.051425933324832
0.05 0.23 0 1.7162714360932898
0.05 0.24 0 0.029663384922736187
0.05 0.25 0 0.11801030341392342
0.05 0.26 0 13.689538761179234
0.05 0.27 0 18.80594953340289
0.05 0.28 0 5.458802867505608
0.05 0.29 0 0.3747955596789257
0.05 0.3 0 0.681905810135964
0.05 0.31 0 0.0320418177766028
0.05 0.32 0 0.1132935209913627
0.05 0.33 0 0.02333138846229879
0.05 0.34 0 0.03461507799339073
0.05 0.35000000000000003 0 0.023189243651075386
0.05 0.36 0 0.1436867416473955
0.05 0.37 0 1.0617738817912152
0.05 0.38 0 0.299969128500541
0.05 0.39 0 0.18794465048321682
0.05 0.4 0 0.4849489620076759
0.05 0.41000000000000003 0 0.2681647792857208
0.05 0.42 0 0.06075486200959629
0.05 0.43 0 0.0008785568928211411
0.05 0.44 0 0.0017732770247272723
0.05 0.45 0 0.0009706783709683148
0.05 0.46 0 0.002611581136991946
0.05 0.47000000000000003 0 0.016502086187240524
0.05 0.48 0 0.004041569195300862
0.05 0.49 0 0.004556555363021571
0.05 0.5 0 0.0022948829231504674
0.06 0.0 0 0.014353587516792624
0.06 0.01 0 0.004795490424397384
0.06 0.02 0 0.006598393062086044
0.06 0.03 0 0.0007112961160564616
0.06 0.04 0 0.0077311608243553175
0.06 0.05 0 0.004157225644989184
0.06 0.06 0 0.10417940872441545
0.06 0.07 0 0.06958074418470019
0.06 0.08 0 0.011345178126598658
0.06 0.09 0 0.010680390193526679
0.06 0.1 0 0.006577168970187802
0.06 0.11 0 0.03357902113869051
0.06 0.12 0 0.14949275595559977
0.06 0.13 0 0.37267308699514357
0.06 0.14 0 0.06688855985750586
0.06 0.15 0 0.06550715599618116
0.06 0.16 0 0.45304750938297067
0.06 0.17 0 5.008437751311619
0.06 0.18 0 1.7067993277600135
0.06 0.19 0 9.538680668430642
0.06 0.2 0 11.918823007465358
0.06 0.21 0 41.929034826556936
0.06 0.22 0 2.0937316313633176
0.06 0.23 0 0.7331500522803183
0.06 0.24 0 0.15172602656989442
0.06 0.25 0 0.036405018564039375
0.06 0.26 0 2.312699159090189
0.06 0.27 0 9.048158458166158
0.06 0.28 0 9.53905664751836
0.06 0.29 0 0.20134145946432533
0.06 0.3 0 0.013025480876618237
0.06 0.31 0 0.081413433131042
0.06 0.32 0 0.022139401204709915
0.06 0.33 0 0.025924493762582556
0.06 0.34 0 0.062130956101414885
0.06 0.35000000000000003 0 0.053150727895603794
0.06 0.36 0 0.371740106191305
0.06 0.37 0 0.05578960667592279
0.06 0.38 0 0.1591139369991396
0.06 0.39 0 0.04618798905206402
0.06 0.4 0 0.11496235967804092
0.06 0.41000000000000003 0 0.015887269885931594
0.06 0.42 0 0.006775116579835835
0.06 0.43 0 0.0013982020237240556
0.06 0.44 0 0.0022585231285147315
0.06 0.45 0 0.0017796068384157658
0.06 0.46 0 0.0032951497389824167
0.06 0.47000000000000003 0 0.004054248057810276
0.06 0.48 0 0.005030527773152111
0.06 0.49 0 0.053881981262089165
0.06 0.5 0 0.029259817587628415
0.07 0.0 0 0.0009508952003330862
0.07 0.01 0 0.0016110377087540822
0.07 0.02 0 0.004111239045490878
0.07 0.03 0 0.0015218804211408787
0.07 0.04 0 0.0016051353797785037
0.07 0.05 0 0.0012987459748183166
0.07 0.06 0 0.015320687745024195
0.07 0.07 0 0.07091768918316775
0.07 0.08 0 0.07836683395902334
0.07 0.09 0 0.03125690064445981
0.07 0.1 0 0.0041930406965219585
0.07 0.11 0 0.009664913644496145
0.07 0.12 0 0.0137442919210802
0.07 0.13 0 0.012144463251522396
0.07 0.14 0 0.08454150071127385
0.07 0.15 0 0.9417632249921933
0.07 0.16 0 6.234579373383703
0.07 0.17 0 3.777969025353411
0.07 0.18 0 7.842963828206308
0.07 0.19 0 3.2397941549747733
0.07 0.2 0 13.00430056068941
0.07 0.21 0 1.9954129284303594
0.07 0.22 0 1.3186939738835655
0.07 0.23 0 0.15188311289827072
0.07 0.24 0 0.049486448267010735
0.07 0.25 0 0.5070285062771397
0.07 0.26 0 0.3715939275454982
0.07 0.27 0 1.3048106294667283
0.07 0.28 0 1.2391310487492273
0.07 0.29 0 5.086561179914211
0.07 0.3 0 0.07829312581928954
0.07 0.31 0 0.013338717412289636
0.07 0.32 0 0.0020092995883168358
0.07 0.33 0 0.011642857972110572
0.07 0.34 0 0.008447029652643542
0.07 0.35000000000000003 0 0.0011972227266244108
0.07 0.36 0 0.006189054133380646
0.07 0.37 0 0.03919408143058707
0.07 0.38 0 0.5977850728778659
0.07 0.39 0 0.05940183032274055
0.07 0.4 0 0.06878299719821489
0.07 0.41000000000000003 0 0.011186032816099523
0.07 0.42 0 0.02525028321684322
0.07 0.43 0 0.004918034889761545
0.07 0.44 0 0.000312102822348281
0.07 0.45 0 9.996266185331826e-05
0.07 0.46 0 0.00019290268168453066
0.07 0.47000000000000003 0 0.0014881944828021027
0.07 0.48 0 0.012476547089315613
0.07 0.49 0 0.03999387127546565
0.07 0.5 0 0.12034126050437645
0.08 0.0 0 0.0015591045052916756
0.08 0.01 0 0.00385097589317345
0.08 0.02 0 0.00746718057703227
0.08 0.03 0 0.03273188031135743
0.08 0.04 0 0.022413328645931704
0.08 0.05 0 0.03002377616066603
0.08 0.06 0 0.009352569208608979
0.08 0.07 0 0.011346363046239224
0.08 0.08 0 0.05647924370314184
0.08 0.09 0 0.2030499040496513
0.08 0.1 0 0.004313317159542637
0.08 0.11 0 0.0028775900481964214
0.08 0.12 0 0.01922814151310341
0.08 0.13 0 0.02086036358852888
0.08 0.14 0 0.24998734831607788
0.08 0.15 0 0.03611148596830749
0.08 0.16 0 0.15995130915145675
0.08 0.17 0 0.14211929131506446
0.08 0.18 0 0.12932781363384696
0.08 0.19 0 0.1483459535181316
0.08 0.2 0 0.1453582503981881
0.08 0.21 0 0.06257259431541909
0.08 0.22 0 0.1549267376244278
0.08 0.23 0 0.12803876002010575
0.08 0.24 0 0.49973774704157226
0.08 0.25 0 0.6718640200968942
0.08 0.26 0 1.7579705738623457
0.08 0.27 0 0.09486160973819964
0.08 0.28 0 0.01482522437238742
0.08 0.29 0 0.015533554990261014
0.08 0.3 0 0.015006290700612558
0.08 0.31 0 0.015095787366468551
0.08 0.32 0 0.0009670138078205728
0.08 0.33 0 0.0011989250138096331
0.08 0.34 0 0.0030070460426025957
0.08 0.35000000000000003 0 0.07044468232034347
0.08 0.36 0 0.3248982619580237
0.08 0.37 0 0.3685053802976298
0.08 0.38 0 0.5981707215832783
0.08 0.39 0 0.8714775569580546
0.08 0.4 0 0.3269834211159993
0.08 0.41000000000000003 0 0.31101897901915854
0.08 0.42 0 0.013157349897125215
0.08 0.43 0 0.06273670684675633
0.08 0.44 0 0.00766796194890643
0.08 0.45 0 0.008247620956630893
0.08 0.46 0 0.005607198465029705
0.08 0.47000000000000003 0 0.0006924884734696334
0.08 0.48 0 0.05278824938328728
0.08 0.49 0 0.00612758863303083
0.08 0.5 0 0.011291634883906138
0.09 0.0 0 0.014810167700337079
0.09 0.01 0 0.024659017981591938
0.09 0.02 0 0.007738550387865783
0.09 0.03 0 0.04901737384354567
0.09 0.04 0 0.0038499463388825595
0.09 0.05 0 0.06806410562274631
0.09 0.06 0 0.11120316857971337
0.09 0.07 0 0.5018285326087517
0.09 0.08 0 0.124338788230273
0.09 0.09 0 0.0626020201847978
0.09 0.1 0 0.5192161257904607
0.09 0.11 0 0.33755389801729196
0.09 0.12 0 0.08317178969659679
0.09 0.13 0 0.037004591420203375
0.09 0.14 0 0.7579789996149738
0.09 0.15 0 0.24254531994435855
0.09 0.16 0 0.022263186115648956
0.09 0.17 0 0.025983765447081208
0.09 0.18 0 0.4329620278248675
0.09 0.19 0 4.058751095192063
0.09 0.2 0 5.906840517289735
0.09 0.21 0 1.630319439382504
0.09 0.22 0 13.50666365850616
0.09 0.23 0 5.2280718315005625
0.09 0.24 0 1.22006703037386
0.09 0.25 0 0.26908221605377547
0.09 0.26 0 0.40374353347383146
0.09 0.27 0 0.041776838515076596
0.09 0.28 0 0.01403665731415399
0.09 0.29 0 0.0040145394040570275
0.09 0.3 0 0.010603331243432372
0.09 0.31 0 0.010270893315922416
0.09 0.32 0 0.008948011563279696
0.09 0.33 0 0.0007121686743384821
0.09 0.34 0 0.0021409374018191004
0.09 0.35000000000000003 0 0.018401740795262318
0.09 0.36 0 0.11543923638818185
0.09 0.37 0 0.3244589029713297
0.09 0.38 0 0.02245815688547265
0.09 0.39 0 0.28358640075332725
0.09 0.4 0 0.17223057978069004
0.09 0.41000000000000003 0 0.7346782042453203
0.09 0.42 0 0.04961106641490307
0.09 0.43 0 0.11465941848763078
0.09 0.44 0 0.13049552723168215
0.09 0.45 0 0.18375330294462497
0.09 0.46 0 0.9791331493379936
0.09 0.47000000000000003 0 0.047546031942072325
0.09 0.48 0 0.00256829530441997
0.09 0.49 0 0.0011162484225692778
0.09 0.5 0 0.006192924543505362
0.1 0.0 0 0.003092677347633278
0.1 0.01 0 0.016785333261144696
0.1 0.02 0 0.08918798509036613
0.1 0.03 0 0.21431336362600203
0.1 0.04 0 0.043906932797580796
0.1 0.05 0 0.674505187088006
0.1 0.06 0 0.8388243578077234
0.1 0.07 0 0.5967411403721448
0.1 0.08 0 0.681499583632405
0.1 0.09 0 0.22331000771669982
0.1 0.1 0 0.6312500127277647
0.1 0.11 0 3.288995395294739
0.1 0.12 0 0.7432160978032368
0.1 0.13 0 1.9897150476489134
0.1 0.14 0 0.14593550346237308
0.1 0.15 0 0.3242647189310357
0.1 0.16 0 0.24325549807808494
0.1 0.17 0 0.17853739788078254
0.1 0.18 0 0.5550136254902046
0.1 0.19 0 1.1615227951727676
0.1 0.2 0 10.356118239556658
0.1 0.21 0 13.161047479689715
0.1 0.22 0 5.7805721875814795
0.1 0.23 0 1.4050007679823517
0.1 0.24 0 0.7481471379879494
0.1 0.25 0 0.04957793345428366
0.1 0.26 0 0.04572038172617921
0.1 0.27 0 0.010573936804401803
0.1 0.28 0 0.1914537480377564
0.1 0.29 0 0.016394997099627162
0.1 0.3 0 0.007719572455343553
0.1 0.31 0 0.004129891191250795
0.1 0.32 0 0.013149236988096842
0.1 0.33 0 0.007592194577157627
0.1 0.34 0 0.006475360478624179
0.1 0.35000000000000003 0 0.03287623700712981
0.1 0.36 0 0.16421703832297532
0.1 0.37 0 1.5560330528024702
0.1 0.38 0 0.18332732031444052
0.1 0.39 0 0.11515152166136271
0.1 0.4 0 0.06849616416301355
0.1 0.41000000000000003 0 0.01624823186510712
0.1 0.42 0 0.029426019786939983
0.1 0.43 0 0.09948817704533354
0.1 0.44 0 0.6551482726621046
0.1 0.45 0 0.8167596418663909
0.1 0.46 0 0.012157506292941838
0.1 0.47000000000000003 0 0.025329950131420302
0.1 0.48 0 0.020190027530454787
0.1 0.49 0 0.03340305549135098
0.1 0.5 0 0.005491215555338722
0.11 0.0 0 0.003937645933220334
0.11 0.01 0 0.003500545402086443
0.11 0.02 0 0.1425241336148653
0.11 0.03 0 0.14590115107572868
0.11 0.04 0 0.2774396199108417
0.11 0.05 0 0.5444220773494401
0.11 0.06 0 15.626942809800024
0.11 0.07 0 66.8111656083566
0.11 0.08 0 6.585655579589417
0.11 0.09 0 0.9074390677706375
0.11 0.1 0 0.29084824878883153
0.11 0.11 0 1.3978411254192737
0.11 0.12 0 0.622876477118485
0.11 0.13 0 0.33457938729765574
0.11 0.14 0 0.40835077766513317
0.11 0.15 0 1.0865338100874564
0.11 0.16 0 1.1416259135493136
0.11 0.17 0 0.6296603810243407
0.11 0.18 0 0.9325380568263858
0.11 0.19 0 1.541368824690857
0.11 0.2 0 2.7830481535665643
0.11 0.21 0 12.327800339488162
0.11 0.22 0 10.677001059786893
0.11 0.23 0 6.192791912236704
0.11 0.24 0 2.1069755614238153
0.11 0.25 0 0.32158106786127205
0.11 0.26 0 0.00641344848199756
0.11 0.27 0 0.018217573193077607
0.11 0.28 0 0.16189222846132081
0.11 0.29 0 0.17903334109653818
0.11 0.3 0 0.04555847585284242
0.11 0.31 0 0.010885564293815552
0.11 0.32 0 0.05247677209999776
0.11 0.33 0 0.005271722821408558
0.11 0.34 0 0.0036854693359710286
0.11 0.35000000000000003 0 0.00032214502847819525
0.11 0.36 0 0.01137368660947044
0.11 0.37 0 0.014851342810156223
0.11 0.38 0 0.12696139644169027
0.11 0.39 0 0.07015877924199232
0.11 0.4 0 0.002956841128199037
0.11 0.41000000000000003 0 0.001782044961887302
0.11 0.42 0 0.00503071599688869
0.11 0.43 0 0.011889632308713849
0.11 0.44 0 0.0029988559719807866
0.11 0.45 0 0.01620673165784523
0.11 0.46 0 0.013910985540116593
0.11 0.47000000000000003 0 0.04936187614398832
0.11 0.48 0 0.025556288410227897
0.11 0.49 0 0.02102116852614845
0.11 0.5 0 0.014074369186335298
0.12 0.0 0 0.004174277492662383
0.12 0.01 0 0.002095660591981772
0.12 0.02 0 0.016263700347479093
0.12 0.03 0 0.03367071788945106
0.12 0.04 0 1.0952546498858269
0.12 0.05 0 2.5221766467001685
0.12 0.06 0 0.31124225683031637
0.12 0.07 0 0.36112770374745556
0.12 0.08 0 0.40066773319775884
0.12 0.09 0 0.5178501262076762
0.12 0.1 0 0.0749137789232039
0.12 0.11 0 0.007056377773269234
0.12 0.12 0 0.03524550638247093
0.12 0.13 0 0.2751148787110404
0.12 0.14 0 0.23833685758162212
0.12 0.15 0 0.046986828176574534
0.12 0.16 0 0.08001896985319422
0.12 0.17 0 0.11278829569700606
0.12 0.18 0 0.07031352402282517
0.12 0.19 0 0.03671443682653565
0.12 0.2 0 0.3468388165386395
0.12 0.21 0 0.39025140536385444
0.12 0.22 0 0.054049874161024185
0.12 0.23 0 0.0774190361045762
0.12 0.24 0 0.03840911273645095
0.12 0.25 0 0.6755385222291734
0.12 0.26 0 0.031925995790109615
0.12 0.27 0 0.011558318782444921
0.12 0.28 0 0.02310318730626465
0.12 0.29 0 0.018428319093245826
0.12 0.3 0 0.207351365405391
0.12 0.31 0 0.04547004952364113
0.12 0.32 0 0.015544839937503035
0.12 0.33 0 0.03773942502764407
0.12 0.34 0 0.020778786433887766
0.12 0.35000000000000003 0 0.02090411935353796
0.12 0.36 0 0.012219396604121845
0.12 0.37 0 0.018784577786964626
0.12 0.38 0 0.3670199020449324
0.12 0.39 0 0.1345000005758949
0.12 0.4 0 0.01196234414779826
0.12 0.41000000000000003 0 0.0006981560428540706
0.12 0.42 0 0.00047672024137791253
0.12 0.43 0 0.00022223547371518298
0.12 0.44 0 0.0024947881815584414
0.12 0.45 0 0.0455013354939076
0.12 0.46 0 0.21462364311899504
0.12 0.47000000000000003 0 0.2393044256687917
0.12 0.48 0 0.19536275319550053
0.12 0.49 0 0.20585330710688501
0.12 0.5 0 2.6166935261688997
0.13 0.0 0 0.002545780003382068
0.13 0.01 0 0.01060469654606645
0.13 0.02 0 0.011098984911877424
0.13 0.03 0 0.007755955256438628
0.13 0.04 0 0.2970023293529312
0.13 0.05 0 0.12279039286534242
0.13 0.06 0 0.08490764820322208
0.13 0.07 0 0.022533402058227982
0.13 0.08 0 0.05804879246741367
0.13 0.09 0 0.034664817631098174
0.13 0.1 0 0.022189682848477974
0.13 0.11 0 0.002608614560682924
0.13 0.12 0 0.005451691171517156
0.13 0.13 0 0.055312658352150774
0.13 0.14 0 0.1947855449158161
0.13 0.15 0 0.014698288057702628
0.13 0.16 0 0.001615510879952173
0.13 0.17 0 0.0005915258810237571
0.13 0.18 0 0.0010386067091350004
0.13 0.19 0 0.07979947192904792
0.13 0.2 0 0.07197823552226688
0.13 0.21 0 0.03191747498836644
0.13 0.22 0 0.029008619062149993
0.13 0.23 0 0.29706419256828404
0.13 0.24 0 0.6996905477717306
0.13 0.25 0 0.050348952947367444
0.13 0.26 0 0.022966861421532116
0.13 0.27 0 0.026766129469366254
0.13 0.28 0 0.027585752954968658
0.13 0.29 0 0.006173877834459551
0.13 0.3 0 0.04847117111789572
0.13 0.31 0 0.08886225483754197
0.13 0.32 0 0.003519455898032946
0.13 0.33 0 0.012842498580722483
0.13 0.34 0 0.028730115816626697
0.13 0.35000000000000003 0 0.06165280128680445
0.13 0.36 0 0.011925452711864704
0.13 0.37 0 0.023403947724353672
0.13 0.38 0 0.2511180765577231
0.13 0.39 0 0.15684289136111915
0.13 0.4 0 0.008197713786367444
0.13 0.41000000000000003 0 0.0013825404208311198
0.13 0.42 0 0.00015455252542059475
0.13 0.43 0 0.00032719872725802714
0.13 0.44 0 0.005463392381380506
0.13 0.45 0 0.05711192162353559
0.13 0.46 0 0.5113046397821458
0.13 0.47000000000000003 0 0.08224796831018952
0.13 0.48 0 0.3908402068364139
0.13 0.49 0 0.11162268080338808
0.13 0.5 0 2.6720677774600468
0.14 0.0 0 0.009391734079075988
0.14 0.01 0 0.026209683578749966
0.14 0.02 0 0.0340562854011547
0.14 0.03 0 0.006354945759437754
0.14 0.04 0 0.01258683931241039
0.14 0.05 0 0.0073536767150525935
0.14 0.06 0 0.002755469216133573
0.14 0.07 0 0.0043925056428699314
0.14 0.08 0 0.003691257881074364
0.14 0.09 0 0.010199500013793274
0.14 0.1 0 0.014425180172649904
0.14 0.11 0 0.020041176521718832
0.14 0.12 0 0.014194642624647159
0.14 0.13 0 0.0035132439871191565
0.14 0.14 0 0.006556111871062722
0.14 0.15 0 0.004139009663706658
0.14 0.16 0 0.0011573684135846194
0.14 0.17 0 0.0001654315259486149
0.14 0.18 0 5.086010808047991e-05
0.14 0.19 0 0.0005868920746741493
0.14 0.2 0 0.0005660848321388134
0.14 0.21 0 0.001478799506162866
0.14 0.22 0 0.024432394062201282
0.14 0.23 0 0.003048415345695632
0.14 0.24 0 0.03921432850429292
0.14 0.25 0 0.019177334140976457
0.14 0.26 0 0.060917300572186084
0.14 0.27 0 0.03689303660460622
0.14 0.28 0 0.0190513185623479
0.14 0.29 0 0.09708557695491218
0.14 0.3 0 0.0441285532519411
0.14 0.31 0 0.007299774242934573
0.14 0.32 0 0.002598734871332512
0.14 0.33 0 0.05271427251925177
0.14 0.34 0 0.021919093237091417
0.14 0.35000000000000003 0 0.012028465083988107
0.14 0.36 0 0.005734934929763247
0.14 0.37 0 0.10847214706925645
0.14 0.38 0 0.051879883254491665
0.14 0.39 0 0.019858705134777995
0.14 0.4 0 0.019314838275884726
0.14 0.41000000000000003 0 0.00670755842474326
0.14 0.42 0 0.003407453481067504
0.14 0.43 0 0.001974237260307621
0.14 0.44 0 0.017122096606260684
0.14 0.45 0 0.016216113377994657
0.14 0.46 0 0.019839754758128672
0.14 0.47000000000000003 0 0.01857910215286222
0.14 0.48 0 0.05168635109026279
0.14 0.49 0 0.11284945166246381
0.14 0.5 0 0.2443709745584034
0.15 0.0 0 0.28022722363533176
0.15 0.01 0 0.12131949637258588
0.15 0.02 0 0.022932529177975766
0.15 0.03 0 0.0065906347173736645
0.15 0.04 0 0.010225521621370722
0.15 0.05 0 0.02769269038209453
0.15 0.06 0 0.05021767799320997
0.15 0.07 0 0.0245429762096447
0.15 0.08 0 0.07292523170508836
0.15 0.09 0 0.08086578031707185
0.15 0.1 0 0.017195946790644984
0.15 0.11 0 0.012582349912300398
0.15 0.12 0 0.0047336057426801085
0.15 0.13 0 0.009751805643343528
0.15 0.14 0 0.002520044778334195
0.15 0.15 0 0.005345881418483207
0.15 0.16 0 0.005756307838552579
0.15 0.17 0 0.0020573938448777656
0.15 0.18 0 0.0003193496541007717
0.15 0.19 0 9.901867002655058e-05
0.15 0.2 0 7.458960499936662e-05
0.15 0.21 0 0.00035848297596526404
0.15 0.22 0 0.0016708548382259672
0.15 0.23 0 0.0005367593005696879
0.15 0.24 0 0.001572051643995466
0.15 0.25 0 0.0021064841664074625
0.15 0.26 0 0.10138359146392746
0.15 0.27 0 0.04492223046744086
0.15 0.28 0 0.009730437852158077
0.15 0.29 0 0.009718936835262808
0.15 0.3 0 0.081556550667073
0.15 0.31 0 0.2575728633738755
0.15 0.32 0 1.9499142106648444
0.15 0.33 0 0.1140953340062401
0.15 0.34 0 0.007687075557381554
0.15 0.35000000000000003 0 0.028007091455356185
0.15 0.36 0 0.18148944109719473
0.15 0.37 0 0.5065653418487822
0.15 0.38 0 0.07694617785809413
0.15 0.39 0 0.05203897046895577
0.15 0.4 0 0.019207826569814606
0.15 0.41000000000000003 0 0.008835899022595716
0.15 0.42 0 0.0010784519945676813
0.15 0.43 0 0.006642436463992264
0.15 0.44 0 0.005135447983891926
0.15 0.45 0 0.026497323880503836
0.15 0.46 0 0.01243655017847841
0.15 0.47000000000000003 0 0.012742791911259137
0.15 0.48 0 0.012617713217556583
0.15 0.49 0 0.0016580105935526755
0.15 0.5 0 0.013277272884838515
0.16 0.0 0 0.16155821785414876
0.16 0.01 0 0.08519681218484303
0.16 0.02 0 0.065091179687333
0.16 0.03 0 0.04829107352515441
0.16 0.04 0 0.008317998517721265
0.16 0.05 0 0.007732878225499625
0.16 0.06 0 0.0238451720136061
0.16 0.07 0 0.4776173626538428
0.16 0.08 0 0.037756780091291776
0.16 0.09 0 0.008261924021524357
0.16 0.1 0 0.01271437297714641
0.16 0.11 0 0.007254532813288498
0.16 0.12 0 0.004463269863433723
0.16 0.13 0 0.0005674929239789439
0.16 0.14 0 0.0009335710386554288
0.16 0.15 0 0.0012867855903527818
0.16 0.16 0 0.0009471049051552912
0.16 0.17 0 0.0009529289129121409
0.16 0.18 0 0.0003777344417243306
0.16 0.19 0 0.00022813611577937186
0.16 0.2 0 9.12216617441094e-05
0.16 0.21 0 0.0003811745036512235
0.16 0.22 0 0.00012035672363271654
0.16 0.23 0 0.00011992062664589215
0.16 0.24 0 0.002602448895973058
0.16 0.25 0 0.043578212268333555
0.16 0.26 0 0.24333394969869537
0.16 0.27 0 0.015809019322236925
0.16 0.28 0 0.0070215583510387395
0.16 0.29 0 0.04321545145216985
0.16 0.3 0 0.4671745097581434
0.16 0.31 0 0.2525115174595176
0.16 0.32 0 1.4125329745390154
0.16 0.33 0 0.04556093449247379
0.16 0.34 0 0.05063920866226276
0.16 0.35000000000000003 0 0.019933888957409853
0.16 0.36 0 0.01120632597202408
0.16 0.37 0 0.005333629087414094
0.16 0.38 0 0.0020616072276007148
0.16 0.39 0 0.019387916667487504
0.16 0.4 0 0.00538644446415105
0.16 0.41000000000000003 0 0.018349168708565695
0.16 0.42 0 0.04240937036722214
0.16 0.43 0 0.1354904236779933
0.16 0.44 0 0.07680639201181037
0.16 0.45 0 0.0048481759936877065
0.16 0.46 0 0.05864616220238152
0.16 0.47000000000000003 0 0.0410720521999789
0.16 0.48 0 0.0018498769260918372
0.16 0.49 0 0.0007946683241147992
0.16 0.5 0 0.001577687965409525
0.17 0.0 0 0.021651436201467703
0.17 0.01 0 0.23124004226547398
0.17 0.02 0 0.035241499085041116
0.17 0.03 0 0.01919355290393558
0.17 0.04 0 0.0496666245782813
0.17 0.05 0 0.03548020303921471
0.17 0.06 0 0.2941931434890369
0.17 0.07 0 0.16316308187432818
0.17 0.08 0 0.16256393027393715
0.17 0.09 0 0.030246536958010217
0.17 0.1 0 0.05158900253208278
0.17 0.11 0 0.06513380459005395
0.17 0.12 0 0.055837887802894504
0.17 0.13 0 0.21059659295368865
0.17 0.14 0 0.008872207440067276
0.17 0.15 0 0.06868449865788488
0.17 0.16 0 0.007850104801709659
0.17 0.17 0 0.008113997899533505
0.17 0.18 0 0.01779458497376829
0.17 0.19 0 0.002704365864524176
0.17 0.2 0 0.0017491335901891419
0.17 0.21 0 0.0007257443938901987
0.17 0.22 0 0.0016462589543103402
0.17 0.23 0 0.008828124903178795
0.17 0.24 0 0.008676916419558723
0.17 0.25 0 0.0017851679078670674
0.17 0.26 0 0.01220994644394701
0.17 0.27 0 0.029497760587100606
0.17 0.28 0 0.4967078413404371
0.17 0.29 0 0.1343310111015397
0.17 0.3 0 0.2437236007621769
0.17 0.31 0 0.12538702931288484
0.17 0.32 0 0.02010907742038412
0.17 0.33 0 0.003362163985120223
0.17 0.34 0 0.0027127927988934305
0.17 0.35000000000000003 0 0.004797739162298998
0.17 0.36 0 0.0009724459558981644
0.17 0.37 0 0.0009671021890883211
0.17 0.38 0 0.0012779503353121282
0.17 0.39 0 0.009923896341288476
0.17 0.4 0 0.023088781303185462
0.17 0.41000000000000003 0 0.008446409922847856
0.17 0.42 0 0.0006540349269243429
0.17 0.43 0 5.557856004773349e-05
0.17 0.44 0 0.002827988093937193
0.17 0.45 0 0.004886172871073082
0.17 0.46 0 0.010778980018568026
0.17 0.47000000000000003 0 0.002389360408624229
0.17 0.48 0 0.002043603015774497
0.17 0.49 0 0.014529833920365253
0.17 0.5 0 0.014106727033853845
0.18 0.0 0 0.0944278293270252
0.18 0.01 0 0.2755444989881724
0.18 0.02 0 3.830262292071015
0.18 0.03 0 6.180524418113583
0.18 0.04 0 5.749413148229198
0.18 0.05 0 0.09474882549473661
0.18 0.06 0 1.946048380747737
0.18 0.07 0 0.3937294931603849
0.18 0.08 0 0.05417248492472216
0.18 0.09 0 0.1600502994549747
0.18 0.1 0 0.05162421350043561
0.18 0.11 0 0.36991805818585405
0.18 0.12 0 0.022058230508364307
0.18 0.13 0 0.03442822651588463
0.18 0.14 0 0.029284571140276282
0.18 0.15 0 0.05482961377360247
0.18 0.16 0 0.03281803468294127
0.18 0.17 0 0.002259464113207169
0.18 0.18 0 0.002478445120072933
0.18 0.19 0 0.00038794278767245423
0.18 0.2 0 0.001666942819398994
0.18 0.21 0 0.005579799272459705
0.18 0.22 0 0.0013973961968605647
0.18 0.23 0 0.0020939774734974478
0.18 0.24 0 0.02469922112924497
0.18 0.25 0 0.05181112421656666
0.18 0.26 0 0.18168582254758192
0.18 0.27 0 0.12783009113543264
0.18 0.28 0 0.4626960462429093
0.18 0.29 0 0.046020755272695515
0.18 0.3 0 0.002394379366002547
0.18 0.31 0 0.003950257478948818
0.18 0.32 0 0.007382861857387302
0.18 0.33 0 0.007197592343024055
0.18 0.34 0 0.0004533424762914183
0.18 0.35000000000000003 0 0.0006475475676221616
0.18 0.36 0 0.0007447183805841053
0.18 0.37 0 0.00023985312879443773
0.18 0.38 0 0.0011651295279937412
0.18 0.39 0 0.0031272839579470925
0.18 0.4 0 0.011338245838823187
0.18 0.41000000000000003 0 0.0022688312753794395
0.18 0.42 0 0.0033882900356575012
0.18 0.43 0 0.0018236259812137022
0.18 0.44 0 0.004001022948491895
0.18 0.45 0 0.007457368882896023
0.18 0.46 0 0.007354977621927144
0.18 0.47000000000000003 0 0.0021669658559194996
0.18 0.48 0 0.0021375488738635817
0.18 0.49 0 0.04918118069724275
0.18 0.5 0 0.26724125759954326
0.19 0.0 0 1.2569868628427083
0.19 0.01 0 0.5362649605199462
0.19 0.02 0 1.009978758857782
0.19 0.03 0 0.1345169383263825
0.19 0.04 0 0.516026875126852
0.19 0.05 0 0.9090430697234473
0.19 0.06 0 0.7356871865515268
0.19 0.07 0 0.13886782982960114
0.19 0.08 0 0.029240463076358494
0.19 0.09 0 0.31421045064412856
0.19 0.1 0 0.011836327843591576
0.19 0.11 0 0.07551940733803371
0.19 0.12 0 0.37735892971179297
0.19 0.13 0 0.837451202016277
0.19 0.14 0 0.10088935455217508
0.19 0.15 0 0.01244712482225047
0.19 0.16 0 0.007953826221061408
0.19 0.17 0 0.008301921790083181
0.19 0.18 0 0.002844104730150218
0.19 0.19 0 0.002654312462019017
0.19 0.2 0 0.011921222254417671
0.19 0.21 0 0.0009745548847070782
0.19 0.22 0 0.0015728048294583756
0.19 0.23 0 0.0004769582889259238
0.19 0.24 0 0.016305135390264208
0.19 0.25 0 0.11039827483026612
0.19 0.26 0 0.3860774447160195
0.19 0.27 0 0.03145297019784853
0.19 0.28 0 0.004048016587225317
0.19 0.29 0 0.010487163072764689
0.19 0.3 0 0.04190700757804134
0.19 0.31 0 0.03378798419188779
0.19 0.32 0 0.003974906890889096
0.19 0.33 0 0.005096737423669857
0.19 0.34 0 0.0006183161168277407
0.19 0.35000000000000003 0 0.0003513198815417392
0.19 0.36 0 0.00010466381292645286
0.19 0.37 0 0.0008560758104450986
0.19 0.38 0 0.007292486145716736
0.19 0.39 0 0.0029954852854972348
0.19 0.4 0 0.007115326818864999
0.19 0.41000000000000003 0 0.00717971553154186
0.19 0.42 0 0.00508997384979072
0.19 0.43 0 0.0028881010653292213
0.19 0.44 0 0.0016583111674656954
0.19 0.45 0 0.004655800467079375
0.19 0.46 0 0.0070464154482087205
0.19 0.47000000000000003 0 0.0022985794952092276
0.19 0.48 0 0.01260816534668021
0.19 0.49 0 0.01639020955580479
0.19 0.5 0 0.023319155522881278
0.2 0.0 0 4.890348018576065
0.2 0.01 0 2.735865304832669
0.2 0.02 0 0.199190217461874
0.2 0.03 0 0.021907827985450087
0.2 0.04 0 0.11085076932441564
0.2 0.05 0 0.577372788130992
0.2 0.06 0 0.46203757843333054
0.2 0.07 0 0.05368309039644634
0.2 0.08 0 0.029209300232225538
0.2 0.09 0 0.030172357680531694
0.2 0.1 0 0.0750699256175834
0.2 0.11 0 0.4806743345715066
0.2 0.12 0 0.3877190555880563
0.2 0.13 0 0.27484995727323275
0.2 0.14 0 0.1586123164428941
0.2 0.15 0 0.027904240281873216
0.2 0.16 0 0.011649461597998963
0.2 0.17 0 0.007400515524470841
0.2 0.18 0 0.0022887728667830226
0.2 0.19 0 0.003874832159414302
0.2 0.2 0 0.004316509302585568
0.2 0.21 0 0.007751159936843277
0.2 0.22 0 0.004001394296011952
0.2 0.23 0 0.009484701167635275
0.2 0.24 0 0.01252137421525509
0.2 0.25 0 0.007975196792174477
0.2 0.26 0 0.1764534104121487
0.2 0.27 0 0.03582221015358366
0.2 0.28 0 0.12058446569237233
0.2 0.29 0 0.0030012823672114736
0.2 0.3 0 0.016134142371603537
0.2 0.31 0 0.4361452801031074
0.2 0.32 0 0.22735977290176038
0.2 0.33 0 0.06207506616352448
0.2 0.34 0 0.0043490412826125546
0.2 0.35000000000000003 0 0.003966317777220898
0.2 0.36 0 0.0002428246987031135
0.2 0.37 0 0.0002180435800310446
0.2 0.38 0 0.0005200119068474379
0.2 0.39 0 0.001656974448253678
0.2 0.4 0 0.006844073985305685
0.2 0.41000000000000003 0 0.012007077009892494
0.2 0.42 0 0.006301890297701852
0.2 0.43 0 0.02357564611387451
0.2 0.44 0 0.004335106808335949
0.2 0.45 0 0.008051257371380554
0.2 0.46 0 0.027410048934577297
0.2 0.47000000000000003 0 0.009452347882505357
0.2 0.48 0 0.037325458281432015
0.2 0.49 0 0.006458966287387857
0.2 0.5 0 0.027703031463503117
0.21 0.0 0 0.10466374800938825
0.21 0.01 0 0.01907865380229635
0.21 0.02 0 0.006350126948224927
0.21 0.03 0 0.0023441419921610106
0.21 0.04 0 0.0006465669573564312
0.21 0.05 0 0.007545371267641916
0.21 0.06 0 0.019541173297049227
0.21 0.07 0 0.05272848555551803
0.21 0.08 0 0.2619939387740871
0.21 0.09 0 0.01028639179605375
0.21 0.1 0 0.02729822362038231
0.21 0.11 0 0.07079683647011671
0.21 0.12 0 0.3202945674468183
0.21 0.13 0 0.2997482103383182
0.21 0.14 0 0.17528848442715217
0.21 0.15 0 0.3141231776881617
0.21 0.16 0 0.023897540790669025
0.21 0.17 0 0.0760770319372263
0.21 0.18 0 0.062344094552293616
0.21 0.19 0 0.07841082006271054
0.21 0.2 0 0.04661325520703273
0.21 0.21 0 0.03999164209968176
0.21 0.22 0 0.2589190419523928
0.21 0.23 0 0.006002583370153676
0.21 0.24 0 0.005337865411822117
0.21 0.25 0 0.0011998118880825952
0.21 0.26 0 0.04078323642490308
0.21 0.27 0 0.013683094234966955
0.21 0.28 0 0.006345196279855654
0.21 0.29 0 0.07818869563718231
0.21 0.3 0 0.2695888415460223
0.21 0.31 0 1.9766702333741077
0.21 0.32 0 0.037660084173829114
0.21 0.33 0 0.006844341254921049
0.21 0.34 0 0.002372930852602303
0.21 0.35000000000000003 0 0.0006092190570576355
0.21 0.36 0 0.00033812514295054137
0.21 0.37 0 0.004247108924013892
0.21 0.38 0 0.004552483409017868
0.21 0.39 0 0.018906979213319287
0.21 0.4 0 0.05361261278403557
0.21 0.41000000000000003 0 0.01989725463776365
0.21 0.42 0 0.017439909794700236
0.21 0.43 0 0.006117874964883625
0.21 0.44 0 0.021859644364597166
0.21 0.45 0 0.007322634533370366
0.21 0.46 0 0.004030848336102432
0.21 0.47000000000000003 0 0.003338252055106973
0.21 0.48 0 0.02460996156871894
0.21 0.49 0 0.006327007666169817
0.21 0.5 0 0.0006158141582309288
0.22 0.0 0 0.005100445101389644
0.22 0.01 0 0.0009147742635170014
0.22 0.02 0 0.002447339636729264
0.22 0.03 0 0.00238539105362608
0.22 0.04 0 0.0014770881571273958
0.22 0.05 0 0.0022741480352919913
0.22 0.06 0 0.033004228754071295
0.22 0.07 0 0.01428463143801279
0.22 0.08 0 0.05347084003838262
0.22 0.09 0 0.009918911842195626
0.22 0.1 0 0.014614505630552593
0.22 0.11 0 0.03779939771986984
0.22 0.12 0 0.041106123924961505
0.22 0.13 0 0.8255396863272961
0.22 0.14 0 0.3205186060756977
0.22 0.15 0 0.649863215250313
0.22 0.16 0 0.1348608703457318
0.22 0.17 0 0.05216059389335151
0.22 0.18 0 0.04855126593455642
0.22 0.19 0 0.0034388981605459282
0.22 0.2 0 0.012825198222055778
0.22 0.21 0 0.00012570619060941088
0.22 0.22 0 0.0002899454319619704
0.22 0.23 0 0.0028913926647710516
0.22 0.24 0 0.01580388992562115
0.22 0.25 0 0.007376104910668992
0.22 0.26 0 0.0007206321449912371
0.22 0.27 0 0.002466601235302735
0.22 0.28 0 0.02856519685283304
0.22 0.29 0 0.0699360811470607
0.22 0.3 0 0.019689063078162993
0.22 0.31 0 0.021911483874172653
0.22 0.32 0 0.07832749382448351
0.22 0.33 0 0.04404539939291283
0.22 0.34 0 0.007365747803548614
0.22 0.35000000000000003 0 0.004426191094211768
0.22 0.36 0 0.004907943172196896
0.22 0.37 0 0.026155209214808302
0.22 0.38 0 0.00787200321761319
0.22 0.39 0 0.03593218717777209
0.22 0.4 0 0.05784993845572588
0.22 0.41000000000000003 0 0.02579484846917667
0.22 0.42 0 0.03581753805418388
0.22 0.43 0 0.011194412753688687
0.22 0.44 0 0.04361441062521552
0.22 0.45 0 0.0950411710885153
0.22 0.46 0 0.046674648952142926
0.22 0.47000000000000003 0 0.015365958601560526
0.22 0.48 0 0.00357276135785641
0.22 0.49 0 0.005428326665851826
0.22 0.5 0 0.01400999166104138
0.23 0.0 0 0.03287509124664614
0.23 0.01 0 0.011362205033027874
0.23 0.02 0 0.024709529983670483
0.23 0.03 0 0.028003554438991034
0.23 0.04 0 0.052654682283468035
0.23 0.05 0 0.054574521942338604
0.23 0.06 0 0.06799498679560229
0.23 0.07 0 0.24197181032580742
0.23 0.08 0 0.10473650739095822
0.23 0.09 0 0.3886865558029713
0.23 0.1 0 0.2800903156545666
0.23 0.11 0 2.0944670824589298
0.23 0.12 0 1.2581800846244247
0.23 0.13 0 0.8449714728832866
0.23 0.14 0 0.23836964834705276
0.23 0.15 0 0.011268885923956654
0.23 0.16 0 0.014947134868548425
0.23 0.17 0 0.008860033433550704
0.23 0.18 0 0.23387831883007815
0.23 0.19 0 0.02774395833075176
0.23 0.2 0 0.03104798535456271
0.23 0.21 0 0.0005044907939535671
0.23 0.22 0 0.0007404311127888864
0.23 0.23 0 0.0012859708213430777
0.23 0.24 0 0.0005948906291210602
0.23 0.25 0 0.00414469518588927
0.23 0.26 0 0.0020688087195647577
0.23 0.27 0 0.0007060543443413956
0.23 0.28 0 0.000549778893577173
0.23 0.29 0 0.0036019455289282866
0.23 0.3 0 0.005083637174235059
0.23 0.31 0 0.0019497842530924706
0.23 0.32 0 0.003556412887112915
0.23 0.33 0 0.12241166028638983
0.23 0.34 0 0.06281252712082967
0.23 0.35000000000000003 0 0.011823245949081627
0.23 0.36 0 0.05613032784895569
0.23 0.37 0 2.0323781181759344
0.23 0.38 0 10.008922111337158
0.23 0.39 0 0.7125122941744457
0.23 0.4 0 0.038623304669540726
0.23 0.41000000000000003 0 0.0231725959001872
0.23 0.42 0 0.14473180056274043
0.23 0.43 0 0.4508306141437668
0.23 0.44 0 0.24598300776158735
0.23 0.45 0 0.0521453831914269
0.23 0.46 0 0.0221853863949329
0.23 0.47000000000000003 0 0.020202229676016197
0.23 0.48 0 0.001683679080251055
0.23 0.49 0 0.0003986179919274361
0.23 0.5 0 0.002360686392856199
0.24 0.0 0 0.018453572105912988
0.24 0.01 0 0.008094664924275475
0.24 0.02 0 0.012189117513688421
0.24 0.03 0 0.006634922876115249
0.24 0.04 0 0.16848472536102677
0.24 0.05 0 0.921441273986516
0.24 0.06 0 1.5023383873591192
0.24 0.07 0 7.492488918525424
0.24 0.08 0 1.61711356632916
0.24 0.09 0 3.5534683951004333
0.24 0.1 0 0.7475293825814983
0.24 0.11 0 2.265613367083322
0.24 0.12 0 3.761210151465129
0.24 0.13 0 10.043645924289605
0.24 0.14 0 0.8986336070938019
0.24 0.15 0 0.1930011716018204
0.24 0.16 0 0.1481628193210847
0.24 0.17 0 0.2488534605688912
0.24 0.18 0 0.14710195742044344
0.24 0.19 0 0.007170778843008514
0.24 0.2 0 0.005068058408633287
0.24 0.21 0 0.0009429750233504009
0.24 0.22 0 0.007477763348369278
0.24 0.23 0 0.002035402199403568
0.24 0.24 0 0.0025345185515078476
0.24 0.25 0 0.009636361958997837
0.24 0.26 0 0.0039115930425346526
0.24 0.27 0 0.0038695218093302607
0.24 0.28 0 0.0046585633501392155
0.24 0.29 0 8.24743386905776e-05
0.24 0.3 0 0.00040046031075088867
0.24 0.31 0 0.0009013378142289312
0.24 0.32 0 0.010288796084616077
0.24 0.33 0 0.06014612478836073
0.24 0.34 0 0.023919657750998788
0.24 0.35000000000000003 0 0.7567166757672038
0.24 0.36 0 0.8414840287069568
0.24 0.37 0 3.402557604914852
0.24 0.38 0 0.5439149236000349
0.24 0.39 0 0.5655126242480296
0.24 0.4 0 0.2081714168941499
0.24 0.41000000000000003 0 0.08472486264555008
0.24 0.42 0 0.3040703412933922
0.24 0.43 0 0.12000384314311889
0.24 0.44 0 0.10369631381063542
0.24 0.45 0 0.011502895355512448
0.24 0.46 0 0.021661927217070366
0.24 0.47000000000000003 0 0.11192270536011255
0.24 0.48 0 0.06655021238212576
0.24 0.49 0 0.027421155416552004
0.24 0.5 0 0.009056250492773898
0.25 0.0 0 0.20314868750043547
0.25 0.01 0 0.011209145136399019
0.25 0.02 0 0.013835122524355916
0.25 0.03 0 0.01040628209770758
0.25 0.04 0 0.16444562926190728
0.25 0.05 0 0.3473531685268402
0.25 0.06 0 0.635828926531265
0.25 0.07 0 0.45110937930645595
0.25 0.08 0 0.1711367021669991
0.25 0.09 0 0.945231106776707
0.25 0.1 0 2.7662115514153096
0.25 0.11 0 23.19013140285112
0.25 0.12 0 2.464207588050354
0.25 0.13 0 1.597038261148987
0.25 0.14 0 1.4826616219490767
0.25 0.15 0 1.3190214054336118
0.25 0.16 0 0.3824601384174459
0.25 0.17 0 0.14387364356723104
0.25 0.18 0 0.0625358659914927
0.25 0.19 0 0.0794224640023016
0.25 0.2 0 0.003001759368223038
0.25 0.21 0 0.004403164132796866
0.25 0.22 0 0.024374966815721127
0.25 0.23 0 0.011904347256071559
0.25 0.24 0 0.04647629489337684
0.25 0.25 0 0.0049267220952160596
0.25 0.26 0 0.00854851483640476
0.25 0.27 0 0.0015825314723301438
0.25 0.28 0 0.0028604724460101526
0.25 0.29 0 0.0009854395301000277
0.25 0.3 0 0.002516594590504697
0.25 0.31 0 0.04559819624290023
0.25 0.32 0 0.016890116761553647
0.25 0.33 0 0.12469432281506047
0.25 0.34 0 0.04218428413364168
0.25 0.35000000000000003 0 0.8218946912763077
0.25 0.36 0 2.8110937361678148
0.25 0.37 0 0.7029030858221825
0.25 0.38 0 17.04749168191964
0.25 0.39 0 9.082816188586557
0.25 0.4 0 6.791475091640115
0.25 0.41000000000000003 0 0.08459578202464704
0.25 0.42 0 0.08333933653221778
0.25 0.43 0 0.03975990140965484
0.25 0.44 0 0.033234472994667336
0.25 0.45 0 0.26404130938203735
0.25 0.46 0 0.06197823150020166
0.25 0.47000000000000003 0 0.08414189382968482
0.25 0.48 0 0.02152179072394246
0.25 0.49 0 0.17660123383466134
0.25 0.5 0 1.272034000717716
0.26 0.0 0 0.2807731222218349
0.26 0.01 0 0.0017769848303274035
0.26 0.02 0 0.027253010590995903
0.26 0.03 0 0.010632181281018508
0.26 0.04 0 0.06401496970412045
0.26 0.05 0 0.09528700932122106
0.26 0.06 0 0.08733893808070899
0.26 0.07 0 0.158630645551455
0.26 0.08 0 0.8821581945690149
0.26 0.09 0 7.065023257030711
0.26 0.1 0 1.2866740097754479
0.26 0.11 0 0.17128446185034268
0.26 0.12 0 0.015523820574733472
0.26 0.13 0 0.17520586266856156
0.26 0.14 0 0.5875372842088694
0.26 0.15 0 2.315399384409165
0.26 0.16 0 2.1573940936280813
0.26 0.17 0 1.423281880114737
0.26 0.18 0 0.09910556360596602
0.26 0.19 0 0.22730614312132966
0.26 0.2 0 0.03226165149984823
0.26 0.21 0 0.002773768436455731
0.26 0.22 0 0.0066347855796680824
0.26 0.23 0 0.003568996487642099
0.26 0.24 0 0.5827138220987703
0.26 0.25 0 0.1562829369783577
0.26 0.26 0 0.052964592896771565
0.26 0.27 0 0.07488077603458551
0.26 0.28 0 0.00524418279207922
0.26 0.29 0 0.039135212251300115
0.26 0.3 0 0.02404172423635594
0.26 0.31 0 0.29845544549887304
0.26 0.32 0 1.292975566816886
0.26 0.33 0 0.6985274070401942
0.26 0.34 0 0.29755386089740327
0.26 0.35000000000000003 0 0.13820281829755585
0.26 0.36 0 1.1949363067277374
0.26 0.37 0 4.101029129278734
0.26 0.38 0 16.271382428134007
0.26 0.39 0 12.152301178369498
0.26 0.4 0 15.206784341419443
0.26 0.41000000000000003 0 1.511745797384934
0.26 0.42 0 0.35409776649120783
0.26 0.43 0 0.04599031798517039
0.26 0.44 0 0.16835509552715514
0.26 0.45 0 0.5451336635792216
0.26 0.46 0 0.054785773466574435
0.26 0.47000000000000003 0 0.010144077234335627
0.26 0.48 0 0.07298973101555653
0.26 0.49 0 1.1511581723437587
0.26 0.5 0 2.647392491409086
0.27 0.0 0 0.10662757322409035
0.27 0.01 0 0.09005718271920589
0.27 0.02 0 0.32128920726284876
0.27 0.03 0 0.08240348346242582
0.27 0.04 0 0.0023279719727970407
0.27 0.05 0 0.0024531436272478505
0.27 0.06 0 0.022692073669147092
0.27 0.07 0 0.43902279445105724
0.27 0.08 0 0.4086834048610484
0.27 0.09 0 0.024459199458975095
0.27 0.1 0 0.2789805559994433
0.27 0.11 0 0.17839331962806945
0.27 0.12 0 0.4695640298827074
0.27 0.13 0 0.21188628657516018
0.27 0.14 0 0.14388424301261907
0.27 0.15 0 0.13964024297373467
0.27 0.16 0 0.3251230240594483
0.27 0.17 0 0.661044687863002
0.27 0.18 0 0.49885267714235904
0.27 0.19 0 0.4440248181024562
0.27 0.2 0 0.10743326460906939
0.27 0.21 0 0.014526231332309101
0.27 0.22 0 0.003590049856293502
0.27 0.23 0 0.009178829006927281
0.27 0.24 0 0.1492112683900232
0.27 0.25 0 2.7173876710791465
0.27 0.26 0 0.49609883400523946
0.27 0.27 0 0.4121895367536622
0.27 0.28 0 0.06019927269163537
0.27 0.29 0 0.15260323628009026
0.27 0.3 0 0.3517212736174699
0.27 0.31 0 0.6062202819573019
0.27 0.32 0 2.2518000933981517
0.27 0.33 0 1.0332957050883005
0.27 0.34 0 2.6473599049988246
0.27 0.35000000000000003 0 0.5413293735605756
0.27 0.36 0 0.22542576531956934
0.27 0.37 0 0.29154902577571296
0.27 0.38 0 0.3937970814567924
0.27 0.39 0 0.29498257062158206
0.27 0.4 0 0.13536965780904375
0.27 0.41000000000000003 0 0.12038404115466234
0.27 0.42 0 0.09884183209093597
0.27 0.43 0 0.08645155883635999
0.27 0.44 0 0.08104421779011489
0.27 0.45 0 0.030171327678993696
0.27 0.46 0 0.043960646227214344
0.27 0.47000000000000003 0 0.0400368021671473
0.27 0.48 0 0.04922234327936617
0.27 0.49 0 0.08644451478152039
0.27 0.5 0 0.28811655252852103
0.28 0.0 0 0.11859480549526831
0.28 0.01 0 0.2617016183226747
0.28 0.02 0 0.03792314818582403
0.28 0.03 0 0.008028540208427642
0.28 0.04 0 0.014661697172475448
0.28 0.05 0 0.07014612575781036
0.28 0.06 0 0.09031033091433877
0.28 0.07 0 0.3117868026945899
0.28 0.08 0 0.6189318263824548
0.28 0.09 0 0.18391620940309725
0.28 0.1 0 0.04631231035899593
0.28 0.11 0 0.01654893487660031
0.28 0.12 0 0.07320163151313008
0.28 0.13 0 0.04327914344925148
0.28 0.14 0 0.034667603382736736
0.28 0.15 0 0.19380828321512922
0.28 0.16 0 1.7801970191329275
0.28 0.17 0 0.276667983984196
0.28 0.18 0 0.3572818094745841
0.28 0.19 0 0.02412926767273367
0.28 0.2 0 0.11263781116607846
0.28 0.21 0 0.29248827982327985
0.28 0.22 0 0.16193759028562776
0.28 0.23 0 0.05236890297216854
0.28 0.24 0 0.048236268799079496
0.28 0.25 0 0.13048158080513977
0.28 0.26 0 0.7194005918089231
0.28 0.27 0 0.4128081798598407
0.28 0.28 0 0.02710866208576931
0.28 0.29 0 0.015594052702299303
0.28 0.3 0 0.018894795183543266
0.28 0.31 0 0.16625456180302964
0.28 0.32 0 0.17147420097669872
0.28 0.33 0 0.21570465080340567
0.28 0.34 0 0.7961953831591361
0.28 0.35000000000000003 0 0.43828646856976256
0.28 0.36 0 0.06547216875023282
0.28 0.37 0 0.028707890103267613
0.28 0.38 0 0.007239542057802657
0.28 0.39 0 0.11260574834693189
0.28 0.4 0 0.034222149904844575
0.28 0.41000000000000003 0 0.2654437226749784
0.28 0.42 0 0.07990123080771766
0.28 0.43 0 0.008193611041642868
0.28 0.44 0 0.06236393885224979
0.28 0.45 0 0.0018643365470179909
0.28 0.46 0 0.006013303203304421
0.28 0.47000000000000003 0 0.000560738377506205
0.28 0.48 0 0.0021476134917135657
0.28 0.49 0 0.006782077700586371
0.28 0.5 0 0.004448514788909422
0.29 0.0 0 1.0949929258096307
0.29 0.01 0 5.622670755423837
0.29 0.02 0 0.27332995592616866
0.29 0.03 0 0.12826659508243865
0.29 0.04 0 0.3150012555132447
0.29 0.05 0 1.2872719146605645
0.29 0.06 0 0.8380878944948854
0.29 0.07 0 0.26896433754061494
0.29 0.08 0 0.476027417685648
0.29 0.09 0 2.2077053531302195
0.29 0.1 0 1.4080470679044386
0.29 0.11 0 0.807775953550886
0.29 0.12 0 0.3471749157737585
0.29 0.13 0 0.3951811305042713
0.29 0.14 0 0.24567042978771977
0.29 0.15 0 1.6994801031765074
0.29 0.16 0 0.734087850662337
0.29 0.17 0 0.05302906505706166
0.29 0.18 0 0.17595140143234556
0.29 0.19 0 0.07290710997427395
0.29 0.2 0 0.4780872896698519
0.29 0.21 0 0.032304359771487205
0.29 0.22 0 0.03023997119926237
0.29 0.23 0 0.17907020236174
0.29 0.24 0 3.5065651641317555
0.29 0.25 0 1.3858172955107901
0.29 0.26 0 0.8865428810170566
0.29 0.27 0 0.18014044588140865
0.29 0.28 0 0.11411547327745995
0.29 0.29 0 0.033548512485610735
0.29 0.3 0 0.07922861196111769
0.29 0.31 0 0.02546394900873291
0.29 0.32 0 0.034790838140244716
0.29 0.33 0 0.04266742458619453
0.29 0.34 0 0.022631231216106128
0.29 0.35000000000000003 0 0.26632937080432695
0.29 0.36 0 0.09174914779230627
0.29 0.37 0 0.49236115075022374
0.29 0.38 0 0.09180643743764398
0.29 0.39 0 0.051957998167402306
0.29 0.4 0 0.02334072373078988
0.29 0.41000000000000003 0 0.06246653104791587
0.29 0.42 0 0.19304366198690384
0.29 0.43 0 0.04939147183795817
0.29 0.44 0 0.09685315680611313
0.29 0.45 0 0.034991133564192214
0.29 0.46 0 0.0044332823848059
0.29 0.47000000000000003 0 0.003932454200959379
0.29 0.48 0 0.0003747529369581903
0.29 0.49 0 0.009596460602888704
0.29 0.5 0 0.004370630759298604
0.3 0.0 0 5.4624639018384435
0.3 0.01 0 4.927652131367703
0.3 0.02 0 0.46803915196452156
0.3 0.03 0 0.8083834120630321
0.3 0.04 0 4.1146458007594005
0.3 0.05 0 0.14340786420954574
0.3 0.06 0 0.11522962555474969
0.3 0.07 0 1.4182228542598325
0.3 0.08 0 0.3115676654282539
0.3 0.09 0 1.996660662876699
0.3 0.1 0 0.13843549762787621
0.3 0.11 0 3.593464156289002
0.3 0.12 0 0.3678639362899834
0.3 0.13 0 0.35996107463494265
0.3 0.14 0 0.39439727049610246
0.3 0.15 0 0.1871124329432461
0.3 0.16 0 0.17642483935210979
0.3 0.17 0 0.05650589525046582
0.3 0.18 0 0.31043913526087197
0.3 0.19 0 0.03818368648469428
0.3 0.2 0 0.10617808146297307
0.3 0.21 0 0.24473947770884558
0.3 0.22 0 4.048360707171619
0.3 0.23 0 2.1392491976527137
0.3 0.24 0 1.0376150523451033
0.3 0.25 0 0.26537285643155945
0.3 0.26 0 0.5786432402712607
0.3 0.27 0 0.028795892475025103
0.3 0.28 0 0.021190695766739993
0.3 0.29 0 0.15989012604518157
0.3 0.3 0 0.2722215137735477
0.3 0.31 0 0.020494823506151623
0.3 0.32 0 0.010962694939113825
0.3 0.33 0 0.16381494399665159
0.3 0.34 0 0.20112676926749523
0.3 0.35000000000000003 0 0.13377557837017368
0.3 0.36 0 0.20805424117033408
0.3 0.37 0 0.10434703469544353
0.3 0.38 0 0.407065963491129
0.3 0.39 0 0.10994145376545872
0.3 0.4 0 1.1998962055028577
0.3 0.41000000000000003 0 2.1790074731921334
0.3 0.42 0 0.1333057525721875
0.3 0.43 0 2.203872290100589
0.3 0.44 0 1.0450637962146239
0.3 0.45 0 0.7674942490854783
0.3 0.46 0 0.044970509515237164
0.3 0.47000000000000003 0 0.08188795636796582
0.3 0.48 0 0.007173778597455037
0.3 0.49 0 0.0021066694004720594
0.3 0.5 0 0.0006931722261506967
#STOP
