#MEDIUM_PROPERTIES_DISTRIBUTED
$MSH_TYPE
	 RICHARDS_FLOW	
$MMP_TYPE
	 PERMEABILITY	
$DIS_TYPE
	 NEAREST_VALUE	
;hj
$CONVERSION_FACTOR
	 2.0e-8	
$DATA
0.0 0.0 0 0.001988797621910824
0.0 0.01 0 0.0007414253847075379
0.0 0.02 0 0.0013174846738843097
0.0 0.03 0 0.00994934963946736
0.0 0.04 0 0.004879619308298469
0.0 0.05 0 0.37595482737316144
0.0 0.06 0 0.37562444377806753
0.0 0.07 0 0.12579165006716686
0.0 0.08 0 0.06696433764255276
0.0 0.09 0 1.3495924729602227
0.0 0.1 0 1.4980655152316942
0.0 0.11 0 0.6062628531739941
0.0 0.12 0 0.1916313631984259
0.0 0.13 0 0.02213487199924206
0.0 0.14 0 0.0822287760454385
0.0 0.15 0 0.2376543985916969
0.0 0.16 0 1.8237960072152595
0.0 0.17 0 1.3025215887519135
0.0 0.18 0 1.260912255201609
0.0 0.19 0 0.14776852030611476
0.0 0.2 0 0.021413705835303862
0.0 0.21 0 0.04736657234200124
0.0 0.22 0 0.024217700393675302
0.0 0.23 0 0.0670503848775647
0.0 0.24 0 0.005830049411511948
0.0 0.25 0 0.023138919142996688
0.0 0.26 0 0.002402306076420666
0.0 0.27 0 0.00427376217271275
0.0 0.28 0 0.012078200722976983
0.0 0.29 0 0.1898926370663618
0.0 0.3 0 0.08680384138289438
0.0 0.31 0 1.7184177441132702
0.0 0.32 0 9.139265754492135
0.0 0.33 0 3.809037646236236
0.0 0.34 0 3.0570861599154253
0.0 0.35000000000000003 0 13.21706896246039
0.0 0.36 0 202.86854011055397
0.0 0.37 0 682.9067099272781
0.0 0.38 0 45.56187573063659
0.0 0.39 0 2.2937006313620034
0.0 0.4 0 0.7670218501517155
0.0 0.41000000000000003 0 0.43443727095611145
0.0 0.42 0 2.5187945873072164
0.0 0.43 0 10.616767550688598
0.0 0.44 0 29.330526712389045
0.0 0.45 0 3.300763100355577
0.0 0.46 0 0.8641835423811643
0.0 0.47000000000000003 0 0.0372132120501935
0.0 0.48 0 0.04358282173422569
0.0 0.49 0 0.04582862433293299
0.0 0.5 0 0.12710590684496767
0.01 0.0 0 0.05640479928170664
0.01 0.01 0 0.006277531406577616
0.01 0.02 0 0.002568960548143599
0.01 0.03 0 0.0006870891217524351
0.01 0.04 0 0.0008680083476861901
0.01 0.05 0 0.026778094413202547
0.01 0.06 0 0.852346124525971
0.01 0.07 0 0.6499369578931564
0.01 0.08 0 0.0802040305237525
0.01 0.09 0 0.22373747317623674
0.01 0.1 0 0.007452841287510289
0.01 0.11 0 0.044374943828182495
0.01 0.12 0 0.8550427179595279
0.01 0.13 0 1.2311633765771512
0.01 0.14 0 0.6152100254730236
0.01 0.15 0 13.314127973818794
0.01 0.16 0 6.8084480278979855
0.01 0.17 0 2.5150044992080915
0.01 0.18 0 2.3059138295531034
0.01 0.19 0 0.37488136430120367
0.01 0.2 0 0.22938270963917126
0.01 0.21 0 0.06468837898006174
0.01 0.22 0 0.00508263031998074
0.01 0.23 0 0.01376739023887394
0.01 0.24 0 0.02277669582293834
0.01 0.25 0 0.017634383532751596
0.01 0.26 0 0.07168011403646456
0.01 0.27 0 1.1085605103522473
0.01 0.28 0 0.1815238953104077
0.01 0.29 0 0.11728782983842408
0.01 0.3 0 0.02235206993679686
0.01 0.31 0 0.008881331116904681
0.01 0.32 0 0.09764512589099104
0.01 0.33 0 1.673684420250088
0.01 0.34 0 2.027476532263549
0.01 0.35000000000000003 0 0.5382764609443327
0.01 0.36 0 38.47429357766763
0.01 0.37 0 55.561991364230764
0.01 0.38 0 84.695278936385
0.01 0.39 0 2.464792311260511
0.01 0.4 0 5.457400140925202
0.01 0.41000000000000003 0 12.26593851566515
0.01 0.42 0 84.21639931078157
0.01 0.43 0 20.143614286128994
0.01 0.44 0 3.540981308989423
0.01 0.45 0 2.9619466165760824
0.01 0.46 0 1.431727857593512
0.01 0.47000000000000003 0 3.505507665467139
0.01 0.48 0 0.1915563470126078
0.01 0.49 0 0.3142858508657072
0.01 0.5 0 0.16459106009697097
0.02 0.0 0 8.826188441571615e-05
0.02 0.01 0 0.0004964185371878945
0.02 0.02 0 0.0016360236620995975
0.02 0.03 0 0.0006219212205218048
0.02 0.04 0 0.009267341776445757
0.02 0.05 0 0.042681217351718294
0.02 0.06 0 0.02100338990690664
0.02 0.07 0 0.03653851429061824
0.02 0.08 0 0.1248994255297225
0.02 0.09 0 0.010751213614391545
0.02 0.1 0 0.015875076272083257
0.02 0.11 0 0.0155275763293277
0.02 0.12 0 0.010539286242296358
0.02 0.13 0 0.21765446733082836
0.02 0.14 0 0.15922852242709568
0.02 0.15 0 0.07208438814913393
0.02 0.16 0 0.09223658097038133
0.02 0.17 0 0.17044559414348426
0.02 0.18 0 0.09829646867937947
0.02 0.19 0 0.05348852034755542
0.02 0.2 0 0.12988695506549205
0.02 0.21 0 0.00986651394823094
0.02 0.22 0 0.006116013814125712
0.02 0.23 0 0.0004312692360684754
0.02 0.24 0 0.009941915257959677
0.02 0.25 0 0.008997158521488833
0.02 0.26 0 0.2697710105538518
0.02 0.27 0 0.012618859082012837
0.02 0.28 0 0.08530688657164727
0.02 0.29 0 0.2256849530461511
0.02 0.3 0 0.08502990683858984
0.02 0.31 0 0.05027753392277363
0.02 0.32 0 0.11924646913276991
0.02 0.33 0 0.21022147286741708
0.02 0.34 0 0.09597989154811767
0.02 0.35000000000000003 0 0.5757220407050634
0.02 0.36 0 0.09297056728348023
0.02 0.37 0 0.6159226580117109
0.02 0.38 0 1.211182002393676
0.02 0.39 0 6.771506333627597
0.02 0.4 0 0.48274797729366703
0.02 0.41000000000000003 0 9.32003805548582
0.02 0.42 0 64.79610711564696
0.02 0.43 0 20.346275220719694
0.02 0.44 0 1.2975090003774357
0.02 0.45 0 1.0274426755124337
0.02 0.46 0 0.1559204258975972
0.02 0.47000000000000003 0 0.6311565939665247
0.02 0.48 0 0.2853364584304409
0.02 0.49 0 0.006636348780707067
0.02 0.5 0 0.005823080274542226
0.03 0.0 0 0.00038086296099662786
0.03 0.01 0 0.0002943236180746804
0.03 0.02 0 0.003202592238600629
0.03 0.03 0 0.012631185982677302
0.03 0.04 0 0.00836731304393625
0.03 0.05 0 0.00241205912837757
0.03 0.06 0 0.021719142498237705
0.03 0.07 0 0.04565030287334236
0.03 0.08 0 0.03141037227463074
0.03 0.09 0 0.011352666728443364
0.03 0.1 0 0.007849217422432463
0.03 0.11 0 0.038392036047719715
0.03 0.12 0 0.0128492077599343
0.03 0.13 0 0.04491392414835139
0.03 0.14 0 0.06271660162503796
0.03 0.15 0 0.44345939969524073
0.03 0.16 0 0.20288912689566038
0.03 0.17 0 0.06265405006808832
0.03 0.18 0 0.006090807776983697
0.03 0.19 0 0.012915112042661957
0.03 0.2 0 0.02399425329432987
0.03 0.21 0 0.0031786043209872205
0.03 0.22 0 0.006359397957184195
0.03 0.23 0 0.0035819377002271192
0.03 0.24 0 0.013511352829639466
0.03 0.25 0 0.02687206402703987
0.03 0.26 0 0.944359961552117
0.03 0.27 0 0.0701416822498687
0.03 0.28 0 0.22736552193784132
0.03 0.29 0 0.26222237239424895
0.03 0.3 0 0.5733753558384421
0.03 0.31 0 0.058350377816386904
0.03 0.32 0 0.10685558612139703
0.03 0.33 0 0.00399704535436188
0.03 0.34 0 0.11649507215352914
0.03 0.35000000000000003 0 0.0902691405936184
0.03 0.36 0 0.0039883050938430455
0.03 0.37 0 0.014446307049809246
0.03 0.38 0 0.16584276163191353
0.03 0.39 0 0.08741383554686363
0.03 0.4 0 0.03858299009617899
0.03 0.41000000000000003 0 0.35541046547381727
0.03 0.42 0 0.07094981948228507
0.03 0.43 0 1.723726406452243
0.03 0.44 0 0.0628266458367768
0.03 0.45 0 0.11152624864000342
0.03 0.46 0 0.04314215296487234
0.03 0.47000000000000003 0 0.0229410402470156
0.03 0.48 0 0.0032165714047957803
0.03 0.49 0 0.00441875016159039
0.03 0.5 0 0.0014707392885445528
0.04 0.0 0 0.007149402338628879
0.04 0.01 0 0.00036005618097810683
0.04 0.02 0 0.0001787047075674094
0.04 0.03 0 0.0036614854432863103
0.04 0.04 0 0.009810539714909833
0.04 0.05 0 0.0008276929944993416
0.04 0.06 0 0.00604280026686054
0.04 0.07 0 0.0049526853623454705
0.04 0.08 0 0.0026425459146969528
0.04 0.09 0 0.008417176517427231
0.04 0.1 0 0.005769048256274855
0.04 0.11 0 0.002700211938830855
0.04 0.12 0 0.06292988419868163
0.04 0.13 0 0.08632844223733817
0.04 0.14 0 0.0036665133852215002
0.04 0.15 0 0.030520215776255057
0.04 0.16 0 0.06444338906891735
0.04 0.17 0 0.013838539530983808
0.04 0.18 0 0.28330586544775116
0.04 0.19 0 0.046997372748646085
0.04 0.2 0 0.0007031261334838444
0.04 0.21 0 0.002999683549089114
0.04 0.22 0 0.005317744338179801
0.04 0.23 0 0.00021397824153781674
0.04 0.24 0 0.003753847442800817
0.04 0.25 0 0.09926435284287484
0.04 0.26 0 0.040637433856592284
0.04 0.27 0 0.011954810560571426
0.04 0.28 0 0.011265448592310765
0.04 0.29 0 0.034745027322039324
0.04 0.3 0 0.08592013058549391
0.04 0.31 0 0.0097171651892536
0.04 0.32 0 0.0011776058446340818
0.04 0.33 0 3.0489351028379635e-05
0.04 0.34 0 0.00015518012795832413
0.04 0.35000000000000003 0 0.008438710749915602
0.04 0.36 0 0.11363814507440033
0.04 0.37 0 0.10779173746894842
0.04 0.38 0 1.001122611683329
0.04 0.39 0 0.19514002826459856
0.04 0.4 0 0.01529769499757843
0.04 0.41000000000000003 0 0.06548217569791358
0.04 0.42 0 0.07595682814659774
0.04 0.43 0 0.103859899134247
0.04 0.44 0 0.014571678392360473
0.04 0.45 0 0.005576616409751273
0.04 0.46 0 0.0017140380522960709
0.04 0.47000000000000003 0 0.0085008822273654
0.04 0.48 0 0.0008384165902531541
0.04 0.49 0 0.0013433995378121526
0.04 0.5 0 0.0007382199582582385
0.05 0.0 0 0.000781341569530616
0.05 0.01 0 0.0008829663664161382
0.05 0.02 0 0.0014270099910501555
0.05 0.03 0 0.0013934927121657704
0.05 0.04 0 0.0006477747235407902
0.05 0.05 0 0.0026904827718805726
0.05 0.06 0 0.004450939017168914
0.05 0.07 0 0.01266300027866092
0.05 0.08 0 0.029250165479954227
0.05 0.09 0 0.6237760809663251
0.05 0.1 0 0.5981708466390111
0.05 0.11 0 0.2616052057976243
0.05 0.12 0 0.03627897128421238
0.05 0.13 0 0.011836205546857907
0.05 0.14 0 0.004050684695838039
0.05 0.15 0 0.00030617715335599525
0.05 0.16 0 0.0057358124553954955
0.05 0.17 0 0.027875208997509962
0.05 0.18 0 0.04865909501151901
0.05 0.19 0 0.010355567711003277
0.05 0.2 0 0.0018773951709487085
0.05 0.21 0 0.023752479332023936
0.05 0.22 0 0.033428075006575825
0.05 0.23 0 0.02196379865231285
0.05 0.24 0 0.0016515847857264314
0.05 0.25 0 0.012153523890483454
0.05 0.26 0 0.0008662315734463317
0.05 0.27 0 0.05490035547977461
0.05 0.28 0 0.0009169172384623413
0.05 0.29 0 0.00023117492578203519
0.05 0.3 0 0.00018061034173148823
0.05 0.31 0 0.000790242909475451
0.05 0.32 0 0.003273765194518072
0.05 0.33 0 0.017016969120436723
0.05 0.34 0 0.03309337113555226
0.05 0.35000000000000003 0 0.026702274070556337
0.05 0.36 0 0.947975318803969
0.05 0.37 0 0.12776652249489753
0.05 0.38 0 1.0985958967042182
0.05 0.39 0 0.8444581730256674
0.05 0.4 0 1.5638302645305824
0.05 0.41000000000000003 0 0.06114905352944907
0.05 0.42 0 0.04685320596347637
0.05 0.43 0 0.026102152431737826
0.05 0.44 0 0.37258372578507
0.05 0.45 0 0.6375151990470174
0.05 0.46 0 0.006760712581210551
0.05 0.47000000000000003 0 0.0005366435704775373
0.05 0.48 0 0.0008847132887380271
0.05 0.49 0 0.00010924970001378377
0.05 0.5 0 4.955564030747863e-05
0.06 0.0 0 0.0074221170066464445
0.06 0.01 0 0.005920461961653014
0.06 0.02 0 0.04857838501342774
0.06 0.03 0 0.00401706057839748
0.06 0.04 0 0.0046879898880585495
0.06 0.05 0 0.0015314830931187203
0.06 0.06 0 0.024877450918047442
0.06 0.07 0 0.07265981188007699
0.06 0.08 0 0.9776978358574261
0.06 0.09 0 0.7551058517786928
0.06 0.1 0 0.11380815352802288
0.06 0.11 0 0.13988338271826795
0.06 0.12 0 0.046989389867234124
0.06 0.13 0 0.00582943780932854
0.06 0.14 0 0.0007824431692248215
0.06 0.15 0 0.0021375074527866665
0.06 0.16 0 0.0044370576916569135
0.06 0.17 0 0.08684786361500255
0.06 0.18 0 0.07678603811245191
0.06 0.19 0 0.045406233849783616
0.06 0.2 0 0.01119151909322762
0.06 0.21 0 0.005219416448411369
0.06 0.22 0 0.00659099168352008
0.06 0.23 0 0.005364774318960358
0.06 0.24 0 0.004212441208596241
0.06 0.25 0 0.014802860278741647
0.06 0.26 0 0.002778937009659203
0.06 0.27 0 0.0038898216480973006
0.06 0.28 0 0.0020015484792128067
0.06 0.29 0 0.0008562856619990174
0.06 0.3 0 8.110477909005008e-05
0.06 0.31 0 0.0006645547502881226
0.06 0.32 0 0.000539911147943526
0.06 0.33 0 0.0070198063158937694
0.06 0.34 0 0.005484804285067938
0.06 0.35000000000000003 0 0.036161231811825977
0.06 0.36 0 0.07273093247137799
0.06 0.37 0 0.036519707580049264
0.06 0.38 0 0.047964960795283944
0.06 0.39 0 0.010974698758512503
0.06 0.4 0 0.009894722385888064
0.06 0.41000000000000003 0 0.005960909857221814
0.06 0.42 0 0.008596376478439575
0.06 0.43 0 0.0022889849847696525
0.06 0.44 0 0.010552901360569435
0.06 0.45 0 0.006902282132948642
0.06 0.46 0 0.0064307657694787305
0.06 0.47000000000000003 0 0.002005461982174667
0.06 0.48 0 0.0007484027986080546
0.06 0.49 0 0.0040897505515153235
0.06 0.5 0 0.004401981839065124
0.07 0.0 0 0.005775379380896146
0.07 0.01 0 0.00511821868924098
0.07 0.02 0 0.004468766597696148
0.07 0.03 0 0.005273006733769361
0.07 0.04 0 0.051952282837576295
0.07 0.05 0 0.010611009633225808
0.07 0.06 0 0.039080343721273454
0.07 0.07 0 0.050362381226819644
0.07 0.08 0 0.38800383242209835
0.07 0.09 0 0.0355305045712889
0.07 0.1 0 0.028862433624551112
0.07 0.11 0 0.0035786488767227077
0.07 0.12 0 0.0012210548020175627
0.07 0.13 0 0.0010846552003433256
0.07 0.14 0 0.00395516351443954
0.07 0.15 0 0.01563875796064903
0.07 0.16 0 0.003314827540934645
0.07 0.17 0 0.0297866431011154
0.07 0.18 0 0.008677588843211008
0.07 0.19 0 0.041443188472865586
0.07 0.2 0 0.0005971110492439025
0.07 0.21 0 0.0005076633419860166
0.07 0.22 0 0.00020039025818086866
0.07 0.23 0 0.000428508767381474
0.07 0.24 0 5.0941487775725456e-05
0.07 0.25 0 0.00016821445215258049
0.07 0.26 0 0.0005678359381664742
0.07 0.27 0 0.005922040915945671
0.07 0.28 0 0.032183520182684035
0.07 0.29 0 0.0018479471428504404
0.07 0.3 0 0.0006443404899547277
0.07 0.31 0 0.0008010779829148299
0.07 0.32 0 0.0004475296499682057
0.07 0.33 0 0.0008407575243909224
0.07 0.34 0 0.08519790438657521
0.07 0.35000000000000003 0 0.20148206051772674
0.07 0.36 0 0.032725259338069336
0.07 0.37 0 0.021114986853882668
0.07 0.38 0 0.012598379904345827
0.07 0.39 0 0.004350726920082209
0.07 0.4 0 0.012458609757290243
0.07 0.41000000000000003 0 0.24505947867281527
0.07 0.42 0 0.09121194830739515
0.07 0.43 0 0.010980471706213487
0.07 0.44 0 0.007905869232876889
0.07 0.45 0 0.0013816259378893843
0.07 0.46 0 0.007985678704970627
0.07 0.47000000000000003 0 0.13230734979517375
0.07 0.48 0 0.08684312876737679
0.07 0.49 0 0.0035901583225391898
0.07 0.5 0 0.4492100513112299
0.08 0.0 0 0.014543510969245891
0.08 0.01 0 0.0022604934233577388
0.08 0.02 0 0.0017743522399850651
0.08 0.03 0 0.007946213419588202
0.08 0.04 0 0.019663589977468005
0.08 0.05 0 0.0038508431807764408
0.08 0.06 0 0.0016212173159834253
0.08 0.07 0 0.0009949910067354787
0.08 0.08 0 0.0003992952659324564
0.08 0.09 0 0.0077736394556147306
0.08 0.1 0 0.03575339459908031
0.08 0.11 0 0.024581706092663774
0.08 0.12 0 0.0032159600468321704
0.08 0.13 0 0.0007487121795952098
0.08 0.14 0 0.001221932180241189
0.08 0.15 0 0.016058633331229696
0.08 0.16 0 0.031339310180717936
0.08 0.17 0 0.007741344716364638
0.08 0.18 0 0.005289419122428068
0.08 0.19 0 0.0007187541985675503
0.08 0.2 0 0.0013877793849270672
0.08 0.21 0 6.776897703840369e-05
0.08 0.22 0 0.0003034574651479318
0.08 0.23 0 0.00017937042219370443
0.08 0.24 0 4.351326608901937e-05
0.08 0.25 0 1.120488588813625e-05
0.08 0.26 0 0.00011441420380237853
0.08 0.27 0 0.000542873621819968
0.08 0.28 0 0.0010940907592821708
0.08 0.29 0 0.00034518194372721694
0.08 0.3 0 0.000501122714389409
0.08 0.31 0 0.0017653197637479072
0.08 0.32 0 0.005988065694071997
0.08 0.33 0 0.012880382899125891
0.08 0.34 0 0.051700446995380615
0.08 0.35000000000000003 0 0.008147804349031455
0.08 0.36 0 0.052363922127806634
0.08 0.37 0 0.1543986179394539
0.08 0.38 0 0.18264580230516472
0.08 0.39 0 0.0961324360023117
0.08 0.4 0 0.03485690303346017
0.08 0.41000000000000003 0 0.09571613209095563
0.08 0.42 0 0.020835820692243084
0.08 0.43 0 0.04629091667144231
0.08 0.44 0 0.01089366193858393
0.08 0.45 0 0.3905785626447892
0.08 0.46 0 0.25625975610038876
0.08 0.47000000000000003 0 0.16389714040770442
0.08 0.48 0 0.013307019827054966
0.08 0.49 0 0.004426238371110952
0.08 0.5 0 0.026513177517073265
0.09 0.0 0 0.001277879083298594
0.09 0.01 0 0.03382454638947202
0.09 0.02 0 0.018792721416819425
0.09 0.03 0 0.00767875575885493
0.09 0.04 0 0.004739729015214834
0.09 0.05 0 0.004231051188963179
0.09 0.06 0 0.008271041291868253
0.09 0.07 0 0.01782996294232032
0.09 0.08 0 0.0021834137391462363
0.09 0.09 0 0.0005146454324029381
0.09 0.1 0 0.0008687314646126618
0.09 0.11 0 0.00020578731468916036
0.09 0.12 0 0.0018323968507678598
0.09 0.13 0 0.027533707865791398
0.09 0.14 0 0.0031317302223081503
0.09 0.15 0 0.001792789729904828
0.09 0.16 0 0.006301386985428909
0.09 0.17 0 0.0008920638103634505
0.09 0.18 0 0.0020248055108299835
0.09 0.19 0 0.0019316007539895033
0.09 0.2 0 0.001915193534701175
0.09 0.21 0 0.0003170381218138587
0.09 0.22 0 5.983465373651504e-05
0.09 0.23 0 1.3700608602366112e-05
0.09 0.24 0 0.00028209416034642536
0.09 0.25 0 0.0059633213989765035
0.09 0.26 0 0.004246595398395514
0.09 0.27 0 0.004974210435340556
0.09 0.28 0 0.03081694563445281
0.09 0.29 0 0.10639809577504851
0.09 0.3 0 0.027582304817847875
0.09 0.31 0 0.05592986996243884
0.09 0.32 0 0.021862033399391207
0.09 0.33 0 0.004938001192534706
0.09 0.34 0 0.01847325195181391
0.09 0.35000000000000003 0 0.006854072477594194
0.09 0.36 0 0.04571452087028428
0.09 0.37 0 0.05390177482046692
0.09 0.38 0 0.053733929113949606
0.09 0.39 0 0.003284391316161734
0.09 0.4 0 0.018824840048673946
0.09 0.41000000000000003 0 0.014080232486706612
0.09 0.42 0 0.07750183939958014
0.09 0.43 0 0.03156133575543738
0.09 0.44 0 0.046877235760484845
0.09 0.45 0 0.04858739319543214
0.09 0.46 0 0.08806887531705114
0.09 0.47000000000000003 0 0.3115423640466892
0.09 0.48 0 0.056894881839778685
0.09 0.49 0 0.007432222804562935
0.09 0.5 0 0.0009409841869124928
0.1 0.0 0 0.00020647471835911772
0.1 0.01 0 0.00016879466447370948
0.1 0.02 0 0.0008731714281235655
0.1 0.03 0 0.034809902412173
0.1 0.04 0 0.002980494055030981
0.1 0.05 0 0.019210557862959495
0.1 0.06 0 0.004894313326130872
0.1 0.07 0 0.01009747354538663
0.1 0.08 0 0.0030419556927405804
0.1 0.09 0 0.0037258120882786034
0.1 0.1 0 0.0017411496706430237
0.1 0.11 0 0.00104433879798659
0.1 0.12 0 0.0019105156048347014
0.1 0.13 0 0.000562463046884087
0.1 0.14 0 0.00036073088239372815
0.1 0.15 0 2.7475823003283928e-05
0.1 0.16 0 0.002671271730666239
0.1 0.17 0 0.0010056759947045084
0.1 0.18 0 0.0013315882979757884
0.1 0.19 0 0.0010274141262110196
0.1 0.2 0 0.0045785963591138444
0.1 0.21 0 0.00024283926360247528
0.1 0.22 0 6.541273103226835e-05
0.1 0.23 0 7.160759391426717e-05
0.1 0.24 0 4.557422350964035e-05
0.1 0.25 0 0.0017193145530458062
0.1 0.26 0 0.014663596559296105
0.1 0.27 0 0.13685312333526065
0.1 0.28 0 0.22923895835655414
0.1 0.29 0 0.26619989654947823
0.1 0.3 0 0.01472509180570928
0.1 0.31 0 0.004601963341946252
0.1 0.32 0 0.018372743000686833
0.1 0.33 0 0.011804137152306068
0.1 0.34 0 0.028939729395152172
0.1 0.35000000000000003 0 0.0020250754888801576
0.1 0.36 0 0.002682808855358446
0.1 0.37 0 0.00332959607341226
0.1 0.38 0 0.011894631212863913
0.1 0.39 0 0.0026916604851900177
0.1 0.4 0 0.0047169441743161135
0.1 0.41000000000000003 0 0.0011017049685460689
0.1 0.42 0 0.003863048683856364
0.1 0.43 0 0.06953177768628362
0.1 0.44 0 0.10047924898388008
0.1 0.45 0 0.12443872800488398
0.1 0.46 0 0.19816582725991674
0.1 0.47000000000000003 0 0.3319866829909292
0.1 0.48 0 0.1529030206182246
0.1 0.49 0 0.1076647791582992
0.1 0.5 0 0.008780659752984234
0.11 0.0 0 0.0004812014531002854
0.11 0.01 0 0.00011176907646211087
0.11 0.02 0 0.003937656469103856
0.11 0.03 0 0.010488354618007196
0.11 0.04 0 0.00366714980397991
0.11 0.05 0 0.0027202421747419027
0.11 0.06 0 0.0034561044624549864
0.11 0.07 0 0.0020068906681426765
0.11 0.08 0 0.03582140151530628
0.11 0.09 0 0.12767001046676837
0.11 0.1 0 0.006089257376913948
0.11 0.11 0 0.0016192875155192203
0.11 0.12 0 0.001356953208522841
0.11 0.13 0 0.0004023068664356836
0.11 0.14 0 0.0007870196042041217
0.11 0.15 0 0.002010544364451474
0.11 0.16 0 0.0007792722520901112
0.11 0.17 0 0.0007843339701240092
0.11 0.18 0 0.006039621508569596
0.11 0.19 0 0.00024653550157147596
0.11 0.2 0 0.0002128349825046288
0.11 0.21 0 0.0008643315698564928
0.11 0.22 0 0.0007019417944345292
0.11 0.23 0 0.0010392282414378052
0.11 0.24 0 0.0011257194445909043
0.11 0.25 0 0.00041489018741001097
0.11 0.26 0 0.0012150003615051493
0.11 0.27 0 0.0247364930682662
0.11 0.28 0 0.0030516456642487003
0.11 0.29 0 0.026330058906152854
0.11 0.3 0 0.00553785749699638
0.11 0.31 0 0.011892620885121738
0.11 0.32 0 0.002718563748424351
0.11 0.33 0 0.020474739837371147
0.11 0.34 0 0.007520606015896834
0.11 0.35000000000000003 0 0.0847049432252554
0.11 0.36 0 0.01318247804476195
0.11 0.37 0 0.0062751731201950225
0.11 0.38 0 0.027632728313476292
0.11 0.39 0 0.053236953591862625
0.11 0.4 0 0.008142247615082672
0.11 0.41000000000000003 0 0.0013498105383343995
0.11 0.42 0 0.00489998926236203
0.11 0.43 0 0.007799780654560195
0.11 0.44 0 0.0926890500641519
0.11 0.45 0 0.04281164032868408
0.11 0.46 0 0.5912485837052602
0.11 0.47000000000000003 0 1.5936034098281615
0.11 0.48 0 1.0673813259020204
0.11 0.49 0 0.16781182806246084
0.11 0.5 0 1.5933681994046756
0.12 0.0 0 0.0013722726688019141
0.12 0.01 0 0.00012183986206567808
0.12 0.02 0 0.00025774607105771575
0.12 0.03 0 0.00018629435081801913
0.12 0.04 0 0.0006627517790492031
0.12 0.05 0 0.0014282952021418278
0.12 0.06 0 0.01600110715221581
0.12 0.07 0 0.0032643948760582345
0.12 0.08 0 0.005379756129809042
0.12 0.09 0 0.0002691814841203659
0.12 0.1 0 0.0003833401614830927
0.12 0.11 0 0.00021991664251650464
0.12 0.12 0 0.00014381780155482875
0.12 0.13 0 9.92914136852034e-05
0.12 0.14 0 4.7244631446093686e-05
0.12 0.15 0 0.0003002078953594011
0.12 0.16 0 0.0017581281158496826
0.12 0.17 0 0.004043724766688977
0.12 0.18 0 0.0014589657245470595
0.12 0.19 0 0.07427638507410225
0.12 0.2 0 0.005577009779039628
0.12 0.21 0 0.0028579177254524665
0.12 0.22 0 0.005426094275887912
0.12 0.23 0 0.007137432721518287
0.12 0.24 0 0.007099870036534679
0.12 0.25 0 0.027552717169272673
0.12 0.26 0 0.06667876385523698
0.12 0.27 0 0.05816100411989863
0.12 0.28 0 0.07244733018461808
0.12 0.29 0 0.027154104707205032
0.12 0.3 0 0.060654409391116715
0.12 0.31 0 0.2019192524409156
0.12 0.32 0 0.2628305538939519
0.12 0.33 0 0.10187370114619225
0.12 0.34 0 0.06269516802628171
0.12 0.35000000000000003 0 0.18050912428597285
0.12 0.36 0 0.018793867561162966
0.12 0.37 0 0.018657275498524264
0.12 0.38 0 0.007500618522843058
0.12 0.39 0 0.013849819827928914
0.12 0.4 0 0.000918985485755261
0.12 0.41000000000000003 0 0.0033851362712642935
0.12 0.42 0 0.0012419812412914975
0.12 0.43 0 0.015535298034651382
0.12 0.44 0 0.12506732795942568
0.12 0.45 0 0.39502102602410477
0.12 0.46 0 0.042424419935506164
0.12 0.47000000000000003 0 0.1575999387069986
0.12 0.48 0 1.6898729927698053
0.12 0.49 0 0.14982780756252387
0.12 0.5 0 2.1502501538980363
0.13 0.0 0 0.00636051388322795
0.13 0.01 0 0.0006129438547513783
0.13 0.02 0 0.00022661691214267372
0.13 0.03 0 0.00010449885531087948
0.13 0.04 0 0.0005163223401035918
0.13 0.05 0 0.0013478578929106016
0.13 0.06 0 0.004719611974860703
0.13 0.07 0 0.002061702675467689
0.13 0.08 0 0.0031713621368482875
0.13 0.09 0 0.0013752260845887286
0.13 0.1 0 0.004563154451168234
0.13 0.11 0 0.03236198938296222
0.13 0.12 0 0.013745845416906537
0.13 0.13 0 0.0008468191916996098
0.13 0.14 0 0.0005501532319213964
0.13 0.15 0 0.003842807215250447
0.13 0.16 0 0.03016065877152722
0.13 0.17 0 0.07227711480465775
0.13 0.18 0 0.04017726509776158
0.13 0.19 0 0.03120485246559122
0.13 0.2 0 0.06958271335930334
0.13 0.21 0 0.15022612578640485
0.13 0.22 0 0.6748204374166051
0.13 0.23 0 0.04459710342812321
0.13 0.24 0 0.004800647762016069
0.13 0.25 0 0.06879069314334166
0.13 0.26 0 0.020849893025981198
0.13 0.27 0 0.007781191141549465
0.13 0.28 0 0.06375855904046551
0.13 0.29 0 0.4100856828319666
0.13 0.3 0 0.007615534229121874
0.13 0.31 0 0.22361812195177522
0.13 0.32 0 0.5841115732199214
0.13 0.33 0 0.16118518187950584
0.13 0.34 0 0.010645056277382705
0.13 0.35000000000000003 0 0.0035102660729290818
0.13 0.36 0 0.0008420721455726459
0.13 0.37 0 0.002984911984375965
0.13 0.38 0 0.0014266008888612163
0.13 0.39 0 0.0008567433476627174
0.13 0.4 0 0.0067028407999222776
0.13 0.41000000000000003 0 0.014002876754358823
0.13 0.42 0 0.0016409017851565406
0.13 0.43 0 0.014452151441693045
0.13 0.44 0 0.1191689089171688
0.13 0.45 0 0.46030876024287903
0.13 0.46 0 0.8721756941165667
0.13 0.47000000000000003 0 1.2156242996057642
0.13 0.48 0 5.460234707449647
0.13 0.49 0 1.8324811861432595
0.13 0.5 0 0.38704761934730925
0.14 0.0 0 0.004279326387144997
0.14 0.01 0 0.01990606702585937
0.14 0.02 0 0.0014449973006133677
0.14 0.03 0 0.01905169913345011
0.14 0.04 0 0.000197919916729756
0.14 0.05 0 0.0007385813411350149
0.14 0.06 0 0.0017583194134009874
0.14 0.07 0 0.003937654009470173
0.14 0.08 0 0.001455933416132882
0.14 0.09 0 0.037357672405556326
0.14 0.1 0 0.000667666199872279
0.14 0.11 0 0.00020466607352583285
0.14 0.12 0 0.009121808383050623
0.14 0.13 0 0.038085822814884304
0.14 0.14 0 0.018504711848586555
0.14 0.15 0 0.02583540399236074
0.14 0.16 0 0.042619573802867176
0.14 0.17 0 0.005449478024058693
0.14 0.18 0 0.025924533370730276
0.14 0.19 0 0.00229841379150139
0.14 0.2 0 0.0020627810242455687
0.14 0.21 0 0.003434045939167135
0.14 0.22 0 0.00830474584502474
0.14 0.23 0 0.0017901351202620772
0.14 0.24 0 0.007791261518242887
0.14 0.25 0 0.0028400855671635904
0.14 0.26 0 0.0030846745102335385
0.14 0.27 0 0.01418692027957353
0.14 0.28 0 0.008499246163739356
0.14 0.29 0 0.008075702481863352
0.14 0.3 0 0.06319089057997146
0.14 0.31 0 0.11524213285622452
0.14 0.32 0 0.08130536904862137
0.14 0.33 0 0.012595309170454462
0.14 0.34 0 0.001767405401491643
0.14 0.35000000000000003 0 0.00020214134433562764
0.14 0.36 0 0.0022784966812402136
0.14 0.37 0 0.04218417956846828
0.14 0.38 0 0.02551340014207108
0.14 0.39 0 0.0028816295805275285
0.14 0.4 0 0.007817231117416284
0.14 0.41000000000000003 0 0.00691725138218315
0.14 0.42 0 0.005945236046085817
0.14 0.43 0 0.06128560091829174
0.14 0.44 0 0.07681662855504771
0.14 0.45 0 0.09835614464048345
0.14 0.46 0 0.7483258980768487
0.14 0.47000000000000003 0 0.36165022043761286
0.14 0.48 0 0.07044035877803274
0.14 0.49 0 0.16197229163780755
0.14 0.5 0 0.09935841967743263
0.15 0.0 0 0.0005273056322542594
0.15 0.01 0 0.0002284450105995122
0.15 0.02 0 0.0002091543371603584
0.15 0.03 0 0.0008206471491185464
0.15 0.04 0 0.0006509688593919518
0.15 0.05 0 0.000767345079546951
0.15 0.06 0 3.235253602925381e-05
0.15 0.07 0 8.551710828393603e-05
0.15 0.08 0 4.630979249048073e-05
0.15 0.09 0 0.0009363054175712894
0.15 0.1 0 7.980306788159192e-05
0.15 0.11 0 0.00034715267133061576
0.15 0.12 0 0.00033561951826491655
0.15 0.13 0 0.000403436126982423
0.15 0.14 0 0.003117705573282235
0.15 0.15 0 0.02221913629783689
0.15 0.16 0 0.058680868447856555
0.15 0.17 0 0.008353108200017357
0.15 0.18 0 0.016186823801293816
0.15 0.19 0 0.0009008129929823142
0.15 0.2 0 0.007955590851160982
0.15 0.21 0 0.030779335344312094
0.15 0.22 0 0.1415685261702484
0.15 0.23 0 0.00885040809553718
0.15 0.24 0 0.0023667847460009488
0.15 0.25 0 0.002012763306931939
0.15 0.26 0 0.002017520903473926
0.15 0.27 0 0.05104206531433678
0.15 0.28 0 0.17765619749729936
0.15 0.29 0 0.1153450289772447
0.15 0.3 0 0.028431661842943594
0.15 0.31 0 0.006231953240594434
0.15 0.32 0 0.014953316663418714
0.15 0.33 0 0.028837232241771767
0.15 0.34 0 0.024647573614776645
0.15 0.35000000000000003 0 0.011037846074983183
0.15 0.36 0 0.14275353786511338
0.15 0.37 0 0.028717077697372192
0.15 0.38 0 0.17580966197076647
0.15 0.39 0 0.09619898641730337
0.15 0.4 0 0.047269537848558044
0.15 0.41000000000000003 0 0.06201723621400511
0.15 0.42 0 0.15753842152131392
0.15 0.43 0 0.019702436624646175
0.15 0.44 0 0.004535990868156571
0.15 0.45 0 0.020300539390191566
0.15 0.46 0 0.01194602613811368
0.15 0.47000000000000003 0 0.01742388389298277
0.15 0.48 0 0.09722824965079234
0.15 0.49 0 0.1657216881062325
0.15 0.5 0 0.012243893241122504
0.16 0.0 0 0.00027840942063431543
0.16 0.01 0 0.0004758922122673286
0.16 0.02 0 8.262918988796753e-05
0.16 0.03 0 3.5670757233877736e-05
0.16 0.04 0 3.0763557165633194e-05
0.16 0.05 0 3.844052753842483e-05
0.16 0.06 0 3.242643296015772e-05
0.16 0.07 0 0.00038849820928610595
0.16 0.08 0 0.00025553941990808687
0.16 0.09 0 1.959372833199932e-05
0.16 0.1 0 9.494458508178427e-06
0.16 0.11 0 0.0005169966907585234
0.16 0.12 0 0.0007883077930529173
0.16 0.13 0 0.002566616794992966
0.16 0.14 0 0.0019655216997740903
0.16 0.15 0 0.01294017461310311
0.16 0.16 0 0.008199897013957982
0.16 0.17 0 0.07160587331621383
0.16 0.18 0 0.045086968952694095
0.16 0.19 0 0.08068597133370925
0.16 0.2 0 0.0990954297318922
0.16 0.21 0 0.007283410402414667
0.16 0.22 0 0.002674727661889774
0.16 0.23 0 0.008509671672077003
0.16 0.24 0 0.1370100142025462
0.16 0.25 0 0.006420093177923781
0.16 0.26 0 0.015757414200949615
0.16 0.27 0 0.004755560177307323
0.16 0.28 0 0.0314212701451576
0.16 0.29 0 0.007525956176185821
0.16 0.3 0 0.018339050397050256
0.16 0.31 0 0.006378162605717788
0.16 0.32 0 0.004202100411119968
0.16 0.33 0 0.0012989915272328225
0.16 0.34 0 0.003822661098060741
0.16 0.35000000000000003 0 0.010672291276564742
0.16 0.36 0 0.007555510245118741
0.16 0.37 0 0.009318929576974598
0.16 0.38 0 0.03916866103509042
0.16 0.39 0 0.024469088970507365
0.16 0.4 0 0.013771856132753802
0.16 0.41000000000000003 0 0.005583891014890162
0.16 0.42 0 0.0008461630743189999
0.16 0.43 0 6.365216887269615e-05
0.16 0.44 0 0.00011233794965708202
0.16 0.45 0 0.00037722933735083247
0.16 0.46 0 0.004638923862946409
0.16 0.47000000000000003 0 0.04925019898930155
0.16 0.48 0 0.011251725212246606
0.16 0.49 0 0.01019050955464299
0.16 0.5 0 0.01957254664186468
0.17 0.0 0 0.000503891268546577
0.17 0.01 0 0.0001981913116385794
0.17 0.02 0 0.00015627269230697037
0.17 0.03 0 5.6668588224019685e-05
0.17 0.04 0 3.592100254402309e-05
0.17 0.05 0 1.649475185051057e-05
0.17 0.06 0 0.0001523861158497637
0.17 0.07 0 0.0003555010440953112
0.17 0.08 0 0.0014737639880337537
0.17 0.09 0 0.0006213353277692209
0.17 0.1 0 0.0005505983382505955
0.17 0.11 0 9.66980152422259e-05
0.17 0.12 0 0.0017370667672851855
0.17 0.13 0 0.006156165787385914
0.17 0.14 0 0.004296703329608248
0.17 0.15 0 0.006838456261196739
0.17 0.16 0 0.03488691358822809
0.17 0.17 0 0.2950808010399593
0.17 0.18 0 0.08028661550079544
0.17 0.19 0 0.12006774924848186
0.17 0.2 0 0.0014701970630812266
0.17 0.21 0 0.000845012536933632
0.17 0.22 0 0.004277583707865243
0.17 0.23 0 0.003627360036049825
0.17 0.24 0 0.0015103371961294474
0.17 0.25 0 0.007240073219513955
0.17 0.26 0 0.004266352538740471
0.17 0.27 0 0.0002340221254405136
0.17 0.28 0 0.01428664526311983
0.17 0.29 0 0.012284662403657203
0.17 0.3 0 0.03363874091753954
0.17 0.31 0 0.07858389990913911
0.17 0.32 0 0.10748378303397231
0.17 0.33 0 0.008264414231511322
0.17 0.34 0 0.0030047078676360838
0.17 0.35000000000000003 0 0.0035548476524343933
0.17 0.36 0 0.0006690319657153955
0.17 0.37 0 0.032320739868831036
0.17 0.38 0 0.010530591142881601
0.17 0.39 0 0.004700234123811691
0.17 0.4 0 0.00011733765004931164
0.17 0.41000000000000003 0 0.006967465553793217
0.17 0.42 0 0.00041611651080939566
0.17 0.43 0 0.0009616499530862788
0.17 0.44 0 0.00012852627619044048
0.17 0.45 0 0.00010898182161529848
0.17 0.46 0 0.00011520110183052295
0.17 0.47000000000000003 0 0.0003615490273665833
0.17 0.48 0 0.002650694386491353
0.17 0.49 0 0.0033811128623221966
0.17 0.5 0 0.0869204879541668
0.18 0.0 0 0.003679038492904276
0.18 0.01 0 0.00044337870434842786
0.18 0.02 0 0.00022433252667831518
0.18 0.03 0 2.2430790489441968e-05
0.18 0.04 0 8.770465270353029e-05
0.18 0.05 0 0.00023878350632494915
0.18 0.06 0 0.017576229509810474
0.18 0.07 0 0.011712136711855637
0.18 0.08 0 0.0046068147169851395
0.18 0.09 0 0.006201008356421407
0.18 0.1 0 0.0029360912150320933
0.18 0.11 0 0.00037014544584353294
0.18 0.12 0 0.0022919029733715667
0.18 0.13 0 0.043387533783089356
0.18 0.14 0 0.024892706012728454
0.18 0.15 0 0.011342530508979223
0.18 0.16 0 0.0026343262676034704
0.18 0.17 0 0.03969031572780192
0.18 0.18 0 0.16065177730870672
0.18 0.19 0 0.012836169566922736
0.18 0.2 0 0.0030966000807985837
0.18 0.21 0 0.003219308905266976
0.18 0.22 0 0.0002081218399190782
0.18 0.23 0 6.614961921487118e-05
0.18 0.24 0 6.207578813913531e-05
0.18 0.25 0 0.000502444561602883
0.18 0.26 0 0.00032847496472524255
0.18 0.27 0 0.00025949788940518977
0.18 0.28 0 0.000284890364536639
0.18 0.29 0 0.0018227462319420603
0.18 0.3 0 0.000361198299026755
0.18 0.31 0 0.006756542322583178
0.18 0.32 0 0.1487032114173806
0.18 0.33 0 0.35031941571310804
0.18 0.34 0 0.23229359327668456
0.18 0.35000000000000003 0 0.004228860633063858
0.18 0.36 0 0.0010712136953502796
0.18 0.37 0 0.0020599329923945285
0.18 0.38 0 0.022068368434670527
0.18 0.39 0 0.005883397806934536
0.18 0.4 0 0.01090806101786943
0.18 0.41000000000000003 0 0.05260178982268284
0.18 0.42 0 0.0024701894706856175
0.18 0.43 0 0.00028613019402294897
0.18 0.44 0 9.518039310258598e-05
0.18 0.45 0 0.0004999849080172165
0.18 0.46 0 4.3079652625295296e-05
0.18 0.47000000000000003 0 0.001207775405324562
0.18 0.48 0 0.0011089313826961845
0.18 0.49 0 0.0033409507122877918
0.18 0.5 0 0.0033608640475449635
0.19 0.0 0 0.00022732795998555732
0.19 0.01 0 0.00019919310042936802
0.19 0.02 0 8.88829518822594e-05
0.19 0.03 0 2.8979507340603514e-05
0.19 0.04 0 2.198681067294776e-05
0.19 0.05 0 3.557411339567663e-05
0.19 0.06 0 0.0005510583070286864
0.19 0.07 0 0.0009864067599495024
0.19 0.08 0 0.0005101367622546179
0.19 0.09 0 0.00018263119570471442
0.19 0.1 0 0.000557861384182298
0.19 0.11 0 0.00023185445614387783
0.19 0.12 0 0.001275189406837246
0.19 0.13 0 0.0005098559896971763
0.19 0.14 0 0.00023723683045774748
0.19 0.15 0 0.0016118574349248786
0.19 0.16 0 0.017060479218937587
0.19 0.17 0 0.005997854575622479
0.19 0.18 0 0.052218165572863316
0.19 0.19 0 0.027059761063248953
0.19 0.2 0 0.0064111530428870005
0.19 0.21 0 0.0016552703662627215
0.19 0.22 0 0.00031083247377289774
0.19 0.23 0 0.00013349539603983203
0.19 0.24 0 0.0018423544118657397
0.19 0.25 0 0.0009619767256805616
0.19 0.26 0 0.00011274854913247983
0.19 0.27 0 0.0011414264577126404
0.19 0.28 0 0.0008218230817796102
0.19 0.29 0 0.003422299483251586
0.19 0.3 0 0.003240935349153845
0.19 0.31 0 0.011658606359946087
0.19 0.32 0 0.0024807707438943335
0.19 0.33 0 0.017947055753112964
0.19 0.34 0 0.008183560523366731
0.19 0.35000000000000003 0 0.006086729684674077
0.19 0.36 0 0.0014089919083077047
0.19 0.37 0 0.0028748627588185277
0.19 0.38 0 0.007484062953349831
0.19 0.39 0 0.06861096470707566
0.19 0.4 0 0.05111606700536703
0.19 0.41000000000000003 0 0.008503228391633326
0.19 0.42 0 0.005772510334982577
0.19 0.43 0 0.003482205861710975
0.19 0.44 0 0.0005263132430212989
0.19 0.45 0 0.00033733132403417955
0.19 0.46 0 0.001056619531503546
0.19 0.47000000000000003 0 0.009263992662643711
0.19 0.48 0 0.016284909500600058
0.19 0.49 0 0.012989340129784952
0.19 0.5 0 0.017279134648013887
0.2 0.0 0 0.0038965571695444116
0.2 0.01 0 0.00023768927664665664
0.2 0.02 0 0.00016313542104524496
0.2 0.03 0 0.00010359781327048521
0.2 0.04 0 5.689277788427929e-05
0.2 0.05 0 0.0008594903982997072
0.2 0.06 0 0.0008113323764924965
0.2 0.07 0 0.011615791012165571
0.2 0.08 0 0.005987026818476838
0.2 0.09 0 0.004888630559832516
0.2 0.1 0 0.004088087946919279
0.2 0.11 0 0.020265710742720763
0.2 0.12 0 0.0012577511659613105
0.2 0.13 0 0.0005312544683216155
0.2 0.14 0 0.0006082713111560183
0.2 0.15 0 0.002837941861658468
0.2 0.16 0 0.004335844102952631
0.2 0.17 0 0.0013508321249581445
0.2 0.18 0 0.0016042645557826085
0.2 0.19 0 0.0014145118179428927
0.2 0.2 0 0.0019449135908872611
0.2 0.21 0 0.010210549472534764
0.2 0.22 0 0.024721898791690393
0.2 0.23 0 0.004548944685034583
0.2 0.24 0 0.0003884042009342302
0.2 0.25 0 0.0003028462001714896
0.2 0.26 0 0.00024832268555768775
0.2 0.27 0 0.0009298014298298025
0.2 0.28 0 0.0015513958475903919
0.2 0.29 0 0.001610358093483849
0.2 0.3 0 0.0045739805745620855
0.2 0.31 0 0.01522775359722252
0.2 0.32 0 0.0073556276806174565
0.2 0.33 0 0.002661217371840587
0.2 0.34 0 0.028410307066244627
0.2 0.35000000000000003 0 0.005762249423047027
0.2 0.36 0 0.0045511700163742225
0.2 0.37 0 0.003202757572241498
0.2 0.38 0 0.0035109807085727945
0.2 0.39 0 0.0005072226970090298
0.2 0.4 0 0.0037011509475365512
0.2 0.41000000000000003 0 0.0023053739135068256
0.2 0.42 0 0.0040170679309995475
0.2 0.43 0 0.00928871939328825
0.2 0.44 0 0.009851085153271814
0.2 0.45 0 0.0005323982392312511
0.2 0.46 0 0.0006649849145495981
0.2 0.47000000000000003 0 0.00340278857334372
0.2 0.48 0 0.0025904662581762335
0.2 0.49 0 0.001400462618878552
0.2 0.5 0 0.007105232945701954
0.21 0.0 0 0.0005771653385985715
0.21 0.01 0 0.00015214022557244887
0.21 0.02 0 0.00038570491735926766
0.21 0.03 0 0.00041331923675943827
0.21 0.04 0 6.872582340090794e-05
0.21 0.05 0 0.00027969849828900976
0.21 0.06 0 0.0024062835634999545
0.21 0.07 0 0.0016038828243237705
0.21 0.08 0 0.051139783374416645
0.21 0.09 0 0.02292546419481413
0.21 0.1 0 0.0020291475613782766
0.21 0.11 0 0.005163607994822847
0.21 0.12 0 0.012098056517811243
0.21 0.13 0 0.0035831841955050584
0.21 0.14 0 0.00018773316097555435
0.21 0.15 0 0.0001023975820370132
0.21 0.16 0 1.7934239403407747e-05
0.21 0.17 0 0.0004109072316662717
0.21 0.18 0 0.00029234467844780726
0.21 0.19 0 0.0015654544137782228
0.21 0.2 0 0.0007148820418784168
0.21 0.21 0 0.003741534311626818
0.21 0.22 0 0.00029803613547676306
0.21 0.23 0 0.0003771634959974629
0.21 0.24 0 0.0005512054123331897
0.21 0.25 0 3.4627323783480156e-05
0.21 0.26 0 0.0004553017306961573
0.21 0.27 0 0.0008864002297601379
0.21 0.28 0 0.0012342651072331284
0.21 0.29 0 0.0003917710727610269
0.21 0.3 0 0.004798973168902116
0.21 0.31 0 0.00010392363458212743
0.21 0.32 0 0.0011097017134559363
0.21 0.33 0 0.0009434429387039404
0.21 0.34 0 0.008042435138388048
0.21 0.35000000000000003 0 0.02776640133770903
0.21 0.36 0 0.07436671555117919
0.21 0.37 0 0.019986776456046105
0.21 0.38 0 0.004070724409724069
0.21 0.39 0 0.0001816994911343468
0.21 0.4 0 0.0001946270305965223
0.21 0.41000000000000003 0 0.0021542835782083596
0.21 0.42 0 0.0019501658532175452
0.21 0.43 0 0.001486880017982265
0.21 0.44 0 0.0030838776144246345
0.21 0.45 0 0.007896082302298978
0.21 0.46 0 0.011756785437406228
0.21 0.47000000000000003 0 0.019076785245701323
0.21 0.48 0 0.014065185405673426
0.21 0.49 0 0.10158480562081251
0.21 0.5 0 0.47923336326844673
0.22 0.0 0 2.557271926369268e-05
0.22 0.01 0 0.00010627813181850201
0.22 0.02 0 0.0012159248209443329
0.22 0.03 0 0.007461042448779123
0.22 0.04 0 0.0017117013055000707
0.22 0.05 0 0.00026775185883595173
0.22 0.06 0 4.3075818441658016e-05
0.22 0.07 0 0.00011946902035441506
0.22 0.08 0 0.0003311699293281141
0.22 0.09 0 0.001414987785314219
0.22 0.1 0 0.011191461975315852
0.22 0.11 0 0.023374316734479098
0.22 0.12 0 0.007660582204040781
0.22 0.13 0 0.002833879633447738
0.22 0.14 0 0.00040075371856227886
0.22 0.15 0 0.0004133177722888365
0.22 0.16 0 0.0005822114036007503
0.22 0.17 0 0.003845443894352583
0.22 0.18 0 0.0017429945315746915
0.22 0.19 0 0.011994278917814464
0.22 0.2 0 0.000652862613820037
0.22 0.21 0 0.0032307051232505156
0.22 0.22 0 0.0032021151093911174
0.22 0.23 0 0.0008851943718376989
0.22 0.24 0 0.0009164037789649732
0.22 0.25 0 0.004906323176100344
0.22 0.26 0 0.0010291616387424342
0.22 0.27 0 0.0006124405929301629
0.22 0.28 0 0.00356018860179207
0.22 0.29 0 0.0008054892679732008
0.22 0.3 0 0.002446358795773445
0.22 0.31 0 0.00018722687121557763
0.22 0.32 0 0.0011218818945876216
0.22 0.33 0 0.008600793960682944
0.22 0.34 0 0.02828400568943567
0.22 0.35000000000000003 0 0.00292006876720671
0.22 0.36 0 0.016533753043250696
0.22 0.37 0 0.0027528561579492645
0.22 0.38 0 0.004225230176115951
0.22 0.39 0 0.0017129388068081743
0.22 0.4 0 0.0029705824073806386
0.22 0.41000000000000003 0 0.008300955960553014
0.22 0.42 0 0.0025484846052963974
0.22 0.43 0 0.00024196086904957543
0.22 0.44 0 0.0008863810837707081
0.22 0.45 0 0.0024198866341810584
0.22 0.46 0 0.0011349112146010485
0.22 0.47000000000000003 0 0.004493636600266158
0.22 0.48 0 0.018159522930934736
0.22 0.49 0 0.015428625078925716
0.22 0.5 0 0.19076367325179128
0.23 0.0 0 0.0005466640466853496
0.23 0.01 0 0.0004479916454162521
0.23 0.02 0 0.0023175344982108315
0.23 0.03 0 0.04054995651079945
0.23 0.04 0 0.021414798429654828
0.23 0.05 0 0.0005307255908026395
0.23 0.06 0 0.00024472941049586203
0.23 0.07 0 2.402936328847406e-05
0.23 0.08 0 0.00021663601864190684
0.23 0.09 0 0.004472987402812529
0.23 0.1 0 0.12074141399662526
0.23 0.11 0 0.009270528747734678
0.23 0.12 0 0.008726568797490305
0.23 0.13 0 0.016277344977745103
0.23 0.14 0 0.003889242195664114
0.23 0.15 0 0.0007784242138352796
0.23 0.16 0 0.006085552830584406
0.23 0.17 0 0.002819191366142633
0.23 0.18 0 0.00015770776621940567
0.23 0.19 0 0.0004631141118853903
0.23 0.2 0 0.0004066703334711444
0.23 0.21 0 0.00015353950392853113
0.23 0.22 0 0.013213133914783175
0.23 0.23 0 0.014914474930515021
0.23 0.24 0 0.0007654736612142858
0.23 0.25 0 0.0006625290654204109
0.23 0.26 0 0.0005646879805704779
0.23 0.27 0 0.00012938769819189074
0.23 0.28 0 0.000244507541191563
0.23 0.29 0 0.0006422499565426121
0.23 0.3 0 0.00015678840038025414
0.23 0.31 0 0.0006873223172260034
0.23 0.32 0 0.00012293355693647208
0.23 0.33 0 0.0008967612920700275
0.23 0.34 0 0.014736982380769273
0.23 0.35000000000000003 0 0.012063581059784365
0.23 0.36 0 0.0018643303313959285
0.23 0.37 0 0.000959892234874006
0.23 0.38 0 0.000687490182503068
0.23 0.39 0 0.0006049735310458859
0.23 0.4 0 0.0016075840315347184
0.23 0.41000000000000003 0 0.00024446901308577187
0.23 0.42 0 0.0006797122596004523
0.23 0.43 0 0.00253863817061178
0.23 0.44 0 0.0018885013313446795
0.23 0.45 0 0.013510286837159255
0.23 0.46 0 0.0432705951777465
0.23 0.47000000000000003 0 0.021237257514649117
0.23 0.48 0 0.0005387259536598657
0.23 0.49 0 0.002860081659441926
0.23 0.5 0 0.06969842783690751
0.24 0.0 0 0.005284310055160426
0.24 0.01 0 0.004192756392857964
0.24 0.02 0 0.0020916029503416636
0.24 0.03 0 0.005785852865742202
0.24 0.04 0 0.00862006852980057
0.24 0.05 0 0.008027923091851736
0.24 0.06 0 0.02085339530840798
0.24 0.07 0 0.00338929627249987
0.24 0.08 0 0.009143128068795602
0.24 0.09 0 0.0057959430662094065
0.24 0.1 0 0.0037265325549488467
0.24 0.11 0 0.00735779291475228
0.24 0.12 0 4.133394949726615
0.24 0.13 0 0.5812468743879351
0.24 0.14 0 0.5656690123429107
0.24 0.15 0 0.055461358863280324
0.24 0.16 0 0.004332551098974437
0.24 0.17 0 0.0005026277676312345
0.24 0.18 0 0.002527755316631032
0.24 0.19 0 0.0007299589467919915
0.24 0.2 0 0.00015391602771355862
0.24 0.21 0 0.00023096472792719813
0.24 0.22 0 0.00034812163012725496
0.24 0.23 0 0.0004429059362674462
0.24 0.24 0 0.00015308974050920476
0.24 0.25 0 0.00018170411199252857
0.24 0.26 0 1.0656232208994648e-05
0.24 0.27 0 0.0002815481885841947
0.24 0.28 0 0.00034490680533308995
0.24 0.29 0 0.00024419178367809214
0.24 0.3 0 0.0001042093806617102
0.24 0.31 0 0.003920201944214885
0.24 0.32 0 0.0007250730990744257
0.24 0.33 0 0.0015321277221217189
0.24 0.34 0 0.0023366478662660123
0.24 0.35000000000000003 0 0.01558620999310104
0.24 0.36 0 0.025651939215001106
0.24 0.37 0 0.009662103362226098
0.24 0.38 0 0.0007149513876176059
0.24 0.39 0 0.00041119804250586633
0.24 0.4 0 0.001958528531875962
0.24 0.41000000000000003 0 0.001906046565985326
0.24 0.42 0 0.01236434268563731
0.24 0.43 0 0.0088082422734694
0.24 0.44 0 0.00211326955566053
0.24 0.45 0 0.0018479672810605083
0.24 0.46 0 0.11834062165046508
0.24 0.47000000000000003 0 0.09938187469036493
0.24 0.48 0 0.14257379397545134
0.24 0.49 0 0.12945209713145825
0.24 0.5 0 0.07097709688938662
0.25 0.0 0 0.004767928287028326
0.25 0.01 0 0.00045971746971548645
0.25 0.02 0 0.0010985216802213951
0.25 0.03 0 0.014883964435411345
0.25 0.04 0 0.026626086431309502
0.25 0.05 0 0.058682118259843735
0.25 0.06 0 0.05453046226864844
0.25 0.07 0 0.02234847062904746
0.25 0.08 0 0.025418212971375156
0.25 0.09 0 0.033252760453467804
0.25 0.1 0 0.031006429519667734
0.25 0.11 0 0.05938056259065979
0.25 0.12 0 0.4024745700604164
0.25 0.13 0 0.01868273538794237
0.25 0.14 0 0.05384616716950768
0.25 0.15 0 0.09416498539439207
0.25 0.16 0 0.15865531102547314
0.25 0.17 0 0.003530430651615476
0.25 0.18 0 0.004768534852133492
0.25 0.19 0 9.21789958346571e-05
0.25 0.2 0 0.0006788123452247011
0.25 0.21 0 0.00021527249745549734
0.25 0.22 0 0.0001571063471211321
0.25 0.23 0 0.00011996309777613866
0.25 0.24 0 8.271091174848065e-05
0.25 0.25 0 1.496833329345716e-05
0.25 0.26 0 4.315007835682562e-06
0.25 0.27 0 3.815231145462111e-05
0.25 0.28 0 6.385007176574461e-05
0.25 0.29 0 0.00031843740909633594
0.25 0.3 0 0.0001037953266415387
0.25 0.31 0 0.003368877027239049
0.25 0.32 0 0.0037198857679480632
0.25 0.33 0 0.010519172647492983
0.25 0.34 0 0.0020816724659201073
0.25 0.35000000000000003 0 0.0010184066305911075
0.25 0.36 0 0.0009816069251353103
0.25 0.37 0 0.005752434056459516
0.25 0.38 0 0.002133628954662895
0.25 0.39 0 0.0007668709433738072
0.25 0.4 0 0.00022476991276024755
0.25 0.41000000000000003 0 0.0006317546084209541
0.25 0.42 0 0.0023763115495137118
0.25 0.43 0 0.007031128755515898
0.25 0.44 0 0.001771480982382527
0.25 0.45 0 0.0011455649249903245
0.25 0.46 0 0.001044637285242945
0.25 0.47000000000000003 0 0.008982532509993112
0.25 0.48 0 0.008775138885817841
0.25 0.49 0 0.005342649988539373
0.25 0.5 0 0.005489162340950315
0.26 0.0 0 9.769550495291568e-05
0.26 0.01 0 0.003930729481035257
0.26 0.02 0 0.03775297291567433
0.26 0.03 0 0.004048151673615095
0.26 0.04 0 0.018328292453689443
0.26 0.05 0 0.08019507741637942
0.26 0.06 0 0.19383236958448208
0.26 0.07 0 0.07559408276046772
0.26 0.08 0 0.6558295893539527
0.26 0.09 0 0.093782770910929
0.26 0.1 0 0.19631067257227797
0.26 0.11 0 0.11726165327681187
0.26 0.12 0 0.09559285792342541
0.26 0.13 0 0.22554483719165946
0.26 0.14 0 0.6113804489385578
0.26 0.15 0 1.0979478998172691
0.26 0.16 0 0.01649823716226067
0.26 0.17 0 0.041811021461382256
0.26 0.18 0 0.01812162409535916
0.26 0.19 0 0.04535447357020244
0.26 0.2 0 0.0018407662004185374
0.26 0.21 0 0.01014062850507795
0.26 0.22 0 0.009985002443267464
0.26 0.23 0 0.0013604148032889073
0.26 0.24 0 9.685829005351497e-05
0.26 0.25 0 4.7610443187644325e-05
0.26 0.26 0 0.00015035445281855227
0.26 0.27 0 8.981042459778043e-06
0.26 0.28 0 5.783798401198753e-05
0.26 0.29 0 0.00010572823134560543
0.26 0.3 0 5.131246654945161e-05
0.26 0.31 0 2.8941089202634465e-05
0.26 0.32 0 0.0006960848035311986
0.26 0.33 0 0.0039954512479816245
0.26 0.34 0 0.009217528505220946
0.26 0.35000000000000003 0 0.05023483240970981
0.26 0.36 0 0.0008932429196675769
0.26 0.37 0 0.00124101347601542
0.26 0.38 0 0.004954284978657115
0.26 0.39 0 0.002141797784666489
0.26 0.4 0 6.99763097041715e-05
0.26 0.41000000000000003 0 4.9402097219739934e-05
0.26 0.42 0 0.00012787816257414447
0.26 0.43 0 0.0002532884087120007
0.26 0.44 0 0.0045721298452105095
0.26 0.45 0 0.004552657895668427
0.26 0.46 0 0.016243410372839044
0.26 0.47000000000000003 0 0.006707573400276749
0.26 0.48 0 0.012527272821686879
0.26 0.49 0 0.0009689639194191131
0.26 0.5 0 0.0018452360282164336
0.27 0.0 0 0.00016152959444500054
0.27 0.01 0 0.00027956323929938644
0.27 0.02 0 0.0006122567481107828
0.27 0.03 0 0.014736762548806775
0.27 0.04 0 0.016985334217309522
0.27 0.05 0 0.7041099486224126
0.27 0.06 0 0.10507279550003747
0.27 0.07 0 0.49700046977877327
0.27 0.08 0 0.45297035777607997
0.27 0.09 0 0.395951224106625
0.27 0.1 0 0.579630560171146
0.27 0.11 0 0.06407476187470297
0.27 0.12 0 0.018414186548496497
0.27 0.13 0 0.0315005745259017
0.27 0.14 0 0.061525482768618
0.27 0.15 0 0.04169606465047905
0.27 0.16 0 0.030528377513516485
0.27 0.17 0 0.059004379973018994
0.27 0.18 0 0.03226828379466015
0.27 0.19 0 0.06985028008313333
0.27 0.2 0 0.0015380155990305949
0.27 0.21 0 0.0006790549668157919
0.27 0.22 0 7.325671998914112e-05
0.27 0.23 0 8.547851022340785e-05
0.27 0.24 0 0.00012869199667742175
0.27 0.25 0 0.000528732005277769
0.27 0.26 0 5.459534844638711e-05
0.27 0.27 0 2.9485515558409887e-06
0.27 0.28 0 1.7254045339800556e-05
0.27 0.29 0 3.883594482451496e-06
0.27 0.3 0 7.796862445030265e-05
0.27 0.31 0 0.00098082133602596
0.27 0.32 0 0.0036806526273542653
0.27 0.33 0 0.0003122319665839262
0.27 0.34 0 0.003811650452754996
0.27 0.35000000000000003 0 0.0009514533289473597
0.27 0.36 0 0.006103211864929641
0.27 0.37 0 0.02370662881258622
0.27 0.38 0 0.003113881651465375
0.27 0.39 0 3.892621161999706e-05
0.27 0.4 0 6.084333396095256e-05
0.27 0.41000000000000003 0 7.240850490948308e-05
0.27 0.42 0 2.6810508059968505e-05
0.27 0.43 0 0.0003739383204787175
0.27 0.44 0 0.0013672443327228834
0.27 0.45 0 0.00029035015041559847
0.27 0.46 0 0.0005712981897430165
0.27 0.47000000000000003 0 0.0018360345362364947
0.27 0.48 0 0.0003904147845830926
0.27 0.49 0 0.00047804829851257584
0.27 0.5 0 0.0011103815933981044
0.28 0.0 0 0.01795276491789044
0.28 0.01 0 0.0023486380700385944
0.28 0.02 0 0.0004928221705804208
0.28 0.03 0 0.010293435041368969
0.28 0.04 0 0.003727158369645876
0.28 0.05 0 0.013126050984065874
0.28 0.06 0 0.04878006120796501
0.28 0.07 0 0.649208047683355
0.28 0.08 0 3.4507856405200563
0.28 0.09 0 9.267716940317387
0.28 0.1 0 0.30350569758317286
0.28 0.11 0 0.2817461266123074
0.28 0.12 0 0.02432817347251466
0.28 0.13 0 0.004661794677437028
0.28 0.14 0 0.007149109484976986
0.28 0.15 0 0.20505944987918023
0.28 0.16 0 0.14379100844020545
0.28 0.17 0 0.03998842911081489
0.28 0.18 0 0.01959825098640972
0.28 0.19 0 0.013031106357392633
0.28 0.2 0 0.01409100985499789
0.28 0.21 0 0.0009989829231590868
0.28 0.22 0 0.00013437614264466205
0.28 0.23 0 2.752391476362158e-05
0.28 0.24 0 1.9776261465320683e-05
0.28 0.25 0 1.4645574250222987e-06
0.28 0.26 0 7.391154330352438e-07
0.28 0.27 0 1.953012805458038e-06
0.28 0.28 0 3.898701249224817e-06
0.28 0.29 0 5.588602500580392e-05
0.28 0.3 0 3.38973057142672e-05
0.28 0.31 0 0.0019320435656454886
0.28 0.32 0 0.0022076879435945283
0.28 0.33 0 0.0023225452822393878
0.28 0.34 0 0.0022505168306948837
0.28 0.35000000000000003 0 0.022214373048530113
0.28 0.36 0 0.011294026508318709
0.28 0.37 0 0.0038199454828684513
0.28 0.38 0 0.004687764722324458
0.28 0.39 0 0.0016096737499340962
0.28 0.4 0 0.019739756405483002
0.28 0.41000000000000003 0 0.0005615717643268881
0.28 0.42 0 0.0006608628902196397
0.28 0.43 0 0.0003499655887052575
0.28 0.44 0 0.0024206410499693107
0.28 0.45 0 0.0007018688499535123
0.28 0.46 0 0.012155770856389525
0.28 0.47000000000000003 0 0.0033651272103834215
0.28 0.48 0 0.0013693566775664994
0.28 0.49 0 0.0007165970827731549
0.28 0.5 0 0.001910123728474539
0.29 0.0 0 0.00029544667764844744
0.29 0.01 0 0.002160927429158425
0.29 0.02 0 0.0009001762140201411
0.29 0.03 0 0.005010858931421272
0.29 0.04 0 0.003944051564844178
0.29 0.05 0 0.020135559651055696
0.29 0.06 0 0.06824266352225714
0.29 0.07 0 1.1623240002816735
0.29 0.08 0 0.5207683656556457
0.29 0.09 0 0.09024817736762816
0.29 0.1 0 0.02481076727429283
0.29 0.11 0 0.15996665572566346
0.29 0.12 0 1.0589797117064659
0.29 0.13 0 0.2436305291887847
0.29 0.14 0 0.2365965792417522
0.29 0.15 0 0.3879442885711246
0.29 0.16 0 0.060642361077466754
0.29 0.17 0 0.006826181511022113
0.29 0.18 0 0.03756399577334448
0.29 0.19 0 0.013268217752923653
0.29 0.2 0 0.0577088578779461
0.29 0.21 0 0.007600867412532507
0.29 0.22 0 0.00015693633775772984
0.29 0.23 0 1.1321446724889408e-05
0.29 0.24 0 0.000175370842916984
0.29 0.25 0 1.5787556428664e-05
0.29 0.26 0 1.2510312137084717e-05
0.29 0.27 0 6.387628377788666e-05
0.29 0.28 0 5.100413170787998e-06
0.29 0.29 0 1.6244836333243208e-06
0.29 0.3 0 6.86347596999099e-06
0.29 0.31 0 4.4400570643364174e-05
0.29 0.32 0 0.00013111505230868118
0.29 0.33 0 0.005115033581246863
0.29 0.34 0 0.001552141895977329
0.29 0.35000000000000003 0 0.003853693856462843
0.29 0.36 0 0.01675739961550625
0.29 0.37 0 0.013917532601806715
0.29 0.38 0 0.010552460388934945
0.29 0.39 0 0.005553888873067406
0.29 0.4 0 0.0015812678907040291
0.29 0.41000000000000003 0 0.0009689513477998062
0.29 0.42 0 0.0031296203871961454
0.29 0.43 0 0.001660616986883818
0.29 0.44 0 0.004637105529949303
0.29 0.45 0 0.00044429345397895096
0.29 0.46 0 5.9064610509557746e-05
0.29 0.47000000000000003 0 0.00030362016211412654
0.29 0.48 0 0.0025406926658597126
0.29 0.49 0 0.001942003846667636
0.29 0.5 0 0.003770827555505543
0.3 0.0 0 0.002281113542639921
0.3 0.01 0 0.0012618111852652058
0.3 0.02 0 0.02519351561782595
0.3 0.03 0 0.11996682008634889
0.3 0.04 0 0.14097881541543594
0.3 0.05 0 0.10290782592966059
0.3 0.06 0 0.23878499415581467
0.3 0.07 0 0.04636898831036214
0.3 0.08 0 0.7979329690820816
0.3 0.09 0 0.3615357745868243
0.3 0.1 0 0.14515178729190809
0.3 0.11 0 0.031167384349114445
0.3 0.12 0 0.15460724164437983
0.3 0.13 0 0.17369770269620374
0.3 0.14 0 0.046269502429690544
0.3 0.15 0 0.0036068385009216265
0.3 0.16 0 0.010663690213330407
0.3 0.17 0 0.010481818251752663
0.3 0.18 0 0.015391482873918274
0.3 0.19 0 0.006633487030583623
0.3 0.2 0 0.012159350825871586
0.3 0.21 0 0.014916966838577564
0.3 0.22 0 0.01681919532549258
0.3 0.23 0 0.00033759456092247056
0.3 0.24 0 8.719258360542644e-05
0.3 0.25 0 3.9611932991014095e-05
0.3 0.26 0 5.968585518438828e-05
0.3 0.27 0 6.524356941729067e-05
0.3 0.28 0 7.440616673459394e-05
0.3 0.29 0 2.5630519863990862e-05
0.3 0.3 0 5.570426627091347e-06
0.3 0.31 0 2.5111834695509495e-05
0.3 0.32 0 4.143153974340463e-05
0.3 0.33 0 0.0014557647991542781
0.3 0.34 0 0.008078011105950288
0.3 0.35000000000000003 0 0.0058001464168224975
0.3 0.36 0 0.0003475064023692829
0.3 0.37 0 0.019107086147695924
0.3 0.38 0 0.015051813505496678
0.3 0.39 0 0.018561006382795273
0.3 0.4 0 0.005487443317702022
0.3 0.41000000000000003 0 0.008193875519352372
0.3 0.42 0 0.0006395530443040397
0.3 0.43 0 7.427070561843049e-05
0.3 0.44 0 1.403084096483995e-05
0.3 0.45 0 0.00014860705995192313
0.3 0.46 0 0.0001816994327803809
0.3 0.47000000000000003 0 0.00016473482105466006
0.3 0.48 0 0.0006532526322817965
0.3 0.49 0 0.0026532437489051697
0.3 0.5 0 0.0047760325471628545
#STOP
