#MEDIUM_PROPERTIES_DISTRIBUTED
$MSH_TYPE
	 RICHARDS_FLOW	
$MMP_TYPE
	 PERMEABILITY	
$DIS_TYPE
	 NEAREST_VALUE	
;hj
$CONVERSION_FACTOR
	 2.0e-8	
$DATA
0.0 0.0 0 7.689629983460402
0.0 0.01 0 4.171778723012603
0.0 0.02 0 1.280814258537287
0.0 0.03 0 5.620330765556428
0.0 0.04 0 18.90818294718014
0.0 0.05 0 0.7011169579686402
0.0 0.06 0 0.40751122624276603
0.0 0.07 0 1.7811022400491772
0.0 0.08 0 2.0605473192547596
0.0 0.09 0 20.136052694349573
0.0 0.1 0 1.146743605625198
0.0 0.11 0 0.3196237691836879
0.0 0.12 0 3.0090793119825503
0.0 0.13 0 0.43550595598452374
0.0 0.14 0 1.076209761185566
0.0 0.15 0 0.6433603723954083
0.0 0.16 0 0.8952979233282197
0.0 0.17 0 1.65115239485916
0.0 0.18 0 0.3519146616901753
0.0 0.19 0 0.47098818279238935
0.0 0.2 0 0.028561648933726782
0.0 0.21 0 0.012059834778635571
0.0 0.22 0 0.011795734023686132
0.0 0.23 0 0.0064656723523680544
0.0 0.24 0 0.0015761282732829087
0.0 0.25 0 0.0036513102725668476
0.0 0.26 0 0.0073383355753066665
0.0 0.27 0 0.018822573672452266
0.0 0.28 0 0.0014998980614201033
0.0 0.29 0 0.0014492563334827235
0.0 0.3 0 0.005809680506788025
0.0 0.31 0 0.014202464570321042
0.0 0.32 0 0.0036291429086094673
0.0 0.33 0 0.015822054645700155
0.0 0.34 0 0.07582031096855052
0.0 0.35000000000000003 0 0.05193870526619236
0.0 0.36 0 0.01644807295311085
0.0 0.37 0 0.007449792070431441
0.0 0.38 0 0.037355655223850336
0.0 0.39 0 0.08126997316697276
0.0 0.4 0 0.21638390146993586
0.0 0.41000000000000003 0 0.5577017510406609
0.0 0.42 0 0.5875178950317961
0.0 0.43 0 1.8292796312559272
0.0 0.44 0 0.1541042870298797
0.0 0.45 0 0.4939535142241656
0.0 0.46 0 2.3055363702207137
0.0 0.47000000000000003 0 0.4388060354108393
0.0 0.48 0 0.25576642190287596
0.0 0.49 0 0.04579855223452141
0.0 0.5 0 0.11615069767273424
0.01 0.0 0 12.199446015693365
0.01 0.01 0 9.406245135406204
0.01 0.02 0 25.333352277486902
0.01 0.03 0 10.29801908283563
0.01 0.04 0 1.265641911495574
0.01 0.05 0 0.7404328230242577
0.01 0.06 0 0.03418160081976829
0.01 0.07 0 0.4759608575935192
0.01 0.08 0 3.438368870996986
0.01 0.09 0 1.2300961857882846
0.01 0.1 0 0.34973376844927456
0.01 0.11 0 0.055752828625302335
0.01 0.12 0 0.09976807670225347
0.01 0.13 0 0.02234095498439911
0.01 0.14 0 0.10643754222061891
0.01 0.15 0 0.020376615727927185
0.01 0.16 0 0.04209009076047169
0.01 0.17 0 0.014473628170437267
0.01 0.18 0 0.017304312612957864
0.01 0.19 0 0.02323182067899599
0.01 0.2 0 0.0007249682563700393
0.01 0.21 0 0.0027233043521631578
0.01 0.22 0 0.0015134765486227403
0.01 0.23 0 0.00299264452240908
0.01 0.24 0 0.00047477987190652565
0.01 0.25 0 0.0025803083645542617
0.01 0.26 0 0.007278479320727762
0.01 0.27 0 0.0036730420354582844
0.01 0.28 0 0.0010967663509509511
0.01 0.29 0 0.0025886113399045665
0.01 0.3 0 0.005151869021566143
0.01 0.31 0 0.003823984238525424
0.01 0.32 0 0.0009579847083644253
0.01 0.33 0 0.0005600115674880251
0.01 0.34 0 0.002308297753967928
0.01 0.35000000000000003 0 0.002552500892331604
0.01 0.36 0 0.009259437448681535
0.01 0.37 0 0.024206320728125775
0.01 0.38 0 0.00879407818925869
0.01 0.39 0 0.0359512856181885
0.01 0.4 0 0.04956248167475277
0.01 0.41000000000000003 0 1.370782294112663
0.01 0.42 0 1.123690125075888
0.01 0.43 0 0.2521710170561395
0.01 0.44 0 0.2625399661235584
0.01 0.45 0 0.5721188137432597
0.01 0.46 0 2.5835256854077286
0.01 0.47000000000000003 0 0.8089146818560724
0.01 0.48 0 0.05264004231439392
0.01 0.49 0 0.04613823613445931
0.01 0.5 0 0.43085128211396584
0.02 0.0 0 2.4706990663774575
0.02 0.01 0 1.4194316565319132
0.02 0.02 0 3.335466235589461
0.02 0.03 0 2.230544305669143
0.02 0.04 0 0.6170731057341367
0.02 0.05 0 0.39730894069530254
0.02 0.06 0 0.7539196788548874
0.02 0.07 0 0.37701585234883606
0.02 0.08 0 0.7283570325758906
0.02 0.09 0 5.076769487575875
0.02 0.1 0 6.963261945647233
0.02 0.11 0 0.5269044734664796
0.02 0.12 0 0.10655297428596415
0.02 0.13 0 0.051208751828663704
0.02 0.14 0 0.07605239897262334
0.02 0.15 0 0.11429117039210968
0.02 0.16 0 0.07820434965224686
0.02 0.17 0 0.04081890345904333
0.02 0.18 0 0.01421813602122463
0.02 0.19 0 0.003121569033928059
0.02 0.2 0 0.013221302835294066
0.02 0.21 0 0.011751608271973498
0.02 0.22 0 0.006971041066463616
0.02 0.23 0 0.009459712592536284
0.02 0.24 0 0.002441212627811912
0.02 0.25 0 0.0012855955929822
0.02 0.26 0 0.00032543573121466835
0.02 0.27 0 0.0009948629569044602
0.02 0.28 0 0.0009235770705301562
0.02 0.29 0 0.0010849617571204746
0.02 0.3 0 0.0008057356718871303
0.02 0.31 0 0.000115365230678954
0.02 0.32 0 0.00010146420898083691
0.02 0.33 0 0.00013615142241880614
0.02 0.34 0 2.909425613932306e-05
0.02 0.35000000000000003 0 0.00045854082847110613
0.02 0.36 0 0.0004696106285069532
0.02 0.37 0 0.015378685999117854
0.02 0.38 0 0.01906505859315675
0.02 0.39 0 0.0015462062233551827
0.02 0.4 0 0.00700866019286894
0.02 0.41000000000000003 0 0.031989134885350635
0.02 0.42 0 0.8174327601879912
0.02 0.43 0 0.17462946515615846
0.02 0.44 0 0.11331630140049585
0.02 0.45 0 0.2672161919365458
0.02 0.46 0 0.38298995269764313
0.02 0.47000000000000003 0 0.2490241201397552
0.02 0.48 0 0.15385220133172012
0.02 0.49 0 0.17554159405305433
0.02 0.5 0 0.21356980553005064
0.03 0.0 0 3.7578697454580983
0.03 0.01 0 0.1677374682764979
0.03 0.02 0 0.14438701649088903
0.03 0.03 0 0.0870824117663508
0.03 0.04 0 0.1991956775198405
0.03 0.05 0 0.9025624192756763
0.03 0.06 0 4.367993511730791
0.03 0.07 0 1.7895468546786804
0.03 0.08 0 1.5752940370225579
0.03 0.09 0 0.3247946103377566
0.03 0.1 0 1.6397825995106712
0.03 0.11 0 12.144721555933835
0.03 0.12 0 0.18645637782335148
0.03 0.13 0 0.4161272532749939
0.03 0.14 0 0.01901024853443011
0.03 0.15 0 0.3023907107805054
0.03 0.16 0 0.31592453753803906
0.03 0.17 0 0.0327748477423669
0.03 0.18 0 0.17134317047948877
0.03 0.19 0 0.0022584296522612382
0.03 0.2 0 0.023548497232258686
0.03 0.21 0 0.08525753199982088
0.03 0.22 0 0.023466749567646994
0.03 0.23 0 0.0012825832350472797
0.03 0.24 0 0.00042140977172553485
0.03 0.25 0 0.00025078623898507627
0.03 0.26 0 0.00015749448053604799
0.03 0.27 0 0.0004245031974829515
0.03 0.28 0 0.00018391158507373155
0.03 0.29 0 0.0003050813320853223
0.03 0.3 0 8.459032484643659e-06
0.03 0.31 0 4.887599457420826e-06
0.03 0.32 0 1.025010733086212e-05
0.03 0.33 0 8.140023629237178e-05
0.03 0.34 0 3.6539259212703816e-05
0.03 0.35000000000000003 0 0.0001592839406971673
0.03 0.36 0 0.0006595847880180505
0.03 0.37 0 0.005886315828319036
0.03 0.38 0 0.004193591610438246
0.03 0.39 0 0.00037649113069499477
0.03 0.4 0 0.0022290819020286314
0.03 0.41000000000000003 0 0.005818406205981391
0.03 0.42 0 0.43863110793971904
0.03 0.43 0 0.21021663541940108
0.03 0.44 0 0.03532260860035874
0.03 0.45 0 0.014953647067696446
0.03 0.46 0 0.02839353753906565
0.03 0.47000000000000003 0 0.06515036293833341
0.03 0.48 0 0.4256651854111126
0.03 0.49 0 0.8412388536099739
0.03 0.5 0 0.46694452722561697
0.04 0.0 0 7.923301702418006
0.04 0.01 0 0.20585883009974756
0.04 0.02 0 0.32650752702424785
0.04 0.03 0 0.19763249425035215
0.04 0.04 0 0.8578782524683322
0.04 0.05 0 0.8676020122405738
0.04 0.06 0 0.9835617213565347
0.04 0.07 0 0.13474941796447917
0.04 0.08 0 0.37040561736905264
0.04 0.09 0 0.6678993786768835
0.04 0.1 0 0.023795058359371467
0.04 0.11 0 0.029243539489607725
0.04 0.12 0 0.006577050950439758
0.04 0.13 0 0.03664130506320168
0.04 0.14 0 0.004473492847486399
0.04 0.15 0 0.0070048107579774345
0.04 0.16 0 0.11759476259221192
0.04 0.17 0 0.20308997899138304
0.04 0.18 0 0.08744893143786933
0.04 0.19 0 0.022152424953787952
0.04 0.2 0 0.011999470788007423
0.04 0.21 0 0.002579471684934062
0.04 0.22 0 0.007314832730094783
0.04 0.23 0 0.001963987925991168
0.04 0.24 0 0.004263357761598151
0.04 0.25 0 0.01708445171497852
0.04 0.26 0 0.006065963628013692
0.04 0.27 0 0.005624791197058538
0.04 0.28 0 0.0004611668475236801
0.04 0.29 0 0.00043946023877864087
0.04 0.3 0 0.00013500292383373394
0.04 0.31 0 0.00038783689914548
0.04 0.32 0 0.00010217539679776458
0.04 0.33 0 0.00015560652483166297
0.04 0.34 0 0.00019110079077595195
0.04 0.35000000000000003 0 9.352298956939632e-05
0.04 0.36 0 0.00048237809299565035
0.04 0.37 0 0.0011488542599258581
0.04 0.38 0 0.0015342002815084855
0.04 0.39 0 0.0013993650809449565
0.04 0.4 0 0.0037024836979182873
0.04 0.41000000000000003 0 0.025405600723624962
0.04 0.42 0 0.010110031567931946
0.04 0.43 0 0.012155295797218758
0.04 0.44 0 0.006844324018497964
0.04 0.45 0 0.017284783706436265
0.04 0.46 0 0.08065598930431044
0.04 0.47000000000000003 0 0.03183072343554365
0.04 0.48 0 4.386694832269078
0.04 0.49 0 0.4483809173711009
0.04 0.5 0 0.09518754768476102
0.05 0.0 0 4.431001975982048
0.05 0.01 0 2.030109566650305
0.05 0.02 0 0.19943606049596826
0.05 0.03 0 0.3722738335850572
0.05 0.04 0 2.0706325400824817
0.05 0.05 0 0.6896021278883089
0.05 0.06 0 0.07440245696053033
0.05 0.07 0 0.005386337881616032
0.05 0.08 0 0.029165859772328113
0.05 0.09 0 0.0033602994547710647
0.05 0.1 0 0.0009922725499278548
0.05 0.11 0 0.0009692159484118481
0.05 0.12 0 0.00240791841911796
0.05 0.13 0 0.003423427313486271
0.05 0.14 0 0.0014384274140374596
0.05 0.15 0 0.0015178214833684964
0.05 0.16 0 0.013227132612007015
0.05 0.17 0 0.028000107297540905
0.05 0.18 0 0.0014521392953675914
0.05 0.19 0 0.006629145373916067
0.05 0.2 0 0.00037448897720885585
0.05 0.21 0 0.0001763206652124393
0.05 0.22 0 4.393590233793913e-05
0.05 0.23 0 0.00017183654641629117
0.05 0.24 0 0.0041645848053526125
0.05 0.25 0 0.0022868415215016413
0.05 0.26 0 0.009656781331640142
0.05 0.27 0 0.0059217297414843285
0.05 0.28 0 0.000653233955956104
0.05 0.29 0 0.001083685027222109
0.05 0.3 0 0.0015519464837453125
0.05 0.31 0 0.004545763572514376
0.05 0.32 0 0.0016701337446917125
0.05 0.33 0 0.00016144417607769486
0.05 0.34 0 8.694554748792562e-05
0.05 0.35000000000000003 0 0.00028802379090416447
0.05 0.36 0 0.0013476509911219674
0.05 0.37 0 0.00868742226480861
0.05 0.38 0 0.0016476729820468657
0.05 0.39 0 0.003740459773055898
0.05 0.4 0 0.0038513886023741487
0.05 0.41000000000000003 0 0.04104956174450841
0.05 0.42 0 0.002933381121886255
0.05 0.43 0 0.004642902879991421
0.05 0.44 0 0.019966030148332873
0.05 0.45 0 0.017661133037318633
0.05 0.46 0 0.6787801081053252
0.05 0.47000000000000003 0 0.18381968817489994
0.05 0.48 0 0.19010640987297733
0.05 0.49 0 0.03640266335068944
0.05 0.5 0 0.03619465070523252
0.06 0.0 0 0.33871406934374415
0.06 0.01 0 0.14963951450021287
0.06 0.02 0 0.16639617314426441
0.06 0.03 0 0.3817024781189091
0.06 0.04 0 0.3377021172420306
0.06 0.05 0 0.1357084226818528
0.06 0.06 0 0.26815135467582474
0.06 0.07 0 0.07553888998030692
0.06 0.08 0 0.024889576633697078
0.06 0.09 0 0.0013015914087746467
0.06 0.1 0 0.0026712083318796392
0.06 0.11 0 0.0019832277275311392
0.06 0.12 0 0.02466073452429807
0.06 0.13 0 0.0007295089082634868
0.06 0.14 0 0.0018789657571241793
0.06 0.15 0 0.0038980070598447565
0.06 0.16 0 0.00022312198319770864
0.06 0.17 0 0.0019374388251019769
0.06 0.18 0 0.00020954088789480418
0.06 0.19 0 0.0013600612370084431
0.06 0.2 0 0.0001988269696733911
0.06 0.21 0 0.00012227701801535964
0.06 0.22 0 0.0006088534053333213
0.06 0.23 0 0.003226180844347005
0.06 0.24 0 0.0067211940277509645
0.06 0.25 0 0.002478478883615499
0.06 0.26 0 0.0011205198241921726
0.06 0.27 0 0.0023911718980120025
0.06 0.28 0 0.011426178070109132
0.06 0.29 0 0.00220594770454116
0.06 0.3 0 0.0024943631969077218
0.06 0.31 0 0.0018806132618449651
0.06 0.32 0 0.002422706122409502
0.06 0.33 0 0.0031403370826007643
0.06 0.34 0 0.000608659065345899
0.06 0.35000000000000003 0 0.016891380625405253
0.06 0.36 0 0.03863319841317534
0.06 0.37 0 0.7255663184129382
0.06 0.38 0 0.11085618105201189
0.06 0.39 0 0.05327611166748815
0.06 0.4 0 0.007052436317128752
0.06 0.41000000000000003 0 0.010333181464128916
0.06 0.42 0 0.024939341095678122
0.06 0.43 0 0.004355838672137619
0.06 0.44 0 0.05707903833593153
0.06 0.45 0 0.05737385624311325
0.06 0.46 0 0.023712495256312617
0.06 0.47000000000000003 0 0.02636018281689747
0.06 0.48 0 0.017895996364572418
0.06 0.49 0 0.11834234493771344
0.06 0.5 0 0.11263631075722418
0.07 0.0 0 0.9117483484496252
0.07 0.01 0 0.9456785424773547
0.07 0.02 0 1.041680123754977
0.07 0.03 0 1.0140762339955127
0.07 0.04 0 4.082195218090889
0.07 0.05 0 0.2593279511526027
0.07 0.06 0 0.25336088471002693
0.07 0.07 0 0.08091248729539466
0.07 0.08 0 0.01085925719146062
0.07 0.09 0 0.0205577707951346
0.07 0.1 0 0.017721219836464342
0.07 0.11 0 0.11326219754130412
0.07 0.12 0 0.21711428876581002
0.07 0.13 0 0.008464178789854485
0.07 0.14 0 0.008698516442213092
0.07 0.15 0 0.0046638074561185065
0.07 0.16 0 0.0041742138560756795
0.07 0.17 0 0.008980593062698343
0.07 0.18 0 0.028234834028052918
0.07 0.19 0 0.019479074722253437
0.07 0.2 0 0.002038425210891783
0.07 0.21 0 0.0006600669024575972
0.07 0.22 0 0.0032107646801468794
0.07 0.23 0 0.00722413792798228
0.07 0.24 0 0.0037127532422081906
0.07 0.25 0 0.030421851163717338
0.07 0.26 0 0.024521960818124244
0.07 0.27 0 0.015414551150379216
0.07 0.28 0 0.005853633748925135
0.07 0.29 0 0.0028795377278474127
0.07 0.3 0 0.0030771440624246305
0.07 0.31 0 0.0012569258684189497
0.07 0.32 0 0.002550273048624597
0.07 0.33 0 0.04973808953893141
0.07 0.34 0 0.008661724618300105
0.07 0.35000000000000003 0 0.009399247339602774
0.07 0.36 0 0.0641203986762402
0.07 0.37 0 0.15933323787669373
0.07 0.38 0 0.01251504066230148
0.07 0.39 0 0.017618212857529618
0.07 0.4 0 0.047597652157390244
0.07 0.41000000000000003 0 0.011673780683203083
0.07 0.42 0 0.0246344849714428
0.07 0.43 0 0.014320674492365234
0.07 0.44 0 0.023157537826696536
0.07 0.45 0 0.0212748983105409
0.07 0.46 0 0.006555567510258628
0.07 0.47000000000000003 0 0.05781303470593245
0.07 0.48 0 0.05795945565239013
0.07 0.49 0 0.34010083183255546
0.07 0.5 0 0.2765284618254897
0.08 0.0 0 1.59615629710816
0.08 0.01 0 1.639698729064397
0.08 0.02 0 35.06807256657101
0.08 0.03 0 2.380023915589737
0.08 0.04 0 21.81184506222777
0.08 0.05 0 0.38193086459003034
0.08 0.06 0 0.07151629379358125
0.08 0.07 0 0.6242638566127151
0.08 0.08 0 0.03870024663685849
0.08 0.09 0 0.038981316221792045
0.08 0.1 0 0.0022922152021273576
0.08 0.11 0 0.0035326125854499525
0.08 0.12 0 0.006131652779596314
0.08 0.13 0 0.00989566224275548
0.08 0.14 0 0.0036275981773277563
0.08 0.15 0 0.002540443895575246
0.08 0.16 0 0.026546905248514375
0.08 0.17 0 0.03446080815663305
0.08 0.18 0 0.9074556372058252
0.08 0.19 0 0.06960868104790931
0.08 0.2 0 0.11315054446787862
0.08 0.21 0 0.04710431339631874
0.08 0.22 0 0.028340747820124086
0.08 0.23 0 0.10152652794725893
0.08 0.24 0 0.018680262001724488
0.08 0.25 0 0.33739148339455427
0.08 0.26 0 0.049797175181035935
0.08 0.27 0 0.05748417276090083
0.08 0.28 0 0.05302059710485018
0.08 0.29 0 0.0027509562108996312
0.08 0.3 0 0.002907770238790508
0.08 0.31 0 0.016144606575417303
0.08 0.32 0 0.0036035078682128113
0.08 0.33 0 0.006024227845509287
0.08 0.34 0 0.0028956148387800228
0.08 0.35000000000000003 0 0.0034534693559426957
0.08 0.36 0 0.06169502494009807
0.08 0.37 0 0.01162635178139903
0.08 0.38 0 0.025959629052368226
0.08 0.39 0 0.020798509258807808
0.08 0.4 0 0.009422423785258854
0.08 0.41000000000000003 0 0.07179360326362376
0.08 0.42 0 0.0348933886737134
0.08 0.43 0 0.19465308512601434
0.08 0.44 0 0.22900717051320105
0.08 0.45 0 0.09901817397011792
0.08 0.46 0 0.2001962159679346
0.08 0.47000000000000003 0 0.7809535617417275
0.08 0.48 0 1.6553025942091186
0.08 0.49 0 0.36246708654127674
0.08 0.5 0 0.12476916921999062
0.09 0.0 0 0.6185581497871809
0.09 0.01 0 3.039647967115134
0.09 0.02 0 7.9210820312413555
0.09 0.03 0 7.362192826622313
0.09 0.04 0 2.315386125134737
0.09 0.05 0 0.03492177294654252
0.09 0.06 0 0.1589019606816688
0.09 0.07 0 0.18157928490475628
0.09 0.08 0 0.16167986517314997
0.09 0.09 0 0.033194218707400386
0.09 0.1 0 0.005678940967954981
0.09 0.11 0 0.007787186060466083
0.09 0.12 0 0.013054181487579202
0.09 0.13 0 0.08199124731678227
0.09 0.14 0 0.13185421015665666
0.09 0.15 0 0.14721664790091377
0.09 0.16 0 0.08131312005536319
0.09 0.17 0 0.2708019837887381
0.09 0.18 0 1.0995903093104007
0.09 0.19 0 0.7871850645103744
0.09 0.2 0 0.8935169870845405
0.09 0.21 0 0.649645244236915
0.09 0.22 0 0.4646618625268642
0.09 0.23 0 2.301476950898431
0.09 0.24 0 0.5278614840647058
0.09 0.25 0 0.3472931991766737
0.09 0.26 0 1.5192331382712438
0.09 0.27 0 1.7723542362793376
0.09 0.28 0 1.0918078739716204
0.09 0.29 0 0.541060656585398
0.09 0.3 0 0.2824455439483953
0.09 0.31 0 0.9938081687466588
0.09 0.32 0 0.14525608390949873
0.09 0.33 0 0.005322747910460009
0.09 0.34 0 0.007096047112365242
0.09 0.35000000000000003 0 0.05007264260815593
0.09 0.36 0 0.1850899121091939
0.09 0.37 0 0.05084004690599095
0.09 0.38 0 0.0033697268095374236
0.09 0.39 0 0.014612168701584227
0.09 0.4 0 0.0033101370083205377
0.09 0.41000000000000003 0 0.005797250877969656
0.09 0.42 0 0.013135162436073714
0.09 0.43 0 0.15651639286601485
0.09 0.44 0 0.7182309810227485
0.09 0.45 0 0.3226286459295517
0.09 0.46 0 1.0742708199777145
0.09 0.47000000000000003 0 0.2584615260422343
0.09 0.48 0 0.9213410677193172
0.09 0.49 0 0.16865666535545218
0.09 0.5 0 0.36846189612741403
0.1 0.0 0 0.2585774479282341
0.1 0.01 0 0.33023534109066044
0.1 0.02 0 0.74390307673587
0.1 0.03 0 0.7118536663494617
0.1 0.04 0 0.2667756636952696
0.1 0.05 0 0.1286739037141045
0.1 0.06 0 0.41491399229101555
0.1 0.07 0 0.10432760966881555
0.1 0.08 0 0.16242859883121358
0.1 0.09 0 0.002738251273453678
0.1 0.1 0 0.05615538008979401
0.1 0.11 0 0.041811411928566404
0.1 0.12 0 0.8420933691657504
0.1 0.13 0 2.5393985547697118
0.1 0.14 0 1.698404582610044
0.1 0.15 0 14.058297814863414
0.1 0.16 0 0.2756554044190341
0.1 0.17 0 8.330377608959283
0.1 0.18 0 10.48354815213774
0.1 0.19 0 17.309645493087444
0.1 0.2 0 4.7945866511335264
0.1 0.21 0 14.822404991471581
0.1 0.22 0 18.045501228186616
0.1 0.23 0 4.20915469136699
0.1 0.24 0 2.471008435914706
0.1 0.25 0 0.45748187770738935
0.1 0.26 0 1.9325169960805104
0.1 0.27 0 2.9302631271399138
0.1 0.28 0 3.4661595345165153
0.1 0.29 0 0.9344510602135209
0.1 0.3 0 0.7747656156717649
0.1 0.31 0 1.0190966140825328
0.1 0.32 0 0.4208623822517116
0.1 0.33 0 0.5066821559495163
0.1 0.34 0 0.1430170312606622
0.1 0.35000000000000003 0 0.6845337097891829
0.1 0.36 0 0.15762497318220225
0.1 0.37 0 0.10317937070279198
0.1 0.38 0 0.01557945558349038
0.1 0.39 0 0.02253673222749524
0.1 0.4 0 0.0013162339102236879
0.1 0.41000000000000003 0 0.004390652003624619
0.1 0.42 0 0.048763009145357125
0.1 0.43 0 0.065455096057921
0.1 0.44 0 0.2616003141912705
0.1 0.45 0 0.049003493538247206
0.1 0.46 0 0.07608698831657942
0.1 0.47000000000000003 0 0.050030620411093296
0.1 0.48 0 0.09773707731219321
0.1 0.49 0 0.03611654750804193
0.1 0.5 0 0.12410692121560334
0.11 0.0 0 0.8998197506279731
0.11 0.01 0 0.6873215550968849
0.11 0.02 0 0.29615197122427306
0.11 0.03 0 0.46129952147038755
0.11 0.04 0 0.049103452212025424
0.11 0.05 0 0.06602366590030828
0.11 0.06 0 1.3962219943586343
0.11 0.07 0 0.13828971991972677
0.11 0.08 0 0.2153628035626809
0.11 0.09 0 0.031336195151330445
0.11 0.1 0 0.1926570071228967
0.11 0.11 0 0.131590714761457
0.11 0.12 0 0.6715238524786669
0.11 0.13 0 0.7589475838436446
0.11 0.14 0 0.6133911324316345
0.11 0.15 0 2.268103478496035
0.11 0.16 0 7.233199388291092
0.11 0.17 0 16.455586312546778
0.11 0.18 0 7.48349904376487
0.11 0.19 0 29.686751406107415
0.11 0.2 0 3.1150574180821233
0.11 0.21 0 11.598420014919247
0.11 0.22 0 33.72125690683931
0.11 0.23 0 46.471385136361775
0.11 0.24 0 29.160689792932587
0.11 0.25 0 6.550344612071767
0.11 0.26 0 8.585469259897016
0.11 0.27 0 5.336275733849811
0.11 0.28 0 0.5196992892449972
0.11 0.29 0 0.30909663223831685
0.11 0.3 0 0.7321227167398806
0.11 0.31 0 0.25444331031949846
0.11 0.32 0 0.10552664363160917
0.11 0.33 0 0.7323691802217785
0.11 0.34 0 0.08055439876694576
0.11 0.35000000000000003 0 0.007672396752528853
0.11 0.36 0 0.0005953092194531315
0.11 0.37 0 0.0010240799266921668
0.11 0.38 0 0.002197525451792097
0.11 0.39 0 0.00406737452667147
0.11 0.4 0 0.006200050822593265
0.11 0.41000000000000003 0 0.0075400003874033965
0.11 0.42 0 0.03295123137470346
0.11 0.43 0 0.09849603031356521
0.11 0.44 0 0.03300618048507447
0.11 0.45 0 0.1055220315064513
0.11 0.46 0 0.011409798538721566
0.11 0.47000000000000003 0 0.02804701659336016
0.11 0.48 0 0.021019142995604857
0.11 0.49 0 0.007377328627213125
0.11 0.5 0 0.0223953183241793
0.12 0.0 0 1.071000132002814
0.12 0.01 0 0.23863443553183938
0.12 0.02 0 0.09656530753407054
0.12 0.03 0 0.4297814800273748
0.12 0.04 0 0.37493288196059255
0.12 0.05 0 0.4275082734599412
0.12 0.06 0 0.32996863334471777
0.12 0.07 0 1.037508196885025
0.12 0.08 0 0.5773930477162151
0.12 0.09 0 0.2273848203231808
0.12 0.1 0 0.1913694437928835
0.12 0.11 0 0.042146810271179044
0.12 0.12 0 0.04005223797557053
0.12 0.13 0 0.06330339661685937
0.12 0.14 0 1.1408057329998385
0.12 0.15 0 0.1128708141472108
0.12 0.16 0 0.4854424881137885
0.12 0.17 0 1.4305252880218966
0.12 0.18 0 49.80638235512891
0.12 0.19 0 7.276355512121478
0.12 0.2 0 1.0706465852149696
0.12 0.21 0 24.33216405043385
0.12 0.22 0 25.083584939167388
0.12 0.23 0 59.71582568316473
0.12 0.24 0 2.4678777494090456
0.12 0.25 0 3.1540456645405874
0.12 0.26 0 0.8014999230370531
0.12 0.27 0 0.3811852966722922
0.12 0.28 0 0.06619240334991078
0.12 0.29 0 0.06460348766386709
0.12 0.3 0 0.12529417914883823
0.12 0.31 0 0.11949898586593406
0.12 0.32 0 0.11878315417976577
0.12 0.33 0 0.04299915092976148
0.12 0.34 0 0.024736073133258592
0.12 0.35000000000000003 0 0.008025617644578813
0.12 0.36 0 0.0015145155563113853
0.12 0.37 0 0.0008783280756755642
0.12 0.38 0 0.00558619315925869
0.12 0.39 0 0.0020207890885266025
0.12 0.4 0 0.016444338725172807
0.12 0.41000000000000003 0 0.040320800931999565
0.12 0.42 0 0.008784765799283317
0.12 0.43 0 0.08000437935338114
0.12 0.44 0 0.003636749677902498
0.12 0.45 0 0.07628279728678411
0.12 0.46 0 0.027413054878165866
0.12 0.47000000000000003 0 0.02890219917923423
0.12 0.48 0 0.00756818510870719
0.12 0.49 0 0.010989618769798194
0.12 0.5 0 0.07276385295190355
0.13 0.0 0 0.10217841547422032
0.13 0.01 0 0.016690365065316962
0.13 0.02 0 0.015673391090561047
0.13 0.03 0 0.011495865731803848
0.13 0.04 0 0.01031699201783453
0.13 0.05 0 0.03955914744106534
0.13 0.06 0 0.0114917338790288
0.13 0.07 0 0.0034511596223231753
0.13 0.08 0 0.00808923262198573
0.13 0.09 0 0.36860751783771806
0.13 0.1 0 0.041639900281233516
0.13 0.11 0 0.013458711948619558
0.13 0.12 0 0.0626620288500571
0.13 0.13 0 0.03818558013673172
0.13 0.14 0 1.9501433153806527
0.13 0.15 0 0.01445324683174119
0.13 0.16 0 0.046237673582716424
0.13 0.17 0 0.44843248916636597
0.13 0.18 0 1.4008445448974776
0.13 0.19 0 2.17637296400871
0.13 0.2 0 0.5370650750421156
0.13 0.21 0 2.450006357793278
0.13 0.22 0 5.697584296284264
0.13 0.23 0 2.533215223133969
0.13 0.24 0 0.21761742468397305
0.13 0.25 0 0.444270898650482
0.13 0.26 0 0.07921415027751516
0.13 0.27 0 0.04802695620234708
0.13 0.28 0 0.029164554847497942
0.13 0.29 0 0.16893111223752505
0.13 0.3 0 0.09475162166363427
0.13 0.31 0 0.009787908922612077
0.13 0.32 0 0.011761465670090931
0.13 0.33 0 0.0033156750196303834
0.13 0.34 0 0.001110430011813386
0.13 0.35000000000000003 0 0.0006129672461196066
0.13 0.36 0 0.0023458195077419156
0.13 0.37 0 0.002070968128253261
0.13 0.38 0 0.0014014179900256442
0.13 0.39 0 0.0069884985244078384
0.13 0.4 0 0.020911343499158026
0.13 0.41000000000000003 0 0.13064998475075174
0.13 0.42 0 0.027084158770619596
0.13 0.43 0 0.005246427608470874
0.13 0.44 0 0.012574271461041802
0.13 0.45 0 0.016097811135000233
0.13 0.46 0 0.006617724809106942
0.13 0.47000000000000003 0 0.00370680926856998
0.13 0.48 0 0.0003003622281149012
0.13 0.49 0 0.0010915077159510198
0.13 0.5 0 0.002808988868230027
0.14 0.0 0 0.0551749064133503
0.14 0.01 0 0.05080295202419031
0.14 0.02 0 0.2563979957098045
0.14 0.03 0 0.15251948386464503
0.14 0.04 0 0.38939427502939533
0.14 0.05 0 0.1165826190766028
0.14 0.06 0 0.036502837281563366
0.14 0.07 0 0.010515228209295052
0.14 0.08 0 0.008510993563314442
0.14 0.09 0 0.04063921755392696
0.14 0.1 0 0.06730334309491695
0.14 0.11 0 0.0333871394547853
0.14 0.12 0 0.19721677774835486
0.14 0.13 0 0.13146049276225213
0.14 0.14 0 0.030427241046430728
0.14 0.15 0 0.005639614200344242
0.14 0.16 0 0.011476155899673376
0.14 0.17 0 0.9055251360971531
0.14 0.18 0 1.7871596687864486
0.14 0.19 0 0.6044562969306412
0.14 0.2 0 0.92888141521448
0.14 0.21 0 2.25560782726659
0.14 0.22 0 0.45500262146543563
0.14 0.23 0 0.07427325827377217
0.14 0.24 0 0.10660520649481818
0.14 0.25 0 0.012396595785208046
0.14 0.26 0 0.002872679447241435
0.14 0.27 0 0.006009556773748235
0.14 0.28 0 0.017330140467168867
0.14 0.29 0 0.06862101210047153
0.14 0.3 0 0.006125355270137205
0.14 0.31 0 0.004371545626157342
0.14 0.32 0 0.016811425880117963
0.14 0.33 0 0.011401176483704013
0.14 0.34 0 0.0016198772927113044
0.14 0.35000000000000003 0 0.002851322309770691
0.14 0.36 0 0.003522362571637382
0.14 0.37 0 0.004543694023726717
0.14 0.38 0 0.001008486616751119
0.14 0.39 0 0.023232124881221578
0.14 0.4 0 0.0568758220939138
0.14 0.41000000000000003 0 0.027769898820708582
0.14 0.42 0 0.032300855370651346
0.14 0.43 0 0.002317583221122289
0.14 0.44 0 0.019655106907248282
0.14 0.45 0 0.00543247593463479
0.14 0.46 0 0.02253932080729298
0.14 0.47000000000000003 0 0.010531995376098504
0.14 0.48 0 0.0013916561943071758
0.14 0.49 0 0.005189913977327663
0.14 0.5 0 0.011376939263993278
0.15 0.0 0 0.7516888194758072
0.15 0.01 0 0.43383657843123924
0.15 0.02 0 1.3139020004147306
0.15 0.03 0 0.8051050822302677
0.15 0.04 0 4.245677861220921
0.15 0.05 0 0.15724461480966234
0.15 0.06 0 0.15256779883474228
0.15 0.07 0 0.044552103613806286
0.15 0.08 0 0.0684318571063526
0.15 0.09 0 0.034030327395674576
0.15 0.1 0 0.014263491718825195
0.15 0.11 0 0.007542257674008454
0.15 0.12 0 0.043390138089612965
0.15 0.13 0 0.15427917613182002
0.15 0.14 0 0.0054731230723721975
0.15 0.15 0 0.012521981412165357
0.15 0.16 0 0.009175320998003856
0.15 0.17 0 0.0883993264736788
0.15 0.18 0 0.11829266193968768
0.15 0.19 0 0.050412166783747894
0.15 0.2 0 0.8344052556177634
0.15 0.21 0 0.2819251759594609
0.15 0.22 0 0.18119435344037776
0.15 0.23 0 0.059861848659904626
0.15 0.24 0 0.05089683108815824
0.15 0.25 0 0.013758818412227342
0.15 0.26 0 0.000631110070293417
0.15 0.27 0 0.00321569114003189
0.15 0.28 0 0.007081712401725216
0.15 0.29 0 0.008062870334276882
0.15 0.3 0 0.002326626970823267
0.15 0.31 0 0.004695504373817416
0.15 0.32 0 0.002502828154227876
0.15 0.33 0 0.003498080339901077
0.15 0.34 0 0.0025389526393360885
0.15 0.35000000000000003 0 0.00496972177395348
0.15 0.36 0 0.0014427147178775763
0.15 0.37 0 0.0033185964664074505
0.15 0.38 0 0.009900229384594846
0.15 0.39 0 0.03387543174155401
0.15 0.4 0 0.03867124596517172
0.15 0.41000000000000003 0 0.015462298257837776
0.15 0.42 0 0.03618737928290934
0.15 0.43 0 0.009815815318904117
0.15 0.44 0 0.005317601468768495
0.15 0.45 0 0.018145502866577644
0.15 0.46 0 0.04889475965349781
0.15 0.47000000000000003 0 0.0447627616367346
0.15 0.48 0 0.01147761592645672
0.15 0.49 0 0.0028808527056621643
0.15 0.5 0 0.011133213992822034
0.16 0.0 0 2.168166156141865
0.16 0.01 0 0.4197638753167422
0.16 0.02 0 1.2832598129196957
0.16 0.03 0 7.218044322527183
0.16 0.04 0 3.8775709369056597
0.16 0.05 0 0.47742725865291563
0.16 0.06 0 0.01994097309452422
0.16 0.07 0 0.012092385878091283
0.16 0.08 0 0.14704684458938438
0.16 0.09 0 0.01128979850112092
0.16 0.1 0 0.02230236504087171
0.16 0.11 0 0.007617869372405461
0.16 0.12 0 0.017669611676579145
0.16 0.13 0 0.19427304432136402
0.16 0.14 0 0.11698856204864107
0.16 0.15 0 0.5472726794450558
0.16 0.16 0 0.46029791950958776
0.16 0.17 0 0.10211898009498858
0.16 0.18 0 0.34746018647213156
0.16 0.19 0 0.20530723185369792
0.16 0.2 0 4.117633471264735
0.16 0.21 0 1.4877467056577396
0.16 0.22 0 0.15404422709950116
0.16 0.23 0 0.4659796091280235
0.16 0.24 0 0.02702248226926703
0.16 0.25 0 0.028568380661641926
0.16 0.26 0 0.008779242048821637
0.16 0.27 0 0.002308202257342718
0.16 0.28 0 0.0018722183516673863
0.16 0.29 0 0.002661885203119739
0.16 0.3 0 0.0004248193430621033
0.16 0.31 0 0.007518510049986996
0.16 0.32 0 0.0020484032354651043
0.16 0.33 0 0.0005501452478215679
0.16 0.34 0 0.0012801825510559623
0.16 0.35000000000000003 0 0.0005397894292855606
0.16 0.36 0 0.005348171991000678
0.16 0.37 0 0.005419308372622861
0.16 0.38 0 0.004162038400721005
0.16 0.39 0 0.0028589089799130984
0.16 0.4 0 0.001823588773849948
0.16 0.41000000000000003 0 0.008872891397003587
0.16 0.42 0 0.008253356759198574
0.16 0.43 0 0.03139335838502585
0.16 0.44 0 0.0012719124657826011
0.16 0.45 0 0.07572944484273902
0.16 0.46 0 0.084823595438249
0.16 0.47000000000000003 0 0.047170680716138134
0.16 0.48 0 0.042152076219889374
0.16 0.49 0 0.004426182687530639
0.16 0.5 0 0.03929130017458659
0.17 0.0 0 0.11358202038224896
0.17 0.01 0 0.14068226886260743
0.17 0.02 0 0.6607663136058998
0.17 0.03 0 2.4133090659412217
0.17 0.04 0 1.7181836869790679
0.17 0.05 0 8.5097700384319
0.17 0.06 0 0.20425813199178525
0.17 0.07 0 0.07748354475130945
0.17 0.08 0 1.1922994195702799
0.17 0.09 0 1.6178735294196924
0.17 0.1 0 3.8444732592704653
0.17 0.11 0 0.22292314456963572
0.17 0.12 0 1.2929788717712816
0.17 0.13 0 1.465651125246713
0.17 0.14 0 6.566117223654539
0.17 0.15 0 2.3035053968067065
0.17 0.16 0 6.770275195057614
0.17 0.17 0 0.38051645632006725
0.17 0.18 0 0.4422690578785561
0.17 0.19 0 3.981240812212855
0.17 0.2 0 5.070524122359836
0.17 0.21 0 18.672447118661164
0.17 0.22 0 0.4774612525216459
0.17 0.23 0 0.9463329547671475
0.17 0.24 0 0.26527733678919674
0.17 0.25 0 0.01384013514095422
0.17 0.26 0 0.043486743634183415
0.17 0.27 0 0.03647017357703726
0.17 0.28 0 0.002255244543415817
0.17 0.29 0 0.0008098706484324302
0.17 0.3 0 0.0003638640084905344
0.17 0.31 0 0.008964999910860385
0.17 0.32 0 0.005940838242407815
0.17 0.33 0 0.0008899330397658891
0.17 0.34 0 0.0014298249233985645
0.17 0.35000000000000003 0 0.0035325937840825507
0.17 0.36 0 0.058485275947041206
0.17 0.37 0 0.03572107557093199
0.17 0.38 0 0.020432811380422536
0.17 0.39 0 0.004759997485444053
0.17 0.4 0 0.003195796251081967
0.17 0.41000000000000003 0 0.09575169209843494
0.17 0.42 0 0.015979675786726988
0.17 0.43 0 0.047960747662002916
0.17 0.44 0 0.036113577416645934
0.17 0.45 0 0.24488954472511398
0.17 0.46 0 0.026858254147577115
0.17 0.47000000000000003 0 0.005830523162918306
0.17 0.48 0 0.005230782300538823
0.17 0.49 0 0.0021138927570240836
0.17 0.5 0 0.0038864413805090882
0.18 0.0 0 1.08413946406263
0.18 0.01 0 0.23532997781579273
0.18 0.02 0 0.10881118643566644
0.18 0.03 0 1.106319943736637
0.18 0.04 0 0.34545221056731384
0.18 0.05 0 0.7502669526622965
0.18 0.06 0 0.4429007122352625
0.18 0.07 0 1.1992893958017994
0.18 0.08 0 6.562846326202177
0.18 0.09 0 7.8109715461062255
0.18 0.1 0 18.075153931644824
0.18 0.11 0 5.7341700868590495
0.18 0.12 0 9.095691784237255
0.18 0.13 0 1.9803513253772962
0.18 0.14 0 3.8444290956626124
0.18 0.15 0 1.9204258304604438
0.18 0.16 0 6.214453998556961
0.18 0.17 0 1.270770468706689
0.18 0.18 0 1.831486011232725
0.18 0.19 0 4.182681258187748
0.18 0.2 0 1.6535923044418281
0.18 0.21 0 4.671754721792435
0.18 0.22 0 0.7863636866831535
0.18 0.23 0 0.464239371207288
0.18 0.24 0 0.1992537752406035
0.18 0.25 0 0.013650544189928315
0.18 0.26 0 0.05336203360016893
0.18 0.27 0 0.027017344721586085
0.18 0.28 0 0.005007601335492218
0.18 0.29 0 0.002839245835772682
0.18 0.3 0 0.000706408242879073
0.18 0.31 0 0.005045412137612157
0.18 0.32 0 0.014687840183400115
0.18 0.33 0 0.07383665874225948
0.18 0.34 0 0.03093379418175079
0.18 0.35000000000000003 0 0.046222840824029596
0.18 0.36 0 0.07005402060260132
0.18 0.37 0 0.10820650647768332
0.18 0.38 0 0.033738520008111186
0.18 0.39 0 0.03342485581542932
0.18 0.4 0 0.04879126233253758
0.18 0.41000000000000003 0 0.021701850784731004
0.18 0.42 0 0.11476947466292242
0.18 0.43 0 0.0300099046231629
0.18 0.44 0 0.040890460623268454
0.18 0.45 0 0.06982659639595605
0.18 0.46 0 0.05148361606457503
0.18 0.47000000000000003 0 0.018790125864727687
0.18 0.48 0 0.0016182692258169926
0.18 0.49 0 0.0027433605568358663
0.18 0.5 0 0.0008903771875298251
0.19 0.0 0 4.479660141304984
0.19 0.01 0 0.3860567364823578
0.19 0.02 0 0.5186001302158837
0.19 0.03 0 0.13556555325287473
0.19 0.04 0 0.7744537304811804
0.19 0.05 0 0.7263044913798434
0.19 0.06 0 0.9357214123795623
0.19 0.07 0 7.993614622651246
0.19 0.08 0 7.6825237917093405
0.19 0.09 0 15.368705552108253
0.19 0.1 0 16.104059301972416
0.19 0.11 0 45.23715561844813
0.19 0.12 0 2.75350505069346
0.19 0.13 0 0.5403812013273696
0.19 0.14 0 0.4609532308985978
0.19 0.15 0 1.3016473562384465
0.19 0.16 0 0.5805970988310102
0.19 0.17 0 0.06569046276286351
0.19 0.18 0 0.1695563257395807
0.19 0.19 0 0.08277312905697214
0.19 0.2 0 0.23866007734541167
0.19 0.21 0 0.04580427369483992
0.19 0.22 0 0.16986769769904778
0.19 0.23 0 0.060162862565900824
0.19 0.24 0 0.1590550217464601
0.19 0.25 0 0.13778023801416314
0.19 0.26 0 0.007614897518968301
0.19 0.27 0 0.0274234144424932
0.19 0.28 0 0.008302749824341822
0.19 0.29 0 0.0095337774736258
0.19 0.3 0 0.0021166660064775695
0.19 0.31 0 0.0012394365689312801
0.19 0.32 0 0.0026105645150883215
0.19 0.33 0 0.019563298681993274
0.19 0.34 0 0.03610465049769546
0.19 0.35000000000000003 0 0.17656972887521455
0.19 0.36 0 0.038398922961244926
0.19 0.37 0 0.6252773965318199
0.19 0.38 0 0.36293519290970355
0.19 0.39 0 0.2550676292605762
0.19 0.4 0 2.5934689169719904
0.19 0.41000000000000003 0 0.14156403771825277
0.19 0.42 0 0.5797582677859924
0.19 0.43 0 0.014512032009085638
0.19 0.44 0 0.041608186266769175
0.19 0.45 0 0.08462390686848109
0.19 0.46 0 0.013123687620613007
0.19 0.47000000000000003 0 0.005292520357462645
0.19 0.48 0 0.00033254821024496456
0.19 0.49 0 0.0008985539531363811
0.19 0.5 0 0.00016225589028186959
0.2 0.0 0 0.6531696994554059
0.2 0.01 0 0.20235648940667625
0.2 0.02 0 1.0463610520624158
0.2 0.03 0 0.09906633438441714
0.2 0.04 0 0.2148478615025549
0.2 0.05 0 0.12423377438014929
0.2 0.06 0 0.3362951495089047
0.2 0.07 0 0.13855153147855476
0.2 0.08 0 0.2832948489193201
0.2 0.09 0 1.2247672100856946
0.2 0.1 0 0.3456819854225293
0.2 0.11 0 3.3241751754221514
0.2 0.12 0 0.16248257611508746
0.2 0.13 0 0.21092973850072458
0.2 0.14 0 0.16221459806867433
0.2 0.15 0 0.4719895952293814
0.2 0.16 0 2.1900598901811943
0.2 0.17 0 0.18326606152722424
0.2 0.18 0 0.16576018225891553
0.2 0.19 0 0.14725746436553844
0.2 0.2 0 0.2572850173454711
0.2 0.21 0 0.010203001172822464
0.2 0.22 0 0.18084771844856218
0.2 0.23 0 0.20076414860939545
0.2 0.24 0 0.04995133190771385
0.2 0.25 0 0.08556023176224667
0.2 0.26 0 0.01072730200106402
0.2 0.27 0 0.13395532440195573
0.2 0.28 0 0.023334323799529294
0.2 0.29 0 0.01632546461389579
0.2 0.3 0 0.018474856205095248
0.2 0.31 0 0.014045072902914214
0.2 0.32 0 0.02510796418361739
0.2 0.33 0 0.031133451391328937
0.2 0.34 0 0.010001543588741219
0.2 0.35000000000000003 0 0.2826188113508916
0.2 0.36 0 0.9609903736715384
0.2 0.37 0 0.8654301785235737
0.2 0.38 0 0.6241149296254712
0.2 0.39 0 0.3768356475529648
0.2 0.4 0 0.4433662225141209
0.2 0.41000000000000003 0 0.9271945337523477
0.2 0.42 0 0.5019048366986002
0.2 0.43 0 0.3440351173452585
0.2 0.44 0 0.22065455674667864
0.2 0.45 0 0.14682990908124285
0.2 0.46 0 0.4973052384169182
0.2 0.47000000000000003 0 0.0974596263668336
0.2 0.48 0 0.013009773779283048
0.2 0.49 0 0.0014497455026196578
0.2 0.5 0 0.0006046581123111029
0.21 0.0 0 0.06141083295996031
0.21 0.01 0 0.14627548530447548
0.21 0.02 0 0.46596444845362356
0.21 0.03 0 0.7602923585764682
0.21 0.04 0 0.6406343201107813
0.21 0.05 0 0.009727932100511589
0.21 0.06 0 0.04238217274866627
0.21 0.07 0 0.017821606810624422
0.21 0.08 0 0.010411824548128723
0.21 0.09 0 0.01638799709517539
0.21 0.1 0 0.03895837027685779
0.21 0.11 0 0.03572371263828471
0.21 0.12 0 0.04798227868879136
0.21 0.13 0 0.04425625807368057
0.21 0.14 0 0.27417935166724194
0.21 0.15 0 0.17539703154602682
0.21 0.16 0 0.03331431620823552
0.21 0.17 0 0.298481681769555
0.21 0.18 0 0.9771448283537649
0.21 0.19 0 0.5383295567349708
0.21 0.2 0 0.4583713003511659
0.21 0.21 0 0.12408836912686555
0.21 0.22 0 0.04853436128217879
0.21 0.23 0 0.3034284860907869
0.21 0.24 0 0.17203375039418042
0.21 0.25 0 0.02148494278706226
0.21 0.26 0 0.01847773842027227
0.21 0.27 0 0.0994263514005759
0.21 0.28 0 0.0687933403342275
0.21 0.29 0 0.008406343334399428
0.21 0.3 0 0.006598806277975959
0.21 0.31 0 0.00915519480335998
0.21 0.32 0 0.006323186769503869
0.21 0.33 0 0.00900676473605827
0.21 0.34 0 0.025090678865493245
0.21 0.35000000000000003 0 0.270500417220804
0.21 0.36 0 0.1175136000929384
0.21 0.37 0 0.15321632986370354
0.21 0.38 0 0.2887953640415918
0.21 0.39 0 0.4063543990717527
0.21 0.4 0 0.03781821574711459
0.21 0.41000000000000003 0 1.2058962945192995
0.21 0.42 0 0.34493428282576527
0.21 0.43 0 0.6676943633226919
0.21 0.44 0 0.12599383319288035
0.21 0.45 0 0.029821328287835912
0.21 0.46 0 0.1324190869080426
0.21 0.47000000000000003 0 0.01204008112662445
0.21 0.48 0 0.04229764372052126
0.21 0.49 0 0.002741559644924546
0.21 0.5 0 0.003466755549899387
0.22 0.0 0 0.18947658149645294
0.22 0.01 0 1.7669763974459403
0.22 0.02 0 2.4228411170355986
0.22 0.03 0 1.5798481486632752
0.22 0.04 0 0.04500038917413801
0.22 0.05 0 0.01753895775165726
0.22 0.06 0 0.12314681609161339
0.22 0.07 0 0.01125613423096312
0.22 0.08 0 0.009546208921665869
0.22 0.09 0 0.0015657687158105095
0.22 0.1 0 0.006869950458680215
0.22 0.11 0 0.004786925063526412
0.22 0.12 0 0.060835972320594935
0.22 0.13 0 0.02294296925138012
0.22 0.14 0 0.10932406277167556
0.22 0.15 0 0.12728729712398956
0.22 0.16 0 0.04968425781680871
0.22 0.17 0 0.39426398031248017
0.22 0.18 0 0.35255184292876013
0.22 0.19 0 0.7935993141526329
0.22 0.2 0 0.051866223183905956
0.22 0.21 0 0.1013513151480531
0.22 0.22 0 0.57578215743768
0.22 0.23 0 0.1250709810271396
0.22 0.24 0 0.06869458398920976
0.22 0.25 0 0.0397351222145573
0.22 0.26 0 0.13784255422273706
0.22 0.27 0 0.033342555269478616
0.22 0.28 0 0.005871769407601581
0.22 0.29 0 0.004453997847070452
0.22 0.3 0 0.012644556519349471
0.22 0.31 0 0.008076413150622137
0.22 0.32 0 0.002931409409257621
0.22 0.33 0 0.009553599760411847
0.22 0.34 0 0.005283095589218472
0.22 0.35000000000000003 0 0.020404324140269128
0.22 0.36 0 0.08590992723041534
0.22 0.37 0 0.4329568060724774
0.22 0.38 0 0.4168386261784158
0.22 0.39 0 5.731078856802613
0.22 0.4 0 3.2455960174205045
0.22 0.41000000000000003 0 66.82622759748774
0.22 0.42 0 11.183395916363425
0.22 0.43 0 0.8196774773186133
0.22 0.44 0 0.8370514546958467
0.22 0.45 0 0.3027625488887026
0.22 0.46 0 0.12250533137893801
0.22 0.47000000000000003 0 0.009638169508189484
0.22 0.48 0 0.009257040737259258
0.22 0.49 0 0.005248278693232316
0.22 0.5 0 0.002990749538133207
0.23 0.0 0 0.7686363010455519
0.23 0.01 0 1.531643506303783
0.23 0.02 0 8.290297508743738
0.23 0.03 0 0.725656812977805
0.23 0.04 0 0.3480326442958803
0.23 0.05 0 0.4992157757726782
0.23 0.06 0 0.19402443330860586
0.23 0.07 0 0.1481330086877402
0.23 0.08 0 0.018690428592237726
0.23 0.09 0 0.006017123554887043
0.23 0.1 0 0.006645590853266798
0.23 0.11 0 0.003109979651331697
0.23 0.12 0 0.0419857138240884
0.23 0.13 0 0.04642974039397551
0.23 0.14 0 0.03179217657811189
0.23 0.15 0 0.01594061601697672
0.23 0.16 0 0.03730178374961758
0.23 0.17 0 0.3109288000739468
0.23 0.18 0 0.16101239856205476
0.23 0.19 0 0.019447130764824558
0.23 0.2 0 0.017258234648655505
0.23 0.21 0 0.01553424977604655
0.23 0.22 0 0.15061883537503273
0.23 0.23 0 0.04957082513022124
0.23 0.24 0 0.04052015121932034
0.23 0.25 0 0.03976181419213788
0.23 0.26 0 0.04601928526225203
0.23 0.27 0 0.031029870822053555
0.23 0.28 0 0.003105893777925408
0.23 0.29 0 0.003122651716724683
0.23 0.3 0 0.002765449156008229
0.23 0.31 0 0.007229621036586395
0.23 0.32 0 0.003558241261779688
0.23 0.33 0 0.006286958072723565
0.23 0.34 0 0.0018893607570726785
0.23 0.35000000000000003 0 0.0009011149367717401
0.23 0.36 0 0.005719343652790004
0.23 0.37 0 0.3802764303953718
0.23 0.38 0 1.8234655181401738
0.23 0.39 0 1.139833160566021
0.23 0.4 0 2.689533946523167
0.23 0.41000000000000003 0 3.362308629494447
0.23 0.42 0 5.220915229709156
0.23 0.43 0 1.382657448574871
0.23 0.44 0 0.22116604166979192
0.23 0.45 0 0.029365228123432247
0.23 0.46 0 0.000910197147842459
0.23 0.47000000000000003 0 0.003486540212975855
0.23 0.48 0 0.0030551241777617985
0.23 0.49 0 0.007472403496596212
0.23 0.5 0 0.0017371268024547254
0.24 0.0 0 0.250040303433716
0.24 0.01 0 0.08620581072660947
0.24 0.02 0 0.3226961240631236
0.24 0.03 0 0.034690173107456625
0.24 0.04 0 0.19297913173148332
0.24 0.05 0 4.110288293131333
0.24 0.06 0 1.2622632448892719
0.24 0.07 0 0.1537603431598307
0.24 0.08 0 0.0492412210359287
0.24 0.09 0 0.07422561540801088
0.24 0.1 0 0.027767759314402132
0.24 0.11 0 0.2367864114298731
0.24 0.12 0 0.07410356663054685
0.24 0.13 0 0.09160101144979624
0.24 0.14 0 0.023614476812978506
0.24 0.15 0 0.025325321151714725
0.24 0.16 0 0.38102014771265624
0.24 0.17 0 0.008086440507802477
0.24 0.18 0 0.011935046853657491
0.24 0.19 0 0.0018542482446018247
0.24 0.2 0 0.0077536371171201
0.24 0.21 0 0.007832885257819463
0.24 0.22 0 0.001685719077637192
0.24 0.23 0 0.0027518626418301813
0.24 0.24 0 0.00243940467740589
0.24 0.25 0 0.008180512443664726
0.24 0.26 0 0.0577527972535811
0.24 0.27 0 0.026851207569099773
0.24 0.28 0 0.005133668809754347
0.24 0.29 0 0.015972101965029406
0.24 0.3 0 0.007480412404155738
0.24 0.31 0 0.024164617205861886
0.24 0.32 0 0.030456879400681747
0.24 0.33 0 0.02395413956867018
0.24 0.34 0 0.003916199454419242
0.24 0.35000000000000003 0 0.013496979563744722
0.24 0.36 0 0.05254644732413502
0.24 0.37 0 0.3555725698768721
0.24 0.38 0 2.931204637583467
0.24 0.39 0 0.20636094163441093
0.24 0.4 0 0.43555917001994365
0.24 0.41000000000000003 0 0.269660514790843
0.24 0.42 0 0.23192195267822008
0.24 0.43 0 1.1797039148730606
0.24 0.44 0 0.11029700484490274
0.24 0.45 0 0.0029293173592911505
0.24 0.46 0 9.843057658003432e-05
0.24 0.47000000000000003 0 0.0007259981948595904
0.24 0.48 0 0.00225126382834398
0.24 0.49 0 0.01881365858284556
0.24 0.5 0 0.05220322222202437
0.25 0.0 0 1.5323845297014687
0.25 0.01 0 0.39123864756244986
0.25 0.02 0 0.14384877636412524
0.25 0.03 0 0.20262400214101325
0.25 0.04 0 0.46321144748108367
0.25 0.05 0 1.2465610094309807
0.25 0.06 0 4.638788178806651
0.25 0.07 0 0.29102068268771003
0.25 0.08 0 0.22145264931336608
0.25 0.09 0 0.03976177154148044
0.25 0.1 0 0.028001594611052467
0.25 0.11 0 0.9535195543838808
0.25 0.12 0 0.08347862260486809
0.25 0.13 0 0.0476973370127794
0.25 0.14 0 0.08141220531316933
0.25 0.15 0 0.041487177477735525
0.25 0.16 0 0.34093059744714893
0.25 0.17 0 0.14300381211313304
0.25 0.18 0 0.0462540108811495
0.25 0.19 0 0.004146952607938608
0.25 0.2 0 0.0027295011814017817
0.25 0.21 0 0.016253182742369664
0.25 0.22 0 0.0013186927226565347
0.25 0.23 0 0.0004927047599784866
0.25 0.24 0 0.0002643895912396648
0.25 0.25 0 0.0010450425616746694
0.25 0.26 0 0.023084373810954083
0.25 0.27 0 0.017293992078883914
0.25 0.28 0 0.020366104005259563
0.25 0.29 0 0.006434198450745367
0.25 0.3 0 0.011962864550042845
0.25 0.31 0 0.05193801488050851
0.25 0.32 0 0.254633493330394
0.25 0.33 0 0.20485328297233538
0.25 0.34 0 0.012035897430408247
0.25 0.35000000000000003 0 0.14663494717045064
0.25 0.36 0 0.20685323660345187
0.25 0.37 0 3.7455275535015753
0.25 0.38 0 3.30690141850117
0.25 0.39 0 2.4672385586152537
0.25 0.4 0 0.7988812522917808
0.25 0.41000000000000003 0 0.33754516863742196
0.25 0.42 0 0.6278040126390305
0.25 0.43 0 0.6046477050807494
0.25 0.44 0 0.029296721309325195
0.25 0.45 0 0.002121083401232125
0.25 0.46 0 0.0017524664424835661
0.25 0.47000000000000003 0 0.0009221316085814707
0.25 0.48 0 0.00413672153849169
0.25 0.49 0 0.0009904037593081371
0.25 0.5 0 0.027478064015916463
0.26 0.0 0 1.0403695207548223
0.26 0.01 0 4.496969746034185
0.26 0.02 0 0.8964480033909223
0.26 0.03 0 0.16408691284938862
0.26 0.04 0 1.1523620005334385
0.26 0.05 0 1.1123598518133362
0.26 0.06 0 10.051901850562166
0.26 0.07 0 0.7121670379217772
0.26 0.08 0 0.6887948192819362
0.26 0.09 0 0.0042135594203986685
0.26 0.1 0 0.0006447013113024462
0.26 0.11 0 0.0027760529787854257
0.26 0.12 0 0.02193959913261387
0.26 0.13 0 0.015048431102822599
0.26 0.14 0 0.007812181669355379
0.26 0.15 0 0.01198173359495286
0.26 0.16 0 0.02479077090229023
0.26 0.17 0 0.03203842700522377
0.26 0.18 0 0.0028057431233458156
0.26 0.19 0 0.0058291245411140535
0.26 0.2 0 0.00040241648239432886
0.26 0.21 0 0.0019262964796302562
0.26 0.22 0 0.0012995078417394695
0.26 0.23 0 0.00010588492228160596
0.26 0.24 0 0.00025342071082161584
0.26 0.25 0 0.00011617847806320373
0.26 0.26 0 0.0011973133054377324
0.26 0.27 0 0.0028385114756666443
0.26 0.28 0 0.01580749419410431
0.26 0.29 0 0.06556092922397275
0.26 0.3 0 0.22194414631051204
0.26 0.31 0 0.08653068130042899
0.26 0.32 0 0.1872037910348353
0.26 0.33 0 0.3375290692375672
0.26 0.34 0 0.13099408924491016
0.26 0.35000000000000003 0 0.40877781097883487
0.26 0.36 0 0.08820180032210252
0.26 0.37 0 2.566454025098387
0.26 0.38 0 1.0633572166203693
0.26 0.39 0 15.332269446018355
0.26 0.4 0 0.7375214130688422
0.26 0.41000000000000003 0 0.995316978465748
0.26 0.42 0 0.33836187119439387
0.26 0.43 0 0.12258303154719252
0.26 0.44 0 0.35506597757924585
0.26 0.45 0 0.021049580985428164
0.26 0.46 0 0.19870858833751104
0.26 0.47000000000000003 0 0.013090603289618552
0.26 0.48 0 0.005252580646186923
0.26 0.49 0 0.002326419484916217
0.26 0.5 0 0.0032482828900545196
0.27 0.0 0 1.2980950688972648
0.27 0.01 0 0.5087823649960057
0.27 0.02 0 0.45421184613185145
0.27 0.03 0 0.21697111719130893
0.27 0.04 0 0.15794329058167475
0.27 0.05 0 0.0287704017048032
0.27 0.06 0 0.5140992271507729
0.27 0.07 0 0.39826896403584466
0.27 0.08 0 0.10747868611053964
0.27 0.09 0 0.0006200540153369728
0.27 0.1 0 0.0010230638836828917
0.27 0.11 0 0.002280677385040066
0.27 0.12 0 0.022807797978031334
0.27 0.13 0 0.03131443244176525
0.27 0.14 0 0.026873165640541537
0.27 0.15 0 0.017575916696623655
0.27 0.16 0 0.011727710416039202
0.27 0.17 0 0.03738112138253387
0.27 0.18 0 0.0029259842218876744
0.27 0.19 0 0.008522141423765998
0.27 0.2 0 0.006833382210576654
0.27 0.21 0 0.0014753256006722578
0.27 0.22 0 0.007149809090284188
0.27 0.23 0 0.0008481273429816274
0.27 0.24 0 0.0014975525743606067
0.27 0.25 0 0.001722529025860081
0.27 0.26 0 0.0009148925703581116
0.27 0.27 0 0.0037126994752519986
0.27 0.28 0 0.003155317652717473
0.27 0.29 0 0.02356806789624203
0.27 0.3 0 0.16032871174155836
0.27 0.31 0 0.12399869334732071
0.27 0.32 0 0.1359543112250698
0.27 0.33 0 0.047101746878622695
0.27 0.34 0 0.16781341733503025
0.27 0.35000000000000003 0 0.6462562775593562
0.27 0.36 0 0.1456439993773875
0.27 0.37 0 0.61927731989073
0.27 0.38 0 0.6706519694004622
0.27 0.39 0 3.036174055610175
0.27 0.4 0 1.3322358385017135
0.27 0.41000000000000003 0 0.8417473003519821
0.27 0.42 0 0.09487356008983809
0.27 0.43 0 0.07165521215195395
0.27 0.44 0 0.01492803173044354
0.27 0.45 0 0.12267728699432333
0.27 0.46 0 0.2861028551752839
0.27 0.47000000000000003 0 0.03791142589876332
0.27 0.48 0 0.003900805967696081
0.27 0.49 0 0.008797720942984704
0.27 0.5 0 0.050447465750261114
0.28 0.0 0 0.3647723566071889
0.28 0.01 0 0.9489945123993477
0.28 0.02 0 1.2903937748839205
0.28 0.03 0 2.7985616350249267
0.28 0.04 0 0.7083529664592977
0.28 0.05 0 0.2537650419493849
0.28 0.06 0 0.21764669123775357
0.28 0.07 0 0.3869161446936948
0.28 0.08 0 0.3020397855064712
0.28 0.09 0 0.03603746278215025
0.28 0.1 0 0.04196481730464242
0.28 0.11 0 0.023299483876992662
0.28 0.12 0 0.08672679528540687
0.28 0.13 0 0.016850072023415135
0.28 0.14 0 0.03779519065122505
0.28 0.15 0 0.013396250421836705
0.28 0.16 0 0.004353545637968573
0.28 0.17 0 0.02086988051729964
0.28 0.18 0 0.016442081883340752
0.28 0.19 0 0.0034804691535681564
0.28 0.2 0 0.06068344034975006
0.28 0.21 0 0.009878423249424222
0.28 0.22 0 0.01208085168378013
0.28 0.23 0 0.006286855624985582
0.28 0.24 0 0.0006313145524783595
0.28 0.25 0 0.007852257657499221
0.28 0.26 0 0.0021409751165151415
0.28 0.27 0 0.001159338085463096
0.28 0.28 0 0.0003579940685315311
0.28 0.29 0 0.0005894378965901587
0.28 0.3 0 0.002745231644906782
0.28 0.31 0 0.005949212440133225
0.28 0.32 0 0.007304295811298196
0.28 0.33 0 0.01303868516762975
0.28 0.34 0 0.05410202869278678
0.28 0.35000000000000003 0 0.024845608706615337
0.28 0.36 0 0.053446723996990304
0.28 0.37 0 0.17836660622099204
0.28 0.38 0 2.241170812132098
0.28 0.39 0 0.4515189871042689
0.28 0.4 0 0.9699205286934479
0.28 0.41000000000000003 0 5.1405759066904855
0.28 0.42 0 0.4189892170595785
0.28 0.43 0 0.3821766739500614
0.28 0.44 0 0.02050455301968839
0.28 0.45 0 0.514996330343905
0.28 0.46 0 0.04666370070123103
0.28 0.47000000000000003 0 0.5559018281222111
0.28 0.48 0 0.12043902955940425
0.28 0.49 0 0.09967066174771552
0.28 0.5 0 0.3010603236450777
0.29 0.0 0 2.987362262616296
0.29 0.01 0 3.2314958473328583
0.29 0.02 0 12.935266402521016
0.29 0.03 0 18.83258523035997
0.29 0.04 0 0.43314696107014644
0.29 0.05 0 0.346101476778361
0.29 0.06 0 0.04068696509242993
0.29 0.07 0 0.8186343929378943
0.29 0.08 0 3.9503373261169368
0.29 0.09 0 0.768306585677945
0.29 0.1 0 0.1468531215913497
0.29 0.11 0 0.0052317400369969996
0.29 0.12 0 0.03200983357551833
0.29 0.13 0 0.003970556053705546
0.29 0.14 0 0.005409702344287685
0.29 0.15 0 0.004959713285909586
0.29 0.16 0 0.011628684517044284
0.29 0.17 0 0.004541276036651319
0.29 0.18 0 0.0016227790503237215
0.29 0.19 0 0.0006518145395719978
0.29 0.2 0 0.0014992368337643427
0.29 0.21 0 0.0033700973209535284
0.29 0.22 0 0.0010904668418615295
0.29 0.23 0 0.0008913749047459059
0.29 0.24 0 0.00023645146553391815
0.29 0.25 0 0.0012388866018872042
0.29 0.26 0 0.00046087579207814143
0.29 0.27 0 9.08293844598977e-05
0.29 0.28 0 0.0010896667056311724
0.29 0.29 0 0.0023977313100350135
0.29 0.3 0 0.005023762400953524
0.29 0.31 0 0.00413717033572616
0.29 0.32 0 0.008875574745334404
0.29 0.33 0 0.1656377439068958
0.29 0.34 0 0.01358990090575693
0.29 0.35000000000000003 0 0.007723203287810743
0.29 0.36 0 0.11893623017984681
0.29 0.37 0 0.06694060955480872
0.29 0.38 0 0.4918413118538929
0.29 0.39 0 0.7461720516979308
0.29 0.4 0 1.0212620290687773
0.29 0.41000000000000003 0 4.05946188093556
0.29 0.42 0 0.5649745452916726
0.29 0.43 0 0.2738776075192774
0.29 0.44 0 0.13343650108269087
0.29 0.45 0 0.29726529795405165
0.29 0.46 0 0.0383670654422164
0.29 0.47000000000000003 0 0.11587452116818295
0.29 0.48 0 0.035343498996822834
0.29 0.49 0 0.026692902637575087
0.29 0.5 0 0.020377489100642868
0.3 0.0 0 3.3365716499063356
0.3 0.01 0 4.3449113014920435
0.3 0.02 0 7.260136270849927
0.3 0.03 0 10.305786416483517
0.3 0.04 0 13.081240419819412
0.3 0.05 0 0.23343926868637963
0.3 0.06 0 0.2165109666973808
0.3 0.07 0 2.48025940680124
0.3 0.08 0 0.8869579245115373
0.3 0.09 0 0.3115058454598685
0.3 0.1 0 0.035684532340664356
0.3 0.11 0 0.003456195064261165
0.3 0.12 0 0.009430305909079782
0.3 0.13 0 0.0011788882229392362
0.3 0.14 0 0.0017205817374077882
0.3 0.15 0 0.001188061785744977
0.3 0.16 0 0.003519595980729687
0.3 0.17 0 0.006974204663208015
0.3 0.18 0 0.0044425878447807935
0.3 0.19 0 0.009545603819074195
0.3 0.2 0 0.00498131137009059
0.3 0.21 0 0.02563527090979981
0.3 0.22 0 0.005555174465211438
0.3 0.23 0 0.018641015827981902
0.3 0.24 0 0.033787235513837145
0.3 0.25 0 0.00464000385980452
0.3 0.26 0 0.04088323575988183
0.3 0.27 0 0.0066541039342712955
0.3 0.28 0 0.03418107285085427
0.3 0.29 0 0.01787413820790262
0.3 0.3 0 0.011248295235306687
0.3 0.31 0 0.18683710757070782
0.3 0.32 0 0.027833674163409133
0.3 0.33 0 0.07945223557783318
0.3 0.34 0 0.05582038563441165
0.3 0.35000000000000003 0 0.06722441933216698
0.3 0.36 0 0.2553691555878556
0.3 0.37 0 0.15582958883785483
0.3 0.38 0 0.008030907591937784
0.3 0.39 0 0.2353997492726713
0.3 0.4 0 1.07280497088742
0.3 0.41000000000000003 0 0.8870430643707327
0.3 0.42 0 0.06824445358189193
0.3 0.43 0 0.002308948407253125
0.3 0.44 0 0.02520679189768088
0.3 0.45 0 0.005766466299226082
0.3 0.46 0 0.011609485627400067
0.3 0.47000000000000003 0 0.00764690032698462
0.3 0.48 0 0.0025655066704204726
0.3 0.49 0 0.0067108364433448
0.3 0.5 0 0.0026902765588527927
#STOP
