#MEDIUM_PROPERTIES_DISTRIBUTED
$MSH_TYPE
	 RICHARDS_FLOW	
$MMP_TYPE
	 PERMEABILITY	
$DIS_TYPE
	 NEAREST_VALUE	
;hj
$CONVERSION_FACTOR
	 2.0e-8	
$DATA
0.0 0.0 0 0.0003290241830606939
0.0 0.01 0 0.0007571989235418645
0.0 0.02 0 0.00021388715579698562
0.0 0.03 0 0.00031917138550255467
0.0 0.04 0 0.0003908785162712853
0.0 0.05 0 0.0014055421065814007
0.0 0.06 0 0.0004427864356849824
0.0 0.07 0 0.000618174505962187
0.0 0.08 0 0.0026470384045335304
0.0 0.09 0 0.0014492923034950904
0.0 0.1 0 0.001260974061253937
0.0 0.11 0 0.012665812787302553
0.0 0.12 0 0.0021051179591150253
0.0 0.13 0 0.0006939433081412404
0.0 0.14 0 0.0010654978266188943
0.0 0.15 0 0.003547692315524309
0.0 0.16 0 0.01098975697586192
0.0 0.17 0 0.026370463372551115
0.0 0.18 0 0.27700288285793356
0.0 0.19 0 2.2242708702192227
0.0 0.2 0 28.646642300510265
0.0 0.21 0 6.171448140856779
0.0 0.22 0 2.8684545829022365
0.0 0.23 0 1.1135392656532965
0.0 0.24 0 0.10839173634801295
0.0 0.25 0 0.07160035186236317
0.0 0.26 0 0.14873306215502521
0.0 0.27 0 0.015407670992499713
0.0 0.28 0 0.012755702446240993
0.0 0.29 0 0.0436343178533536
0.0 0.3 0 0.0139059890991838
0.0 0.31 0 0.009472280307775917
0.0 0.32 0 0.07954700380823157
0.0 0.33 0 0.65509180605724
0.0 0.34 0 2.161116359293009
0.0 0.35000000000000003 0 3.8183166181195007
0.0 0.36 0 11.370672894860428
0.0 0.37 0 8.929134856241852
0.0 0.38 0 3.116735769504701
0.0 0.39 0 1.3038271133247146
0.0 0.4 0 1.1279340382748937
0.0 0.41000000000000003 0 1.6597900242633055
0.0 0.42 0 0.7368741888264486
0.0 0.43 0 3.304681479827861
0.0 0.44 0 0.5600525533070317
0.0 0.45 0 0.030765464590233063
0.0 0.46 0 0.00986660941786264
0.0 0.47000000000000003 0 0.06414403776147706
0.0 0.48 0 0.014337264385737866
0.0 0.49 0 0.005090890293766711
0.0 0.5 0 0.038773957279096195
0.01 0.0 0 0.0006012538773870808
0.01 0.01 0 0.0008112587608701556
0.01 0.02 0 0.0011381947294383187
0.01 0.03 0 0.003394921107604539
0.01 0.04 0 0.0063661603021721
0.01 0.05 0 0.011883859905350774
0.01 0.06 0 0.028325782958500485
0.01 0.07 0 0.01137306806994309
0.01 0.08 0 0.004610406022060216
0.01 0.09 0 0.004649404253043717
0.01 0.1 0 0.004276732731534919
0.01 0.11 0 0.008400440522992266
0.01 0.12 0 0.004696311586789965
0.01 0.13 0 0.001597704193656539
0.01 0.14 0 7.437401251336941e-05
0.01 0.15 0 3.485952079142284e-05
0.01 0.16 0 0.0029199981494698545
0.01 0.17 0 0.07158946191038038
0.01 0.18 0 0.09327831741038344
0.01 0.19 0 0.1504820897227792
0.01 0.2 0 0.5556615307271406
0.01 0.21 0 1.209953647613492
0.01 0.22 0 0.06151706707356941
0.01 0.23 0 0.058624397918300715
0.01 0.24 0 1.156181316096139
0.01 0.25 0 0.13779783480857702
0.01 0.26 0 0.046483486711009735
0.01 0.27 0 0.10986069190558206
0.01 0.28 0 0.006317171338860336
0.01 0.29 0 0.0012973567788058084
0.01 0.3 0 0.005502848428305005
0.01 0.31 0 0.06857823695359339
0.01 0.32 0 0.08924293222809342
0.01 0.33 0 0.9477240472624099
0.01 0.34 0 3.606557099677595
0.01 0.35000000000000003 0 0.21718945690400177
0.01 0.36 0 0.22533786216128543
0.01 0.37 0 0.11371891409414375
0.01 0.38 0 0.11560186379030285
0.01 0.39 0 0.3032787814994193
0.01 0.4 0 0.2674924561738208
0.01 0.41000000000000003 0 0.5185375475489175
0.01 0.42 0 2.106325292788042
0.01 0.43 0 0.4032883643559154
0.01 0.44 0 1.4036075537150248
0.01 0.45 0 0.6036277248313064
0.01 0.46 0 0.1180331211818838
0.01 0.47000000000000003 0 0.17900890068470557
0.01 0.48 0 0.04884434126769031
0.01 0.49 0 0.009769866809522349
0.01 0.5 0 0.02909980102060909
0.02 0.0 0 0.09597990688203728
0.02 0.01 0 0.14455016173301186
0.02 0.02 0 0.01814410307512861
0.02 0.03 0 0.004169549044424984
0.02 0.04 0 0.01728048772893838
0.02 0.05 0 0.05345330117965399
0.02 0.06 0 0.02117147787162735
0.02 0.07 0 0.0031418135340853756
0.02 0.08 0 0.008222766466375361
0.02 0.09 0 0.009675000034827174
0.02 0.1 0 0.003357419536247088
0.02 0.11 0 0.017049806013296254
0.02 0.12 0 0.04968122018288021
0.02 0.13 0 0.007641841497240248
0.02 0.14 0 0.0567903454131218
0.02 0.15 0 0.03557646517794782
0.02 0.16 0 0.003030230130167924
0.02 0.17 0 0.012054079449810389
0.02 0.18 0 0.27293254094804237
0.02 0.19 0 0.6052120794738438
0.02 0.2 0 0.013995076687389179
0.02 0.21 0 0.006331748910255982
0.02 0.22 0 0.011803650953655868
0.02 0.23 0 0.020860391912884347
0.02 0.24 0 0.129528011611443
0.02 0.25 0 0.39075012012379445
0.02 0.26 0 0.0768023002826619
0.02 0.27 0 0.03110447796217654
0.02 0.28 0 0.019219409934641912
0.02 0.29 0 0.011660421790851461
0.02 0.3 0 0.011575917310871023
0.02 0.31 0 0.05424766855061316
0.02 0.32 0 0.2840279779827827
0.02 0.33 0 0.3882540197854384
0.02 0.34 0 0.5102503063225848
0.02 0.35000000000000003 0 0.06678475146180277
0.02 0.36 0 0.05142410361548184
0.02 0.37 0 0.6907155839930156
0.02 0.38 0 0.4489102974978912
0.02 0.39 0 1.3592475429028712
0.02 0.4 0 5.142860797300637
0.02 0.41000000000000003 0 0.23683217450722724
0.02 0.42 0 0.06781311533287285
0.02 0.43 0 0.07559069737187754
0.02 0.44 0 0.13327059830456867
0.02 0.45 0 0.9867209999788062
0.02 0.46 0 2.549706267337089
0.02 0.47000000000000003 0 0.5430588616390198
0.02 0.48 0 0.02051066843155141
0.02 0.49 0 0.023600662764574235
0.02 0.5 0 0.16766233760638438
0.03 0.0 0 0.011367532770190182
0.03 0.01 0 0.5946915002813473
0.03 0.02 0 2.0327784097479706
0.03 0.03 0 0.24510343333861043
0.03 0.04 0 0.01092871800986511
0.03 0.05 0 0.031498341774027515
0.03 0.06 0 0.033135536949466284
0.03 0.07 0 0.015343020888206724
0.03 0.08 0 0.007427056061582493
0.03 0.09 0 0.007598425335988845
0.03 0.1 0 0.003764299614103173
0.03 0.11 0 0.00490008994028102
0.03 0.12 0 0.0028962303031981845
0.03 0.13 0 0.010344432399134334
0.03 0.14 0 0.08664874470042738
0.03 0.15 0 0.01969270615117399
0.03 0.16 0 0.03047457543202635
0.03 0.17 0 0.005244958218534971
0.03 0.18 0 0.002928081161390531
0.03 0.19 0 0.0017059919897528162
0.03 0.2 0 0.0011516618039708458
0.03 0.21 0 0.0010472609408476608
0.03 0.22 0 0.03666149730781834
0.03 0.23 0 0.1063269174543843
0.03 0.24 0 0.07044870626282528
0.03 0.25 0 0.03613738664883739
0.03 0.26 0 0.016321097011802354
0.03 0.27 0 0.021493790137213652
0.03 0.28 0 0.006689997317134311
0.03 0.29 0 0.01754793763253179
0.03 0.3 0 0.1548958399180404
0.03 0.31 0 0.43308803965433657
0.03 0.32 0 0.17230341735605811
0.03 0.33 0 0.23007863134820003
0.03 0.34 0 0.18154965652254818
0.03 0.35000000000000003 0 0.22757206373650696
0.03 0.36 0 0.23171291358262797
0.03 0.37 0 0.758006778623523
0.03 0.38 0 0.22530469571048278
0.03 0.39 0 0.06808622482826478
0.03 0.4 0 0.19839103340849068
0.03 0.41000000000000003 0 0.10261170578160426
0.03 0.42 0 0.01599372039271649
0.03 0.43 0 0.0022111541135066944
0.03 0.44 0 0.02647867531242053
0.03 0.45 0 0.29049876850951084
0.03 0.46 0 0.11791733395654573
0.03 0.47000000000000003 0 2.7147795693969945
0.03 0.48 0 2.4564276827655958
0.03 0.49 0 0.06774713245831077
0.03 0.5 0 0.148182096297214
0.04 0.0 0 0.012054172334350688
0.04 0.01 0 0.03962169111165989
0.04 0.02 0 0.23117179266804022
0.04 0.03 0 0.6211709670338488
0.04 0.04 0 0.4933066598890457
0.04 0.05 0 0.013306199209102748
0.04 0.06 0 0.008942534511651746
0.04 0.07 0 0.006822508715408081
0.04 0.08 0 0.005115399432189862
0.04 0.09 0 0.003571094150670089
0.04 0.1 0 0.0004353028510225463
0.04 0.11 0 0.00647909436664649
0.04 0.12 0 0.005076591504121005
0.04 0.13 0 0.0031245950118158916
0.04 0.14 0 0.011391843551892563
0.04 0.15 0 0.024895183443329652
0.04 0.16 0 0.0057211053507309
0.04 0.17 0 0.009623005264643077
0.04 0.18 0 0.005323087358953087
0.04 0.19 0 0.007755255097630187
0.04 0.2 0 0.004765753295390763
0.04 0.21 0 0.008033749054866195
0.04 0.22 0 0.023718968765687312
0.04 0.23 0 0.002237639601473631
0.04 0.24 0 0.006635175259403951
0.04 0.25 0 0.02283454872780327
0.04 0.26 0 0.0009286659156464984
0.04 0.27 0 0.00028738026492033486
0.04 0.28 0 0.003247446597148096
0.04 0.29 0 0.008921149355034302
0.04 0.3 0 0.03505433162685991
0.04 0.31 0 0.11972554719348663
0.04 0.32 0 0.22759585359548656
0.04 0.33 0 0.026153167315811996
0.04 0.34 0 0.03314499982406538
0.04 0.35000000000000003 0 0.1040030867743882
0.04 0.36 0 0.051511616414258256
0.04 0.37 0 0.030075137151024212
0.04 0.38 0 0.025933291385387223
0.04 0.39 0 0.0029516056983955666
0.04 0.4 0 0.0011899674438906533
0.04 0.41000000000000003 0 0.0013995810165571636
0.04 0.42 0 0.009186881430322143
0.04 0.43 0 0.10330482261810701
0.04 0.44 0 0.14395334584354455
0.04 0.45 0 0.14861058175515363
0.04 0.46 0 0.18274434886202218
0.04 0.47000000000000003 0 0.424442961410107
0.04 0.48 0 0.6317938150108744
0.04 0.49 0 0.7923054060576179
0.04 0.5 0 2.7239511423316216
0.05 0.0 0 0.041780631276202816
0.05 0.01 0 0.10790541314321983
0.05 0.02 0 0.11595462060430585
0.05 0.03 0 0.015320235521177087
0.05 0.04 0 0.03828853056536009
0.05 0.05 0 0.1532405830098233
0.05 0.06 0 0.033000275207730155
0.05 0.07 0 0.005290507658424671
0.05 0.08 0 0.012375745324206119
0.05 0.09 0 0.013314130144020855
0.05 0.1 0 0.0014582800574487827
0.05 0.11 0 0.005502757526378267
0.05 0.12 0 0.2496017742216099
0.05 0.13 0 0.0363526759556678
0.05 0.14 0 0.043746183205290064
0.05 0.15 0 0.010060042964167286
0.05 0.16 0 0.0026872279949342786
0.05 0.17 0 0.006876796550130704
0.05 0.18 0 0.002702644505287093
0.05 0.19 0 0.004083667987153907
0.05 0.2 0 0.003998727279317966
0.05 0.21 0 0.00034225939186412495
0.05 0.22 0 0.00022304020127258462
0.05 0.23 0 0.00013617866550878324
0.05 0.24 0 3.959425641406687e-05
0.05 0.25 0 3.577413763653874e-05
0.05 0.26 0 2.122326598794072e-05
0.05 0.27 0 0.0012454774230302454
0.05 0.28 0 0.02145586658494156
0.05 0.29 0 0.12111311563402774
0.05 0.3 0 0.27775870955319953
0.05 0.31 0 0.4716533386728278
0.05 0.32 0 1.7716371320900985
0.05 0.33 0 6.634401262810369
0.05 0.34 0 2.1291093084656563
0.05 0.35000000000000003 0 0.4481196067559296
0.05 0.36 0 0.12039283065873183
0.05 0.37 0 0.02862461032881223
0.05 0.38 0 0.010792783275432052
0.05 0.39 0 0.004006665548544709
0.05 0.4 0 0.0039607632270966045
0.05 0.41000000000000003 0 0.00800077106446593
0.05 0.42 0 0.04101511206174577
0.05 0.43 0 0.06938892666160322
0.05 0.44 0 0.03764551766671831
0.05 0.45 0 0.08716895894431778
0.05 0.46 0 0.31571170637088874
0.05 0.47000000000000003 0 0.13478858099944768
0.05 0.48 0 0.22610787399974175
0.05 0.49 0 0.036854097229495474
0.05 0.5 0 0.16984541097561176
0.06 0.0 0 0.05656314589041945
0.06 0.01 0 0.1830589499842906
0.06 0.02 0 0.23331201699532433
0.06 0.03 0 0.025626085080830988
0.06 0.04 0 0.0320558756556802
0.06 0.05 0 0.10623252520581403
0.06 0.06 0 0.003968656702146665
0.06 0.07 0 0.0026287066918463087
0.06 0.08 0 0.001763410111514807
0.06 0.09 0 0.0024433937964012074
0.06 0.1 0 0.004381184866993064
0.06 0.11 0 0.016162510428417674
0.06 0.12 0 0.08717548407226583
0.06 0.13 0 0.022004193494957615
0.06 0.14 0 0.11210424072633066
0.06 0.15 0 0.129050563951811
0.06 0.16 0 0.007045299430866856
0.06 0.17 0 0.027018008285272097
0.06 0.18 0 0.0364077225584162
0.06 0.19 0 0.0014550388166765424
0.06 0.2 0 0.001993960051512302
0.06 0.21 0 0.001767898931962197
0.06 0.22 0 0.0022684646553084832
0.06 0.23 0 0.00029782870468732616
0.06 0.24 0 0.0001467412937749808
0.06 0.25 0 0.0006181231132840758
0.06 0.26 0 0.0001642223758357296
0.06 0.27 0 0.000892794321987809
0.06 0.28 0 0.007068607721112041
0.06 0.29 0 0.0056726724655312335
0.06 0.3 0 0.07712721078627383
0.06 0.31 0 0.19361214149042752
0.06 0.32 0 0.041007797036765915
0.06 0.33 0 0.058026708907392414
0.06 0.34 0 0.020895115240026758
0.06 0.35000000000000003 0 0.4299618050746562
0.06 0.36 0 0.7438045130908642
0.06 0.37 0 0.014030136553547002
0.06 0.38 0 0.006726813052155578
0.06 0.39 0 0.006320327169716525
0.06 0.4 0 0.02418787247281546
0.06 0.41000000000000003 0 0.04699078129977548
0.06 0.42 0 0.03178565006915288
0.06 0.43 0 0.015946062409438796
0.06 0.44 0 0.04050517817968376
0.06 0.45 0 0.2820912176815669
0.06 0.46 0 0.03399962650820033
0.06 0.47000000000000003 0 0.04144623838792712
0.06 0.48 0 0.25505147697508956
0.06 0.49 0 0.24724917530994284
0.06 0.5 0 0.19294378192319753
0.07 0.0 0 0.0014293588546497866
0.07 0.01 0 0.0005569582110586237
0.07 0.02 0 0.01573584275598585
0.07 0.03 0 0.08028190016482238
0.07 0.04 0 0.008712045794335386
0.07 0.05 0 0.015028089652137077
0.07 0.06 0 0.018700406417562217
0.07 0.07 0 0.010270919989591515
0.07 0.08 0 0.017327924482286223
0.07 0.09 0 0.18641541687919563
0.07 0.1 0 0.07829526236960002
0.07 0.11 0 0.04771435824950344
0.07 0.12 0 0.12514295633082637
0.07 0.13 0 0.13480117939965214
0.07 0.14 0 0.01938589402145335
0.07 0.15 0 0.2561881359720398
0.07 0.16 0 0.09923338019184531
0.07 0.17 0 0.018549692111502106
0.07 0.18 0 0.0719763417424184
0.07 0.19 0 0.011982186802892878
0.07 0.2 0 0.004967374993326839
0.07 0.21 0 0.01390122816827747
0.07 0.22 0 0.1540970960815024
0.07 0.23 0 0.07668763032822712
0.07 0.24 0 0.007566965767505459
0.07 0.25 0 0.005835335146693251
0.07 0.26 0 0.00359128313529601
0.07 0.27 0 0.0020291109741277114
0.07 0.28 0 0.08780995457623017
0.07 0.29 0 0.014565325155207719
0.07 0.3 0 0.018127945034913086
0.07 0.31 0 0.1502664784664716
0.07 0.32 0 0.010162103221336581
0.07 0.33 0 0.023408677211585516
0.07 0.34 0 0.1921492663339836
0.07 0.35000000000000003 0 0.09744547001872852
0.07 0.36 0 0.007323566923072057
0.07 0.37 0 0.005937663937283334
0.07 0.38 0 0.005887471448427872
0.07 0.39 0 0.003913152815012869
0.07 0.4 0 0.04447063367483159
0.07 0.41000000000000003 0 0.5903517975431322
0.07 0.42 0 0.29304605130764005
0.07 0.43 0 1.0343341830852435
0.07 0.44 0 0.9758150420756297
0.07 0.45 0 0.04757568215412031
0.07 0.46 0 0.12848118818941895
0.07 0.47000000000000003 0 0.027550332206552994
0.07 0.48 0 0.09739571855504148
0.07 0.49 0 4.841697118001496
0.07 0.5 0 0.4747952113770248
0.08 0.0 0 0.019164028279499683
0.08 0.01 0 0.00042065400173743047
0.08 0.02 0 0.0009387540758420668
0.08 0.03 0 0.00339365698636789
0.08 0.04 0 0.006546878524105705
0.08 0.05 0 0.009443926017388233
0.08 0.06 0 0.0719427670226582
0.08 0.07 0 0.15550140263990886
0.08 0.08 0 0.08934705436873928
0.08 0.09 0 0.017964940163119662
0.08 0.1 0 0.11958389626795161
0.08 0.11 0 0.4083499025866971
0.08 0.12 0 0.603108217137043
0.08 0.13 0 0.6800554598442148
0.08 0.14 0 0.552508195513689
0.08 0.15 0 0.3458134924489154
0.08 0.16 0 0.03836240536131448
0.08 0.17 0 0.02023287135611291
0.08 0.18 0 0.1357782564835469
0.08 0.19 0 0.18910967406883045
0.08 0.2 0 0.09061871200853984
0.08 0.21 0 0.1878320532214508
0.08 0.22 0 0.013246442694843676
0.08 0.23 0 0.0027551119980161374
0.08 0.24 0 0.001274279780210353
0.08 0.25 0 0.002877597878636444
0.08 0.26 0 0.0007331743242901613
0.08 0.27 0 0.0029297380170794163
0.08 0.28 0 0.03475938538033241
0.08 0.29 0 0.054049606610177714
0.08 0.3 0 0.035743222817179114
0.08 0.31 0 0.04003951705766178
0.08 0.32 0 0.020758323773502108
0.08 0.33 0 0.014152519312370748
0.08 0.34 0 0.028152968462055516
0.08 0.35000000000000003 0 0.00621388423581086
0.08 0.36 0 0.01664623609488723
0.08 0.37 0 0.007766399404888413
0.08 0.38 0 0.05407828490499311
0.08 0.39 0 0.11692346239558055
0.08 0.4 0 0.06411647924379707
0.08 0.41000000000000003 0 7.110326308293313
0.08 0.42 0 211.39299893633844
0.08 0.43 0 30.019154349200655
0.08 0.44 0 5.483619964192508
0.08 0.45 0 1.1617767122514362
0.08 0.46 0 0.2517621063782486
0.08 0.47000000000000003 0 0.31086981523865886
0.08 0.48 0 2.7487152191510944
0.08 0.49 0 1.6451939918565046
0.08 0.5 0 0.4811460117388402
0.09 0.0 0 0.18900150032045368
0.09 0.01 0 0.13328785882797275
0.09 0.02 0 0.030339782174446394
0.09 0.03 0 0.009920701647252903
0.09 0.04 0 0.000894129536028337
0.09 0.05 0 0.018281132139768827
0.09 0.06 0 0.07391070952032766
0.09 0.07 0 0.3649587928798006
0.09 0.08 0 0.9641000575589982
0.09 0.09 0 0.3748429544043873
0.09 0.1 0 0.06603355486858166
0.09 0.11 0 0.06583874427676419
0.09 0.12 0 0.5330604976476178
0.09 0.13 0 1.4412782729902536
0.09 0.14 0 0.3832671661051396
0.09 0.15 0 0.25716901685521387
0.09 0.16 0 0.242809466929218
0.09 0.17 0 0.009717241076526977
0.09 0.18 0 0.006021780437365982
0.09 0.19 0 0.010292747793719198
0.09 0.2 0 0.09250675591963074
0.09 0.21 0 0.029744174323790763
0.09 0.22 0 0.012563217374397534
0.09 0.23 0 0.0009655707226742677
0.09 0.24 0 0.0002581743823486329
0.09 0.25 0 0.0017105507462185521
0.09 0.26 0 0.02156715713708269
0.09 0.27 0 0.014175230480308514
0.09 0.28 0 0.025291115134185985
0.09 0.29 0 0.1377230824596282
0.09 0.3 0 0.038005559839481964
0.09 0.31 0 0.5234064070125063
0.09 0.32 0 0.6171411931851055
0.09 0.33 0 0.23609844033743893
0.09 0.34 0 0.14918698840072825
0.09 0.35000000000000003 0 0.5160143459012358
0.09 0.36 0 0.22462655036874626
0.09 0.37 0 0.209414462190951
0.09 0.38 0 0.5278074305325072
0.09 0.39 0 0.8403595320105198
0.09 0.4 0 3.6767767038373846
0.09 0.41000000000000003 0 10.844123984694301
0.09 0.42 0 3.687715176489422
0.09 0.43 0 2.1439310003923806
0.09 0.44 0 2.7709138879541544
0.09 0.45 0 0.39460326204098706
0.09 0.46 0 0.59441965155521
0.09 0.47000000000000003 0 1.8341703389785387
0.09 0.48 0 0.19094463210752727
0.09 0.49 0 0.1046751923141176
0.09 0.5 0 0.037094828423232494
0.1 0.0 0 0.4643329074945434
0.1 0.01 0 0.24291000263211387
0.1 0.02 0 0.20799456343677042
0.1 0.03 0 0.3013928279087972
0.1 0.04 0 0.08416993342518013
0.1 0.05 0 0.03899139207321771
0.1 0.06 0 0.027576473381631217
0.1 0.07 0 0.026748576507203293
0.1 0.08 0 0.0594097003118637
0.1 0.09 0 0.10706922607987411
0.1 0.1 0 0.0556622179542895
0.1 0.11 0 0.004587459911346088
0.1 0.12 0 0.004916932573491515
0.1 0.13 0 0.179974573086672
0.1 0.14 0 0.04988507413555601
0.1 0.15 0 0.03896509718150531
0.1 0.16 0 0.08855198379803494
0.1 0.17 0 0.14403401354395573
0.1 0.18 0 0.2126458311891432
0.1 0.19 0 0.16312398708724407
0.1 0.2 0 0.08467514017974104
0.1 0.21 0 0.20179649976597858
0.1 0.22 0 0.12718969808511552
0.1 0.23 0 0.10228945401995165
0.1 0.24 0 0.22574399770914497
0.1 0.25 0 0.04905325134753892
0.1 0.26 0 0.03392294668171091
0.1 0.27 0 0.03353771181336143
0.1 0.28 0 0.09398530645178985
0.1 0.29 0 0.028370767627929873
0.1 0.3 0 0.13927937064965526
0.1 0.31 0 0.5171864816073902
0.1 0.32 0 0.20853378510843745
0.1 0.33 0 0.30714546905594015
0.1 0.34 0 0.6813110563618354
0.1 0.35000000000000003 0 1.662730784039687
0.1 0.36 0 0.7285399070476843
0.1 0.37 0 0.509245650961632
0.1 0.38 0 0.6798847480817857
0.1 0.39 0 1.1779138647175937
0.1 0.4 0 5.84778022500867
0.1 0.41000000000000003 0 19.228961706644885
0.1 0.42 0 9.061541564812858
0.1 0.43 0 2.3475287806345353
0.1 0.44 0 3.628909564275786
0.1 0.45 0 0.4342469274152056
0.1 0.46 0 0.07115857676156068
0.1 0.47000000000000003 0 0.08190205240958522
0.1 0.48 0 0.1842325493701131
0.1 0.49 0 0.07171784041901373
0.1 0.5 0 0.005191284412873913
0.11 0.0 0 0.05812633908624389
0.11 0.01 0 0.02566992907690988
0.11 0.02 0 0.0876356093198214
0.11 0.03 0 0.06324074600096602
0.11 0.04 0 0.006758179143140878
0.11 0.05 0 0.017117306856854732
0.11 0.06 0 0.05027613704325578
0.11 0.07 0 0.009313820821052537
0.11 0.08 0 0.03742801393743919
0.11 0.09 0 0.06723447692506872
0.11 0.1 0 0.01859145756778332
0.11 0.11 0 0.11166500190115534
0.11 0.12 0 0.1825013722511294
0.11 0.13 0 0.1427370167951313
0.11 0.14 0 0.20010154550871723
0.11 0.15 0 0.7807795945597029
0.11 0.16 0 0.5514140824197787
0.11 0.17 0 0.19288056992962754
0.11 0.18 0 3.525962291142157
0.11 0.19 0 7.181915414939283
0.11 0.2 0 3.250540721564841
0.11 0.21 0 10.481554680364361
0.11 0.22 0 0.6890696959458059
0.11 0.23 0 0.16054509487265187
0.11 0.24 0 0.09502276707308523
0.11 0.25 0 0.07021032965739939
0.11 0.26 0 0.1205023551047409
0.11 0.27 0 0.07209105130903834
0.11 0.28 0 0.07693418459252552
0.11 0.29 0 0.5636621338556351
0.11 0.3 0 1.9060909032062796
0.11 0.31 0 5.633922350294906
0.11 0.32 0 23.660798745736724
0.11 0.33 0 30.572449402749946
0.11 0.34 0 29.092007419773616
0.11 0.35000000000000003 0 7.247031443530424
0.11 0.36 0 15.65099462752405
0.11 0.37 0 5.80910704670952
0.11 0.38 0 7.253689273766482
0.11 0.39 0 10.901493454311833
0.11 0.4 0 1.158414629715832
0.11 0.41000000000000003 0 7.082369242836612
0.11 0.42 0 11.900814028340506
0.11 0.43 0 6.126740321986486
0.11 0.44 0 12.271229301593944
0.11 0.45 0 7.376541739391
0.11 0.46 0 1.60806732089115
0.11 0.47000000000000003 0 0.21453553642173756
0.11 0.48 0 0.5412963400541926
0.11 0.49 0 0.7779674613385887
0.11 0.5 0 0.09486777002450307
0.12 0.0 0 0.008435462206385542
0.12 0.01 0 0.010193942636609889
0.12 0.02 0 0.08646621856390922
0.12 0.03 0 0.16498599090259125
0.12 0.04 0 0.013879565228963057
0.12 0.05 0 0.004660388528224083
0.12 0.06 0 0.062189020273141195
0.12 0.07 0 0.02528598941167186
0.12 0.08 0 0.0007294375027780446
0.12 0.09 0 0.0008591806698456815
0.12 0.1 0 0.004431394960693156
0.12 0.11 0 0.003013206453342229
0.12 0.12 0 0.011986908884249203
0.12 0.13 0 0.07957530347055951
0.12 0.14 0 0.05191752295582389
0.12 0.15 0 0.22730417781103904
0.12 0.16 0 8.075507134573451
0.12 0.17 0 0.3424952502323076
0.12 0.18 0 0.2159938648887396
0.12 0.19 0 2.076883047697302
0.12 0.2 0 1.1418170372324223
0.12 0.21 0 0.4686746520367095
0.12 0.22 0 1.0486221193788245
0.12 0.23 0 0.16466409142861618
0.12 0.24 0 0.10679386196034941
0.12 0.25 0 0.138616359586798
0.12 0.26 0 0.06397310403516489
0.12 0.27 0 0.05395825741677441
0.12 0.28 0 0.029469841285067598
0.12 0.29 0 0.5586348872291539
0.12 0.3 0 0.39091329163691224
0.12 0.31 0 8.741074491296917
0.12 0.32 0 64.45365666152524
0.12 0.33 0 79.19931491336534
0.12 0.34 0 50.80927613688102
0.12 0.35000000000000003 0 6.9031109849206835
0.12 0.36 0 1.8664268918340297
0.12 0.37 0 3.7964117116880898
0.12 0.38 0 5.267804577438649
0.12 0.39 0 1.9816297338887408
0.12 0.4 0 1.9101022137331687
0.12 0.41000000000000003 0 0.33480630561415037
0.12 0.42 0 0.598303215033571
0.12 0.43 0 2.3409008002011973
0.12 0.44 0 8.113269695558218
0.12 0.45 0 1.151281851633798
0.12 0.46 0 1.1199505971056842
0.12 0.47000000000000003 0 2.0199736986509764
0.12 0.48 0 0.11702298852588976
0.12 0.49 0 0.7961229240999733
0.12 0.5 0 4.284485995507822
0.13 0.0 0 0.17595822767608
0.13 0.01 0 0.05937690179808846
0.13 0.02 0 0.017105985797222136
0.13 0.03 0 0.11751755033710354
0.13 0.04 0 0.2679259785604679
0.13 0.05 0 0.0900493674205004
0.13 0.06 0 0.005800225089035813
0.13 0.07 0 0.0023013820677091667
0.13 0.08 0 0.001738593857192432
0.13 0.09 0 0.002066443246680288
0.13 0.1 0 0.001586628609627703
0.13 0.11 0 0.001178280184334142
0.13 0.12 0 0.003063008825139565
0.13 0.13 0 0.1192834051721259
0.13 0.14 0 0.0833512428063392
0.13 0.15 0 0.4143553585567974
0.13 0.16 0 1.4044367110683693
0.13 0.17 0 0.24082938665906045
0.13 0.18 0 0.16965762580631763
0.13 0.19 0 0.7430752687197631
0.13 0.2 0 0.1907505285333
0.13 0.21 0 0.1338441522149264
0.13 0.22 0 0.36346472276425423
0.13 0.23 0 0.141561487269769
0.13 0.24 0 0.3983460901596179
0.13 0.25 0 0.09040422332131746
0.13 0.26 0 0.6587883066948302
0.13 0.27 0 0.4164622790487239
0.13 0.28 0 0.11582148016864026
0.13 0.29 0 0.020042377611144465
0.13 0.3 0 0.07516777709748049
0.13 0.31 0 0.6240187079266607
0.13 0.32 0 6.082732224364205
0.13 0.33 0 7.974392815650605
0.13 0.34 0 1.6139582265172085
0.13 0.35000000000000003 0 1.14604416360514
0.13 0.36 0 0.13513570780169426
0.13 0.37 0 1.3772627920819271
0.13 0.38 0 8.152967044624429
0.13 0.39 0 24.24358038135979
0.13 0.4 0 1.3579165988545614
0.13 0.41000000000000003 0 0.12813890991824187
0.13 0.42 0 0.07644609251422341
0.13 0.43 0 0.01145498678477223
0.13 0.44 0 0.02503691591473488
0.13 0.45 0 0.17473330779742846
0.13 0.46 0 0.35490552895600114
0.13 0.47000000000000003 0 0.8648859845705592
0.13 0.48 0 0.7722954322527593
0.13 0.49 0 1.1790191803671948
0.13 0.5 0 1.7886692025068152
0.14 0.0 0 0.07747446085527566
0.14 0.01 0 0.01286884915446254
0.14 0.02 0 0.0022156706662595613
0.14 0.03 0 0.00530840608049909
0.14 0.04 0 0.049743869332059557
0.14 0.05 0 0.0791997681004907
0.14 0.06 0 0.0891041095355121
0.14 0.07 0 0.009872529421040067
0.14 0.08 0 0.004833073824352057
0.14 0.09 0 0.0028740222032629633
0.14 0.1 0 0.0017179779174449062
0.14 0.11 0 0.005254393402736943
0.14 0.12 0 0.007528082786258042
0.14 0.13 0 0.010141723712649178
0.14 0.14 0 0.01554080249547644
0.14 0.15 0 0.012270112031651889
0.14 0.16 0 0.14450376560649403
0.14 0.17 0 0.13072029729864332
0.14 0.18 0 0.04395081992785951
0.14 0.19 0 0.13514286442696882
0.14 0.2 0 0.05476004650327882
0.14 0.21 0 0.22475118575586484
0.14 0.22 0 0.3288835473376145
0.14 0.23 0 0.1434815345453577
0.14 0.24 0 0.028765342550513457
0.14 0.25 0 0.10808831654949634
0.14 0.26 0 0.3898482932305417
0.14 0.27 0 0.373045087163096
0.14 0.28 0 0.1252522071488835
0.14 0.29 0 0.4418695348825197
0.14 0.3 0 0.061167633704495086
0.14 0.31 0 0.0032959558821584146
0.14 0.32 0 0.026449433389071755
0.14 0.33 0 0.018213096588632592
0.14 0.34 0 0.07644684407056701
0.14 0.35000000000000003 0 0.25610897621734396
0.14 0.36 0 0.26305759507946447
0.14 0.37 0 0.49699697034215384
0.14 0.38 0 1.3247934417694878
0.14 0.39 0 1.8658314866239545
0.14 0.4 0 3.156775592254135
0.14 0.41000000000000003 0 0.23915117849618409
0.14 0.42 0 0.036214200493438035
0.14 0.43 0 0.10774395507752449
0.14 0.44 0 0.12420205656315723
0.14 0.45 0 0.028052017701551763
0.14 0.46 0 0.022364359331188906
0.14 0.47000000000000003 0 0.033803157847822944
0.14 0.48 0 0.13114598428836025
0.14 0.49 0 0.37635272809142684
0.14 0.5 0 0.6410419716987085
0.15 0.0 0 0.011808174044902165
0.15 0.01 0 0.07147968785172298
0.15 0.02 0 0.16610668870441977
0.15 0.03 0 0.007187742949705054
0.15 0.04 0 0.03099551126841245
0.15 0.05 0 0.06727467475963524
0.15 0.06 0 0.26370163250059786
0.15 0.07 0 0.7868674086062946
0.15 0.08 0 0.10855856737619385
0.15 0.09 0 0.0403787973994222
0.15 0.1 0 0.04279974009125235
0.15 0.11 0 0.07550058537677706
0.15 0.12 0 0.018951004146039098
0.15 0.13 0 0.05146080855198382
0.15 0.14 0 0.09188783955889217
0.15 0.15 0 0.020115352264164717
0.15 0.16 0 0.018665817509138243
0.15 0.17 0 0.002501399245623382
0.15 0.18 0 0.0006782579596261414
0.15 0.19 0 0.006929482776842995
0.15 0.2 0 0.029863674979006712
0.15 0.21 0 0.010248775998389869
0.15 0.22 0 0.014890880075478176
0.15 0.23 0 0.0006129125020712873
0.15 0.24 0 0.0008637575266500075
0.15 0.25 0 0.0032613358504171145
0.15 0.26 0 0.004666698752858186
0.15 0.27 0 0.018709045744565993
0.15 0.28 0 0.009831773647980662
0.15 0.29 0 0.09658179480665233
0.15 0.3 0 0.021833347186801143
0.15 0.31 0 0.004932950176095686
0.15 0.32 0 0.02115289826340217
0.15 0.33 0 0.02881650032127613
0.15 0.34 0 0.005458136755714399
0.15 0.35000000000000003 0 0.033964542103524356
0.15 0.36 0 0.15416399941600026
0.15 0.37 0 0.10951870786661062
0.15 0.38 0 0.1824408099513021
0.15 0.39 0 0.04460589707771129
0.15 0.4 0 0.012779376542639078
0.15 0.41000000000000003 0 0.012855953600562665
0.15 0.42 0 0.016469387495877574
0.15 0.43 0 0.007954571708890013
0.15 0.44 0 0.0425918932482455
0.15 0.45 0 0.506723956772093
0.15 0.46 0 0.07117308473948608
0.15 0.47000000000000003 0 0.07304373615302541
0.15 0.48 0 0.39045135802342684
0.15 0.49 0 0.10801577488345941
0.15 0.5 0 0.2501171151240283
0.16 0.0 0 0.24767422541013026
0.16 0.01 0 0.28000705765475054
0.16 0.02 0 4.31997067257884
0.16 0.03 0 9.970047931113976
0.16 0.04 0 1.2489080670523096
0.16 0.05 0 0.1078920800658867
0.16 0.06 0 0.022012745638201114
0.16 0.07 0 0.00970214288860445
0.16 0.08 0 0.017281493074898003
0.16 0.09 0 0.5844817464082422
0.16 0.1 0 0.4023265455203554
0.16 0.11 0 0.02122411056970628
0.16 0.12 0 0.013944147119377243
0.16 0.13 0 0.0020764645982046088
0.16 0.14 0 0.0032849825711320515
0.16 0.15 0 0.005736042622322348
0.16 0.16 0 0.0009145300665252797
0.16 0.17 0 0.004112835578615573
0.16 0.18 0 0.006300384925619536
0.16 0.19 0 0.011175891030621724
0.16 0.2 0 0.0049166698045989355
0.16 0.21 0 0.0002832681248435397
0.16 0.22 0 0.0006628069958679113
0.16 0.23 0 0.0004964674595372287
0.16 0.24 0 0.0007908238191698675
0.16 0.25 0 0.00041985734316151194
0.16 0.26 0 0.0007479642823577627
0.16 0.27 0 0.0023561312250165076
0.16 0.28 0 0.007837939675718776
0.16 0.29 0 0.010994351381614541
0.16 0.3 0 0.01897709655333931
0.16 0.31 0 0.01572234668937671
0.16 0.32 0 0.19468772044048616
0.16 0.33 0 0.30484702790090695
0.16 0.34 0 0.0036355579556000216
0.16 0.35000000000000003 0 0.007651903273812049
0.16 0.36 0 0.0014473480517647659
0.16 0.37 0 0.005242420397775346
0.16 0.38 0 0.025147407374597662
0.16 0.39 0 0.022946612062670842
0.16 0.4 0 0.007957025624142975
0.16 0.41000000000000003 0 0.0004834788341880432
0.16 0.42 0 0.0010183919426314816
0.16 0.43 0 0.0033982376042023554
0.16 0.44 0 0.0013511665388687053
0.16 0.45 0 0.01071602355328289
0.16 0.46 0 0.23263850219063026
0.16 0.47000000000000003 0 0.03200285491529012
0.16 0.48 0 0.01604157450723503
0.16 0.49 0 0.032246028323754956
0.16 0.5 0 0.03956427264770403
0.17 0.0 0 5.830571634795131
0.17 0.01 0 1.6700223978414777
0.17 0.02 0 0.3454105230196266
0.17 0.03 0 0.04923026173937124
0.17 0.04 0 0.10000756963511338
0.17 0.05 0 0.0358984390964915
0.17 0.06 0 0.004119112171762625
0.17 0.07 0 0.01884860409686816
0.17 0.08 0 0.006368635038356436
0.17 0.09 0 0.006618934202939242
0.17 0.1 0 0.22776304539244444
0.17 0.11 0 0.9241930817504238
0.17 0.12 0 0.6405628397846342
0.17 0.13 0 0.1400547620448192
0.17 0.14 0 0.005008064466968147
0.17 0.15 0 0.00364534231454809
0.17 0.16 0 0.006228073653408167
0.17 0.17 0 0.020965218397617173
0.17 0.18 0 0.02129253301975934
0.17 0.19 0 0.03096131078342505
0.17 0.2 0 0.028664667405146955
0.17 0.21 0 0.00959934337193717
0.17 0.22 0 0.0016864561087144804
0.17 0.23 0 0.0015880654761075527
0.17 0.24 0 0.00038716793899083436
0.17 0.25 0 0.0031839755768978007
0.17 0.26 0 0.006295303812162821
0.17 0.27 0 0.003243531623967131
0.17 0.28 0 0.0030801351702875873
0.17 0.29 0 0.0002893306480263342
0.17 0.3 0 0.01117130679840901
0.17 0.31 0 0.01730155881530901
0.17 0.32 0 0.013420855788392168
0.17 0.33 0 0.02339532498511049
0.17 0.34 0 0.017927965313090693
0.17 0.35000000000000003 0 0.009099872890149305
0.17 0.36 0 0.008858366897225807
0.17 0.37 0 0.003105971203078305
0.17 0.38 0 0.014075425153917876
0.17 0.39 0 0.03633250438892705
0.17 0.4 0 0.014972727504967125
0.17 0.41000000000000003 0 0.012584984913303343
0.17 0.42 0 0.008608100335722471
0.17 0.43 0 0.016647355866704867
0.17 0.44 0 0.003915875460343156
0.17 0.45 0 0.023409923914941948
0.17 0.46 0 0.30890487812835843
0.17 0.47000000000000003 0 0.37735196597573817
0.17 0.48 0 2.5604142483579384
0.17 0.49 0 1.169645508224206
0.17 0.5 0 0.08153557807943664
0.18 0.0 0 0.4485760389705991
0.18 0.01 0 0.14111691845283597
0.18 0.02 0 0.034818385253081084
0.18 0.03 0 0.00599418570596426
0.18 0.04 0 0.02574977142668066
0.18 0.05 0 0.009487177150975813
0.18 0.06 0 0.002823368401458806
0.18 0.07 0 0.00877891932786765
0.18 0.08 0 0.018376331508110327
0.18 0.09 0 0.006271668525728877
0.18 0.1 0 0.010332702595077277
0.18 0.11 0 0.052137851022220426
0.18 0.12 0 0.06596410281669271
0.18 0.13 0 0.08083668996364604
0.18 0.14 0 0.03810173427418223
0.18 0.15 0 0.009918995949044506
0.18 0.16 0 0.008089845278515143
0.18 0.17 0 0.009749389229601764
0.18 0.18 0 0.019474822632119148
0.18 0.19 0 0.0035626001303006795
0.18 0.2 0 0.013037406214121772
0.18 0.21 0 0.005155226140649852
0.18 0.22 0 0.00849885332964563
0.18 0.23 0 0.036866808667421654
0.18 0.24 0 0.014099568761619252
0.18 0.25 0 0.009951161250517303
0.18 0.26 0 0.002913191543023433
0.18 0.27 0 0.0011338100801417835
0.18 0.28 0 0.00208984838109326
0.18 0.29 0 0.03958744416808432
0.18 0.3 0 0.0046838098882588785
0.18 0.31 0 0.009456060249051278
0.18 0.32 0 0.013826683967095632
0.18 0.33 0 0.020831807004691245
0.18 0.34 0 0.011678097079081153
0.18 0.35000000000000003 0 0.031726673674619836
0.18 0.36 0 0.017745294379075145
0.18 0.37 0 0.000378209272535813
0.18 0.38 0 0.0007631332074647308
0.18 0.39 0 0.0033379951200091743
0.18 0.4 0 0.007584550779509377
0.18 0.41000000000000003 0 0.027259146905705547
0.18 0.42 0 0.06397175293686364
0.18 0.43 0 0.03411284329803123
0.18 0.44 0 0.05440379761183703
0.18 0.45 0 0.05664306743598572
0.18 0.46 0 1.1515085895428734
0.18 0.47000000000000003 0 1.1592757215804566
0.18 0.48 0 0.6516155656457443
0.18 0.49 0 0.5091980338718236
0.18 0.5 0 0.38184938280990405
0.19 0.0 0 0.12220154849422987
0.19 0.01 0 0.03966420846613402
0.19 0.02 0 0.014546300288116428
0.19 0.03 0 0.0028747286433377494
0.19 0.04 0 0.0002906347617041046
0.19 0.05 0 0.0001222293548399727
0.19 0.06 0 0.00020763119659699428
0.19 0.07 0 0.0005252007884145658
0.19 0.08 0 0.0007446082980537485
0.19 0.09 0 0.002085608655824789
0.19 0.1 0 0.019109500415780897
0.19 0.11 0 0.004850486920709482
0.19 0.12 0 0.003481709085759622
0.19 0.13 0 0.027460228907851082
0.19 0.14 0 0.02203570417515271
0.19 0.15 0 0.10349449453781814
0.19 0.16 0 0.12742218810546058
0.19 0.17 0 0.28319740371461993
0.19 0.18 0 0.0755743500632981
0.19 0.19 0 0.015413616640731832
0.19 0.2 0 0.0036060025442742256
0.19 0.21 0 0.0004944876007068999
0.19 0.22 0 0.0027094627615457155
0.19 0.23 0 0.06156045821903786
0.19 0.24 0 0.2927886651266407
0.19 0.25 0 0.03477692906507015
0.19 0.26 0 0.020430422136762178
0.19 0.27 0 0.002350509403296879
0.19 0.28 0 0.010985389622128644
0.19 0.29 0 0.020997759567768677
0.19 0.3 0 0.03539351223498322
0.19 0.31 0 0.09473220360133476
0.19 0.32 0 0.01702145227993458
0.19 0.33 0 0.0066224364986594685
0.19 0.34 0 0.0028157669857741714
0.19 0.35000000000000003 0 0.00040690388504496116
0.19 0.36 0 0.0003052656507984567
0.19 0.37 0 0.005016205288632704
0.19 0.38 0 0.001715300544731546
0.19 0.39 0 0.0012064793895270834
0.19 0.4 0 0.008697332949178961
0.19 0.41000000000000003 0 0.08793267190879396
0.19 0.42 0 0.01406901415007715
0.19 0.43 0 0.007343641702610423
0.19 0.44 0 0.02888274503575364
0.19 0.45 0 0.11930866200608768
0.19 0.46 0 0.6639729625509657
0.19 0.47000000000000003 0 1.1464079235989095
0.19 0.48 0 3.8965767475846937
0.19 0.49 0 9.204133482388906
0.19 0.5 0 2.4541228725863724
0.2 0.0 0 0.009313094775843175
0.2 0.01 0 0.004695829382285599
0.2 0.02 0 0.0043376273603154
0.2 0.03 0 0.0017133940122996266
0.2 0.04 0 0.0001635164452440724
0.2 0.05 0 0.0005150988080099155
0.2 0.06 0 0.0002863342048282283
0.2 0.07 0 0.0010974477338126561
0.2 0.08 0 0.0035283111289075276
0.2 0.09 0 0.0046550388062819165
0.2 0.1 0 0.03998772726145959
0.2 0.11 0 0.04406794495097835
0.2 0.12 0 0.0014131066571729906
0.2 0.13 0 0.0004995335752013678
0.2 0.14 0 0.006070441975736027
0.2 0.15 0 0.005823223213294224
0.2 0.16 0 0.007023213035186425
0.2 0.17 0 0.11141317220753574
0.2 0.18 0 0.11755154450090805
0.2 0.19 0 0.011382891829113865
0.2 0.2 0 0.015331546626809163
0.2 0.21 0 0.03570918637509369
0.2 0.22 0 0.007700292780666282
0.2 0.23 0 0.07558363722758528
0.2 0.24 0 0.12027395006624222
0.2 0.25 0 0.07163940031194639
0.2 0.26 0 0.12818632430311208
0.2 0.27 0 0.022525251636213713
0.2 0.28 0 0.011396092211936642
0.2 0.29 0 0.007768652515276874
0.2 0.3 0 0.005120203029279996
0.2 0.31 0 0.0011768468790925742
0.2 0.32 0 0.0015509251071491397
0.2 0.33 0 0.0004020153884216576
0.2 0.34 0 4.537062381815701e-05
0.2 0.35000000000000003 0 0.00011827298548928506
0.2 0.36 0 0.0009102068667737399
0.2 0.37 0 0.0011592229483550888
0.2 0.38 0 0.025073413431522997
0.2 0.39 0 0.7997083531215636
0.2 0.4 0 0.09744180057817135
0.2 0.41000000000000003 0 0.06574618916272344
0.2 0.42 0 0.24494151435649467
0.2 0.43 0 0.01054994503139335
0.2 0.44 0 0.002113207881279082
0.2 0.45 0 0.0445971196548333
0.2 0.46 0 0.025681565319672403
0.2 0.47000000000000003 0 0.03753187697730134
0.2 0.48 0 2.312006194905536
0.2 0.49 0 3.896050589145813
0.2 0.5 0 1.1108608221475855
0.21 0.0 0 0.094770937166535
0.21 0.01 0 0.0011812592763122845
0.21 0.02 0 0.00011367106906492732
0.21 0.03 0 4.977970526657113e-05
0.21 0.04 0 0.00011351596135798007
0.21 0.05 0 0.0002237440177225729
0.21 0.06 0 0.005607727969789789
0.21 0.07 0 0.00817715655424291
0.21 0.08 0 0.036131387350859835
0.21 0.09 0 0.05041078193081157
0.21 0.1 0 0.012322979847166803
0.21 0.11 0 0.04143102679167533
0.21 0.12 0 0.10831009282180655
0.21 0.13 0 0.1943340196003848
0.21 0.14 0 0.01969021618244762
0.21 0.15 0 0.0032673972475890595
0.21 0.16 0 0.0018299657264649353
0.21 0.17 0 0.002423434515966711
0.21 0.18 0 0.007299626993985367
0.21 0.19 0 0.004136718036710362
0.21 0.2 0 0.008379162659795015
0.21 0.21 0 0.004767855153929744
0.21 0.22 0 0.0019063046731568837
0.21 0.23 0 0.03099252770189392
0.21 0.24 0 0.0050229128438815055
0.21 0.25 0 0.0009040843681769525
0.21 0.26 0 0.006933002619866421
0.21 0.27 0 0.00267194065998917
0.21 0.28 0 0.0002581680961970099
0.21 0.29 0 0.0007876080079167006
0.21 0.3 0 0.000670060523909348
0.21 0.31 0 0.0004976859979290303
0.21 0.32 0 7.392131914441142e-05
0.21 0.33 0 7.3726329644239e-05
0.21 0.34 0 0.00024560299145675853
0.21 0.35000000000000003 0 0.0006859677769446375
0.21 0.36 0 0.01759844892281023
0.21 0.37 0 0.05307783790750714
0.21 0.38 0 0.03008109320001958
0.21 0.39 0 0.011633651681537228
0.21 0.4 0 0.03186951605586885
0.21 0.41000000000000003 0 0.019736343450072177
0.21 0.42 0 0.02342279413070536
0.21 0.43 0 0.06658419728338313
0.21 0.44 0 0.07575074337044721
0.21 0.45 0 0.013094132165781132
0.21 0.46 0 0.16817843875567742
0.21 0.47000000000000003 0 0.541437830225242
0.21 0.48 0 0.20398983957128972
0.21 0.49 0 0.8686113276297932
0.21 0.5 0 0.8724972406563808
0.22 0.0 0 0.0508520218297933
0.22 0.01 0 0.06409535949766171
0.22 0.02 0 0.0088389472409224
0.22 0.03 0 0.02115347148428414
0.22 0.04 0 0.009634902398359102
0.22 0.05 0 0.0013701789859820932
0.22 0.06 0 0.02824946979849118
0.22 0.07 0 0.46077981452512257
0.22 0.08 0 1.8058020691694907
0.22 0.09 0 1.6933221937969134
0.22 0.1 0 0.19388917110572468
0.22 0.11 0 0.021413025705337003
0.22 0.12 0 0.01999736766453767
0.22 0.13 0 0.11747219441302872
0.22 0.14 0 0.1108904581379646
0.22 0.15 0 0.021548250688768634
0.22 0.16 0 0.001764195853433525
0.22 0.17 0 0.0002200553397220023
0.22 0.18 0 0.00027554723546368355
0.22 0.19 0 0.0009096075131720204
0.22 0.2 0 0.007597084653269374
0.22 0.21 0 0.012077313814048363
0.22 0.22 0 0.0019911420050781115
0.22 0.23 0 0.00022787314637684675
0.22 0.24 0 0.0016447214413091577
0.22 0.25 0 0.0001820462111940909
0.22 0.26 0 8.328534679503397e-05
0.22 0.27 0 0.00020332507499860026
0.22 0.28 0 0.0005643933633400828
0.22 0.29 0 0.0006802991785222635
0.22 0.3 0 0.002615530053998689
0.22 0.31 0 0.030201710026913804
0.22 0.32 0 0.001966525985130081
0.22 0.33 0 0.0010348201270194033
0.22 0.34 0 0.008449674512338409
0.22 0.35000000000000003 0 0.018091437780323703
0.22 0.36 0 0.09281899738627321
0.22 0.37 0 1.5365108897565614
0.22 0.38 0 0.03350844484949812
0.22 0.39 0 0.04176670345464014
0.22 0.4 0 0.009776235087228531
0.22 0.41000000000000003 0 0.014767242630582631
0.22 0.42 0 0.24492762535302942
0.22 0.43 0 0.2102869998975402
0.22 0.44 0 0.08995970026718698
0.22 0.45 0 0.030659369774012693
0.22 0.46 0 0.0529048363554958
0.22 0.47000000000000003 0 0.06641035561716643
0.22 0.48 0 0.7137804894387921
0.22 0.49 0 0.4835330667059774
0.22 0.5 0 0.024237494822669098
0.23 0.0 0 0.010923861909910255
0.23 0.01 0 0.03599307755453525
0.23 0.02 0 0.08734183095840821
0.23 0.03 0 0.11886554241096456
0.23 0.04 0 0.02271310634268587
0.23 0.05 0 0.03220481074837744
0.23 0.06 0 0.008385617103646529
0.23 0.07 0 0.0020769452221301543
0.23 0.08 0 0.013031200797883937
0.23 0.09 0 0.07430236212549378
0.23 0.1 0 0.04394793105984821
0.23 0.11 0 0.026984420361637798
0.23 0.12 0 0.019329485856411387
0.23 0.13 0 0.0034224646880636183
0.23 0.14 0 0.005216986470344048
0.23 0.15 0 0.019285479181466638
0.23 0.16 0 0.006082523297561284
0.23 0.17 0 0.009367655824080117
0.23 0.18 0 0.006140744778391859
0.23 0.19 0 0.009235480949287797
0.23 0.2 0 0.026127103706466842
0.23 0.21 0 0.029045554736422906
0.23 0.22 0 0.001906742294406914
0.23 0.23 0 0.001340687280532231
0.23 0.24 0 0.00018288397533455743
0.23 0.25 0 6.052054866485405e-05
0.23 0.26 0 0.000584706745302944
0.23 0.27 0 0.0002181962605154977
0.23 0.28 0 0.00010415886619822223
0.23 0.29 0 0.0005244809436937559
0.23 0.3 0 0.00040592510242192724
0.23 0.31 0 0.00012083112187566881
0.23 0.32 0 0.0033011477724051354
0.23 0.33 0 0.004480178175776992
0.23 0.34 0 0.017351108094550486
0.23 0.35000000000000003 0 0.04269718671359714
0.23 0.36 0 0.4848272114998128
0.23 0.37 0 0.3937032519156738
0.23 0.38 0 0.03579519457680404
0.23 0.39 0 0.04039078954406619
0.23 0.4 0 0.1471990959774332
0.23 0.41000000000000003 0 0.2664134991006332
0.23 0.42 0 0.09415441344101118
0.23 0.43 0 0.1008055399639011
0.23 0.44 0 0.06667341996549492
0.23 0.45 0 0.01988441131327782
0.23 0.46 0 0.004080136822604047
0.23 0.47000000000000003 0 0.12495475698258125
0.23 0.48 0 0.7475946629821707
0.23 0.49 0 2.4020289618793442
0.23 0.5 0 5.079107252963098
0.24 0.0 0 0.1539295887877138
0.24 0.01 0 0.16643518619296377
0.24 0.02 0 0.08360655911467117
0.24 0.03 0 0.12985597549645322
0.24 0.04 0 0.10878238989695369
0.24 0.05 0 0.00940731532886886
0.24 0.06 0 0.039321533667279036
0.24 0.07 0 0.20727252485656816
0.24 0.08 0 0.18940864059841442
0.24 0.09 0 0.1269809489440635
0.24 0.1 0 0.018996292841879602
0.24 0.11 0 0.0025286921054672885
0.24 0.12 0 0.0024941366938290963
0.24 0.13 0 0.10062840906163364
0.24 0.14 0 0.029832848984565574
0.24 0.15 0 0.0008652949469637715
0.24 0.16 0 0.0010584081474485252
0.24 0.17 0 0.0003801673047997554
0.24 0.18 0 0.00042086778897192296
0.24 0.19 0 0.002103888308443623
0.24 0.2 0 0.0015204970337430038
0.24 0.21 0 0.0016512818653467464
0.24 0.22 0 0.002526230945802605
0.24 0.23 0 0.0013767830651410988
0.24 0.24 0 0.001178078900147062
0.24 0.25 0 0.0005964897452941064
0.24 0.26 0 0.000761104248945491
0.24 0.27 0 0.0005488386128654516
0.24 0.28 0 0.0002447493056737779
0.24 0.29 0 0.0002424458893616304
0.24 0.3 0 9.766821970162973e-05
0.24 0.31 0 0.0012460262461694834
0.24 0.32 0 0.0012069862753594195
0.24 0.33 0 0.0013091113130812386
0.24 0.34 0 0.032308461357897306
0.24 0.35000000000000003 0 0.24059670934154265
0.24 0.36 0 0.13415049783100993
0.24 0.37 0 0.15998841833174066
0.24 0.38 0 0.024827305593453006
0.24 0.39 0 0.003901979578122502
0.24 0.4 0 0.012954761386689329
0.24 0.41000000000000003 0 0.015363465740103567
0.24 0.42 0 0.2027294293606223
0.24 0.43 0 0.09934817463774609
0.24 0.44 0 0.030384150300488612
0.24 0.45 0 0.032595265282376905
0.24 0.46 0 0.0470546658751443
0.24 0.47000000000000003 0 0.24690519723784835
0.24 0.48 0 0.9978969721493488
0.24 0.49 0 5.2600791652607874
0.24 0.5 0 6.543342883488232
0.25 0.0 0 4.139758667694151
0.25 0.01 0 5.755088840892278
0.25 0.02 0 0.2695522445196835
0.25 0.03 0 0.01734709279946272
0.25 0.04 0 0.004775051788506369
0.25 0.05 0 0.0014622734915301979
0.25 0.06 0 0.05197843826996801
0.25 0.07 0 0.10756426149774423
0.25 0.08 0 0.8229661595960296
0.25 0.09 0 0.4163429881644696
0.25 0.1 0 0.02321447715105605
0.25 0.11 0 0.06807423429398163
0.25 0.12 0 0.0932567616452249
0.25 0.13 0 0.015517528215892747
0.25 0.14 0 0.12838065387980152
0.25 0.15 0 0.1763031568587601
0.25 0.16 0 0.011413673797791065
0.25 0.17 0 0.0017208310364291949
0.25 0.18 0 0.001016507184672438
0.25 0.19 0 0.004450115315961372
0.25 0.2 0 0.006265039913401263
0.25 0.21 0 0.010068905455957029
0.25 0.22 0 0.007937734592397607
0.25 0.23 0 0.0047225651823142025
0.25 0.24 0 0.0042544984229457555
0.25 0.25 0 0.0023452102394428504
0.25 0.26 0 0.04780847152113829
0.25 0.27 0 0.025399133717311964
0.25 0.28 0 0.0006385442125325324
0.25 0.29 0 0.0020351413230517224
0.25 0.3 0 0.004351002458824622
0.25 0.31 0 0.0005249750839848452
0.25 0.32 0 0.0023468991823290372
0.25 0.33 0 0.019734851211191215
0.25 0.34 0 0.0095749942041202
0.25 0.35000000000000003 0 0.007632482104566345
0.25 0.36 0 0.0033805992853213214
0.25 0.37 0 0.009056612825860283
0.25 0.38 0 0.0028686649499168946
0.25 0.39 0 0.005382974667332832
0.25 0.4 0 0.0008082499565967472
0.25 0.41000000000000003 0 4.262116562716061e-05
0.25 0.42 0 0.0002014889109016989
0.25 0.43 0 0.0004182328245117704
0.25 0.44 0 0.0010947115984779115
0.25 0.45 0 0.0029206919354345974
0.25 0.46 0 0.007746299352632703
0.25 0.47000000000000003 0 0.042993377778440596
0.25 0.48 0 0.18093107109813894
0.25 0.49 0 0.1021055720660907
0.25 0.5 0 0.2564380984261656
0.26 0.0 0 21.01374535354094
0.26 0.01 0 19.38674729580216
0.26 0.02 0 2.3483659392970515
0.26 0.03 0 0.5127058082385526
0.26 0.04 0 0.10647829505712593
0.26 0.05 0 0.04849756837934296
0.26 0.06 0 0.10589096153671987
0.26 0.07 0 0.16437103066233108
0.26 0.08 0 0.020050373291440732
0.26 0.09 0 0.05222462317459903
0.26 0.1 0 0.027769190289694518
0.26 0.11 0 0.06629100819485637
0.26 0.12 0 0.028973631279597956
0.26 0.13 0 0.002625338836383145
0.26 0.14 0 0.0045063801805900845
0.26 0.15 0 0.0069345412301326705
0.26 0.16 0 0.039876634246367136
0.26 0.17 0 0.9715662048965906
0.26 0.18 0 0.38464636292489335
0.26 0.19 0 0.11819904549619249
0.26 0.2 0 0.13992688952934232
0.26 0.21 0 0.19525990541849259
0.26 0.22 0 0.3509012892625151
0.26 0.23 0 0.11097464748519378
0.26 0.24 0 0.3745048092483466
0.26 0.25 0 0.16804875299649907
0.26 0.26 0 0.03611268364169002
0.26 0.27 0 0.23859678528955508
0.26 0.28 0 0.08788970525806276
0.26 0.29 0 0.014473753934624153
0.26 0.3 0 0.04756988892475993
0.26 0.31 0 0.008095412203868411
0.26 0.32 0 0.02908587961932506
0.26 0.33 0 0.013512338856826638
0.26 0.34 0 0.0271791178603094
0.26 0.35000000000000003 0 0.02522329117069312
0.26 0.36 0 0.004347772172972356
0.26 0.37 0 0.0064427110902320825
0.26 0.38 0 0.002037838725008687
0.26 0.39 0 0.008209380708771637
0.26 0.4 0 0.03773675936191757
0.26 0.41000000000000003 0 0.020408853508147386
0.26 0.42 0 0.0014453150978748059
0.26 0.43 0 0.000524440793792738
0.26 0.44 0 0.00013234909328024093
0.26 0.45 0 0.002803243013398875
0.26 0.46 0 0.020186838750815443
0.26 0.47000000000000003 0 0.13841720703175192
0.26 0.48 0 0.22225813834213773
0.26 0.49 0 0.008175468063814865
0.26 0.5 0 0.0016953098151258287
0.27 0.0 0 1.9796319606970711
0.27 0.01 0 0.8155400800284855
0.27 0.02 0 0.12538837482570156
0.27 0.03 0 0.045140736554432646
0.27 0.04 0 1.1934070565853159
0.27 0.05 0 0.20559891316525272
0.27 0.06 0 0.01519471141722235
0.27 0.07 0 0.004184490248172245
0.27 0.08 0 0.002268047320085772
0.27 0.09 0 0.0015987484428453356
0.27 0.1 0 0.0010170131697495133
0.27 0.11 0 0.0008748362336588094
0.27 0.12 0 0.01493654072907434
0.27 0.13 0 0.014326929747121773
0.27 0.14 0 0.0032816711374271464
0.27 0.15 0 0.012609237930691432
0.27 0.16 0 0.007998773076535183
0.27 0.17 0 0.03355815565234851
0.27 0.18 0 0.18159811790121427
0.27 0.19 0 0.5715150152635794
0.27 0.2 0 0.16534990698740631
0.27 0.21 0 0.07799941317660164
0.27 0.22 0 0.30187623348891346
0.27 0.23 0 0.057803556411908805
0.27 0.24 0 0.06762090691276909
0.27 0.25 0 1.4531896699641165
0.27 0.26 0 0.03292925777689128
0.27 0.27 0 0.011624171501505593
0.27 0.28 0 0.08833465146785356
0.27 0.29 0 0.2633736204595754
0.27 0.3 0 0.33274648527574174
0.27 0.31 0 0.15613942619906038
0.27 0.32 0 0.06615421066655357
0.27 0.33 0 0.022033893339064282
0.27 0.34 0 0.001474176196676896
0.27 0.35000000000000003 0 0.00337994957970981
0.27 0.36 0 0.01103192466098933
0.27 0.37 0 0.0009286691824374899
0.27 0.38 0 0.0017136008006552617
0.27 0.39 0 0.0016502582828189477
0.27 0.4 0 0.011158495138691762
0.27 0.41000000000000003 0 0.002102277017833602
0.27 0.42 0 0.003068489436643824
0.27 0.43 0 0.02228071640461135
0.27 0.44 0 0.005964933504942638
0.27 0.45 0 0.0037338892662809164
0.27 0.46 0 0.00427813185213537
0.27 0.47000000000000003 0 0.0023315662366845532
0.27 0.48 0 0.008661253836489333
0.27 0.49 0 0.0163776434334028
0.27 0.5 0 0.19364355427522936
0.28 0.0 0 1.0301706384717308
0.28 0.01 0 0.26606720602209144
0.28 0.02 0 0.029912750816254424
0.28 0.03 0 0.008321142872104972
0.28 0.04 0 0.006834090435435503
0.28 0.05 0 0.03322522021839046
0.28 0.06 0 0.5572610695531105
0.28 0.07 0 0.11966710440832487
0.28 0.08 0 0.011660710937155976
0.28 0.09 0 0.010345209774407593
0.28 0.1 0 0.00903282664624525
0.28 0.11 0 0.0029263383284423294
0.28 0.12 0 0.0130098114722179
0.28 0.13 0 0.009989424425975032
0.28 0.14 0 0.0020453427300224226
0.28 0.15 0 0.0008390964256177661
0.28 0.16 0 0.00038779291466777726
0.28 0.17 0 0.00030789667237385824
0.28 0.18 0 9.476340668260899e-05
0.28 0.19 0 0.0006116593839353482
0.28 0.2 0 0.012283809268411942
0.28 0.21 0 0.0218309977410129
0.28 0.22 0 0.023236596496970817
0.28 0.23 0 0.0343120585684537
0.28 0.24 0 0.0575614746381534
0.28 0.25 0 0.052148875891214294
0.28 0.26 0 0.5145541885294458
0.28 0.27 0 2.180423968070822
0.28 0.28 0 12.363302695654955
0.28 0.29 0 3.981124159948861
0.28 0.3 0 6.661919255322383
0.28 0.31 0 6.415479819191807
0.28 0.32 0 1.2181591157643752
0.28 0.33 0 6.994387183036264
0.28 0.34 0 1.5787908962020993
0.28 0.35000000000000003 0 0.3999025971218958
0.28 0.36 0 0.04301803618653474
0.28 0.37 0 0.12948079155863754
0.28 0.38 0 0.30108191235922577
0.28 0.39 0 0.03621164809351281
0.28 0.4 0 0.005104965809016403
0.28 0.41000000000000003 0 0.015475038092561367
0.28 0.42 0 0.015532579581684407
0.28 0.43 0 0.07914376548601089
0.28 0.44 0 0.18909887338274575
0.28 0.45 0 0.0362710231731595
0.28 0.46 0 0.036222689957441816
0.28 0.47000000000000003 0 0.021192688927129676
0.28 0.48 0 0.05803890907627706
0.28 0.49 0 0.2197707053046799
0.28 0.5 0 0.38895479957750245
0.29 0.0 0 0.12176346454899431
0.29 0.01 0 0.15581444436836814
0.29 0.02 0 0.02804084236505977
0.29 0.03 0 0.005004197407701282
0.29 0.04 0 0.01628296904708941
0.29 0.05 0 0.0072462169909944234
0.29 0.06 0 0.0010906267045791755
0.29 0.07 0 0.02846654385514779
0.29 0.08 0 0.0029757705009961213
0.29 0.09 0 0.00016253967450954434
0.29 0.1 0 0.002655962470218825
0.29 0.11 0 0.013123873916838892
0.29 0.12 0 0.0023959733215600685
0.29 0.13 0 0.0012492024254660058
0.29 0.14 0 0.003995051730520088
0.29 0.15 0 0.00211029271669
0.29 0.16 0 0.002562819684883289
0.29 0.17 0 0.0044915316251504895
0.29 0.18 0 0.014221352376597832
0.29 0.19 0 0.015837397830163955
0.29 0.2 0 0.003954154700825969
0.29 0.21 0 0.005465605144511206
0.29 0.22 0 0.03407707669685087
0.29 0.23 0 0.03328564104522749
0.29 0.24 0 0.04527720324574336
0.29 0.25 0 2.3923815640368122
0.29 0.26 0 1.897905142646984
0.29 0.27 0 1.3222340069972474
0.29 0.28 0 4.788187363854679
0.29 0.29 0 0.7357218057374862
0.29 0.3 0 2.8435907101129656
0.29 0.31 0 18.159798785562593
0.29 0.32 0 49.941857144002974
0.29 0.33 0 39.17704944702147
0.29 0.34 0 21.079416350790243
0.29 0.35000000000000003 0 7.029435355267829
0.29 0.36 0 1.9072606013888578
0.29 0.37 0 0.07873884661112486
0.29 0.38 0 0.025482307934218233
0.29 0.39 0 0.09106348498121551
0.29 0.4 0 0.026519380762140412
0.29 0.41000000000000003 0 0.043140980522597454
0.29 0.42 0 0.031066050467364846
0.29 0.43 0 0.005014215488486953
0.29 0.44 0 0.0015413952899722796
0.29 0.45 0 0.0030969974876707772
0.29 0.46 0 0.006634170869879851
0.29 0.47000000000000003 0 0.007061652737302412
0.29 0.48 0 0.015556031207460684
0.29 0.49 0 0.17082897799705526
0.29 0.5 0 0.2968390026201515
0.3 0.0 0 0.029225371382858564
0.3 0.01 0 0.001456589670277333
0.3 0.02 0 0.006504151869145084
0.3 0.03 0 0.0061976837725105215
0.3 0.04 0 0.013067731108905951
0.3 0.05 0 0.018973394356452577
0.3 0.06 0 0.005891139533991131
0.3 0.07 0 0.0007893837473172119
0.3 0.08 0 0.0007600346952273873
0.3 0.09 0 0.0011175028859775609
0.3 0.1 0 0.003711884816804381
0.3 0.11 0 0.031578919581975236
0.3 0.12 0 0.01224794340159103
0.3 0.13 0 0.00712338160061307
0.3 0.14 0 0.0008386542435273906
0.3 0.15 0 0.0017926620535087612
0.3 0.16 0 0.005596765230741781
0.3 0.17 0 0.08982070632956526
0.3 0.18 0 0.16688614795197856
0.3 0.19 0 0.10502536319925404
0.3 0.2 0 0.14437859039455905
0.3 0.21 0 0.020401599903398127
0.3 0.22 0 0.052769966378246255
0.3 0.23 0 3.2271981864710915
0.3 0.24 0 8.433303412855327
0.3 0.25 0 4.9820861167753066
0.3 0.26 0 6.1713630792368175
0.3 0.27 0 5.7105089540527185
0.3 0.28 0 3.311491798925108
0.3 0.29 0 6.388405093961088
0.3 0.3 0 14.335209336844859
0.3 0.31 0 4.981668951038028
0.3 0.32 0 8.435506028900278
0.3 0.33 0 16.979493646728084
0.3 0.34 0 32.51493805090827
0.3 0.35000000000000003 0 17.363407763945997
0.3 0.36 0 2.184423040411896
0.3 0.37 0 0.09534996837950067
0.3 0.38 0 0.11388886737114458
0.3 0.39 0 0.08997413576139306
0.3 0.4 0 0.07800068121200827
0.3 0.41000000000000003 0 0.705502914884034
0.3 0.42 0 0.31641714122814785
0.3 0.43 0 0.054232453636547585
0.3 0.44 0 0.027357183729301862
0.3 0.45 0 0.004109817439790019
0.3 0.46 0 0.004055520712012549
0.3 0.47000000000000003 0 0.06876472002779013
0.3 0.48 0 0.050986973901542165
0.3 0.49 0 0.00703397758844905
0.3 0.5 0 0.017964591614449608
#STOP
