#MEDIUM_PROPERTIES_DISTRIBUTED
$MSH_TYPE
	 RICHARDS_FLOW	
$MMP_TYPE
	 PERMEABILITY	
$DIS_TYPE
	 NEAREST_VALUE	
;hj
$CONVERSION_FACTOR
	 2.0e-8	
$DATA
0.0 0.0 0 0.0015092494416399191
0.0 0.01 0 0.0034853004716686163
0.0 0.02 0 0.008246830931362402
0.0 0.03 0 0.00044767518372579426
0.0 0.04 0 0.0009880022365514258
0.0 0.05 0 0.0010891450061459782
0.0 0.06 0 0.013336927379387515
0.0 0.07 0 0.00507662505403447
0.0 0.08 0 0.0015327823079353386
0.0 0.09 0 0.0031421984290121454
0.0 0.1 0 0.006058152751413754
0.0 0.11 0 0.010154385365878425
0.0 0.12 0 0.003175884261923954
0.0 0.13 0 0.007071389712509559
0.0 0.14 0 0.01453436100889667
0.0 0.15 0 0.07243531854917216
0.0 0.16 0 0.6815587836207044
0.0 0.17 0 0.8455000964094255
0.0 0.18 0 0.22466687456866877
0.0 0.19 0 1.4648541124610464
0.0 0.2 0 3.9966018080111083
0.0 0.21 0 4.656656287968482
0.0 0.22 0 3.9254869861131843
0.0 0.23 0 7.583651870933106
0.0 0.24 0 10.77476990534725
0.0 0.25 0 31.70660551056568
0.0 0.26 0 137.93716983444747
0.0 0.27 0 8.795662425018978
0.0 0.28 0 1.2716514593414308
0.0 0.29 0 2.6161730599416098
0.0 0.3 0 0.6129598597990011
0.0 0.31 0 0.9969048964298781
0.0 0.32 0 2.198112888263601
0.0 0.33 0 0.9682594433642641
0.0 0.34 0 0.33425985709569733
0.0 0.35000000000000003 0 2.908694321930534
0.0 0.36 0 0.4097457790468724
0.0 0.37 0 0.41134189966771806
0.0 0.38 0 0.006046084320357897
0.0 0.39 0 0.01902783105117199
0.0 0.4 0 0.23773639395580234
0.0 0.41000000000000003 0 1.749033731791926
0.0 0.42 0 1.5671465823396753
0.0 0.43 0 1.3092900908368128
0.0 0.44 0 0.9059077846057549
0.0 0.45 0 4.0434390013170765
0.0 0.46 0 2.20824713062342
0.0 0.47000000000000003 0 5.74322466594685
0.0 0.48 0 2.5881715410908988
0.0 0.49 0 2.1310341450560335
0.0 0.5 0 0.18507205024529214
0.01 0.0 0 0.0003663677282404501
0.01 0.01 0 0.00036247442694452037
0.01 0.02 0 0.0008539987007882571
0.01 0.03 0 2.365428822253113e-05
0.01 0.04 0 0.00016017646800510022
0.01 0.05 0 0.0009388928387382756
0.01 0.06 0 0.00034864170679816656
0.01 0.07 0 0.0020505841063561837
0.01 0.08 0 0.006796581308885643
0.01 0.09 0 0.012957534036088306
0.01 0.1 0 0.27839165740316507
0.01 0.11 0 0.03360520250632943
0.01 0.12 0 0.006447529123721675
0.01 0.13 0 0.03903775066756251
0.01 0.14 0 0.39121607170627926
0.01 0.15 0 0.5784617853343906
0.01 0.16 0 1.6346963365980018
0.01 0.17 0 0.2879787537275481
0.01 0.18 0 2.5535378492345244
0.01 0.19 0 9.473682308446179
0.01 0.2 0 19.371638815064443
0.01 0.21 0 0.37014363565639813
0.01 0.22 0 0.14386526427654386
0.01 0.23 0 0.11619329535893977
0.01 0.24 0 1.6055529792928216
0.01 0.25 0 0.31321629094210834
0.01 0.26 0 2.555501363823768
0.01 0.27 0 1.5646737318699142
0.01 0.28 0 2.722371487918583
0.01 0.29 0 0.7298693745159452
0.01 0.3 0 0.049349992290474334
0.01 0.31 0 0.11390997793744063
0.01 0.32 0 0.11892869619235441
0.01 0.33 0 0.03337265780529109
0.01 0.34 0 0.06715403417209027
0.01 0.35000000000000003 0 0.5298592072683409
0.01 0.36 0 0.611905111522881
0.01 0.37 0 0.01948839385927017
0.01 0.38 0 0.006617314925585762
0.01 0.39 0 0.026191432302207662
0.01 0.4 0 0.06986160360962777
0.01 0.41000000000000003 0 0.026213844324865194
0.01 0.42 0 0.09391667680042387
0.01 0.43 0 0.09552639807373196
0.01 0.44 0 0.4194429508566623
0.01 0.45 0 0.2710608939912412
0.01 0.46 0 19.895401834935218
0.01 0.47000000000000003 0 3.0604081569443498
0.01 0.48 0 0.4949800448224592
0.01 0.49 0 3.576171992075191
0.01 0.5 0 0.7886471341762066
0.02 0.0 0 0.0003952044987729116
0.02 0.01 0 0.01230645784074405
0.02 0.02 0 0.0013222764641548366
0.02 0.03 0 0.0006944905957469136
0.02 0.04 0 0.0003828970632492928
0.02 0.05 0 0.001951022037006744
0.02 0.06 0 0.006424989863688721
0.02 0.07 0 0.02963448976204742
0.02 0.08 0 0.14763732940175195
0.02 0.09 0 0.05918424230352568
0.02 0.1 0 0.2893540740956967
0.02 0.11 0 0.1843117381451208
0.02 0.12 0 0.1497230212133345
0.02 0.13 0 0.15603000897916294
0.02 0.14 0 0.17217504639823386
0.02 0.15 0 0.9790223277239913
0.02 0.16 0 30.028647810993135
0.02 0.17 0 4.848343286650209
0.02 0.18 0 1.7607290775687032
0.02 0.19 0 2.238190801748483
0.02 0.2 0 0.17875111213168715
0.02 0.21 0 0.2372326703556201
0.02 0.22 0 0.09019769633200847
0.02 0.23 0 0.007529335638983362
0.02 0.24 0 0.002093898315847024
0.02 0.25 0 0.02460617855005019
0.02 0.26 0 0.045586257287370806
0.02 0.27 0 0.014813728646588704
0.02 0.28 0 0.027381194985321832
0.02 0.29 0 0.4185244433492049
0.02 0.3 0 0.17853837458102986
0.02 0.31 0 0.09425433331079368
0.02 0.32 0 0.32585351434603355
0.02 0.33 0 0.1797122024805764
0.02 0.34 0 1.0318491789941395
0.02 0.35000000000000003 0 0.11812488916310544
0.02 0.36 0 0.31641914395513465
0.02 0.37 0 0.5039277216765885
0.02 0.38 0 0.048974819486960613
0.02 0.39 0 0.025151263804457844
0.02 0.4 0 0.23737753023459351
0.02 0.41000000000000003 0 0.0762824981941844
0.02 0.42 0 0.02950449070424938
0.02 0.43 0 0.045457865773858
0.02 0.44 0 0.2440315343847389
0.02 0.45 0 0.27199850741761855
0.02 0.46 0 0.8661716719838459
0.02 0.47000000000000003 0 0.7391336796134703
0.02 0.48 0 2.446472526241938
0.02 0.49 0 4.667145273830006
0.02 0.5 0 0.5596184248391687
0.03 0.0 0 0.004271071377700928
0.03 0.01 0 0.004934699677483161
0.03 0.02 0 0.02030219719812665
0.03 0.03 0 0.014032323323563183
0.03 0.04 0 0.026544808522807238
0.03 0.05 0 0.01741813185963091
0.03 0.06 0 0.062469947647942024
0.03 0.07 0 0.2990055368857719
0.03 0.08 0 0.9805652048986693
0.03 0.09 0 0.06876458668752719
0.03 0.1 0 0.22526718239281426
0.03 0.11 0 0.6398719439858641
0.03 0.12 0 0.2005676290420997
0.03 0.13 0 0.20190337994573193
0.03 0.14 0 0.15142952124707235
0.03 0.15 0 0.19595827705651336
0.03 0.16 0 1.268598560763768
0.03 0.17 0 1.3906329914289897
0.03 0.18 0 0.4475227171845593
0.03 0.19 0 0.674594176735288
0.03 0.2 0 0.362194979322914
0.03 0.21 0 0.025384815569250076
0.03 0.22 0 0.005723475782092342
0.03 0.23 0 0.016584370323242354
0.03 0.24 0 0.0036569106780113647
0.03 0.25 0 0.0005064475458192011
0.03 0.26 0 0.00023711686002280603
0.03 0.27 0 8.274020742110832e-05
0.03 0.28 0 0.014965191961976836
0.03 0.29 0 0.11969437913244577
0.03 0.3 0 0.20273496894002907
0.03 0.31 0 0.17838609388604554
0.03 0.32 0 0.13226655105363044
0.03 0.33 0 2.6302776820347704
0.03 0.34 0 9.231753685649608
0.03 0.35000000000000003 0 0.5977940142068877
0.03 0.36 0 1.0421709492329547
0.03 0.37 0 11.04279107520597
0.03 0.38 0 11.683696348384093
0.03 0.39 0 9.971631767077685
0.03 0.4 0 2.8295876814775527
0.03 0.41000000000000003 0 2.0342518188230145
0.03 0.42 0 1.3838851645479633
0.03 0.43 0 4.249484992988144
0.03 0.44 0 2.6304195451929964
0.03 0.45 0 2.8026620792665993
0.03 0.46 0 2.069654351503617
0.03 0.47000000000000003 0 1.6281131409834986
0.03 0.48 0 1.0846319064161245
0.03 0.49 0 3.059466978910611
0.03 0.5 0 0.45205714476084063
0.04 0.0 0 0.009080475813024519
0.04 0.01 0 0.014289309214752816
0.04 0.02 0 0.21691457371657433
0.04 0.03 0 0.39083205283960565
0.04 0.04 0 0.24925950207540076
0.04 0.05 0 0.4331292180311805
0.04 0.06 0 2.3523438737464475
0.04 0.07 0 0.34939907521616154
0.04 0.08 0 0.24181834630499938
0.04 0.09 0 0.6749931870028342
0.04 0.1 0 1.5398955001052863
0.04 0.11 0 1.6145891613946994
0.04 0.12 0 0.09521617388687148
0.04 0.13 0 0.044996269659357505
0.04 0.14 0 0.2613593340167886
0.04 0.15 0 2.887054858192277
0.04 0.16 0 3.275393372973364
0.04 0.17 0 0.8085979871351074
0.04 0.18 0 1.0603625154166554
0.04 0.19 0 1.0704004009774737
0.04 0.2 0 2.735959221139188
0.04 0.21 0 0.36343067408647733
0.04 0.22 0 0.12171941789944772
0.04 0.23 0 0.013615286265015224
0.04 0.24 0 0.005717930908589587
0.04 0.25 0 0.00012118745462075588
0.04 0.26 0 0.0004411789445718701
0.04 0.27 0 0.00010852404240380706
0.04 0.28 0 0.0027234655136932177
0.04 0.29 0 0.011973328296190511
0.04 0.3 0 0.0028858318887147005
0.04 0.31 0 0.09397463872651239
0.04 0.32 0 0.11487131887034249
0.04 0.33 0 0.02129083947372203
0.04 0.34 0 0.011756245463260097
0.04 0.35000000000000003 0 0.01584103225515651
0.04 0.36 0 0.03496529830637361
0.04 0.37 0 0.35618098363257555
0.04 0.38 0 0.43911014459884484
0.04 0.39 0 1.6277217971816884
0.04 0.4 0 8.44838866821065
0.04 0.41000000000000003 0 0.08092510100620304
0.04 0.42 0 0.9139623789293687
0.04 0.43 0 1.5882064199364385
0.04 0.44 0 0.21689850873643474
0.04 0.45 0 0.13949365653953588
0.04 0.46 0 1.1608322495763563
0.04 0.47000000000000003 0 0.15308449856935363
0.04 0.48 0 1.0037352736863336
0.04 0.49 0 1.3498218736627825
0.04 0.5 0 0.5294406217026222
0.05 0.0 0 0.004839775701657809
0.05 0.01 0 0.03132187825775424
0.05 0.02 0 0.007627788280528316
0.05 0.03 0 0.2508597435750825
0.05 0.04 0 0.7874050385499116
0.05 0.05 0 2.7233156724998593
0.05 0.06 0 0.12368181980385182
0.05 0.07 0 0.03451567960378271
0.05 0.08 0 0.031355152660622526
0.05 0.09 0 0.04505199621166421
0.05 0.1 0 0.02485226531208452
0.05 0.11 0 0.006042080608972307
0.05 0.12 0 0.03420088476749482
0.05 0.13 0 0.8082660881844613
0.05 0.14 0 1.1785609972557474
0.05 0.15 0 0.4090696728644032
0.05 0.16 0 0.1281063836079144
0.05 0.17 0 0.8029433118814028
0.05 0.18 0 12.68094537092765
0.05 0.19 0 1.882289113373633
0.05 0.2 0 0.14115369164884542
0.05 0.21 0 0.029878749822491134
0.05 0.22 0 0.07054008647506167
0.05 0.23 0 0.02947888253695629
0.05 0.24 0 0.0018670722039127122
0.05 0.25 0 0.006328791789551485
0.05 0.26 0 0.010363398553094942
0.05 0.27 0 0.0023528321567459105
0.05 0.28 0 0.0028668658440274978
0.05 0.29 0 0.007772392953637289
0.05 0.3 0 0.025952085298903967
0.05 0.31 0 0.10805619757207471
0.05 0.32 0 0.05395914896680794
0.05 0.33 0 0.039102117077436535
0.05 0.34 0 0.016054635556510512
0.05 0.35000000000000003 0 0.0012835540579553867
0.05 0.36 0 0.012845869131901362
0.05 0.37 0 0.17264189048954967
0.05 0.38 0 0.16208163840349712
0.05 0.39 0 0.12391121342830219
0.05 0.4 0 0.5598214951979459
0.05 0.41000000000000003 0 0.14003729689356895
0.05 0.42 0 0.41417699763477095
0.05 0.43 0 0.26000312822728266
0.05 0.44 0 0.352469815802277
0.05 0.45 0 0.07730812604270268
0.05 0.46 0 0.3047049716345018
0.05 0.47000000000000003 0 0.39695008307462654
0.05 0.48 0 0.26014835123806573
0.05 0.49 0 1.3182449672408416
0.05 0.5 0 0.5569295991557969
0.06 0.0 0 0.0033471557774808714
0.06 0.01 0 0.002346988848334917
0.06 0.02 0 0.002728261873064755
0.06 0.03 0 0.02735493745845657
0.06 0.04 0 0.3036694464445509
0.06 0.05 0 2.0555442916654485
0.06 0.06 0 0.6033698358086197
0.06 0.07 0 0.07571502204827535
0.06 0.08 0 0.11112683638747857
0.06 0.09 0 0.0073019579453328315
0.06 0.1 0 0.0075104429158127095
0.06 0.11 0 0.16730658196353287
0.06 0.12 0 0.4075618338308904
0.06 0.13 0 0.44573982376283827
0.06 0.14 0 0.2401282728766767
0.06 0.15 0 5.191900538809552
0.06 0.16 0 9.876149061405325
0.06 0.17 0 0.4396557207872162
0.06 0.18 0 0.11948053422000955
0.06 0.19 0 0.6035775788612909
0.06 0.2 0 0.29158241480394603
0.06 0.21 0 1.3905688724621739
0.06 0.22 0 0.05276825394473454
0.06 0.23 0 0.03865308872319752
0.06 0.24 0 0.06837236811263042
0.06 0.25 0 0.1237488801957681
0.06 0.26 0 0.025287266798928648
0.06 0.27 0 0.011774122851049743
0.06 0.28 0 0.0007653821967581999
0.06 0.29 0 0.0016474172337342377
0.06 0.3 0 0.04232391457358932
0.06 0.31 0 0.026978972974958798
0.06 0.32 0 0.0022072347765563984
0.06 0.33 0 0.0020250820257229573
0.06 0.34 0 0.006132508613050879
0.06 0.35000000000000003 0 0.0019392553184943348
0.06 0.36 0 0.001473611092052687
0.06 0.37 0 0.0022988444056803474
0.06 0.38 0 0.0013328524363154049
0.06 0.39 0 0.07786441935624526
0.06 0.4 0 0.3685727109893328
0.06 0.41000000000000003 0 1.0098996302587602
0.06 0.42 0 1.3664056133092612
0.06 0.43 0 0.04763860136849397
0.06 0.44 0 0.02431242842747561
0.06 0.45 0 0.5218089548837007
0.06 0.46 0 0.09425506795395473
0.06 0.47000000000000003 0 0.13780658578930807
0.06 0.48 0 0.02683655871268517
0.06 0.49 0 0.08312052822999176
0.06 0.5 0 0.22793537002172543
0.07 0.0 0 0.03565565665126787
0.07 0.01 0 0.013163522255296246
0.07 0.02 0 0.16064080723760693
0.07 0.03 0 0.18353456833310236
0.07 0.04 0 0.2973736648169762
0.07 0.05 0 0.24611664501095804
0.07 0.06 0 0.484273170403011
0.07 0.07 0 0.015720787391559358
0.07 0.08 0 0.0041552308379915765
0.07 0.09 0 0.006461175722722568
0.07 0.1 0 0.006902447815993357
0.07 0.11 0 0.0309898267484897
0.07 0.12 0 0.12691100559446597
0.07 0.13 0 0.18451788737677322
0.07 0.14 0 0.3506574279162521
0.07 0.15 0 1.6920375910287586
0.07 0.16 0 0.36999575412505753
0.07 0.17 0 0.3356829674786963
0.07 0.18 0 1.4000990668861102
0.07 0.19 0 3.3644952648629975
0.07 0.2 0 9.194896139798646
0.07 0.21 0 0.6819341627209602
0.07 0.22 0 0.14609777084568865
0.07 0.23 0 0.024696530710907803
0.07 0.24 0 1.1197305371334088
0.07 0.25 0 0.2221362396980511
0.07 0.26 0 0.04903704965992928
0.07 0.27 0 0.023752002462456605
0.07 0.28 0 0.10151400127188673
0.07 0.29 0 0.009835359133996784
0.07 0.3 0 0.003128059658309532
0.07 0.31 0 0.005353368528583831
0.07 0.32 0 0.011210565888581922
0.07 0.33 0 0.24248399101666604
0.07 0.34 0 0.005397361691094718
0.07 0.35000000000000003 0 0.0001894115738065097
0.07 0.36 0 0.003921161846064985
0.07 0.37 0 0.0016145732913948583
0.07 0.38 0 0.001012039855848032
0.07 0.39 0 0.10636520244651114
0.07 0.4 0 0.10444840841922573
0.07 0.41000000000000003 0 0.13613228778110356
0.07 0.42 0 0.6674155610988179
0.07 0.43 0 0.024850451736212108
0.07 0.44 0 0.019420818814085396
0.07 0.45 0 0.0243614386496658
0.07 0.46 0 0.017339951508152172
0.07 0.47000000000000003 0 0.0049287637274334035
0.07 0.48 0 0.0012754035818203422
0.07 0.49 0 0.003690357417006345
0.07 0.5 0 0.28929613361019885
0.08 0.0 0 2.599366263072059
0.08 0.01 0 16.601298984441893
0.08 0.02 0 1.7939475576836392
0.08 0.03 0 1.3479816663776096
0.08 0.04 0 0.0893717073696663
0.08 0.05 0 0.22906122633769666
0.08 0.06 0 0.1519428589812034
0.08 0.07 0 0.014870544537588053
0.08 0.08 0 0.0027664258549499458
0.08 0.09 0 0.003121388579930628
0.08 0.1 0 0.00549271278565208
0.08 0.11 0 0.07773495717488359
0.08 0.12 0 0.10433749396225271
0.08 0.13 0 0.10351997868492245
0.08 0.14 0 0.07309932437287416
0.08 0.15 0 0.7766451762699059
0.08 0.16 0 0.14820307055241605
0.08 0.17 0 0.011994138443851594
0.08 0.18 0 0.03253098612377787
0.08 0.19 0 0.038129574325192456
0.08 0.2 0 0.04030123596824224
0.08 0.21 0 0.02351789234026644
0.08 0.22 0 0.0027919377570283133
0.08 0.23 0 0.0014596709339602986
0.08 0.24 0 0.015099838532099766
0.08 0.25 0 0.002930525862436893
0.08 0.26 0 0.007781056240115545
0.08 0.27 0 0.023634847037890313
0.08 0.28 0 0.020426928291545916
0.08 0.29 0 0.63657364574655
0.08 0.3 0 0.1403549949384591
0.08 0.31 0 0.04364249499495308
0.08 0.32 0 0.014540963416451386
0.08 0.33 0 0.018044661584892267
0.08 0.34 0 0.007893385367196283
0.08 0.35000000000000003 0 0.007701270809511065
0.08 0.36 0 0.01371009725403521
0.08 0.37 0 0.0010763982428554741
0.08 0.38 0 0.004934853163219446
0.08 0.39 0 0.1699666572298264
0.08 0.4 0 0.19079051189211038
0.08 0.41000000000000003 0 0.11274647253190448
0.08 0.42 0 0.14413897358122083
0.08 0.43 0 0.002863397867454239
0.08 0.44 0 0.14688351079971596
0.08 0.45 0 0.09429246709810735
0.08 0.46 0 0.0302627051081264
0.08 0.47000000000000003 0 0.02797340532552529
0.08 0.48 0 0.026039312224435573
0.08 0.49 0 0.005670134811797599
0.08 0.5 0 0.04607771651612723
0.09 0.0 0 0.09673061049719897
0.09 0.01 0 0.18235185353000746
0.09 0.02 0 0.04246120566020675
0.09 0.03 0 0.19820514364185582
0.09 0.04 0 0.039198539185517675
0.09 0.05 0 0.024694804084633055
0.09 0.06 0 0.008615364821141521
0.09 0.07 0 0.0025990370545294675
0.09 0.08 0 0.0024480550812693725
0.09 0.09 0 0.00780765797999944
0.09 0.1 0 0.0022563091033887014
0.09 0.11 0 0.020651859153215553
0.09 0.12 0 0.23256978988161958
0.09 0.13 0 0.055436656058691226
0.09 0.14 0 0.03779646670079976
0.09 0.15 0 0.8803418510421246
0.09 0.16 0 0.2854707992037227
0.09 0.17 0 0.04818274400753008
0.09 0.18 0 0.014916219674347515
0.09 0.19 0 0.006983975673586628
0.09 0.2 0 0.012612173248257679
0.09 0.21 0 0.14038169495422734
0.09 0.22 0 0.006414325257728469
0.09 0.23 0 0.058806971530388566
0.09 0.24 0 0.02209873082805485
0.09 0.25 0 0.016091907932729594
0.09 0.26 0 0.0451179932868602
0.09 0.27 0 0.7608882226179625
0.09 0.28 0 0.71272663942576
0.09 0.29 0 1.4233288210604635
0.09 0.3 0 0.4277117936636861
0.09 0.31 0 0.15978441554487455
0.09 0.32 0 0.30571463017960865
0.09 0.33 0 1.070701191832448
0.09 0.34 0 0.05666581805796766
0.09 0.35000000000000003 0 0.007930697053293443
0.09 0.36 0 0.006403739588656151
0.09 0.37 0 0.011690452477569065
0.09 0.38 0 0.1329900827417243
0.09 0.39 0 0.06885791060897024
0.09 0.4 0 0.004931588009985485
0.09 0.41000000000000003 0 0.040967803583057294
0.09 0.42 0 0.07445616913476917
0.09 0.43 0 0.33217684550522686
0.09 0.44 0 0.08882097014186616
0.09 0.45 0 0.013511176604924548
0.09 0.46 0 0.0025522107111025615
0.09 0.47000000000000003 0 0.19761755514866958
0.09 0.48 0 0.0667863062311581
0.09 0.49 0 0.016496348691079465
0.09 0.5 0 0.0035141874151095247
0.1 0.0 0 0.06666515015679896
0.1 0.01 0 0.014115840541096023
0.1 0.02 0 1.091652959886173
0.1 0.03 0 0.49660958855167703
0.1 0.04 0 0.060005518975038634
0.1 0.05 0 0.04068631396248111
0.1 0.06 0 0.026874050574633497
0.1 0.07 0 0.0014768488198539879
0.1 0.08 0 0.0021513166916452744
0.1 0.09 0 0.0018470608932722719
0.1 0.1 0 0.005500292061837169
0.1 0.11 0 0.012618298851342578
0.1 0.12 0 0.0017032350473789452
0.1 0.13 0 0.03384247653745381
0.1 0.14 0 0.14259167868239556
0.1 0.15 0 0.5391803140694564
0.1 0.16 0 0.22012813382723226
0.1 0.17 0 0.03008099833738391
0.1 0.18 0 0.0164280778659284
0.1 0.19 0 0.015212145227005753
0.1 0.2 0 0.00899028006094475
0.1 0.21 0 0.1429674647507355
0.1 0.22 0 0.03576138400481499
0.1 0.23 0 0.008621970792948935
0.1 0.24 0 0.02281690228988796
0.1 0.25 0 0.09082890798490519
0.1 0.26 0 0.41154312302798596
0.1 0.27 0 0.12073963231039977
0.1 0.28 0 0.6675466138775911
0.1 0.29 0 22.306901387989473
0.1 0.3 0 9.63394568084439
0.1 0.31 0 1.3265936881908331
0.1 0.32 0 0.20559725132611187
0.1 0.33 0 0.4496544383420207
0.1 0.34 0 0.14515738964261035
0.1 0.35000000000000003 0 0.1281618985338432
0.1 0.36 0 0.02152843103290366
0.1 0.37 0 0.016716649323246336
0.1 0.38 0 0.06344095762265342
0.1 0.39 0 0.13818110986341625
0.1 0.4 0 0.03521870429000192
0.1 0.41000000000000003 0 0.15046858084702117
0.1 0.42 0 0.11561281805381003
0.1 0.43 0 0.28348663762441595
0.1 0.44 0 0.11198633564678899
0.1 0.45 0 0.022192588227272818
0.1 0.46 0 0.011788794894143452
0.1 0.47000000000000003 0 0.3306984906706927
0.1 0.48 0 0.012107800230516172
0.1 0.49 0 0.02071875572188273
0.1 0.5 0 0.3975418928035079
0.11 0.0 0 0.04234176530031331
0.11 0.01 0 0.2593635048150503
0.11 0.02 0 2.5381418976783845
0.11 0.03 0 0.21410110354138193
0.11 0.04 0 0.20065173644598586
0.11 0.05 0 0.14674984712395056
0.11 0.06 0 0.009429643383486654
0.11 0.07 0 0.010442222668735525
0.11 0.08 0 0.16940322863995436
0.11 0.09 0 0.07126040062512834
0.11 0.1 0 0.018870361948347167
0.11 0.11 0 0.049553120289828716
0.11 0.12 0 0.06138824973956565
0.11 0.13 0 0.41525913123835273
0.11 0.14 0 0.13319654940637513
0.11 0.15 0 0.0919652493580748
0.11 0.16 0 0.22773479706130367
0.11 0.17 0 0.7275686616223002
0.11 0.18 0 0.5612129135487103
0.11 0.19 0 0.072237710975639
0.11 0.2 0 0.175850699738163
0.11 0.21 0 0.02470929126669854
0.11 0.22 0 0.47631385346296673
0.11 0.23 0 0.44975103773891434
0.11 0.24 0 0.3164299946190223
0.11 0.25 0 0.12262994539818017
0.11 0.26 0 0.10611439215843939
0.11 0.27 0 0.04540122893252501
0.11 0.28 0 0.36641180820047575
0.11 0.29 0 2.7374386739477137
0.11 0.3 0 0.6625248629998434
0.11 0.31 0 0.18524761693635552
0.11 0.32 0 0.04275823822783961
0.11 0.33 0 0.03645074978501059
0.11 0.34 0 0.013501191691511913
0.11 0.35000000000000003 0 0.028754646220156336
0.11 0.36 0 0.024276240992218444
0.11 0.37 0 0.07439006916025817
0.11 0.38 0 0.29919727731619866
0.11 0.39 0 0.8649343686303849
0.11 0.4 0 1.135868849313242
0.11 0.41000000000000003 0 0.3865333969602345
0.11 0.42 0 1.768010376656994
0.11 0.43 0 0.7971534122481755
0.11 0.44 0 0.40487502563103395
0.11 0.45 0 0.10320157878755215
0.11 0.46 0 0.6746754475957002
0.11 0.47000000000000003 0 0.9569565585597968
0.11 0.48 0 0.46699251095614813
0.11 0.49 0 0.1350943092842295
0.11 0.5 0 0.07363748035107451
0.12 0.0 0 0.008680503082307615
0.12 0.01 0 0.01115913840693323
0.12 0.02 0 0.034982260977223435
0.12 0.03 0 0.05077536542280245
0.12 0.04 0 0.02253570940328887
0.12 0.05 0 0.06540813288512042
0.12 0.06 0 0.01031993181347182
0.12 0.07 0 0.004375391090844203
0.12 0.08 0 0.020470606522282848
0.12 0.09 0 0.014207207849171809
0.12 0.1 0 0.09371782175224462
0.12 0.11 0 0.03469438970864586
0.12 0.12 0 0.013439378996879402
0.12 0.13 0 0.15711155966773602
0.12 0.14 0 0.24008225293975546
0.12 0.15 0 0.356153335888358
0.12 0.16 0 1.2173534598851985
0.12 0.17 0 0.1386697687908502
0.12 0.18 0 0.17735992427178368
0.12 0.19 0 0.3573181361434142
0.12 0.2 0 0.8080297978429339
0.12 0.21 0 5.13411122515362
0.12 0.22 0 3.226240103749772
0.12 0.23 0 0.43287066539724267
0.12 0.24 0 0.04349342601290947
0.12 0.25 0 0.563233141614208
0.12 0.26 0 0.1715101867577482
0.12 0.27 0 0.05039613674498929
0.12 0.28 0 0.05624537122477631
0.12 0.29 0 0.40866468308400855
0.12 0.3 0 0.09094751627711341
0.12 0.31 0 0.013749396134223362
0.12 0.32 0 0.0008713027993138903
0.12 0.33 0 0.0007902124444441296
0.12 0.34 0 0.03045476864560597
0.12 0.35000000000000003 0 0.010994923654009277
0.12 0.36 0 0.00464455145609316
0.12 0.37 0 0.04879920503431092
0.12 0.38 0 0.05395533599645712
0.12 0.39 0 0.1134644391828874
0.12 0.4 0 0.1846895782822035
0.12 0.41000000000000003 0 0.10379313961854672
0.12 0.42 0 0.0830156874586979
0.12 0.43 0 0.024621681976115972
0.12 0.44 0 0.13545488473563141
0.12 0.45 0 0.536666548441943
0.12 0.46 0 0.25488781283758666
0.12 0.47000000000000003 0 0.25926577069147055
0.12 0.48 0 0.07496868439782277
0.12 0.49 0 2.8495913647852316
0.12 0.5 0 1.018173061842375
0.13 0.0 0 0.018717719720695584
0.13 0.01 0 0.03441196013920327
0.13 0.02 0 0.03913442842919364
0.13 0.03 0 0.005639146011086339
0.13 0.04 0 0.3027462880579929
0.13 0.05 0 0.1983007574111074
0.13 0.06 0 0.13081799912274272
0.13 0.07 0 0.2724781874431818
0.13 0.08 0 0.1930489694800923
0.13 0.09 0 0.045090238862655854
0.13 0.1 0 0.8423528529329262
0.13 0.11 0 0.7221949038962313
0.13 0.12 0 2.384623207186375
0.13 0.13 0 1.966074277768272
0.13 0.14 0 5.0797035903049785
0.13 0.15 0 8.956442820739797
0.13 0.16 0 5.792128496161302
0.13 0.17 0 0.19933975793297704
0.13 0.18 0 0.37960148247765846
0.13 0.19 0 3.403293292528465
0.13 0.2 0 1.3060166647821974
0.13 0.21 0 0.2613135648091695
0.13 0.22 0 0.2402900475001936
0.13 0.23 0 0.1509456026503839
0.13 0.24 0 0.4742258880951915
0.13 0.25 0 0.19707237877913766
0.13 0.26 0 0.0697334159262217
0.13 0.27 0 0.009124292451805101
0.13 0.28 0 0.015575467321383724
0.13 0.29 0 0.02211196111937352
0.13 0.3 0 0.007111473212848399
0.13 0.31 0 0.0009098265702733748
0.13 0.32 0 0.0019112619829097178
0.13 0.33 0 0.00047230274894263113
0.13 0.34 0 0.0021002142044666064
0.13 0.35000000000000003 0 0.0017179584732721013
0.13 0.36 0 0.00292792690457188
0.13 0.37 0 0.004588976900765155
0.13 0.38 0 0.01058184011778507
0.13 0.39 0 0.029977715964920725
0.13 0.4 0 0.11454315573556122
0.13 0.41000000000000003 0 0.2692385948708305
0.13 0.42 0 0.039889247964688325
0.13 0.43 0 0.0902446670417179
0.13 0.44 0 0.0067224371684738915
0.13 0.45 0 0.009435050962993786
0.13 0.46 0 0.09919972892694465
0.13 0.47000000000000003 0 0.34778194545593416
0.13 0.48 0 0.07097594274223704
0.13 0.49 0 0.1571488306276869
0.13 0.5 0 0.12759708053722207
0.14 0.0 0 0.009657789209304352
0.14 0.01 0 0.004310195410101094
0.14 0.02 0 0.06292535967018335
0.14 0.03 0 0.013907193806219603
0.14 0.04 0 0.035161874833145625
0.14 0.05 0 0.20118106368206773
0.14 0.06 0 0.08014938020099686
0.14 0.07 0 0.04216373992743518
0.14 0.08 0 0.33546974970058296
0.14 0.09 0 1.3093913903937928
0.14 0.1 0 2.474263571729825
0.14 0.11 0 6.811137205902753
0.14 0.12 0 4.499105552008486
0.14 0.13 0 11.789935495074726
0.14 0.14 0 9.63899586335607
0.14 0.15 0 14.227090337877312
0.14 0.16 0 1.0996077022332829
0.14 0.17 0 0.11217889081998424
0.14 0.18 0 0.7123113967004838
0.14 0.19 0 1.6443328025898878
0.14 0.2 0 1.9009972272123237
0.14 0.21 0 0.45726881616940046
0.14 0.22 0 1.045723319176094
0.14 0.23 0 0.46471783453055315
0.14 0.24 0 0.8083079228318848
0.14 0.25 0 0.010583618002592174
0.14 0.26 0 0.033166028646137644
0.14 0.27 0 0.013678622849343654
0.14 0.28 0 0.030510659289678152
0.14 0.29 0 0.02473543456827144
0.14 0.3 0 0.0011997024752469158
0.14 0.31 0 0.0005957707403610437
0.14 0.32 0 0.0005685546411675021
0.14 0.33 0 0.0015728927822198412
0.14 0.34 0 0.009415794914107135
0.14 0.35000000000000003 0 0.0023936913396091705
0.14 0.36 0 0.012125183579398327
0.14 0.37 0 0.006908069290274009
0.14 0.38 0 0.009302977289484031
0.14 0.39 0 0.14240400549828594
0.14 0.4 0 0.2991659620197744
0.14 0.41000000000000003 0 0.066108231763433
0.14 0.42 0 0.0377721574696718
0.14 0.43 0 0.0053340680362333305
0.14 0.44 0 0.01245758367682619
0.14 0.45 0 0.0031007400364469998
0.14 0.46 0 0.13297710462783846
0.14 0.47000000000000003 0 0.0702866386590391
0.14 0.48 0 0.2438666204559435
0.14 0.49 0 0.5613514626839428
0.14 0.5 0 1.345675405558727
0.15 0.0 0 0.009927534476420367
0.15 0.01 0 0.053213664526771134
0.15 0.02 0 0.019770535200082477
0.15 0.03 0 0.04325343212066178
0.15 0.04 0 0.0483416785244485
0.15 0.05 0 0.30529271146838727
0.15 0.06 0 0.799259868787726
0.15 0.07 0 1.0583672519679534
0.15 0.08 0 0.4818608003929719
0.15 0.09 0 4.0413087532834835
0.15 0.1 0 1.4643583158844684
0.15 0.11 0 1.5953345931628484
0.15 0.12 0 0.8087851086214818
0.15 0.13 0 2.036687239052902
0.15 0.14 0 1.6025059639122827
0.15 0.15 0 0.5937511905924338
0.15 0.16 0 0.6591011733638562
0.15 0.17 0 0.664952038538204
0.15 0.18 0 0.7347320417526396
0.15 0.19 0 0.2401569549083518
0.15 0.2 0 1.0127746052346502
0.15 0.21 0 9.219169203124913
0.15 0.22 0 2.718201011348864
0.15 0.23 0 0.6635612207011343
0.15 0.24 0 0.040846073208228285
0.15 0.25 0 0.019765395244628812
0.15 0.26 0 0.06158544299648308
0.15 0.27 0 0.058112483393798785
0.15 0.28 0 0.016611514018470754
0.15 0.29 0 0.030124089528869618
0.15 0.3 0 0.017951226293286774
0.15 0.31 0 0.06265906955688093
0.15 0.32 0 0.026924359333724803
0.15 0.33 0 0.005170231360598545
0.15 0.34 0 0.009773788615031566
0.15 0.35000000000000003 0 0.047590900559129096
0.15 0.36 0 0.0185534247406409
0.15 0.37 0 0.024370183390884724
0.15 0.38 0 0.1878364443569519
0.15 0.39 0 0.06526713861237878
0.15 0.4 0 0.042919736344560276
0.15 0.41000000000000003 0 0.028012685060420373
0.15 0.42 0 0.049923051093749705
0.15 0.43 0 0.023940921305259155
0.15 0.44 0 0.00154132596889898
0.15 0.45 0 0.00041080893543876353
0.15 0.46 0 0.01939324783734793
0.15 0.47000000000000003 0 0.020412202416849313
0.15 0.48 0 0.01687440741702435
0.15 0.49 0 0.07079973919791199
0.15 0.5 0 0.20970318146486455
0.16 0.0 0 0.006106994287834559
0.16 0.01 0 0.012334288267918849
0.16 0.02 0 0.0418544252630439
0.16 0.03 0 0.37147769109033457
0.16 0.04 0 1.0805018620628655
0.16 0.05 0 0.14811625806878365
0.16 0.06 0 0.06702649020300534
0.16 0.07 0 1.122777069466222
0.16 0.08 0 67.35855608680312
0.16 0.09 0 6.101472365397648
0.16 0.1 0 0.4531721369527965
0.16 0.11 0 0.645097342812604
0.16 0.12 0 3.1425656393392147
0.16 0.13 0 0.9775987404490836
0.16 0.14 0 1.0729385771671416
0.16 0.15 0 3.167683811671525
0.16 0.16 0 5.925148409383378
0.16 0.17 0 1.7409751990151159
0.16 0.18 0 2.4629934802848674
0.16 0.19 0 1.369377870848962
0.16 0.2 0 1.3387990110435288
0.16 0.21 0 2.4775590231803437
0.16 0.22 0 0.02710601819051837
0.16 0.23 0 0.1467276569472814
0.16 0.24 0 0.009374820845800885
0.16 0.25 0 0.012633406356384505
0.16 0.26 0 0.01249778053541365
0.16 0.27 0 0.0003078545904354547
0.16 0.28 0 0.0005760873350460139
0.16 0.29 0 0.011569232088179426
0.16 0.3 0 0.005875559254850561
0.16 0.31 0 0.0018638715510093777
0.16 0.32 0 0.001469695259097397
0.16 0.33 0 0.004990701379246476
0.16 0.34 0 0.06759506012041469
0.16 0.35000000000000003 0 0.16069122151881843
0.16 0.36 0 0.15820144699124206
0.16 0.37 0 0.02518065118579771
0.16 0.38 0 0.02138434270666069
0.16 0.39 0 0.10978229539260893
0.16 0.4 0 0.12286618223186303
0.16 0.41000000000000003 0 0.22966417211913642
0.16 0.42 0 0.15763401617477132
0.16 0.43 0 0.900265115152876
0.16 0.44 0 0.05847739386506844
0.16 0.45 0 0.02481209245531764
0.16 0.46 0 0.007076961122962819
0.16 0.47000000000000003 0 0.12707630867254727
0.16 0.48 0 0.18294215078998363
0.16 0.49 0 0.07430251757573036
0.16 0.5 0 0.04949927985725954
0.17 0.0 0 0.004578221131227028
0.17 0.01 0 0.011197261510302469
0.17 0.02 0 0.2621144462048366
0.17 0.03 0 0.08404263671888093
0.17 0.04 0 0.06567386553160977
0.17 0.05 0 0.22784588056013122
0.17 0.06 0 0.9618758533138481
0.17 0.07 0 0.26514457773753664
0.17 0.08 0 5.507404665379842
0.17 0.09 0 9.104529853459416
0.17 0.1 0 5.422466094917299
0.17 0.11 0 1.564998749805553
0.17 0.12 0 0.4806233114726266
0.17 0.13 0 0.3268989608509018
0.17 0.14 0 0.497576834839776
0.17 0.15 0 1.7034576619178385
0.17 0.16 0 2.4416753237113884
0.17 0.17 0 2.541151642680807
0.17 0.18 0 9.03292682725675
0.17 0.19 0 1.1928511988266355
0.17 0.2 0 0.8599826476000588
0.17 0.21 0 0.2668143395228839
0.17 0.22 0 0.4660928586586926
0.17 0.23 0 0.08821164469597627
0.17 0.24 0 0.1593394631190697
0.17 0.25 0 0.008933670510519753
0.17 0.26 0 0.001645125275379576
0.17 0.27 0 0.0001566317661785461
0.17 0.28 0 0.00043488533074123684
0.17 0.29 0 0.00123414645526813
0.17 0.3 0 0.013142575032128836
0.17 0.31 0 0.0008425072361376786
0.17 0.32 0 0.0025081130025863332
0.17 0.33 0 0.01497270745361535
0.17 0.34 0 0.04256680213663659
0.17 0.35000000000000003 0 0.08307284691218728
0.17 0.36 0 0.3014462947639407
0.17 0.37 0 0.2652714269224499
0.17 0.38 0 0.20753386207845506
0.17 0.39 0 0.10752684224593806
0.17 0.4 0 0.04925232540266616
0.17 0.41000000000000003 0 0.02116810372217352
0.17 0.42 0 0.041651677770552266
0.17 0.43 0 0.6291267416204188
0.17 0.44 0 0.5930725003505988
0.17 0.45 0 0.05199042079507132
0.17 0.46 0 0.054689494983414834
0.17 0.47000000000000003 0 0.13480175250828294
0.17 0.48 0 0.41953166475338066
0.17 0.49 0 0.06107491607021385
0.17 0.5 0 0.3382836459134442
0.18 0.0 0 0.004765358470702267
0.18 0.01 0 0.02495293730714069
0.18 0.02 0 0.035590901172217165
0.18 0.03 0 0.14945042671668318
0.18 0.04 0 0.023333956075459437
0.18 0.05 0 0.06078442052234071
0.18 0.06 0 0.019860116325536477
0.18 0.07 0 0.06164098961825687
0.18 0.08 0 0.3401404233097413
0.18 0.09 0 3.1150521595263174
0.18 0.1 0 1.7981642203212995
0.18 0.11 0 0.7684444275194549
0.18 0.12 0 0.19811995708668784
0.18 0.13 0 0.4340837302003438
0.18 0.14 0 0.04572069421580211
0.18 0.15 0 0.11578476534844029
0.18 0.16 0 0.12702787756803594
0.18 0.17 0 2.2330570372179217
0.18 0.18 0 11.233182971353154
0.18 0.19 0 0.510491972281978
0.18 0.2 0 0.3131745669227857
0.18 0.21 0 0.09271714180579478
0.18 0.22 0 0.44569669348237245
0.18 0.23 0 2.1559581989736927
0.18 0.24 0 0.1004119076334452
0.18 0.25 0 0.004352753865367458
0.18 0.26 0 0.0013031896909014384
0.18 0.27 0 0.005173118220272292
0.18 0.28 0 0.0450135594481638
0.18 0.29 0 0.04063745504219352
0.18 0.3 0 0.013847526631228882
0.18 0.31 0 0.028721962801723053
0.18 0.32 0 0.026148177961431547
0.18 0.33 0 0.010662100251313191
0.18 0.34 0 0.017766715807845487
0.18 0.35000000000000003 0 0.13667648574686697
0.18 0.36 0 0.12391519455238835
0.18 0.37 0 0.04818496777409552
0.18 0.38 0 0.14178134190094954
0.18 0.39 0 0.3440527232203097
0.18 0.4 0 0.01617041532351324
0.18 0.41000000000000003 0 0.0039018174157412723
0.18 0.42 0 0.13338593364666662
0.18 0.43 0 0.023135708327410555
0.18 0.44 0 0.5239466306813806
0.18 0.45 0 0.19674566829343224
0.18 0.46 0 0.1521853418494391
0.18 0.47000000000000003 0 0.3020420512164405
0.18 0.48 0 1.2478493594284674
0.18 0.49 0 0.3391561109372153
0.18 0.5 0 1.8429921511451386
0.19 0.0 0 0.005101946888767069
0.19 0.01 0 0.016927975830005673
0.19 0.02 0 0.0017274364111200262
0.19 0.03 0 0.02457610213733804
0.19 0.04 0 0.033254522364170064
0.19 0.05 0 0.20788599865857657
0.19 0.06 0 0.028035395455770194
0.19 0.07 0 0.0121167062849498
0.19 0.08 0 0.028754723236434458
0.19 0.09 0 2.024216988234848
0.19 0.1 0 7.954575234849146
0.19 0.11 0 2.570584304225012
0.19 0.12 0 0.20092993953716304
0.19 0.13 0 0.02274530264284138
0.19 0.14 0 0.44777300308361745
0.19 0.15 0 0.5635260462640077
0.19 0.16 0 0.23145336477462394
0.19 0.17 0 2.692918977296802
0.19 0.18 0 2.3768903908067687
0.19 0.19 0 1.5862934347766997
0.19 0.2 0 0.36745468981045915
0.19 0.21 0 3.580144221005967
0.19 0.22 0 3.9554969937513067
0.19 0.23 0 4.844195200064739
0.19 0.24 0 0.16386895127525342
0.19 0.25 0 0.27481140121325714
0.19 0.26 0 0.10733452202122562
0.19 0.27 0 0.04990848997150929
0.19 0.28 0 0.0032342119651541795
0.19 0.29 0 0.026502462742669198
0.19 0.3 0 0.07767445974244633
0.19 0.31 0 0.012017029104479656
0.19 0.32 0 0.0034780060264702436
0.19 0.33 0 0.00025369827186982283
0.19 0.34 0 4.59153848816016e-05
0.19 0.35000000000000003 0 0.0002753131606248262
0.19 0.36 0 0.0032170819076966237
0.19 0.37 0 0.004088590609517674
0.19 0.38 0 0.0009578306242314856
0.19 0.39 0 0.002134960596064102
0.19 0.4 0 0.0020421003810253534
0.19 0.41000000000000003 0 0.0009765550175656672
0.19 0.42 0 0.00019487433630065965
0.19 0.43 0 0.0010076100103237377
0.19 0.44 0 0.015536776201836374
0.19 0.45 0 0.16771706244229803
0.19 0.46 0 0.016365216829224778
0.19 0.47000000000000003 0 0.16259194953233058
0.19 0.48 0 0.22362223469353446
0.19 0.49 0 0.414856670977471
0.19 0.5 0 0.6808213213740563
0.2 0.0 0 0.13106728864904402
0.2 0.01 0 0.03557373264971902
0.2 0.02 0 0.20597725535424802
0.2 0.03 0 0.14834142876941403
0.2 0.04 0 0.1661974474520234
0.2 0.05 0 0.15328174223104696
0.2 0.06 0 0.06703225423023677
0.2 0.07 0 0.06535885448575356
0.2 0.08 0 0.29267104178683
0.2 0.09 0 2.8430175836485025
0.2 0.1 0 1.394599590200934
0.2 0.11 0 0.07087520488788226
0.2 0.12 0 0.09089058525942285
0.2 0.13 0 0.012450631838343877
0.2 0.14 0 0.01776946845576053
0.2 0.15 0 0.4998895931015136
0.2 0.16 0 0.10859886033753269
0.2 0.17 0 0.08583774694196032
0.2 0.18 0 0.32579698118327904
0.2 0.19 0 5.248138125184754
0.2 0.2 0 2.176626230913202
0.2 0.21 0 6.861265709003657
0.2 0.22 0 3.841329830370021
0.2 0.23 0 1.5766814775064188
0.2 0.24 0 0.34340928582469665
0.2 0.25 0 0.4162577084660121
0.2 0.26 0 0.20597092190614225
0.2 0.27 0 0.004682148658918732
0.2 0.28 0 0.0013464520746775792
0.2 0.29 0 0.009273909615688322
0.2 0.3 0 0.02001858442781076
0.2 0.31 0 0.04263099861916667
0.2 0.32 0 0.007568392679162992
0.2 0.33 0 0.0006941342614618279
0.2 0.34 0 0.007053853290486836
0.2 0.35000000000000003 0 0.009746608036622365
0.2 0.36 0 0.003715561916721653
0.2 0.37 0 0.01128791831724449
0.2 0.38 0 0.013607110301522745
0.2 0.39 0 0.00883197597303925
0.2 0.4 0 0.0005285059399349203
0.2 0.41000000000000003 0 0.002012789027696475
0.2 0.42 0 0.0006303308121953498
0.2 0.43 0 0.017936782121646396
0.2 0.44 0 0.05000039197518285
0.2 0.45 0 0.0076458883557413435
0.2 0.46 0 0.027848611961731332
0.2 0.47000000000000003 0 0.5267701797431801
0.2 0.48 0 0.11731234410052506
0.2 0.49 0 0.130465587642241
0.2 0.5 0 0.35573189193836213
0.21 0.0 0 0.40791206253732887
0.21 0.01 0 0.2504558092697751
0.21 0.02 0 0.3360400527924987
0.21 0.03 0 0.5081586054448752
0.21 0.04 0 3.86464269395192
0.21 0.05 0 15.272151515125739
0.21 0.06 0 4.238741826498057
0.21 0.07 0 0.44275128483789
0.21 0.08 0 0.289178807647717
0.21 0.09 0 0.6183490760512955
0.21 0.1 0 1.4434047896593514
0.21 0.11 0 12.92517979242766
0.21 0.12 0 0.2950317447257823
0.21 0.13 0 0.4435746853356281
0.21 0.14 0 0.5096878811868716
0.21 0.15 0 0.06499964960648946
0.21 0.16 0 0.0859886353406892
0.21 0.17 0 0.05745658031599173
0.21 0.18 0 0.04068369729951916
0.21 0.19 0 1.5795259333890255
0.21 0.2 0 0.9987277425519685
0.21 0.21 0 0.03458915958259165
0.21 0.22 0 0.05183719723396202
0.21 0.23 0 0.05913752747405468
0.21 0.24 0 0.4643030564051865
0.21 0.25 0 0.11523151090192174
0.21 0.26 0 0.0021234369710405815
0.21 0.27 0 0.0004192324551575993
0.21 0.28 0 0.01594892504690903
0.21 0.29 0 0.1839942244558633
0.21 0.3 0 0.026817228382487582
0.21 0.31 0 0.007576568644312933
0.21 0.32 0 0.005082357672249707
0.21 0.33 0 0.011492534167202513
0.21 0.34 0 0.003374620293720992
0.21 0.35000000000000003 0 0.003991012087641012
0.21 0.36 0 0.004779653283865468
0.21 0.37 0 0.022214456981772036
0.21 0.38 0 0.0028479863794362167
0.21 0.39 0 0.0050864213861089354
0.21 0.4 0 0.0030944125535870277
0.21 0.41000000000000003 0 0.012929085297378294
0.21 0.42 0 0.043752174237474475
0.21 0.43 0 0.011998131294946705
0.21 0.44 0 0.024466470737453345
0.21 0.45 0 0.04944115802375182
0.21 0.46 0 0.5004673280855533
0.21 0.47000000000000003 0 0.15064921000315112
0.21 0.48 0 0.07540616164118356
0.21 0.49 0 0.3438938270027594
0.21 0.5 0 0.18691137926337814
0.22 0.0 0 0.011837187730860304
0.22 0.01 0 0.05497394391105097
0.22 0.02 0 1.9320476673042644
0.22 0.03 0 3.471057476013985
0.22 0.04 0 8.809438026497665
0.22 0.05 0 55.82366174711519
0.22 0.06 0 3.937437863017217
0.22 0.07 0 2.8916088505452984
0.22 0.08 0 9.36952431149021
0.22 0.09 0 1.4725803576088685
0.22 0.1 0 1.955589568393716
0.22 0.11 0 7.528825832498379
0.22 0.12 0 0.867624920105055
0.22 0.13 0 0.12488954458970164
0.22 0.14 0 0.09386721974046493
0.22 0.15 0 0.0126587909857533
0.22 0.16 0 0.030808019594473993
0.22 0.17 0 0.011857604708253415
0.22 0.18 0 0.04301623094697676
0.22 0.19 0 0.2086386397062729
0.22 0.2 0 0.016710107164814057
0.22 0.21 0 0.047778631280369924
0.22 0.22 0 0.43575888867520723
0.22 0.23 0 1.5884935651687029
0.22 0.24 0 0.05191254375635469
0.22 0.25 0 0.09181748915394312
0.22 0.26 0 0.05551616368614062
0.22 0.27 0 0.34543621919117024
0.22 0.28 0 1.205393055076172
0.22 0.29 0 0.010081091977227494
0.22 0.3 0 0.0026949031060218053
0.22 0.31 0 0.14258682902651648
0.22 0.32 0 0.01092836824935376
0.22 0.33 0 0.007231790560032588
0.22 0.34 0 0.0030583656454344077
0.22 0.35000000000000003 0 0.0003812811542981154
0.22 0.36 0 0.0010810599901083275
0.22 0.37 0 0.006986056226979569
0.22 0.38 0 0.0045840676577300656
0.22 0.39 0 0.026190418944241897
0.22 0.4 0 0.042856089437738484
0.22 0.41000000000000003 0 0.03725164200748689
0.22 0.42 0 0.04005858605699609
0.22 0.43 0 0.1282661150655289
0.22 0.44 0 0.050094541424089783
0.22 0.45 0 0.03355528495830164
0.22 0.46 0 0.09336420480455314
0.22 0.47000000000000003 0 0.08990365019591097
0.22 0.48 0 0.11226878174801605
0.22 0.49 0 1.5790137678746412
0.22 0.5 0 0.2347560510464355
0.23 0.0 0 0.13404877555876818
0.23 0.01 0 0.15970997354539132
0.23 0.02 0 0.17962711070609302
0.23 0.03 0 4.891666973861376
0.23 0.04 0 48.575259502950374
0.23 0.05 0 28.33660781245057
0.23 0.06 0 18.51211764013071
0.23 0.07 0 2.7008510365277028
0.23 0.08 0 12.992539602066818
0.23 0.09 0 1.0932418019187733
0.23 0.1 0 0.8672446846764602
0.23 0.11 0 0.04682818838096102
0.23 0.12 0 0.07515829398657788
0.23 0.13 0 0.026573183541127376
0.23 0.14 0 0.0027422256407296434
0.23 0.15 0 0.000250407643256689
0.23 0.16 0 0.009986395688234891
0.23 0.17 0 0.002213602817861075
0.23 0.18 0 0.0028561380917367578
0.23 0.19 0 0.11649590208723597
0.23 0.2 0 0.020162256491662183
0.23 0.21 0 0.005879325089147194
0.23 0.22 0 0.0769319517744294
0.23 0.23 0 0.08627352450649771
0.23 0.24 0 0.03014701165916956
0.23 0.25 0 0.13761517794119002
0.23 0.26 0 0.09039754398745228
0.23 0.27 0 0.0054410526925743
0.23 0.28 0 0.0344368141399516
0.23 0.29 0 0.004654914849563163
0.23 0.3 0 0.0076338136919319845
0.23 0.31 0 0.01353419020797231
0.23 0.32 0 0.006719187707670943
0.23 0.33 0 0.00038045578697521484
0.23 0.34 0 0.002053275760988603
0.23 0.35000000000000003 0 0.0007010858991606348
0.23 0.36 0 0.004324884858978049
0.23 0.37 0 0.00373404895275193
0.23 0.38 0 0.004166414009649538
0.23 0.39 0 0.035832640274073936
0.23 0.4 0 0.02911611025683331
0.23 0.41000000000000003 0 0.015338772866430678
0.23 0.42 0 0.10188059050931855
0.23 0.43 0 3.7825676366377734
0.23 0.44 0 0.22100482389739987
0.23 0.45 0 0.16682855222599874
0.23 0.46 0 0.041601921118485756
0.23 0.47000000000000003 0 0.07206718580395924
0.23 0.48 0 3.099851890294606
0.23 0.49 0 1.1286240225935713
0.23 0.5 0 0.6844038844624456
0.24 0.0 0 0.00044811132211533745
0.24 0.01 0 0.0054634192716288025
0.24 0.02 0 0.08584575421965764
0.24 0.03 0 0.022659590560166983
0.24 0.04 0 0.08061738161990546
0.24 0.05 0 0.20145275448739305
0.24 0.06 0 0.5071610867532826
0.24 0.07 0 3.8582653388401553
0.24 0.08 0 0.5118788709476678
0.24 0.09 0 0.007861185614996153
0.24 0.1 0 0.05157044916084957
0.24 0.11 0 0.028768227595592374
0.24 0.12 0 0.00552396993706533
0.24 0.13 0 0.016545844973226656
0.24 0.14 0 0.0009593114911341924
0.24 0.15 0 0.0025380848657348557
0.24 0.16 0 0.0021435282867581064
0.24 0.17 0 0.018748317839629818
0.24 0.18 0 0.4322317442104164
0.24 0.19 0 0.12873392222293467
0.24 0.2 0 0.07021030994696335
0.24 0.21 0 0.2331841962787201
0.24 0.22 0 0.7375907888034993
0.24 0.23 0 0.18961623087524324
0.24 0.24 0 0.6343532645979187
0.24 0.25 0 0.6113844493643614
0.24 0.26 0 0.2897660182876286
0.24 0.27 0 0.11690571615295013
0.24 0.28 0 0.13314664017679395
0.24 0.29 0 0.004520852367786087
0.24 0.3 0 0.006041023972199467
0.24 0.31 0 0.002681727280733109
0.24 0.32 0 0.0040846784399890795
0.24 0.33 0 0.004402791178507638
0.24 0.34 0 0.00032562599709080967
0.24 0.35000000000000003 0 0.0006149038853771708
0.24 0.36 0 0.006274039245612433
0.24 0.37 0 0.0022920125364092703
0.24 0.38 0 0.001131905853916585
0.24 0.39 0 0.011169961009776415
0.24 0.4 0 0.15983453301359105
0.24 0.41000000000000003 0 0.1363584049118136
0.24 0.42 0 0.14513137944549057
0.24 0.43 0 0.1906755331505096
0.24 0.44 0 0.07245385460151085
0.24 0.45 0 0.005833606662319171
0.24 0.46 0 0.09915218627041951
0.24 0.47000000000000003 0 0.008195956879585652
0.24 0.48 0 0.08109436395986522
0.24 0.49 0 0.17469188656607068
0.24 0.5 0 0.9453703437608495
0.25 0.0 0 0.0030641411290429706
0.25 0.01 0 0.010168297234281967
0.25 0.02 0 0.0008583242000884502
0.25 0.03 0 0.0007433111834139374
0.25 0.04 0 0.011978366056585114
0.25 0.05 0 0.7409667577077891
0.25 0.06 0 0.07996452425627755
0.25 0.07 0 0.0077124344496338395
0.25 0.08 0 0.004937260208539109
0.25 0.09 0 0.049889228372028784
0.25 0.1 0 0.051650545848772524
0.25 0.11 0 0.0041050365551763635
0.25 0.12 0 0.0013484705361010748
0.25 0.13 0 0.0017645255605073383
0.25 0.14 0 0.0012336876951373737
0.25 0.15 0 0.0069113446144517705
0.25 0.16 0 0.004566184635469717
0.25 0.17 0 0.0025398369746979866
0.25 0.18 0 0.17749033766998445
0.25 0.19 0 1.3228761773314015
0.25 0.2 0 0.1075600692960246
0.25 0.21 0 0.15996884941741235
0.25 0.22 0 0.984895272584728
0.25 0.23 0 2.3341899700805575
0.25 0.24 0 2.1206356771602373
0.25 0.25 0 1.055465649803696
0.25 0.26 0 0.4892794497723569
0.25 0.27 0 0.43725663331314935
0.25 0.28 0 0.023618740418449257
0.25 0.29 0 0.003636954098751619
0.25 0.3 0 0.005285686019943078
0.25 0.31 0 0.009345205830543999
0.25 0.32 0 0.00555101261364715
0.25 0.33 0 0.004317570464813779
0.25 0.34 0 0.00030465055233702335
0.25 0.35000000000000003 0 0.001410975959221937
0.25 0.36 0 0.0002767165463244216
0.25 0.37 0 0.0010077354043765533
0.25 0.38 0 0.009590402035430726
0.25 0.39 0 0.03198593905268608
0.25 0.4 0 0.029380614025483035
0.25 0.41000000000000003 0 0.004117229146531315
0.25 0.42 0 0.008736687778517981
0.25 0.43 0 0.017427731736008017
0.25 0.44 0 0.07464777774046873
0.25 0.45 0 0.15406107103423466
0.25 0.46 0 0.019413027612184542
0.25 0.47000000000000003 0 0.020244584678410362
0.25 0.48 0 0.4034051354046753
0.25 0.49 0 5.660369634978107
0.25 0.5 0 13.696971737849694
0.26 0.0 0 0.022830057926222135
0.26 0.01 0 0.016719148414587433
0.26 0.02 0 0.0020417332782106785
0.26 0.03 0 0.0006290663428935126
0.26 0.04 0 0.008162983701993783
0.26 0.05 0 0.08296731732694793
0.26 0.06 0 0.14424492607929207
0.26 0.07 0 0.43016459462814605
0.26 0.08 0 0.3763146750032377
0.26 0.09 0 0.0875271285419357
0.26 0.1 0 0.08552155448320035
0.26 0.11 0 0.0012043240539407669
0.26 0.12 0 0.04623458707720525
0.26 0.13 0 0.0283183523174804
0.26 0.14 0 0.023312359820107223
0.26 0.15 0 0.010803674552055957
0.26 0.16 0 0.15314767923001363
0.26 0.17 0 1.0832302066637973
0.26 0.18 0 0.16445681986230432
0.26 0.19 0 0.20826391433478986
0.26 0.2 0 0.5732511021882108
0.26 0.21 0 0.34686515733790985
0.26 0.22 0 0.11142314053515563
0.26 0.23 0 0.5167098282687536
0.26 0.24 0 0.7164202102412722
0.26 0.25 0 3.6552084943328493
0.26 0.26 0 4.224047095057344
0.26 0.27 0 0.9331202373936492
0.26 0.28 0 0.10026713844160579
0.26 0.29 0 0.06793552442909612
0.26 0.3 0 0.08697129107048479
0.26 0.31 0 0.004727141355012089
0.26 0.32 0 0.013456355606687382
0.26 0.33 0 0.0049951424613564445
0.26 0.34 0 0.00024684733297876226
0.26 0.35000000000000003 0 0.0003250578444563879
0.26 0.36 0 0.001742497321020789
0.26 0.37 0 0.0007881201248612168
0.26 0.38 0 0.00327709902047626
0.26 0.39 0 0.005387834953385175
0.26 0.4 0 0.011432375989785054
0.26 0.41000000000000003 0 0.08609863260624655
0.26 0.42 0 0.0145650743214668
0.26 0.43 0 0.005671956224948722
0.26 0.44 0 0.018343310387135853
0.26 0.45 0 1.364489594694036
0.26 0.46 0 0.985733879848593
0.26 0.47000000000000003 0 0.5547689490465186
0.26 0.48 0 0.29487967449897723
0.26 0.49 0 2.2007621715144903
0.26 0.5 0 2.980744134578679
0.27 0.0 0 0.010255176240799586
0.27 0.01 0 0.0015094366008937062
0.27 0.02 0 0.0020372176177880547
0.27 0.03 0 0.009302657627627012
0.27 0.04 0 0.018833584386713762
0.27 0.05 0 0.003981088886985177
0.27 0.06 0 0.09082611903399973
0.27 0.07 0 0.0807174386861985
0.27 0.08 0 0.029859053776127607
0.27 0.09 0 0.028590718210587892
0.27 0.1 0 0.12885966103802346
0.27 0.11 0 0.06153393116427148
0.27 0.12 0 0.026741022091344116
0.27 0.13 0 0.006721703155884686
0.27 0.14 0 0.3992099158127877
0.27 0.15 0 6.178658547545628
0.27 0.16 0 0.17871821321159942
0.27 0.17 0 0.09832377645608188
0.27 0.18 0 1.2468018820706965
0.27 0.19 0 1.5470619162105377
0.27 0.2 0 1.404546408658133
0.27 0.21 0 0.10570044802156639
0.27 0.22 0 0.01507710756235846
0.27 0.23 0 0.016546822620898488
0.27 0.24 0 1.6223843536814926
0.27 0.25 0 0.9858109094448919
0.27 0.26 0 2.385676293023915
0.27 0.27 0 1.0193848093633113
0.27 0.28 0 9.773292425863648
0.27 0.29 0 7.876558004553968
0.27 0.3 0 0.1734975236632759
0.27 0.31 0 0.0019215347473782356
0.27 0.32 0 0.10644119237041709
0.27 0.33 0 0.012802472689513913
0.27 0.34 0 0.009146258442429582
0.27 0.35000000000000003 0 0.004416685781926143
0.27 0.36 0 0.005651730889039018
0.27 0.37 0 0.01955067547639612
0.27 0.38 0 0.015562057718116919
0.27 0.39 0 0.046095904158095294
0.27 0.4 0 0.11783317473072243
0.27 0.41000000000000003 0 0.013490557053301057
0.27 0.42 0 0.019201866069644715
0.27 0.43 0 0.019647609702632723
0.27 0.44 0 0.06666302130921051
0.27 0.45 0 0.26833433328392536
0.27 0.46 0 1.7036099500638517
0.27 0.47000000000000003 0 0.4515277336653232
0.27 0.48 0 0.22603736035203104
0.27 0.49 0 0.31365777326910854
0.27 0.5 0 1.8977156367586616
0.28 0.0 0 0.05492966846735099
0.28 0.01 0 0.9943500625367818
0.28 0.02 0 0.41093570760498965
0.28 0.03 0 0.27197018426126063
0.28 0.04 0 0.5614458220944575
0.28 0.05 0 0.16491577741750277
0.28 0.06 0 1.048459146239727
0.28 0.07 0 6.440516141545339
0.28 0.08 0 0.47718184174793027
0.28 0.09 0 1.3176296338814677
0.28 0.1 0 0.15974247489906393
0.28 0.11 0 0.9197034763282685
0.28 0.12 0 3.8393826074693527
0.28 0.13 0 2.5638290951140177
0.28 0.14 0 1.460434128120464
0.28 0.15 0 12.101730689128384
0.28 0.16 0 0.5833475145928544
0.28 0.17 0 0.21366629881604995
0.28 0.18 0 0.6204375173033025
0.28 0.19 0 1.9241716630084877
0.28 0.2 0 0.789268690490869
0.28 0.21 0 0.1612775005943252
0.28 0.22 0 0.08481230725835802
0.28 0.23 0 0.027441636990569913
0.28 0.24 0 0.023126790079637374
0.28 0.25 0 0.05743959387629295
0.28 0.26 0 1.122332736993171
0.28 0.27 0 3.7326545727540217
0.28 0.28 0 1.0822245167338906
0.28 0.29 0 0.34007159221482813
0.28 0.3 0 0.06723333920972778
0.28 0.31 0 0.0851718612714211
0.28 0.32 0 0.43070359176612316
0.28 0.33 0 0.37130883206209253
0.28 0.34 0 0.007219460844880692
0.28 0.35000000000000003 0 0.014995058944201877
0.28 0.36 0 0.01892526418032526
0.28 0.37 0 0.03881232926943089
0.28 0.38 0 0.03840485301575161
0.28 0.39 0 0.015232382502213397
0.28 0.4 0 0.041449040753979684
0.28 0.41000000000000003 0 0.033173689533476304
0.28 0.42 0 0.00726511121486946
0.28 0.43 0 0.000412848711864862
0.28 0.44 0 0.0182978658655014
0.28 0.45 0 0.042593138053301685
0.28 0.46 0 2.3145596573666287
0.28 0.47000000000000003 0 1.3948358853449465
0.28 0.48 0 1.398180704139315
0.28 0.49 0 0.9818635417477932
0.28 0.5 0 0.5455620041013804
0.29 0.0 0 0.22867923739072535
0.29 0.01 0 7.944684620791571
0.29 0.02 0 0.9441586978012765
0.29 0.03 0 2.8605638031997005
0.29 0.04 0 2.633893242165866
0.29 0.05 0 2.541214378690565
0.29 0.06 0 3.0960292801528904
0.29 0.07 0 2.0396448029602827
0.29 0.08 0 0.45083569080029406
0.29 0.09 0 0.455767613033146
0.29 0.1 0 0.47924173384433827
0.29 0.11 0 0.6218643854525989
0.29 0.12 0 10.107785863688395
0.29 0.13 0 4.784865498458179
0.29 0.14 0 1.724854704033173
0.29 0.15 0 0.22253677641884304
0.29 0.16 0 0.1446522643600548
0.29 0.17 0 0.1278298809757777
0.29 0.18 0 0.17647797683304142
0.29 0.19 0 0.2563142103580654
0.29 0.2 0 0.0734861280854636
0.29 0.21 0 0.09482372821303144
0.29 0.22 0 0.006927322728436489
0.29 0.23 0 0.027001941628604365
0.29 0.24 0 0.020249756638677043
0.29 0.25 0 0.0019192058260687095
0.29 0.26 0 0.02247240816151008
0.29 0.27 0 0.24570470780627784
0.29 0.28 0 0.05222173247017282
0.29 0.29 0 0.8566145381052686
0.29 0.3 0 0.43021997154543673
0.29 0.31 0 0.03497069096321145
0.29 0.32 0 0.012934060009774217
0.29 0.33 0 0.03472119251790991
0.29 0.34 0 0.05990487820361335
0.29 0.35000000000000003 0 0.022751636833021935
0.29 0.36 0 0.009737613468067759
0.29 0.37 0 0.004250066968252816
0.29 0.38 0 0.03226678921470834
0.29 0.39 0 0.05458336594381491
0.29 0.4 0 0.007394522454127147
0.29 0.41000000000000003 0 0.014980133605350889
0.29 0.42 0 0.025885342920454895
0.29 0.43 0 0.0154097100735663
0.29 0.44 0 0.005929584604462339
0.29 0.45 0 0.0570869996045685
0.29 0.46 0 0.2937353426871973
0.29 0.47000000000000003 0 0.8362098598946626
0.29 0.48 0 1.1920120121529787
0.29 0.49 0 1.2324948553822033
0.29 0.5 0 0.1429954546963086
0.3 0.0 0 0.3703208963236942
0.3 0.01 0 1.1387563669957588
0.3 0.02 0 0.21456165535335306
0.3 0.03 0 3.8696348836622003
0.3 0.04 0 5.982397459577477
0.3 0.05 0 0.9467888397159725
0.3 0.06 0 4.324828465144352
0.3 0.07 0 1.4099920568732194
0.3 0.08 0 1.594647859969171
0.3 0.09 0 0.7745118685307488
0.3 0.1 0 0.12922411503243583
0.3 0.11 0 0.529442025404311
0.3 0.12 0 8.856235927646475
0.3 0.13 0 0.48804726676905213
0.3 0.14 0 0.1747736596810645
0.3 0.15 0 0.5095350127970418
0.3 0.16 0 0.0651196718557856
0.3 0.17 0 0.08771106652611221
0.3 0.18 0 0.020579943606910626
0.3 0.19 0 0.013129778875861963
0.3 0.2 0 0.026789002275895243
0.3 0.21 0 0.07936071174896912
0.3 0.22 0 0.011017826475618196
0.3 0.23 0 0.003019025568417489
0.3 0.24 0 0.0020676299168131958
0.3 0.25 0 0.008707703904284495
0.3 0.26 0 0.019226182576272993
0.3 0.27 0 0.0821937726658656
0.3 0.28 0 0.2717267155526755
0.3 0.29 0 0.03300223323120691
0.3 0.3 0 0.006351244324960273
0.3 0.31 0 0.0022518156059933483
0.3 0.32 0 0.005064873899402918
0.3 0.33 0 0.007084394748423569
0.3 0.34 0 0.004327317178471394
0.3 0.35000000000000003 0 0.00170489137731581
0.3 0.36 0 0.0030233498398336725
0.3 0.37 0 0.00047441831982969224
0.3 0.38 0 0.0016138808572542364
0.3 0.39 0 0.003688978731911759
0.3 0.4 0 0.0008183350950738965
0.3 0.41000000000000003 0 0.0006041932565146249
0.3 0.42 0 0.00015710805109457086
0.3 0.43 0 0.001274676678915603
0.3 0.44 0 0.00029857690133673924
0.3 0.45 0 0.0005398858882993803
0.3 0.46 0 0.018460896955922013
0.3 0.47000000000000003 0 0.046133441171160486
0.3 0.48 0 0.0101631857900916
0.3 0.49 0 0.002014439398926277
0.3 0.5 0 0.016180664145827858
#STOP
