#MEDIUM_PROPERTIES_DISTRIBUTED
$MSH_TYPE
	 RICHARDS_FLOW	
$MMP_TYPE
	 PERMEABILITY	
$DIS_TYPE
	 NEAREST_VALUE	
;hj
$CONVERSION_FACTOR
	 2.0e-8	
$DATA
0.0 0.0 0 0.840685572631882
0.0 0.01 0 2.180014249185841
0.0 0.02 0 0.585262173072529
0.0 0.03 0 1.0093714085987906
0.0 0.04 0 0.9098842471702968
0.0 0.05 0 2.4546643426969483
0.0 0.06 0 0.8171048417685854
0.0 0.07 0 1.1014161855505566
0.0 0.08 0 1.3608185279323275
0.0 0.09 0 1.4912537314249612
0.0 0.1 0 2.38525146167116
0.0 0.11 0 2.3265199821220537
0.0 0.12 0 3.96799454276527
0.0 0.13 0 1.3629131554496163
0.0 0.14 0 2.3263238531875445
0.0 0.15 0 1.6580413848688869
0.0 0.16 0 3.1958509292530635
0.0 0.17 0 1.954533725499834
0.0 0.18 0 1.448566778040179
0.0 0.19 0 0.615563324005924
0.0 0.2 0 1.3482155404069835
0.0 0.21 0 1.4481184870936845
0.0 0.22 0 1.960294755376952
0.0 0.23 0 1.0647788774692046
0.0 0.24 0 3.2796197332909465
0.0 0.25 0 4.729169524711148
0.0 0.26 0 2.449848076418362
0.0 0.27 0 1.4406205828427725
0.0 0.28 0 1.7654104019949926
0.0 0.29 0 2.5544424771389824
0.0 0.3 0 1.883253233940148
0.0 0.31 0 3.0497578431660326
0.0 0.32 0 12.555388267479424
0.0 0.33 0 19.553435229621105
0.0 0.34 0 20.45148695596291
0.0 0.35000000000000003 0 12.768804932638284
0.0 0.36 0 15.70169950473615
0.0 0.37 0 14.0053538919013
0.0 0.38 0 6.409528145955085
0.0 0.39 0 5.451767925288212
0.0 0.4 0 2.931316645221268
0.0 0.41000000000000003 0 11.604080078208693
0.0 0.42 0 4.432841886909749
0.0 0.43 0 13.67699437465158
0.0 0.44 0 8.121367448372036
0.0 0.45 0 15.296365684778294
0.0 0.46 0 4.569180636918732
0.0 0.47000000000000003 0 5.225794690105246
0.0 0.48 0 6.298655146174426
0.0 0.49 0 5.7510373914020905
0.0 0.5 0 2.0737160385361437
0.01 0.0 0 2.313082420498987
0.01 0.01 0 1.899001265326839
0.01 0.02 0 5.36406643621799
0.01 0.03 0 1.1791949095838907
0.01 0.04 0 4.26290414590433
0.01 0.05 0 1.5989310408040982
0.01 0.06 0 2.0270429726297596
0.01 0.07 0 0.6537515291214748
0.01 0.08 0 0.41011732591921585
0.01 0.09 0 1.0142401982717137
0.01 0.1 0 1.6976895620310208
0.01 0.11 0 1.9571814985792089
0.01 0.12 0 0.9363908121054697
0.01 0.13 0 1.8452693049478284
0.01 0.14 0 1.9356381981725368
0.01 0.15 0 3.025664620083833
0.01 0.16 0 1.3154250115690476
0.01 0.17 0 3.1562173235624202
0.01 0.18 0 4.0942517801510085
0.01 0.19 0 3.166538004156229
0.01 0.2 0 2.431496166833825
0.01 0.21 0 8.450432252963726
0.01 0.22 0 2.518019923139574
0.01 0.23 0 3.3682591469377536
0.01 0.24 0 2.2895542369375534
0.01 0.25 0 10.466572430323113
0.01 0.26 0 6.17531942968407
0.01 0.27 0 5.738132983032676
0.01 0.28 0 6.20517742238685
0.01 0.29 0 18.564447262854248
0.01 0.3 0 4.810208180419876
0.01 0.31 0 7.1362711928653715
0.01 0.32 0 2.8137732885134934
0.01 0.33 0 4.793470045178272
0.01 0.34 0 2.4351918625645146
0.01 0.35000000000000003 0 4.271406210959323
0.01 0.36 0 3.3306233318473994
0.01 0.37 0 6.751565681895502
0.01 0.38 0 7.282292643205212
0.01 0.39 0 5.230735363968366
0.01 0.4 0 6.279293048141381
0.01 0.41000000000000003 0 3.3874405466361264
0.01 0.42 0 11.457959636770918
0.01 0.43 0 4.5887832034239
0.01 0.44 0 5.55668366142933
0.01 0.45 0 9.572115625543464
0.01 0.46 0 8.141493234055881
0.01 0.47000000000000003 0 6.210764193887013
0.01 0.48 0 4.883035099682953
0.01 0.49 0 7.129201910606077
0.01 0.5 0 6.696651411048347
0.02 0.0 0 0.1687328144102021
0.02 0.01 0 0.576307911971351
0.02 0.02 0 0.21546495583883424
0.02 0.03 0 0.773513393850292
0.02 0.04 0 0.5997595671170578
0.02 0.05 0 1.4677283950075533
0.02 0.06 0 0.71475729358909
0.02 0.07 0 0.7584059866981154
0.02 0.08 0 0.5497900972547018
0.02 0.09 0 0.44636214801362795
0.02 0.1 0 0.5665077378150712
0.02 0.11 0 0.7529037169368431
0.02 0.12 0 0.6214944855179632
0.02 0.13 0 0.38253306500624784
0.02 0.14 0 0.6291482406962492
0.02 0.15 0 1.7845287855067145
0.02 0.16 0 1.101494546403451
0.02 0.17 0 1.0449974545600487
0.02 0.18 0 1.167582323255074
0.02 0.19 0 1.5888443583340324
0.02 0.2 0 1.5659612862608556
0.02 0.21 0 0.9281627646062257
0.02 0.22 0 2.231839127318142
0.02 0.23 0 1.107627491888161
0.02 0.24 0 1.4235499266766005
0.02 0.25 0 0.5930867987827301
0.02 0.26 0 1.1415658724968032
0.02 0.27 0 0.6282198229069665
0.02 0.28 0 1.1710696110900374
0.02 0.29 0 0.5553031465895127
0.02 0.3 0 2.0188735636971957
0.02 0.31 0 1.4912026607224411
0.02 0.32 0 3.092332238064885
0.02 0.33 0 0.9424701247637539
0.02 0.34 0 1.9349675553791201
0.02 0.35000000000000003 0 0.9270677206406591
0.02 0.36 0 0.9602803443441635
0.02 0.37 0 1.059392597245543
0.02 0.38 0 2.228424742351952
0.02 0.39 0 2.6988833797462983
0.02 0.4 0 1.1490898062427748
0.02 0.41000000000000003 0 3.3021293824989573
0.02 0.42 0 7.046619047292217
0.02 0.43 0 8.018871014040544
0.02 0.44 0 5.727937749944154
0.02 0.45 0 7.19533379746133
0.02 0.46 0 17.589350470737084
0.02 0.47000000000000003 0 6.523672641789712
0.02 0.48 0 8.553489905470826
0.02 0.49 0 7.600222150266692
0.02 0.5 0 10.185737153814129
0.03 0.0 0 0.0860790592509083
0.03 0.01 0 0.04951694852845935
0.03 0.02 0 0.04018750185854505
0.03 0.03 0 0.02598346147391026
0.03 0.04 0 0.12470664049076916
0.03 0.05 0 0.064015854983508
0.03 0.06 0 0.03702379340759718
0.03 0.07 0 0.07155373154303454
0.03 0.08 0 0.14703233686806072
0.03 0.09 0 0.1898828748930051
0.03 0.1 0 0.23251422613252792
0.03 0.11 0 0.30568248624737127
0.03 0.12 0 0.6512234959045407
0.03 0.13 0 0.19464206235698858
0.03 0.14 0 0.30453909887603753
0.03 0.15 0 0.23066460378706163
0.03 0.16 0 0.33163955527114447
0.03 0.17 0 0.10834440861643323
0.03 0.18 0 0.35082696079812403
0.03 0.19 0 0.2865768816418867
0.03 0.2 0 0.3768424904619386
0.03 0.21 0 0.31724897894056703
0.03 0.22 0 0.1765290723951751
0.03 0.23 0 0.24942619943365715
0.03 0.24 0 0.13868441367648845
0.03 0.25 0 0.12957514629458156
0.03 0.26 0 0.09209231950811105
0.03 0.27 0 0.1085075070003794
0.03 0.28 0 0.21806876011273027
0.03 0.29 0 0.4447577850232193
0.03 0.3 0 0.19453257381507627
0.03 0.31 0 0.49560227737189905
0.03 0.32 0 0.8995172071836597
0.03 0.33 0 1.213636522740326
0.03 0.34 0 1.13623737804262
0.03 0.35000000000000003 0 1.7042896796395282
0.03 0.36 0 3.213740367577964
0.03 0.37 0 3.0479085967922064
0.03 0.38 0 3.0259298945135416
0.03 0.39 0 1.9652174254535213
0.03 0.4 0 2.489351871289413
0.03 0.41000000000000003 0 0.8127705877716415
0.03 0.42 0 1.4133064203708843
0.03 0.43 0 1.7633671183767157
0.03 0.44 0 1.799363323529718
0.03 0.45 0 3.230775504049264
0.03 0.46 0 1.6701815773281277
0.03 0.47000000000000003 0 2.081469272106089
0.03 0.48 0 1.7523538581153506
0.03 0.49 0 1.583209328701062
0.03 0.5 0 2.5280526435195347
0.04 0.0 0 0.012115049269892705
0.04 0.01 0 0.018928729576350483
0.04 0.02 0 0.007522460559112265
0.04 0.03 0 0.00446388800248042
0.04 0.04 0 0.006585345455593203
0.04 0.05 0 0.008656179676514008
0.04 0.06 0 0.005470694171847692
0.04 0.07 0 0.0018500008739087425
0.04 0.08 0 0.003970837091235902
0.04 0.09 0 0.010007516026250749
0.04 0.1 0 0.00764668408772213
0.04 0.11 0 0.009213647173722197
0.04 0.12 0 0.014773396306600236
0.04 0.13 0 0.07030988479090916
0.04 0.14 0 0.051012799487432266
0.04 0.15 0 0.13195702079497085
0.04 0.16 0 0.06628426734797581
0.04 0.17 0 0.1722988494000689
0.04 0.18 0 0.054907044560068494
0.04 0.19 0 0.03425885952282791
0.04 0.2 0 0.03870394562725278
0.04 0.21 0 0.05953020982266714
0.04 0.22 0 0.06821367694334105
0.04 0.23 0 0.0470351055945463
0.04 0.24 0 0.07641909494072495
0.04 0.25 0 0.12417414767369647
0.04 0.26 0 0.06062045981995516
0.04 0.27 0 0.05576893662010838
0.04 0.28 0 0.08051899263989593
0.04 0.29 0 0.10385735422071121
0.04 0.3 0 0.0382740395071931
0.04 0.31 0 0.05918113435894929
0.04 0.32 0 0.10342248559319166
0.04 0.33 0 0.1315416440361058
0.04 0.34 0 0.05306673053793725
0.04 0.35000000000000003 0 0.14136143583303584
0.04 0.36 0 0.24833616945994869
0.04 0.37 0 0.535604859185285
0.04 0.38 0 0.20445271984792276
0.04 0.39 0 0.42822527779058517
0.04 0.4 0 0.2111111259798487
0.04 0.41000000000000003 0 0.3467132501401367
0.04 0.42 0 0.23510242272576137
0.04 0.43 0 0.23964992753546657
0.04 0.44 0 0.26081536920425963
0.04 0.45 0 0.46140716965573925
0.04 0.46 0 0.5248800219884999
0.04 0.47000000000000003 0 0.2500910321015401
0.04 0.48 0 0.11260845960761948
0.04 0.49 0 0.26607363510095755
0.04 0.5 0 0.1686027933086547
0.05 0.0 0 0.0014481359697042964
0.05 0.01 0 0.0035337673147978733
0.05 0.02 0 0.00521226220570646
0.05 0.03 0 0.0025179723446668296
0.05 0.04 0 0.002678400054405571
0.05 0.05 0 0.003294208087135999
0.05 0.06 0 0.0017012281305953838
0.05 0.07 0 0.0022278095607932173
0.05 0.08 0 0.00262619594859885
0.05 0.09 0 0.006648880470476439
0.05 0.1 0 0.008005217985375608
0.05 0.11 0 0.005134879689719784
0.05 0.12 0 0.011815042112288444
0.05 0.13 0 0.00964647283950138
0.05 0.14 0 0.013436235495423863
0.05 0.15 0 0.011821679224045388
0.05 0.16 0 0.01637003246982607
0.05 0.17 0 0.033753669081034214
0.05 0.18 0 0.09461717720143403
0.05 0.19 0 0.11633147508245717
0.05 0.2 0 0.060612386789756605
0.05 0.21 0 0.25825957089489177
0.05 0.22 0 0.2876537142614089
0.05 0.23 0 0.383731056202056
0.05 0.24 0 0.10327724607393472
0.05 0.25 0 0.11634383028954494
0.05 0.26 0 0.25942436623097653
0.05 0.27 0 0.15146188827910684
0.05 0.28 0 0.21159419401333263
0.05 0.29 0 0.333239886085429
0.05 0.3 0 0.43437555087480145
0.05 0.31 0 0.3239320909560965
0.05 0.32 0 0.39819754982880085
0.05 0.33 0 0.29462558604391054
0.05 0.34 0 0.45757891903858183
0.05 0.35000000000000003 0 0.20111680092620635
0.05 0.36 0 0.3282757610872587
0.05 0.37 0 0.4363801238928458
0.05 0.38 0 0.7855062026617489
0.05 0.39 0 0.40837258986809166
0.05 0.4 0 0.638837919653512
0.05 0.41000000000000003 0 0.42392943492366947
0.05 0.42 0 0.7413038758637677
0.05 0.43 0 0.37657956268606757
0.05 0.44 0 0.31156350476965117
0.05 0.45 0 0.5679106323781448
0.05 0.46 0 0.41662132254777945
0.05 0.47000000000000003 0 0.09404666386712421
0.05 0.48 0 0.22060941979751034
0.05 0.49 0 0.19873141157838073
0.05 0.5 0 0.5176765280015053
0.06 0.0 0 0.001775784223402775
0.06 0.01 0 0.0016608522155875621
0.06 0.02 0 0.0012675784889478428
0.06 0.03 0 0.003070548084478359
0.06 0.04 0 0.003167277985847322
0.06 0.05 0 0.002505064756499999
0.06 0.06 0 0.003663243236624856
0.06 0.07 0 0.006577088596195257
0.06 0.08 0 0.006563511121565334
0.06 0.09 0 0.004723596984191046
0.06 0.1 0 0.002595268156660156
0.06 0.11 0 0.004475077036148604
0.06 0.12 0 0.004326115825420614
0.06 0.13 0 0.003891612759897802
0.06 0.14 0 0.006382261323631574
0.06 0.15 0 0.010991349294341646
0.06 0.16 0 0.010633642365290328
0.06 0.17 0 0.005681429208064514
0.06 0.18 0 0.015449794215699341
0.06 0.19 0 0.004726356426896233
0.06 0.2 0 0.011491238003925893
0.06 0.21 0 0.006495452876836044
0.06 0.22 0 0.07202678987202338
0.06 0.23 0 0.04370002072690613
0.06 0.24 0 0.05484564249479123
0.06 0.25 0 0.06852143186133897
0.06 0.26 0 0.1656751512079526
0.06 0.27 0 0.09257152411604724
0.06 0.28 0 0.09772592361316064
0.06 0.29 0 0.13278991770686138
0.06 0.3 0 0.2581453987299188
0.06 0.31 0 0.18562722744193574
0.06 0.32 0 0.1824980050581744
0.06 0.33 0 0.10886651168477346
0.06 0.34 0 0.16449449463507324
0.06 0.35000000000000003 0 0.19274535217498365
0.06 0.36 0 0.2955066373416042
0.06 0.37 0 0.21777347552302195
0.06 0.38 0 0.25141308114617283
0.06 0.39 0 0.4803269537323236
0.06 0.4 0 0.34497509883885413
0.06 0.41000000000000003 0 0.15874414666046208
0.06 0.42 0 0.14466609940878342
0.06 0.43 0 0.18592425179286506
0.06 0.44 0 0.21564385618371376
0.06 0.45 0 0.20495611670261518
0.06 0.46 0 0.14946771293656302
0.06 0.47000000000000003 0 0.17060687679574518
0.06 0.48 0 0.0688137265513302
0.06 0.49 0 0.19978730994929386
0.06 0.5 0 0.11726111411505558
0.07 0.0 0 0.006158155010752035
0.07 0.01 0 0.007903562319296589
0.07 0.02 0 0.018249284279576138
0.07 0.03 0 0.007424027015436901
0.07 0.04 0 0.016197804543922938
0.07 0.05 0 0.011882703777240778
0.07 0.06 0 0.019252135858984023
0.07 0.07 0 0.019798606463098428
0.07 0.08 0 0.03879444051157307
0.07 0.09 0 0.01870224276031067
0.07 0.1 0 0.013728063350053782
0.07 0.11 0 0.006488813737474067
0.07 0.12 0 0.019656628400800853
0.07 0.13 0 0.007559019434234337
0.07 0.14 0 0.002851994713807477
0.07 0.15 0 0.00654420026664469
0.07 0.16 0 0.011795890496599556
0.07 0.17 0 0.021076507220712425
0.07 0.18 0 0.00648890221733173
0.07 0.19 0 0.014439905801316827
0.07 0.2 0 0.009645923812054775
0.07 0.21 0 0.037213001174879023
0.07 0.22 0 0.012637771833125241
0.07 0.23 0 0.04095256289615308
0.07 0.24 0 0.03494600015456234
0.07 0.25 0 0.05711129113339772
0.07 0.26 0 0.06391020760073686
0.07 0.27 0 0.10262998235870309
0.07 0.28 0 0.10924163731906421
0.07 0.29 0 0.2675078844908921
0.07 0.3 0 0.08642368918057891
0.07 0.31 0 0.23847506611479125
0.07 0.32 0 0.10177726677000876
0.07 0.33 0 0.11308366526298128
0.07 0.34 0 0.04084769109526735
0.07 0.35000000000000003 0 0.10197670334861114
0.07 0.36 0 0.055898871508612
0.07 0.37 0 0.08452371141730647
0.07 0.38 0 0.05968379334678198
0.07 0.39 0 0.170277801995161
0.07 0.4 0 0.11487135063028975
0.07 0.41000000000000003 0 0.0599682841497127
0.07 0.42 0 0.11001091879112682
0.07 0.43 0 0.3726171685991656
0.07 0.44 0 0.3113445143933797
0.07 0.45 0 0.3634112547087757
0.07 0.46 0 0.49081775787405774
0.07 0.47000000000000003 0 0.4270024284613913
0.07 0.48 0 0.886394157389871
0.07 0.49 0 0.44292156579418074
0.07 0.5 0 0.7007866226785582
0.08 0.0 0 0.006791365338225787
0.08 0.01 0 0.051359575079636996
0.08 0.02 0 0.0316229487071776
0.08 0.03 0 0.03346535218626984
0.08 0.04 0 0.020483183192446512
0.08 0.05 0 0.057761765323659106
0.08 0.06 0 0.032032295252807375
0.08 0.07 0 0.031378238161491406
0.08 0.08 0 0.0134314050023012
0.08 0.09 0 0.030545845671489397
0.08 0.1 0 0.006043342727010829
0.08 0.11 0 0.010115482211151152
0.08 0.12 0 0.012047312038662952
0.08 0.13 0 0.020115785296493292
0.08 0.14 0 0.009154809166951038
0.08 0.15 0 0.013633661269215391
0.08 0.16 0 0.013085702250301196
0.08 0.17 0 0.00866515154733393
0.08 0.18 0 0.005555307055403015
0.08 0.19 0 0.0036141228475114182
0.08 0.2 0 0.008653577227192389
0.08 0.21 0 0.0099600017114765
0.08 0.22 0 0.01758672026163459
0.08 0.23 0 0.025433104333511165
0.08 0.24 0 0.020858670598330745
0.08 0.25 0 0.03404363223907435
0.08 0.26 0 0.01690586466494055
0.08 0.27 0 0.004775805834595735
0.08 0.28 0 0.006338675589319165
0.08 0.29 0 0.006698687175763394
0.08 0.3 0 0.008913199957446336
0.08 0.31 0 0.0017965457126495046
0.08 0.32 0 0.004970984934312262
0.08 0.33 0 0.006118006569796236
0.08 0.34 0 0.01876039690555204
0.08 0.35000000000000003 0 0.0064578585312535216
0.08 0.36 0 0.019276469438472155
0.08 0.37 0 0.028361708675179714
0.08 0.38 0 0.04051995566346082
0.08 0.39 0 0.03811118167124077
0.08 0.4 0 0.03824060502916698
0.08 0.41000000000000003 0 0.035848039930477124
0.08 0.42 0 0.06014998554327501
0.08 0.43 0 0.1337875132609815
0.08 0.44 0 0.3636340683881427
0.08 0.45 0 0.7900896285364988
0.08 0.46 0 0.7196074332186934
0.08 0.47000000000000003 0 1.2417805539305897
0.08 0.48 0 0.9988027229744162
0.08 0.49 0 1.6479913930105736
0.08 0.5 0 0.7602634565346691
0.09 0.0 0 0.030760337209635658
0.09 0.01 0 0.04389570958305214
0.09 0.02 0 0.11640338333312499
0.09 0.03 0 0.022248241144023295
0.09 0.04 0 0.011685088679620266
0.09 0.05 0 0.008708578622721305
0.09 0.06 0 0.019856712561734567
0.09 0.07 0 0.009848401599874726
0.09 0.08 0 0.00687252767414418
0.09 0.09 0 0.007953516941573145
0.09 0.1 0 0.0351424629105119
0.09 0.11 0 0.013190396980640364
0.09 0.12 0 0.01669116001442142
0.09 0.13 0 0.009333111402203465
0.09 0.14 0 0.019577408690295017
0.09 0.15 0 0.01314550967020426
0.09 0.16 0 0.009661173244595735
0.09 0.17 0 0.005008573816791887
0.09 0.18 0 0.007464944754961234
0.09 0.19 0 0.002480670405437184
0.09 0.2 0 0.0022785322287517
0.09 0.21 0 0.001911709882658039
0.09 0.22 0 0.004712615274215199
0.09 0.23 0 0.0019550841040733282
0.09 0.24 0 0.0026430386681819654
0.09 0.25 0 0.0016138010683116482
0.09 0.26 0 0.004070098346666948
0.09 0.27 0 0.00110223453400796
0.09 0.28 0 0.0009638739073107598
0.09 0.29 0 0.003148829420833691
0.09 0.3 0 0.0017647405060646044
0.09 0.31 0 0.001913109098624371
0.09 0.32 0 0.0018327552279233039
0.09 0.33 0 0.0054405282462404265
0.09 0.34 0 0.004973665926111542
0.09 0.35000000000000003 0 0.003750782631437655
0.09 0.36 0 0.00571899417815915
0.09 0.37 0 0.01434260626775251
0.09 0.38 0 0.026397038768140414
0.09 0.39 0 0.028608185350717085
0.09 0.4 0 0.08271570761153754
0.09 0.41000000000000003 0 0.07937885329875766
0.09 0.42 0 0.24760024509287507
0.09 0.43 0 0.24556695763152406
0.09 0.44 0 0.1678209452720307
0.09 0.45 0 0.12537362544922365
0.09 0.46 0 0.2824313570940347
0.09 0.47000000000000003 0 0.2356521875495633
0.09 0.48 0 0.4765801763491431
0.09 0.49 0 0.4375802379109632
0.09 0.5 0 2.4691505437889596
0.1 0.0 0 0.014431318434856937
0.1 0.01 0 0.017862589339683124
0.1 0.02 0 0.007602127786879161
0.1 0.03 0 0.004190544013740609
0.1 0.04 0 0.0020839892635240234
0.1 0.05 0 0.0015257522946537988
0.1 0.06 0 0.003370200948142161
0.1 0.07 0 0.0025333306013441154
0.1 0.08 0 0.0020036699216013395
0.1 0.09 0 0.0031307180596363638
0.1 0.1 0 0.0022639881928044597
0.1 0.11 0 0.001994879081348735
0.1 0.12 0 0.0020005457698564037
0.1 0.13 0 0.0020294636208956565
0.1 0.14 0 0.0019156730621167999
0.1 0.15 0 0.004463536254294615
0.1 0.16 0 0.00321234703969274
0.1 0.17 0 0.0037742223744551716
0.1 0.18 0 0.003018981350918917
0.1 0.19 0 0.0049616051039960704
0.1 0.2 0 0.0025940907302904096
0.1 0.21 0 0.002073522041552804
0.1 0.22 0 0.0018258527393674676
0.1 0.23 0 0.010637402548451594
0.1 0.24 0 0.0033274619988612007
0.1 0.25 0 0.004140370351712573
0.1 0.26 0 0.005310957303061334
0.1 0.27 0 0.012447548585680073
0.1 0.28 0 0.02096996851796274
0.1 0.29 0 0.01690696775748513
0.1 0.3 0 0.03130812473087314
0.1 0.31 0 0.031844528591383876
0.1 0.32 0 0.037031632099602876
0.1 0.33 0 0.048294581631333086
0.1 0.34 0 0.07170576665227218
0.1 0.35000000000000003 0 0.0929543465179539
0.1 0.36 0 0.06633853940315507
0.1 0.37 0 0.1665400763172031
0.1 0.38 0 0.12972969253460892
0.1 0.39 0 0.4160360686617855
0.1 0.4 0 0.1685366538971747
0.1 0.41000000000000003 0 0.3065725945895599
0.1 0.42 0 0.6092359297892281
0.1 0.43 0 1.3641014341547586
0.1 0.44 0 0.8315022590700557
0.1 0.45 0 1.5042259409280034
0.1 0.46 0 2.0670071383434876
0.1 0.47000000000000003 0 4.580804465680584
0.1 0.48 0 1.6661998096761583
0.1 0.49 0 2.7652703624793564
0.1 0.5 0 3.519295698586356
0.11 0.0 0 0.018964155183417767
0.11 0.01 0 0.012294800244261626
0.11 0.02 0 0.005217351295218646
0.11 0.03 0 0.002122383234849837
0.11 0.04 0 0.001575508759723754
0.11 0.05 0 0.0015278642718034323
0.11 0.06 0 0.0004365872609219125
0.11 0.07 0 0.0007742914114903804
0.11 0.08 0 0.0009513436961541875
0.11 0.09 0 0.0022773236815498044
0.11 0.1 0 0.0016532277507343882
0.11 0.11 0 0.0015470772228505672
0.11 0.12 0 0.0026773531352640234
0.11 0.13 0 0.0025980706974169047
0.11 0.14 0 0.001490328127249832
0.11 0.15 0 0.002930287668834057
0.11 0.16 0 0.0036165994768191626
0.11 0.17 0 0.0029496794267372503
0.11 0.18 0 0.0026890431283057093
0.11 0.19 0 0.004955498969820889
0.11 0.2 0 0.0067951180838704585
0.11 0.21 0 0.007470634622460704
0.11 0.22 0 0.012157031976565464
0.11 0.23 0 0.036775737156553405
0.11 0.24 0 0.03859469594656781
0.11 0.25 0 0.031129864478852767
0.11 0.26 0 0.02926937560495202
0.11 0.27 0 0.04012320032050507
0.11 0.28 0 0.01583113652827524
0.11 0.29 0 0.04170882597899283
0.11 0.3 0 0.017642471817822615
0.11 0.31 0 0.03294980999523261
0.11 0.32 0 0.02834251361749369
0.11 0.33 0 0.03613605566739375
0.11 0.34 0 0.05038332872640123
0.11 0.35000000000000003 0 0.037192311357362624
0.11 0.36 0 0.09285180897045889
0.11 0.37 0 0.09471531139757279
0.11 0.38 0 0.10727627239038649
0.11 0.39 0 0.10498793479573093
0.11 0.4 0 0.46218701928160755
0.11 0.41000000000000003 0 0.4137661566798067
0.11 0.42 0 0.4641292344933078
0.11 0.43 0 0.6218525281202925
0.11 0.44 0 0.691129516945708
0.11 0.45 0 0.9605683306585854
0.11 0.46 0 1.7163750889192564
0.11 0.47000000000000003 0 2.4419283942004517
0.11 0.48 0 6.2633167549953885
0.11 0.49 0 4.129419152023446
0.11 0.5 0 9.412941217957837
0.12 0.0 0 0.011211366896949567
0.12 0.01 0 0.029588203963396714
0.12 0.02 0 0.02431717096736365
0.12 0.03 0 0.015610165474457123
0.12 0.04 0 0.0186820587583706
0.12 0.05 0 0.01464284811565432
0.12 0.06 0 0.030731912157096294
0.12 0.07 0 0.010742379152349425
0.12 0.08 0 0.006620426039767823
0.12 0.09 0 0.014391381369242527
0.12 0.1 0 0.01031318896183411
0.12 0.11 0 0.005936475833708479
0.12 0.12 0 0.01020866799252396
0.12 0.13 0 0.024660887412348124
0.12 0.14 0 0.024015846193966697
0.12 0.15 0 0.012887869836405035
0.12 0.16 0 0.01403104438046112
0.12 0.17 0 0.020768834722131365
0.12 0.18 0 0.018721356285798775
0.12 0.19 0 0.004019317317586582
0.12 0.2 0 0.008358096345296157
0.12 0.21 0 0.006925399750166634
0.12 0.22 0 0.01473434916633329
0.12 0.23 0 0.01116188215643836
0.12 0.24 0 0.02075718586792695
0.12 0.25 0 0.016225780374855905
0.12 0.26 0 0.05581555468085523
0.12 0.27 0 0.012258622048827487
0.12 0.28 0 0.05297835261654925
0.12 0.29 0 0.018941408097906967
0.12 0.3 0 0.028533391072470302
0.12 0.31 0 0.008757941729002705
0.12 0.32 0 0.01714357739681008
0.12 0.33 0 0.018604128803147164
0.12 0.34 0 0.018882414143074438
0.12 0.35000000000000003 0 0.014016581664428089
0.12 0.36 0 0.029422231487057054
0.12 0.37 0 0.04413174182435219
0.12 0.38 0 0.019116901509149943
0.12 0.39 0 0.016475307604175916
0.12 0.4 0 0.03119151806504454
0.12 0.41000000000000003 0 0.02469802217091266
0.12 0.42 0 0.04728914606751222
0.12 0.43 0 0.03578268375828614
0.12 0.44 0 0.07689240027735206
0.12 0.45 0 0.08179359444300713
0.12 0.46 0 0.10874747354342848
0.12 0.47000000000000003 0 0.2081964424705607
0.12 0.48 0 0.13818854974452782
0.12 0.49 0 0.18530866630645887
0.12 0.5 0 0.34703715499725885
0.13 0.0 0 0.01245915670633401
0.13 0.01 0 0.016691733038803246
0.13 0.02 0 0.037837077268497374
0.13 0.03 0 0.03454283962673362
0.13 0.04 0 0.017903220221666558
0.13 0.05 0 0.02400195462828834
0.13 0.06 0 0.04545810686056459
0.13 0.07 0 0.0337907072386226
0.13 0.08 0 0.04488502730663528
0.13 0.09 0 0.05488225330204957
0.13 0.1 0 0.17388735855299625
0.13 0.11 0 0.03422448676849853
0.13 0.12 0 0.0805884439290324
0.13 0.13 0 0.06809499613010002
0.13 0.14 0 0.0991225280525987
0.13 0.15 0 0.041960823912651254
0.13 0.16 0 0.030114704111181823
0.13 0.17 0 0.028033875239507133
0.13 0.18 0 0.028293725679425466
0.13 0.19 0 0.02411658488033443
0.13 0.2 0 0.01195892471479125
0.13 0.21 0 0.012486521847557924
0.13 0.22 0 0.008404775505742753
0.13 0.23 0 0.016493025581632213
0.13 0.24 0 0.005269515840914255
0.13 0.25 0 0.006596350113725943
0.13 0.26 0 0.005185621604153757
0.13 0.27 0 0.011413186472724303
0.13 0.28 0 0.0023865079590281286
0.13 0.29 0 0.009286789725342838
0.13 0.3 0 0.0073025850585559824
0.13 0.31 0 0.012749753104002653
0.13 0.32 0 0.005024571473343415
0.13 0.33 0 0.008846388877725717
0.13 0.34 0 0.019256153773731743
0.13 0.35000000000000003 0 0.017164743793334235
0.13 0.36 0 0.008591241891170479
0.13 0.37 0 0.014385876523506286
0.13 0.38 0 0.008055508953616604
0.13 0.39 0 0.011366052032467886
0.13 0.4 0 0.008094986769602679
0.13 0.41000000000000003 0 0.01950343512166602
0.13 0.42 0 0.011447621020937243
0.13 0.43 0 0.016960222629581176
0.13 0.44 0 0.0086181275463042
0.13 0.45 0 0.021196459638426778
0.13 0.46 0 0.02749959863234862
0.13 0.47000000000000003 0 0.015383995903268496
0.13 0.48 0 0.025233614153402258
0.13 0.49 0 0.029907674073517545
0.13 0.5 0 0.1345139700827395
0.14 0.0 0 0.02565332874267405
0.14 0.01 0 0.023345501333908444
0.14 0.02 0 0.030645588341140093
0.14 0.03 0 0.05123141315018395
0.14 0.04 0 0.07034271492878719
0.14 0.05 0 0.029141710008050676
0.14 0.06 0 0.03460227895516455
0.14 0.07 0 0.13427574996619343
0.14 0.08 0 0.03915416901007
0.14 0.09 0 0.1413969947065356
0.14 0.1 0 0.04966467911739106
0.14 0.11 0 0.23607260322617668
0.14 0.12 0 0.0941237092367566
0.14 0.13 0 0.1631048266836495
0.14 0.14 0 0.06956201516050173
0.14 0.15 0 0.20681973591055947
0.14 0.16 0 0.08163380790409314
0.14 0.17 0 0.13481123508599488
0.14 0.18 0 0.14371823787263618
0.14 0.19 0 0.25023745018435967
0.14 0.2 0 0.2288569489836725
0.14 0.21 0 0.17378852410390788
0.14 0.22 0 0.16651644373274874
0.14 0.23 0 0.320905628656036
0.14 0.24 0 0.10237386456556581
0.14 0.25 0 0.09000784902075663
0.14 0.26 0 0.2594626560813882
0.14 0.27 0 0.18832666055538022
0.14 0.28 0 0.11824412307019957
0.14 0.29 0 0.049963159852690474
0.14 0.3 0 0.05755693870598001
0.14 0.31 0 0.047042922101528405
0.14 0.32 0 0.015006548800631053
0.14 0.33 0 0.016081818618958858
0.14 0.34 0 0.04165637647572747
0.14 0.35000000000000003 0 0.055551017311962846
0.14 0.36 0 0.09213102226776039
0.14 0.37 0 0.07602553662579638
0.14 0.38 0 0.0669557488219466
0.14 0.39 0 0.04452206610933063
0.14 0.4 0 0.10553381839149861
0.14 0.41000000000000003 0 0.03966588361550231
0.14 0.42 0 0.05277250302829588
0.14 0.43 0 0.02922385489593336
0.14 0.44 0 0.04300169367141808
0.14 0.45 0 0.05259187654946621
0.14 0.46 0 0.027479206868538705
0.14 0.47000000000000003 0 0.06939039303937251
0.14 0.48 0 0.0334692121392354
0.14 0.49 0 0.05212764553901036
0.14 0.5 0 0.06846623939810366
0.15 0.0 0 0.03766230831385052
0.15 0.01 0 0.07059396090803548
0.15 0.02 0 0.05627475856636708
0.15 0.03 0 0.13687182760606906
0.15 0.04 0 0.09513722954353905
0.15 0.05 0 0.06585879529298347
0.15 0.06 0 0.10154825704041807
0.15 0.07 0 0.09577826380101968
0.15 0.08 0 0.29148255960854963
0.15 0.09 0 0.16105654601525635
0.15 0.1 0 0.45280290315135463
0.15 0.11 0 0.14545885837261413
0.15 0.12 0 0.81875976373457
0.15 0.13 0 0.7722538798459582
0.15 0.14 0 0.9281411149255433
0.15 0.15 0 0.41085549935213417
0.15 0.16 0 0.7106914049354552
0.15 0.17 0 0.6080826367982739
0.15 0.18 0 0.4960457131744618
0.15 0.19 0 0.2343391561285993
0.15 0.2 0 0.7316626031896479
0.15 0.21 0 0.4373664132594184
0.15 0.22 0 0.5059658730726502
0.15 0.23 0 0.3882721041057186
0.15 0.24 0 1.023588928412234
0.15 0.25 0 0.36212626989493046
0.15 0.26 0 0.3868437394024974
0.15 0.27 0 0.22583343845190187
0.15 0.28 0 0.262898983202518
0.15 0.29 0 0.17035930181002654
0.15 0.3 0 0.16580664259512384
0.15 0.31 0 0.13293921519111818
0.15 0.32 0 0.2099167610598471
0.15 0.33 0 0.1573351154218592
0.15 0.34 0 0.4084654887625807
0.15 0.35000000000000003 0 0.5072427242822939
0.15 0.36 0 0.32016469360654165
0.15 0.37 0 0.20345236894014254
0.15 0.38 0 0.07978824956812104
0.15 0.39 0 0.19455669571559214
0.15 0.4 0 0.24306859420918603
0.15 0.41000000000000003 0 0.19769197890921805
0.15 0.42 0 0.12678287681573713
0.15 0.43 0 0.197823401239111
0.15 0.44 0 0.28162528656785707
0.15 0.45 0 0.09287497046207427
0.15 0.46 0 0.08782082367096397
0.15 0.47000000000000003 0 0.03371691442610024
0.15 0.48 0 0.09367521567717903
0.15 0.49 0 0.036180135740515686
0.15 0.5 0 0.1105806963912222
0.16 0.0 0 0.028153736592041623
0.16 0.01 0 0.03959596734859091
0.16 0.02 0 0.09051250293026489
0.16 0.03 0 0.05136453029673594
0.16 0.04 0 0.10625784179800168
0.16 0.05 0 0.11201822531005658
0.16 0.06 0 0.2124185997996093
0.16 0.07 0 0.27847973201083903
0.16 0.08 0 0.1503589762932328
0.16 0.09 0 0.6993393385792146
0.16 0.1 0 0.5665113112072185
0.16 0.11 0 0.4717121252926034
0.16 0.12 0 0.9444430593324555
0.16 0.13 0 1.24974516348621
0.16 0.14 0 1.3083084266273173
0.16 0.15 0 0.6943850018027186
0.16 0.16 0 0.6786500357973991
0.16 0.17 0 0.5695662442930491
0.16 0.18 0 0.2908394687327411
0.16 0.19 0 0.1484976588921189
0.16 0.2 0 0.24097246803741773
0.16 0.21 0 0.30275005536901456
0.16 0.22 0 0.10217748194883788
0.16 0.23 0 0.26582116958150376
0.16 0.24 0 0.25643658121081425
0.16 0.25 0 0.7562335452461786
0.16 0.26 0 0.9233001362339187
0.16 0.27 0 0.6921294944553403
0.16 0.28 0 0.6431716155285203
0.16 0.29 0 0.8262807040159097
0.16 0.3 0 0.6854472689091138
0.16 0.31 0 0.5081373307303911
0.16 0.32 0 0.1645763254697654
0.16 0.33 0 0.36254649308381176
0.16 0.34 0 1.6466920946384715
0.16 0.35000000000000003 0 1.3782134335799119
0.16 0.36 0 1.343825779401264
0.16 0.37 0 1.0661425701476217
0.16 0.38 0 0.8215008732007795
0.16 0.39 0 0.4136427670480087
0.16 0.4 0 0.38393411776141684
0.16 0.41000000000000003 0 0.24726473600959484
0.16 0.42 0 0.2034236549544856
0.16 0.43 0 0.1909682821676132
0.16 0.44 0 0.18011778094323572
0.16 0.45 0 0.6427091811879957
0.16 0.46 0 0.2015095686892758
0.16 0.47000000000000003 0 0.6572564792452652
0.16 0.48 0 0.5384409892180304
0.16 0.49 0 0.7814478698506879
0.16 0.5 0 0.748216571368003
0.17 0.0 0 0.005975017450652928
0.17 0.01 0 0.010858712244911167
0.17 0.02 0 0.017777740279003775
0.17 0.03 0 0.03818175981585131
0.17 0.04 0 0.02038188800637196
0.17 0.05 0 0.015274678011612454
0.17 0.06 0 0.05074002426650864
0.17 0.07 0 0.0750562710173244
0.17 0.08 0 0.03742986218394246
0.17 0.09 0 0.03467324825540361
0.17 0.1 0 0.10813233276701893
0.17 0.11 0 0.2581447333636241
0.17 0.12 0 0.15191890296395408
0.17 0.13 0 0.4751274580368473
0.17 0.14 0 0.4673322404712051
0.17 0.15 0 0.7994106091493337
0.17 0.16 0 0.1323042796308026
0.17 0.17 0 0.2176410550809153
0.17 0.18 0 0.23605356239993364
0.17 0.19 0 0.3505575360289909
0.17 0.2 0 0.4188288051333079
0.17 0.21 0 0.7106377136009472
0.17 0.22 0 1.5180221232272588
0.17 0.23 0 2.604990552750679
0.17 0.24 0 2.5016136203207457
0.17 0.25 0 3.6678397875555695
0.17 0.26 0 4.016799956941975
0.17 0.27 0 6.308543875180537
0.17 0.28 0 4.143117390533399
0.17 0.29 0 16.325521051877175
0.17 0.3 0 14.320195946562059
0.17 0.31 0 13.557589015482238
0.17 0.32 0 4.500840767227412
0.17 0.33 0 8.798428768213482
0.17 0.34 0 10.053050229005127
0.17 0.35000000000000003 0 6.2089227247441725
0.17 0.36 0 1.4253802198512615
0.17 0.37 0 3.8257641155315714
0.17 0.38 0 3.166827154502782
0.17 0.39 0 4.227925035277993
0.17 0.4 0 3.9472302227762253
0.17 0.41000000000000003 0 5.4708536858423225
0.17 0.42 0 8.204440895686455
0.17 0.43 0 6.24685755426685
0.17 0.44 0 6.626052630525405
0.17 0.45 0 2.3658322465918227
0.17 0.46 0 2.7011901017666635
0.17 0.47000000000000003 0 1.8940884125686923
0.17 0.48 0 3.2215484033439625
0.17 0.49 0 1.648309891802427
0.17 0.5 0 1.7719251158325897
0.18 0.0 0 0.0066246454262135525
0.18 0.01 0 0.008639767490499849
0.18 0.02 0 0.008447562956605151
0.18 0.03 0 0.01729111767840174
0.18 0.04 0 0.016135149804279453
0.18 0.05 0 0.011887779269227352
0.18 0.06 0 0.016908303777688934
0.18 0.07 0 0.049846824583352475
0.18 0.08 0 0.0200054690967887
0.18 0.09 0 0.04338731058772123
0.18 0.1 0 0.08664903764414796
0.18 0.11 0 0.08320389819102297
0.18 0.12 0 0.14653653984580442
0.18 0.13 0 0.10189758532735688
0.18 0.14 0 0.3360172025857668
0.18 0.15 0 0.2820600464839738
0.18 0.16 0 0.18878262144761254
0.18 0.17 0 0.21763874000354058
0.18 0.18 0 0.6393693262883556
0.18 0.19 0 1.958564467746291
0.18 0.2 0 6.241776073359538
0.18 0.21 0 5.508890340888269
0.18 0.22 0 4.373835136197066
0.18 0.23 0 15.436704277001612
0.18 0.24 0 30.322495034560347
0.18 0.25 0 10.489966480434811
0.18 0.26 0 23.245746030326867
0.18 0.27 0 14.47558660789594
0.18 0.28 0 80.18366760145061
0.18 0.29 0 21.38499346311905
0.18 0.3 0 30.94594625335707
0.18 0.31 0 16.896285249605363
0.18 0.32 0 14.425984253936123
0.18 0.33 0 4.199112422526043
0.18 0.34 0 15.075570334410713
0.18 0.35000000000000003 0 5.601494574869866
0.18 0.36 0 5.459308136030614
0.18 0.37 0 2.0233477760003344
0.18 0.38 0 2.570067596898893
0.18 0.39 0 1.7109512153301882
0.18 0.4 0 1.2175055640735293
0.18 0.41000000000000003 0 0.6781644661278798
0.18 0.42 0 1.2068613399533985
0.18 0.43 0 1.4625694750771885
0.18 0.44 0 1.081391627007963
0.18 0.45 0 1.9227041679463284
0.18 0.46 0 1.4424380288000367
0.18 0.47000000000000003 0 2.403934694769117
0.18 0.48 0 1.5992429422358774
0.18 0.49 0 0.505664417376339
0.18 0.5 0 1.1217413589060563
0.19 0.0 0 0.03541436271865506
0.19 0.01 0 0.03798622911431129
0.19 0.02 0 0.01958181787240696
0.19 0.03 0 0.014830915323513615
0.19 0.04 0 0.048642945584184125
0.19 0.05 0 0.03305227844283602
0.19 0.06 0 0.05448418459302304
0.19 0.07 0 0.032985315902093026
0.19 0.08 0 0.08148288840151935
0.19 0.09 0 0.057440889603950905
0.19 0.1 0 0.06751530195946161
0.19 0.11 0 0.04964599183084392
0.19 0.12 0 0.12714501135517497
0.19 0.13 0 0.15395288890226788
0.19 0.14 0 0.22437419191409852
0.19 0.15 0 0.1378230091838349
0.19 0.16 0 0.2073395376595351
0.19 0.17 0 0.11862759242180382
0.19 0.18 0 0.33220899701241025
0.19 0.19 0 0.2739361105819147
0.19 0.2 0 1.6202558726618688
0.19 0.21 0 1.000508545280304
0.19 0.22 0 1.8940720356553786
0.19 0.23 0 4.43438677978496
0.19 0.24 0 7.104162016900555
0.19 0.25 0 7.292825010530495
0.19 0.26 0 4.266175192992643
0.19 0.27 0 18.903925462258858
0.19 0.28 0 11.770955886533445
0.19 0.29 0 11.703449937573609
0.19 0.3 0 3.5182816141365265
0.19 0.31 0 6.859640331417888
0.19 0.32 0 3.466146277548723
0.19 0.33 0 3.4443233579507284
0.19 0.34 0 2.6174503140780905
0.19 0.35000000000000003 0 3.464024836250881
0.19 0.36 0 1.936757929688796
0.19 0.37 0 3.3007999902543688
0.19 0.38 0 1.2658372810595124
0.19 0.39 0 0.8140859330899016
0.19 0.4 0 0.48362406322779017
0.19 0.41000000000000003 0 0.4903672015474846
0.19 0.42 0 0.3791954802884802
0.19 0.43 0 0.24556933666507813
0.19 0.44 0 0.3181193779626558
0.19 0.45 0 0.5261799223096391
0.19 0.46 0 0.5654454343549712
0.19 0.47000000000000003 0 0.7504734915202618
0.19 0.48 0 1.0474364939180592
0.19 0.49 0 1.0990034110784754
0.19 0.5 0 0.7506103439970768
0.2 0.0 0 0.05463318504007924
0.2 0.01 0 0.058920490294158044
0.2 0.02 0 0.04594537806101561
0.2 0.03 0 0.03858762207650397
0.2 0.04 0 0.04951251759251603
0.2 0.05 0 0.03201345997238061
0.2 0.06 0 0.028901888570099
0.2 0.07 0 0.07704229889305546
0.2 0.08 0 0.04335270247257293
0.2 0.09 0 0.16720509277275694
0.2 0.1 0 0.14160739348338797
0.2 0.11 0 0.14396076088974993
0.2 0.12 0 0.12314156552126287
0.2 0.13 0 0.5418205033132627
0.2 0.14 0 0.43979996033072016
0.2 0.15 0 0.5774903159212607
0.2 0.16 0 0.06153493244971454
0.2 0.17 0 0.5813166963467997
0.2 0.18 0 0.30362867716766845
0.2 0.19 0 0.4461609727049976
0.2 0.2 0 0.13582811917321688
0.2 0.21 0 0.5276973624004578
0.2 0.22 0 0.24770165192378454
0.2 0.23 0 0.5412803415588003
0.2 0.24 0 0.4259690806120572
0.2 0.25 0 0.7108977029592284
0.2 0.26 0 1.4697890186653908
0.2 0.27 0 1.05569576763764
0.2 0.28 0 2.3777638378021075
0.2 0.29 0 2.018451165466777
0.2 0.3 0 0.834058729532585
0.2 0.31 0 0.9520656678198463
0.2 0.32 0 0.6277625604240727
0.2 0.33 0 0.8211680247423822
0.2 0.34 0 1.3905515749155528
0.2 0.35000000000000003 0 1.1721341568261885
0.2 0.36 0 1.818353568560624
0.2 0.37 0 2.6969591890311992
0.2 0.38 0 1.8832821829764006
0.2 0.39 0 1.3108393387264032
0.2 0.4 0 1.4735013517404967
0.2 0.41000000000000003 0 0.9715695669647534
0.2 0.42 0 0.7742659383558637
0.2 0.43 0 0.37877316945186984
0.2 0.44 0 0.48870266269272444
0.2 0.45 0 0.8560155059757051
0.2 0.46 0 0.528828331398782
0.2 0.47000000000000003 0 0.5860774831096135
0.2 0.48 0 1.204555681195984
0.2 0.49 0 0.7225347604735699
0.2 0.5 0 1.1160883415416807
0.21 0.0 0 0.20815674642452345
0.21 0.01 0 0.26614640935010564
0.21 0.02 0 0.1113531294877579
0.21 0.03 0 0.2597849980604439
0.21 0.04 0 0.0833154883945151
0.21 0.05 0 0.05722401319497044
0.21 0.06 0 0.06577560682644122
0.21 0.07 0 0.06518100390772463
0.21 0.08 0 0.031130548987982242
0.21 0.09 0 0.027448917469369206
0.21 0.1 0 0.04877033381590008
0.21 0.11 0 0.060228092497092094
0.21 0.12 0 0.11172774302651942
0.21 0.13 0 0.17878916920002808
0.21 0.14 0 1.0165073155699922
0.21 0.15 0 0.48495070869119206
0.21 0.16 0 0.6070451397498912
0.21 0.17 0 0.34332841407897774
0.21 0.18 0 1.1831582002593368
0.21 0.19 0 0.2953542921536462
0.21 0.2 0 0.7918270626199387
0.21 0.21 0 0.625391114748794
0.21 0.22 0 1.3149230160390315
0.21 0.23 0 1.0401552429978638
0.21 0.24 0 0.7174981686646335
0.21 0.25 0 0.5440100411957569
0.21 0.26 0 0.4712183049771326
0.21 0.27 0 0.3805157428081495
0.21 0.28 0 0.28708951669324617
0.21 0.29 0 0.14136884860467072
0.21 0.3 0 0.3978705755074685
0.21 0.31 0 0.654902483107511
0.21 0.32 0 1.1276012618051283
0.21 0.33 0 0.6028596840457421
0.21 0.34 0 2.0761810255208304
0.21 0.35000000000000003 0 2.6653645324535473
0.21 0.36 0 1.671351915180847
0.21 0.37 0 1.384709176446318
0.21 0.38 0 1.2959532087983838
0.21 0.39 0 1.63345339988038
0.21 0.4 0 1.011743942739021
0.21 0.41000000000000003 0 1.368871376670642
0.21 0.42 0 1.5955191181856785
0.21 0.43 0 1.0238746757652377
0.21 0.44 0 0.5434328842654083
0.21 0.45 0 0.6403081204533408
0.21 0.46 0 0.4877512555242897
0.21 0.47000000000000003 0 0.3980320489573241
0.21 0.48 0 0.2988871597871338
0.21 0.49 0 0.22471576257227233
0.21 0.5 0 0.20884471327914808
0.22 0.0 0 0.6284628416535619
0.22 0.01 0 0.15073461400163773
0.22 0.02 0 0.15445052295173678
0.22 0.03 0 0.06327890301552594
0.22 0.04 0 0.1757170262356709
0.22 0.05 0 0.029392130127698337
0.22 0.06 0 0.05253103129741283
0.22 0.07 0 0.18030460666350911
0.22 0.08 0 0.2699497719787845
0.22 0.09 0 0.12865379037316674
0.22 0.1 0 0.14460256112653994
0.22 0.11 0 0.21623635449985787
0.22 0.12 0 0.5822134171633798
0.22 0.13 0 0.2669408075821171
0.22 0.14 0 0.32164327331009285
0.22 0.15 0 0.8420066063099986
0.22 0.16 0 0.5665594348940873
0.22 0.17 0 0.8038468604064823
0.22 0.18 0 1.147455384397512
0.22 0.19 0 1.2228161475180026
0.22 0.2 0 1.5056318811639575
0.22 0.21 0 0.9474888264556353
0.22 0.22 0 1.1297389563132083
0.22 0.23 0 1.4038716755455867
0.22 0.24 0 1.324239324781244
0.22 0.25 0 0.5795676577322519
0.22 0.26 0 1.3086310571199449
0.22 0.27 0 1.3808527031444104
0.22 0.28 0 1.390380297757964
0.22 0.29 0 1.0421654682946888
0.22 0.3 0 0.6244766454374653
0.22 0.31 0 2.712775195187278
0.22 0.32 0 1.116506065939372
0.22 0.33 0 0.7554079190079886
0.22 0.34 0 1.5471074801866238
0.22 0.35000000000000003 0 1.5702993077168628
0.22 0.36 0 1.8197372048712817
0.22 0.37 0 1.382593035752404
0.22 0.38 0 2.1410183294349663
0.22 0.39 0 1.7890533792883345
0.22 0.4 0 1.7017922699749446
0.22 0.41000000000000003 0 0.6463961305782294
0.22 0.42 0 0.9072101174558125
0.22 0.43 0 0.39100990463733387
0.22 0.44 0 0.29840206643352024
0.22 0.45 0 0.38574425784434996
0.22 0.46 0 0.2563386364358612
0.22 0.47000000000000003 0 0.3952527752590535
0.22 0.48 0 0.986902404389177
0.22 0.49 0 0.6809109055691025
0.22 0.5 0 0.4529751321553688
0.23 0.0 0 0.06283763465880694
0.23 0.01 0 0.14833022963331832
0.23 0.02 0 0.040060604627635214
0.23 0.03 0 0.09407938155100135
0.23 0.04 0 0.12424343506930295
0.23 0.05 0 0.08979024123147171
0.23 0.06 0 0.08188870553341077
0.23 0.07 0 0.09516694752167143
0.23 0.08 0 0.09499187902937162
0.23 0.09 0 0.08682365540854332
0.23 0.1 0 0.06399656543509276
0.23 0.11 0 0.14646137757577957
0.23 0.12 0 0.19839659914381125
0.23 0.13 0 0.2942527239281651
0.23 0.14 0 0.32176565938344626
0.23 0.15 0 0.3813336843491325
0.23 0.16 0 0.19376819530329062
0.23 0.17 0 0.2734863234569618
0.23 0.18 0 0.1551423298393391
0.23 0.19 0 0.18889275359266358
0.23 0.2 0 0.26210603800594706
0.23 0.21 0 0.8130998911734023
0.23 0.22 0 0.3767088626131444
0.23 0.23 0 0.8588367457232999
0.23 0.24 0 0.7321112983930429
0.23 0.25 0 2.3148325197541206
0.23 0.26 0 0.8727711249125526
0.23 0.27 0 0.7359100109399649
0.23 0.28 0 1.0009247087878592
0.23 0.29 0 0.7795933818433449
0.23 0.3 0 0.6088206387765072
0.23 0.31 0 0.9605009386275944
0.23 0.32 0 1.0657372488587578
0.23 0.33 0 0.7642964503285204
0.23 0.34 0 0.40177307499270426
0.23 0.35000000000000003 0 0.9494460891661726
0.23 0.36 0 0.47634449838733145
0.23 0.37 0 0.6566302985710659
0.23 0.38 0 0.17749858383290631
0.23 0.39 0 0.40396494620238593
0.23 0.4 0 0.2166222124460417
0.23 0.41000000000000003 0 0.20204694486916547
0.23 0.42 0 0.11869518417387603
0.23 0.43 0 0.11722248064839079
0.23 0.44 0 0.15724302649149252
0.23 0.45 0 0.21148878658960193
0.23 0.46 0 0.22277323632155382
0.23 0.47000000000000003 0 0.32271852248374155
0.23 0.48 0 0.5111455377763905
0.23 0.49 0 0.24066017170145346
0.23 0.5 0 0.12526490083570202
0.24 0.0 0 0.007353945717026849
0.24 0.01 0 0.022760907356887294
0.24 0.02 0 0.03745399951427937
0.24 0.03 0 0.03221070341412931
0.24 0.04 0 0.030371455886248917
0.24 0.05 0 0.0815727146488067
0.24 0.06 0 0.07082432959185835
0.24 0.07 0 0.15745158375125343
0.24 0.08 0 0.05216203000207039
0.24 0.09 0 0.13094676779595651
0.24 0.1 0 0.12270978392255125
0.24 0.11 0 0.13743879663887862
0.24 0.12 0 0.19931292369191245
0.24 0.13 0 0.22470445167335057
0.24 0.14 0 0.23281647679094075
0.24 0.15 0 0.31697207729606985
0.24 0.16 0 0.19795346002126585
0.24 0.17 0 0.3777598402836127
0.24 0.18 0 0.39355141301842805
0.24 0.19 0 0.16621935942492838
0.24 0.2 0 0.3543763247838802
0.24 0.21 0 0.5171759492958343
0.24 0.22 0 0.49185536272415575
0.24 0.23 0 0.3486845911231801
0.24 0.24 0 0.5817951015432775
0.24 0.25 0 0.9085703277597726
0.24 0.26 0 1.5285708335476953
0.24 0.27 0 0.7640597537971561
0.24 0.28 0 0.7680796628154085
0.24 0.29 0 0.6874638928034829
0.24 0.3 0 0.3963367051022882
0.24 0.31 0 0.6331316838077864
0.24 0.32 0 0.78104147986667
0.24 0.33 0 0.2649221479320034
0.24 0.34 0 0.8766271578675615
0.24 0.35000000000000003 0 0.28474710293812594
0.24 0.36 0 0.626478458369683
0.24 0.37 0 0.23005785358750352
0.24 0.38 0 0.4174653457386492
0.24 0.39 0 0.22217733798965214
0.24 0.4 0 0.18941562561251327
0.24 0.41000000000000003 0 0.08493283564125258
0.24 0.42 0 0.13552029567354146
0.24 0.43 0 0.07070331350287345
0.24 0.44 0 0.034038096241965285
0.24 0.45 0 0.06354697161277331
0.24 0.46 0 0.047816833005354734
0.24 0.47000000000000003 0 0.08266743993067716
0.24 0.48 0 0.17178306608126145
0.24 0.49 0 0.14469639408589893
0.24 0.5 0 0.09767250922242217
0.25 0.0 0 0.005559246810597604
0.25 0.01 0 0.006722928333333196
0.25 0.02 0 0.007628730772690952
0.25 0.03 0 0.007476154297119611
0.25 0.04 0 0.01896179876334502
0.25 0.05 0 0.00481295761336282
0.25 0.06 0 0.02329466184755417
0.25 0.07 0 0.017674810821855045
0.25 0.08 0 0.03415033674869217
0.25 0.09 0 0.016926147791261552
0.25 0.1 0 0.03970156156278971
0.25 0.11 0 0.05706329072039412
0.25 0.12 0 0.07350173593141408
0.25 0.13 0 0.020579966544829287
0.25 0.14 0 0.08286644276459562
0.25 0.15 0 0.08359011577538081
0.25 0.16 0 0.07671272544644253
0.25 0.17 0 0.03452874703608894
0.25 0.18 0 0.15722491103958056
0.25 0.19 0 0.12903260122988253
0.25 0.2 0 0.2706937081982246
0.25 0.21 0 0.1608350939560232
0.25 0.22 0 0.47030629477983277
0.25 0.23 0 0.3924927474700507
0.25 0.24 0 0.48423490811548453
0.25 0.25 0 0.5598348245384336
0.25 0.26 0 1.0973716472191892
0.25 0.27 0 0.39049653342808505
0.25 0.28 0 0.4644412990018203
0.25 0.29 0 0.28091706962768287
0.25 0.3 0 0.4120501815217652
0.25 0.31 0 0.5991910243609155
0.25 0.32 0 0.3096835164977803
0.25 0.33 0 0.5918152506733182
0.25 0.34 0 0.4526982623212879
0.25 0.35000000000000003 0 0.8187563721327941
0.25 0.36 0 0.17088935652187015
0.25 0.37 0 0.24828498362730997
0.25 0.38 0 0.14855363858448628
0.25 0.39 0 0.2401276771339776
0.25 0.4 0 0.1097920771782128
0.25 0.41000000000000003 0 0.08887235603907345
0.25 0.42 0 0.14653494583668883
0.25 0.43 0 0.0798191376154978
0.25 0.44 0 0.06182014392167425
0.25 0.45 0 0.0534952885425655
0.25 0.46 0 0.04591601434555642
0.25 0.47000000000000003 0 0.049495453530847125
0.25 0.48 0 0.05492898329576269
0.25 0.49 0 0.04024430027948289
0.25 0.5 0 0.023906461649803656
0.26 0.0 0 0.07474193030454218
0.26 0.01 0 0.07215404531809354
0.26 0.02 0 0.03719770292241634
0.26 0.03 0 0.03617887343043555
0.26 0.04 0 0.02689919005805573
0.26 0.05 0 0.017849707018600586
0.26 0.06 0 0.009947542817932266
0.26 0.07 0 0.025240104620773054
0.26 0.08 0 0.017691139633083
0.26 0.09 0 0.020803429412118737
0.26 0.1 0 0.03670984711487442
0.26 0.11 0 0.06305359710717642
0.26 0.12 0 0.04408231169541389
0.26 0.13 0 0.015837254419832844
0.26 0.14 0 0.010329694478951426
0.26 0.15 0 0.059787388708063015
0.26 0.16 0 0.01565090624245125
0.26 0.17 0 0.02933249363060461
0.26 0.18 0 0.015645293572575412
0.26 0.19 0 0.057189866050983335
0.26 0.2 0 0.03616362767190789
0.26 0.21 0 0.06800368713340056
0.26 0.22 0 0.016435767762028663
0.26 0.23 0 0.05545149304910937
0.26 0.24 0 0.03118121823928155
0.26 0.25 0 0.0887152444430331
0.26 0.26 0 0.04698151688462065
0.26 0.27 0 0.06540852409568812
0.26 0.28 0 0.055662977806263565
0.26 0.29 0 0.08101529023573666
0.26 0.3 0 0.029453851393210464
0.26 0.31 0 0.07326912126164355
0.26 0.32 0 0.1307422343563398
0.26 0.33 0 0.04779465831812585
0.26 0.34 0 0.0943506935097695
0.26 0.35000000000000003 0 0.061044877416725915
0.26 0.36 0 0.12706991072467338
0.26 0.37 0 0.09328075664410403
0.26 0.38 0 0.1121275563099232
0.26 0.39 0 0.27277374021432216
0.26 0.4 0 0.2575573684191689
0.26 0.41000000000000003 0 0.20541508031201156
0.26 0.42 0 0.3066463069244433
0.26 0.43 0 0.27242134368196397
0.26 0.44 0 0.09746486741339185
0.26 0.45 0 0.0981153933288798
0.26 0.46 0 0.18948089046903926
0.26 0.47000000000000003 0 0.4294315966942477
0.26 0.48 0 1.1117415422144579
0.26 0.49 0 0.344540129445216
0.26 0.5 0 0.42339667310217055
0.27 0.0 0 0.0791924928894375
0.27 0.01 0 0.26161231858161754
0.27 0.02 0 0.09110940424338751
0.27 0.03 0 0.08648880893033824
0.27 0.04 0 0.15292630701917087
0.27 0.05 0 0.2605696196169523
0.27 0.06 0 0.11591036678799493
0.27 0.07 0 0.09365884046162193
0.27 0.08 0 0.05007745428645719
0.27 0.09 0 0.17304692419549805
0.27 0.1 0 0.03272798029692524
0.27 0.11 0 0.060287070381085724
0.27 0.12 0 0.05665807428177488
0.27 0.13 0 0.041508557756611435
0.27 0.14 0 0.0392929797776591
0.27 0.15 0 0.0377044501172479
0.27 0.16 0 0.047721544766762596
0.27 0.17 0 0.024637654979462565
0.27 0.18 0 0.03170300944003932
0.27 0.19 0 0.015366482271908129
0.27 0.2 0 0.03797712242364623
0.27 0.21 0 0.012520205045487664
0.27 0.22 0 0.016267842170601555
0.27 0.23 0 0.018849210505898346
0.27 0.24 0 0.04771729652234491
0.27 0.25 0 0.0413625868080688
0.27 0.26 0 0.03951601429904193
0.27 0.27 0 0.021433256275214405
0.27 0.28 0 0.061538344268908654
0.27 0.29 0 0.0280373157437691
0.27 0.3 0 0.014652572807475393
0.27 0.31 0 0.0299657356996486
0.27 0.32 0 0.0549484154217316
0.27 0.33 0 0.09836220419889447
0.27 0.34 0 0.06383016418989354
0.27 0.35000000000000003 0 0.10312374122214928
0.27 0.36 0 0.1420514641499511
0.27 0.37 0 0.1353477119488462
0.27 0.38 0 0.11798744804592709
0.27 0.39 0 0.11043226383957233
0.27 0.4 0 0.09303305624456676
0.27 0.41000000000000003 0 0.06376482877393179
0.27 0.42 0 0.12022157006586148
0.27 0.43 0 0.08243349382130556
0.27 0.44 0 0.05563908515589495
0.27 0.45 0 0.15127310724900705
0.27 0.46 0 0.17215158667257566
0.27 0.47000000000000003 0 0.5581914241377647
0.27 0.48 0 0.38741024356145115
0.27 0.49 0 0.7166236692414686
0.27 0.5 0 0.5169763556745087
0.28 0.0 0 0.22837480375506755
0.28 0.01 0 0.19554023934548684
0.28 0.02 0 0.11895633313525034
0.28 0.03 0 0.04433589572679617
0.28 0.04 0 0.1209878653670607
0.28 0.05 0 0.06901528419986189
0.28 0.06 0 0.09565493352796885
0.28 0.07 0 0.021206557525899616
0.28 0.08 0 0.0555641068248823
0.28 0.09 0 0.035722942666067126
0.28 0.1 0 0.13492041347813413
0.28 0.11 0 0.033084028831381576
0.28 0.12 0 0.06789068586712492
0.28 0.13 0 0.03652732233547851
0.28 0.14 0 0.06982130306404935
0.28 0.15 0 0.10213785600863706
0.28 0.16 0 0.03702495565109327
0.28 0.17 0 0.042829635150851204
0.28 0.18 0 0.07073882854046509
0.28 0.19 0 0.04108285624535016
0.28 0.2 0 0.020535187213489747
0.28 0.21 0 0.01159268335260265
0.28 0.22 0 0.01294241737347122
0.28 0.23 0 0.010480516021025532
0.28 0.24 0 0.009866098702676549
0.28 0.25 0 0.01576933896074992
0.28 0.26 0 0.036628812363879354
0.28 0.27 0 0.018708914432469668
0.28 0.28 0 0.02407580947619342
0.28 0.29 0 0.02882542414960518
0.28 0.3 0 0.021674430519196337
0.28 0.31 0 0.025494235395603825
0.28 0.32 0 0.056091981366474794
0.28 0.33 0 0.03835406200207952
0.28 0.34 0 0.05468377306677466
0.28 0.35000000000000003 0 0.03183154593384062
0.28 0.36 0 0.056147408567091495
0.28 0.37 0 0.08275741827989558
0.28 0.38 0 0.029783242560201713
0.28 0.39 0 0.03533067618854006
0.28 0.4 0 0.03599949397370816
0.28 0.41000000000000003 0 0.036536158278835836
0.28 0.42 0 0.04644813213297609
0.28 0.43 0 0.017665327360043444
0.28 0.44 0 0.020907410702262326
0.28 0.45 0 0.03764659048141016
0.28 0.46 0 0.11133336160459985
0.28 0.47000000000000003 0 0.07308816589942169
0.28 0.48 0 0.24840522992464487
0.28 0.49 0 0.20526991895401708
0.28 0.5 0 0.45055372141763395
0.29 0.0 0 0.05415128553228663
0.29 0.01 0 0.04349660003048422
0.29 0.02 0 0.04949939344966156
0.29 0.03 0 0.10540523127517608
0.29 0.04 0 0.09361427397046954
0.29 0.05 0 0.06043351902106242
0.29 0.06 0 0.03616299804804282
0.29 0.07 0 0.03965172492316166
0.29 0.08 0 0.009622586309635237
0.29 0.09 0 0.01962434435846729
0.29 0.1 0 0.00936991833109727
0.29 0.11 0 0.01940654500475542
0.29 0.12 0 0.02100359335806175
0.29 0.13 0 0.011903600592649723
0.29 0.14 0 0.025768674727442403
0.29 0.15 0 0.023417419148053488
0.29 0.16 0 0.018098718622538007
0.29 0.17 0 0.024869291224021373
0.29 0.18 0 0.04958937979861521
0.29 0.19 0 0.053384956847841135
0.29 0.2 0 0.031949239382136195
0.29 0.21 0 0.039267290282666296
0.29 0.22 0 0.045613631679497293
0.29 0.23 0 0.08994168568509964
0.29 0.24 0 0.024086138436795638
0.29 0.25 0 0.06119274707162837
0.29 0.26 0 0.07873064379853334
0.29 0.27 0 0.08168344598172843
0.29 0.28 0 0.06164393736588467
0.29 0.29 0 0.042012547185313553
0.29 0.3 0 0.023391306211496446
0.29 0.31 0 0.06410472793348304
0.29 0.32 0 0.05345065092604424
0.29 0.33 0 0.06157661757201295
0.29 0.34 0 0.037713063427763066
0.29 0.35000000000000003 0 0.05278109167891841
0.29 0.36 0 0.07202071124895124
0.29 0.37 0 0.040400930741110765
0.29 0.38 0 0.024224270699118117
0.29 0.39 0 0.03672959068693095
0.29 0.4 0 0.030435323583613526
0.29 0.41000000000000003 0 0.028104942493571212
0.29 0.42 0 0.04202271234973011
0.29 0.43 0 0.11170967044113408
0.29 0.44 0 0.10993315519434964
0.29 0.45 0 0.43273598592928114
0.29 0.46 0 0.38184163041230745
0.29 0.47000000000000003 0 1.071989076175074
0.29 0.48 0 0.7770578626853434
0.29 0.49 0 1.024533085322378
0.29 0.5 0 1.9099829257155032
0.3 0.0 0 0.02746742561930366
0.3 0.01 0 0.026297604034683803
0.3 0.02 0 0.015992342754166684
0.3 0.03 0 0.02911121956466396
0.3 0.04 0 0.04511153033735165
0.3 0.05 0 0.021857462532031934
0.3 0.06 0 0.008778675247516153
0.3 0.07 0 0.01150683989333696
0.3 0.08 0 0.023068913502201884
0.3 0.09 0 0.03293025301599669
0.3 0.1 0 0.013633333439435355
0.3 0.11 0 0.033878747827849866
0.3 0.12 0 0.044682394467552386
0.3 0.13 0 0.047028681805565443
0.3 0.14 0 0.006895653772882752
0.3 0.15 0 0.03205233373189698
0.3 0.16 0 0.01498477290198274
0.3 0.17 0 0.02387585452959205
0.3 0.18 0 0.021031131259114516
0.3 0.19 0 0.04434720280958836
0.3 0.2 0 0.0833058213241405
0.3 0.21 0 0.0585835229517588
0.3 0.22 0 0.06822397558542598
0.3 0.23 0 0.10346917689459066
0.3 0.24 0 0.08192958240387815
0.3 0.25 0 0.05853448871138164
0.3 0.26 0 0.07219340978584174
0.3 0.27 0 0.0593780282426695
0.3 0.28 0 0.041319278702397655
0.3 0.29 0 0.034501612944205645
0.3 0.3 0 0.02776809551470243
0.3 0.31 0 0.06695488392323856
0.3 0.32 0 0.11238663352631575
0.3 0.33 0 0.060656419513723976
0.3 0.34 0 0.1067996713428502
0.3 0.35000000000000003 0 0.10950471161271123
0.3 0.36 0 0.12152356811951975
0.3 0.37 0 0.06370387025799877
0.3 0.38 0 0.04778974538980972
0.3 0.39 0 0.11692918690629268
0.3 0.4 0 0.22730865300153208
0.3 0.41000000000000003 0 0.08107874487419402
0.3 0.42 0 0.2100381823764689
0.3 0.43 0 0.14476605037865364
0.3 0.44 0 0.29795686601678295
0.3 0.45 0 0.27669096126088466
0.3 0.46 0 0.38075526343748944
0.3 0.47000000000000003 0 0.28236162160225936
0.3 0.48 0 0.6138808859070882
0.3 0.49 0 1.1963324558281159
0.3 0.5 0 1.2521811351753749
#STOP
