#MEDIUM_PROPERTIES_DISTRIBUTED
$MSH_TYPE
	 RICHARDS_FLOW	
$MMP_TYPE
	 PERMEABILITY	
$DIS_TYPE
	 NEAREST_VALUE	
;hj
$CONVERSION_FACTOR
	 2.0e-8	
$DATA
0.0 0.0 0 0.00853917320249962
0.0 0.01 0 0.011220564354144227
0.0 0.02 0 0.013495648508605686
0.0 0.03 0 0.008435236991817903
0.0 0.04 0 0.0041994110594678734
0.0 0.05 0 0.002683228539083087
0.0 0.06 0 0.002098369540840425
0.0 0.07 0 0.0012003766898533936
0.0 0.08 0 0.0008562100151808098
0.0 0.09 0 0.0010329364561530393
0.0 0.1 0 0.0006310074833693727
0.0 0.11 0 0.000370360768888576
0.0 0.12 0 0.0003420153191752078
0.0 0.13 0 0.0008374213382401726
0.0 0.14 0 0.0012808318858457712
0.0 0.15 0 0.0002452424294909731
0.0 0.16 0 0.00018280365884827758
0.0 0.17 0 0.0003010346252182674
0.0 0.18 0 0.00017700029109283042
0.0 0.19 0 0.00028889243836667067
0.0 0.2 0 0.0007322761297938243
0.0 0.21 0 0.0010033758095294297
0.0 0.22 0 0.0006685631333624373
0.0 0.23 0 0.0003688746652461876
0.0 0.24 0 0.0005895036047586901
0.0 0.25 0 0.0015897113943456206
0.0 0.26 0 0.00084888130131946
0.0 0.27 0 0.0002796351879766668
0.0 0.28 0 0.0008351523609941829
0.0 0.29 0 0.001162976062357822
0.0 0.3 0 0.0004676335350863147
0.0 0.31 0 0.0011305084254428252
0.0 0.32 0 0.004303569981617882
0.0 0.33 0 0.007336506586197147
0.0 0.34 0 0.005617468170795072
0.0 0.35000000000000003 0 0.006596211317173419
0.0 0.36 0 0.014133906673167478
0.0 0.37 0 0.007550843662088553
0.0 0.38 0 0.002000358268537511
0.0 0.39 0 0.001672668884389419
0.0 0.4 0 0.004840293233704123
0.0 0.41000000000000003 0 0.0035747872516502417
0.0 0.42 0 0.0012592518284352846
0.0 0.43 0 0.0029715562745228343
0.0 0.44 0 0.003580627515876474
0.0 0.45 0 0.0021906122061812416
0.0 0.46 0 0.0058037635354387315
0.0 0.47000000000000003 0 0.01324855346530861
0.0 0.48 0 0.011501209757034099
0.0 0.49 0 0.010331726694809848
0.0 0.5 0 0.006933721477311502
0.01 0.0 0 0.0017818831056782114
0.01 0.01 0 0.0012908839870958764
0.01 0.02 0 0.0013875852909951817
0.01 0.03 0 0.0015146450606312138
0.01 0.04 0 0.0004215640747430107
0.01 0.05 0 0.00021470562218076355
0.01 0.06 0 0.00021655638486758528
0.01 0.07 0 0.0004672862812543573
0.01 0.08 0 0.0012407336410339982
0.01 0.09 0 0.0006554681834029879
0.01 0.1 0 0.0010870860515287148
0.01 0.11 0 0.0026113808204955955
0.01 0.12 0 0.0008666126163666096
0.01 0.13 0 0.0005044378709919198
0.01 0.14 0 0.0008086284428282348
0.01 0.15 0 0.0008182633173879554
0.01 0.16 0 0.0005248020467152103
0.01 0.17 0 0.0006567360703728658
0.01 0.18 0 0.0011678174878475291
0.01 0.19 0 0.0011540919780075728
0.01 0.2 0 0.0007951282669418637
0.01 0.21 0 0.0009014793804067142
0.01 0.22 0 0.003136157940884415
0.01 0.23 0 0.00445947438221287
0.01 0.24 0 0.0033042939802528275
0.01 0.25 0 0.00531513481623445
0.01 0.26 0 0.006204917255083914
0.01 0.27 0 0.008068694210624693
0.01 0.28 0 0.008766325951474871
0.01 0.29 0 0.009423190977527173
0.01 0.3 0 0.018981026841036624
0.01 0.31 0 0.029424489188479334
0.01 0.32 0 0.03333435958995495
0.01 0.33 0 0.028131386200513926
0.01 0.34 0 0.04120863680364903
0.01 0.35000000000000003 0 0.04576928469716525
0.01 0.36 0 0.01958211679993592
0.01 0.37 0 0.017523262526273772
0.01 0.38 0 0.019538051396359637
0.01 0.39 0 0.018081573512196348
0.01 0.4 0 0.011679796131431113
0.01 0.41000000000000003 0 0.007603520575012515
0.01 0.42 0 0.020704297000099788
0.01 0.43 0 0.06388767503315836
0.01 0.44 0 0.04353047581023732
0.01 0.45 0 0.028649562303682843
0.01 0.46 0 0.06905264772364478
0.01 0.47000000000000003 0 0.03704155578751283
0.01 0.48 0 0.0076793680522179155
0.01 0.49 0 0.011216363109866777
0.01 0.5 0 0.011316181716544815
0.02 0.0 0 0.0037047104840792744
0.02 0.01 0 0.0026228307502011755
0.02 0.02 0 0.0026546679136826936
0.02 0.03 0 0.0015371291005698469
0.02 0.04 0 0.002786550905133858
0.02 0.05 0 0.004475711641363308
0.02 0.06 0 0.004399233594015258
0.02 0.07 0 0.010593938607465422
0.02 0.08 0 0.006531303686957189
0.02 0.09 0 0.002266794166866972
0.02 0.1 0 0.0025896547621343854
0.02 0.11 0 0.002728823780124105
0.02 0.12 0 0.002313784996047434
0.02 0.13 0 0.004461475975022452
0.02 0.14 0 0.006683445355902172
0.02 0.15 0 0.004761029374061319
0.02 0.16 0 0.007868819117453855
0.02 0.17 0 0.009068864815465217
0.02 0.18 0 0.009810239373886732
0.02 0.19 0 0.023136411794071707
0.02 0.2 0 0.01850840402465382
0.02 0.21 0 0.013960067463149617
0.02 0.22 0 0.0161850516325184
0.02 0.23 0 0.019321396371749254
0.02 0.24 0 0.04189798612992761
0.02 0.25 0 0.12599035945881612
0.02 0.26 0 0.24749595600131766
0.02 0.27 0 0.14789878976908585
0.02 0.28 0 0.12969906561996664
0.02 0.29 0 0.166373177629735
0.02 0.3 0 0.14831263514606224
0.02 0.31 0 0.20201009769874928
0.02 0.32 0 0.11055764582223772
0.02 0.33 0 0.04182861731895047
0.02 0.34 0 0.02668513756509247
0.02 0.35000000000000003 0 0.013441821680834026
0.02 0.36 0 0.012280177377968654
0.02 0.37 0 0.02237469526797471
0.02 0.38 0 0.016222513455378285
0.02 0.39 0 0.005840290097010118
0.02 0.4 0 0.007885550815700342
0.02 0.41000000000000003 0 0.00838156910963725
0.02 0.42 0 0.004352325564582612
0.02 0.43 0 0.004313871047354637
0.02 0.44 0 0.0016335066441641546
0.02 0.45 0 0.0011375899989217867
0.02 0.46 0 0.0018660191632176336
0.02 0.47000000000000003 0 0.0013994086771435279
0.02 0.48 0 0.0027492853279221397
0.02 0.49 0 0.005862296072220806
0.02 0.5 0 0.0070501612423081875
0.03 0.0 0 0.005010430368320882
0.03 0.01 0 0.008496683675222029
0.03 0.02 0 0.005553363854843255
0.03 0.03 0 0.00414446077094453
0.03 0.04 0 0.005244532047003222
0.03 0.05 0 0.0069171590841238684
0.03 0.06 0 0.011962880929182643
0.03 0.07 0 0.022068190504728958
0.03 0.08 0 0.03554246540947866
0.03 0.09 0 0.027863963097007418
0.03 0.1 0 0.014244437692063298
0.03 0.11 0 0.009435688299718475
0.03 0.12 0 0.01597866544982176
0.03 0.13 0 0.020055868845173103
0.03 0.14 0 0.011287107639973619
0.03 0.15 0 0.01667303489159833
0.03 0.16 0 0.012988520568578863
0.03 0.17 0 0.0072418964328853285
0.03 0.18 0 0.012598514069663043
0.03 0.19 0 0.014306407825051558
0.03 0.2 0 0.010817397915108398
0.03 0.21 0 0.00608584221387795
0.03 0.22 0 0.0050049381844392915
0.03 0.23 0 0.009835008728407072
0.03 0.24 0 0.022236519263102078
0.03 0.25 0 0.03675466211845501
0.03 0.26 0 0.027908859984764216
0.03 0.27 0 0.028281735608131856
0.03 0.28 0 0.02413392777552564
0.03 0.29 0 0.011114115362416075
0.03 0.3 0 0.011137442812185542
0.03 0.31 0 0.012671423861307683
0.03 0.32 0 0.0059593748489156755
0.03 0.33 0 0.00215886223704118
0.03 0.34 0 0.0017597189612318259
0.03 0.35000000000000003 0 0.001431984001979486
0.03 0.36 0 0.001512467024215067
0.03 0.37 0 0.0025675757437668197
0.03 0.38 0 0.0018404761168272076
0.03 0.39 0 0.0049398651973644155
0.03 0.4 0 0.011250432623248588
0.03 0.41000000000000003 0 0.002503304074215287
0.03 0.42 0 0.0019419882625063432
0.03 0.43 0 0.0032764378000651137
0.03 0.44 0 0.0022295508554495596
0.03 0.45 0 0.0017094185499546349
0.03 0.46 0 0.001706784948853912
0.03 0.47000000000000003 0 0.0019191646709654443
0.03 0.48 0 0.002248282732962899
0.03 0.49 0 0.00249022235150477
0.03 0.5 0 0.0049037743240840995
0.04 0.0 0 0.029590753885840194
0.04 0.01 0 0.023022215162317807
0.04 0.02 0 0.019767205149054796
0.04 0.03 0 0.008960674124452445
0.04 0.04 0 0.006593456508124243
0.04 0.05 0 0.012979253223154874
0.04 0.06 0 0.02340210045898788
0.04 0.07 0 0.01574223950447851
0.04 0.08 0 0.007170096613355848
0.04 0.09 0 0.007560257832120946
0.04 0.1 0 0.005306036884663308
0.04 0.11 0 0.003656910665055507
0.04 0.12 0 0.0037812365059909014
0.04 0.13 0 0.0038248751006430487
0.04 0.14 0 0.0064598083141991615
0.04 0.15 0 0.004112275169866146
0.04 0.16 0 0.004045366424136277
0.04 0.17 0 0.014657733129297686
0.04 0.18 0 0.01677692114274606
0.04 0.19 0 0.014354848966301823
0.04 0.2 0 0.029244920953230558
0.04 0.21 0 0.07749338040029964
0.04 0.22 0 0.09213571434799893
0.04 0.23 0 0.044494585275528235
0.04 0.24 0 0.024141803221095846
0.04 0.25 0 0.021552522352531727
0.04 0.26 0 0.01640834307586542
0.04 0.27 0 0.009956331903787176
0.04 0.28 0 0.03313710425445448
0.04 0.29 0 0.09996201262968664
0.04 0.3 0 0.050588546555672534
0.04 0.31 0 0.04556977245362705
0.04 0.32 0 0.05262796370351553
0.04 0.33 0 0.05849346865498761
0.04 0.34 0 0.04202663982935518
0.04 0.35000000000000003 0 0.015737754589526434
0.04 0.36 0 0.01207819314456633
0.04 0.37 0 0.00667714429895395
0.04 0.38 0 0.003428622283299719
0.04 0.39 0 0.003118201266932673
0.04 0.4 0 0.002375889868325472
0.04 0.41000000000000003 0 0.0015895750951234547
0.04 0.42 0 0.0009357721080511162
0.04 0.43 0 0.0006135671619636466
0.04 0.44 0 0.0006090741677584445
0.04 0.45 0 0.0010553127633768258
0.04 0.46 0 0.0009358670768154485
0.04 0.47000000000000003 0 0.0006661219495078217
0.04 0.48 0 0.0011141852909352884
0.04 0.49 0 0.0008900472093988046
0.04 0.5 0 0.0006464293922839474
0.05 0.0 0 0.0019051079483050606
0.05 0.01 0 0.0013865022426295564
0.05 0.02 0 0.0013062904319420866
0.05 0.03 0 0.0031440354352482392
0.05 0.04 0 0.003174664666135052
0.05 0.05 0 0.0022009518482585173
0.05 0.06 0 0.0016988063533053363
0.05 0.07 0 0.0010963574474075442
0.05 0.08 0 0.002266685542574591
0.05 0.09 0 0.0038099165556907256
0.05 0.1 0 0.005787982005833376
0.05 0.11 0 0.011925025731726994
0.05 0.12 0 0.010515712373124441
0.05 0.13 0 0.010538407859038914
0.05 0.14 0 0.01020154874218201
0.05 0.15 0 0.009511525595565588
0.05 0.16 0 0.013165544168830874
0.05 0.17 0 0.014345942314826101
0.05 0.18 0 0.012069642314962945
0.05 0.19 0 0.013097505617972181
0.05 0.2 0 0.013270684796760275
0.05 0.21 0 0.00725023632515193
0.05 0.22 0 0.007481679477908045
0.05 0.23 0 0.008230987142363722
0.05 0.24 0 0.0071247003584265466
0.05 0.25 0 0.007351908873398544
0.05 0.26 0 0.002292732886512445
0.05 0.27 0 0.0023011459827783063
0.05 0.28 0 0.005632801088772588
0.05 0.29 0 0.002822622288605919
0.05 0.3 0 0.0028787670267359255
0.05 0.31 0 0.004668694407926055
0.05 0.32 0 0.0029409213785223614
0.05 0.33 0 0.0018747602390441083
0.05 0.34 0 0.0020540006377545755
0.05 0.35000000000000003 0 0.002490049683976404
0.05 0.36 0 0.002397540905422461
0.05 0.37 0 0.0015444021611913464
0.05 0.38 0 0.0006211442665190187
0.05 0.39 0 0.0007065566893270304
0.05 0.4 0 0.0007839799413271939
0.05 0.41000000000000003 0 0.0003666688746337081
0.05 0.42 0 0.0006256700597033999
0.05 0.43 0 0.0015809970619022706
0.05 0.44 0 0.002302869633611872
0.05 0.45 0 0.0024279403137332342
0.05 0.46 0 0.002160887888792419
0.05 0.47000000000000003 0 0.0017357135143192977
0.05 0.48 0 0.0009179916063264661
0.05 0.49 0 0.000637858135645445
0.05 0.5 0 0.00034882133266172274
0.06 0.0 0 0.0011726448444915102
0.06 0.01 0 0.00048261036759976233
0.06 0.02 0 0.001268816599615576
0.06 0.03 0 0.002176554140654285
0.06 0.04 0 0.0012173101702013366
0.06 0.05 0 0.001100711542416587
0.06 0.06 0 0.000726329126283494
0.06 0.07 0 0.0007777992487820492
0.06 0.08 0 0.0008339091263143334
0.06 0.09 0 0.0006215601810676956
0.06 0.1 0 0.001452287618319967
0.06 0.11 0 0.007129465425852707
0.06 0.12 0 0.009312371397864342
0.06 0.13 0 0.0050893857509273
0.06 0.14 0 0.006030631115114749
0.06 0.15 0 0.005426838833689626
0.06 0.16 0 0.0033759436728344186
0.06 0.17 0 0.0019480664329446463
0.06 0.18 0 0.0016136259130695488
0.06 0.19 0 0.0017255732310911239
0.06 0.2 0 0.0004820569453418645
0.06 0.21 0 0.00046352394415846487
0.06 0.22 0 0.0018011500271369195
0.06 0.23 0 0.0014383239686064024
0.06 0.24 0 0.0006003839094742502
0.06 0.25 0 0.0003666448419003893
0.06 0.26 0 0.0005841808348699068
0.06 0.27 0 0.0009667798144569973
0.06 0.28 0 0.0006882660316554565
0.06 0.29 0 0.0007335344469452374
0.06 0.3 0 0.0007954139941986084
0.06 0.31 0 0.0003563930337066548
0.06 0.32 0 0.0002136349103130349
0.06 0.33 0 0.0007350901334139057
0.06 0.34 0 0.0018620380596081575
0.06 0.35000000000000003 0 0.001439407537376605
0.06 0.36 0 0.0014663140414888478
0.06 0.37 0 0.0011893405930685486
0.06 0.38 0 0.0015744028846788269
0.06 0.39 0 0.001521164817712892
0.06 0.4 0 0.000474223967189441
0.06 0.41000000000000003 0 0.000359693310365852
0.06 0.42 0 0.0005504807272827593
0.06 0.43 0 0.0006523140833962567
0.06 0.44 0 0.0005237132387698259
0.06 0.45 0 0.0006990479419810083
0.06 0.46 0 0.0008316235762952326
0.06 0.47000000000000003 0 0.0003658851901859299
0.06 0.48 0 0.0003017093894293786
0.06 0.49 0 0.0002504022993608556
0.06 0.5 0 0.00023443756049101926
0.07 0.0 0 0.0011745704930474301
0.07 0.01 0 0.0027372576231118138
0.07 0.02 0 0.002427919334125961
0.07 0.03 0 0.0009184294152803226
0.07 0.04 0 0.0017872662541374277
0.07 0.05 0 0.004021059656634713
0.07 0.06 0 0.001973905128186909
0.07 0.07 0 0.0010755840510095652
0.07 0.08 0 0.0014986376871246759
0.07 0.09 0 0.0017062148081199112
0.07 0.1 0 0.002926438988131064
0.07 0.11 0 0.003575871902394323
0.07 0.12 0 0.002575243445822625
0.07 0.13 0 0.0030263561373805588
0.07 0.14 0 0.0014447496025723225
0.07 0.15 0 0.0015267321775591228
0.07 0.16 0 0.004931937014407165
0.07 0.17 0 0.005302569407508492
0.07 0.18 0 0.003959390191408379
0.07 0.19 0 0.0027712305220589854
0.07 0.2 0 0.003318805570689283
0.07 0.21 0 0.005793815712344149
0.07 0.22 0 0.005445190865747479
0.07 0.23 0 0.003943702648182735
0.07 0.24 0 0.0036986373795801584
0.07 0.25 0 0.004952658136091349
0.07 0.26 0 0.0038593423753710042
0.07 0.27 0 0.003239303991545187
0.07 0.28 0 0.003942987950251869
0.07 0.29 0 0.00244648857379316
0.07 0.3 0 0.0007641655627107848
0.07 0.31 0 0.00037017043996608355
0.07 0.32 0 0.0011521119386720673
0.07 0.33 0 0.0021489818389760413
0.07 0.34 0 0.0010286438029880971
0.07 0.35000000000000003 0 0.0014509657722070635
0.07 0.36 0 0.003465581537568183
0.07 0.37 0 0.004431521248464585
0.07 0.38 0 0.0020970106431269704
0.07 0.39 0 0.0022279569619858067
0.07 0.4 0 0.006554090252797665
0.07 0.41000000000000003 0 0.004083165582505357
0.07 0.42 0 0.0019673625683555673
0.07 0.43 0 0.0021940503582840074
0.07 0.44 0 0.002372912136010661
0.07 0.45 0 0.001505225596816674
0.07 0.46 0 0.001086234867299984
0.07 0.47000000000000003 0 0.0031742653862436355
0.07 0.48 0 0.008386453399233195
0.07 0.49 0 0.005425717849151529
0.07 0.5 0 0.0029524029597874646
0.08 0.0 0 0.0011826737880333284
0.08 0.01 0 0.001312317350610315
0.08 0.02 0 0.0018455920269364928
0.08 0.03 0 0.0016321698526698296
0.08 0.04 0 0.0017939102665409025
0.08 0.05 0 0.0021322430773279785
0.08 0.06 0 0.0012601445193063717
0.08 0.07 0 0.0010139864372444094
0.08 0.08 0 0.001190229343462144
0.08 0.09 0 0.0018155231967443481
0.08 0.1 0 0.000775964958966441
0.08 0.11 0 0.00018775886160331997
0.08 0.12 0 0.0002054910152441135
0.08 0.13 0 0.0001595464518926599
0.08 0.14 0 0.00014428530169589233
0.08 0.15 0 0.0003593116896182912
0.08 0.16 0 0.0007066170230816507
0.08 0.17 0 0.0008755122983558708
0.08 0.18 0 0.0007488659501247347
0.08 0.19 0 0.0010655838432608966
0.08 0.2 0 0.0021803402954224983
0.08 0.21 0 0.002659123800196788
0.08 0.22 0 0.001641137638678139
0.08 0.23 0 0.0014031001794409502
0.08 0.24 0 0.0017259250804305202
0.08 0.25 0 0.0011234754174321959
0.08 0.26 0 0.0016761532577820079
0.08 0.27 0 0.0033394876825277356
0.08 0.28 0 0.0032309703718058943
0.08 0.29 0 0.003262001148461658
0.08 0.3 0 0.00309836896465897
0.08 0.31 0 0.004717434512936091
0.08 0.32 0 0.004135400994687601
0.08 0.33 0 0.0028347104905476783
0.08 0.34 0 0.004815679473107357
0.08 0.35000000000000003 0 0.007813553191661092
0.08 0.36 0 0.01709944947657945
0.08 0.37 0 0.02464285670042933
0.08 0.38 0 0.022451169476266155
0.08 0.39 0 0.03350985128369595
0.08 0.4 0 0.0408733613309151
0.08 0.41000000000000003 0 0.04811621499218602
0.08 0.42 0 0.07414118343776249
0.08 0.43 0 0.08046294243014539
0.08 0.44 0 0.03171540727113656
0.08 0.45 0 0.013508051954284452
0.08 0.46 0 0.010770675210925453
0.08 0.47000000000000003 0 0.01740908473522504
0.08 0.48 0 0.05877068052070564
0.08 0.49 0 0.03765310384646572
0.08 0.5 0 0.025885653586903097
0.09 0.0 0 0.004469294488232093
0.09 0.01 0 0.004475981682026127
0.09 0.02 0 0.008366055784603319
0.09 0.03 0 0.005696855003127576
0.09 0.04 0 0.004714502040912888
0.09 0.05 0 0.010627188209969616
0.09 0.06 0 0.01837606926723126
0.09 0.07 0 0.006685847503804525
0.09 0.08 0 0.003497364849076026
0.09 0.09 0 0.002995249033568168
0.09 0.1 0 0.002342674970539286
0.09 0.11 0 0.0017102718451512979
0.09 0.12 0 0.0006668967776390679
0.09 0.13 0 0.0006479582525819956
0.09 0.14 0 0.0007365467056317496
0.09 0.15 0 0.00034991880489710557
0.09 0.16 0 0.0003832252441783691
0.09 0.17 0 0.0007006579687431566
0.09 0.18 0 0.0004795491119586369
0.09 0.19 0 0.0003750759863361227
0.09 0.2 0 0.0008407753559290925
0.09 0.21 0 0.0006489333972583714
0.09 0.22 0 0.000537257747250721
0.09 0.23 0 0.0010027859310279298
0.09 0.24 0 0.0006676311892043948
0.09 0.25 0 0.0013922427148142596
0.09 0.26 0 0.004239397163871501
0.09 0.27 0 0.0034711519751089172
0.09 0.28 0 0.004914423334146537
0.09 0.29 0 0.01296362046969965
0.09 0.3 0 0.04216417095681441
0.09 0.31 0 0.0770000648565861
0.09 0.32 0 0.09017741630280968
0.09 0.33 0 0.12549783991398158
0.09 0.34 0 0.083762274322095
0.09 0.35000000000000003 0 0.03012064842122257
0.09 0.36 0 0.025381322974030025
0.09 0.37 0 0.07825656816519772
0.09 0.38 0 0.10822683517294385
0.09 0.39 0 0.08185909672485243
0.09 0.4 0 0.15964292380406714
0.09 0.41000000000000003 0 0.38007478977540093
0.09 0.42 0 0.40693728311822386
0.09 0.43 0 0.10479251368763601
0.09 0.44 0 0.07467591644914859
0.09 0.45 0 0.13478143357205533
0.09 0.46 0 0.05013654945763856
0.09 0.47000000000000003 0 0.031534971644295515
0.09 0.48 0 0.04104201820972382
0.09 0.49 0 0.03759034884594555
0.09 0.5 0 0.030696792260984235
0.1 0.0 0 0.022053073957337598
0.1 0.01 0 0.014268273481017859
0.1 0.02 0 0.015429238947227654
0.1 0.03 0 0.01230485060672944
0.1 0.04 0 0.00634601977356788
0.1 0.05 0 0.004623047867294462
0.1 0.06 0 0.0031354971926467893
0.1 0.07 0 0.0047322533242915394
0.1 0.08 0 0.0069533830288487355
0.1 0.09 0 0.005973490057215416
0.1 0.1 0 0.006138088886684534
0.1 0.11 0 0.003984538397812273
0.1 0.12 0 0.0023701650314542234
0.1 0.13 0 0.002995366143992338
0.1 0.14 0 0.0044807186617658494
0.1 0.15 0 0.002300551039730718
0.1 0.16 0 0.0012565405443821743
0.1 0.17 0 0.0008946632180898136
0.1 0.18 0 0.0006757123275641113
0.1 0.19 0 0.002617940005163482
0.1 0.2 0 0.004084171798140275
0.1 0.21 0 0.002177627717972306
0.1 0.22 0 0.002909228710959141
0.1 0.23 0 0.002394402258535391
0.1 0.24 0 0.004413886142749018
0.1 0.25 0 0.01607282454958094
0.1 0.26 0 0.02208219146325931
0.1 0.27 0 0.03282170118936216
0.1 0.28 0 0.04398887605761647
0.1 0.29 0 0.03497953412143476
0.1 0.3 0 0.07325645351937839
0.1 0.31 0 0.2599814557737394
0.1 0.32 0 0.14070035277973467
0.1 0.33 0 0.08153783712197953
0.1 0.34 0 0.1650796973244809
0.1 0.35000000000000003 0 0.1978417726923265
0.1 0.36 0 0.31808338426280386
0.1 0.37 0 0.35211861330909494
0.1 0.38 0 0.30399797576116355
0.1 0.39 0 0.35622264100410944
0.1 0.4 0 0.15297557477731275
0.1 0.41000000000000003 0 0.07610031557313375
0.1 0.42 0 0.05176362414229364
0.1 0.43 0 0.031313406634809506
0.1 0.44 0 0.022604448806651745
0.1 0.45 0 0.024385797405832556
0.1 0.46 0 0.04387274474450088
0.1 0.47000000000000003 0 0.03262694187588911
0.1 0.48 0 0.014344601030607066
0.1 0.49 0 0.010472008121517795
0.1 0.5 0 0.013360925925757853
0.11 0.0 0 0.08398672567494775
0.11 0.01 0 0.05926096349275233
0.11 0.02 0 0.14237973142679064
0.11 0.03 0 0.14110948256843817
0.11 0.04 0 0.062192353770131686
0.11 0.05 0 0.030865743190275085
0.11 0.06 0 0.034348139952558
0.11 0.07 0 0.060522390182182355
0.11 0.08 0 0.07357420495513711
0.11 0.09 0 0.048625296227924934
0.11 0.1 0 0.07154860735534167
0.11 0.11 0 0.08922513724355752
0.11 0.12 0 0.05442339497886686
0.11 0.13 0 0.2552136247959399
0.11 0.14 0 0.6046811649890161
0.11 0.15 0 0.1661372547532199
0.11 0.16 0 0.08704820329468418
0.11 0.17 0 0.06072502862442976
0.11 0.18 0 0.056944473508286485
0.11 0.19 0 0.061049700248802234
0.11 0.2 0 0.06542159940678087
0.11 0.21 0 0.0907009093995573
0.11 0.22 0 0.07018394483894247
0.11 0.23 0 0.06143487366899148
0.11 0.24 0 0.1328280398697327
0.11 0.25 0 0.25080227823949586
0.11 0.26 0 0.15772220805022275
0.11 0.27 0 0.13149323261954396
0.11 0.28 0 0.13175544195589628
0.11 0.29 0 0.08142886949082888
0.11 0.3 0 0.11703386769845969
0.11 0.31 0 0.12932054920545202
0.11 0.32 0 0.1680199465957358
0.11 0.33 0 0.360659255551681
0.11 0.34 0 0.30297474826424836
0.11 0.35000000000000003 0 0.30372544696973075
0.11 0.36 0 0.16277023867509788
0.11 0.37 0 0.05854579110078479
0.11 0.38 0 0.06929899893993173
0.11 0.39 0 0.07007677879366919
0.11 0.4 0 0.038769346159706966
0.11 0.41000000000000003 0 0.02993519262447829
0.11 0.42 0 0.03276404366797945
0.11 0.43 0 0.017608954392091588
0.11 0.44 0 0.013190928045029806
0.11 0.45 0 0.02393167628845261
0.11 0.46 0 0.02103671585168041
0.11 0.47000000000000003 0 0.01248441510196602
0.11 0.48 0 0.006974568871982968
0.11 0.49 0 0.006809936924415409
0.11 0.5 0 0.008254694327622762
0.12 0.0 0 0.12741431770212117
0.12 0.01 0 0.4160511674565561
0.12 0.02 0 0.595355862309498
0.12 0.03 0 0.1878928843138674
0.12 0.04 0 0.1718422888911227
0.12 0.05 0 0.2299461903146764
0.12 0.06 0 0.102086370640266
0.12 0.07 0 0.14602626541786784
0.12 0.08 0 0.17978699159819847
0.12 0.09 0 0.14650857512473553
0.12 0.1 0 0.18898869245353184
0.12 0.11 0 0.07278846008846586
0.12 0.12 0 0.06874028365612561
0.12 0.13 0 0.15056060077619843
0.12 0.14 0 0.07452858614086663
0.12 0.15 0 0.047280411567694754
0.12 0.16 0 0.13165659470166777
0.12 0.17 0 0.2808847034844826
0.12 0.18 0 0.20524963981165148
0.12 0.19 0 0.17588620460955293
0.12 0.2 0 0.13506693292643643
0.12 0.21 0 0.09459643174440158
0.12 0.22 0 0.06287055726752173
0.12 0.23 0 0.043324986240300574
0.12 0.24 0 0.09040282143396824
0.12 0.25 0 0.06195328722686962
0.12 0.26 0 0.015810777943705556
0.12 0.27 0 0.018295300871406576
0.12 0.28 0 0.04656572641812257
0.12 0.29 0 0.06919517684873837
0.12 0.3 0 0.0380647688852194
0.12 0.31 0 0.0491536277477775
0.12 0.32 0 0.08833055828950351
0.12 0.33 0 0.04275732454017472
0.12 0.34 0 0.04082643467500264
0.12 0.35000000000000003 0 0.08124962817218122
0.12 0.36 0 0.11087970428000984
0.12 0.37 0 0.0737325485038975
0.12 0.38 0 0.03428650712164738
0.12 0.39 0 0.031163053139058167
0.12 0.4 0 0.03557249298599171
0.12 0.41000000000000003 0 0.016044235342012873
0.12 0.42 0 0.0051924136892977125
0.12 0.43 0 0.013022520212031872
0.12 0.44 0 0.03385173259596274
0.12 0.45 0 0.01270502090476807
0.12 0.46 0 0.00961998002952279
0.12 0.47000000000000003 0 0.011700289947840871
0.12 0.48 0 0.00981090411234172
0.12 0.49 0 0.007613324279152618
0.12 0.5 0 0.010965327603195985
0.13 0.0 0 0.030760794177315913
0.13 0.01 0 0.01781528280957388
0.13 0.02 0 0.013522938639351117
0.13 0.03 0 0.015499985495580848
0.13 0.04 0 0.02665307604363556
0.13 0.05 0 0.01723734905462487
0.13 0.06 0 0.032780823572650386
0.13 0.07 0 0.09694846477718885
0.13 0.08 0 0.05661566180876412
0.13 0.09 0 0.025734093483667196
0.13 0.1 0 0.02518426133957557
0.13 0.11 0 0.03312282801857378
0.13 0.12 0 0.030510124748599314
0.13 0.13 0 0.02618339028646678
0.13 0.14 0 0.02137947967507726
0.13 0.15 0 0.02145317945318608
0.13 0.16 0 0.015251926235721655
0.13 0.17 0 0.009165652093611523
0.13 0.18 0 0.021109394326537603
0.13 0.19 0 0.018667376344274487
0.13 0.2 0 0.005644017103397665
0.13 0.21 0 0.005962625382285412
0.13 0.22 0 0.012335350171192116
0.13 0.23 0 0.023647115855102957
0.13 0.24 0 0.02558314325824988
0.13 0.25 0 0.04162237449589666
0.13 0.26 0 0.07036937322504867
0.13 0.27 0 0.05079707547775976
0.13 0.28 0 0.05303258605174834
0.13 0.29 0 0.05635339747571502
0.13 0.3 0 0.066649295450053
0.13 0.31 0 0.06978843427174751
0.13 0.32 0 0.050126111381012854
0.13 0.33 0 0.06758027329118958
0.13 0.34 0 0.0772480434549597
0.13 0.35000000000000003 0 0.033840612186972936
0.13 0.36 0 0.012745416279758759
0.13 0.37 0 0.013992447833661308
0.13 0.38 0 0.021293075691909566
0.13 0.39 0 0.029773503895531645
0.13 0.4 0 0.03856563767397175
0.13 0.41000000000000003 0 0.022665269544758712
0.13 0.42 0 0.03743978470978091
0.13 0.43 0 0.051842261182836705
0.13 0.44 0 0.022652264110434542
0.13 0.45 0 0.034594943918076104
0.13 0.46 0 0.03631450452970639
0.13 0.47000000000000003 0 0.01787001613271
0.13 0.48 0 0.016889645669110415
0.13 0.49 0 0.023035741887606424
0.13 0.5 0 0.03828124424168692
0.14 0.0 0 0.02932476511461743
0.14 0.01 0 0.03601469629274575
0.14 0.02 0 0.03859470232986825
0.14 0.03 0 0.02401692450650403
0.14 0.04 0 0.02212603291381067
0.14 0.05 0 0.044007388786169624
0.14 0.06 0 0.11967409987681858
0.14 0.07 0 0.2746880231960103
0.14 0.08 0 0.15080758062163446
0.14 0.09 0 0.11638124300123627
0.14 0.1 0 0.400648861078945
0.14 0.11 0 0.4039620761988734
0.14 0.12 0 0.18171562414406237
0.14 0.13 0 0.1342266726058406
0.14 0.14 0 0.12922823901825198
0.14 0.15 0 0.09388844754213697
0.14 0.16 0 0.0892084167375962
0.14 0.17 0 0.23362767348989996
0.14 0.18 0 0.24621464594124234
0.14 0.19 0 0.13128217490681704
0.14 0.2 0 0.10239895404926246
0.14 0.21 0 0.17203444395607748
0.14 0.22 0 0.5267808740843896
0.14 0.23 0 0.29196562781692087
0.14 0.24 0 0.12194973918877733
0.14 0.25 0 0.1413493619269162
0.14 0.26 0 0.0992482725069545
0.14 0.27 0 0.09601885016113187
0.14 0.28 0 0.22200997082500168
0.14 0.29 0 0.3386344122590132
0.14 0.3 0 0.23291436586413952
0.14 0.31 0 0.24095015508972323
0.14 0.32 0 0.2791704790929082
0.14 0.33 0 0.3417949720904778
0.14 0.34 0 0.3750497332305757
0.14 0.35000000000000003 0 0.11832594713468271
0.14 0.36 0 0.10797164612196283
0.14 0.37 0 0.1867873456806017
0.14 0.38 0 0.12421875180067006
0.14 0.39 0 0.1364115482501249
0.14 0.4 0 0.12444664839640047
0.14 0.41000000000000003 0 0.13065608003587545
0.14 0.42 0 0.12422011606385783
0.14 0.43 0 0.05011385557038902
0.14 0.44 0 0.04629656957417987
0.14 0.45 0 0.05582449239648394
0.14 0.46 0 0.029115541465229905
0.14 0.47000000000000003 0 0.022645622056646973
0.14 0.48 0 0.059170137109482275
0.14 0.49 0 0.08031230718334731
0.14 0.5 0 0.03751301386948833
0.15 0.0 0 0.02220529023927683
0.15 0.01 0 0.017538584891172167
0.15 0.02 0 0.005879742570858979
0.15 0.03 0 0.00774232146568029
0.15 0.04 0 0.025475062405570525
0.15 0.05 0 0.024269003643049347
0.15 0.06 0 0.03672177773684184
0.15 0.07 0 0.042955398037104735
0.15 0.08 0 0.02469353369527206
0.15 0.09 0 0.03480884142370758
0.15 0.1 0 0.04944013756453172
0.15 0.11 0 0.05337985663778351
0.15 0.12 0 0.06696974024593247
0.15 0.13 0 0.06645261607111731
0.15 0.14 0 0.02422013251830819
0.15 0.15 0 0.022680432126390867
0.15 0.16 0 0.07969089313985468
0.15 0.17 0 0.0392045482178764
0.15 0.18 0 0.018665809770815008
0.15 0.19 0 0.030512627018414073
0.15 0.2 0 0.027862214590476383
0.15 0.21 0 0.03870464617874526
0.15 0.22 0 0.06081319427488325
0.15 0.23 0 0.054176891114052585
0.15 0.24 0 0.06015939247607901
0.15 0.25 0 0.05115545456376285
0.15 0.26 0 0.02383567575281657
0.15 0.27 0 0.05734562301605932
0.15 0.28 0 0.20431688509606213
0.15 0.29 0 0.07062451436273129
0.15 0.3 0 0.06649211405870956
0.15 0.31 0 0.09319377386063217
0.15 0.32 0 0.023089889040433624
0.15 0.33 0 0.014002147936463793
0.15 0.34 0 0.016152549635331026
0.15 0.35000000000000003 0 0.03560801053498169
0.15 0.36 0 0.08398412509514486
0.15 0.37 0 0.039410135864413415
0.15 0.38 0 0.025256949429278096
0.15 0.39 0 0.03766717435634844
0.15 0.4 0 0.024614952365373956
0.15 0.41000000000000003 0 0.012612118279348642
0.15 0.42 0 0.02149154451904038
0.15 0.43 0 0.019700291420852334
0.15 0.44 0 0.0052736154458428875
0.15 0.45 0 0.0028523216842426566
0.15 0.46 0 0.003990566548784328
0.15 0.47000000000000003 0 0.016273516619668065
0.15 0.48 0 0.030780690530323007
0.15 0.49 0 0.019395905886609503
0.15 0.5 0 0.028672313027038626
0.16 0.0 0 0.008431097175029587
0.16 0.01 0 0.008555904297330235
0.16 0.02 0 0.01020819670938242
0.16 0.03 0 0.0200036235204068
0.16 0.04 0 0.02111394308234665
0.16 0.05 0 0.01770637222932322
0.16 0.06 0 0.008935567824905387
0.16 0.07 0 0.004266814095954928
0.16 0.08 0 0.0030680148041635404
0.16 0.09 0 0.004860881364297473
0.16 0.1 0 0.018612161076077802
0.16 0.11 0 0.027181889738463257
0.16 0.12 0 0.030932316033865627
0.16 0.13 0 0.03856150808999215
0.16 0.14 0 0.03668030357970386
0.16 0.15 0 0.0703307537988847
0.16 0.16 0 0.116505573464424
0.16 0.17 0 0.13079140245155738
0.16 0.18 0 0.12793464789560366
0.16 0.19 0 0.08578251294554792
0.16 0.2 0 0.059567283207265516
0.16 0.21 0 0.08775943642050762
0.16 0.22 0 0.09414120597495036
0.16 0.23 0 0.047356359883002186
0.16 0.24 0 0.10218294246157714
0.16 0.25 0 0.14248332512233441
0.16 0.26 0 0.07455406617539755
0.16 0.27 0 0.12148408008238884
0.16 0.28 0 0.09360414686687037
0.16 0.29 0 0.07482503820184302
0.16 0.3 0 0.09375714890585686
0.16 0.31 0 0.058020227029499744
0.16 0.32 0 0.08762674027873085
0.16 0.33 0 0.10487360004881717
0.16 0.34 0 0.037289721342394236
0.16 0.35000000000000003 0 0.04168133258773881
0.16 0.36 0 0.1468998227437289
0.16 0.37 0 0.13109386188416752
0.16 0.38 0 0.09721000500044517
0.16 0.39 0 0.14709919467175525
0.16 0.4 0 0.062402465365664996
0.16 0.41000000000000003 0 0.040800707288521955
0.16 0.42 0 0.0703938758188291
0.16 0.43 0 0.12019702036354261
0.16 0.44 0 0.2758554544429767
0.16 0.45 0 0.3427378246310083
0.16 0.46 0 0.4510677835620489
0.16 0.47000000000000003 0 0.5079004940756504
0.16 0.48 0 0.35801966028673043
0.16 0.49 0 0.3684943085135795
0.16 0.5 0 0.35285547282784085
0.17 0.0 0 0.30001902628344107
0.17 0.01 0 0.3872395679026033
0.17 0.02 0 0.23111758126123913
0.17 0.03 0 0.23899274533721385
0.17 0.04 0 0.5273892009167037
0.17 0.05 0 0.2714075248637383
0.17 0.06 0 0.15595472926138906
0.17 0.07 0 0.14444156612265455
0.17 0.08 0 0.0572680868378863
0.17 0.09 0 0.05235987014208548
0.17 0.1 0 0.07261688131688653
0.17 0.11 0 0.042394074384643377
0.17 0.12 0 0.029156022349756148
0.17 0.13 0 0.04505832055226903
0.17 0.14 0 0.04167627362688564
0.17 0.15 0 0.030628477825863937
0.17 0.16 0 0.02918403533956637
0.17 0.17 0 0.018775980241901927
0.17 0.18 0 0.03749119742862305
0.17 0.19 0 0.06607590588467532
0.17 0.2 0 0.07554237725936333
0.17 0.21 0 0.27197910183902835
0.17 0.22 0 0.18452358824759393
0.17 0.23 0 0.055508207485844584
0.17 0.24 0 0.09948086689329767
0.17 0.25 0 0.2984410449985393
0.17 0.26 0 0.5089476435183391
0.17 0.27 0 0.6235499526909296
0.17 0.28 0 1.168783771346657
0.17 0.29 0 1.4102896792514636
0.17 0.3 0 0.8063927513983752
0.17 0.31 0 0.6666591452793911
0.17 0.32 0 1.109422643198916
0.17 0.33 0 1.1506596116161216
0.17 0.34 0 0.4883655392567176
0.17 0.35000000000000003 0 0.7043613553583759
0.17 0.36 0 1.141229332503809
0.17 0.37 0 0.5240301533004763
0.17 0.38 0 0.2796348597461992
0.17 0.39 0 0.27467842261761916
0.17 0.4 0 0.5984716080985006
0.17 0.41000000000000003 0 0.6746678907489133
0.17 0.42 0 0.6914866400732823
0.17 0.43 0 1.9165833536675212
0.17 0.44 0 2.2777194792635305
0.17 0.45 0 2.0793009396893685
0.17 0.46 0 2.749339821746628
0.17 0.47000000000000003 0 3.3981525594726834
0.17 0.48 0 2.192765030794964
0.17 0.49 0 0.5641852261199712
0.17 0.5 0 0.24129394431473344
0.18 0.0 0 0.33406620889600885
0.18 0.01 0 0.22122783101909693
0.18 0.02 0 0.28877892640037695
0.18 0.03 0 0.8201006094077589
0.18 0.04 0 0.3900752831687069
0.18 0.05 0 0.07729928153814208
0.18 0.06 0 0.09808039780784564
0.18 0.07 0 0.26020676230420364
0.18 0.08 0 0.17082324186588596
0.18 0.09 0 0.12049458665509948
0.18 0.1 0 0.1485599998131326
0.18 0.11 0 0.04758111141420856
0.18 0.12 0 0.021454145249362
0.18 0.13 0 0.023548250596803034
0.18 0.14 0 0.04987582534095928
0.18 0.15 0 0.13260494287433944
0.18 0.16 0 0.04399612640307144
0.18 0.17 0 0.034765389021080194
0.18 0.18 0 0.16912815507847523
0.18 0.19 0 0.18152993370570214
0.18 0.2 0 0.12488408732028723
0.18 0.21 0 0.211947175588996
0.18 0.22 0 0.257683126484245
0.18 0.23 0 0.15847209389689157
0.18 0.24 0 0.19862141160306956
0.18 0.25 0 0.3873816036711209
0.18 0.26 0 0.5637200179539563
0.18 0.27 0 0.4757000340277879
0.18 0.28 0 0.1970359160084433
0.18 0.29 0 0.36902695450018813
0.18 0.3 0 0.9029831381849395
0.18 0.31 0 0.4195847768737808
0.18 0.32 0 0.45693799657079737
0.18 0.33 0 1.7446330751695884
0.18 0.34 0 3.0672339520984893
0.18 0.35000000000000003 0 1.60249307635332
0.18 0.36 0 2.1625774098762296
0.18 0.37 0 3.5923920337736357
0.18 0.38 0 1.6662785593250848
0.18 0.39 0 2.3198288354442296
0.18 0.4 0 4.6932811500491365
0.18 0.41000000000000003 0 7.251419693609806
0.18 0.42 0 13.514098613436982
0.18 0.43 0 7.934399555736618
0.18 0.44 0 5.862810554728891
0.18 0.45 0 9.333290911974776
0.18 0.46 0 5.873515047278894
0.18 0.47000000000000003 0 2.2545136691965713
0.18 0.48 0 2.2893050129991517
0.18 0.49 0 2.376343283433085
0.18 0.5 0 2.1919382604190183
0.19 0.0 0 0.6608926327594892
0.19 0.01 0 1.617517535502562
0.19 0.02 0 1.4278308138217841
0.19 0.03 0 0.7811676211758267
0.19 0.04 0 1.11605283595803
0.19 0.05 0 0.7445064855778688
0.19 0.06 0 0.5506983209031513
0.19 0.07 0 0.6276133752002304
0.19 0.08 0 0.8580467755531626
0.19 0.09 0 1.7965829828847621
0.19 0.1 0 0.8502453376753788
0.19 0.11 0 0.4229281448087193
0.19 0.12 0 0.5442226568043413
0.19 0.13 0 0.4459823124484359
0.19 0.14 0 0.47928952687445964
0.19 0.15 0 0.6392272239878425
0.19 0.16 0 0.6331865607784642
0.19 0.17 0 0.5770150897561932
0.19 0.18 0 0.8350756999404234
0.19 0.19 0 1.0521749122832726
0.19 0.2 0 1.1832575085457626
0.19 0.21 0 2.131543274976799
0.19 0.22 0 2.0089272411894874
0.19 0.23 0 1.5827754030549432
0.19 0.24 0 1.1381877465931645
0.19 0.25 0 0.8120424999214618
0.19 0.26 0 0.9568058237353357
0.19 0.27 0 0.7115092971194079
0.19 0.28 0 0.7242597024492415
0.19 0.29 0 1.0389778780574237
0.19 0.3 0 1.15218056608883
0.19 0.31 0 1.1020622377754576
0.19 0.32 0 1.6061120769992654
0.19 0.33 0 4.15401581106601
0.19 0.34 0 2.113812784033351
0.19 0.35000000000000003 0 1.1764975878242065
0.19 0.36 0 3.3092721311220408
0.19 0.37 0 3.691768564762833
0.19 0.38 0 2.8642127541733275
0.19 0.39 0 3.3978719894554734
0.19 0.4 0 2.853978378452302
0.19 0.41000000000000003 0 1.3792774802716496
0.19 0.42 0 0.6122969513434445
0.19 0.43 0 0.6425035012075745
0.19 0.44 0 1.5751218183051696
0.19 0.45 0 1.30127043760872
0.19 0.46 0 0.2853187028170275
0.19 0.47000000000000003 0 0.622460644101683
0.19 0.48 0 1.9136546181633665
0.19 0.49 0 0.9586108065589886
0.19 0.5 0 3.3298160849307004
0.2 0.0 0 11.65907594661679
0.2 0.01 0 10.50372620989913
0.2 0.02 0 2.135825197815988
0.2 0.03 0 3.72427232810868
0.2 0.04 0 4.948944568118752
0.2 0.05 0 2.1603592136297016
0.2 0.06 0 2.004676615849547
0.2 0.07 0 3.0606988860886397
0.2 0.08 0 4.7650454155420405
0.2 0.09 0 2.8326320701588767
0.2 0.1 0 1.1185764684948003
0.2 0.11 0 1.356973349518988
0.2 0.12 0 3.2013077735991895
0.2 0.13 0 1.6663760378493802
0.2 0.14 0 0.612892678737258
0.2 0.15 0 0.8733091100390136
0.2 0.16 0 0.49118734107988643
0.2 0.17 0 0.23149736779310445
0.2 0.18 0 0.3896682164142308
0.2 0.19 0 0.7309823728048489
0.2 0.2 0 0.6941846225414193
0.2 0.21 0 0.29186242141276647
0.2 0.22 0 0.19204158909055033
0.2 0.23 0 0.23504281667304364
0.2 0.24 0 0.35619083467525803
0.2 0.25 0 0.31040739771853154
0.2 0.26 0 0.2056578964323867
0.2 0.27 0 0.2969730434601103
0.2 0.28 0 0.11732980142428272
0.2 0.29 0 0.053913886142634024
0.2 0.3 0 0.1606671410246765
0.2 0.31 0 0.25658383749733793
0.2 0.32 0 0.3265094867397387
0.2 0.33 0 0.5101451996599725
0.2 0.34 0 0.48833564498978116
0.2 0.35000000000000003 0 0.5164148236806765
0.2 0.36 0 0.5669971239037742
0.2 0.37 0 0.4033999013788826
0.2 0.38 0 0.6226540097529719
0.2 0.39 0 1.6917034082338456
0.2 0.4 0 0.7527049766702041
0.2 0.41000000000000003 0 0.31392643045393204
0.2 0.42 0 0.17066316972381748
0.2 0.43 0 0.034110095717365445
0.2 0.44 0 0.018319600415195553
0.2 0.45 0 0.01373909850369757
0.2 0.46 0 0.022397742095562223
0.2 0.47000000000000003 0 0.08050135478450296
0.2 0.48 0 0.05022479262550734
0.2 0.49 0 0.03496910727624768
0.2 0.5 0 0.09468405707045281
0.21 0.0 0 9.740055707487471
0.21 0.01 0 8.820908365314986
0.21 0.02 0 20.43823331368352
0.21 0.03 0 9.152836534500796
0.21 0.04 0 1.426332723885565
0.21 0.05 0 1.4644634238800263
0.21 0.06 0 4.117688066284457
0.21 0.07 0 3.7393609649830424
0.21 0.08 0 2.9911823228483763
0.21 0.09 0 4.838928676588215
0.21 0.1 0 4.514395515794233
0.21 0.11 0 5.044420811490114
0.21 0.12 0 5.442342123070907
0.21 0.13 0 6.801472317483031
0.21 0.14 0 15.099107820912984
0.21 0.15 0 7.505417001036989
0.21 0.16 0 2.612442081944603
0.21 0.17 0 2.816580100833673
0.21 0.18 0 2.8495890122848277
0.21 0.19 0 1.0381436066016128
0.21 0.2 0 0.5069406377641894
0.21 0.21 0 0.9444904910925596
0.21 0.22 0 0.6955563226393672
0.21 0.23 0 0.41513416682837734
0.21 0.24 0 0.4221562133752995
0.21 0.25 0 0.24836988591665687
0.21 0.26 0 0.39167039239367235
0.21 0.27 0 0.6567787502548136
0.21 0.28 0 0.5912643066915062
0.21 0.29 0 1.184394049442297
0.21 0.3 0 1.387928155930303
0.21 0.31 0 0.3410769565855356
0.21 0.32 0 0.19752146845933904
0.21 0.33 0 0.38759777682433616
0.21 0.34 0 0.2310512672647332
0.21 0.35000000000000003 0 0.17310674211728339
0.21 0.36 0 0.20424782672046518
0.21 0.37 0 0.18678702402203048
0.21 0.38 0 0.3700630928264814
0.21 0.39 0 0.18697424618978978
0.21 0.4 0 0.13013771205214758
0.21 0.41000000000000003 0 0.40336431337237466
0.21 0.42 0 0.13757129581797195
0.21 0.43 0 0.037143579641058216
0.21 0.44 0 0.08658659373903381
0.21 0.45 0 0.12734872046534185
0.21 0.46 0 0.0426368472132045
0.21 0.47000000000000003 0 0.030885238184231643
0.21 0.48 0 0.04886472441022825
0.21 0.49 0 0.03478518125237578
0.21 0.5 0 0.016613801150434482
0.22 0.0 0 2.326065555475654
0.22 0.01 0 3.325303865086096
0.22 0.02 0 4.589329864341623
0.22 0.03 0 7.04276924282614
0.22 0.04 0 11.722210444502366
0.22 0.05 0 23.73215870634201
0.22 0.06 0 22.353807826092975
0.22 0.07 0 11.120584697598156
0.22 0.08 0 6.595563268572523
0.22 0.09 0 4.554810274339788
0.22 0.1 0 7.223627731992661
0.22 0.11 0 7.368514799100056
0.22 0.12 0 5.588374968116905
0.22 0.13 0 5.147467056476702
0.22 0.14 0 2.431310014571859
0.22 0.15 0 2.681520935922966
0.22 0.16 0 4.199796571461579
0.22 0.17 0 4.115011572573006
0.22 0.18 0 2.7670943399287107
0.22 0.19 0 0.9152604103116471
0.22 0.2 0 0.496822458730034
0.22 0.21 0 0.4377064899371153
0.22 0.22 0 0.44932823711855724
0.22 0.23 0 0.47666843509486034
0.22 0.24 0 0.41455951094302856
0.22 0.25 0 0.3480120516984281
0.22 0.26 0 0.28652045705176277
0.22 0.27 0 0.232530674584481
0.22 0.28 0 0.15404302766000055
0.22 0.29 0 0.214898432856527
0.22 0.3 0 0.19710153632131247
0.22 0.31 0 0.08083034187280674
0.22 0.32 0 0.09528185434175297
0.22 0.33 0 0.054979418449743925
0.22 0.34 0 0.028921926376547114
0.22 0.35000000000000003 0 0.03933031454256614
0.22 0.36 0 0.03139448275841679
0.22 0.37 0 0.03993516723443855
0.22 0.38 0 0.04757819327376841
0.22 0.39 0 0.033645300740346516
0.22 0.4 0 0.04892315915388943
0.22 0.41000000000000003 0 0.08975080936550194
0.22 0.42 0 0.0821906556247474
0.22 0.43 0 0.08384036021519599
0.22 0.44 0 0.11639956514540127
0.22 0.45 0 0.04459229961384517
0.22 0.46 0 0.021144461138335263
0.22 0.47000000000000003 0 0.025595206346237916
0.22 0.48 0 0.018927028712499502
0.22 0.49 0 0.015522115105111676
0.22 0.5 0 0.014596013053552933
0.23 0.0 0 1.505962062388044
0.23 0.01 0 1.1770932803766256
0.23 0.02 0 1.6669032650362885
0.23 0.03 0 2.2501144111933624
0.23 0.04 0 3.145714331920914
0.23 0.05 0 2.6680438571645797
0.23 0.06 0 3.463417779919423
0.23 0.07 0 6.360888136619201
0.23 0.08 0 3.4279500868641652
0.23 0.09 0 2.4036430496790606
0.23 0.1 0 2.5731932834543167
0.23 0.11 0 3.9421018658117926
0.23 0.12 0 4.33436179576098
0.23 0.13 0 1.366292625410773
0.23 0.14 0 1.4202211161996807
0.23 0.15 0 2.5626048815714624
0.23 0.16 0 1.2496637597622158
0.23 0.17 0 1.0214842485698725
0.23 0.18 0 2.6649656017925616
0.23 0.19 0 1.9232075225366458
0.23 0.2 0 0.47649856780914146
0.23 0.21 0 0.3354056822081002
0.23 0.22 0 0.30879228187534247
0.23 0.23 0 0.6255087967007332
0.23 0.24 0 1.3682955744123515
0.23 0.25 0 0.958893418801452
0.23 0.26 0 1.2140179950448333
0.23 0.27 0 0.7401044382793341
0.23 0.28 0 0.3084203485075449
0.23 0.29 0 0.49130929284051017
0.23 0.3 0 0.6747619012967425
0.23 0.31 0 0.5157108956821382
0.23 0.32 0 0.2700614676446002
0.23 0.33 0 0.17277382080036535
0.23 0.34 0 0.17894888024095984
0.23 0.35000000000000003 0 0.25905067470778564
0.23 0.36 0 0.3017031046019643
0.23 0.37 0 0.196267323199047
0.23 0.38 0 0.19103477160200663
0.23 0.39 0 0.1298805557509393
0.23 0.4 0 0.07258841646101248
0.23 0.41000000000000003 0 0.08716547978982256
0.23 0.42 0 0.12309943823579307
0.23 0.43 0 0.14202322256338848
0.23 0.44 0 0.1233758401441616
0.23 0.45 0 0.20338224103775387
0.23 0.46 0 0.27218600060009296
0.23 0.47000000000000003 0 0.1722038741962014
0.23 0.48 0 0.12579475097563664
0.23 0.49 0 0.0923839340781346
0.23 0.5 0 0.16150962298924113
0.24 0.0 0 2.7616344825019237
0.24 0.01 0 3.161466322687007
0.24 0.02 0 0.6521004921181255
0.24 0.03 0 0.5839067047980834
0.24 0.04 0 2.0332614272353586
0.24 0.05 0 4.343088686332575
0.24 0.06 0 6.917525272410956
0.24 0.07 0 7.14396326772982
0.24 0.08 0 8.479791833582714
0.24 0.09 0 6.663644654372022
0.24 0.1 0 3.6826727425700967
0.24 0.11 0 4.603443780715033
0.24 0.12 0 9.983886162526574
0.24 0.13 0 9.601393782192739
0.24 0.14 0 5.629783875400991
0.24 0.15 0 7.8753277557595975
0.24 0.16 0 10.587800179050427
0.24 0.17 0 13.472527310898435
0.24 0.18 0 12.195028354682586
0.24 0.19 0 10.12848245100973
0.24 0.2 0 24.460144853496175
0.24 0.21 0 18.635447911466983
0.24 0.22 0 12.13633364804122
0.24 0.23 0 19.304130462324007
0.24 0.24 0 8.404732165519908
0.24 0.25 0 3.383593754682305
0.24 0.26 0 2.7740807654293853
0.24 0.27 0 2.5263348163934873
0.24 0.28 0 2.61756765203368
0.24 0.29 0 2.467869018837885
0.24 0.3 0 1.6701465309746542
0.24 0.31 0 2.0436144006669092
0.24 0.32 0 6.520436699677433
0.24 0.33 0 6.702863386970317
0.24 0.34 0 5.735214155177895
0.24 0.35000000000000003 0 7.228043503979339
0.24 0.36 0 2.143068384214064
0.24 0.37 0 0.6853823055283879
0.24 0.38 0 0.6336279180628275
0.24 0.39 0 0.7412398203372357
0.24 0.4 0 0.6737837256203794
0.24 0.41000000000000003 0 0.7545192368498964
0.24 0.42 0 0.8914107226226794
0.24 0.43 0 0.9137334015722098
0.24 0.44 0 2.206177975815231
0.24 0.45 0 1.4790083788041255
0.24 0.46 0 0.6744098339565681
0.24 0.47000000000000003 0 2.1699292967305266
0.24 0.48 0 2.3725681277379707
0.24 0.49 0 1.127530375117133
0.24 0.5 0 0.9003378234994157
0.25 0.0 0 23.838411404783322
0.25 0.01 0 11.159340316501673
0.25 0.02 0 8.063176688961173
0.25 0.03 0 11.556659112716595
0.25 0.04 0 8.945322538308783
0.25 0.05 0 6.684783796119198
0.25 0.06 0 10.925911264521835
0.25 0.07 0 17.3035310712829
0.25 0.08 0 28.68416650608559
0.25 0.09 0 71.33509449480509
0.25 0.1 0 52.48806816967148
0.25 0.11 0 34.67719659904919
0.25 0.12 0 23.348616252244977
0.25 0.13 0 6.044126607717953
0.25 0.14 0 5.1179364329493175
0.25 0.15 0 7.538932119557555
0.25 0.16 0 7.839863953519265
0.25 0.17 0 5.556363924529966
0.25 0.18 0 2.6161010307896295
0.25 0.19 0 2.81841243275028
0.25 0.2 0 2.5336564079645982
0.25 0.21 0 1.6811470102396406
0.25 0.22 0 1.935115494609103
0.25 0.23 0 2.2479888244176074
0.25 0.24 0 1.3687501149956844
0.25 0.25 0 0.7083440661707434
0.25 0.26 0 1.043366810105374
0.25 0.27 0 1.561921969438575
0.25 0.28 0 2.0740195011356954
0.25 0.29 0 4.109594695078907
0.25 0.3 0 6.660402594516818
0.25 0.31 0 7.091975349754443
0.25 0.32 0 3.7126449306704914
0.25 0.33 0 3.1496182545792104
0.25 0.34 0 3.115010880340406
0.25 0.35000000000000003 0 2.10259553395969
0.25 0.36 0 2.703511092296988
0.25 0.37 0 3.6460089390464874
0.25 0.38 0 3.9265653656733783
0.25 0.39 0 2.088252573046772
0.25 0.4 0 1.7293826325884383
0.25 0.41000000000000003 0 3.4031399197453083
0.25 0.42 0 2.2052954291548246
0.25 0.43 0 1.9278883524007724
0.25 0.44 0 2.003802046993921
0.25 0.45 0 0.7541478308886944
0.25 0.46 0 0.4571321957340404
0.25 0.47000000000000003 0 0.46122093453095037
0.25 0.48 0 0.4610558889061804
0.25 0.49 0 0.5963986119366386
0.25 0.5 0 0.5521601413511097
0.26 0.0 0 1.0632160123436172
0.26 0.01 0 1.3298193963136973
0.26 0.02 0 3.4901873587820784
0.26 0.03 0 3.392346785472141
0.26 0.04 0 1.4141532395563232
0.26 0.05 0 2.607190988349268
0.26 0.06 0 3.5908199425401306
0.26 0.07 0 0.9750774430933823
0.26 0.08 0 1.094196282826146
0.26 0.09 0 2.1938079473469205
0.26 0.1 0 2.633030238036453
0.26 0.11 0 2.109180339406461
0.26 0.12 0 1.5429000168102123
0.26 0.13 0 3.817773380537371
0.26 0.14 0 3.848837144840255
0.26 0.15 0 0.9095878850745667
0.26 0.16 0 0.46768769497537627
0.26 0.17 0 0.6181825347997222
0.26 0.18 0 0.5107435382525151
0.26 0.19 0 0.26470889878173054
0.26 0.2 0 0.37003641167797485
0.26 0.21 0 0.5553806478763663
0.26 0.22 0 0.4704477353549354
0.26 0.23 0 0.2904018969569141
0.26 0.24 0 0.21635341575493455
0.26 0.25 0 0.42409548687169446
0.26 0.26 0 0.48899051840870444
0.26 0.27 0 0.349702276110934
0.26 0.28 0 0.4456916473337108
0.26 0.29 0 0.8562907390711811
0.26 0.3 0 0.8341437937038819
0.26 0.31 0 0.3914721600500421
0.26 0.32 0 0.8321290953840103
0.26 0.33 0 1.3640602966020337
0.26 0.34 0 0.6808700961539755
0.26 0.35000000000000003 0 0.8921278062401883
0.26 0.36 0 1.7296811731523039
0.26 0.37 0 5.429837004015109
0.26 0.38 0 12.087371698774442
0.26 0.39 0 9.516304559422482
0.26 0.4 0 13.336201266404395
0.26 0.41000000000000003 0 18.113189574043968
0.26 0.42 0 6.869152519415328
0.26 0.43 0 3.6777682228974697
0.26 0.44 0 8.639100456073665
0.26 0.45 0 7.919459459679298
0.26 0.46 0 3.7944370371478824
0.26 0.47000000000000003 0 4.970664213999083
0.26 0.48 0 8.701516377352599
0.26 0.49 0 16.490163772677892
0.26 0.5 0 6.324357149108512
0.27 0.0 0 0.34680946580002164
0.27 0.01 0 0.31600957240050104
0.27 0.02 0 0.3194486579322748
0.27 0.03 0 0.512828957373429
0.27 0.04 0 0.9462861399043851
0.27 0.05 0 0.5937145741502611
0.27 0.06 0 0.31420133415468177
0.27 0.07 0 0.686659504719775
0.27 0.08 0 0.630776068981658
0.27 0.09 0 0.5662359551602328
0.27 0.1 0 1.2161587804917897
0.27 0.11 0 1.1143108203776937
0.27 0.12 0 0.8297466653892108
0.27 0.13 0 0.6202844499962905
0.27 0.14 0 0.32547928656439756
0.27 0.15 0 0.25447363724975863
0.27 0.16 0 0.42152687524869403
0.27 0.17 0 0.2974716035583144
0.27 0.18 0 0.12903527947810484
0.27 0.19 0 0.2128886140116178
0.27 0.2 0 0.38282335424493874
0.27 0.21 0 0.4444045848726454
0.27 0.22 0 0.2688571914673986
0.27 0.23 0 0.1619163014627335
0.27 0.24 0 0.21477367179539428
0.27 0.25 0 0.17414180499903642
0.27 0.26 0 0.31396887298914694
0.27 0.27 0 1.0448721785629218
0.27 0.28 0 1.0363609134932326
0.27 0.29 0 0.3967053122753351
0.27 0.3 0 0.16729457093669695
0.27 0.31 0 0.34020670870935854
0.27 0.32 0 0.6012451426417935
0.27 0.33 0 0.42801915011963115
0.27 0.34 0 0.7237233635878956
0.27 0.35000000000000003 0 1.1733342050463276
0.27 0.36 0 0.7993504013439495
0.27 0.37 0 0.8696957275371808
0.27 0.38 0 2.1776834566635577
0.27 0.39 0 2.0500061058105183
0.27 0.4 0 1.1816022162642148
0.27 0.41000000000000003 0 0.9543073347581926
0.27 0.42 0 0.8323672839531747
0.27 0.43 0 1.7874019276872959
0.27 0.44 0 1.5445115711405868
0.27 0.45 0 1.4359606790046855
0.27 0.46 0 5.388568733511204
0.27 0.47000000000000003 0 3.0408130588994227
0.27 0.48 0 0.8314815582668359
0.27 0.49 0 0.690435694787724
0.27 0.5 0 0.5282573416270655
0.28 0.0 0 0.09333772656960192
0.28 0.01 0 0.1114055291752091
0.28 0.02 0 0.18574693260078656
0.28 0.03 0 0.4755308443028309
0.28 0.04 0 0.2712867424357422
0.28 0.05 0 0.06581599617420705
0.28 0.06 0 0.09935203414940995
0.28 0.07 0 0.11294919436702469
0.28 0.08 0 0.05819939515386998
0.28 0.09 0 0.06818793773991484
0.28 0.1 0 0.08486523847597367
0.28 0.11 0 0.04880465804545999
0.28 0.12 0 0.0378458754089746
0.28 0.13 0 0.07803680137903402
0.28 0.14 0 0.23976406726869154
0.28 0.15 0 0.6846004128400753
0.28 0.16 0 0.3379664183219915
0.28 0.17 0 0.1649197429250413
0.28 0.18 0 0.3829357218893489
0.28 0.19 0 0.32074162678296275
0.28 0.2 0 0.37319397005849353
0.28 0.21 0 0.64379296507164
0.28 0.22 0 0.34538642710146666
0.28 0.23 0 0.23682558533199435
0.28 0.24 0 0.1671979267638873
0.28 0.25 0 0.1617281102105903
0.28 0.26 0 0.31346813757841846
0.28 0.27 0 0.39615655373867453
0.28 0.28 0 0.22972255272605824
0.28 0.29 0 0.17364167603950928
0.28 0.3 0 0.23110482621458472
0.28 0.31 0 0.18282998765734312
0.28 0.32 0 0.1535804738868357
0.28 0.33 0 0.19056301026616032
0.28 0.34 0 0.4365777907164129
0.28 0.35000000000000003 0 1.01210246438345
0.28 0.36 0 0.7483619416748113
0.28 0.37 0 0.7625440044325763
0.28 0.38 0 0.5590180992410746
0.28 0.39 0 0.27583698818022806
0.28 0.4 0 0.34795969683722744
0.28 0.41000000000000003 0 0.5300779500008077
0.28 0.42 0 0.9777274439317749
0.28 0.43 0 0.7761625579734557
0.28 0.44 0 0.4296361452867557
0.28 0.45 0 0.8101042537815064
0.28 0.46 0 1.6011290240113432
0.28 0.47000000000000003 0 1.4027641426400144
0.28 0.48 0 0.8256050647566069
0.28 0.49 0 0.7961294080592637
0.28 0.5 0 0.6257172769855958
0.29 0.0 0 0.011722697925909504
0.29 0.01 0 0.017776461129618667
0.29 0.02 0 0.012062128015023325
0.29 0.03 0 0.015248017252752473
0.29 0.04 0 0.020521442794295085
0.29 0.05 0 0.011259710980728652
0.29 0.06 0 0.006457361390560347
0.29 0.07 0 0.007614579702841875
0.29 0.08 0 0.010243164905138415
0.29 0.09 0 0.02269808769360266
0.29 0.1 0 0.029031805892488168
0.29 0.11 0 0.02834030223235002
0.29 0.12 0 0.047508600968489655
0.29 0.13 0 0.046345053955012205
0.29 0.14 0 0.08311049706688568
0.29 0.15 0 0.1131226341043529
0.29 0.16 0 0.11416091037577793
0.29 0.17 0 0.3839976636585688
0.29 0.18 0 0.3806884150933127
0.29 0.19 0 0.16530254797242128
0.29 0.2 0 0.16415447516484324
0.29 0.21 0 0.13933859976695256
0.29 0.22 0 0.07988383672307318
0.29 0.23 0 0.06695172609218823
0.29 0.24 0 0.10821690870052526
0.29 0.25 0 0.1870086785323344
0.29 0.26 0 0.16713035213390517
0.29 0.27 0 0.05300165510608016
0.29 0.28 0 0.05905863883440084
0.29 0.29 0 0.1596191702980247
0.29 0.3 0 0.07742392516538428
0.29 0.31 0 0.08818743606085512
0.29 0.32 0 0.23495914075178576
0.29 0.33 0 0.2060619282517759
0.29 0.34 0 0.15059106570508834
0.29 0.35000000000000003 0 0.14784295610117945
0.29 0.36 0 0.2692301330634503
0.29 0.37 0 0.2556462369220482
0.29 0.38 0 0.12896983458023553
0.29 0.39 0 0.15629209851745524
0.29 0.4 0 0.28533825838426147
0.29 0.41000000000000003 0 0.26811146930325386
0.29 0.42 0 0.1473274017772948
0.29 0.43 0 0.26296723914550596
0.29 0.44 0 0.4325287449930372
0.29 0.45 0 0.2035847208878775
0.29 0.46 0 0.14857864791922737
0.29 0.47000000000000003 0 0.11370434441089892
0.29 0.48 0 0.04899676762505763
0.29 0.49 0 0.022036104777914046
0.29 0.5 0 0.02634847319111384
0.3 0.0 0 0.08638887686543015
0.3 0.01 0 0.04308772922094728
0.3 0.02 0 0.01937128313541354
0.3 0.03 0 0.03834047736895505
0.3 0.04 0 0.032281539210101566
0.3 0.05 0 0.029137986035739735
0.3 0.06 0 0.1271152330328058
0.3 0.07 0 0.12762679059040377
0.3 0.08 0 0.0726097567289447
0.3 0.09 0 0.058712195336573965
0.3 0.1 0 0.05403082150311062
0.3 0.11 0 0.10822566108835083
0.3 0.12 0 0.08315954856156414
0.3 0.13 0 0.060719340867005166
0.3 0.14 0 0.1339815172951395
0.3 0.15 0 0.15110329395520206
0.3 0.16 0 0.0689261918029854
0.3 0.17 0 0.09754005896090405
0.3 0.18 0 0.40309694333469454
0.3 0.19 0 0.4676482232989694
0.3 0.2 0 0.3186415716320803
0.3 0.21 0 0.36530359754749026
0.3 0.22 0 0.4465443346527651
0.3 0.23 0 0.336410690475767
0.3 0.24 0 0.22071858834930425
0.3 0.25 0 0.34834005362743037
0.3 0.26 0 0.18877764209720785
0.3 0.27 0 0.06244356424021426
0.3 0.28 0 0.0655569164791775
0.3 0.29 0 0.05791898415216513
0.3 0.3 0 0.07266021947569572
0.3 0.31 0 0.07201885432830656
0.3 0.32 0 0.04857147732555761
0.3 0.33 0 0.07181047241112953
0.3 0.34 0 0.10103455563626869
0.3 0.35000000000000003 0 0.10657117025832485
0.3 0.36 0 0.1311983463535416
0.3 0.37 0 0.20976769172598406
0.3 0.38 0 0.20852683771934324
0.3 0.39 0 0.26825345901539926
0.3 0.4 0 0.672468458701785
0.3 0.41000000000000003 0 0.6182850309280435
0.3 0.42 0 0.3318465597619691
0.3 0.43 0 0.15542803539142502
0.3 0.44 0 0.08767248678282309
0.3 0.45 0 0.08548162843791271
0.3 0.46 0 0.08383840393613046
0.3 0.47000000000000003 0 0.08154510921134796
0.3 0.48 0 0.07397776776105101
0.3 0.49 0 0.17037132387025364
0.3 0.5 0 0.35321406232460906
#STOP
