#MEDIUM_PROPERTIES_DISTRIBUTED
$MSH_TYPE
	 RICHARDS_FLOW	
$MMP_TYPE
	 PERMEABILITY	
$DIS_TYPE
	 NEAREST_VALUE	
;hj
$CONVERSION_FACTOR
	 2.0e-8	
$DATA
0.0 0.0 0 4.059728681240298
0.0 0.01 0 3.4122303618113965
0.0 0.02 0 7.709400876049928
0.0 0.03 0 10.855078694251151
0.0 0.04 0 8.651936069115395
0.0 0.05 0 12.943822845543512
0.0 0.06 0 13.100137225440763
0.0 0.07 0 9.30571276317043
0.0 0.08 0 9.688346522172797
0.0 0.09 0 16.3170089865512
0.0 0.1 0 8.485313723916326
0.0 0.11 0 5.4839790080812305
0.0 0.12 0 6.3233373906838475
0.0 0.13 0 3.8438146483196363
0.0 0.14 0 4.181472818336841
0.0 0.15 0 3.6538599965423835
0.0 0.16 0 4.021459148925373
0.0 0.17 0 2.86230492511501
0.0 0.18 0 1.5527783590280941
0.0 0.19 0 2.891920887951219
0.0 0.2 0 2.1590560797114304
0.0 0.21 0 0.9041493190097492
0.0 0.22 0 0.6790105116740728
0.0 0.23 0 0.7766372591134852
0.0 0.24 0 0.6105740280836102
0.0 0.25 0 0.5019271642630907
0.0 0.26 0 0.5674345924748149
0.0 0.27 0 0.24031532122942864
0.0 0.28 0 0.16551992898614432
0.0 0.29 0 0.1474317197155407
0.0 0.3 0 0.14166598282520523
0.0 0.31 0 0.1258666209081536
0.0 0.32 0 0.07847296641840144
0.0 0.33 0 0.15296890223332998
0.0 0.34 0 0.12348255613160931
0.0 0.35000000000000003 0 0.07072517376769388
0.0 0.36 0 0.09391563484810092
0.0 0.37 0 0.08542313066050941
0.0 0.38 0 0.06839263323769985
0.0 0.39 0 0.07346282891960387
0.0 0.4 0 0.14248504468416318
0.0 0.41000000000000003 0 0.13374601698725136
0.0 0.42 0 0.1172833680653855
0.0 0.43 0 0.14164728414681774
0.0 0.44 0 0.15031751085005687
0.0 0.45 0 0.22164066343816313
0.0 0.46 0 0.24039081284915517
0.0 0.47000000000000003 0 0.4256163736757667
0.0 0.48 0 0.3039216681003081
0.0 0.49 0 0.15492232264652173
0.0 0.5 0 0.22632981323307536
0.01 0.0 0 0.5322150701760473
0.01 0.01 0 0.5347505485882279
0.01 0.02 0 0.32576473946182616
0.01 0.03 0 0.5378531910027455
0.01 0.04 0 1.089041085513082
0.01 0.05 0 0.9313747565536086
0.01 0.06 0 0.49857575735094706
0.01 0.07 0 0.5895064310995967
0.01 0.08 0 0.5570928569291823
0.01 0.09 0 0.3700369152537034
0.01 0.1 0 0.6778380127561107
0.01 0.11 0 0.645813012844681
0.01 0.12 0 0.7699834148822686
0.01 0.13 0 1.0619559405908865
0.01 0.14 0 1.3771587827238667
0.01 0.15 0 2.417071823301824
0.01 0.16 0 1.4774274474217004
0.01 0.17 0 1.7165155857574916
0.01 0.18 0 2.0086052511954096
0.01 0.19 0 1.0939936851927983
0.01 0.2 0 0.9734464585181544
0.01 0.21 0 1.1569275152648746
0.01 0.22 0 0.7722870840310845
0.01 0.23 0 0.3536294956906813
0.01 0.24 0 0.5630371601988722
0.01 0.25 0 0.7262954940181802
0.01 0.26 0 0.7496570116219801
0.01 0.27 0 0.9593209743567731
0.01 0.28 0 0.8800590394620493
0.01 0.29 0 1.2024130969485138
0.01 0.3 0 0.7830087858399214
0.01 0.31 0 0.8973884648058255
0.01 0.32 0 0.9948800082995332
0.01 0.33 0 0.387988612311409
0.01 0.34 0 0.42887173940312395
0.01 0.35000000000000003 0 0.5336495769500427
0.01 0.36 0 0.3734045806429623
0.01 0.37 0 0.2140318378896453
0.01 0.38 0 0.2078226659771311
0.01 0.39 0 0.14499089420458225
0.01 0.4 0 0.06976797248952107
0.01 0.41000000000000003 0 0.08564492771730597
0.01 0.42 0 0.09857830441801156
0.01 0.43 0 0.11197588506841288
0.01 0.44 0 0.06853853825788167
0.01 0.45 0 0.06467546618984166
0.01 0.46 0 0.09076375423747239
0.01 0.47000000000000003 0 0.04711105820349408
0.01 0.48 0 0.06361270987420885
0.01 0.49 0 0.06121724250258753
0.01 0.5 0 0.029934501087040693
0.02 0.0 0 0.8128868132074925
0.02 0.01 0 0.6947418187684045
0.02 0.02 0 0.7161028591112066
0.02 0.03 0 0.7299164240360276
0.02 0.04 0 0.7230270246837679
0.02 0.05 0 1.1200773715411065
0.02 0.06 0 1.7090846288812929
0.02 0.07 0 0.6729798214171192
0.02 0.08 0 0.48557835806214966
0.02 0.09 0 0.39123904623407724
0.02 0.1 0 0.2954290863245828
0.02 0.11 0 0.315924315891029
0.02 0.12 0 0.14754867937949445
0.02 0.13 0 0.14919139034952567
0.02 0.14 0 0.1256296683288253
0.02 0.15 0 0.10575194699957638
0.02 0.16 0 0.18013107188326238
0.02 0.17 0 0.1326728325658431
0.02 0.18 0 0.07810276863267607
0.02 0.19 0 0.06665014871909908
0.02 0.2 0 0.07832285670905269
0.02 0.21 0 0.06764617960065888
0.02 0.22 0 0.11056231839012487
0.02 0.23 0 0.1808085938289257
0.02 0.24 0 0.15235178060989746
0.02 0.25 0 0.2620157333689844
0.02 0.26 0 0.3322513943561944
0.02 0.27 0 0.4958431608806575
0.02 0.28 0 0.32974663649007757
0.02 0.29 0 0.1436878256711848
0.02 0.3 0 0.2514774182432993
0.02 0.31 0 0.28601364352330244
0.02 0.32 0 0.40688316507328337
0.02 0.33 0 0.6846796223642693
0.02 0.34 0 0.5950021093739459
0.02 0.35000000000000003 0 0.44445002865534655
0.02 0.36 0 0.5420639434562144
0.02 0.37 0 0.7605976128913089
0.02 0.38 0 0.4204452034458658
0.02 0.39 0 0.35313736970569015
0.02 0.4 0 0.3121774227981063
0.02 0.41000000000000003 0 0.3123137579311821
0.02 0.42 0 0.30963922423742707
0.02 0.43 0 0.2484764213207362
0.02 0.44 0 0.5077667101538862
0.02 0.45 0 0.3569828396155592
0.02 0.46 0 0.2902553602292715
0.02 0.47000000000000003 0 0.4928063952439551
0.02 0.48 0 0.3179186737478562
0.02 0.49 0 0.19024022600853013
0.02 0.5 0 0.1255826105307551
0.03 0.0 0 0.07114578829982116
0.03 0.01 0 0.09584399352898691
0.03 0.02 0 0.10597893229353815
0.03 0.03 0 0.07297978414318561
0.03 0.04 0 0.11410297737553979
0.03 0.05 0 0.16232028585495575
0.03 0.06 0 0.265584902277027
0.03 0.07 0 0.3846396254563438
0.03 0.08 0 0.17535889391241627
0.03 0.09 0 0.14257317782144133
0.03 0.1 0 0.07169923873786799
0.03 0.11 0 0.058507323871087244
0.03 0.12 0 0.08816092428771632
0.03 0.13 0 0.045053174321602205
0.03 0.14 0 0.04011639272802002
0.03 0.15 0 0.04937247996991703
0.03 0.16 0 0.05311463528769357
0.03 0.17 0 0.05210218895205296
0.03 0.18 0 0.05941638716657008
0.03 0.19 0 0.0518702569147373
0.03 0.2 0 0.042337047542143416
0.03 0.21 0 0.05905150812361701
0.03 0.22 0 0.050572147705919605
0.03 0.23 0 0.07645082689852638
0.03 0.24 0 0.08098952284973092
0.03 0.25 0 0.08025097086234692
0.03 0.26 0 0.16093709546340548
0.03 0.27 0 0.1341596553277285
0.03 0.28 0 0.21444933904583074
0.03 0.29 0 0.23029041855057905
0.03 0.3 0 0.10013498676124506
0.03 0.31 0 0.07912929684785701
0.03 0.32 0 0.08751000492476929
0.03 0.33 0 0.11199022636062379
0.03 0.34 0 0.11613276316881639
0.03 0.35000000000000003 0 0.14656616569358755
0.03 0.36 0 0.13669972018782706
0.03 0.37 0 0.19484142261683937
0.03 0.38 0 0.3300865997692263
0.03 0.39 0 0.3606085748516536
0.03 0.4 0 0.5301074646960128
0.03 0.41000000000000003 0 0.34315992416960794
0.03 0.42 0 0.44964485988732017
0.03 0.43 0 0.5598916701370312
0.03 0.44 0 0.28602270268954016
0.03 0.45 0 0.3753499367862599
0.03 0.46 0 0.38308854994464475
0.03 0.47000000000000003 0 0.4040525743286811
0.03 0.48 0 0.5978751815235013
0.03 0.49 0 0.9493164920266788
0.03 0.5 0 0.9456579495975558
0.04 0.0 0 0.4843024288128587
0.04 0.01 0 0.4107466221322794
0.04 0.02 0 0.3865346842457355
0.04 0.03 0 0.3961848415300368
0.04 0.04 0 0.19930535800722463
0.04 0.05 0 0.14165287637458582
0.04 0.06 0 0.07452550130432552
0.04 0.07 0 0.12130203672425642
0.04 0.08 0 0.17775377329625736
0.04 0.09 0 0.0765208051234337
0.04 0.1 0 0.09423711587866265
0.04 0.11 0 0.08308159791737252
0.04 0.12 0 0.07842868136175168
0.04 0.13 0 0.14546804795950716
0.04 0.14 0 0.18611093585496077
0.04 0.15 0 0.1353422442119688
0.04 0.16 0 0.11454956885125264
0.04 0.17 0 0.154698514943578
0.04 0.18 0 0.10875477105949906
0.04 0.19 0 0.07242937683646428
0.04 0.2 0 0.03542215546501865
0.04 0.21 0 0.033106684046423154
0.04 0.22 0 0.04596105305231075
0.04 0.23 0 0.028248175869975477
0.04 0.24 0 0.045873137618216306
0.04 0.25 0 0.032017653492051004
0.04 0.26 0 0.015594340712108124
0.04 0.27 0 0.022241930150491314
0.04 0.28 0 0.02251814179754194
0.04 0.29 0 0.025306728735267837
0.04 0.3 0 0.02779472767119488
0.04 0.31 0 0.034281340115010696
0.04 0.32 0 0.04369157905078624
0.04 0.33 0 0.0900198131116692
0.04 0.34 0 0.22456912899839665
0.04 0.35000000000000003 0 0.38452125736422393
0.04 0.36 0 0.5013163453087567
0.04 0.37 0 0.32253433790257285
0.04 0.38 0 0.5745782249656016
0.04 0.39 0 0.6424787200206643
0.04 0.4 0 0.37114117033757504
0.04 0.41000000000000003 0 0.5410665645631998
0.04 0.42 0 0.43869652112280516
0.04 0.43 0 0.6628794976927346
0.04 0.44 0 1.2300377809655598
0.04 0.45 0 1.1739132563321037
0.04 0.46 0 0.9086557398177562
0.04 0.47000000000000003 0 0.6416949975223373
0.04 0.48 0 0.7620903483260778
0.04 0.49 0 0.9392217031892108
0.04 0.5 0 1.3201329524245768
0.05 0.0 0 0.10320617464813797
0.05 0.01 0 0.14283572344994352
0.05 0.02 0 0.15753733479609988
0.05 0.03 0 0.22915817588893891
0.05 0.04 0 0.24312800118068065
0.05 0.05 0 0.30110646702253346
0.05 0.06 0 0.7537788588041799
0.05 0.07 0 0.40307139269326286
0.05 0.08 0 0.4337170927379809
0.05 0.09 0 0.6678736160738719
0.05 0.1 0 0.30354668590343814
0.05 0.11 0 0.20106113870343434
0.05 0.12 0 0.2334402569430783
0.05 0.13 0 0.2799966405985549
0.05 0.14 0 0.2640142644174712
0.05 0.15 0 0.37673914158322713
0.05 0.16 0 0.34012395103104903
0.05 0.17 0 0.26069356382126724
0.05 0.18 0 0.21559005912551696
0.05 0.19 0 0.15336151186595348
0.05 0.2 0 0.14961266049722197
0.05 0.21 0 0.04086493820300791
0.05 0.22 0 0.03182126407657967
0.05 0.23 0 0.061354409653551406
0.05 0.24 0 0.03445459541808045
0.05 0.25 0 0.0386428977146911
0.05 0.26 0 0.04157245389449652
0.05 0.27 0 0.03050123223808861
0.05 0.28 0 0.026087774672533506
0.05 0.29 0 0.03570665407189288
0.05 0.3 0 0.05468775663527092
0.05 0.31 0 0.05273547213129185
0.05 0.32 0 0.05261012960808842
0.05 0.33 0 0.04954973217473256
0.05 0.34 0 0.07570762970561984
0.05 0.35000000000000003 0 0.06734425504874894
0.05 0.36 0 0.09342827178432224
0.05 0.37 0 0.16301271951210242
0.05 0.38 0 0.06329976946254386
0.05 0.39 0 0.08477142401896248
0.05 0.4 0 0.14184496992459222
0.05 0.41000000000000003 0 0.1096151035814031
0.05 0.42 0 0.10224825150176785
0.05 0.43 0 0.09762798529654668
0.05 0.44 0 0.17714390725469512
0.05 0.45 0 0.289238574233482
0.05 0.46 0 0.42380778706883027
0.05 0.47000000000000003 0 0.39062708154462805
0.05 0.48 0 0.22388127761961893
0.05 0.49 0 0.10570084419513417
0.05 0.5 0 0.0882140180367869
0.06 0.0 0 0.06543902535483113
0.06 0.01 0 0.04909092634200075
0.06 0.02 0 0.050920370772777404
0.06 0.03 0 0.03234895897697278
0.06 0.04 0 0.05760102742786569
0.06 0.05 0 0.03971032639859166
0.06 0.06 0 0.01915143888860105
0.06 0.07 0 0.03829219820004166
0.06 0.08 0 0.03579688547351928
0.06 0.09 0 0.029686460604650897
0.06 0.1 0 0.04079810443140532
0.06 0.11 0 0.04790819312103295
0.06 0.12 0 0.03003450596776828
0.06 0.13 0 0.03057434340059807
0.06 0.14 0 0.05148466328928062
0.06 0.15 0 0.0630606788680918
0.06 0.16 0 0.07402965556862276
0.06 0.17 0 0.04639882012286108
0.06 0.18 0 0.0656799314201957
0.06 0.19 0 0.06309025583617553
0.06 0.2 0 0.0427278320865554
0.06 0.21 0 0.09342969116239497
0.06 0.22 0 0.04985653307340174
0.06 0.23 0 0.033397839802672934
0.06 0.24 0 0.07940183786912088
0.06 0.25 0 0.1365560732262051
0.06 0.26 0 0.14477889422463797
0.06 0.27 0 0.1263640113554512
0.06 0.28 0 0.13846946920227446
0.06 0.29 0 0.09773481834252055
0.06 0.3 0 0.06985080046827444
0.06 0.31 0 0.04781339835767957
0.06 0.32 0 0.047156552486245285
0.06 0.33 0 0.03680157373931689
0.06 0.34 0 0.02598470997431405
0.06 0.35000000000000003 0 0.08058580678006709
0.06 0.36 0 0.0708547020614205
0.06 0.37 0 0.050341976891785024
0.06 0.38 0 0.08012124001315951
0.06 0.39 0 0.04680162758642682
0.06 0.4 0 0.03755672947236941
0.06 0.41000000000000003 0 0.04309167318244072
0.06 0.42 0 0.058701711543998586
0.06 0.43 0 0.04845395136827212
0.06 0.44 0 0.0330140063586575
0.06 0.45 0 0.04483034550579817
0.06 0.46 0 0.06895549515687538
0.06 0.47000000000000003 0 0.06609039466410747
0.06 0.48 0 0.041495541680049944
0.06 0.49 0 0.06303919290924939
0.06 0.5 0 0.04182512080914001
0.07 0.0 0 0.39372418985882424
0.07 0.01 0 0.2701671814600922
0.07 0.02 0 0.28204482859826885
0.07 0.03 0 0.5368250322707924
0.07 0.04 0 0.3301819411662921
0.07 0.05 0 0.4631860618180074
0.07 0.06 0 0.4699310959955168
0.07 0.07 0 0.25078663128389717
0.07 0.08 0 0.22821736384836164
0.07 0.09 0 0.2536308790107014
0.07 0.1 0 0.1874152949025058
0.07 0.11 0 0.12536396121170734
0.07 0.12 0 0.13526413331114054
0.07 0.13 0 0.10002302146909006
0.07 0.14 0 0.1017073486799438
0.07 0.15 0 0.076631090021411
0.07 0.16 0 0.08739033907610838
0.07 0.17 0 0.16080946354545173
0.07 0.18 0 0.07418600716231133
0.07 0.19 0 0.09759085394328813
0.07 0.2 0 0.12623618652122026
0.07 0.21 0 0.0812236078214315
0.07 0.22 0 0.12823634087875702
0.07 0.23 0 0.1317853336392295
0.07 0.24 0 0.09040985092856405
0.07 0.25 0 0.0663677982149146
0.07 0.26 0 0.07220566928656398
0.07 0.27 0 0.05655523829273411
0.07 0.28 0 0.03542596322628782
0.07 0.29 0 0.026057542244684758
0.07 0.3 0 0.027954253169771015
0.07 0.31 0 0.04261612323202633
0.07 0.32 0 0.02168024192762558
0.07 0.33 0 0.028867475288181902
0.07 0.34 0 0.03842601228850096
0.07 0.35000000000000003 0 0.020979112157689984
0.07 0.36 0 0.05192168055687165
0.07 0.37 0 0.0901228669462272
0.07 0.38 0 0.10032815681996957
0.07 0.39 0 0.12206172729964009
0.07 0.4 0 0.13941015315535144
0.07 0.41000000000000003 0 0.18740587731390526
0.07 0.42 0 0.22729236941625755
0.07 0.43 0 0.42317930431298517
0.07 0.44 0 0.69500152814708
0.07 0.45 0 0.7696462226476282
0.07 0.46 0 0.5071376919198236
0.07 0.47000000000000003 0 0.8449319606338775
0.07 0.48 0 1.139322499284957
0.07 0.49 0 0.34788577073004245
0.07 0.5 0 0.42062624449958164
0.08 0.0 0 0.0050409996281562605
0.08 0.01 0 0.012924624365670656
0.08 0.02 0 0.01575130569705775
0.08 0.03 0 0.01743971540983812
0.08 0.04 0 0.0344707582111406
0.08 0.05 0 0.03861960778335766
0.08 0.06 0 0.0395215024895205
0.08 0.07 0 0.031118054157302844
0.08 0.08 0 0.022771402535930015
0.08 0.09 0 0.019105756672352224
0.08 0.1 0 0.030037334547153245
0.08 0.11 0 0.03741403796695225
0.08 0.12 0 0.05744085779491745
0.08 0.13 0 0.08812931467953206
0.08 0.14 0 0.07325896114698828
0.08 0.15 0 0.18941495636902006
0.08 0.16 0 0.19713224327184117
0.08 0.17 0 0.18137237939075906
0.08 0.18 0 0.3918092648432681
0.08 0.19 0 0.2750138621074864
0.08 0.2 0 0.24552795507915043
0.08 0.21 0 0.21601365795463162
0.08 0.22 0 0.15203659425508015
0.08 0.23 0 0.12117605319668492
0.08 0.24 0 0.10380863425138696
0.08 0.25 0 0.09822208470251169
0.08 0.26 0 0.09836793231541904
0.08 0.27 0 0.09626896490690692
0.08 0.28 0 0.044395803600538436
0.08 0.29 0 0.029818042285519698
0.08 0.3 0 0.011427102274133943
0.08 0.31 0 0.006705234370047551
0.08 0.32 0 0.01727025743644103
0.08 0.33 0 0.013602504786062139
0.08 0.34 0 0.017575539026639508
0.08 0.35000000000000003 0 0.032454994536699824
0.08 0.36 0 0.03574340309477225
0.08 0.37 0 0.05611707394179177
0.08 0.38 0 0.061169805206937114
0.08 0.39 0 0.06533655512629556
0.08 0.4 0 0.05500524497620268
0.08 0.41000000000000003 0 0.044415743267816825
0.08 0.42 0 0.03809489733613075
0.08 0.43 0 0.043741625741418586
0.08 0.44 0 0.039271885643637094
0.08 0.45 0 0.03943519577954562
0.08 0.46 0 0.09700574449977177
0.08 0.47000000000000003 0 0.06728907167023093
0.08 0.48 0 0.08522306391900401
0.08 0.49 0 0.18196109459314777
0.08 0.5 0 0.11461283061909583
0.09 0.0 0 0.06853784766833708
0.09 0.01 0 0.02615035016405335
0.09 0.02 0 0.018231960237388403
0.09 0.03 0 0.014754266611358733
0.09 0.04 0 0.015140792911076218
0.09 0.05 0 0.015452299242433364
0.09 0.06 0 0.01727015596704263
0.09 0.07 0 0.019666485068991185
0.09 0.08 0 0.019577062911151202
0.09 0.09 0 0.01244649015808373
0.09 0.1 0 0.008723090124665073
0.09 0.11 0 0.014917300327128865
0.09 0.12 0 0.00880730648118162
0.09 0.13 0 0.010914741795684968
0.09 0.14 0 0.023571478313808982
0.09 0.15 0 0.018176039698767004
0.09 0.16 0 0.03543652970179951
0.09 0.17 0 0.04356154445795067
0.09 0.18 0 0.042114123019454025
0.09 0.19 0 0.055893742107188685
0.09 0.2 0 0.05938389043062999
0.09 0.21 0 0.07374426856395445
0.09 0.22 0 0.06050975436213752
0.09 0.23 0 0.04090933214434129
0.09 0.24 0 0.032407232051630014
0.09 0.25 0 0.03511172790393081
0.09 0.26 0 0.017487405157935582
0.09 0.27 0 0.01492299325899401
0.09 0.28 0 0.023511587582779173
0.09 0.29 0 0.012816368439665106
0.09 0.3 0 0.017937652969491017
0.09 0.31 0 0.01665782844352288
0.09 0.32 0 0.013072875988934649
0.09 0.33 0 0.029237051383983453
0.09 0.34 0 0.03975012064081502
0.09 0.35000000000000003 0 0.06483817072379161
0.09 0.36 0 0.06999714257975961
0.09 0.37 0 0.06027704207536235
0.09 0.38 0 0.06851380698091063
0.09 0.39 0 0.06396393777813532
0.09 0.4 0 0.045181102317100555
0.09 0.41000000000000003 0 0.04584277359003766
0.09 0.42 0 0.06639537690430107
0.09 0.43 0 0.04348419214118515
0.09 0.44 0 0.07036956261947959
0.09 0.45 0 0.08702189247283715
0.09 0.46 0 0.0624968238480644
0.09 0.47000000000000003 0 0.12901588716425316
0.09 0.48 0 0.1170374537535672
0.09 0.49 0 0.13843537530265643
0.09 0.5 0 0.15798920151526533
0.1 0.0 0 0.020763224399837975
0.1 0.01 0 0.028964958002217513
0.1 0.02 0 0.03651806224504199
0.1 0.03 0 0.03710773088042654
0.1 0.04 0 0.030668022406565822
0.1 0.05 0 0.03297010668784805
0.1 0.06 0 0.033279941399323214
0.1 0.07 0 0.026367186422872977
0.1 0.08 0 0.015611671360742235
0.1 0.09 0 0.027383584449101557
0.1 0.1 0 0.02180825070458103
0.1 0.11 0 0.0102206069641261
0.1 0.12 0 0.02351136128848487
0.1 0.13 0 0.018515925347281394
0.1 0.14 0 0.014547842386240588
0.1 0.15 0 0.019804713872172877
0.1 0.16 0 0.020811685840709974
0.1 0.17 0 0.028807385043541075
0.1 0.18 0 0.022988610201311443
0.1 0.19 0 0.0206238798254107
0.1 0.2 0 0.017684374842495708
0.1 0.21 0 0.012218479318256738
0.1 0.22 0 0.010166952784517206
0.1 0.23 0 0.013534054109684966
0.1 0.24 0 0.009085213183934735
0.1 0.25 0 0.004434672091182709
0.1 0.26 0 0.00992965155610985
0.1 0.27 0 0.007784887712370342
0.1 0.28 0 0.005613170867954998
0.1 0.29 0 0.008647828842451048
0.1 0.3 0 0.006409780577690885
0.1 0.31 0 0.008132594207201662
0.1 0.32 0 0.007261115610353148
0.1 0.33 0 0.008278691474065137
0.1 0.34 0 0.012536140711879237
0.1 0.35000000000000003 0 0.01083436840488762
0.1 0.36 0 0.014716197179375902
0.1 0.37 0 0.024268841184815773
0.1 0.38 0 0.02585037481016254
0.1 0.39 0 0.023371952719999024
0.1 0.4 0 0.04217886549537358
0.1 0.41000000000000003 0 0.027757338260972115
0.1 0.42 0 0.019677660313534327
0.1 0.43 0 0.043080535951509215
0.1 0.44 0 0.034514416407668294
0.1 0.45 0 0.03927806454637801
0.1 0.46 0 0.03179076682700199
0.1 0.47000000000000003 0 0.023659301283274595
0.1 0.48 0 0.03238940346437054
0.1 0.49 0 0.02124010107249031
0.1 0.5 0 0.027203552959686027
0.11 0.0 0 0.04255081926867018
0.11 0.01 0 0.061072895130186156
0.11 0.02 0 0.04961070974990786
0.11 0.03 0 0.03697717000993425
0.11 0.04 0 0.0319036456084586
0.11 0.05 0 0.038681824804164454
0.11 0.06 0 0.03330038674662315
0.11 0.07 0 0.04525967409008263
0.11 0.08 0 0.05856709370717076
0.11 0.09 0 0.015847204211556082
0.11 0.1 0 0.019894932379699207
0.11 0.11 0 0.028901170078051073
0.11 0.12 0 0.01667710690020725
0.11 0.13 0 0.021249014559164264
0.11 0.14 0 0.02069185814317932
0.11 0.15 0 0.021429203189127704
0.11 0.16 0 0.015686272523188008
0.11 0.17 0 0.012353098877544927
0.11 0.18 0 0.01394248117484852
0.11 0.19 0 0.009681897645958568
0.11 0.2 0 0.005843747471247439
0.11 0.21 0 0.007698653308224048
0.11 0.22 0 0.0157974718811538
0.11 0.23 0 0.012782784772384734
0.11 0.24 0 0.03074672986421347
0.11 0.25 0 0.05713286360062748
0.11 0.26 0 0.029553233324645833
0.11 0.27 0 0.04908879304952991
0.11 0.28 0 0.04831361069344036
0.11 0.29 0 0.03617868077697825
0.11 0.3 0 0.026264349371375534
0.11 0.31 0 0.02139925166342332
0.11 0.32 0 0.04370892560366551
0.11 0.33 0 0.04645536881441233
0.11 0.34 0 0.048810949979361834
0.11 0.35000000000000003 0 0.08648502237559366
0.11 0.36 0 0.10557523383706852
0.11 0.37 0 0.059933546245101714
0.11 0.38 0 0.07680158449192302
0.11 0.39 0 0.10309732876738126
0.11 0.4 0 0.05432305323310279
0.11 0.41000000000000003 0 0.10647347997277427
0.11 0.42 0 0.1223675369539159
0.11 0.43 0 0.09495144677367155
0.11 0.44 0 0.12442247948772102
0.11 0.45 0 0.12879517207133773
0.11 0.46 0 0.26098905258002864
0.11 0.47000000000000003 0 0.2036167588535437
0.11 0.48 0 0.1537180739924157
0.11 0.49 0 0.23968459778711207
0.11 0.5 0 0.16629256813730575
0.12 0.0 0 0.03919572868010065
0.12 0.01 0 0.03875268283643939
0.12 0.02 0 0.05569408827523602
0.12 0.03 0 0.09378485464308832
0.12 0.04 0 0.08357158059610828
0.12 0.05 0 0.04698275430880235
0.12 0.06 0 0.09339368154754496
0.12 0.07 0 0.0794812459217151
0.12 0.08 0 0.07557003607048178
0.12 0.09 0 0.12377957266313011
0.12 0.1 0 0.0400751624287788
0.12 0.11 0 0.021857783071396256
0.12 0.12 0 0.01764120142483595
0.12 0.13 0 0.01600175234009372
0.12 0.14 0 0.016907710770290733
0.12 0.15 0 0.014043575284467757
0.12 0.16 0 0.01898669320870695
0.12 0.17 0 0.02208925428803045
0.12 0.18 0 0.0180959608837151
0.12 0.19 0 0.0165944660913348
0.12 0.2 0 0.027746501456214205
0.12 0.21 0 0.01599353805569688
0.12 0.22 0 0.010844004216974002
0.12 0.23 0 0.027321286862976874
0.12 0.24 0 0.020230622309805456
0.12 0.25 0 0.025280087257859404
0.12 0.26 0 0.036883722791780385
0.12 0.27 0 0.032737735467632305
0.12 0.28 0 0.05377913175437906
0.12 0.29 0 0.06500056592865733
0.12 0.3 0 0.10360015177648162
0.12 0.31 0 0.07985642907650355
0.12 0.32 0 0.03410299335712171
0.12 0.33 0 0.0367083225572074
0.12 0.34 0 0.06349048914305211
0.12 0.35000000000000003 0 0.054458536157454523
0.12 0.36 0 0.05635162435243024
0.12 0.37 0 0.1543845947708743
0.12 0.38 0 0.11886941436965151
0.12 0.39 0 0.13827966918363233
0.12 0.4 0 0.23824216700776674
0.12 0.41000000000000003 0 0.15571977539658685
0.12 0.42 0 0.19700834281439888
0.12 0.43 0 0.19643481550717784
0.12 0.44 0 0.3302111850199372
0.12 0.45 0 0.45110678886947536
0.12 0.46 0 0.2692625741992369
0.12 0.47000000000000003 0 0.3713014647149285
0.12 0.48 0 0.3568245505723545
0.12 0.49 0 0.21141319038980702
0.12 0.5 0 0.26246219464216036
0.13 0.0 0 0.024551850025602083
0.13 0.01 0 0.022114256987230574
0.13 0.02 0 0.0293825931713896
0.13 0.03 0 0.018922620061240434
0.13 0.04 0 0.023201124439818463
0.13 0.05 0 0.021131439233468528
0.13 0.06 0 0.006230289214681877
0.13 0.07 0 0.007542515103452713
0.13 0.08 0 0.00790168714345904
0.13 0.09 0 0.009574565659142732
0.13 0.1 0 0.013562078295570299
0.13 0.11 0 0.00914017466328667
0.13 0.12 0 0.00998927115627046
0.13 0.13 0 0.010475619295097605
0.13 0.14 0 0.01268331438720953
0.13 0.15 0 0.01712610492994002
0.13 0.16 0 0.020289476703642995
0.13 0.17 0 0.020412464437658328
0.13 0.18 0 0.040245971714180935
0.13 0.19 0 0.06633623797054428
0.13 0.2 0 0.03553900621522448
0.13 0.21 0 0.06170930996657937
0.13 0.22 0 0.06879024421143899
0.13 0.23 0 0.06591818697722113
0.13 0.24 0 0.14907432391504485
0.13 0.25 0 0.13930313884092974
0.13 0.26 0 0.1463544823999713
0.13 0.27 0 0.08286018555824026
0.13 0.28 0 0.04392236007552052
0.13 0.29 0 0.04864263039224445
0.13 0.3 0 0.045842748979082255
0.13 0.31 0 0.05800204176461806
0.13 0.32 0 0.09821939581236472
0.13 0.33 0 0.11561569200481969
0.13 0.34 0 0.08944425203060088
0.13 0.35000000000000003 0 0.21926401591791086
0.13 0.36 0 0.2697262992820603
0.13 0.37 0 0.14521504044981243
0.13 0.38 0 0.21566027968237833
0.13 0.39 0 0.15155389748634426
0.13 0.4 0 0.14045156242893964
0.13 0.41000000000000003 0 0.10416147707300479
0.13 0.42 0 0.05427692124992678
0.13 0.43 0 0.05677685973948386
0.13 0.44 0 0.030814500797760633
0.13 0.45 0 0.03079972706298764
0.13 0.46 0 0.04618673821108773
0.13 0.47000000000000003 0 0.03111576967232387
0.13 0.48 0 0.01676625536639457
0.13 0.49 0 0.015911500727544377
0.13 0.5 0 0.009726302627480324
0.14 0.0 0 0.1341701569652849
0.14 0.01 0 0.09896794250292165
0.14 0.02 0 0.049918366056594346
0.14 0.03 0 0.08376089096050648
0.14 0.04 0 0.06572418632396682
0.14 0.05 0 0.07883201182499396
0.14 0.06 0 0.08721357128148173
0.14 0.07 0 0.0452368293992587
0.14 0.08 0 0.040806863464698
0.14 0.09 0 0.026405599842702073
0.14 0.1 0 0.03488476517202105
0.14 0.11 0 0.05256756397845711
0.14 0.12 0 0.03755068184473102
0.14 0.13 0 0.03216914900325637
0.14 0.14 0 0.04932330200501688
0.14 0.15 0 0.057579560050168246
0.14 0.16 0 0.04383727093661414
0.14 0.17 0 0.06182569586847509
0.14 0.18 0 0.042423266086000784
0.14 0.19 0 0.060899049296376365
0.14 0.2 0 0.15929517173992222
0.14 0.21 0 0.1423542270752673
0.14 0.22 0 0.1873383896556533
0.14 0.23 0 0.12325682501721091
0.14 0.24 0 0.12344044469636764
0.14 0.25 0 0.24015722562424868
0.14 0.26 0 0.2597780824298199
0.14 0.27 0 0.4354578753679907
0.14 0.28 0 0.5136317793385397
0.14 0.29 0 0.3547978562243671
0.14 0.3 0 0.31956512586051405
0.14 0.31 0 0.5214683226343633
0.14 0.32 0 0.4504913417862434
0.14 0.33 0 0.4102666783957708
0.14 0.34 0 0.5631514997180672
0.14 0.35000000000000003 0 0.3679972019047631
0.14 0.36 0 0.6855817201657862
0.14 0.37 0 0.7789171674013043
0.14 0.38 0 0.47240388140323875
0.14 0.39 0 0.4119498477896378
0.14 0.4 0 0.2013020115056009
0.14 0.41000000000000003 0 0.28120109740031
0.14 0.42 0 0.2945659661346024
0.14 0.43 0 0.14565021960120164
0.14 0.44 0 0.12346873124505363
0.14 0.45 0 0.11008863321066072
0.14 0.46 0 0.08144156965927211
0.14 0.47000000000000003 0 0.07431825275381686
0.14 0.48 0 0.06943626870042922
0.14 0.49 0 0.02348136467222959
0.14 0.5 0 0.017145435983942903
0.15 0.0 0 0.05113619254421447
0.15 0.01 0 0.08991737176711906
0.15 0.02 0 0.1305590832490661
0.15 0.03 0 0.11085854578499907
0.15 0.04 0 0.17875888471195014
0.15 0.05 0 0.18786039453367281
0.15 0.06 0 0.3133281861129617
0.15 0.07 0 0.2633733824837784
0.15 0.08 0 0.16902703230310556
0.15 0.09 0 0.24526966854889456
0.15 0.1 0 0.22872686740555082
0.15 0.11 0 0.18757071860359922
0.15 0.12 0 0.24282739758301897
0.15 0.13 0 0.29476285054341717
0.15 0.14 0 0.15787199047388664
0.15 0.15 0 0.26946867487433385
0.15 0.16 0 0.5781956578560551
0.15 0.17 0 0.4469416571669516
0.15 0.18 0 0.49868192797795796
0.15 0.19 0 0.3002327414095745
0.15 0.2 0 0.36608686367187465
0.15 0.21 0 0.48874988121096036
0.15 0.22 0 0.4225442701298724
0.15 0.23 0 0.8258384409324027
0.15 0.24 0 0.708505165509381
0.15 0.25 0 0.7237773661808937
0.15 0.26 0 1.4530715429694745
0.15 0.27 0 1.6954982977646886
0.15 0.28 0 1.0326400504600262
0.15 0.29 0 0.8948350135943145
0.15 0.3 0 0.6815876848703863
0.15 0.31 0 0.2492951163332726
0.15 0.32 0 0.22352522810644748
0.15 0.33 0 0.14470982928238993
0.15 0.34 0 0.11238528495030152
0.15 0.35000000000000003 0 0.1093485102989717
0.15 0.36 0 0.06740541705071576
0.15 0.37 0 0.1382540687774077
0.15 0.38 0 0.1221560051348787
0.15 0.39 0 0.08042525388179596
0.15 0.4 0 0.09184707328052007
0.15 0.41000000000000003 0 0.055651437763893884
0.15 0.42 0 0.05781484981717746
0.15 0.43 0 0.09811581791452477
0.15 0.44 0 0.10362665211405646
0.15 0.45 0 0.05735345195133993
0.15 0.46 0 0.05706854185728152
0.15 0.47000000000000003 0 0.04707081348289517
0.15 0.48 0 0.03292840564397727
0.15 0.49 0 0.027515915052851777
0.15 0.5 0 0.009708826471551255
0.16 0.0 0 0.8999866089894065
0.16 0.01 0 0.6675874237318505
0.16 0.02 0 0.6868470599536772
0.16 0.03 0 0.5595656517466499
0.16 0.04 0 0.6858607420233042
0.16 0.05 0 1.0429238747132463
0.16 0.06 0 0.7908927735431819
0.16 0.07 0 1.3409043996638708
0.16 0.08 0 1.8042807528173856
0.16 0.09 0 1.248945642347068
0.16 0.1 0 1.2812583625788705
0.16 0.11 0 2.7773793268686604
0.16 0.12 0 2.5119224261157695
0.16 0.13 0 1.6854279871397027
0.16 0.14 0 2.057199250826584
0.16 0.15 0 0.7546726789298364
0.16 0.16 0 0.5211843978691904
0.16 0.17 0 0.6575323304371594
0.16 0.18 0 0.9338539448654612
0.16 0.19 0 1.4178358872463876
0.16 0.2 0 0.7493961455771834
0.16 0.21 0 1.2038324944266057
0.16 0.22 0 1.852015979562656
0.16 0.23 0 1.0322318634569687
0.16 0.24 0 0.8675079499554675
0.16 0.25 0 0.7575050972688083
0.16 0.26 0 0.4785502062709724
0.16 0.27 0 0.47545848056637113
0.16 0.28 0 0.978993495633342
0.16 0.29 0 0.6054908829991233
0.16 0.3 0 0.4125357816516618
0.16 0.31 0 0.48641989401406666
0.16 0.32 0 0.47959050886067184
0.16 0.33 0 0.7196014948814949
0.16 0.34 0 0.41419059159479055
0.16 0.35000000000000003 0 0.45382528167370295
0.16 0.36 0 0.46410064440270943
0.16 0.37 0 0.21625434390930476
0.16 0.38 0 0.4213705351535173
0.16 0.39 0 0.6076327464265254
0.16 0.4 0 0.3542801993785105
0.16 0.41000000000000003 0 0.23162914516352226
0.16 0.42 0 0.2154928993320236
0.16 0.43 0 0.14538799848312314
0.16 0.44 0 0.11950214845660645
0.16 0.45 0 0.12001858601412846
0.16 0.46 0 0.05625166353474391
0.16 0.47000000000000003 0 0.04591561096680415
0.16 0.48 0 0.03326018255076937
0.16 0.49 0 0.04259102216325045
0.16 0.5 0 0.047013017280157464
0.17 0.0 0 3.4114884705163333
0.17 0.01 0 4.951410347801231
0.17 0.02 0 5.978301328605665
0.17 0.03 0 9.52214551618988
0.17 0.04 0 5.424930924348276
0.17 0.05 0 4.770848715061766
0.17 0.06 0 8.597796164745203
0.17 0.07 0 8.518626090939714
0.17 0.08 0 5.506657053489163
0.17 0.09 0 5.362327566285264
0.17 0.1 0 4.732061681945586
0.17 0.11 0 2.221453377425046
0.17 0.12 0 3.661969837217436
0.17 0.13 0 4.054675685788456
0.17 0.14 0 2.645403349942977
0.17 0.15 0 2.5334812740342816
0.17 0.16 0 1.3883421832256786
0.17 0.17 0 1.2671035042010441
0.17 0.18 0 0.654731494008124
0.17 0.19 0 0.5362845849929977
0.17 0.2 0 0.9421086642303454
0.17 0.21 0 0.5990388572253638
0.17 0.22 0 0.6346277411160588
0.17 0.23 0 1.4647870363268818
0.17 0.24 0 2.0944354697927716
0.17 0.25 0 1.361479298739064
0.17 0.26 0 1.7981564351776096
0.17 0.27 0 2.0024331459744023
0.17 0.28 0 1.3656707422363856
0.17 0.29 0 1.67549592957998
0.17 0.3 0 0.8933160138492587
0.17 0.31 0 0.5524106834036133
0.17 0.32 0 0.2858516948831338
0.17 0.33 0 0.2539535778025432
0.17 0.34 0 0.6765992295767266
0.17 0.35000000000000003 0 0.44129422985452404
0.17 0.36 0 0.3985532325592486
0.17 0.37 0 0.487834970960216
0.17 0.38 0 0.21668713492009783
0.17 0.39 0 0.10776479831462304
0.17 0.4 0 0.1214428604887704
0.17 0.41000000000000003 0 0.12012428445912322
0.17 0.42 0 0.06464155684513605
0.17 0.43 0 0.0756591455833037
0.17 0.44 0 0.0789775161373202
0.17 0.45 0 0.09479735985968743
0.17 0.46 0 0.08776572368493575
0.17 0.47000000000000003 0 0.05611241686161629
0.17 0.48 0 0.0807729624814602
0.17 0.49 0 0.042536828869110276
0.17 0.5 0 0.05072640125872743
0.18 0.0 0 2.752472774455581
0.18 0.01 0 3.5402196554242
0.18 0.02 0 4.416899305951838
0.18 0.03 0 4.03156802777031
0.18 0.04 0 5.483960477508229
0.18 0.05 0 4.737087351815925
0.18 0.06 0 3.0223616663472206
0.18 0.07 0 3.0632555321220116
0.18 0.08 0 6.944858198557296
0.18 0.09 0 6.151496844427892
0.18 0.1 0 5.274080325310555
0.18 0.11 0 5.50529674156628
0.18 0.12 0 2.9068470986307737
0.18 0.13 0 3.58988528864283
0.18 0.14 0 3.2993264901013295
0.18 0.15 0 4.140009903435335
0.18 0.16 0 5.072868469139796
0.18 0.17 0 3.1565235068975612
0.18 0.18 0 4.881308321287648
0.18 0.19 0 4.7242037185660575
0.18 0.2 0 3.5438527591307367
0.18 0.21 0 4.4423085735432855
0.18 0.22 0 5.588005808595105
0.18 0.23 0 4.250109703490714
0.18 0.24 0 4.938990535001429
0.18 0.25 0 8.42558148350818
0.18 0.26 0 4.046926755850223
0.18 0.27 0 2.640057580495037
0.18 0.28 0 1.8850368258271217
0.18 0.29 0 1.9915903877697092
0.18 0.3 0 2.822130799087244
0.18 0.31 0 1.3315147423832208
0.18 0.32 0 1.1587385750630204
0.18 0.33 0 0.5212855748305648
0.18 0.34 0 0.20235384203465276
0.18 0.35000000000000003 0 0.2620343715436536
0.18 0.36 0 0.20799056658531367
0.18 0.37 0 0.12309419631633216
0.18 0.38 0 0.13198267296273025
0.18 0.39 0 0.21410450056239813
0.18 0.4 0 0.15261724340051697
0.18 0.41000000000000003 0 0.13836198183782028
0.18 0.42 0 0.14899690999448956
0.18 0.43 0 0.1294368576454943
0.18 0.44 0 0.18350224305553747
0.18 0.45 0 0.17637830043680588
0.18 0.46 0 0.40967255562456445
0.18 0.47000000000000003 0 0.42841660598544523
0.18 0.48 0 0.18624423097622497
0.18 0.49 0 0.28812652180431236
0.18 0.5 0 0.20637751268843849
0.19 0.0 0 0.19218924160716647
0.19 0.01 0 0.1585015211341966
0.19 0.02 0 0.1515030681212129
0.19 0.03 0 0.1886050889691027
0.19 0.04 0 0.25950310213143185
0.19 0.05 0 0.23431996794869978
0.19 0.06 0 0.28578845676038095
0.19 0.07 0 0.3329670814789638
0.19 0.08 0 0.3041614860751235
0.19 0.09 0 0.6915734384371423
0.19 0.1 0 0.9405550381728619
0.19 0.11 0 1.6733922190695087
0.19 0.12 0 2.309587813046385
0.19 0.13 0 2.1783639417234197
0.19 0.14 0 4.430206483407978
0.19 0.15 0 3.4593356584996444
0.19 0.16 0 3.418514363969188
0.19 0.17 0 4.985019379798065
0.19 0.18 0 4.57155825809024
0.19 0.19 0 3.7611137893753868
0.19 0.2 0 2.7471740588303706
0.19 0.21 0 1.594646206778591
0.19 0.22 0 0.6891813826583657
0.19 0.23 0 0.6180337709749999
0.19 0.24 0 0.39302736827725865
0.19 0.25 0 0.32093726585262405
0.19 0.26 0 0.386845188326331
0.19 0.27 0 0.27558819087563663
0.19 0.28 0 0.3532827667806843
0.19 0.29 0 0.20294415182347897
0.19 0.3 0 0.20454155665778212
0.19 0.31 0 0.46003987956264436
0.19 0.32 0 0.4187683903201172
0.19 0.33 0 0.5644284936838286
0.19 0.34 0 0.7034680298775434
0.19 0.35000000000000003 0 0.6476064301271627
0.19 0.36 0 0.5760701580089973
0.19 0.37 0 0.6053407252437465
0.19 0.38 0 0.40681750070000616
0.19 0.39 0 0.26622159643099214
0.19 0.4 0 0.3528246236855718
0.19 0.41000000000000003 0 0.3130259695505624
0.19 0.42 0 0.4017603097329148
0.19 0.43 0 0.27453111899292615
0.19 0.44 0 0.2198503594634474
0.19 0.45 0 0.3598917429957198
0.19 0.46 0 0.21072839154640816
0.19 0.47000000000000003 0 0.3286714559382051
0.19 0.48 0 0.47715794457703453
0.19 0.49 0 0.26537920352321215
0.19 0.5 0 0.21843193139628644
0.2 0.0 0 0.03083048807314614
0.2 0.01 0 0.04608947020283725
0.2 0.02 0 0.09802746565397166
0.2 0.03 0 0.11747310250574844
0.2 0.04 0 0.08737234468927736
0.2 0.05 0 0.1437401799519586
0.2 0.06 0 0.17421224081602946
0.2 0.07 0 0.2747985614858039
0.2 0.08 0 0.3364508139692256
0.2 0.09 0 0.41571482995778314
0.2 0.1 0 0.7600588301882863
0.2 0.11 0 0.5383224275463475
0.2 0.12 0 0.862349245652246
0.2 0.13 0 1.097539625598873
0.2 0.14 0 0.7610826618490291
0.2 0.15 0 1.0190374604653283
0.2 0.16 0 1.0050093273141936
0.2 0.17 0 0.5927934373308039
0.2 0.18 0 0.2987160699471035
0.2 0.19 0 0.31718697584834576
0.2 0.2 0 0.3152300198330335
0.2 0.21 0 0.3498755098657328
0.2 0.22 0 0.40923780594181314
0.2 0.23 0 0.3711040561695054
0.2 0.24 0 0.506085202713604
0.2 0.25 0 0.2958532716231861
0.2 0.26 0 0.3300724331215882
0.2 0.27 0 0.36251829058440443
0.2 0.28 0 0.18849413819502778
0.2 0.29 0 0.2813723947270315
0.2 0.3 0 0.27575658136684156
0.2 0.31 0 0.24910326802587895
0.2 0.32 0 0.3001593965670844
0.2 0.33 0 0.3044051061780346
0.2 0.34 0 0.22630073438096499
0.2 0.35000000000000003 0 0.1573839919384591
0.2 0.36 0 0.17414349755391878
0.2 0.37 0 0.16958294281418052
0.2 0.38 0 0.20129345635538448
0.2 0.39 0 0.12704754351071332
0.2 0.4 0 0.12661178095492015
0.2 0.41000000000000003 0 0.193644595569316
0.2 0.42 0 0.14759117722302137
0.2 0.43 0 0.28890068765949084
0.2 0.44 0 0.2540793128368401
0.2 0.45 0 0.1805267547933423
0.2 0.46 0 0.28131996941006243
0.2 0.47000000000000003 0 0.24108000808100474
0.2 0.48 0 0.21855026598205296
0.2 0.49 0 0.18631968073325247
0.2 0.5 0 0.17415251035670873
0.21 0.0 0 0.04287368333282378
0.21 0.01 0 0.07052178561472011
0.21 0.02 0 0.05550881247605553
0.21 0.03 0 0.11009721532632727
0.21 0.04 0 0.2389739918163397
0.21 0.05 0 0.2364018308250412
0.21 0.06 0 0.18672651258072956
0.21 0.07 0 0.13037701587837464
0.21 0.08 0 0.2504466596851929
0.21 0.09 0 0.23142179065515806
0.21 0.1 0 0.2500716250884303
0.21 0.11 0 0.5267121053367332
0.21 0.12 0 0.3503889839536677
0.21 0.13 0 0.27250850728612336
0.21 0.14 0 0.30091260815098286
0.21 0.15 0 0.3175605089636788
0.21 0.16 0 0.23720804649236768
0.21 0.17 0 0.2841211225381112
0.21 0.18 0 0.36788053236218526
0.21 0.19 0 0.22567360270381492
0.21 0.2 0 0.18567436908955473
0.21 0.21 0 0.1436925380042416
0.21 0.22 0 0.18116205591997328
0.21 0.23 0 0.1375996500418718
0.21 0.24 0 0.13883765660987968
0.21 0.25 0 0.4281337894850418
0.21 0.26 0 0.33565603223758633
0.21 0.27 0 0.30893436169023897
0.21 0.28 0 0.3739847512250156
0.21 0.29 0 0.2674998041241468
0.21 0.3 0 0.21096047777195995
0.21 0.31 0 0.18416933756516016
0.21 0.32 0 0.1915944206981683
0.21 0.33 0 0.13660311116513232
0.21 0.34 0 0.14992930731802512
0.21 0.35000000000000003 0 0.17104112738081567
0.21 0.36 0 0.18733484604097025
0.21 0.37 0 0.16068706542578504
0.21 0.38 0 0.15204717339595256
0.21 0.39 0 0.33741652057618
0.21 0.4 0 0.17771337178454288
0.21 0.41000000000000003 0 0.12464324101476082
0.21 0.42 0 0.17879924542706718
0.21 0.43 0 0.13152762500991208
0.21 0.44 0 0.19410821198658385
0.21 0.45 0 0.27948069668264197
0.21 0.46 0 0.42125070718694047
0.21 0.47000000000000003 0 0.5636381558789046
0.21 0.48 0 0.7074257888209221
0.21 0.49 0 0.9106312620946164
0.21 0.5 0 0.7927315758397687
0.22 0.0 0 0.19190616917742706
0.22 0.01 0 0.12977983841528626
0.22 0.02 0 0.13665139309597615
0.22 0.03 0 0.08122477454391047
0.22 0.04 0 0.07732932960694419
0.22 0.05 0 0.07915430540904494
0.22 0.06 0 0.1372449025264328
0.22 0.07 0 0.15000689125822267
0.22 0.08 0 0.07982427926618009
0.22 0.09 0 0.17279689566746034
0.22 0.1 0 0.2755893330379988
0.22 0.11 0 0.3113936563027634
0.22 0.12 0 0.5325422677648286
0.22 0.13 0 0.9527863487333653
0.22 0.14 0 0.9021306800517683
0.22 0.15 0 0.5828795337763399
0.22 0.16 0 0.6699820440236205
0.22 0.17 0 0.4498040028466648
0.22 0.18 0 0.39719081610523443
0.22 0.19 0 0.4567469143772118
0.22 0.2 0 0.6272211394220788
0.22 0.21 0 0.6955534917141006
0.22 0.22 0 0.32659617151383386
0.22 0.23 0 0.4256848934160087
0.22 0.24 0 0.25201422050859973
0.22 0.25 0 0.09744120037255641
0.22 0.26 0 0.14494727639932242
0.22 0.27 0 0.19573762155124438
0.22 0.28 0 0.18442444832023228
0.22 0.29 0 0.14224928290819785
0.22 0.3 0 0.18754040938497976
0.22 0.31 0 0.19903808928894473
0.22 0.32 0 0.1944875765710225
0.22 0.33 0 0.24244663928553176
0.22 0.34 0 0.21934691483119376
0.22 0.35000000000000003 0 0.16871288369738605
0.22 0.36 0 0.08023388992395473
0.22 0.37 0 0.10524617090430081
0.22 0.38 0 0.08033012985505497
0.22 0.39 0 0.03560564255309225
0.22 0.4 0 0.07159113948344102
0.22 0.41000000000000003 0 0.07574612069719114
0.22 0.42 0 0.0627369297585134
0.22 0.43 0 0.06723223981862882
0.22 0.44 0 0.07459697709552028
0.22 0.45 0 0.06917487760799962
0.22 0.46 0 0.046736675761087226
0.22 0.47000000000000003 0 0.06742631375712303
0.22 0.48 0 0.10742829622963097
0.22 0.49 0 0.1465310110694394
0.22 0.5 0 0.14319378805678235
0.23 0.0 0 0.21940959036242097
0.23 0.01 0 0.3714689877750158
0.23 0.02 0 0.5476394964905967
0.23 0.03 0 0.5574757964784277
0.23 0.04 0 0.45848433880036177
0.23 0.05 0 0.7551140049796524
0.23 0.06 0 0.6257773616937079
0.23 0.07 0 0.8402544457423152
0.23 0.08 0 1.0158763439202256
0.23 0.09 0 0.578935474814036
0.23 0.1 0 0.5527141717405993
0.23 0.11 0 0.8287814444677121
0.23 0.12 0 1.1043199125620222
0.23 0.13 0 0.6258425404090044
0.23 0.14 0 0.6061976547977678
0.23 0.15 0 0.606301295055357
0.23 0.16 0 0.44057166250290325
0.23 0.17 0 0.33203860401857604
0.23 0.18 0 0.17589836691717764
0.23 0.19 0 0.16239124526478874
0.23 0.2 0 0.09846342093701935
0.23 0.21 0 0.13668436894344094
0.23 0.22 0 0.28127544705334473
0.23 0.23 0 0.1579574491988683
0.23 0.24 0 0.1402489171655978
0.23 0.25 0 0.12244750188902132
0.23 0.26 0 0.08520496540001665
0.23 0.27 0 0.06274314474769022
0.23 0.28 0 0.08033737797250502
0.23 0.29 0 0.09759703723662157
0.23 0.3 0 0.04973664382763652
0.23 0.31 0 0.03411634548442944
0.23 0.32 0 0.02429765049177348
0.23 0.33 0 0.022031839044938148
0.23 0.34 0 0.012518735927896686
0.23 0.35000000000000003 0 0.011453704994732443
0.23 0.36 0 0.020251877809160906
0.23 0.37 0 0.010983213082062319
0.23 0.38 0 0.01318256840447313
0.23 0.39 0 0.014334895591095026
0.23 0.4 0 0.007804463343915489
0.23 0.41000000000000003 0 0.00838600786040206
0.23 0.42 0 0.014608505187602837
0.23 0.43 0 0.03267194809993197
0.23 0.44 0 0.04011932846204257
0.23 0.45 0 0.06897861717030589
0.23 0.46 0 0.12252001772311405
0.23 0.47000000000000003 0 0.12131121027123556
0.23 0.48 0 0.0811617226495252
0.23 0.49 0 0.07597176238774345
0.23 0.5 0 0.11895346488192435
0.24 0.0 0 0.08051699411154455
0.24 0.01 0 0.09480228438094004
0.24 0.02 0 0.06729424658707622
0.24 0.03 0 0.08726335221884186
0.24 0.04 0 0.0755727736925903
0.24 0.05 0 0.041177538568957193
0.24 0.06 0 0.041395464527596404
0.24 0.07 0 0.03879381318636987
0.24 0.08 0 0.04768510739508419
0.24 0.09 0 0.05039885860634712
0.24 0.1 0 0.06623243329994884
0.24 0.11 0 0.06934040949845104
0.24 0.12 0 0.08423693110044186
0.24 0.13 0 0.13253326706570795
0.24 0.14 0 0.09455713132124405
0.24 0.15 0 0.07531886355224428
0.24 0.16 0 0.048893320662411185
0.24 0.17 0 0.06504253142675374
0.24 0.18 0 0.07641094558096827
0.24 0.19 0 0.04193067808976315
0.24 0.2 0 0.04602745593238723
0.24 0.21 0 0.029173869924547517
0.24 0.22 0 0.024674214253849334
0.24 0.23 0 0.03166212388059043
0.24 0.24 0 0.03281476595612772
0.24 0.25 0 0.028289876967440192
0.24 0.26 0 0.01988476807002141
0.24 0.27 0 0.021249653189275356
0.24 0.28 0 0.01607485102750116
0.24 0.29 0 0.017462342644490796
0.24 0.3 0 0.020731861346419057
0.24 0.31 0 0.024380703334740926
0.24 0.32 0 0.026671192778952694
0.24 0.33 0 0.020132691029321817
0.24 0.34 0 0.03985441828356348
0.24 0.35000000000000003 0 0.029273097668746233
0.24 0.36 0 0.015392068823197587
0.24 0.37 0 0.018178645223143764
0.24 0.38 0 0.015943502916862296
0.24 0.39 0 0.019995306721163727
0.24 0.4 0 0.01974916986485643
0.24 0.41000000000000003 0 0.017500314843877315
0.24 0.42 0 0.011309612275599554
0.24 0.43 0 0.00911835186376195
0.24 0.44 0 0.012958190755271841
0.24 0.45 0 0.012719979753209756
0.24 0.46 0 0.01007542196424727
0.24 0.47000000000000003 0 0.006695996548656887
0.24 0.48 0 0.010313186059179571
0.24 0.49 0 0.008092108831475937
0.24 0.5 0 0.004903697970170704
0.25 0.0 0 0.06723801801185593
0.25 0.01 0 0.04183591851787734
0.25 0.02 0 0.06182835505438382
0.25 0.03 0 0.0461521018538983
0.25 0.04 0 0.0349690213301012
0.25 0.05 0 0.025637656970283466
0.25 0.06 0 0.023690160963814405
0.25 0.07 0 0.017139882532781
0.25 0.08 0 0.014876005756046199
0.25 0.09 0 0.019399801685545524
0.25 0.1 0 0.014763539656026635
0.25 0.11 0 0.016569813469704
0.25 0.12 0 0.020139573040686427
0.25 0.13 0 0.04132696985034668
0.25 0.14 0 0.05456874115814486
0.25 0.15 0 0.03776135778488909
0.25 0.16 0 0.03922075432854539
0.25 0.17 0 0.020756067051282634
0.25 0.18 0 0.024552765308136285
0.25 0.19 0 0.04113353939448638
0.25 0.2 0 0.041191698668516366
0.25 0.21 0 0.03912797997791962
0.25 0.22 0 0.03572190836915694
0.25 0.23 0 0.05501743649155448
0.25 0.24 0 0.05261213447835394
0.25 0.25 0 0.051688863593088274
0.25 0.26 0 0.05412344805207996
0.25 0.27 0 0.07073892007804328
0.25 0.28 0 0.12335174601551468
0.25 0.29 0 0.16217488201484412
0.25 0.3 0 0.28950844937446407
0.25 0.31 0 0.1916986990591082
0.25 0.32 0 0.1643032968785776
0.25 0.33 0 0.20586564593279047
0.25 0.34 0 0.1493225845044937
0.25 0.35000000000000003 0 0.21913989808287743
0.25 0.36 0 0.2263480367354429
0.25 0.37 0 0.20437365758036827
0.25 0.38 0 0.15404662810570838
0.25 0.39 0 0.1305019287631412
0.25 0.4 0 0.16591226749571844
0.25 0.41000000000000003 0 0.1302505547089011
0.25 0.42 0 0.09402782701657124
0.25 0.43 0 0.05261184828995927
0.25 0.44 0 0.04309424112208644
0.25 0.45 0 0.028082884317504657
0.25 0.46 0 0.02231179728037334
0.25 0.47000000000000003 0 0.023298735391060643
0.25 0.48 0 0.011817678965333105
0.25 0.49 0 0.019242066360354398
0.25 0.5 0 0.029772257726221663
0.26 0.0 0 0.02716973244602579
0.26 0.01 0 0.037848813861201966
0.26 0.02 0 0.038239166314877615
0.26 0.03 0 0.03991734762443825
0.26 0.04 0 0.04217688159764119
0.26 0.05 0 0.025525992521809034
0.26 0.06 0 0.008862876179934205
0.26 0.07 0 0.010184786841937177
0.26 0.08 0 0.012106614875158725
0.26 0.09 0 0.014177710505877489
0.26 0.1 0 0.016850836597442277
0.26 0.11 0 0.018870033933416387
0.26 0.12 0 0.019420148596202922
0.26 0.13 0 0.009722034763675684
0.26 0.14 0 0.01745966007748974
0.26 0.15 0 0.031233629939335976
0.26 0.16 0 0.02759581792372312
0.26 0.17 0 0.03221117814755648
0.26 0.18 0 0.0319282857725298
0.26 0.19 0 0.041388217370638795
0.26 0.2 0 0.05083416510719856
0.26 0.21 0 0.10750170397648105
0.26 0.22 0 0.16000483251042527
0.26 0.23 0 0.16600047304604312
0.26 0.24 0 0.319094906572643
0.26 0.25 0 0.5088300896836275
0.26 0.26 0 0.500629921973164
0.26 0.27 0 0.17983395107958217
0.26 0.28 0 0.14480072136582184
0.26 0.29 0 0.1735755562725527
0.26 0.3 0 0.163701276984615
0.26 0.31 0 0.39386343919961725
0.26 0.32 0 0.4714013008000036
0.26 0.33 0 0.41642164624256306
0.26 0.34 0 0.3298312355133522
0.26 0.35000000000000003 0 0.3093467099846762
0.26 0.36 0 0.34562671025088654
0.26 0.37 0 0.21438791386228503
0.26 0.38 0 0.1992780277360183
0.26 0.39 0 0.16276693185500343
0.26 0.4 0 0.15157719453563162
0.26 0.41000000000000003 0 0.1751721030627101
0.26 0.42 0 0.29805452737743815
0.26 0.43 0 0.39482137495535646
0.26 0.44 0 0.2562529218882335
0.26 0.45 0 0.5309051497426633
0.26 0.46 0 0.8109135747632482
0.26 0.47000000000000003 0 0.9128019882703406
0.26 0.48 0 0.9766630348242324
0.26 0.49 0 0.6310275107543171
0.26 0.5 0 0.7654340875915298
0.27 0.0 0 0.038711858285310055
0.27 0.01 0 0.017463917461953266
0.27 0.02 0 0.011712172522969215
0.27 0.03 0 0.01777617658465108
0.27 0.04 0 0.017222470835478936
0.27 0.05 0 0.02625025225710347
0.27 0.06 0 0.030133007664383857
0.27 0.07 0 0.012925839011880099
0.27 0.08 0 0.008678691584972151
0.27 0.09 0 0.009847834716132705
0.27 0.1 0 0.02358442894210194
0.27 0.11 0 0.023513623921916457
0.27 0.12 0 0.026459707301251207
0.27 0.13 0 0.053976712434867735
0.27 0.14 0 0.04172746158657911
0.27 0.15 0 0.04742517808635805
0.27 0.16 0 0.07827025710321572
0.27 0.17 0 0.12793710216647025
0.27 0.18 0 0.11448212702655411
0.27 0.19 0 0.1339129395911392
0.27 0.2 0 0.25391426403513917
0.27 0.21 0 0.2032088697601815
0.27 0.22 0 0.1856114515990763
0.27 0.23 0 0.162772979565716
0.27 0.24 0 0.17847948708276717
0.27 0.25 0 0.1729658185811022
0.27 0.26 0 0.24132904166357574
0.27 0.27 0 0.5362296084010761
0.27 0.28 0 0.2549294214111849
0.27 0.29 0 0.1986538574578381
0.27 0.3 0 0.33501937068872306
0.27 0.31 0 0.4995193351236766
0.27 0.32 0 0.6836427464914901
0.27 0.33 0 0.7869348940441773
0.27 0.34 0 1.2419897573106728
0.27 0.35000000000000003 0 0.8619699738107706
0.27 0.36 0 0.7206992137941183
0.27 0.37 0 0.8377431385850364
0.27 0.38 0 0.6984332423242611
0.27 0.39 0 0.5203669792725982
0.27 0.4 0 0.4508474244005712
0.27 0.41000000000000003 0 0.6613320143529725
0.27 0.42 0 0.34007972797522884
0.27 0.43 0 0.26559241122933197
0.27 0.44 0 0.31676985475247904
0.27 0.45 0 0.18092716897200878
0.27 0.46 0 0.20941212955395175
0.27 0.47000000000000003 0 0.3306851223831547
0.27 0.48 0 0.7099179047407724
0.27 0.49 0 0.6489166197189709
0.27 0.5 0 0.4327807306917265
0.28 0.0 0 0.021851509927255368
0.28 0.01 0 0.05091140907096207
0.28 0.02 0 0.043113238740294546
0.28 0.03 0 0.019382284419605343
0.28 0.04 0 0.019080763790089984
0.28 0.05 0 0.015254527814830039
0.28 0.06 0 0.01995832234429868
0.28 0.07 0 0.022610725016054743
0.28 0.08 0 0.027872040472200488
0.28 0.09 0 0.029151413054023793
0.28 0.1 0 0.02235774476611717
0.28 0.11 0 0.055963385462149975
0.28 0.12 0 0.08064084292886052
0.28 0.13 0 0.07819187996825036
0.28 0.14 0 0.10444916279049593
0.28 0.15 0 0.15164907763932645
0.28 0.16 0 0.15087766117169593
0.28 0.17 0 0.11327240857435175
0.28 0.18 0 0.19970233616257216
0.28 0.19 0 0.1999569938180236
0.28 0.2 0 0.20393129123144665
0.28 0.21 0 0.32783779882026415
0.28 0.22 0 0.5310014270930281
0.28 0.23 0 0.6090145715030373
0.28 0.24 0 0.2861241558387979
0.28 0.25 0 0.3200100033037247
0.28 0.26 0 0.26698332827845045
0.28 0.27 0 0.20623039755053002
0.28 0.28 0 0.3469317730859766
0.28 0.29 0 0.2849474356650235
0.28 0.3 0 0.17614728549530081
0.28 0.31 0 0.14240800707597814
0.28 0.32 0 0.334957185279018
0.28 0.33 0 0.5223877832822306
0.28 0.34 0 0.4240791063970784
0.28 0.35000000000000003 0 0.6030155323109665
0.28 0.36 0 0.7855405352794284
0.28 0.37 0 1.0444590137514724
0.28 0.38 0 1.0484606831353134
0.28 0.39 0 1.840889442956624
0.28 0.4 0 1.9914798740796358
0.28 0.41000000000000003 0 1.6044312284286764
0.28 0.42 0 4.791474649504878
0.28 0.43 0 7.052066980477913
0.28 0.44 0 6.610021454627988
0.28 0.45 0 5.346020102915481
0.28 0.46 0 4.886021418976285
0.28 0.47000000000000003 0 5.032714954385036
0.28 0.48 0 4.689937256924887
0.28 0.49 0 12.022004506368352
0.28 0.5 0 16.138815222299502
0.29 0.0 0 0.003508385176363756
0.29 0.01 0 0.004594468067957337
0.29 0.02 0 0.012616873227685392
0.29 0.03 0 0.020925075487802203
0.29 0.04 0 0.02356560467246565
0.29 0.05 0 0.023899189539301573
0.29 0.06 0 0.020193472774683727
0.29 0.07 0 0.0335354838281084
0.29 0.08 0 0.02549139857518434
0.29 0.09 0 0.024651341542731475
0.29 0.1 0 0.03403392275496651
0.29 0.11 0 0.038924704416448797
0.29 0.12 0 0.05833568602567332
0.29 0.13 0 0.07743621793474295
0.29 0.14 0 0.10301836269484525
0.29 0.15 0 0.0922532075812914
0.29 0.16 0 0.18128712342925202
0.29 0.17 0 0.3427333402989723
0.29 0.18 0 0.3402970524712841
0.29 0.19 0 0.4433807322463797
0.29 0.2 0 0.5216809091169584
0.29 0.21 0 1.1054630248505215
0.29 0.22 0 1.4444694387458052
0.29 0.23 0 2.3774531541728274
0.29 0.24 0 4.610201117048926
0.29 0.25 0 2.799416427543338
0.29 0.26 0 2.485309881957107
0.29 0.27 0 2.425489927985029
0.29 0.28 0 2.698728231980094
0.29 0.29 0 2.889636661189977
0.29 0.3 0 3.6666234839658025
0.29 0.31 0 4.59014513795276
0.29 0.32 0 2.9165587131302977
0.29 0.33 0 3.4495774919553424
0.29 0.34 0 3.381057671641989
0.29 0.35000000000000003 0 2.3842591646824545
0.29 0.36 0 1.251470927245211
0.29 0.37 0 1.1718878801131705
0.29 0.38 0 2.594175775123228
0.29 0.39 0 2.443125624889739
0.29 0.4 0 4.408456531113898
0.29 0.41000000000000003 0 8.252644948342663
0.29 0.42 0 10.249460509798725
0.29 0.43 0 18.873391127821392
0.29 0.44 0 35.8285491660007
0.29 0.45 0 70.61430633506913
0.29 0.46 0 53.39874948040807
0.29 0.47000000000000003 0 50.26733769110584
0.29 0.48 0 51.680322203830265
0.29 0.49 0 34.91507900533941
0.29 0.5 0 33.448646291162426
0.3 0.0 0 0.016901133957240966
0.3 0.01 0 0.01947164297924083
0.3 0.02 0 0.01815589630911151
0.3 0.03 0 0.03047276040475456
0.3 0.04 0 0.025637557997326286
0.3 0.05 0 0.03319782074342499
0.3 0.06 0 0.035902969570879656
0.3 0.07 0 0.02177017074199843
0.3 0.08 0 0.02527985938844732
0.3 0.09 0 0.030261626257704878
0.3 0.1 0 0.037501059327345786
0.3 0.11 0 0.04007937825539689
0.3 0.12 0 0.08109766843033797
0.3 0.13 0 0.14213343264453512
0.3 0.14 0 0.15719046484466567
0.3 0.15 0 0.15823008377487052
0.3 0.16 0 0.08864603053872025
0.3 0.17 0 0.09407471488244988
0.3 0.18 0 0.08995127465859153
0.3 0.19 0 0.1230289515379764
0.3 0.2 0 0.16137574178973366
0.3 0.21 0 0.10128936425686796
0.3 0.22 0 0.1467459378601063
0.3 0.23 0 0.16359585816957614
0.3 0.24 0 0.1959498852310292
0.3 0.25 0 0.30031908511657546
0.3 0.26 0 0.4532097381375741
0.3 0.27 0 0.6631632845229564
0.3 0.28 0 0.7182005501385705
0.3 0.29 0 1.2830633245556538
0.3 0.3 0 1.5033744972683627
0.3 0.31 0 1.8423724519656501
0.3 0.32 0 2.2716559010061763
0.3 0.33 0 3.321565045030416
0.3 0.34 0 7.932899588766414
0.3 0.35000000000000003 0 11.024478121427576
0.3 0.36 0 21.125124206587987
0.3 0.37 0 16.758557789469947
0.3 0.38 0 11.329428696819384
0.3 0.39 0 18.02218367190172
0.3 0.4 0 19.05051188855884
0.3 0.41000000000000003 0 19.07940037598852
0.3 0.42 0 13.890761684155187
0.3 0.43 0 16.37826073518904
0.3 0.44 0 19.36456570709119
0.3 0.45 0 19.747430375788397
0.3 0.46 0 26.13840391880515
0.3 0.47000000000000003 0 22.520226403899233
0.3 0.48 0 25.39777617625905
0.3 0.49 0 27.603306208612988
0.3 0.5 0 44.32832589811596
#STOP
