#MEDIUM_PROPERTIES_DISTRIBUTED
$MSH_TYPE
	 RICHARDS_FLOW	
$MMP_TYPE
	 PERMEABILITY	
$DIS_TYPE
	 NEAREST_VALUE	
;hj
$CONVERSION_FACTOR
	 2.0e-8	
$DATA
0.0 0.0 0 0.0034240549242567932
0.0 0.01 0 0.005046130664562509
0.0 0.02 0 0.005811336938349972
0.0 0.03 0 0.008227165770658946
0.0 0.04 0 0.01002946320083647
0.0 0.05 0 0.00813402886052942
0.0 0.06 0 0.005366335861616681
0.0 0.07 0 0.0029138344335048437
0.0 0.08 0 0.002374005480129614
0.0 0.09 0 0.0029397701936549757
0.0 0.1 0 0.0023960929954468814
0.0 0.11 0 0.002221610289476683
0.0 0.12 0 0.003589628341905865
0.0 0.13 0 0.0040121976351146045
0.0 0.14 0 0.0036811822551884267
0.0 0.15 0 0.005125829404103134
0.0 0.16 0 0.00758112998685971
0.0 0.17 0 0.010472739166416589
0.0 0.18 0 0.011472037074880226
0.0 0.19 0 0.010253277893186127
0.0 0.2 0 0.014505065146618782
0.0 0.21 0 0.01862249975718979
0.0 0.22 0 0.012621597341555386
0.0 0.23 0 0.013853033920977961
0.0 0.24 0 0.024160659818464762
0.0 0.25 0 0.02579584799389877
0.0 0.26 0 0.026243424400193182
0.0 0.27 0 0.03323011191480182
0.0 0.28 0 0.038260835621683316
0.0 0.29 0 0.03835298892069694
0.0 0.3 0 0.024018932405985138
0.0 0.31 0 0.015221415343455036
0.0 0.32 0 0.018912341720058394
0.0 0.33 0 0.016938382121471068
0.0 0.34 0 0.009995028487842558
0.0 0.35000000000000003 0 0.012271404002945213
0.0 0.36 0 0.018075319100546567
0.0 0.37 0 0.01777053384940097
0.0 0.38 0 0.02129103293195966
0.0 0.39 0 0.03122645694800392
0.0 0.4 0 0.053002947337275445
0.0 0.41000000000000003 0 0.0853324056127472
0.0 0.42 0 0.07571713691872534
0.0 0.43 0 0.07981437906067525
0.0 0.44 0 0.13230570656641835
0.0 0.45 0 0.1144687359561675
0.0 0.46 0 0.09045412548611781
0.0 0.47000000000000003 0 0.15285508983252505
0.0 0.48 0 0.24044881382800945
0.0 0.49 0 0.3212501102340747
0.0 0.5 0 0.5296694956414104
0.01 0.0 0 0.006459213895099915
0.01 0.01 0 0.0063251011526110614
0.01 0.02 0 0.009413452172355119
0.01 0.03 0 0.00580245892934926
0.01 0.04 0 0.002931347028050673
0.01 0.05 0 0.0030993838634697335
0.01 0.06 0 0.0033479866909610083
0.01 0.07 0 0.00347274015606531
0.01 0.08 0 0.0039319196914362285
0.01 0.09 0 0.004328654310692683
0.01 0.1 0 0.00738234867630453
0.01 0.11 0 0.01071186337993369
0.01 0.12 0 0.00906207846365884
0.01 0.13 0 0.0153154291656877
0.01 0.14 0 0.03332922478973463
0.01 0.15 0 0.031685674748056135
0.01 0.16 0 0.035149006551535016
0.01 0.17 0 0.05778553610946013
0.01 0.18 0 0.06939293523445794
0.01 0.19 0 0.07429856300014001
0.01 0.2 0 0.06249358718615732
0.01 0.21 0 0.05341969099100209
0.01 0.22 0 0.08117872701212515
0.01 0.23 0 0.08607945286490043
0.01 0.24 0 0.06659917484972301
0.01 0.25 0 0.10242085500638083
0.01 0.26 0 0.10942601515725549
0.01 0.27 0 0.0521445727528276
0.01 0.28 0 0.03557290944099731
0.01 0.29 0 0.029881317968428873
0.01 0.3 0 0.02548588287135339
0.01 0.31 0 0.028417911648764
0.01 0.32 0 0.02500632997292001
0.01 0.33 0 0.02620038951174034
0.01 0.34 0 0.040591444582964986
0.01 0.35000000000000003 0 0.036197829886150897
0.01 0.36 0 0.03727443268954617
0.01 0.37 0 0.07706408564869309
0.01 0.38 0 0.08916088309214153
0.01 0.39 0 0.07113700667504015
0.01 0.4 0 0.07831966934618637
0.01 0.41000000000000003 0 0.06669024380209539
0.01 0.42 0 0.06086462195445855
0.01 0.43 0 0.07189879024243653
0.01 0.44 0 0.06866803754183758
0.01 0.45 0 0.09573141481866312
0.01 0.46 0 0.1471829616771791
0.01 0.47000000000000003 0 0.12827275092855106
0.01 0.48 0 0.18038990747864142
0.01 0.49 0 0.3484047403158708
0.01 0.5 0 0.34798764913879154
0.02 0.0 0 0.09655623549464543
0.02 0.01 0 0.09147217906292957
0.02 0.02 0 0.053291865087203356
0.02 0.03 0 0.053087777101998274
0.02 0.04 0 0.05736283863635771
0.02 0.05 0 0.028159779578443875
0.02 0.06 0 0.022761159010201204
0.02 0.07 0 0.03259071685456239
0.02 0.08 0 0.03016187294513016
0.02 0.09 0 0.031955005190261745
0.02 0.1 0 0.038918167977692854
0.02 0.11 0 0.03903368225459982
0.02 0.12 0 0.05382229563157953
0.02 0.13 0 0.06396194398764304
0.02 0.14 0 0.07056911311963127
0.02 0.15 0 0.16495841857252935
0.02 0.16 0 0.2729161574434351
0.02 0.17 0 0.21900606900328565
0.02 0.18 0 0.2683066654042188
0.02 0.19 0 0.2884096258464412
0.02 0.2 0 0.21380569108607775
0.02 0.21 0 0.2683853722020145
0.02 0.22 0 0.3431010179168921
0.02 0.23 0 0.35386901523178055
0.02 0.24 0 0.37653846628568677
0.02 0.25 0 0.2158693007386879
0.02 0.26 0 0.12070311183376045
0.02 0.27 0 0.11689247437806032
0.02 0.28 0 0.07443491975325192
0.02 0.29 0 0.05256446636641427
0.02 0.3 0 0.07332478954475333
0.02 0.31 0 0.06151599854915169
0.02 0.32 0 0.04082271020124224
0.02 0.33 0 0.04349165102841464
0.02 0.34 0 0.0390872152111898
0.02 0.35000000000000003 0 0.0382288567397565
0.02 0.36 0 0.04648778144513758
0.02 0.37 0 0.04529610136662185
0.02 0.38 0 0.07117076232966042
0.02 0.39 0 0.125705993429216
0.02 0.4 0 0.10445084623666487
0.02 0.41000000000000003 0 0.11906144984453977
0.02 0.42 0 0.17637603520220163
0.02 0.43 0 0.12177118803053667
0.02 0.44 0 0.10154514480120419
0.02 0.45 0 0.14471406148766833
0.02 0.46 0 0.17357791945858192
0.02 0.47000000000000003 0 0.21614154915821532
0.02 0.48 0 0.20709532439972853
0.02 0.49 0 0.15776422475238974
0.02 0.5 0 0.21123191087359428
0.03 0.0 0 0.16261982655720092
0.03 0.01 0 0.1110518231543051
0.03 0.02 0 0.0817400587166166
0.03 0.03 0 0.06644317047118992
0.03 0.04 0 0.04886603573276699
0.03 0.05 0 0.057047405938133705
0.03 0.06 0 0.05853202895924929
0.03 0.07 0 0.04700728244196363
0.03 0.08 0 0.06811605919620141
0.03 0.09 0 0.07606122578460538
0.03 0.1 0 0.05122702973559148
0.03 0.11 0 0.06594404147860136
0.03 0.12 0 0.09339436795181294
0.03 0.13 0 0.09086290815354393
0.03 0.14 0 0.1175806208711801
0.03 0.15 0 0.13992403044420504
0.03 0.16 0 0.14063097371296918
0.03 0.17 0 0.14929263627063397
0.03 0.18 0 0.09759785006143107
0.03 0.19 0 0.07946526482812973
0.03 0.2 0 0.13101813398870568
0.03 0.21 0 0.13638771002340971
0.03 0.22 0 0.13258052160199463
0.03 0.23 0 0.25119846608086294
0.03 0.24 0 0.3086233038309923
0.03 0.25 0 0.22436762499614593
0.03 0.26 0 0.18203824707248867
0.03 0.27 0 0.13799549956689983
0.03 0.28 0 0.1328674989517487
0.03 0.29 0 0.13292077634706
0.03 0.3 0 0.0910255334362317
0.03 0.31 0 0.10657160131929984
0.03 0.32 0 0.14718673922018685
0.03 0.33 0 0.07999411695148584
0.03 0.34 0 0.05098860833720033
0.03 0.35000000000000003 0 0.061409794751734574
0.03 0.36 0 0.05465550062682564
0.03 0.37 0 0.04545518333742689
0.03 0.38 0 0.04266195038494671
0.03 0.39 0 0.03837152016045574
0.03 0.4 0 0.042296839942045764
0.03 0.41000000000000003 0 0.03282056918482586
0.03 0.42 0 0.022372410348750756
0.03 0.43 0 0.04117340372054779
0.03 0.44 0 0.0814992424634967
0.03 0.45 0 0.08321102228798412
0.03 0.46 0 0.12925816895837794
0.03 0.47000000000000003 0 0.25129789943877684
0.03 0.48 0 0.3134600934422307
0.03 0.49 0 0.3683227629171844
0.03 0.5 0 0.40335268308540845
0.04 0.0 0 0.19015849070866553
0.04 0.01 0 0.2478498363533187
0.04 0.02 0 0.3347495746192085
0.04 0.03 0 0.2618523508748186
0.04 0.04 0 0.2905253699987549
0.04 0.05 0 0.38663811596533537
0.04 0.06 0 0.40486638275355225
0.04 0.07 0 0.399217642216459
0.04 0.08 0 0.32512429425917583
0.04 0.09 0 0.3212758384453631
0.04 0.1 0 0.38202403429168313
0.04 0.11 0 0.24709562672732985
0.04 0.12 0 0.19255500971195016
0.04 0.13 0 0.3557588778584924
0.04 0.14 0 0.47373722282922537
0.04 0.15 0 0.4075726594950613
0.04 0.16 0 0.4819872513362757
0.04 0.17 0 0.5950479735151166
0.04 0.18 0 0.6955645611129652
0.04 0.19 0 0.7636740918516042
0.04 0.2 0 0.7596343634958407
0.04 0.21 0 1.114221307230633
0.04 0.22 0 1.2873482949712762
0.04 0.23 0 0.5975445851127547
0.04 0.24 0 0.3632174216421575
0.04 0.25 0 0.3841349875779477
0.04 0.26 0 0.28565264069380236
0.04 0.27 0 0.22033125127957204
0.04 0.28 0 0.2545367383786346
0.04 0.29 0 0.30910202927225255
0.04 0.3 0 0.3612594899660193
0.04 0.31 0 0.3041615859667684
0.04 0.32 0 0.24576078850356167
0.04 0.33 0 0.33495516987713203
0.04 0.34 0 0.33608515814019585
0.04 0.35000000000000003 0 0.20880651231098368
0.04 0.36 0 0.22739501731712972
0.04 0.37 0 0.29412643639367625
0.04 0.38 0 0.2442566122979633
0.04 0.39 0 0.20968117000343992
0.04 0.4 0 0.19113578157601618
0.04 0.41000000000000003 0 0.17372455082831972
0.04 0.42 0 0.1612927491823907
0.04 0.43 0 0.11537244240318335
0.04 0.44 0 0.10902192935557506
0.04 0.45 0 0.16571184774118164
0.04 0.46 0 0.1673679743786983
0.04 0.47000000000000003 0 0.15504967570019323
0.04 0.48 0 0.2407396985722653
0.04 0.49 0 0.3241923807067143
0.04 0.5 0 0.36796796909342483
0.05 0.0 0 0.8434044328614306
0.05 0.01 0 0.5417871985073699
0.05 0.02 0 0.48541093088994935
0.05 0.03 0 0.7413342100450707
0.05 0.04 0 0.6724504558270523
0.05 0.05 0 0.46930791785521475
0.05 0.06 0 0.4451153712708077
0.05 0.07 0 0.3482823119271407
0.05 0.08 0 0.2126739975887444
0.05 0.09 0 0.13981004813095207
0.05 0.1 0 0.13361229884276324
0.05 0.11 0 0.23887019911413124
0.05 0.12 0 0.3704474999282044
0.05 0.13 0 0.3390590438029537
0.05 0.14 0 0.4104968137092533
0.05 0.15 0 0.4973660945392665
0.05 0.16 0 0.34429237463353096
0.05 0.17 0 0.2831653441187131
0.05 0.18 0 0.32418749743044095
0.05 0.19 0 0.321388315118095
0.05 0.2 0 0.2740501494407275
0.05 0.21 0 0.18833809869447482
0.05 0.22 0 0.14377450897884794
0.05 0.23 0 0.15380144210821736
0.05 0.24 0 0.12020510815992089
0.05 0.25 0 0.08581341950505629
0.05 0.26 0 0.1002741425276184
0.05 0.27 0 0.09520599952619084
0.05 0.28 0 0.06560069203084075
0.05 0.29 0 0.05976979345333615
0.05 0.3 0 0.05327242838576047
0.05 0.31 0 0.041340386938023166
0.05 0.32 0 0.03423013211606983
0.05 0.33 0 0.028675335231401717
0.05 0.34 0 0.03569021295039654
0.05 0.35000000000000003 0 0.056413786898866135
0.05 0.36 0 0.06399092443174052
0.05 0.37 0 0.08864240784784401
0.05 0.38 0 0.15573090589977281
0.05 0.39 0 0.17943401596844594
0.05 0.4 0 0.23831288955405802
0.05 0.41000000000000003 0 0.49469178861509133
0.05 0.42 0 0.8374543473635141
0.05 0.43 0 1.114388432106434
0.05 0.44 0 1.1642114961578705
0.05 0.45 0 0.9744014330124549
0.05 0.46 0 0.9838554213414985
0.05 0.47000000000000003 0 0.8615239141100002
0.05 0.48 0 0.667753100532052
0.05 0.49 0 0.9047128518272973
0.05 0.5 0 1.0896516907609262
0.06 0.0 0 0.1723316427831925
0.06 0.01 0 0.15230855940234508
0.06 0.02 0 0.12284270964188286
0.06 0.03 0 0.0967772251435385
0.06 0.04 0 0.13506121654299813
0.06 0.05 0 0.15700597281684217
0.06 0.06 0 0.11487429052912838
0.06 0.07 0 0.12544063646497242
0.06 0.08 0 0.14579238574481415
0.06 0.09 0 0.12739825666357643
0.06 0.1 0 0.13529148180298772
0.06 0.11 0 0.13842606182082576
0.06 0.12 0 0.12922835053454684
0.06 0.13 0 0.1265652274151781
0.06 0.14 0 0.08701897259772032
0.06 0.15 0 0.06943089463318787
0.06 0.16 0 0.08689867848176325
0.06 0.17 0 0.07531688888316099
0.06 0.18 0 0.06874004234548738
0.06 0.19 0 0.10760152164906212
0.06 0.2 0 0.1143150011584689
0.06 0.21 0 0.08604423720448112
0.06 0.22 0 0.07732623266420507
0.06 0.23 0 0.06450494998611697
0.06 0.24 0 0.0650163278367647
0.06 0.25 0 0.08004824515470402
0.06 0.26 0 0.0940956837206937
0.06 0.27 0 0.1785575701074847
0.06 0.28 0 0.3113827375669237
0.06 0.29 0 0.23621142232585024
0.06 0.3 0 0.23133504496881188
0.06 0.31 0 0.35503445936274364
0.06 0.32 0 0.3771683253760474
0.06 0.33 0 0.45205262616607544
0.06 0.34 0 0.6974223964051801
0.06 0.35000000000000003 0 0.8645422643243643
0.06 0.36 0 0.9507968385815775
0.06 0.37 0 0.7230487427234161
0.06 0.38 0 0.5680272446274968
0.06 0.39 0 0.9989300044406573
0.06 0.4 0 1.4487466374400055
0.06 0.41000000000000003 0 1.2814317806818902
0.06 0.42 0 2.1156717670953045
0.06 0.43 0 3.6915542455263317
0.06 0.44 0 3.599564751701919
0.06 0.45 0 4.049070107960826
0.06 0.46 0 5.324191336187677
0.06 0.47000000000000003 0 7.441065468915314
0.06 0.48 0 10.55285700418351
0.06 0.49 0 9.023408779160398
0.06 0.5 0 9.681810129138976
0.07 0.0 0 0.04638522646785865
0.07 0.01 0 0.0428934993084021
0.07 0.02 0 0.03402463053832898
0.07 0.03 0 0.03781953787722725
0.07 0.04 0 0.0392413958085742
0.07 0.05 0 0.04092079969679073
0.07 0.06 0 0.043915261372817975
0.07 0.07 0 0.024318487556881693
0.07 0.08 0 0.016719866753934977
0.07 0.09 0 0.02336104958217134
0.07 0.1 0 0.01878695726203105
0.07 0.11 0 0.012783629529112968
0.07 0.12 0 0.01599843367673236
0.07 0.13 0 0.015927491069841676
0.07 0.14 0 0.01320458203296041
0.07 0.15 0 0.013326725292176576
0.07 0.16 0 0.013436646427537146
0.07 0.17 0 0.020207075082953364
0.07 0.18 0 0.026270201932451356
0.07 0.19 0 0.016699733469716895
0.07 0.2 0 0.017926929132316163
0.07 0.21 0 0.02659120526070206
0.07 0.22 0 0.018022207071207493
0.07 0.23 0 0.015725207300359045
0.07 0.24 0 0.02572472106946699
0.07 0.25 0 0.03386382612113057
0.07 0.26 0 0.04347372502647885
0.07 0.27 0 0.05099425877725539
0.07 0.28 0 0.05844734752185215
0.07 0.29 0 0.11036695413645503
0.07 0.3 0 0.14027692774119255
0.07 0.31 0 0.12334412722266744
0.07 0.32 0 0.27071292709853617
0.07 0.33 0 0.5665697161088188
0.07 0.34 0 0.5173215707682042
0.07 0.35000000000000003 0 0.6122438379142946
0.07 0.36 0 0.7902995321965184
0.07 0.37 0 0.7487818953031632
0.07 0.38 0 0.775977768601906
0.07 0.39 0 0.6873706090730349
0.07 0.4 0 0.8219098341779649
0.07 0.41000000000000003 0 1.6014713085711734
0.07 0.42 0 1.4651343204076206
0.07 0.43 0 1.0711641699377945
0.07 0.44 0 1.569251416911021
0.07 0.45 0 1.4629467559675113
0.07 0.46 0 0.9906250468382505
0.07 0.47000000000000003 0 1.2712816046928435
0.07 0.48 0 1.7006712300882583
0.07 0.49 0 2.1741021155397418
0.07 0.5 0 2.6695937179766402
0.08 0.0 0 0.026056878421330795
0.08 0.01 0 0.02269908705654927
0.08 0.02 0 0.049503814956695605
0.08 0.03 0 0.07203616938993558
0.08 0.04 0 0.0697615653155774
0.08 0.05 0 0.10194687664501446
0.08 0.06 0 0.14416646433066405
0.08 0.07 0 0.19754480532138902
0.08 0.08 0 0.1960969341085901
0.08 0.09 0 0.09465273048956026
0.08 0.1 0 0.06751507172383317
0.08 0.11 0 0.058887625024343415
0.08 0.12 0 0.02483684415749144
0.08 0.13 0 0.018595701897374615
0.08 0.14 0 0.03196481239337714
0.08 0.15 0 0.03576148935241986
0.08 0.16 0 0.039814592729686744
0.08 0.17 0 0.05789294256550536
0.08 0.18 0 0.07545750195233997
0.08 0.19 0 0.11703025439607324
0.08 0.2 0 0.12059313644946891
0.08 0.21 0 0.08248538072956903
0.08 0.22 0 0.11283642737257295
0.08 0.23 0 0.13499347517170102
0.08 0.24 0 0.08587179269268587
0.08 0.25 0 0.10154050212444105
0.08 0.26 0 0.133653434083102
0.08 0.27 0 0.09430091384858592
0.08 0.28 0 0.0792919437221771
0.08 0.29 0 0.07495931051502744
0.08 0.3 0 0.08299074272313457
0.08 0.31 0 0.14758003022339145
0.08 0.32 0 0.1792150220594031
0.08 0.33 0 0.19696287896140532
0.08 0.34 0 0.3565264406873208
0.08 0.35000000000000003 0 0.3618778867048334
0.08 0.36 0 0.29396759711936854
0.08 0.37 0 0.5244006137492534
0.08 0.38 0 0.8043650533176561
0.08 0.39 0 0.9594584617447145
0.08 0.4 0 1.5527766814615247
0.08 0.41000000000000003 0 1.9593242665451134
0.08 0.42 0 2.550475985032281
0.08 0.43 0 4.023102822340753
0.08 0.44 0 4.19252591336132
0.08 0.45 0 5.797593669557904
0.08 0.46 0 10.223275929625764
0.08 0.47000000000000003 0 8.718238628528754
0.08 0.48 0 8.8195830135008
0.08 0.49 0 13.493555965699999
0.08 0.5 0 10.865736693181903
0.09 0.0 0 0.05487545958287953
0.09 0.01 0 0.06648595950108603
0.09 0.02 0 0.04029224644165092
0.09 0.03 0 0.03675430705035348
0.09 0.04 0 0.055585621446850274
0.09 0.05 0 0.043885408211015296
0.09 0.06 0 0.03656328076779773
0.09 0.07 0 0.04783599964972206
0.09 0.08 0 0.0490902509174456
0.09 0.09 0 0.055669527201965205
0.09 0.1 0 0.06715719691809136
0.09 0.11 0 0.0695882082719706
0.09 0.12 0 0.10981245950914796
0.09 0.13 0 0.1477978240801548
0.09 0.14 0 0.13221091458713333
0.09 0.15 0 0.21232310813513364
0.09 0.16 0 0.3093538568969557
0.09 0.17 0 0.20894343714981906
0.09 0.18 0 0.16909789397246872
0.09 0.19 0 0.14015590232711703
0.09 0.2 0 0.09205627599422479
0.09 0.21 0 0.09738839372786656
0.09 0.22 0 0.12580977657099454
0.09 0.23 0 0.17235646944516642
0.09 0.24 0 0.2860266333652012
0.09 0.25 0 0.2578731730350348
0.09 0.26 0 0.1893765182619524
0.09 0.27 0 0.24055282081169024
0.09 0.28 0 0.21940159333328402
0.09 0.29 0 0.16934192621391517
0.09 0.3 0 0.22748930617729246
0.09 0.31 0 0.2251443612668633
0.09 0.32 0 0.1511418839615325
0.09 0.33 0 0.12957516805882704
0.09 0.34 0 0.11942553573288159
0.09 0.35000000000000003 0 0.15794142229406985
0.09 0.36 0 0.26920066178099306
0.09 0.37 0 0.33629461714094255
0.09 0.38 0 0.6304600137444641
0.09 0.39 0 1.50564212210946
0.09 0.4 0 1.5506010647671968
0.09 0.41000000000000003 0 1.4709637469457877
0.09 0.42 0 1.9718032316386827
0.09 0.43 0 1.6223755726216234
0.09 0.44 0 1.155927725787784
0.09 0.45 0 1.1022532677746746
0.09 0.46 0 1.264126214882877
0.09 0.47000000000000003 0 2.026834135444156
0.09 0.48 0 2.4248896904249495
0.09 0.49 0 2.0317210080892556
0.09 0.5 0 3.203469734917959
0.1 0.0 0 0.14259473370804535
0.1 0.01 0 0.09326733655781283
0.1 0.02 0 0.0597148074629039
0.1 0.03 0 0.03681263646544828
0.1 0.04 0 0.024010042253154864
0.1 0.05 0 0.02912448099507838
0.1 0.06 0 0.03610079288853115
0.1 0.07 0 0.03695086169081662
0.1 0.08 0 0.06659732892215746
0.1 0.09 0 0.1113180706189181
0.1 0.1 0 0.10359126699853698
0.1 0.11 0 0.12131399777316239
0.1 0.12 0 0.1710390718523549
0.1 0.13 0 0.2093371664718865
0.1 0.14 0 0.256680024800481
0.1 0.15 0 0.2524616391487655
0.1 0.16 0 0.2620488253969551
0.1 0.17 0 0.31325299108661003
0.1 0.18 0 0.21683832405897113
0.1 0.19 0 0.16686517458092134
0.1 0.2 0 0.28901574812656766
0.1 0.21 0 0.42845217407533925
0.1 0.22 0 0.4727921192499248
0.1 0.23 0 0.7144717064974396
0.1 0.24 0 1.016861911891174
0.1 0.25 0 1.083510267628199
0.1 0.26 0 0.8728919660673925
0.1 0.27 0 0.5989806031261276
0.1 0.28 0 0.6711579772824603
0.1 0.29 0 0.8229335498657785
0.1 0.3 0 0.5889599105102978
0.1 0.31 0 0.6295389544440864
0.1 0.32 0 1.1076746097342542
0.1 0.33 0 1.17205848273229
0.1 0.34 0 1.0591175103677162
0.1 0.35000000000000003 0 1.4243241013320391
0.1 0.36 0 2.3164043586675827
0.1 0.37 0 3.762267232789434
0.1 0.38 0 4.079892825458522
0.1 0.39 0 3.6065629005443376
0.1 0.4 0 4.208662345272321
0.1 0.41000000000000003 0 3.0220651149074365
0.1 0.42 0 1.319096626954393
0.1 0.43 0 1.1834942507831705
0.1 0.44 0 1.6092046934931892
0.1 0.45 0 1.4956890770796583
0.1 0.46 0 1.3006064095623258
0.1 0.47000000000000003 0 1.237785020637354
0.1 0.48 0 1.3296351463511369
0.1 0.49 0 1.5343445380466998
0.1 0.5 0 1.455649674445878
0.11 0.0 0 0.07450731963272907
0.11 0.01 0 0.0662526650210799
0.11 0.02 0 0.08029261715419335
0.11 0.03 0 0.078745066834461
0.11 0.04 0 0.07676951449498756
0.11 0.05 0 0.0855740267504959
0.11 0.06 0 0.13921395309670623
0.11 0.07 0 0.24144130804419586
0.11 0.08 0 0.27165336882886937
0.11 0.09 0 0.4146427669106649
0.11 0.1 0 0.9118719728785509
0.11 0.11 0 1.0130482004683754
0.11 0.12 0 0.8788215173774044
0.11 0.13 0 1.3011692301321116
0.11 0.14 0 2.0823686756552835
0.11 0.15 0 2.6991636481430406
0.11 0.16 0 2.8509185842436153
0.11 0.17 0 2.950767505330155
0.11 0.18 0 4.172875936150044
0.11 0.19 0 4.40057772290587
0.11 0.2 0 3.027891745917746
0.11 0.21 0 3.6341541292021753
0.11 0.22 0 4.9631848373024265
0.11 0.23 0 3.3052501254392124
0.11 0.24 0 2.170240126905035
0.11 0.25 0 2.088046340708192
0.11 0.26 0 2.2231697687380723
0.11 0.27 0 2.526897122602915
0.11 0.28 0 2.58230424191045
0.11 0.29 0 3.1422609376679573
0.11 0.3 0 4.978915031881736
0.11 0.31 0 4.300914148515718
0.11 0.32 0 2.788032828099381
0.11 0.33 0 3.2978059412978626
0.11 0.34 0 3.601221070235964
0.11 0.35000000000000003 0 2.7139032928040483
0.11 0.36 0 2.577489970389424
0.11 0.37 0 2.598534610407515
0.11 0.38 0 2.416097248051835
0.11 0.39 0 2.037600531170547
0.11 0.4 0 1.3749951217730105
0.11 0.41000000000000003 0 1.3665465058345865
0.11 0.42 0 1.8546814520263546
0.11 0.43 0 1.675395628389845
0.11 0.44 0 1.8685237126722318
0.11 0.45 0 3.1173477175190984
0.11 0.46 0 3.209090326753727
0.11 0.47000000000000003 0 2.6248767970162676
0.11 0.48 0 2.4352229994435026
0.11 0.49 0 1.9015008978263004
0.11 0.5 0 1.5654183844943181
0.12 0.0 0 3.585587641210367
0.12 0.01 0 2.4398100282503847
0.12 0.02 0 1.6199889441287292
0.12 0.03 0 1.667344618256493
0.12 0.04 0 1.3192304569272197
0.12 0.05 0 0.9834282864244356
0.12 0.06 0 0.846518112451318
0.12 0.07 0 0.7821520063463948
0.12 0.08 0 0.931330552194455
0.12 0.09 0 0.8282112257508221
0.12 0.1 0 0.6429428236498711
0.12 0.11 0 1.1368863398362055
0.12 0.12 0 2.091049570452612
0.12 0.13 0 2.1409642318041278
0.12 0.14 0 2.9337585884835904
0.12 0.15 0 4.3609437674546845
0.12 0.16 0 4.575984417065629
0.12 0.17 0 5.312731300059617
0.12 0.18 0 5.7262295729175685
0.12 0.19 0 5.777718282148521
0.12 0.2 0 5.838813048824826
0.12 0.21 0 3.016449152312272
0.12 0.22 0 1.415297924622012
0.12 0.23 0 1.2126904453681573
0.12 0.24 0 0.7963446550132627
0.12 0.25 0 0.4866064167488605
0.12 0.26 0 0.5414702744883972
0.12 0.27 0 0.5218952081425139
0.12 0.28 0 0.4349013957621238
0.12 0.29 0 0.4760039673975627
0.12 0.3 0 0.469839489741847
0.12 0.31 0 0.5367516471553936
0.12 0.32 0 0.6415533155143275
0.12 0.33 0 0.4867301616094449
0.12 0.34 0 0.5079378311625343
0.12 0.35000000000000003 0 0.6644606038052336
0.12 0.36 0 0.4576480811549227
0.12 0.37 0 0.3721134902168654
0.12 0.38 0 0.4356897246456614
0.12 0.39 0 0.3383236441388198
0.12 0.4 0 0.3209435989403837
0.12 0.41000000000000003 0 0.48536240821311377
0.12 0.42 0 0.7555258835502499
0.12 0.43 0 1.4033422530539763
0.12 0.44 0 1.8028875017485797
0.12 0.45 0 1.4495357348641131
0.12 0.46 0 1.7594263457135297
0.12 0.47000000000000003 0 1.7336293093405657
0.12 0.48 0 1.0893683442700925
0.12 0.49 0 1.4277540033910692
0.12 0.5 0 2.251258601027442
0.13 0.0 0 8.952879066641572
0.13 0.01 0 10.844253148158616
0.13 0.02 0 10.449461169140744
0.13 0.03 0 6.631464006592522
0.13 0.04 0 7.994605579520527
0.13 0.05 0 9.310326002595234
0.13 0.06 0 6.396206351251212
0.13 0.07 0 6.739099906900247
0.13 0.08 0 7.715831537468186
0.13 0.09 0 6.914813761466126
0.13 0.1 0 7.63086329563558
0.13 0.11 0 6.3644476621169845
0.13 0.12 0 4.829560695651244
0.13 0.13 0 5.038612212347015
0.13 0.14 0 3.3225731183494536
0.13 0.15 0 2.435245337426716
0.13 0.16 0 3.871723021498104
0.13 0.17 0 4.06218246513569
0.13 0.18 0 3.3125829309250854
0.13 0.19 0 4.576938332866891
0.13 0.2 0 4.6870793863882
0.13 0.21 0 3.60245079037191
0.13 0.22 0 3.0873352263348
0.13 0.23 0 2.0961274275798423
0.13 0.24 0 1.9255443259877765
0.13 0.25 0 2.0441580697654094
0.13 0.26 0 1.2451731313387386
0.13 0.27 0 1.171920266835575
0.13 0.28 0 1.4562159989388421
0.13 0.29 0 0.6794692834777456
0.13 0.3 0 0.31599728485727663
0.13 0.31 0 0.27940050482188095
0.13 0.32 0 0.23532704199741009
0.13 0.33 0 0.264990127388926
0.13 0.34 0 0.37541444080130776
0.13 0.35000000000000003 0 0.4843581399085574
0.13 0.36 0 0.8414902691845331
0.13 0.37 0 0.9117071331940109
0.13 0.38 0 0.5939819265812462
0.13 0.39 0 0.9844226268421375
0.13 0.4 0 1.9085719421852865
0.13 0.41000000000000003 0 1.6100715663655214
0.13 0.42 0 1.667038639775511
0.13 0.43 0 1.856780078887124
0.13 0.44 0 1.2915418038455553
0.13 0.45 0 0.9466717217388483
0.13 0.46 0 0.6654777099308147
0.13 0.47000000000000003 0 0.6459896063917206
0.13 0.48 0 1.1539456539854
0.13 0.49 0 1.144517081600305
0.13 0.5 0 0.9799010941297535
0.14 0.0 0 7.157626912988196
0.14 0.01 0 5.2162206299057825
0.14 0.02 0 3.196235412414523
0.14 0.03 0 2.6927475929031806
0.14 0.04 0 1.9996023679623767
0.14 0.05 0 1.9062233649934748
0.14 0.06 0 3.265737749829022
0.14 0.07 0 2.921222662570843
0.14 0.08 0 2.217039800066165
0.14 0.09 0 4.028645635890232
0.14 0.1 0 5.288212680985115
0.14 0.11 0 4.161264907454797
0.14 0.12 0 4.407458789461838
0.14 0.13 0 3.9298316079418965
0.14 0.14 0 3.1409075516218268
0.14 0.15 0 2.5402275460486035
0.14 0.16 0 1.5678624414689077
0.14 0.17 0 1.8934462891144155
0.14 0.18 0 3.471020607714058
0.14 0.19 0 2.751245477103957
0.14 0.2 0 2.6641735743348085
0.14 0.21 0 4.889154446085337
0.14 0.22 0 4.928308629536523
0.14 0.23 0 4.2032469925480775
0.14 0.24 0 5.122658157304952
0.14 0.25 0 5.7751054395052135
0.14 0.26 0 7.041046881152461
0.14 0.27 0 5.817007658288308
0.14 0.28 0 3.1525383136297673
0.14 0.29 0 3.50516245748943
0.14 0.3 0 3.8894346191018183
0.14 0.31 0 2.2454901195442356
0.14 0.32 0 2.6105994782401027
0.14 0.33 0 4.522112022085933
0.14 0.34 0 4.135885789490551
0.14 0.35000000000000003 0 3.6256731931057993
0.14 0.36 0 3.2174913007439745
0.14 0.37 0 2.734333692392444
0.14 0.38 0 3.072764283300895
0.14 0.39 0 2.3549002997570945
0.14 0.4 0 1.805034699121013
0.14 0.41000000000000003 0 2.8819430870562344
0.14 0.42 0 2.6910562694314675
0.14 0.43 0 1.3577941688115203
0.14 0.44 0 1.184928879567243
0.14 0.45 0 0.9337305818327677
0.14 0.46 0 0.5453849362332625
0.14 0.47000000000000003 0 0.48388998525523064
0.14 0.48 0 0.47878412022528966
0.14 0.49 0 0.5920499999551146
0.14 0.5 0 0.8465776082291755
0.15 0.0 0 8.224086530472535
0.15 0.01 0 4.772706601977488
0.15 0.02 0 5.669249237683394
0.15 0.03 0 7.31150551980214
0.15 0.04 0 7.033078873807639
0.15 0.05 0 7.073953910082543
0.15 0.06 0 6.479042776248541
0.15 0.07 0 8.199512353329997
0.15 0.08 0 10.42970196604394
0.15 0.09 0 5.803723162616636
0.15 0.1 0 4.079870193276167
0.15 0.11 0 5.093903447369097
0.15 0.12 0 3.6264523554517867
0.15 0.13 0 2.7528175963089017
0.15 0.14 0 4.190503320001569
0.15 0.15 0 5.961665327834699
0.15 0.16 0 7.8717078421980355
0.15 0.17 0 9.677126514907028
0.15 0.18 0 10.298256712253362
0.15 0.19 0 16.28405274714261
0.15 0.2 0 19.471233681479173
0.15 0.21 0 11.611443605385869
0.15 0.22 0 10.940666251116578
0.15 0.23 0 12.022645385245303
0.15 0.24 0 7.536808717492223
0.15 0.25 0 6.592309786939298
0.15 0.26 0 8.043774819587727
0.15 0.27 0 7.83124504862815
0.15 0.28 0 7.9562132210540355
0.15 0.29 0 6.897269331583089
0.15 0.3 0 6.228826177060868
0.15 0.31 0 9.045182968247364
0.15 0.32 0 9.262190981741268
0.15 0.33 0 7.298153513297839
0.15 0.34 0 9.227889725109451
0.15 0.35000000000000003 0 8.35368087403308
0.15 0.36 0 5.262184612690562
0.15 0.37 0 5.673297066566389
0.15 0.38 0 6.837008850579551
0.15 0.39 0 7.614757891739856
0.15 0.4 0 9.921101327432757
0.15 0.41000000000000003 0 10.159279757496021
0.15 0.42 0 10.769334439928135
0.15 0.43 0 12.5111132811326
0.15 0.44 0 9.088488047341947
0.15 0.45 0 8.115079614552586
0.15 0.46 0 10.39385764028737
0.15 0.47000000000000003 0 7.464026543194005
0.15 0.48 0 5.086473923643645
0.15 0.49 0 5.343805925154037
0.15 0.5 0 4.537156999193463
0.16 0.0 0 8.237238872646861
0.16 0.01 0 14.827381710339633
0.16 0.02 0 12.556248979772278
0.16 0.03 0 10.12815982911918
0.16 0.04 0 11.549807321491942
0.16 0.05 0 8.642261716337318
0.16 0.06 0 5.167521430337128
0.16 0.07 0 3.329884051623487
0.16 0.08 0 2.0604037584944894
0.16 0.09 0 1.671596999636682
0.16 0.1 0 1.4280721452184852
0.16 0.11 0 1.1962000561463884
0.16 0.12 0 1.662720993387755
0.16 0.13 0 2.0736527572802874
0.16 0.14 0 1.6121094867528096
0.16 0.15 0 1.8174801278783053
0.16 0.16 0 2.3113478420565348
0.16 0.17 0 1.9631166444694952
0.16 0.18 0 1.7387969915256951
0.16 0.19 0 1.4802147453983012
0.16 0.2 0 1.0910108242567713
0.16 0.21 0 0.9137706364966628
0.16 0.22 0 0.7202171316161681
0.16 0.23 0 0.716442821075403
0.16 0.24 0 1.031143626259188
0.16 0.25 0 0.9586126115306953
0.16 0.26 0 0.795817891330987
0.16 0.27 0 1.171692196301059
0.16 0.28 0 1.5779763061886187
0.16 0.29 0 1.7228018524573971
0.16 0.3 0 2.266282702494838
0.16 0.31 0 2.393054734369634
0.16 0.32 0 1.7628318623421848
0.16 0.33 0 0.9777541112625514
0.16 0.34 0 0.47876653938424746
0.16 0.35000000000000003 0 0.4234882640826845
0.16 0.36 0 0.5117251665943147
0.16 0.37 0 0.4334792359150043
0.16 0.38 0 0.5323315241891489
0.16 0.39 0 1.026860563166925
0.16 0.4 0 1.2876324753221964
0.16 0.41000000000000003 0 1.384891108500457
0.16 0.42 0 1.900874795724914
0.16 0.43 0 2.617536673059892
0.16 0.44 0 3.214609781722771
0.16 0.45 0 2.740174378295608
0.16 0.46 0 2.263676641806836
0.16 0.47000000000000003 0 2.9950181254986132
0.16 0.48 0 2.739739847374965
0.16 0.49 0 1.4571635677239003
0.16 0.5 0 1.367822847054758
0.17 0.0 0 1.3262530358695717
0.17 0.01 0 1.2951104604793506
0.17 0.02 0 1.5547916352063709
0.17 0.03 0 1.2814058879540835
0.17 0.04 0 0.9118957088699245
0.17 0.05 0 1.065778910651891
0.17 0.06 0 1.0495750472179322
0.17 0.07 0 0.7683522223734716
0.17 0.08 0 0.8583253564228299
0.17 0.09 0 1.0132210935518648
0.17 0.1 0 0.8724457541551196
0.17 0.11 0 0.6913505956476328
0.17 0.12 0 0.5365237375644286
0.17 0.13 0 0.559536618689022
0.17 0.14 0 0.6316717289663959
0.17 0.15 0 0.4436564195645457
0.17 0.16 0 0.3895608667657295
0.17 0.17 0 0.4990340048423582
0.17 0.18 0 0.3657954990464027
0.17 0.19 0 0.23990107589024176
0.17 0.2 0 0.2792164543192571
0.17 0.21 0 0.34862828682220764
0.17 0.22 0 0.37204556658270066
0.17 0.23 0 0.33959751963914664
0.17 0.24 0 0.3070508775440749
0.17 0.25 0 0.4036806811755729
0.17 0.26 0 0.4213265069235661
0.17 0.27 0 0.29499948548736726
0.17 0.28 0 0.39481810124450084
0.17 0.29 0 0.6762103070327737
0.17 0.3 0 0.6110831777847648
0.17 0.31 0 0.5813006749408857
0.17 0.32 0 0.790146607513401
0.17 0.33 0 1.031477139292599
0.17 0.34 0 1.2478653771985413
0.17 0.35000000000000003 0 1.2818957518977148
0.17 0.36 0 1.7577813515211473
0.17 0.37 0 3.855135719751655
0.17 0.38 0 4.693653782460617
0.17 0.39 0 3.7135982789974604
0.17 0.4 0 4.701158428227731
0.17 0.41000000000000003 0 4.54470541674671
0.17 0.42 0 2.618139799420752
0.17 0.43 0 2.196886593563126
0.17 0.44 0 2.6873325505483194
0.17 0.45 0 3.6953324456654935
0.17 0.46 0 4.244687056907109
0.17 0.47000000000000003 0 2.9708770721527116
0.17 0.48 0 2.65285370698828
0.17 0.49 0 3.224337656078528
0.17 0.5 0 2.462584657139291
0.18 0.0 0 0.22343888024188682
0.18 0.01 0 0.22898129912097342
0.18 0.02 0 0.24721821298485455
0.18 0.03 0 0.2867635007518424
0.18 0.04 0 0.2670863331299361
0.18 0.05 0 0.15581524641384403
0.18 0.06 0 0.16321224538972628
0.18 0.07 0 0.2750755320267699
0.18 0.08 0 0.250764067948114
0.18 0.09 0 0.26656774702433783
0.18 0.1 0 0.4756241971456036
0.18 0.11 0 0.5116503310063251
0.18 0.12 0 0.37638581612924044
0.18 0.13 0 0.2868955362605219
0.18 0.14 0 0.24565014363225576
0.18 0.15 0 0.3123797515240547
0.18 0.16 0 0.3076391546937348
0.18 0.17 0 0.22364981720805563
0.18 0.18 0 0.3391094891324947
0.18 0.19 0 0.5156680970506635
0.18 0.2 0 0.39751143800689387
0.18 0.21 0 0.4683958713615211
0.18 0.22 0 0.7363319424149486
0.18 0.23 0 0.7226882146427569
0.18 0.24 0 0.6098176080975278
0.18 0.25 0 0.43913101543078153
0.18 0.26 0 0.35111160598297564
0.18 0.27 0 0.40988191648610856
0.18 0.28 0 0.31095246398322923
0.18 0.29 0 0.2289516221374046
0.18 0.3 0 0.33640861133268796
0.18 0.31 0 0.31658927086617905
0.18 0.32 0 0.18682744738801907
0.18 0.33 0 0.19367889014724585
0.18 0.34 0 0.21365627454562705
0.18 0.35000000000000003 0 0.2119967228947632
0.18 0.36 0 0.2516012175433851
0.18 0.37 0 0.23305424521087617
0.18 0.38 0 0.23419676010928075
0.18 0.39 0 0.24586241978115644
0.18 0.4 0 0.1418914195353502
0.18 0.41000000000000003 0 0.11842041289658835
0.18 0.42 0 0.19103165013100884
0.18 0.43 0 0.20538493889550427
0.18 0.44 0 0.25166450373110316
0.18 0.45 0 0.4671422961380031
0.18 0.46 0 0.5284155280579143
0.18 0.47000000000000003 0 0.5002433423688739
0.18 0.48 0 0.4716620082116669
0.18 0.49 0 0.33082473645587673
0.18 0.5 0 0.31344227266799013
0.19 0.0 0 0.10960427149463094
0.19 0.01 0 0.12392946800695102
0.19 0.02 0 0.11255355314387075
0.19 0.03 0 0.128079447050656
0.19 0.04 0 0.11892088356373749
0.19 0.05 0 0.13516621672026052
0.19 0.06 0 0.15920343382119295
0.19 0.07 0 0.16605304291714829
0.19 0.08 0 0.31107928771292115
0.19 0.09 0 0.4447618457937987
0.19 0.1 0 0.2905144999836751
0.19 0.11 0 0.32746876313770124
0.19 0.12 0 0.44964569137373006
0.19 0.13 0 0.3430986694412256
0.19 0.14 0 0.3283736374846688
0.19 0.15 0 0.3361474420958195
0.19 0.16 0 0.2754977355457859
0.19 0.17 0 0.3028895355972722
0.19 0.18 0 0.28199932318284465
0.19 0.19 0 0.26404743384721086
0.19 0.2 0 0.4144538645757896
0.19 0.21 0 0.375834889975739
0.19 0.22 0 0.2426417703167273
0.19 0.23 0 0.3073384132850347
0.19 0.24 0 0.3049894490150653
0.19 0.25 0 0.2226805355152884
0.19 0.26 0 0.2626843596209151
0.19 0.27 0 0.25155569221983676
0.19 0.28 0 0.2014070761941281
0.19 0.29 0 0.20596539445408657
0.19 0.3 0 0.16329464841360491
0.19 0.31 0 0.16459568709104325
0.19 0.32 0 0.2126061448578483
0.19 0.33 0 0.13639096845466095
0.19 0.34 0 0.10254151335064002
0.19 0.35000000000000003 0 0.12332552900076113
0.19 0.36 0 0.07752140391660924
0.19 0.37 0 0.05075502965679136
0.19 0.38 0 0.05694444576857854
0.19 0.39 0 0.047580262316995414
0.19 0.4 0 0.04343785429811494
0.19 0.41000000000000003 0 0.05140492336685657
0.19 0.42 0 0.0581787081342292
0.19 0.43 0 0.10653820287201578
0.19 0.44 0 0.1568471518385393
0.19 0.45 0 0.10985756215104801
0.19 0.46 0 0.12447078097730155
0.19 0.47000000000000003 0 0.14736819691133782
0.19 0.48 0 0.0816633347419502
0.19 0.49 0 0.0701271560272361
0.19 0.5 0 0.09135794799815707
0.2 0.0 0 0.2716978391792016
0.2 0.01 0 0.34855918669335073
0.2 0.02 0 0.41077383241527554
0.2 0.03 0 0.25375633102986594
0.2 0.04 0 0.26721879550799127
0.2 0.05 0 0.34710872238271157
0.2 0.06 0 0.27179442918365787
0.2 0.07 0 0.29286539172746545
0.2 0.08 0 0.3692528497193479
0.2 0.09 0 0.407747021834713
0.2 0.1 0 0.6063819903557871
0.2 0.11 0 0.6449471894012612
0.2 0.12 0 0.5560541583664631
0.2 0.13 0 0.7409417594446244
0.2 0.14 0 0.5791981348478802
0.2 0.15 0 0.3369914949195601
0.2 0.16 0 0.4251192236553448
0.2 0.17 0 0.4287337746209367
0.2 0.18 0 0.26518684269255116
0.2 0.19 0 0.2358027771748567
0.2 0.2 0 0.200680286288786
0.2 0.21 0 0.1680088693683963
0.2 0.22 0 0.16729038906969074
0.2 0.23 0 0.11917331404105348
0.2 0.24 0 0.11936433056422169
0.2 0.25 0 0.17012441003542902
0.2 0.26 0 0.11394195411876676
0.2 0.27 0 0.08979263195778366
0.2 0.28 0 0.14415466994039491
0.2 0.29 0 0.12986880208392276
0.2 0.3 0 0.08467795589244692
0.2 0.31 0 0.07662799650295624
0.2 0.32 0 0.06727899497678479
0.2 0.33 0 0.07225646448648676
0.2 0.34 0 0.07056597905510012
0.2 0.35000000000000003 0 0.04775217045675847
0.2 0.36 0 0.05267618421926311
0.2 0.37 0 0.04891199990472894
0.2 0.38 0 0.019699875542681548
0.2 0.39 0 0.015486031455827713
0.2 0.4 0 0.024570899250163338
0.2 0.41000000000000003 0 0.025231408507215565
0.2 0.42 0 0.025758432796871195
0.2 0.43 0 0.02882372494948505
0.2 0.44 0 0.028711463707879786
0.2 0.45 0 0.034030332952276116
0.2 0.46 0 0.029246501767974647
0.2 0.47000000000000003 0 0.025529466396848603
0.2 0.48 0 0.04710735151890749
0.2 0.49 0 0.05173753827260547
0.2 0.5 0 0.027022000288531623
0.21 0.0 0 0.11204297009911116
0.21 0.01 0 0.09332722940305453
0.21 0.02 0 0.0805909139414853
0.21 0.03 0 0.09548807784417902
0.21 0.04 0 0.07537110235072168
0.21 0.05 0 0.055298855501408166
0.21 0.06 0 0.07927319407884796
0.21 0.07 0 0.07026095012183156
0.21 0.08 0 0.03481389221312698
0.21 0.09 0 0.032361939774331806
0.21 0.1 0 0.03648507192607878
0.21 0.11 0 0.03237500006862713
0.21 0.12 0 0.03114067645232336
0.21 0.13 0 0.02724297565734357
0.21 0.14 0 0.028311980923493404
0.21 0.15 0 0.02947488992733888
0.21 0.16 0 0.016292272540951
0.21 0.17 0 0.013563033497355761
0.21 0.18 0 0.02455802182619535
0.21 0.19 0 0.026198823660385874
0.21 0.2 0 0.02282926965759453
0.21 0.21 0 0.03290224181793733
0.21 0.22 0 0.0400356518689295
0.21 0.23 0 0.03861196604961322
0.21 0.24 0 0.0358070639469293
0.21 0.25 0 0.034165517413209966
0.21 0.26 0 0.05335161960022528
0.21 0.27 0 0.0697797903361309
0.21 0.28 0 0.04996682349336443
0.21 0.29 0 0.0645838953514998
0.21 0.3 0 0.1215907428581977
0.21 0.31 0 0.12804811175354835
0.21 0.32 0 0.15147199498764316
0.21 0.33 0 0.23758014861765403
0.21 0.34 0 0.26768400266498976
0.21 0.35000000000000003 0 0.23307066459990872
0.21 0.36 0 0.1465389196987918
0.21 0.37 0 0.0962033213313935
0.21 0.38 0 0.10520438050623218
0.21 0.39 0 0.08273906783325938
0.21 0.4 0 0.04928265867849082
0.21 0.41000000000000003 0 0.054330786839839676
0.21 0.42 0 0.05240176162198923
0.21 0.43 0 0.03017724846758138
0.21 0.44 0 0.023115608360215444
0.21 0.45 0 0.020753957595484138
0.21 0.46 0 0.018746704325051544
0.21 0.47000000000000003 0 0.01976182487619707
0.21 0.48 0 0.018282977655578552
0.21 0.49 0 0.020762984611943626
0.21 0.5 0 0.027040451279918398
0.22 0.0 0 0.04557520403948517
0.22 0.01 0 0.031114701094274083
0.22 0.02 0 0.03110883535822449
0.22 0.03 0 0.045112528177600954
0.22 0.04 0 0.07876963110605803
0.22 0.05 0 0.11028675694774952
0.22 0.06 0 0.09280635209646884
0.22 0.07 0 0.10721681776379981
0.22 0.08 0 0.16197620566022516
0.22 0.09 0 0.12594325504855405
0.22 0.1 0 0.09574879301488423
0.22 0.11 0 0.12006340849449375
0.22 0.12 0 0.11733693511522172
0.22 0.13 0 0.08884645404504869
0.22 0.14 0 0.0713344366969099
0.22 0.15 0 0.06036224259363702
0.22 0.16 0 0.061491694750194
0.22 0.17 0 0.05111568029406638
0.22 0.18 0 0.03735241936209483
0.22 0.19 0 0.052485417143426846
0.22 0.2 0 0.07879840682682777
0.22 0.21 0 0.06744760980052641
0.22 0.22 0 0.0670807975228576
0.22 0.23 0 0.07303916188601527
0.22 0.24 0 0.05512967592282834
0.22 0.25 0 0.04101417202176323
0.22 0.26 0 0.03195857374330358
0.22 0.27 0 0.02702268870307632
0.22 0.28 0 0.025863428963022496
0.22 0.29 0 0.01768769654540209
0.22 0.3 0 0.01285175173299456
0.22 0.31 0 0.015902731484365048
0.22 0.32 0 0.016231465615922803
0.22 0.33 0 0.014305261472850009
0.22 0.34 0 0.01827404591362184
0.22 0.35000000000000003 0 0.01907701523768071
0.22 0.36 0 0.014387250973613751
0.22 0.37 0 0.011723223724349233
0.22 0.38 0 0.009496356983079912
0.22 0.39 0 0.00885241079154105
0.22 0.4 0 0.008415838915326825
0.22 0.41000000000000003 0 0.0062212851697858555
0.22 0.42 0 0.0062603795985358285
0.22 0.43 0 0.00755768327544745
0.22 0.44 0 0.006234469770576129
0.22 0.45 0 0.007023363349531569
0.22 0.46 0 0.012585285547741755
0.22 0.47000000000000003 0 0.016503103750389384
0.22 0.48 0 0.017857948686365355
0.22 0.49 0 0.018998326527144848
0.22 0.5 0 0.01730405685558529
0.23 0.0 0 0.0287640736675023
0.23 0.01 0 0.034784503232958154
0.23 0.02 0 0.031417293881525574
0.23 0.03 0 0.031684802091785404
0.23 0.04 0 0.04143106679923118
0.23 0.05 0 0.05189436342234424
0.23 0.06 0 0.06511268371496379
0.23 0.07 0 0.06171256434273383
0.23 0.08 0 0.05324259456131026
0.23 0.09 0 0.0679796836482388
0.23 0.1 0 0.07345392818820637
0.23 0.11 0 0.06889324303800383
0.23 0.12 0 0.10169046325462053
0.23 0.13 0 0.11529452087431494
0.23 0.14 0 0.07507243083756404
0.23 0.15 0 0.056465490503891
0.23 0.16 0 0.04570037565068904
0.23 0.17 0 0.0388816384906673
0.23 0.18 0 0.04014713709341536
0.23 0.19 0 0.03599742682981423
0.23 0.2 0 0.03531917465631254
0.23 0.21 0 0.035523739298442415
0.23 0.22 0 0.020638078358172468
0.23 0.23 0 0.01411831872207267
0.23 0.24 0 0.015685450957481837
0.23 0.25 0 0.011379835387234796
0.23 0.26 0 0.007222914534566637
0.23 0.27 0 0.00700043545015624
0.23 0.28 0 0.006952447838679181
0.23 0.29 0 0.007299754605034837
0.23 0.3 0 0.007781112393856963
0.23 0.31 0 0.007324531420170526
0.23 0.32 0 0.008522471606332169
0.23 0.33 0 0.0070703559731068386
0.23 0.34 0 0.003426568509873461
0.23 0.35000000000000003 0 0.0031178315294272
0.23 0.36 0 0.004184919685901479
0.23 0.37 0 0.0034156191889040586
0.23 0.38 0 0.003146168280723288
0.23 0.39 0 0.003893729111945672
0.23 0.4 0 0.004243977480302451
0.23 0.41000000000000003 0 0.004563617995754768
0.23 0.42 0 0.004340408453001433
0.23 0.43 0 0.005148351338166546
0.23 0.44 0 0.009834925738761819
0.23 0.45 0 0.010962138483938668
0.23 0.46 0 0.008752432316110365
0.23 0.47000000000000003 0 0.014282437109591853
0.23 0.48 0 0.02066535188078834
0.23 0.49 0 0.016323813772344084
0.23 0.5 0 0.015967787558618975
0.24 0.0 0 0.11971966809952647
0.24 0.01 0 0.08954700876476898
0.24 0.02 0 0.13394812002290982
0.24 0.03 0 0.13441170496605115
0.24 0.04 0 0.09566895110745824
0.24 0.05 0 0.11719641244569083
0.24 0.06 0 0.12170790078264512
0.24 0.07 0 0.09228597417441398
0.24 0.08 0 0.09678565346071519
0.24 0.09 0 0.10862176576823777
0.24 0.1 0 0.13464807148984767
0.24 0.11 0 0.15459448201363232
0.24 0.12 0 0.10315698848556562
0.24 0.13 0 0.09843586395637412
0.24 0.14 0 0.1357670721921329
0.24 0.15 0 0.08682623104486781
0.24 0.16 0 0.054934930262875194
0.24 0.17 0 0.05866490312038838
0.24 0.18 0 0.040265431053749544
0.24 0.19 0 0.022507945378470524
0.24 0.2 0 0.016623909171862565
0.24 0.21 0 0.014366463772292462
0.24 0.22 0 0.017994937106245765
0.24 0.23 0 0.017450803330065275
0.24 0.24 0 0.011069650674887835
0.24 0.25 0 0.014299184469080748
0.24 0.26 0 0.020223486586599854
0.24 0.27 0 0.01387277689070598
0.24 0.28 0 0.015029305498264922
0.24 0.29 0 0.025055329063034273
0.24 0.3 0 0.02681166623512964
0.24 0.31 0 0.02750396276651738
0.24 0.32 0 0.02951258596641049
0.24 0.33 0 0.037309267736314905
0.24 0.34 0 0.06743601418966975
0.24 0.35000000000000003 0 0.06861475243790739
0.24 0.36 0 0.05523612913758633
0.24 0.37 0 0.09220092041194436
0.24 0.38 0 0.1001910854297131
0.24 0.39 0 0.05487898722807563
0.24 0.4 0 0.047809466784916835
0.24 0.41000000000000003 0 0.04123901167958915
0.24 0.42 0 0.025790308797631275
0.24 0.43 0 0.019339959362198185
0.24 0.44 0 0.015036183729989695
0.24 0.45 0 0.01823859270842189
0.24 0.46 0 0.029908583714853897
0.24 0.47000000000000003 0 0.023346796300206037
0.24 0.48 0 0.019905566417294157
0.24 0.49 0 0.03205168689215213
0.24 0.5 0 0.03144841528070282
0.25 0.0 0 0.2627466662651672
0.25 0.01 0 0.2562830304992937
0.25 0.02 0 0.1677884823539967
0.25 0.03 0 0.1400026470466158
0.25 0.04 0 0.13220541963385957
0.25 0.05 0 0.05308759852004765
0.25 0.06 0 0.029636964953857137
0.25 0.07 0 0.04125276509503986
0.25 0.08 0 0.037325160270869656
0.25 0.09 0 0.031478629681081415
0.25 0.1 0 0.04562463902645902
0.25 0.11 0 0.0580153066195508
0.25 0.12 0 0.07103359265587318
0.25 0.13 0 0.07420670213557364
0.25 0.14 0 0.060824506922770145
0.25 0.15 0 0.09486486543204412
0.25 0.16 0 0.13131351604809624
0.25 0.17 0 0.07385642672329068
0.25 0.18 0 0.06446697585335866
0.25 0.19 0 0.07390052074047751
0.25 0.2 0 0.04270032802017174
0.25 0.21 0 0.031019041010769223
0.25 0.22 0 0.03368541616541875
0.25 0.23 0 0.0352795389285146
0.25 0.24 0 0.045957731007498906
0.25 0.25 0 0.042986808642761186
0.25 0.26 0 0.03518569991058382
0.25 0.27 0 0.056012639931308894
0.25 0.28 0 0.061686028551794954
0.25 0.29 0 0.044811737656570254
0.25 0.3 0 0.06864041866777314
0.25 0.31 0 0.09090135473039852
0.25 0.32 0 0.06693271833749707
0.25 0.33 0 0.06626000596205442
0.25 0.34 0 0.06295113958737301
0.25 0.35000000000000003 0 0.05918366016700591
0.25 0.36 0 0.07519825882259627
0.25 0.37 0 0.06439505826952609
0.25 0.38 0 0.058001921893210795
0.25 0.39 0 0.0701687458080154
0.25 0.4 0 0.039661794508117826
0.25 0.41000000000000003 0 0.022084887295041825
0.25 0.42 0 0.025034519796927546
0.25 0.43 0 0.019910428932198295
0.25 0.44 0 0.015113097135758171
0.25 0.45 0 0.01765414893231547
0.25 0.46 0 0.014733679129139856
0.25 0.47000000000000003 0 0.012318438010407013
0.25 0.48 0 0.012097044951322146
0.25 0.49 0 0.009213712758430822
0.25 0.5 0 0.01100194148302048
0.26 0.0 0 0.3436867242936699
0.26 0.01 0 0.4447302663505384
0.26 0.02 0 0.4273316039512642
0.26 0.03 0 0.39042432898871166
0.26 0.04 0 0.2601468341150039
0.26 0.05 0 0.24553780414210688
0.26 0.06 0 0.26260788741982094
0.26 0.07 0 0.19838088015721358
0.26 0.08 0 0.28055142045025727
0.26 0.09 0 0.4463711939992561
0.26 0.1 0 0.2942101604960281
0.26 0.11 0 0.24439932720300958
0.26 0.12 0 0.30089472762249264
0.26 0.13 0 0.2663927650953868
0.26 0.14 0 0.28122347435368017
0.26 0.15 0 0.2812057166776029
0.26 0.16 0 0.1952649334419514
0.26 0.17 0 0.16349739894871806
0.26 0.18 0 0.1026242606785094
0.26 0.19 0 0.05744418730829179
0.26 0.2 0 0.07475311044857205
0.26 0.21 0 0.09253109684313353
0.26 0.22 0 0.0826198742016108
0.26 0.23 0 0.1376729062932398
0.26 0.24 0 0.20387539662468254
0.26 0.25 0 0.1787997571070075
0.26 0.26 0 0.18134019456678566
0.26 0.27 0 0.14107970362065522
0.26 0.28 0 0.09026426734350365
0.26 0.29 0 0.07097284566438725
0.26 0.3 0 0.042504144551738204
0.26 0.31 0 0.03526553331669235
0.26 0.32 0 0.05327986297275544
0.26 0.33 0 0.047299822002692275
0.26 0.34 0 0.042307318214165536
0.26 0.35000000000000003 0 0.0737452012101463
0.26 0.36 0 0.08878869282927694
0.26 0.37 0 0.08689434591294098
0.26 0.38 0 0.11730678019934812
0.26 0.39 0 0.12584863747404607
0.26 0.4 0 0.12295781109678036
0.26 0.41000000000000003 0 0.1011963175438972
0.26 0.42 0 0.05750552163641378
0.26 0.43 0 0.057451748327166596
0.26 0.44 0 0.06876883528575557
0.26 0.45 0 0.04277292421840518
0.26 0.46 0 0.043249676872318524
0.26 0.47000000000000003 0 0.07842582664166234
0.26 0.48 0 0.09086011792583351
0.26 0.49 0 0.1113582613531831
0.26 0.5 0 0.17803823639603328
0.27 0.0 0 0.08202398966280143
0.27 0.01 0 0.09064461322125916
0.27 0.02 0 0.10865867201965206
0.27 0.03 0 0.07497768409069208
0.27 0.04 0 0.07550723612906533
0.27 0.05 0 0.11597155693564562
0.27 0.06 0 0.13423732028107704
0.27 0.07 0 0.15844653868019232
0.27 0.08 0 0.1702032632752262
0.27 0.09 0 0.16128172275488786
0.27 0.1 0 0.20222539779694176
0.27 0.11 0 0.1826362331317154
0.27 0.12 0 0.13494005263683273
0.27 0.13 0 0.17836643343451836
0.27 0.14 0 0.17753729544830374
0.27 0.15 0 0.1054210999673776
0.27 0.16 0 0.09957573034132018
0.27 0.17 0 0.09751996496060343
0.27 0.18 0 0.0628945101112334
0.27 0.19 0 0.03939362577273949
0.27 0.2 0 0.023447443916133858
0.27 0.21 0 0.01861760667101892
0.27 0.22 0 0.019042581987374543
0.27 0.23 0 0.012199815975481719
0.27 0.24 0 0.009379468827822021
0.27 0.25 0 0.01165521037535001
0.27 0.26 0 0.0077001818908318765
0.27 0.27 0 0.004162494574298131
0.27 0.28 0 0.004594919282254854
0.27 0.29 0 0.005912990700322662
0.27 0.3 0 0.0069954954086980286
0.27 0.31 0 0.008363604209813988
0.27 0.32 0 0.01036612075668115
0.27 0.33 0 0.020439733215669574
0.27 0.34 0 0.03755822871814204
0.27 0.35000000000000003 0 0.04196273611393469
0.27 0.36 0 0.0774641555523384
0.27 0.37 0 0.17789956628020837
0.27 0.38 0 0.18521633578746882
0.27 0.39 0 0.18804429641500536
0.27 0.4 0 0.30782805578920464
0.27 0.41000000000000003 0 0.486180673435997
0.27 0.42 0 0.6494090434308951
0.27 0.43 0 0.6230672034253499
0.27 0.44 0 0.5766591075971048
0.27 0.45 0 0.7666168722518736
0.27 0.46 0 0.6891089664163134
0.27 0.47000000000000003 0 0.48348832321217167
0.27 0.48 0 0.6983717087576833
0.27 0.49 0 0.958011363108434
0.27 0.5 0 0.667200072997942
0.28 0.0 0 0.15441536158297792
0.28 0.01 0 0.11648204138701362
0.28 0.02 0 0.1034625300411234
0.28 0.03 0 0.14919704228482386
0.28 0.04 0 0.1308442091431699
0.28 0.05 0 0.07662727137638727
0.28 0.06 0 0.07165723955086374
0.28 0.07 0 0.05718957894738268
0.28 0.08 0 0.026616438527547085
0.28 0.09 0 0.014033301502363404
0.28 0.1 0 0.010632874876300796
0.28 0.11 0 0.01194133774870837
0.28 0.12 0 0.014485412533968
0.28 0.13 0 0.014057723096286997
0.28 0.14 0 0.020893941080198916
0.28 0.15 0 0.03707123832480825
0.28 0.16 0 0.028745001458671194
0.28 0.17 0 0.019596310510837992
0.28 0.18 0 0.02343766686931057
0.28 0.19 0 0.025060976084803652
0.28 0.2 0 0.021247873031076343
0.28 0.21 0 0.018929501213059377
0.28 0.22 0 0.01882732858324692
0.28 0.23 0 0.022154891726107708
0.28 0.24 0 0.019084011234635684
0.28 0.25 0 0.014060623961137554
0.28 0.26 0 0.021331157677019326
0.28 0.27 0 0.03531885687482668
0.28 0.28 0 0.031495681993318425
0.28 0.29 0 0.03402764704808788
0.28 0.3 0 0.05120756977640688
0.28 0.31 0 0.06571200756910468
0.28 0.32 0 0.08225704345213979
0.28 0.33 0 0.10491013488982244
0.28 0.34 0 0.15733955758849036
0.28 0.35000000000000003 0 0.2626405332046242
0.28 0.36 0 0.26966866627395103
0.28 0.37 0 0.2875760086413395
0.28 0.38 0 0.5980883391353115
0.28 0.39 0 1.0284887913191132
0.28 0.4 0 1.2247184852027462
0.28 0.41000000000000003 0 1.7930770599377919
0.28 0.42 0 2.2465530270722387
0.28 0.43 0 2.0815669423352814
0.28 0.44 0 1.807843876867818
0.28 0.45 0 1.473436971993867
0.28 0.46 0 1.5912618589200693
0.28 0.47000000000000003 0 1.8370417697603865
0.28 0.48 0 1.4381024405445815
0.28 0.49 0 1.4803622876020028
0.28 0.5 0 1.9793578746805334
0.29 0.0 0 0.1072933628405581
0.29 0.01 0 0.09215689062398123
0.29 0.02 0 0.07157764779098855
0.29 0.03 0 0.053849555354930766
0.29 0.04 0 0.07037766725660323
0.29 0.05 0 0.08288068108995554
0.29 0.06 0 0.042156051375680924
0.29 0.07 0 0.025582387447529432
0.29 0.08 0 0.024188133722151024
0.29 0.09 0 0.0177274711664406
0.29 0.1 0 0.014438653560699606
0.29 0.11 0 0.01631318892679324
0.29 0.12 0 0.02025301259014736
0.29 0.13 0 0.026970436523948805
0.29 0.14 0 0.024873214808941196
0.29 0.15 0 0.02029343156487042
0.29 0.16 0 0.027324092088399702
0.29 0.17 0 0.028655349218617426
0.29 0.18 0 0.021088771252677028
0.29 0.19 0 0.027563695118347907
0.29 0.2 0 0.040453539271183496
0.29 0.21 0 0.04315637740882275
0.29 0.22 0 0.05422618422914266
0.29 0.23 0 0.07034640709100641
0.29 0.24 0 0.09857233489952592
0.29 0.25 0 0.16812698435099438
0.29 0.26 0 0.22530536293101525
0.29 0.27 0 0.3578064169458559
0.29 0.28 0 0.7390993554224933
0.29 0.29 0 0.809122271035879
0.29 0.3 0 0.7626919577791988
0.29 0.31 0 1.094740331740167
0.29 0.32 0 1.161293683357008
0.29 0.33 0 1.1123403504176186
0.29 0.34 0 1.402056442659385
0.29 0.35000000000000003 0 1.4235068761099083
0.29 0.36 0 1.3102428569866593
0.29 0.37 0 1.0579222478963486
0.29 0.38 0 0.6484231130543022
0.29 0.39 0 0.6080017031998064
0.29 0.4 0 0.6324569420711108
0.29 0.41000000000000003 0 0.4252541997246816
0.29 0.42 0 0.44963651250767256
0.29 0.43 0 0.6141211204566688
0.29 0.44 0 0.47960889095587617
0.29 0.45 0 0.4319614311560498
0.29 0.46 0 0.5468016386411764
0.29 0.47000000000000003 0 0.6382105446384062
0.29 0.48 0 0.8122593233678079
0.29 0.49 0 0.8236727637072103
0.29 0.5 0 0.7552355735882075
0.3 0.0 0 0.03358434893619878
0.3 0.01 0 0.04599980642426691
0.3 0.02 0 0.04995567417947393
0.3 0.03 0 0.06310280969754499
0.3 0.04 0 0.07373185533135018
0.3 0.05 0 0.07530540488632008
0.3 0.06 0 0.10186789707330123
0.3 0.07 0 0.08951440588194079
0.3 0.08 0 0.05890467204225552
0.3 0.09 0 0.06999997617659541
0.3 0.1 0 0.06916087967190382
0.3 0.11 0 0.052961774972676796
0.3 0.12 0 0.07497580263582837
0.3 0.13 0 0.09512038721667372
0.3 0.14 0 0.08003621012812992
0.3 0.15 0 0.0802736391144113
0.3 0.16 0 0.07648460475038306
0.3 0.17 0 0.09500309174364117
0.3 0.18 0 0.1734003008203537
0.3 0.19 0 0.20884145626826214
0.3 0.2 0 0.27680318628295253
0.3 0.21 0 0.4637840791282702
0.3 0.22 0 0.3393034502321234
0.3 0.23 0 0.23820757268137915
0.3 0.24 0 0.34397279612223447
0.3 0.25 0 0.39302320591632217
0.3 0.26 0 0.3813854861098994
0.3 0.27 0 0.4190549337599856
0.3 0.28 0 0.3662382478418197
0.3 0.29 0 0.3836846954111955
0.3 0.3 0 0.3671987468480079
0.3 0.31 0 0.24434956833805588
0.3 0.32 0 0.32731852208860973
0.3 0.33 0 0.5189830268723095
0.3 0.34 0 0.3725608967732832
0.3 0.35000000000000003 0 0.39501509088387654
0.3 0.36 0 0.692440564290959
0.3 0.37 0 0.7598880212587948
0.3 0.38 0 0.7609422155267467
0.3 0.39 0 0.7287222926652639
0.3 0.4 0 0.6351678559369194
0.3 0.41000000000000003 0 0.7284151303465972
0.3 0.42 0 0.5315841649178658
0.3 0.43 0 0.32587933950237724
0.3 0.44 0 0.4907096461551702
0.3 0.45 0 0.5913354551239454
0.3 0.46 0 0.38822537978531796
0.3 0.47000000000000003 0 0.531552577541622
0.3 0.48 0 1.0091115638343746
0.3 0.49 0 1.4340785362651858
0.3 0.5 0 2.205042406176816
#STOP
