#MEDIUM_PROPERTIES_DISTRIBUTED
$MSH_TYPE
	 RICHARDS_FLOW	
$MMP_TYPE
	 PERMEABILITY	
$DIS_TYPE
	 NEAREST_VALUE	
;hj
$CONVERSION_FACTOR
	 2.0e-8	
$DATA
0.0 0.0 0 0.025379799780103997
0.0 0.01 0 0.03359352346626831
0.0 0.02 0 0.015179178020455333
0.0 0.03 0 0.02316467682113061
0.0 0.04 0 0.01338503721663244
0.0 0.05 0 0.01117542364615085
0.0 0.06 0 0.00840489184966471
0.0 0.07 0 0.012440218845835032
0.0 0.08 0 0.009572777044997816
0.0 0.09 0 0.015754181867858298
0.0 0.1 0 0.022060665323663835
0.0 0.11 0 0.027969439788435527
0.0 0.12 0 0.03261490299082329
0.0 0.13 0 0.032917808591766504
0.0 0.14 0 0.04344350482937277
0.0 0.15 0 0.0393699130088042
0.0 0.16 0 0.04147584605102266
0.0 0.17 0 0.023679682763194262
0.0 0.18 0 0.027431318861630125
0.0 0.19 0 0.021978391304217706
0.0 0.2 0 0.04690650993668183
0.0 0.21 0 0.02747162954785673
0.0 0.22 0 0.02746894735237914
0.0 0.23 0 0.02113869005954304
0.0 0.24 0 0.031451932175992875
0.0 0.25 0 0.01784905289101871
0.0 0.26 0 0.023543824744236736
0.0 0.27 0 0.010722805224434518
0.0 0.28 0 0.007030648982230466
0.0 0.29 0 0.0066963148581991394
0.0 0.3 0 0.007629784877458983
0.0 0.31 0 0.00445871590976525
0.0 0.32 0 0.00443191614292367
0.0 0.33 0 0.006958449885593014
0.0 0.34 0 0.00960393362786814
0.0 0.35000000000000003 0 0.018598965473594197
0.0 0.36 0 0.016362069833029454
0.0 0.37 0 0.01693048376118505
0.0 0.38 0 0.010895898928876538
0.0 0.39 0 0.01629150219583757
0.0 0.4 0 0.012559681754435115
0.0 0.41000000000000003 0 0.015973960782089743
0.0 0.42 0 0.00744276039632262
0.0 0.43 0 0.008625013808844933
0.0 0.44 0 0.0043013481603791535
0.0 0.45 0 0.00473710177036581
0.0 0.46 0 0.003704037936429361
0.0 0.47000000000000003 0 0.004502473087612593
0.0 0.48 0 0.003407126008631659
0.0 0.49 0 0.006338944736802921
0.0 0.5 0 0.0057058871910522
0.01 0.0 0 0.04385649866263011
0.01 0.01 0 0.057011667122263375
0.01 0.02 0 0.07591752902127083
0.01 0.03 0 0.046043180236273955
0.01 0.04 0 0.034463344033970895
0.01 0.05 0 0.027113290617547643
0.01 0.06 0 0.01989227708849512
0.01 0.07 0 0.026782424619334243
0.01 0.08 0 0.015119698617212959
0.01 0.09 0 0.012902014607672459
0.01 0.1 0 0.015514275447465036
0.01 0.11 0 0.03809736297513539
0.01 0.12 0 0.027941097624632705
0.01 0.13 0 0.04441625164684395
0.01 0.14 0 0.025870338194349113
0.01 0.15 0 0.028776273847244564
0.01 0.16 0 0.020973380700299995
0.01 0.17 0 0.030239589604169198
0.01 0.18 0 0.01680812501655778
0.01 0.19 0 0.018897091325090536
0.01 0.2 0 0.01404987528164408
0.01 0.21 0 0.015078230750641627
0.01 0.22 0 0.008577314246723214
0.01 0.23 0 0.006402068905037967
0.01 0.24 0 0.005638985592660479
0.01 0.25 0 0.0035159057773741474
0.01 0.26 0 0.002253080437353289
0.01 0.27 0 0.0021381766541483157
0.01 0.28 0 0.003204161403941199
0.01 0.29 0 0.0027236433953714842
0.01 0.3 0 0.0049489096835993755
0.01 0.31 0 0.0034865868739471944
0.01 0.32 0 0.005285221878538632
0.01 0.33 0 0.007389834748780982
0.01 0.34 0 0.015555556159169691
0.01 0.35000000000000003 0 0.008694350012526594
0.01 0.36 0 0.014352126931171305
0.01 0.37 0 0.011238192495877996
0.01 0.38 0 0.016006568684854096
0.01 0.39 0 0.01337571071446004
0.01 0.4 0 0.013275279835021402
0.01 0.41000000000000003 0 0.00711836865982044
0.01 0.42 0 0.010056094781204998
0.01 0.43 0 0.013590371275596869
0.01 0.44 0 0.014578064690470604
0.01 0.45 0 0.01074231021675878
0.01 0.46 0 0.008668028750764317
0.01 0.47000000000000003 0 0.013245013651092373
0.01 0.48 0 0.01292393562657756
0.01 0.49 0 0.01582050211706732
0.01 0.5 0 0.011338947888250255
0.02 0.0 0 0.09969958038279828
0.02 0.01 0 0.09237467631178423
0.02 0.02 0 0.12214707100258378
0.02 0.03 0 0.07024164644109042
0.02 0.04 0 0.10101751179416456
0.02 0.05 0 0.10037338063606613
0.02 0.06 0 0.139324349701416
0.02 0.07 0 0.05634901506140008
0.02 0.08 0 0.060072729295594325
0.02 0.09 0 0.030787688560604674
0.02 0.1 0 0.04556139648652216
0.02 0.11 0 0.05549314306879791
0.02 0.12 0 0.05621558662480722
0.02 0.13 0 0.02250337013621438
0.02 0.14 0 0.02946502431249064
0.02 0.15 0 0.030304467379059476
0.02 0.16 0 0.02135370430152983
0.02 0.17 0 0.0154303098936181
0.02 0.18 0 0.011440925525394517
0.02 0.19 0 0.014162826815965888
0.02 0.2 0 0.01981927434224673
0.02 0.21 0 0.03026904741998009
0.02 0.22 0 0.02004475782299274
0.02 0.23 0 0.034448556301181744
0.02 0.24 0 0.03975178919267722
0.02 0.25 0 0.08429816923566456
0.02 0.26 0 0.05441494501522732
0.02 0.27 0 0.0574273198104821
0.02 0.28 0 0.030376342928553297
0.02 0.29 0 0.03351136185174355
0.02 0.3 0 0.019162477550250648
0.02 0.31 0 0.026834405652427503
0.02 0.32 0 0.017023058562989298
0.02 0.33 0 0.0216626387153166
0.02 0.34 0 0.02832076971928787
0.02 0.35000000000000003 0 0.03340687620247608
0.02 0.36 0 0.030395589111333412
0.02 0.37 0 0.05214107914603304
0.02 0.38 0 0.05504694846033868
0.02 0.39 0 0.02834416690300202
0.02 0.4 0 0.030348770741430955
0.02 0.41000000000000003 0 0.02412084767658702
0.02 0.42 0 0.02875563874485608
0.02 0.43 0 0.023683592163861997
0.02 0.44 0 0.029639928728507844
0.02 0.45 0 0.01715165385529148
0.02 0.46 0 0.032425788531326605
0.02 0.47000000000000003 0 0.02763723582123054
0.02 0.48 0 0.03713785129401705
0.02 0.49 0 0.0193829435762312
0.02 0.5 0 0.022489740584987577
0.03 0.0 0 0.21134232619430302
0.03 0.01 0 0.3834296972399105
0.03 0.02 0 0.33254149647342884
0.03 0.03 0 0.38656241768909705
0.03 0.04 0 0.24916773856875687
0.03 0.05 0 0.3480312977439267
0.03 0.06 0 0.34922300916371046
0.03 0.07 0 0.3760717820621469
0.03 0.08 0 0.30229416779004725
0.03 0.09 0 0.37497772414642244
0.03 0.1 0 0.4962559726862793
0.03 0.11 0 0.5814321558062849
0.03 0.12 0 1.1332407386143055
0.03 0.13 0 1.1505083046028168
0.03 0.14 0 1.5808040693516738
0.03 0.15 0 1.220666833054705
0.03 0.16 0 0.8929367193520183
0.03 0.17 0 0.29819589682037345
0.03 0.18 0 0.49313663475614145
0.03 0.19 0 0.37950057200275034
0.03 0.2 0 0.5212166429925541
0.03 0.21 0 0.4366508190621652
0.03 0.22 0 0.677529263472732
0.03 0.23 0 0.6134883815334694
0.03 0.24 0 1.6612385565789065
0.03 0.25 0 1.3963726350779946
0.03 0.26 0 0.8810628771863965
0.03 0.27 0 0.48623464738448297
0.03 0.28 0 0.46392545686832665
0.03 0.29 0 0.33694988048672436
0.03 0.3 0 0.18258482282949365
0.03 0.31 0 0.11689640218375069
0.03 0.32 0 0.09654323523682166
0.03 0.33 0 0.13972816076380545
0.03 0.34 0 0.13126965740844637
0.03 0.35000000000000003 0 0.20727123471597095
0.03 0.36 0 0.12389108184794155
0.03 0.37 0 0.17506453354171536
0.03 0.38 0 0.19299235745235338
0.03 0.39 0 0.28967730139234027
0.03 0.4 0 0.1343682291882396
0.03 0.41000000000000003 0 0.17051437314489445
0.03 0.42 0 0.07920983844351712
0.03 0.43 0 0.0778297811681687
0.03 0.44 0 0.06179331070555651
0.03 0.45 0 0.06128120554810835
0.03 0.46 0 0.031807038235327
0.03 0.47000000000000003 0 0.03596656328199214
0.03 0.48 0 0.02322846354180217
0.03 0.49 0 0.015902628412778647
0.03 0.5 0 0.0168664443224356
0.04 0.0 0 0.42664466591006805
0.04 0.01 0 0.39667847721595256
0.04 0.02 0 0.3554630492208619
0.04 0.03 0 0.20871215681740957
0.04 0.04 0 0.10392802538619207
0.04 0.05 0 0.16280404152186395
0.04 0.06 0 0.17715417321570948
0.04 0.07 0 0.24456007640156993
0.04 0.08 0 0.19745314984183407
0.04 0.09 0 0.3475659210364789
0.04 0.1 0 0.336300233502046
0.04 0.11 0 0.7250536445439262
0.04 0.12 0 0.5858718394354071
0.04 0.13 0 0.9501906043509345
0.04 0.14 0 0.7636703497681885
0.04 0.15 0 1.6789871437630595
0.04 0.16 0 2.000990592697062
0.04 0.17 0 2.350557625288373
0.04 0.18 0 1.6689707360906756
0.04 0.19 0 2.9967285731486655
0.04 0.2 0 2.8632045515315694
0.04 0.21 0 2.7919538897742107
0.04 0.22 0 3.8498899110130127
0.04 0.23 0 3.4500302421358833
0.04 0.24 0 2.9625072541564097
0.04 0.25 0 2.813124503633862
0.04 0.26 0 3.32640585977746
0.04 0.27 0 2.28197721397345
0.04 0.28 0 4.202886184457361
0.04 0.29 0 2.908606126923972
0.04 0.3 0 3.1411193196710014
0.04 0.31 0 2.192003974065349
0.04 0.32 0 3.5658800136206468
0.04 0.33 0 2.2673344096177552
0.04 0.34 0 2.4027143618693105
0.04 0.35000000000000003 0 0.853204535753324
0.04 0.36 0 0.6320149985921436
0.04 0.37 0 0.3323468893433619
0.04 0.38 0 0.32541578090501494
0.04 0.39 0 0.1768865724162463
0.04 0.4 0 0.11291659979656787
0.04 0.41000000000000003 0 0.10803537751599454
0.04 0.42 0 0.2273802553288545
0.04 0.43 0 0.31218084967898
0.04 0.44 0 0.26404204632659667
0.04 0.45 0 0.3512237663543153
0.04 0.46 0 0.22246877218887234
0.04 0.47000000000000003 0 0.21343672331330774
0.04 0.48 0 0.14439165452970615
0.04 0.49 0 0.09806643052607224
0.04 0.5 0 0.03115673588569823
0.05 0.0 0 1.1568145260731308
0.05 0.01 0 0.8975523565862904
0.05 0.02 0 1.336262223812165
0.05 0.03 0 1.3511874473761376
0.05 0.04 0 1.9112371693825867
0.05 0.05 0 1.0992805605742568
0.05 0.06 0 2.212924432387256
0.05 0.07 0 1.592884640725815
0.05 0.08 0 2.1397725451028085
0.05 0.09 0 2.599855415287278
0.05 0.1 0 3.5996017633865667
0.05 0.11 0 1.5366447659248867
0.05 0.12 0 0.9158281011524059
0.05 0.13 0 0.5833303000905729
0.05 0.14 0 0.6248684960970118
0.05 0.15 0 0.8240930314989519
0.05 0.16 0 0.7492137940116351
0.05 0.17 0 0.734457083065187
0.05 0.18 0 0.5336387708239797
0.05 0.19 0 0.8734679050128734
0.05 0.2 0 0.9909127891422979
0.05 0.21 0 1.3617403908182526
0.05 0.22 0 0.8982681775709257
0.05 0.23 0 2.0121216599251786
0.05 0.24 0 1.6951177653479577
0.05 0.25 0 2.3236011506097944
0.05 0.26 0 1.3195239242217869
0.05 0.27 0 1.0883917245156418
0.05 0.28 0 0.6777219028225067
0.05 0.29 0 1.5618187818545037
0.05 0.3 0 1.1082148033397516
0.05 0.31 0 0.878672960172464
0.05 0.32 0 0.7599420361801901
0.05 0.33 0 0.7199714431750913
0.05 0.34 0 0.4992882586312246
0.05 0.35000000000000003 0 0.47979416916949624
0.05 0.36 0 0.4367818251315571
0.05 0.37 0 0.2692117341795856
0.05 0.38 0 0.25270752599680346
0.05 0.39 0 0.13772356693417112
0.05 0.4 0 0.1237447414125728
0.05 0.41000000000000003 0 0.07324849195741893
0.05 0.42 0 0.11100505376995533
0.05 0.43 0 0.08554793990736614
0.05 0.44 0 0.11086131137529794
0.05 0.45 0 0.0834275346661774
0.05 0.46 0 0.2138200594012842
0.05 0.47000000000000003 0 0.16940275892951936
0.05 0.48 0 0.19386775273128481
0.05 0.49 0 0.1351838599427369
0.05 0.5 0 0.16372666301836933
0.06 0.0 0 0.13772449900268566
0.06 0.01 0 0.3581209509775274
0.06 0.02 0 0.40467233992205015
0.06 0.03 0 0.6010999438615181
0.06 0.04 0 0.6687376626919478
0.06 0.05 0 0.6866312844447888
0.06 0.06 0 0.6929424295411636
0.06 0.07 0 1.2464892280088113
0.06 0.08 0 1.8039358376047356
0.06 0.09 0 1.9929191332073095
0.06 0.1 0 4.108450864211553
0.06 0.11 0 3.0571064461130395
0.06 0.12 0 2.5561811814428808
0.06 0.13 0 1.5472483429709765
0.06 0.14 0 1.6913088163706818
0.06 0.15 0 1.0102800871493984
0.06 0.16 0 1.8309842831792067
0.06 0.17 0 1.103708383500813
0.06 0.18 0 1.0945739902786236
0.06 0.19 0 0.48846306171534093
0.06 0.2 0 0.3308879101039009
0.06 0.21 0 0.11028184019527781
0.06 0.22 0 0.11426311027553877
0.06 0.23 0 0.129548451730911
0.06 0.24 0 0.2233091180917567
0.06 0.25 0 0.15897407365505573
0.06 0.26 0 0.1503497811578025
0.06 0.27 0 0.24681337617828883
0.06 0.28 0 0.37943327110406205
0.06 0.29 0 0.6089160176376188
0.06 0.3 0 0.6048966490747899
0.06 0.31 0 0.4259625829120094
0.06 0.32 0 0.19568085619339506
0.06 0.33 0 0.2546997296231681
0.06 0.34 0 0.0919816383646036
0.06 0.35000000000000003 0 0.055032277048138185
0.06 0.36 0 0.03363211141955526
0.06 0.37 0 0.05645457643474475
0.06 0.38 0 0.03973681890584661
0.06 0.39 0 0.04968076957735051
0.06 0.4 0 0.01719703750839679
0.06 0.41000000000000003 0 0.01513743641005713
0.06 0.42 0 0.015184698133678547
0.06 0.43 0 0.026467170161796744
0.06 0.44 0 0.02389070092191307
0.06 0.45 0 0.032120035086708465
0.06 0.46 0 0.0345757305502418
0.06 0.47000000000000003 0 0.036744969251624335
0.06 0.48 0 0.032027272525498876
0.06 0.49 0 0.027728474961053913
0.06 0.5 0 0.037699705657814886
0.07 0.0 0 1.711598892416607
0.07 0.01 0 1.692380870682919
0.07 0.02 0 1.2027661627824755
0.07 0.03 0 1.3433856383499427
0.07 0.04 0 1.1680092391898926
0.07 0.05 0 2.0284456065143015
0.07 0.06 0 1.2581808239068575
0.07 0.07 0 1.4478681310729862
0.07 0.08 0 1.1422376615199055
0.07 0.09 0 2.2170562054150156
0.07 0.1 0 2.393205510369378
0.07 0.11 0 4.54499021694977
0.07 0.12 0 1.5396487808444066
0.07 0.13 0 1.1317403194309348
0.07 0.14 0 1.0433311205658655
0.07 0.15 0 1.4838485681620621
0.07 0.16 0 1.2977516855069111
0.07 0.17 0 2.309058392717958
0.07 0.18 0 2.0970825384887406
0.07 0.19 0 1.691333946984232
0.07 0.2 0 1.681743946689744
0.07 0.21 0 1.1204439655634497
0.07 0.22 0 0.890576101951182
0.07 0.23 0 0.7305577073518816
0.07 0.24 0 0.9078752646195256
0.07 0.25 0 0.5035710233965022
0.07 0.26 0 0.45066819417351434
0.07 0.27 0 0.22128883639646563
0.07 0.28 0 0.29860488905297794
0.07 0.29 0 0.1995969005140897
0.07 0.3 0 0.3586206460197948
0.07 0.31 0 0.3742143810707094
0.07 0.32 0 0.5768944565976147
0.07 0.33 0 0.3056930487791631
0.07 0.34 0 0.2546182422570226
0.07 0.35000000000000003 0 0.0965178671749906
0.07 0.36 0 0.1194687601738642
0.07 0.37 0 0.17874701473972007
0.07 0.38 0 0.16487145670012768
0.07 0.39 0 0.09567159893924307
0.07 0.4 0 0.09394096107303307
0.07 0.41000000000000003 0 0.0944191324603544
0.07 0.42 0 0.0924225785257938
0.07 0.43 0 0.16450551570913152
0.07 0.44 0 0.12108838800331666
0.07 0.45 0 0.151915218774
0.07 0.46 0 0.1662652788380535
0.07 0.47000000000000003 0 0.2371395838858198
0.07 0.48 0 0.08947100689677143
0.07 0.49 0 0.07776956568200394
0.07 0.5 0 0.05031325827448189
0.08 0.0 0 0.28392713534162484
0.08 0.01 0 0.1755452823366066
0.08 0.02 0 0.21767155528352813
0.08 0.03 0 0.1330225513286308
0.08 0.04 0 0.2294323952700781
0.08 0.05 0 0.14930874186328813
0.08 0.06 0 0.1553552745751599
0.08 0.07 0 0.12694544171771982
0.08 0.08 0 0.2840145395948799
0.08 0.09 0 0.4728127412678436
0.08 0.1 0 0.6870965057689076
0.08 0.11 0 0.7352980952572329
0.08 0.12 0 0.909848572125157
0.08 0.13 0 0.87033958607408
0.08 0.14 0 0.7040328326625789
0.08 0.15 0 0.9106740772675156
0.08 0.16 0 0.5858275028765482
0.08 0.17 0 0.9903585368368437
0.08 0.18 0 1.899225361231339
0.08 0.19 0 4.498603602910008
0.08 0.2 0 3.4442635307741507
0.08 0.21 0 5.884780200563528
0.08 0.22 0 3.474252161242175
0.08 0.23 0 5.510409621200239
0.08 0.24 0 4.887191167693912
0.08 0.25 0 4.152831539884068
0.08 0.26 0 1.351923575360847
0.08 0.27 0 1.3420520120345927
0.08 0.28 0 0.931496259155417
0.08 0.29 0 1.1755284125562795
0.08 0.3 0 1.4361699432066406
0.08 0.31 0 2.2252462844819423
0.08 0.32 0 2.922030833156219
0.08 0.33 0 3.2956020503861536
0.08 0.34 0 3.9375043108103833
0.08 0.35000000000000003 0 3.0629560809528606
0.08 0.36 0 2.7540679500337855
0.08 0.37 0 2.164180041222415
0.08 0.38 0 3.7781466478021906
0.08 0.39 0 1.9546808132941982
0.08 0.4 0 1.9239851118931366
0.08 0.41000000000000003 0 1.1190578601378456
0.08 0.42 0 0.9165934375497415
0.08 0.43 0 0.41219448017884025
0.08 0.44 0 0.760516747215265
0.08 0.45 0 0.57014904691616
0.08 0.46 0 0.8029800103671725
0.08 0.47000000000000003 0 0.5611623534546368
0.08 0.48 0 0.37401077085644063
0.08 0.49 0 0.19538049706906097
0.08 0.5 0 0.2916219820800988
0.09 0.0 0 0.14729594796384898
0.09 0.01 0 0.17691108017550877
0.09 0.02 0 0.2011786694372327
0.09 0.03 0 0.1722035787127934
0.09 0.04 0 0.11391831668059231
0.09 0.05 0 0.10941481618048329
0.09 0.06 0 0.1032420249015779
0.09 0.07 0 0.07118190377328226
0.09 0.08 0 0.08274897586292486
0.09 0.09 0 0.05225037052232464
0.09 0.1 0 0.06541942407962241
0.09 0.11 0 0.05927293173045003
0.09 0.12 0 0.11286126826572582
0.09 0.13 0 0.09571193363190256
0.09 0.14 0 0.15961266821273948
0.09 0.15 0 0.13723561938333118
0.09 0.16 0 0.3185958333510753
0.09 0.17 0 0.32358912470931467
0.09 0.18 0 0.7296563171822653
0.09 0.19 0 0.8607863791048814
0.09 0.2 0 1.2662110033861098
0.09 0.21 0 1.6540342793488272
0.09 0.22 0 4.157434964223435
0.09 0.23 0 3.9968472076057378
0.09 0.24 0 3.9570035529180747
0.09 0.25 0 5.10172437732091
0.09 0.26 0 3.7992515627811
0.09 0.27 0 3.5705955994511753
0.09 0.28 0 3.067569196501408
0.09 0.29 0 2.2389448148056585
0.09 0.3 0 0.8809412210195267
0.09 0.31 0 1.2234544236650298
0.09 0.32 0 0.9855281271747617
0.09 0.33 0 1.4426006948140029
0.09 0.34 0 0.805165897696488
0.09 0.35000000000000003 0 0.809846814669459
0.09 0.36 0 0.5017458606102176
0.09 0.37 0 0.9704908042855248
0.09 0.38 0 0.9543418271598084
0.09 0.39 0 1.5656138689477357
0.09 0.4 0 1.2254305257685338
0.09 0.41000000000000003 0 2.073018954792876
0.09 0.42 0 2.644834692228721
0.09 0.43 0 2.702191787102715
0.09 0.44 0 2.006084477531891
0.09 0.45 0 1.7110960928484737
0.09 0.46 0 1.2124297616111863
0.09 0.47000000000000003 0 0.9412299584178606
0.09 0.48 0 1.0431989283073084
0.09 0.49 0 0.38954531316201957
0.09 0.5 0 0.319229481959044
0.1 0.0 0 0.05366904598481676
0.1 0.01 0 0.0428566614297483
0.1 0.02 0 0.025318680560285963
0.1 0.03 0 0.043523903104288615
0.1 0.04 0 0.026580831383345604
0.1 0.05 0 0.03423732553918437
0.1 0.06 0 0.02683559130879631
0.1 0.07 0 0.036304418756655334
0.1 0.08 0 0.03337587007591766
0.1 0.09 0 0.10484038592827086
0.1 0.1 0 0.0937244271946057
0.1 0.11 0 0.14587210568390174
0.1 0.12 0 0.18728852098653093
0.1 0.13 0 0.35082591795394974
0.1 0.14 0 0.39834351852383687
0.1 0.15 0 0.6331894951763896
0.1 0.16 0 0.5730501867453105
0.1 0.17 0 0.4199104241157409
0.1 0.18 0 0.3706371671289813
0.1 0.19 0 0.41615305939133734
0.1 0.2 0 0.7107449961617063
0.1 0.21 0 0.5694584805777954
0.1 0.22 0 0.7063307778129129
0.1 0.23 0 0.5045463982178618
0.1 0.24 0 0.47723201306552065
0.1 0.25 0 0.2511992413809228
0.1 0.26 0 0.3590360343460177
0.1 0.27 0 0.17185336018533587
0.1 0.28 0 0.2365345679725288
0.1 0.29 0 0.22373760085221464
0.1 0.3 0 0.3220827656140932
0.1 0.31 0 0.28472951974752625
0.1 0.32 0 0.6350889615698181
0.1 0.33 0 0.529845733322945
0.1 0.34 0 0.7655905019320799
0.1 0.35000000000000003 0 1.0615728215879907
0.1 0.36 0 1.1127437945147745
0.1 0.37 0 0.8064301627830656
0.1 0.38 0 0.629508902976148
0.1 0.39 0 0.5025885081511203
0.1 0.4 0 0.4258332989145584
0.1 0.41000000000000003 0 0.8047542205368365
0.1 0.42 0 0.7945102434807667
0.1 0.43 0 0.7953890326549373
0.1 0.44 0 0.33974101496349746
0.1 0.45 0 0.46531135710178545
0.1 0.46 0 0.3835560332260435
0.1 0.47000000000000003 0 0.4088649251663003
0.1 0.48 0 0.1782678587005475
0.1 0.49 0 0.2131397455128121
0.1 0.5 0 0.11239589891975592
0.11 0.0 0 0.1253681633399919
0.11 0.01 0 0.07022036682933501
0.11 0.02 0 0.08216288619388185
0.11 0.03 0 0.05802304560603213
0.11 0.04 0 0.06842506823053013
0.11 0.05 0 0.03256365198076823
0.11 0.06 0 0.046268421221107164
0.11 0.07 0 0.08973871416401873
0.11 0.08 0 0.14465070616748227
0.11 0.09 0 0.1842802316054419
0.11 0.1 0 0.25622581865867167
0.11 0.11 0 0.25325167706423857
0.11 0.12 0 0.24784624435042474
0.11 0.13 0 0.48315876847737615
0.11 0.14 0 0.31542468827195513
0.11 0.15 0 0.28732238497533863
0.11 0.16 0 0.19511812712285972
0.11 0.17 0 0.24818378827915483
0.11 0.18 0 0.1601149186541083
0.11 0.19 0 0.24016944131397186
0.11 0.2 0 0.1373552758789362
0.11 0.21 0 0.21746864184446804
0.11 0.22 0 0.22159081166199543
0.11 0.23 0 0.3948905911078477
0.11 0.24 0 0.25878596445615765
0.11 0.25 0 0.24697678362695408
0.11 0.26 0 0.19702481851301742
0.11 0.27 0 0.32700562436117564
0.11 0.28 0 0.3777277520672543
0.11 0.29 0 0.530210125497642
0.11 0.3 0 0.5809149222488725
0.11 0.31 0 0.3719928643992422
0.11 0.32 0 0.4698772439108786
0.11 0.33 0 0.6286989767672361
0.11 0.34 0 0.717838567769177
0.11 0.35000000000000003 0 0.5138412651486773
0.11 0.36 0 0.839768581326438
0.11 0.37 0 0.38479569847954803
0.11 0.38 0 0.37232448995158907
0.11 0.39 0 0.26906986170227704
0.11 0.4 0 0.40782064744335883
0.11 0.41000000000000003 0 0.37292387683179223
0.11 0.42 0 0.9955632050526951
0.11 0.43 0 0.9110897628049255
0.11 0.44 0 1.264812806449204
0.11 0.45 0 0.7896261771545557
0.11 0.46 0 0.5743845978798964
0.11 0.47000000000000003 0 0.26724111418413826
0.11 0.48 0 0.22110106799398604
0.11 0.49 0 0.2144097332194137
0.11 0.5 0 0.2471137640577726
0.12 0.0 0 0.1317679871889475
0.12 0.01 0 0.1297367188739703
0.12 0.02 0 0.10773794577614307
0.12 0.03 0 0.10096923183749815
0.12 0.04 0 0.13709366116437754
0.12 0.05 0 0.1359586048977985
0.12 0.06 0 0.1648548772080375
0.12 0.07 0 0.13275723348869423
0.12 0.08 0 0.2070537126996648
0.12 0.09 0 0.12147424101427569
0.12 0.1 0 0.17829303359839743
0.12 0.11 0 0.1598799570165793
0.12 0.12 0 0.24176768564655926
0.12 0.13 0 0.19477637664255673
0.12 0.14 0 0.37537726558171186
0.12 0.15 0 0.24810131029830917
0.12 0.16 0 0.47249363458770893
0.12 0.17 0 0.5760406824444008
0.12 0.18 0 0.5750995674373303
0.12 0.19 0 0.4435424654074045
0.12 0.2 0 0.8974422069832637
0.12 0.21 0 1.2075696206332245
0.12 0.22 0 1.5288379649464656
0.12 0.23 0 1.781733606441828
0.12 0.24 0 1.1274333294447028
0.12 0.25 0 1.0347097253222035
0.12 0.26 0 0.994702818743294
0.12 0.27 0 1.4676634942656583
0.12 0.28 0 0.9055832989265725
0.12 0.29 0 0.9674421229615764
0.12 0.3 0 0.7101798964129974
0.12 0.31 0 1.2965351885250438
0.12 0.32 0 0.7632975160159134
0.12 0.33 0 1.026394473709664
0.12 0.34 0 0.8383085746712173
0.12 0.35000000000000003 0 1.5024280962770895
0.12 0.36 0 1.9202661815999618
0.12 0.37 0 4.199210966991748
0.12 0.38 0 2.462046410950337
0.12 0.39 0 2.574209685453541
0.12 0.4 0 2.750743369357495
0.12 0.41000000000000003 0 3.0276418894727914
0.12 0.42 0 3.594741308923384
0.12 0.43 0 3.978695721685148
0.12 0.44 0 2.27854179835645
0.12 0.45 0 1.1350840714141157
0.12 0.46 0 1.2006073985611452
0.12 0.47000000000000003 0 0.6456839685716321
0.12 0.48 0 0.7127537490338607
0.12 0.49 0 0.6178468536769172
0.12 0.5 0 0.9241850366423265
0.13 0.0 0 0.16561229951831338
0.13 0.01 0 0.22585307771925717
0.13 0.02 0 0.16292660761212627
0.13 0.03 0 0.3683296004200656
0.13 0.04 0 0.38142746709308273
0.13 0.05 0 0.44675641867904314
0.13 0.06 0 0.23850392797537115
0.13 0.07 0 0.39807554256430416
0.13 0.08 0 0.28277433864223445
0.13 0.09 0 0.24912790016276393
0.13 0.1 0 0.10921899661296348
0.13 0.11 0 0.11795666023334586
0.13 0.12 0 0.13372965302480957
0.13 0.13 0 0.1954967400200335
0.13 0.14 0 0.282914292812955
0.13 0.15 0 0.37461091488142284
0.13 0.16 0 0.3794930001273064
0.13 0.17 0 0.45285478725921785
0.13 0.18 0 0.9167074002477243
0.13 0.19 0 0.7195487896797205
0.13 0.2 0 1.254586699150489
0.13 0.21 0 1.5478962618743843
0.13 0.22 0 2.1514474549391114
0.13 0.23 0 1.5864416369406378
0.13 0.24 0 3.807426791009251
0.13 0.25 0 3.3323131123302705
0.13 0.26 0 6.531202560276831
0.13 0.27 0 5.888809012583313
0.13 0.28 0 7.364918384506781
0.13 0.29 0 5.289736336316215
0.13 0.3 0 7.0499889709624375
0.13 0.31 0 3.355296424915802
0.13 0.32 0 2.0262770345516645
0.13 0.33 0 1.298785436867866
0.13 0.34 0 1.5443755307077973
0.13 0.35000000000000003 0 2.066347359342586
0.13 0.36 0 2.1702815408345963
0.13 0.37 0 2.700272979215015
0.13 0.38 0 2.521956250358256
0.13 0.39 0 3.5564474775893213
0.13 0.4 0 4.6949539585285285
0.13 0.41000000000000003 0 10.451779887514013
0.13 0.42 0 6.882809661264779
0.13 0.43 0 14.263754122987718
0.13 0.44 0 18.872891698789815
0.13 0.45 0 29.057228244148906
0.13 0.46 0 18.810683934488107
0.13 0.47000000000000003 0 26.919704808328962
0.13 0.48 0 12.069310776248464
0.13 0.49 0 14.85986723263986
0.13 0.5 0 13.534849362771016
0.14 0.0 0 0.06552939657565632
0.14 0.01 0 0.05265258216465889
0.14 0.02 0 0.11490568931143376
0.14 0.03 0 0.0805998559118743
0.14 0.04 0 0.09053764078077375
0.14 0.05 0 0.11980469780231824
0.14 0.06 0 0.17833726557276913
0.14 0.07 0 0.29020484070034736
0.14 0.08 0 0.3874358578634518
0.14 0.09 0 0.2878374131065051
0.14 0.1 0 0.17285803293678176
0.14 0.11 0 0.3265076458256965
0.14 0.12 0 0.49950686075518164
0.14 0.13 0 1.098589822946254
0.14 0.14 0 0.8890804427329867
0.14 0.15 0 1.5306844091963507
0.14 0.16 0 1.424834007918568
0.14 0.17 0 2.1329689486066665
0.14 0.18 0 1.1442120665883535
0.14 0.19 0 1.2413575864903148
0.14 0.2 0 0.6829156811092901
0.14 0.21 0 1.2141601426614212
0.14 0.22 0 1.0463746992940168
0.14 0.23 0 0.7684466517253136
0.14 0.24 0 0.4454805076444501
0.14 0.25 0 0.4978582521722682
0.14 0.26 0 0.36891910023961544
0.14 0.27 0 0.4721732857634562
0.14 0.28 0 0.7174210264229355
0.14 0.29 0 0.5477478323035022
0.14 0.3 0 0.7203278528253819
0.14 0.31 0 1.0042296104880317
0.14 0.32 0 1.6527278174901745
0.14 0.33 0 1.7326251963796
0.14 0.34 0 4.142246190385309
0.14 0.35000000000000003 0 3.310380989272383
0.14 0.36 0 4.515843828365768
0.14 0.37 0 3.0893638339982856
0.14 0.38 0 4.944343974780047
0.14 0.39 0 3.480811217859364
0.14 0.4 0 4.585649524356695
0.14 0.41000000000000003 0 3.6943794709980997
0.14 0.42 0 7.057685834220627
0.14 0.43 0 6.915026084514842
0.14 0.44 0 11.693513552252808
0.14 0.45 0 11.36488887065354
0.14 0.46 0 9.904400847368105
0.14 0.47000000000000003 0 10.95141444746632
0.14 0.48 0 14.425614035276565
0.14 0.49 0 13.144074066084986
0.14 0.5 0 10.777495782874617
0.15 0.0 0 0.20102190681748633
0.15 0.01 0 0.09620328819299823
0.15 0.02 0 0.09425021508924052
0.15 0.03 0 0.08770882258727564
0.15 0.04 0 0.08744962144530018
0.15 0.05 0 0.07186552740318713
0.15 0.06 0 0.17566424813718778
0.15 0.07 0 0.17805299602266988
0.15 0.08 0 0.45794246642569114
0.15 0.09 0 0.5066546743516277
0.15 0.1 0 0.6665956955167576
0.15 0.11 0 0.4547887828655051
0.15 0.12 0 0.7268317014567328
0.15 0.13 0 0.3687584004956196
0.15 0.14 0 0.44515056856987845
0.15 0.15 0 0.40761068553502744
0.15 0.16 0 0.42031058700979523
0.15 0.17 0 0.23374024626193
0.15 0.18 0 0.18662690950859445
0.15 0.19 0 0.16658343871747
0.15 0.2 0 0.22223631246335798
0.15 0.21 0 0.3470123222802851
0.15 0.22 0 0.3566979926286528
0.15 0.23 0 0.3247499798204694
0.15 0.24 0 0.1688141669775135
0.15 0.25 0 0.2781294968216906
0.15 0.26 0 0.27348550139696376
0.15 0.27 0 0.2973330291262205
0.15 0.28 0 0.21380360703833498
0.15 0.29 0 0.5032042878463755
0.15 0.3 0 0.43509628231973174
0.15 0.31 0 0.9783268550627974
0.15 0.32 0 0.954569275474222
0.15 0.33 0 1.2450898159942487
0.15 0.34 0 1.3419135260804882
0.15 0.35000000000000003 0 3.505837729308575
0.15 0.36 0 2.877596212443842
0.15 0.37 0 2.827839986609792
0.15 0.38 0 2.0207480380017873
0.15 0.39 0 1.6191190579927643
0.15 0.4 0 1.9021322915071925
0.15 0.41000000000000003 0 2.7458308910339158
0.15 0.42 0 3.554442833758925
0.15 0.43 0 3.3629726662335355
0.15 0.44 0 5.6630283915879644
0.15 0.45 0 6.356781836538097
0.15 0.46 0 11.029803705000312
0.15 0.47000000000000003 0 8.214453844094939
0.15 0.48 0 14.032117854903255
0.15 0.49 0 9.554609702553694
0.15 0.5 0 11.117929035225405
0.16 0.0 0 0.10552516623205525
0.16 0.01 0 0.15139184529406255
0.16 0.02 0 0.14237666487011744
0.16 0.03 0 0.29815935552481193
0.16 0.04 0 0.1806940771857179
0.16 0.05 0 0.16249865434123079
0.16 0.06 0 0.1342517323058439
0.16 0.07 0 0.2849276145231222
0.16 0.08 0 0.22973216171323396
0.16 0.09 0 0.24637970632587444
0.16 0.1 0 0.14247098612162068
0.16 0.11 0 0.07261078512691989
0.16 0.12 0 0.06713886563405465
0.16 0.13 0 0.07681816908539364
0.16 0.14 0 0.05869821262428825
0.16 0.15 0 0.0518990056849523
0.16 0.16 0 0.11102399418883635
0.16 0.17 0 0.09368395881879873
0.16 0.18 0 0.11637540359265869
0.16 0.19 0 0.07952126881599632
0.16 0.2 0 0.10460960226960378
0.16 0.21 0 0.09007011994268228
0.16 0.22 0 0.20987953638112553
0.16 0.23 0 0.1979830497782329
0.16 0.24 0 0.3889913446261695
0.16 0.25 0 0.33653826308926404
0.16 0.26 0 0.5458555069008431
0.16 0.27 0 0.4314746814177509
0.16 0.28 0 0.5594914309971452
0.16 0.29 0 0.5889251538407659
0.16 0.3 0 0.7389058430635937
0.16 0.31 0 0.4194439888444455
0.16 0.32 0 0.3136457969671386
0.16 0.33 0 0.2903517929687596
0.16 0.34 0 0.24397229197971484
0.16 0.35000000000000003 0 0.39690400633075507
0.16 0.36 0 0.348468874278516
0.16 0.37 0 0.2707690045692344
0.16 0.38 0 0.24812580346350832
0.16 0.39 0 0.6732151770940206
0.16 0.4 0 0.4978327012334698
0.16 0.41000000000000003 0 0.7754991199759185
0.16 0.42 0 0.7591260444237682
0.16 0.43 0 1.5475083463216708
0.16 0.44 0 1.688978355516216
0.16 0.45 0 3.30942441545921
0.16 0.46 0 1.9035772234564272
0.16 0.47000000000000003 0 2.286201999835679
0.16 0.48 0 2.327217805986178
0.16 0.49 0 4.4868292028011405
0.16 0.5 0 4.5379905700173895
0.17 0.0 0 0.07333028987788785
0.17 0.01 0 0.05157448934646207
0.17 0.02 0 0.06728712795294442
0.17 0.03 0 0.0818349792445364
0.17 0.04 0 0.08834648155685638
0.17 0.05 0 0.08339211236588899
0.17 0.06 0 0.08394063123102392
0.17 0.07 0 0.12499143348288011
0.17 0.08 0 0.09689012488758364
0.17 0.09 0 0.08093452519516664
0.17 0.1 0 0.05812437152394041
0.17 0.11 0 0.0874040469240206
0.17 0.12 0 0.03805686540551783
0.17 0.13 0 0.033550625423033414
0.17 0.14 0 0.01694837643236548
0.17 0.15 0 0.026153530618613464
0.17 0.16 0 0.04444165994689586
0.17 0.17 0 0.15075450973581228
0.17 0.18 0 0.10214392839593181
0.17 0.19 0 0.162247214121487
0.17 0.2 0 0.21224487773356768
0.17 0.21 0 0.35132456065709233
0.17 0.22 0 0.3760489906585236
0.17 0.23 0 0.4095788171623747
0.17 0.24 0 0.2596162891204991
0.17 0.25 0 0.27578104717705426
0.17 0.26 0 0.3859189206252128
0.17 0.27 0 0.2751563800683279
0.17 0.28 0 0.2659831397726073
0.17 0.29 0 0.28423770107878776
0.17 0.3 0 0.6792013395229674
0.17 0.31 0 0.7035696807462507
0.17 0.32 0 0.9762317013355585
0.17 0.33 0 0.7079616547716934
0.17 0.34 0 1.0536742076047476
0.17 0.35000000000000003 0 0.5765701364582246
0.17 0.36 0 0.8942662037266402
0.17 0.37 0 0.5959152241177188
0.17 0.38 0 0.550591200395825
0.17 0.39 0 0.31685100694624035
0.17 0.4 0 0.2893195346961938
0.17 0.41000000000000003 0 0.10979378466722287
0.17 0.42 0 0.13353968364734284
0.17 0.43 0 0.18835470293793502
0.17 0.44 0 0.233835812062862
0.17 0.45 0 0.31551042868864043
0.17 0.46 0 0.4857369358109955
0.17 0.47000000000000003 0 0.8188329224920723
0.17 0.48 0 1.481969331732421
0.17 0.49 0 3.045099631835098
0.17 0.5 0 1.9957889691738655
0.18 0.0 0 0.10364505733998348
0.18 0.01 0 0.08201937500207135
0.18 0.02 0 0.09300500162263017
0.18 0.03 0 0.07584669137610539
0.18 0.04 0 0.11245816791828654
0.18 0.05 0 0.05400556098038163
0.18 0.06 0 0.07379835762548581
0.18 0.07 0 0.0640987573960323
0.18 0.08 0 0.11150027322562682
0.18 0.09 0 0.09250816674405855
0.18 0.1 0 0.16463786497567134
0.18 0.11 0 0.13594514806351254
0.18 0.12 0 0.16718447181914095
0.18 0.13 0 0.09301868330903068
0.18 0.14 0 0.09355577527775681
0.18 0.15 0 0.07982848877052592
0.18 0.16 0 0.09203132210120091
0.18 0.17 0 0.13099336453785707
0.18 0.18 0 0.15416987264152585
0.18 0.19 0 0.16178372889646403
0.18 0.2 0 0.2023740379099109
0.18 0.21 0 0.25815335883815926
0.18 0.22 0 0.09241713617903163
0.18 0.23 0 0.10252892974475558
0.18 0.24 0 0.10901357087403822
0.18 0.25 0 0.16887572567861905
0.18 0.26 0 0.11328971354841752
0.18 0.27 0 0.14091927122255754
0.18 0.28 0 0.07226786488309503
0.18 0.29 0 0.17110529405243902
0.18 0.3 0 0.27317890562565916
0.18 0.31 0 0.5281003426881781
0.18 0.32 0 0.43454467351808823
0.18 0.33 0 0.7288390183454219
0.18 0.34 0 0.8731936629700312
0.18 0.35000000000000003 0 1.3696043364977302
0.18 0.36 0 1.1384975002672117
0.18 0.37 0 1.0490625418285568
0.18 0.38 0 1.1826694818337034
0.18 0.39 0 1.2798025294518123
0.18 0.4 0 1.5861288449582875
0.18 0.41000000000000003 0 0.8465004453198396
0.18 0.42 0 0.5651749938971411
0.18 0.43 0 0.42666993164750244
0.18 0.44 0 0.6345700294929708
0.18 0.45 0 0.32300235376713904
0.18 0.46 0 0.5023575309870856
0.18 0.47000000000000003 0 0.34220780295802206
0.18 0.48 0 0.32290093118720825
0.18 0.49 0 0.2270500945829092
0.18 0.5 0 0.44995146235944733
0.19 0.0 0 0.034421376089173034
0.19 0.01 0 0.10778924125635811
0.19 0.02 0 0.14654300715260365
0.19 0.03 0 0.19336446642188895
0.19 0.04 0 0.1479267091641999
0.19 0.05 0 0.21247799606600554
0.19 0.06 0 0.1451565012930386
0.19 0.07 0 0.191486388326913
0.19 0.08 0 0.15061550583863628
0.19 0.09 0 0.08032917507864203
0.19 0.1 0 0.07872910370460834
0.19 0.11 0 0.14314125959222931
0.19 0.12 0 0.2546066611304485
0.19 0.13 0 0.23414941258538116
0.19 0.14 0 0.2875920495821825
0.19 0.15 0 0.216836879307635
0.19 0.16 0 0.3307999145919432
0.19 0.17 0 0.24660816119695456
0.19 0.18 0 0.3801074233271517
0.19 0.19 0 0.21896677175417653
0.19 0.2 0 0.2132845039666567
0.19 0.21 0 0.10939269368597127
0.19 0.22 0 0.09637907951462397
0.19 0.23 0 0.030965771023282403
0.19 0.24 0 0.03395141783275105
0.19 0.25 0 0.02609871246239684
0.19 0.26 0 0.02850719509676682
0.19 0.27 0 0.033014475943242826
0.19 0.28 0 0.05772880775849186
0.19 0.29 0 0.0666322977338172
0.19 0.3 0 0.12666752969775685
0.19 0.31 0 0.2488511524874665
0.19 0.32 0 0.3017556740108905
0.19 0.33 0 0.7660050193848764
0.19 0.34 0 1.1830397563277855
0.19 0.35000000000000003 0 1.3417486344828164
0.19 0.36 0 0.8594913474952168
0.19 0.37 0 1.7236370573004551
0.19 0.38 0 2.074081723673164
0.19 0.39 0 4.885151641812506
0.19 0.4 0 3.385528918574567
0.19 0.41000000000000003 0 3.4612749108257583
0.19 0.42 0 1.4849237365851393
0.19 0.43 0 1.5728544898294317
0.19 0.44 0 1.0888653249535143
0.19 0.45 0 1.0769986771769966
0.19 0.46 0 0.5462081318389469
0.19 0.47000000000000003 0 0.8913946012804361
0.19 0.48 0 1.1682965784625816
0.19 0.49 0 1.0773231162008883
0.19 0.5 0 0.9028652177527012
0.2 0.0 0 0.015262881977969513
0.2 0.01 0 0.02375402860178887
0.2 0.02 0 0.053228952984249726
0.2 0.03 0 0.10476450939854046
0.2 0.04 0 0.13961110381575728
0.2 0.05 0 0.3759021760439387
0.2 0.06 0 0.49579548638567017
0.2 0.07 0 0.4439751843857734
0.2 0.08 0 0.24838584424406165
0.2 0.09 0 0.27765369738890794
0.2 0.1 0 0.11658713714591058
0.2 0.11 0 0.15560459226068754
0.2 0.12 0 0.09727993562309464
0.2 0.13 0 0.09253641320341947
0.2 0.14 0 0.060004020577885314
0.2 0.15 0 0.1006140777435759
0.2 0.16 0 0.061583820551262
0.2 0.17 0 0.07211614471450097
0.2 0.18 0 0.055194987482295226
0.2 0.19 0 0.08497063601931552
0.2 0.2 0 0.1385489609292952
0.2 0.21 0 0.2514148589022046
0.2 0.22 0 0.2407233960983936
0.2 0.23 0 0.18025198986256177
0.2 0.24 0 0.21527531601604882
0.2 0.25 0 0.35687253589231493
0.2 0.26 0 0.6495050176182573
0.2 0.27 0 0.4329611518031539
0.2 0.28 0 0.5659224538168758
0.2 0.29 0 0.340906917728394
0.2 0.3 0 0.32193946326077977
0.2 0.31 0 0.2206821313951927
0.2 0.32 0 0.28919421560381303
0.2 0.33 0 0.12852054593195109
0.2 0.34 0 0.2334465390644574
0.2 0.35000000000000003 0 0.20247955981684027
0.2 0.36 0 0.191950974195943
0.2 0.37 0 0.12451221492745898
0.2 0.38 0 0.2022489454269226
0.2 0.39 0 0.20218639943053865
0.2 0.4 0 0.39427295837820014
0.2 0.41000000000000003 0 0.5586128853401063
0.2 0.42 0 0.69478995911542
0.2 0.43 0 0.8314974063978688
0.2 0.44 0 0.787525046695313
0.2 0.45 0 0.8412896993943315
0.2 0.46 0 0.8935532178548571
0.2 0.47000000000000003 0 1.8991975405605677
0.2 0.48 0 2.1579657904774106
0.2 0.49 0 2.5194753146170843
0.2 0.5 0 1.1592036865917519
0.21 0.0 0 0.05761057883202964
0.21 0.01 0 0.06829827820329867
0.21 0.02 0 0.1685403331687243
0.21 0.03 0 0.18530003651964824
0.21 0.04 0 0.3018292121040058
0.21 0.05 0 0.1565440638626528
0.21 0.06 0 0.21102610186970072
0.21 0.07 0 0.12848054544349358
0.21 0.08 0 0.12494221143307438
0.21 0.09 0 0.0763929824545569
0.21 0.1 0 0.0820367372283957
0.21 0.11 0 0.061612321216467744
0.21 0.12 0 0.15199986524205467
0.21 0.13 0 0.26882897246894516
0.21 0.14 0 0.33170058525112944
0.21 0.15 0 0.4667279990498625
0.21 0.16 0 0.44149670339425945
0.21 0.17 0 0.29298651657879377
0.21 0.18 0 0.24343666848272288
0.21 0.19 0 0.4238296840187906
0.21 0.2 0 0.3456337051898511
0.21 0.21 0 0.6050952899055039
0.21 0.22 0 0.5597529824287525
0.21 0.23 0 0.870075005673248
0.21 0.24 0 0.7018898460952441
0.21 0.25 0 1.2495779181295839
0.21 0.26 0 0.8243971105256794
0.21 0.27 0 1.0123698256836438
0.21 0.28 0 0.6857218894736435
0.21 0.29 0 1.2294140086744914
0.21 0.3 0 0.8565707853465562
0.21 0.31 0 0.6294772619848588
0.21 0.32 0 0.455669626657018
0.21 0.33 0 0.6933755656930115
0.21 0.34 0 0.8824133433174461
0.21 0.35000000000000003 0 1.1284387245088974
0.21 0.36 0 0.7148147788566748
0.21 0.37 0 0.29613784828953643
0.21 0.38 0 0.4197737760146593
0.21 0.39 0 0.5216321376219533
0.21 0.4 0 0.7171664644455881
0.21 0.41000000000000003 0 0.7674379224884995
0.21 0.42 0 1.572600668638588
0.21 0.43 0 1.1609678278766857
0.21 0.44 0 2.171122063698029
0.21 0.45 0 1.4575473294633325
0.21 0.46 0 1.5734465120674808
0.21 0.47000000000000003 0 1.3833122125436703
0.21 0.48 0 3.835993645974081
0.21 0.49 0 3.9834716148338374
0.21 0.5 0 5.749141941995713
0.22 0.0 0 0.12514402117648044
0.22 0.01 0 0.24392018247114608
0.22 0.02 0 0.284374022856636
0.22 0.03 0 0.48778027377964284
0.22 0.04 0 0.42976466900136234
0.22 0.05 0 0.6892128246001209
0.22 0.06 0 0.9176508757229556
0.22 0.07 0 0.8485062362134563
0.22 0.08 0 0.5091238108630722
0.22 0.09 0 0.2830003423624061
0.22 0.1 0 0.3359223179556299
0.22 0.11 0 0.2886827505498719
0.22 0.12 0 0.34061350276599056
0.22 0.13 0 0.2905835860456234
0.22 0.14 0 0.41462894057730176
0.22 0.15 0 0.27631163533759245
0.22 0.16 0 0.6528951035726621
0.22 0.17 0 0.5235460608629559
0.22 0.18 0 0.5426788592484253
0.22 0.19 0 0.4441055891436445
0.22 0.2 0 0.9200565005507074
0.22 0.21 0 0.65865844019776
0.22 0.22 0 0.9876109605850664
0.22 0.23 0 0.680500164466375
0.22 0.24 0 0.5998501964764403
0.22 0.25 0 0.6043394779540195
0.22 0.26 0 0.898236669736443
0.22 0.27 0 1.0111057516651052
0.22 0.28 0 1.5442717636204244
0.22 0.29 0 2.531764921526918
0.22 0.3 0 2.3397177973481353
0.22 0.31 0 2.885169334020307
0.22 0.32 0 2.650327092762641
0.22 0.33 0 4.476171190834409
0.22 0.34 0 2.97395791216231
0.22 0.35000000000000003 0 2.8024471094538215
0.22 0.36 0 1.3166385612553337
0.22 0.37 0 1.1272323097966652
0.22 0.38 0 0.42965188612290056
0.22 0.39 0 0.5355322824182513
0.22 0.4 0 0.2708578144014718
0.22 0.41000000000000003 0 0.33134681760330253
0.22 0.42 0 0.5860051750038122
0.22 0.43 0 1.6338720715476296
0.22 0.44 0 1.0587686234776943
0.22 0.45 0 0.9791731064216432
0.22 0.46 0 0.7608337495593795
0.22 0.47000000000000003 0 0.7794593041218698
0.22 0.48 0 1.0893133462538904
0.22 0.49 0 0.9650012717954316
0.22 0.5 0 0.6866964858848182
0.23 0.0 0 2.7235240168123713
0.23 0.01 0 2.630393627680988
0.23 0.02 0 1.2448321582794803
0.23 0.03 0 1.637893031583419
0.23 0.04 0 2.033317937271449
0.23 0.05 0 3.047795041915703
0.23 0.06 0 2.4238137115648755
0.23 0.07 0 3.1714429886763873
0.23 0.08 0 1.603543497991023
0.23 0.09 0 2.2509467022651344
0.23 0.1 0 1.5831846039134614
0.23 0.11 0 2.1670604492100156
0.23 0.12 0 1.4293676413603815
0.23 0.13 0 2.3453379046883054
0.23 0.14 0 2.5398726068626547
0.23 0.15 0 3.9604755823098596
0.23 0.16 0 2.3556781064388153
0.23 0.17 0 2.150174801820201
0.23 0.18 0 1.5146565313234985
0.23 0.19 0 1.5051525596142037
0.23 0.2 0 1.857564168198585
0.23 0.21 0 1.3155449473673249
0.23 0.22 0 0.8832847736892951
0.23 0.23 0 1.0116434151860596
0.23 0.24 0 2.0184450210362193
0.23 0.25 0 1.8659585783667392
0.23 0.26 0 4.115599091458829
0.23 0.27 0 3.48681120898744
0.23 0.28 0 4.148187425623908
0.23 0.29 0 3.594323429706511
0.23 0.3 0 5.858945206451582
0.23 0.31 0 2.345845343717984
0.23 0.32 0 2.2725082163770294
0.23 0.33 0 1.3403019486110193
0.23 0.34 0 1.5733122838378548
0.23 0.35000000000000003 0 0.9892663129630166
0.23 0.36 0 0.9666048928909513
0.23 0.37 0 0.6128291701209688
0.23 0.38 0 0.5662225070044062
0.23 0.39 0 0.4632651596724879
0.23 0.4 0 0.592511492912525
0.23 0.41000000000000003 0 0.8117564215005024
0.23 0.42 0 0.9571937120570714
0.23 0.43 0 1.771683066681398
0.23 0.44 0 1.63928058496404
0.23 0.45 0 2.0293023145694034
0.23 0.46 0 2.143022679961811
0.23 0.47000000000000003 0 3.1306704462702606
0.23 0.48 0 1.5762517553888709
0.23 0.49 0 2.4780458828768417
0.23 0.5 0 1.5510203082298777
0.24 0.0 0 4.787539509910957
0.24 0.01 0 4.013456275424574
0.24 0.02 0 4.827679196987358
0.24 0.03 0 1.814413798118807
0.24 0.04 0 2.466088468579586
0.24 0.05 0 1.570486676545674
0.24 0.06 0 1.4980081115523118
0.24 0.07 0 1.0289006781419794
0.24 0.08 0 0.9790697355256983
0.24 0.09 0 0.45125875934264953
0.24 0.1 0 0.5018092251798634
0.24 0.11 0 0.5316320715857127
0.24 0.12 0 0.6311316732583921
0.24 0.13 0 1.0843330932005082
0.24 0.14 0 1.3086441311477897
0.24 0.15 0 1.1400819709490877
0.24 0.16 0 0.7192159583725289
0.24 0.17 0 0.9936138774705819
0.24 0.18 0 0.8908033338980004
0.24 0.19 0 1.1660095104572181
0.24 0.2 0 0.6547343363744859
0.24 0.21 0 0.9808402652519511
0.24 0.22 0 0.6830283235316092
0.24 0.23 0 1.1746591514719136
0.24 0.24 0 1.431349669176127
0.24 0.25 0 2.9213378947252893
0.24 0.26 0 2.5637691885771785
0.24 0.27 0 7.472892534773063
0.24 0.28 0 8.973258925991987
0.24 0.29 0 8.502020558566205
0.24 0.3 0 5.355488779515885
0.24 0.31 0 3.4082577777830547
0.24 0.32 0 1.7124726832424644
0.24 0.33 0 1.5012485438003216
0.24 0.34 0 1.1097716370281505
0.24 0.35000000000000003 0 0.42556663055930993
0.24 0.36 0 0.32971715156348785
0.24 0.37 0 0.2097892851220121
0.24 0.38 0 0.23201072082278917
0.24 0.39 0 0.16859171591196098
0.24 0.4 0 0.20056824231187192
0.24 0.41000000000000003 0 0.0990430050044893
0.24 0.42 0 0.15207861218667157
0.24 0.43 0 0.171401794276333
0.24 0.44 0 0.48942393837923837
0.24 0.45 0 0.49643538852004376
0.24 0.46 0 1.1005543115927778
0.24 0.47000000000000003 0 1.896779258021106
0.24 0.48 0 4.374376843938096
0.24 0.49 0 4.152510443840903
0.24 0.5 0 6.9594942680473935
0.25 0.0 0 0.37835159555504294
0.25 0.01 0 0.436656299789272
0.25 0.02 0 0.26017071716836526
0.25 0.03 0 0.19199283009394968
0.25 0.04 0 0.17721554331837724
0.25 0.05 0 0.27328382898520825
0.25 0.06 0 0.26992172416306104
0.25 0.07 0 0.16008549538585715
0.25 0.08 0 0.23322462988903472
0.25 0.09 0 0.20100957206374037
0.25 0.1 0 0.2203151840909115
0.25 0.11 0 0.2128031917262052
0.25 0.12 0 0.3639509637263633
0.25 0.13 0 0.24912893932443206
0.25 0.14 0 0.6337806321432001
0.25 0.15 0 0.6994298722145865
0.25 0.16 0 1.1110716374651752
0.25 0.17 0 0.9573305504972669
0.25 0.18 0 1.7189125034889794
0.25 0.19 0 1.4183315140116892
0.25 0.2 0 2.444890972368368
0.25 0.21 0 2.2000777577186446
0.25 0.22 0 2.348236500900056
0.25 0.23 0 1.5429448360027125
0.25 0.24 0 1.2338794208276722
0.25 0.25 0 1.1600602929707027
0.25 0.26 0 1.052358862876816
0.25 0.27 0 0.9613863022509516
0.25 0.28 0 0.6351739358670703
0.25 0.29 0 0.4480692673357587
0.25 0.3 0 0.22344344043816877
0.25 0.31 0 0.3594252439435249
0.25 0.32 0 0.23594256911356212
0.25 0.33 0 0.26354354682642184
0.25 0.34 0 0.2274218084974077
0.25 0.35000000000000003 0 0.3391246114331784
0.25 0.36 0 0.19236116517488594
0.25 0.37 0 0.4185052898126894
0.25 0.38 0 0.34928424750386056
0.25 0.39 0 0.380127980898523
0.25 0.4 0 0.32855059630234695
0.25 0.41000000000000003 0 0.5310536883232119
0.25 0.42 0 0.4144844400612649
0.25 0.43 0 0.44918525931502373
0.25 0.44 0 0.3223097539519562
0.25 0.45 0 0.2621641433867491
0.25 0.46 0 0.2985327523825303
0.25 0.47000000000000003 0 0.33159153502084737
0.25 0.48 0 0.37389696421211793
0.25 0.49 0 0.20894551587229157
0.25 0.5 0 0.2072509495119341
0.26 0.0 0 0.21269634884888663
0.26 0.01 0 0.23168293181165403
0.26 0.02 0 0.16932970259288174
0.26 0.03 0 0.2175121066986666
0.26 0.04 0 0.11640887536867892
0.26 0.05 0 0.09772203992403491
0.26 0.06 0 0.042589576058416706
0.26 0.07 0 0.04757117807889332
0.26 0.08 0 0.037253305373543655
0.26 0.09 0 0.1032589267419221
0.26 0.1 0 0.09160860048313565
0.26 0.11 0 0.12754182241497047
0.26 0.12 0 0.1693336487916523
0.26 0.13 0 0.4025603604209016
0.26 0.14 0 0.45274939018727683
0.26 0.15 0 0.7309098829900859
0.26 0.16 0 0.5433569168802329
0.26 0.17 0 0.4171128864614248
0.26 0.18 0 0.5971958898829879
0.26 0.19 0 0.5973797314377645
0.26 0.2 0 0.4967003697858968
0.26 0.21 0 0.44433689968750245
0.26 0.22 0 0.6737478506307425
0.26 0.23 0 0.5398004053836263
0.26 0.24 0 0.9739470935516351
0.26 0.25 0 0.6765469170283261
0.26 0.26 0 0.658922843340454
0.26 0.27 0 0.3256263331955997
0.26 0.28 0 0.4596195197059539
0.26 0.29 0 0.31112127422792174
0.26 0.3 0 0.332290596229049
0.26 0.31 0 0.1674255067128921
0.26 0.32 0 0.23502502054834032
0.26 0.33 0 0.17437954300869266
0.26 0.34 0 0.21370469200201847
0.26 0.35000000000000003 0 0.23210782044180683
0.26 0.36 0 0.22386269920035665
0.26 0.37 0 0.14599692234643252
0.26 0.38 0 0.15007351423270465
0.26 0.39 0 0.12036280060635265
0.26 0.4 0 0.05651727525937116
0.26 0.41000000000000003 0 0.045552674485813835
0.26 0.42 0 0.018431985800143266
0.26 0.43 0 0.012733221277987244
0.26 0.44 0 0.010718019586496931
0.26 0.45 0 0.021276334058581425
0.26 0.46 0 0.021573975453543066
0.26 0.47000000000000003 0 0.06908862526069134
0.26 0.48 0 0.07900195064277173
0.26 0.49 0 0.14121547615113758
0.26 0.5 0 0.13676722002915018
0.27 0.0 0 0.3350097712057547
0.27 0.01 0 0.28398512248643143
0.27 0.02 0 0.591057557187409
0.27 0.03 0 0.4785074995991171
0.27 0.04 0 0.5810034515938368
0.27 0.05 0 0.38929363731129335
0.27 0.06 0 0.315843978590997
0.27 0.07 0 0.14953738973962202
0.27 0.08 0 0.13566800952293553
0.27 0.09 0 0.1365676545215656
0.27 0.1 0 0.15978278177701297
0.27 0.11 0 0.1802858373143041
0.27 0.12 0 0.1822295955304108
0.27 0.13 0 0.28505762757227493
0.27 0.14 0 0.22022972595638998
0.27 0.15 0 0.29835785005530174
0.27 0.16 0 0.3613026213397661
0.27 0.17 0 0.591103954583236
0.27 0.18 0 0.31942035486474424
0.27 0.19 0 0.4020050244168565
0.27 0.2 0 0.1499309359923193
0.27 0.21 0 0.14243586450204065
0.27 0.22 0 0.17406117696230233
0.27 0.23 0 0.4103393014081251
0.27 0.24 0 0.2772929142746086
0.27 0.25 0 0.3953717311753925
0.27 0.26 0 0.29643815930921635
0.27 0.27 0 0.2729302120050753
0.27 0.28 0 0.16838665274817902
0.27 0.29 0 0.08399045655499068
0.27 0.3 0 0.03383077687469674
0.27 0.31 0 0.021387012368495613
0.27 0.32 0 0.0189070495309656
0.27 0.33 0 0.011578899267846648
0.27 0.34 0 0.009353503282727448
0.27 0.35000000000000003 0 0.006022468426625001
0.27 0.36 0 0.011652082369904
0.27 0.37 0 0.013529098569070683
0.27 0.38 0 0.02840312131062782
0.27 0.39 0 0.023524037524099574
0.27 0.4 0 0.02516834948160374
0.27 0.41000000000000003 0 0.01373195378225736
0.27 0.42 0 0.027125355419957833
0.27 0.43 0 0.01650386503144181
0.27 0.44 0 0.017491471202815936
0.27 0.45 0 0.017950315109575295
0.27 0.46 0 0.027392131796222897
0.27 0.47000000000000003 0 0.02312427710136584
0.27 0.48 0 0.045888297538567324
0.27 0.49 0 0.05487984964518559
0.27 0.5 0 0.05649172789668441
0.28 0.0 0 0.20451189242818818
0.28 0.01 0 0.1381883320305967
0.28 0.02 0 0.07697239159951265
0.28 0.03 0 0.11452808358538458
0.28 0.04 0 0.1849598732896697
0.28 0.05 0 0.1277602880314713
0.28 0.06 0 0.12482623234914862
0.28 0.07 0 0.07525772809294182
0.28 0.08 0 0.1222744035769978
0.28 0.09 0 0.25087589481063854
0.28 0.1 0 0.9550274789449531
0.28 0.11 0 0.9725449768396864
0.28 0.12 0 1.9726021712040869
0.28 0.13 0 2.049031709670346
0.28 0.14 0 4.22841013958756
0.28 0.15 0 2.846153038730464
0.28 0.16 0 3.591226573092362
0.28 0.17 0 3.141886205766155
0.28 0.18 0 3.9035630494411313
0.28 0.19 0 2.1526991248928464
0.28 0.2 0 1.7402741144234286
0.28 0.21 0 0.8888455777844851
0.28 0.22 0 0.6701887504999344
0.28 0.23 0 0.8225730269846923
0.28 0.24 0 0.6393772274583577
0.28 0.25 0 0.4853657046731872
0.28 0.26 0 0.3191439144880979
0.28 0.27 0 0.16812752535837297
0.28 0.28 0 0.0389050584308052
0.28 0.29 0 0.03239218593564732
0.28 0.3 0 0.01639488803854637
0.28 0.31 0 0.01847960018336642
0.28 0.32 0 0.012105662303627345
0.28 0.33 0 0.010469603735191329
0.28 0.34 0 0.003284905273446248
0.28 0.35000000000000003 0 0.004336684418281774
0.28 0.36 0 0.0040977663995504475
0.28 0.37 0 0.006445757650763443
0.28 0.38 0 0.0047827917845488215
0.28 0.39 0 0.006885216242344905
0.28 0.4 0 0.008176984080163239
0.28 0.41000000000000003 0 0.009958418261643842
0.28 0.42 0 0.0078976007113955
0.28 0.43 0 0.007868350122855602
0.28 0.44 0 0.008142035898569268
0.28 0.45 0 0.008760381072478809
0.28 0.46 0 0.01481708802500657
0.28 0.47000000000000003 0 0.007697488793910975
0.28 0.48 0 0.004473280964310999
0.28 0.49 0 0.002329049751438422
0.28 0.5 0 0.002396071463027451
0.29 0.0 0 0.32954018903696897
0.29 0.01 0 0.440145291079105
0.29 0.02 0 0.23615447902561226
0.29 0.03 0 0.3319001361075234
0.29 0.04 0 0.36458450455961955
0.29 0.05 0 0.49973309255145565
0.29 0.06 0 0.24884519637890642
0.29 0.07 0 0.6036483025728561
0.29 0.08 0 0.8132206979737733
0.29 0.09 0 1.7450285360142896
0.29 0.1 0 2.2609291323563876
0.29 0.11 0 3.713576352457857
0.29 0.12 0 3.843484818900542
0.29 0.13 0 6.265962305987158
0.29 0.14 0 4.235139368910331
0.29 0.15 0 2.176306711015618
0.29 0.16 0 2.343503385273235
0.29 0.17 0 3.9377998162842083
0.29 0.18 0 8.553827428444865
0.29 0.19 0 7.64208431788912
0.29 0.2 0 6.811034814063331
0.29 0.21 0 3.409607079392315
0.29 0.22 0 3.7741250047255415
0.29 0.23 0 2.324548546951443
0.29 0.24 0 2.6201883688366028
0.29 0.25 0 0.7451014280224322
0.29 0.26 0 0.47865654221537385
0.29 0.27 0 0.19339571807198971
0.29 0.28 0 0.08992201396894772
0.29 0.29 0 0.019108213524170463
0.29 0.3 0 0.017048133663107992
0.29 0.31 0 0.00957520825850237
0.29 0.32 0 0.008838713498519314
0.29 0.33 0 0.008716838742450125
0.29 0.34 0 0.008151327728142456
0.29 0.35000000000000003 0 0.006224174598888985
0.29 0.36 0 0.007938209873849753
0.29 0.37 0 0.011426461434470656
0.29 0.38 0 0.01317210023827398
0.29 0.39 0 0.02680286257193965
0.29 0.4 0 0.02227696775478687
0.29 0.41000000000000003 0 0.019707543234921736
0.29 0.42 0 0.009366928365705818
0.29 0.43 0 0.011229074750006021
0.29 0.44 0 0.008925195487193836
0.29 0.45 0 0.015856325668798438
0.29 0.46 0 0.00975755714747032
0.29 0.47000000000000003 0 0.00978114983589149
0.29 0.48 0 0.0036271239514978192
0.29 0.49 0 0.0036357167946716607
0.29 0.5 0 0.0024828653176416442
0.3 0.0 0 1.7917669415776263
0.3 0.01 0 1.119573056248707
0.3 0.02 0 1.3201550329900427
0.3 0.03 0 1.0356453838688882
0.3 0.04 0 1.6901359346522562
0.3 0.05 0 2.1280878096238727
0.3 0.06 0 2.140749664463949
0.3 0.07 0 1.8340917991502268
0.3 0.08 0 2.2644373219914518
0.3 0.09 0 2.2549606926923573
0.3 0.1 0 1.8342963134756698
0.3 0.11 0 3.2526056648586033
0.3 0.12 0 2.4043164239398864
0.3 0.13 0 2.444447945788082
0.3 0.14 0 1.7506381674375782
0.3 0.15 0 1.6689050003981811
0.3 0.16 0 0.7574500258516835
0.3 0.17 0 1.3518854989666285
0.3 0.18 0 0.8094165947917442
0.3 0.19 0 0.6723501987927681
0.3 0.2 0 0.3430668440460298
0.3 0.21 0 0.4270856358835448
0.3 0.22 0 0.25363926454992186
0.3 0.23 0 0.24031538018310533
0.3 0.24 0 0.14783193523381288
0.3 0.25 0 0.20107713302166208
0.3 0.26 0 0.23995080365409105
0.3 0.27 0 0.26813621879304017
0.3 0.28 0 0.18823069381952073
0.3 0.29 0 0.07744729492823538
0.3 0.3 0 0.05283515591993743
0.3 0.31 0 0.0470947701764798
0.3 0.32 0 0.042751064663684564
0.3 0.33 0 0.016538124734843247
0.3 0.34 0 0.013684180146768614
0.3 0.35000000000000003 0 0.005201075264240893
0.3 0.36 0 0.006192635417739366
0.3 0.37 0 0.005867367566388593
0.3 0.38 0 0.007416521908766711
0.3 0.39 0 0.004057469289443416
0.3 0.4 0 0.008019460900453785
0.3 0.41000000000000003 0 0.0047125462511701105
0.3 0.42 0 0.0032887361332489635
0.3 0.43 0 0.0015398367331690157
0.3 0.44 0 0.0012645736660887195
0.3 0.45 0 0.0008451138626060816
0.3 0.46 0 0.0013129039911811474
0.3 0.47000000000000003 0 0.0018812036244901706
0.3 0.48 0 0.002585269414083339
0.3 0.49 0 0.003401707264534649
0.3 0.5 0 0.0044631117297557095
#STOP
