#MEDIUM_PROPERTIES_DISTRIBUTED
$MSH_TYPE
	 RICHARDS_FLOW	
$MMP_TYPE
	 PERMEABILITY	
$DIS_TYPE
	 NEAREST_VALUE	
;hj
$CONVERSION_FACTOR
	 2.0e-8	
$DATA
0.0 0.0 0 1.3795461156501354
0.0 0.01 0 1.860451067597639
0.0 0.02 0 3.864302575551275
0.0 0.03 0 4.098466318656082
0.0 0.04 0 3.3578639039261526
0.0 0.05 0 1.7914364304035009
0.0 0.06 0 2.1871054260904423
0.0 0.07 0 2.417098349682223
0.0 0.08 0 1.7269438762507563
0.0 0.09 0 1.4877371370931851
0.0 0.1 0 1.5301186724909175
0.0 0.11 0 2.6288989503435403
0.0 0.12 0 2.0658460494330657
0.0 0.13 0 2.4479893521832468
0.0 0.14 0 2.9386300325131485
0.0 0.15 0 3.690789408639861
0.0 0.16 0 4.0859754318473875
0.0 0.17 0 4.535339117566423
0.0 0.18 0 9.519828937905404
0.0 0.19 0 7.981038952363973
0.0 0.2 0 6.270043679974381
0.0 0.21 0 4.387319170332122
0.0 0.22 0 6.4650619402409495
0.0 0.23 0 7.903170407267531
0.0 0.24 0 5.430523451472402
0.0 0.25 0 5.624318625395813
0.0 0.26 0 4.752329290201362
0.0 0.27 0 5.562458454880407
0.0 0.28 0 3.5866477992558976
0.0 0.29 0 3.885688074422026
0.0 0.3 0 3.332692079932162
0.0 0.31 0 1.5274090923608425
0.0 0.32 0 0.7469706559575822
0.0 0.33 0 0.4715803867448476
0.0 0.34 0 0.7336882125877274
0.0 0.35000000000000003 0 0.4991798154003148
0.0 0.36 0 0.3621422749695632
0.0 0.37 0 0.27364479446194323
0.0 0.38 0 0.29961840625800523
0.0 0.39 0 0.3420997272327996
0.0 0.4 0 0.3103212757856024
0.0 0.41000000000000003 0 0.5369157892409194
0.0 0.42 0 0.473082616638005
0.0 0.43 0 0.3712435911806421
0.0 0.44 0 0.22742925642180095
0.0 0.45 0 0.28879566268111184
0.0 0.46 0 0.3579501313619955
0.0 0.47000000000000003 0 0.20064981821278516
0.0 0.48 0 0.1290640858051934
0.0 0.49 0 0.08444073202639427
0.0 0.5 0 0.09418259617628287
0.01 0.0 0 2.121304009390572
0.01 0.01 0 1.9145426663219474
0.01 0.02 0 1.8748889635035544
0.01 0.03 0 2.0081681791702115
0.01 0.04 0 3.3148974514240184
0.01 0.05 0 3.8634903366797877
0.01 0.06 0 2.1242230285868335
0.01 0.07 0 1.9628413520773536
0.01 0.08 0 2.4676436030980966
0.01 0.09 0 4.250597040214821
0.01 0.1 0 3.842484349092855
0.01 0.11 0 3.972943651039965
0.01 0.12 0 4.457317972014533
0.01 0.13 0 4.15472839547558
0.01 0.14 0 4.743414451126968
0.01 0.15 0 6.911780736182034
0.01 0.16 0 14.240365969095942
0.01 0.17 0 12.068933970725405
0.01 0.18 0 8.683146254145978
0.01 0.19 0 9.448036706011138
0.01 0.2 0 18.85415055453624
0.01 0.21 0 30.620086013183997
0.01 0.22 0 28.41832338574829
0.01 0.23 0 28.360696773956647
0.01 0.24 0 20.406683233852252
0.01 0.25 0 12.860539996123144
0.01 0.26 0 7.3064126885829985
0.01 0.27 0 7.508960490324174
0.01 0.28 0 6.7720912279065075
0.01 0.29 0 3.6447548590648466
0.01 0.3 0 2.077768846283537
0.01 0.31 0 2.0717201452137775
0.01 0.32 0 3.234085869432479
0.01 0.33 0 3.077983320052875
0.01 0.34 0 3.2363099962300086
0.01 0.35000000000000003 0 3.591060327387905
0.01 0.36 0 3.8346092975363377
0.01 0.37 0 2.2785321465001562
0.01 0.38 0 1.252989699955281
0.01 0.39 0 0.922978941759864
0.01 0.4 0 0.5076150714268033
0.01 0.41000000000000003 0 0.276076362281894
0.01 0.42 0 0.17501501122036198
0.01 0.43 0 0.22705865558107352
0.01 0.44 0 0.18699207908212775
0.01 0.45 0 0.10836963792591763
0.01 0.46 0 0.07793979882758471
0.01 0.47000000000000003 0 0.09500797312394267
0.01 0.48 0 0.14011378253367876
0.01 0.49 0 0.11522518891969027
0.01 0.5 0 0.12265400272813641
0.02 0.0 0 3.2766023217341878
0.02 0.01 0 3.3578180495496333
0.02 0.02 0 6.375086188111181
0.02 0.03 0 5.350630762940508
0.02 0.04 0 3.1084613642906196
0.02 0.05 0 2.269818539136284
0.02 0.06 0 2.3165653536576403
0.02 0.07 0 2.853579055450179
0.02 0.08 0 2.2316576659322176
0.02 0.09 0 3.21070216595919
0.02 0.1 0 3.1222787451399014
0.02 0.11 0 2.6030975554316216
0.02 0.12 0 1.676200715412012
0.02 0.13 0 1.5810110675695679
0.02 0.14 0 1.8527286468942366
0.02 0.15 0 0.9906019609470722
0.02 0.16 0 0.7728056209660619
0.02 0.17 0 0.6666396575282025
0.02 0.18 0 0.9982404373619198
0.02 0.19 0 0.7666147528833549
0.02 0.2 0 0.6041300408516684
0.02 0.21 0 0.7669777411325233
0.02 0.22 0 0.7955681818074005
0.02 0.23 0 0.8397437962289248
0.02 0.24 0 0.4832958132865314
0.02 0.25 0 0.4547947096750747
0.02 0.26 0 0.21388999574935177
0.02 0.27 0 0.09706665618151702
0.02 0.28 0 0.07505880540544023
0.02 0.29 0 0.10908413928480117
0.02 0.3 0 0.2103726490030582
0.02 0.31 0 0.14766552547850514
0.02 0.32 0 0.16753371453561003
0.02 0.33 0 0.19088795147296087
0.02 0.34 0 0.32921377454332884
0.02 0.35000000000000003 0 0.422434753706945
0.02 0.36 0 0.5411500673734335
0.02 0.37 0 0.7806061333509657
0.02 0.38 0 0.418802019915033
0.02 0.39 0 0.26565206760683113
0.02 0.4 0 0.17106929141091032
0.02 0.41000000000000003 0 0.23601638501669883
0.02 0.42 0 0.16255230405950585
0.02 0.43 0 0.07499171945108067
0.02 0.44 0 0.05416447753375529
0.02 0.45 0 0.04749270367800414
0.02 0.46 0 0.061518184141156146
0.02 0.47000000000000003 0 0.043771026683634584
0.02 0.48 0 0.05071996110872959
0.02 0.49 0 0.034401655866683624
0.02 0.5 0 0.01676863420643756
0.03 0.0 0 1.0966881550345493
0.03 0.01 0 0.8140037187403264
0.03 0.02 0 0.4808102559017982
0.03 0.03 0 0.569917121129403
0.03 0.04 0 0.6367432288268381
0.03 0.05 0 0.7284747282861828
0.03 0.06 0 0.4669191236217806
0.03 0.07 0 0.5272032583627233
0.03 0.08 0 0.49638557497394586
0.03 0.09 0 0.4116530677483765
0.03 0.1 0 0.41948701360881224
0.03 0.11 0 0.44060391652230524
0.03 0.12 0 0.4194702816631648
0.03 0.13 0 0.16392791762016845
0.03 0.14 0 0.11824375833571757
0.03 0.15 0 0.14804992909190162
0.03 0.16 0 0.25934924219888317
0.03 0.17 0 0.29076201617741526
0.03 0.18 0 0.2756754923175113
0.03 0.19 0 0.3855166841992947
0.03 0.2 0 0.3945446524512329
0.03 0.21 0 0.4753896150890407
0.03 0.22 0 0.5970566197670347
0.03 0.23 0 1.0653525040736707
0.03 0.24 0 1.013578748646125
0.03 0.25 0 0.6703295904775463
0.03 0.26 0 0.6877632327007415
0.03 0.27 0 0.9436061687048303
0.03 0.28 0 1.0963526265342305
0.03 0.29 0 0.6347953979946709
0.03 0.3 0 0.5229322142526003
0.03 0.31 0 0.4940080130272589
0.03 0.32 0 0.4904557177435832
0.03 0.33 0 0.44150748256708383
0.03 0.34 0 0.518887191500644
0.03 0.35000000000000003 0 0.601090949674149
0.03 0.36 0 0.3388044911466496
0.03 0.37 0 0.18180524511745286
0.03 0.38 0 0.12350739689357766
0.03 0.39 0 0.11728642622765893
0.03 0.4 0 0.0636111883305084
0.03 0.41000000000000003 0 0.03664570256296595
0.03 0.42 0 0.03397570970373534
0.03 0.43 0 0.038717255852564
0.03 0.44 0 0.03405021412753451
0.03 0.45 0 0.022960119171744824
0.03 0.46 0 0.0263096877407307
0.03 0.47000000000000003 0 0.027040799200448055
0.03 0.48 0 0.03078790467868179
0.03 0.49 0 0.03681526953230614
0.03 0.5 0 0.06284781628989511
0.04 0.0 0 0.03935764625871688
0.04 0.01 0 0.04643203782889993
0.04 0.02 0 0.06401059921002791
0.04 0.03 0 0.07140618421970267
0.04 0.04 0 0.06881289821021436
0.04 0.05 0 0.11015184728162532
0.04 0.06 0 0.10506912086549723
0.04 0.07 0 0.09729674738199082
0.04 0.08 0 0.07890093652206122
0.04 0.09 0 0.08590772502464893
0.04 0.1 0 0.06224682549728211
0.04 0.11 0 0.03127292517330093
0.04 0.12 0 0.0355843319282063
0.04 0.13 0 0.054140154184313984
0.04 0.14 0 0.0994099367207573
0.04 0.15 0 0.08116338692251875
0.04 0.16 0 0.09765496258804336
0.04 0.17 0 0.1392431370342742
0.04 0.18 0 0.18255550923259636
0.04 0.19 0 0.2748983886264239
0.04 0.2 0 0.37318550451498883
0.04 0.21 0 0.6596770948440884
0.04 0.22 0 0.4016187312369612
0.04 0.23 0 0.2959875961369116
0.04 0.24 0 0.29474960729174754
0.04 0.25 0 0.42851007304788563
0.04 0.26 0 0.44722018435989286
0.04 0.27 0 0.2820958452038363
0.04 0.28 0 0.38827313632889754
0.04 0.29 0 0.42914156154033595
0.04 0.3 0 0.5704347775189789
0.04 0.31 0 0.45063081565858604
0.04 0.32 0 0.4702229744932969
0.04 0.33 0 0.3726319928224029
0.04 0.34 0 0.17134843748159728
0.04 0.35000000000000003 0 0.1506791321422902
0.04 0.36 0 0.16547933700759745
0.04 0.37 0 0.2902000537998092
0.04 0.38 0 0.1917930672331549
0.04 0.39 0 0.17260520578511193
0.04 0.4 0 0.22719869726255526
0.04 0.41000000000000003 0 0.3136093462431876
0.04 0.42 0 0.41030872224721177
0.04 0.43 0 0.3476820880587298
0.04 0.44 0 0.5213820059867422
0.04 0.45 0 0.37186256976821674
0.04 0.46 0 0.3169699372924116
0.04 0.47000000000000003 0 0.31738204453005087
0.04 0.48 0 0.48098811418112203
0.04 0.49 0 0.5748447976739317
0.04 0.5 0 0.32674597150180273
0.05 0.0 0 0.4350711247516819
0.05 0.01 0 0.6889928538680375
0.05 0.02 0 0.5780050182455014
0.05 0.03 0 0.6545919542041417
0.05 0.04 0 0.341616490776978
0.05 0.05 0 0.22506025361418192
0.05 0.06 0 0.20327486611010046
0.05 0.07 0 0.1928838496590715
0.05 0.08 0 0.12038700646751631
0.05 0.09 0 0.03791136399532707
0.05 0.1 0 0.028046768169558586
0.05 0.11 0 0.021019309516110668
0.05 0.12 0 0.018128308631852733
0.05 0.13 0 0.011599549024584785
0.05 0.14 0 0.012255558546828698
0.05 0.15 0 0.01874126882987929
0.05 0.16 0 0.02020910002834381
0.05 0.17 0 0.03201579312127367
0.05 0.18 0 0.04967982431953457
0.05 0.19 0 0.09298915447312416
0.05 0.2 0 0.0819479542921042
0.05 0.21 0 0.08950673607000946
0.05 0.22 0 0.15844314698960374
0.05 0.23 0 0.24451704180996126
0.05 0.24 0 0.2638769233712274
0.05 0.25 0 0.2016559157198796
0.05 0.26 0 0.30832955234622034
0.05 0.27 0 0.37664585950559126
0.05 0.28 0 0.40416457546254086
0.05 0.29 0 0.3839134729186476
0.05 0.3 0 0.4481875608942212
0.05 0.31 0 0.4676656203350533
0.05 0.32 0 0.3543336176499466
0.05 0.33 0 0.5030722601798739
0.05 0.34 0 0.860907566548342
0.05 0.35000000000000003 0 1.262143455690172
0.05 0.36 0 0.9530166690423618
0.05 0.37 0 1.0830730506271442
0.05 0.38 0 2.047234981470364
0.05 0.39 0 3.418676842886379
0.05 0.4 0 4.071933144457226
0.05 0.41000000000000003 0 3.832674808111612
0.05 0.42 0 4.106047603616001
0.05 0.43 0 2.6270247855763817
0.05 0.44 0 1.8994363078743781
0.05 0.45 0 1.7866597279508702
0.05 0.46 0 1.8533835654137334
0.05 0.47000000000000003 0 0.9210225354358719
0.05 0.48 0 0.3078670674528358
0.05 0.49 0 0.19521820089905007
0.05 0.5 0 0.17822571886233274
0.06 0.0 0 0.08232992863413474
0.06 0.01 0 0.10355003823379721
0.06 0.02 0 0.06960886015230262
0.06 0.03 0 0.048582785401786954
0.06 0.04 0 0.03137866618213167
0.06 0.05 0 0.02029248349446972
0.06 0.06 0 0.007440060322291416
0.06 0.07 0 0.0033141340687627566
0.06 0.08 0 0.003335199543247455
0.06 0.09 0 0.003415790911384815
0.06 0.1 0 0.0031420846075296285
0.06 0.11 0 0.0022302436531855545
0.06 0.12 0 0.003780208294223274
0.06 0.13 0 0.00650825939054667
0.06 0.14 0 0.01047702797755289
0.06 0.15 0 0.015849292039054677
0.06 0.16 0 0.02089784000022505
0.06 0.17 0 0.02345052861309404
0.06 0.18 0 0.014279312462369643
0.06 0.19 0 0.021249005090464086
0.06 0.2 0 0.042022934191233735
0.06 0.21 0 0.08046265331057685
0.06 0.22 0 0.06784351029606923
0.06 0.23 0 0.053964108694609804
0.06 0.24 0 0.07944459738695311
0.06 0.25 0 0.08924492823738502
0.06 0.26 0 0.1254290658590965
0.06 0.27 0 0.11978319441359424
0.06 0.28 0 0.14344675303644747
0.06 0.29 0 0.0807246891757084
0.06 0.3 0 0.04493225597441971
0.06 0.31 0 0.055166740300403735
0.06 0.32 0 0.08212760789243018
0.06 0.33 0 0.11775077630138121
0.06 0.34 0 0.06539253620055346
0.06 0.35000000000000003 0 0.06588640460431555
0.06 0.36 0 0.058068780828710115
0.06 0.37 0 0.051642186173939016
0.06 0.38 0 0.04570357638779478
0.06 0.39 0 0.05350849402077731
0.06 0.4 0 0.11075250211416379
0.06 0.41000000000000003 0 0.1200631244924521
0.06 0.42 0 0.2342248865373018
0.06 0.43 0 0.46804763589536574
0.06 0.44 0 1.2059234732132742
0.06 0.45 0 1.5985127037042741
0.06 0.46 0 1.8057714159766611
0.06 0.47000000000000003 0 3.8238990711102816
0.06 0.48 0 4.563059832553537
0.06 0.49 0 4.115581177142699
0.06 0.5 0 1.606100920394312
0.07 0.0 0 0.008847105221819173
0.07 0.01 0 0.014762223579789997
0.07 0.02 0 0.023468708756283364
0.07 0.03 0 0.03161488853417336
0.07 0.04 0 0.024261862907678976
0.07 0.05 0 0.019905299880932616
0.07 0.06 0 0.040337202123455686
0.07 0.07 0 0.04610126062627215
0.07 0.08 0 0.044437368455032496
0.07 0.09 0 0.024063979241707355
0.07 0.1 0 0.02065090846814598
0.07 0.11 0 0.014119387234719318
0.07 0.12 0 0.008373549426062825
0.07 0.13 0 0.008727348642867637
0.07 0.14 0 0.008043202326269833
0.07 0.15 0 0.007931241863736758
0.07 0.16 0 0.004499446073421422
0.07 0.17 0 0.006485694293901823
0.07 0.18 0 0.012694464523411034
0.07 0.19 0 0.020385060564403912
0.07 0.2 0 0.025807107343610042
0.07 0.21 0 0.031845871410595666
0.07 0.22 0 0.06295569622251754
0.07 0.23 0 0.05912649286838063
0.07 0.24 0 0.06062470406168576
0.07 0.25 0 0.06298159692217063
0.07 0.26 0 0.08930227697480037
0.07 0.27 0 0.1033530285412151
0.07 0.28 0 0.11832499831668777
0.07 0.29 0 0.25021177739001
0.07 0.3 0 0.3339696349857446
0.07 0.31 0 0.2906593514005647
0.07 0.32 0 0.16016960785412546
0.07 0.33 0 0.17969039410870236
0.07 0.34 0 0.21557539142190724
0.07 0.35000000000000003 0 0.16868526399361827
0.07 0.36 0 0.11651457824277271
0.07 0.37 0 0.08293592382683966
0.07 0.38 0 0.07657112022138206
0.07 0.39 0 0.05329890674279991
0.07 0.4 0 0.06793512580509234
0.07 0.41000000000000003 0 0.10978764165252526
0.07 0.42 0 0.14387805414949634
0.07 0.43 0 0.11254682099290449
0.07 0.44 0 0.11377951870571763
0.07 0.45 0 0.245634796306337
0.07 0.46 0 0.4065313373546553
0.07 0.47000000000000003 0 0.4279060663721553
0.07 0.48 0 0.2981377896911956
0.07 0.49 0 0.2905415322176226
0.07 0.5 0 0.2602574958585819
0.08 0.0 0 0.02705054550202262
0.08 0.01 0 0.027957455311996553
0.08 0.02 0 0.02103078351087712
0.08 0.03 0 0.028694225269176532
0.08 0.04 0 0.06753655616664758
0.08 0.05 0 0.10734041272888972
0.08 0.06 0 0.12808807399495709
0.08 0.07 0 0.13767149559602096
0.08 0.08 0 0.21259352619874164
0.08 0.09 0 0.1857555062937161
0.08 0.1 0 0.141521337960165
0.08 0.11 0 0.11131403508121573
0.08 0.12 0 0.08811293169770353
0.08 0.13 0 0.06148738138455253
0.08 0.14 0 0.04704944276248018
0.08 0.15 0 0.10076518607693236
0.08 0.16 0 0.18855003331356557
0.08 0.17 0 0.23337990680701912
0.08 0.18 0 0.15142745031397453
0.08 0.19 0 0.1447426417934763
0.08 0.2 0 0.164759340457989
0.08 0.21 0 0.12778778826743906
0.08 0.22 0 0.12104540138184523
0.08 0.23 0 0.10304731685953136
0.08 0.24 0 0.11418790611989829
0.08 0.25 0 0.07565773205118607
0.08 0.26 0 0.09493568636418187
0.08 0.27 0 0.18975748004207457
0.08 0.28 0 0.2959005025362902
0.08 0.29 0 0.2956765422235691
0.08 0.3 0 0.2107607086576563
0.08 0.31 0 0.343487972959741
0.08 0.32 0 0.34869677693164847
0.08 0.33 0 0.3160001019206219
0.08 0.34 0 0.20611331386232698
0.08 0.35000000000000003 0 0.16222275802948408
0.08 0.36 0 0.1238368028761795
0.08 0.37 0 0.07375904595252607
0.08 0.38 0 0.11992109623965867
0.08 0.39 0 0.19490823040595714
0.08 0.4 0 0.3350429841640083
0.08 0.41000000000000003 0 0.25593126268210065
0.08 0.42 0 0.2776035878235555
0.08 0.43 0 0.3616116873777304
0.08 0.44 0 0.2493920792327705
0.08 0.45 0 0.15990729387033972
0.08 0.46 0 0.0831225867928235
0.08 0.47000000000000003 0 0.09765014716997825
0.08 0.48 0 0.07063400657350576
0.08 0.49 0 0.07137667883778634
0.08 0.5 0 0.09363400112838745
0.09 0.0 0 0.05721139586813448
0.09 0.01 0 0.06117899030989814
0.09 0.02 0 0.10604624773314707
0.09 0.03 0 0.0967594475774054
0.09 0.04 0 0.10396629088634916
0.09 0.05 0 0.08661558005804716
0.09 0.06 0 0.11676304540013065
0.09 0.07 0 0.07713427617009884
0.09 0.08 0 0.060979728949403934
0.09 0.09 0 0.06822553120106536
0.09 0.1 0 0.06453646408102294
0.09 0.11 0 0.06660332956753502
0.09 0.12 0 0.054786689355976394
0.09 0.13 0 0.10678294086833462
0.09 0.14 0 0.1028787911266087
0.09 0.15 0 0.0673281223140565
0.09 0.16 0 0.04054291314732143
0.09 0.17 0 0.04246228615598413
0.09 0.18 0 0.06822366532304555
0.09 0.19 0 0.059749830986154155
0.09 0.2 0 0.07983339617871307
0.09 0.21 0 0.08092118089777621
0.09 0.22 0 0.09522630120170297
0.09 0.23 0 0.08456605037978417
0.09 0.24 0 0.12903215717616884
0.09 0.25 0 0.30326975110332277
0.09 0.26 0 0.319246522450019
0.09 0.27 0 0.24471142886708822
0.09 0.28 0 0.1439174837328337
0.09 0.29 0 0.16333224950566988
0.09 0.3 0 0.10753992160040372
0.09 0.31 0 0.05427655305310241
0.09 0.32 0 0.03076086083530539
0.09 0.33 0 0.019349521498797755
0.09 0.34 0 0.014999313016427119
0.09 0.35000000000000003 0 0.010748203792158266
0.09 0.36 0 0.01900638145995722
0.09 0.37 0 0.028699641038314214
0.09 0.38 0 0.030548684784843384
0.09 0.39 0 0.023844029390291697
0.09 0.4 0 0.02952181610747466
0.09 0.41000000000000003 0 0.04939578914981298
0.09 0.42 0 0.0404892129978857
0.09 0.43 0 0.029129407645548566
0.09 0.44 0 0.020245854572637525
0.09 0.45 0 0.020704303608233224
0.09 0.46 0 0.016768413839810106
0.09 0.47000000000000003 0 0.01893824339475394
0.09 0.48 0 0.03188897046605514
0.09 0.49 0 0.0420900328141362
0.09 0.5 0 0.03911934181963706
0.1 0.0 0 0.14029383989366426
0.1 0.01 0 0.10180817280418293
0.1 0.02 0 0.05767808222241396
0.1 0.03 0 0.03604456445449755
0.1 0.04 0 0.03166727590199998
0.1 0.05 0 0.02176642956788081
0.1 0.06 0 0.0208574109941255
0.1 0.07 0 0.022509291764183717
0.1 0.08 0 0.01950629719956822
0.1 0.09 0 0.016013609209475047
0.1 0.1 0 0.022655279350322976
0.1 0.11 0 0.07324794068566688
0.1 0.12 0 0.14481125705870485
0.1 0.13 0 0.18364519127553122
0.1 0.14 0 0.18066203487968274
0.1 0.15 0 0.2523143503922778
0.1 0.16 0 0.25717440919368806
0.1 0.17 0 0.18406140900902926
0.1 0.18 0 0.15929364651712744
0.1 0.19 0 0.11853186633395388
0.1 0.2 0 0.08446158664795328
0.1 0.21 0 0.04788066782027374
0.1 0.22 0 0.06647895652528649
0.1 0.23 0 0.10238861695239683
0.1 0.24 0 0.10831773326872254
0.1 0.25 0 0.08301241472288926
0.1 0.26 0 0.07390579524401775
0.1 0.27 0 0.09692844622050703
0.1 0.28 0 0.06111104458541449
0.1 0.29 0 0.04372272943973566
0.1 0.3 0 0.03180299438571648
0.1 0.31 0 0.03466574946731638
0.1 0.32 0 0.030022391944408477
0.1 0.33 0 0.029625400485669622
0.1 0.34 0 0.05564308323389006
0.1 0.35000000000000003 0 0.06964702925875677
0.1 0.36 0 0.07993712229351592
0.1 0.37 0 0.06519820771633329
0.1 0.38 0 0.11222711448906576
0.1 0.39 0 0.12588201608460128
0.1 0.4 0 0.0733897481542123
0.1 0.41000000000000003 0 0.04181390392313926
0.1 0.42 0 0.029606623146561244
0.1 0.43 0 0.041735114185815325
0.1 0.44 0 0.039089227961422224
0.1 0.45 0 0.07032240050879822
0.1 0.46 0 0.10251480925507551
0.1 0.47000000000000003 0 0.11298223709521008
0.1 0.48 0 0.08858522315702518
0.1 0.49 0 0.08885284029889541
0.1 0.5 0 0.2060124246167395
0.11 0.0 0 0.09475843824102712
0.11 0.01 0 0.0862711880405656
0.11 0.02 0 0.10836050940017429
0.11 0.03 0 0.07450039880393837
0.11 0.04 0 0.11270113928183886
0.11 0.05 0 0.18080311349731812
0.11 0.06 0 0.26077636529974557
0.11 0.07 0 0.39707743692151065
0.11 0.08 0 0.7036388581616059
0.11 0.09 0 2.2251317177970042
0.11 0.1 0 2.4613203271390316
0.11 0.11 0 2.8386722310373638
0.11 0.12 0 2.9204455778617624
0.11 0.13 0 3.9532588661401578
0.11 0.14 0 3.0345794501336742
0.11 0.15 0 1.2087728751555604
0.11 0.16 0 0.762414386685823
0.11 0.17 0 0.3501797989980867
0.11 0.18 0 0.2458394564923124
0.11 0.19 0 0.16077687197717877
0.11 0.2 0 0.2437581849513959
0.11 0.21 0 0.3064153461509855
0.11 0.22 0 0.2097767673333575
0.11 0.23 0 0.20138816653222574
0.11 0.24 0 0.26211592520613464
0.11 0.25 0 0.5920308094110158
0.11 0.26 0 0.4762626264496577
0.11 0.27 0 0.35753712231976204
0.11 0.28 0 0.23188163291174016
0.11 0.29 0 0.15460762991217802
0.11 0.3 0 0.118528870033573
0.11 0.31 0 0.10680850930628984
0.11 0.32 0 0.18420090457845847
0.11 0.33 0 0.12801674035903315
0.11 0.34 0 0.06744163097203984
0.11 0.35000000000000003 0 0.03592205307759681
0.11 0.36 0 0.043594130636903
0.11 0.37 0 0.05706632607510973
0.11 0.38 0 0.04638488591139222
0.11 0.39 0 0.050963432550012976
0.11 0.4 0 0.04837040026964928
0.11 0.41000000000000003 0 0.05136686361359123
0.11 0.42 0 0.03569537871375845
0.11 0.43 0 0.042175337520014636
0.11 0.44 0 0.05341476122520321
0.11 0.45 0 0.04295379489592584
0.11 0.46 0 0.03158374623176383
0.11 0.47000000000000003 0 0.028967707189392886
0.11 0.48 0 0.043962238250169476
0.11 0.49 0 0.032738309779366405
0.11 0.5 0 0.02199383063397746
0.12 0.0 0 1.2165139876874442
0.12 0.01 0 1.0301999810179248
0.12 0.02 0 1.3775125605421548
0.12 0.03 0 1.68015122885312
0.12 0.04 0 1.47273206107069
0.12 0.05 0 1.512622631839055
0.12 0.06 0 2.250646687103162
0.12 0.07 0 3.5675825525288576
0.12 0.08 0 2.288924609668274
0.12 0.09 0 1.4308740704158736
0.12 0.1 0 1.2686512990785737
0.12 0.11 0 1.6624089457106872
0.12 0.12 0 1.572251258164447
0.12 0.13 0 1.3394757673508804
0.12 0.14 0 1.4155932326479215
0.12 0.15 0 1.1564420414935086
0.12 0.16 0 0.9557802903968092
0.12 0.17 0 0.9601029148693391
0.12 0.18 0 1.8192410115198572
0.12 0.19 0 1.9244079320201133
0.12 0.2 0 1.088092531304763
0.12 0.21 0 0.5682323293763409
0.12 0.22 0 0.44685097212878916
0.12 0.23 0 0.4081421923380166
0.12 0.24 0 0.2574704953788839
0.12 0.25 0 0.27752090543046193
0.12 0.26 0 0.3412981068655346
0.12 0.27 0 0.4738720079627566
0.12 0.28 0 0.45559873954960106
0.12 0.29 0 0.5937851529457787
0.12 0.3 0 0.8567265343221353
0.12 0.31 0 0.6421958612608254
0.12 0.32 0 0.45017385808790394
0.12 0.33 0 0.34013362357234495
0.12 0.34 0 0.452457275219952
0.12 0.35000000000000003 0 0.27375527707490993
0.12 0.36 0 0.1299810032048182
0.12 0.37 0 0.0726427849945012
0.12 0.38 0 0.050777071173372115
0.12 0.39 0 0.0368455201124443
0.12 0.4 0 0.017909860658964136
0.12 0.41000000000000003 0 0.016117944460441305
0.12 0.42 0 0.009637807189634437
0.12 0.43 0 0.005857265362488928
0.12 0.44 0 0.0036629194075177493
0.12 0.45 0 0.0046456332838212995
0.12 0.46 0 0.0070487462185091256
0.12 0.47000000000000003 0 0.0045027318824666165
0.12 0.48 0 0.003882225255537629
0.12 0.49 0 0.0042060286441990445
0.12 0.5 0 0.010670327219216945
0.13 0.0 0 0.3504200840536679
0.13 0.01 0 0.2539579730373647
0.13 0.02 0 0.18448116335606146
0.13 0.03 0 0.16508728375716356
0.13 0.04 0 0.25703171038664635
0.13 0.05 0 0.4488786406966706
0.13 0.06 0 0.329150737717552
0.13 0.07 0 0.42995150146219036
0.13 0.08 0 0.5583528205922851
0.13 0.09 0 0.9697688121442992
0.13 0.1 0 0.7961690717121749
0.13 0.11 0 0.6433205886949893
0.13 0.12 0 0.672517611249797
0.13 0.13 0 0.4344438453214766
0.13 0.14 0 0.3873812310303845
0.13 0.15 0 0.30252592667333705
0.13 0.16 0 0.4271820214051431
0.13 0.17 0 0.2479043576853929
0.13 0.18 0 0.12411821316897112
0.13 0.19 0 0.1111594108468518
0.13 0.2 0 0.15540147842714433
0.13 0.21 0 0.2744846307198007
0.13 0.22 0 0.21363777957812452
0.13 0.23 0 0.27603743026204897
0.13 0.24 0 0.24278211588029322
0.13 0.25 0 0.21003083887539173
0.13 0.26 0 0.15918936326281546
0.13 0.27 0 0.160432558788874
0.13 0.28 0 0.21055412962318243
0.13 0.29 0 0.12103891937983592
0.13 0.3 0 0.11443868717910656
0.13 0.31 0 0.1390605960068705
0.13 0.32 0 0.2983202948434481
0.13 0.33 0 0.3169648880741343
0.13 0.34 0 0.2600123528936153
0.13 0.35000000000000003 0 0.3257866027514885
0.13 0.36 0 0.35034679078126035
0.13 0.37 0 0.4476902421296401
0.13 0.38 0 0.3985462469172674
0.13 0.39 0 0.5921124947655495
0.13 0.4 0 0.47475326850936755
0.13 0.41000000000000003 0 0.2661719838431179
0.13 0.42 0 0.19576012058378947
0.13 0.43 0 0.21962121330455386
0.13 0.44 0 0.2975400280041819
0.13 0.45 0 0.17496779630560616
0.13 0.46 0 0.1512239072668651
0.13 0.47000000000000003 0 0.15027457247821344
0.13 0.48 0 0.17936248957939693
0.13 0.49 0 0.15197989534046547
0.13 0.5 0 0.13739542373296593
0.14 0.0 0 0.07504210501606404
0.14 0.01 0 0.07097880879349731
0.14 0.02 0 0.10227800945531354
0.14 0.03 0 0.1356644635353121
0.14 0.04 0 0.09015493835885406
0.14 0.05 0 0.0964046539909665
0.14 0.06 0 0.12627631106416426
0.14 0.07 0 0.17311919232961961
0.14 0.08 0 0.1860216414754556
0.14 0.09 0 0.2503034332935778
0.14 0.1 0 0.3950770198061242
0.14 0.11 0 0.35604681567181334
0.14 0.12 0 0.30980629998939124
0.14 0.13 0 0.29610747519235475
0.14 0.14 0 0.36153029023752775
0.14 0.15 0 0.262764374921364
0.14 0.16 0 0.23115862258944705
0.14 0.17 0 0.3966171033561747
0.14 0.18 0 0.8872088674259082
0.14 0.19 0 1.3224594909212042
0.14 0.2 0 1.1910130709821691
0.14 0.21 0 1.5210719926286467
0.14 0.22 0 1.6619978116080734
0.14 0.23 0 1.6758250380859723
0.14 0.24 0 1.4408366515556528
0.14 0.25 0 1.6065677261202833
0.14 0.26 0 1.2579273747273891
0.14 0.27 0 0.5975121765034807
0.14 0.28 0 0.4516045364587719
0.14 0.29 0 0.5998230133655216
0.14 0.3 0 1.0920780173590894
0.14 0.31 0 0.9725761487359719
0.14 0.32 0 1.0580136841536096
0.14 0.33 0 1.4666548495333644
0.14 0.34 0 2.220572792266986
0.14 0.35000000000000003 0 2.736243317696064
0.14 0.36 0 2.9422156379879194
0.14 0.37 0 3.9450662580922065
0.14 0.38 0 2.432882507754515
0.14 0.39 0 1.554919439033417
0.14 0.4 0 1.257662573110053
0.14 0.41000000000000003 0 1.9998733241761664
0.14 0.42 0 2.1777497622806177
0.14 0.43 0 1.4260277915155828
0.14 0.44 0 1.529998332849704
0.14 0.45 0 1.9291964834658242
0.14 0.46 0 3.233124449954261
0.14 0.47000000000000003 0 2.9188707706696477
0.14 0.48 0 3.6186662206434566
0.14 0.49 0 3.162442922341859
0.14 0.5 0 1.738156454638458
0.15 0.0 0 0.0662752043059283
0.15 0.01 0 0.03215636589931466
0.15 0.02 0 0.012860284677354514
0.15 0.03 0 0.015153875751292034
0.15 0.04 0 0.020296147306318527
0.15 0.05 0 0.03272631767268006
0.15 0.06 0 0.026432049467129657
0.15 0.07 0 0.03376338046955262
0.15 0.08 0 0.04167236025513586
0.15 0.09 0 0.04545959725947884
0.15 0.1 0 0.08221641336770912
0.15 0.11 0 0.14614703151551633
0.15 0.12 0 0.29170228283223687
0.15 0.13 0 0.18157246701080756
0.15 0.14 0 0.17816968967279292
0.15 0.15 0 0.2694990503036372
0.15 0.16 0 0.4988812012135136
0.15 0.17 0 0.637523240694242
0.15 0.18 0 0.4659707541659286
0.15 0.19 0 0.5994542579470663
0.15 0.2 0 0.45203358229596324
0.15 0.21 0 0.5079126158435041
0.15 0.22 0 0.5965744255923078
0.15 0.23 0 1.1086975999435127
0.15 0.24 0 1.3430355142878987
0.15 0.25 0 0.7978592933419872
0.15 0.26 0 0.9141814158362377
0.15 0.27 0 1.0755654642916161
0.15 0.28 0 1.6691826538247447
0.15 0.29 0 1.137848884758942
0.15 0.3 0 1.1629323984428606
0.15 0.31 0 1.4320980130270937
0.15 0.32 0 1.377449681418251
0.15 0.33 0 1.553662367939458
0.15 0.34 0 1.6241361259509255
0.15 0.35000000000000003 0 2.9814351568222883
0.15 0.36 0 2.286933862483229
0.15 0.37 0 1.9302143033418881
0.15 0.38 0 1.8232777207703943
0.15 0.39 0 1.8318694322761382
0.15 0.4 0 1.3015895070265286
0.15 0.41000000000000003 0 0.6038178244990423
0.15 0.42 0 0.7466544579462939
0.15 0.43 0 0.8887424176115717
0.15 0.44 0 1.1158793345908027
0.15 0.45 0 0.8418062410005334
0.15 0.46 0 0.854842943533629
0.15 0.47000000000000003 0 0.9612319762834012
0.15 0.48 0 0.8169147654520694
0.15 0.49 0 1.2511572612411133
0.15 0.5 0 1.993107825511175
0.16 0.0 0 0.057511261195740425
0.16 0.01 0 0.06313123035849627
0.16 0.02 0 0.0674017555295411
0.16 0.03 0 0.0795170503407065
0.16 0.04 0 0.08338262138158041
0.16 0.05 0 0.11647181617714872
0.16 0.06 0 0.13796661961042309
0.16 0.07 0 0.09867260406682216
0.16 0.08 0 0.10650496818567952
0.16 0.09 0 0.1221487736488749
0.16 0.1 0 0.137687311418384
0.16 0.11 0 0.08898376235588959
0.16 0.12 0 0.09650271340038603
0.16 0.13 0 0.17224530030570506
0.16 0.14 0 0.26043602815329614
0.16 0.15 0 0.2931347506482331
0.16 0.16 0 0.3169570117111484
0.16 0.17 0 0.5389649229261712
0.16 0.18 0 0.5856535525237042
0.16 0.19 0 0.5537505632832216
0.16 0.2 0 0.48276961995802664
0.16 0.21 0 0.4248870428718878
0.16 0.22 0 0.22251080458171585
0.16 0.23 0 0.0961396181480803
0.16 0.24 0 0.07816360723803804
0.16 0.25 0 0.0709553988474075
0.16 0.26 0 0.04982612795911203
0.16 0.27 0 0.023739354296434798
0.16 0.28 0 0.024556354614921082
0.16 0.29 0 0.0395353712343556
0.16 0.3 0 0.06628166967644904
0.16 0.31 0 0.09482925341621372
0.16 0.32 0 0.12715024994918125
0.16 0.33 0 0.14835066884849737
0.16 0.34 0 0.09873091791229079
0.16 0.35000000000000003 0 0.11577618745661174
0.16 0.36 0 0.2281896719361412
0.16 0.37 0 0.5490255612976971
0.16 0.38 0 0.561668678581966
0.16 0.39 0 0.45109354972375176
0.16 0.4 0 0.5566960629308445
0.16 0.41000000000000003 0 0.6803866241165707
0.16 0.42 0 0.8328745949047918
0.16 0.43 0 0.7486485407862252
0.16 0.44 0 1.0006411948327174
0.16 0.45 0 0.7786511637954483
0.16 0.46 0 0.5465970805284339
0.16 0.47000000000000003 0 0.5450253546762933
0.16 0.48 0 0.8114706397136309
0.16 0.49 0 1.1330028781773749
0.16 0.5 0 0.7114281034368819
0.17 0.0 0 0.02942448908475773
0.17 0.01 0 0.03183561914751579
0.17 0.02 0 0.02221465598449302
0.17 0.03 0 0.024355289480572775
0.17 0.04 0 0.015377864140898732
0.17 0.05 0 0.010139973187029092
0.17 0.06 0 0.009785875083962687
0.17 0.07 0 0.010026080163853335
0.17 0.08 0 0.00974336310983565
0.17 0.09 0 0.005599025167938068
0.17 0.1 0 0.009000252971128166
0.17 0.11 0 0.014393012650512045
0.17 0.12 0 0.019601987415191962
0.17 0.13 0 0.014758573058538869
0.17 0.14 0 0.012709429224107264
0.17 0.15 0 0.019120695216004988
0.17 0.16 0 0.019572135927415357
0.17 0.17 0 0.03546395649386799
0.17 0.18 0 0.053360549620834044
0.17 0.19 0 0.09280605115194093
0.17 0.2 0 0.06927957106743167
0.17 0.21 0 0.056356673777398475
0.17 0.22 0 0.10358426971219278
0.17 0.23 0 0.1655883050358345
0.17 0.24 0 0.2390540706348709
0.17 0.25 0 0.15681189541605225
0.17 0.26 0 0.19102256287953384
0.17 0.27 0 0.154611691915502
0.17 0.28 0 0.10444582022089084
0.17 0.29 0 0.07596318034290007
0.17 0.3 0 0.05881104825117896
0.17 0.31 0 0.05789254459588649
0.17 0.32 0 0.028120742110433226
0.17 0.33 0 0.03168856370076555
0.17 0.34 0 0.03974072781148126
0.17 0.35000000000000003 0 0.05368627718350199
0.17 0.36 0 0.04348933304010395
0.17 0.37 0 0.041284622415389015
0.17 0.38 0 0.09424502828248522
0.17 0.39 0 0.1490749805154346
0.17 0.4 0 0.29055756326836746
0.17 0.41000000000000003 0 0.4162129176411844
0.17 0.42 0 0.9701352606804005
0.17 0.43 0 1.356141524446329
0.17 0.44 0 1.40933610341077
0.17 0.45 0 1.9733873873111987
0.17 0.46 0 1.8299540847922053
0.17 0.47000000000000003 0 1.299267641379932
0.17 0.48 0 0.4418705118671579
0.17 0.49 0 0.38150214518018427
0.17 0.5 0 0.4236115705564924
0.18 0.0 0 0.1632574485086782
0.18 0.01 0 0.16607879792707095
0.18 0.02 0 0.1327493634726212
0.18 0.03 0 0.11058213295631826
0.18 0.04 0 0.17171420181623256
0.18 0.05 0 0.19696566848343536
0.18 0.06 0 0.18988046610278242
0.18 0.07 0 0.125924591198895
0.18 0.08 0 0.18656418475989267
0.18 0.09 0 0.2569560659849037
0.18 0.1 0 0.21812934060220712
0.18 0.11 0 0.1624935251811469
0.18 0.12 0 0.15251222987918348
0.18 0.13 0 0.2255164210930747
0.18 0.14 0 0.2134871922319746
0.18 0.15 0 0.2689975303578821
0.18 0.16 0 0.3112638736692472
0.18 0.17 0 0.2978075682092989
0.18 0.18 0 0.19061608905376926
0.18 0.19 0 0.17026022484718267
0.18 0.2 0 0.3119884040461232
0.18 0.21 0 0.3716309899899624
0.18 0.22 0 0.2620699417830106
0.18 0.23 0 0.1307721043263211
0.18 0.24 0 0.11378972508412773
0.18 0.25 0 0.09618737956474206
0.18 0.26 0 0.08386103269056211
0.18 0.27 0 0.1001964605556714
0.18 0.28 0 0.14239738595655144
0.18 0.29 0 0.17240596470888803
0.18 0.3 0 0.1455014187386276
0.18 0.31 0 0.21590631045909786
0.18 0.32 0 0.31855491171113187
0.18 0.33 0 0.3035518813791667
0.18 0.34 0 0.15169494538456355
0.18 0.35000000000000003 0 0.10638264444937923
0.18 0.36 0 0.11463755890796934
0.18 0.37 0 0.09927769153630382
0.18 0.38 0 0.08526548383736869
0.18 0.39 0 0.08068369273629554
0.18 0.4 0 0.11897264850350327
0.18 0.41000000000000003 0 0.13032032692550782
0.18 0.42 0 0.21174667236035388
0.18 0.43 0 0.5189227824911999
0.18 0.44 0 1.2066831883600841
0.18 0.45 0 1.4703764110225506
0.18 0.46 0 1.160829292435761
0.18 0.47000000000000003 0 1.7876665323666021
0.18 0.48 0 2.4177680185628057
0.18 0.49 0 2.77503082933057
0.18 0.5 0 2.014545518862631
0.19 0.0 0 0.28907758565931785
0.19 0.01 0 0.35842292203570925
0.19 0.02 0 0.5575224521878959
0.19 0.03 0 0.6146847656866055
0.19 0.04 0 0.371976663274581
0.19 0.05 0 0.18901240277951276
0.19 0.06 0 0.2421644221545632
0.19 0.07 0 0.22588852378309268
0.19 0.08 0 0.19716416027645697
0.19 0.09 0 0.12616364350048354
0.19 0.1 0 0.12771798687089336
0.19 0.11 0 0.13045196554135957
0.19 0.12 0 0.10748385976343655
0.19 0.13 0 0.18124174498657902
0.19 0.14 0 0.2897317177934763
0.19 0.15 0 0.5160566503813019
0.19 0.16 0 0.4302674784829886
0.19 0.17 0 0.579339360169142
0.19 0.18 0 0.8113910137761501
0.19 0.19 0 0.6139378293237384
0.19 0.2 0 0.35467174458883627
0.19 0.21 0 0.1801644261549089
0.19 0.22 0 0.21748426713792238
0.19 0.23 0 0.14992535232158655
0.19 0.24 0 0.1306756011867331
0.19 0.25 0 0.12017989669680806
0.19 0.26 0 0.13404717067199629
0.19 0.27 0 0.13585127937802835
0.19 0.28 0 0.10074101388066273
0.19 0.29 0 0.16999710588616548
0.19 0.3 0 0.15817178686374606
0.19 0.31 0 0.11368588642936839
0.19 0.32 0 0.04819724009815039
0.19 0.33 0 0.04446340235921876
0.19 0.34 0 0.06616717258032201
0.19 0.35000000000000003 0 0.06504272566279225
0.19 0.36 0 0.08664507135998069
0.19 0.37 0 0.09546311975389762
0.19 0.38 0 0.1792032547291607
0.19 0.39 0 0.19296753595606503
0.19 0.4 0 0.3327991795148069
0.19 0.41000000000000003 0 0.6982717573870862
0.19 0.42 0 0.8354994717953945
0.19 0.43 0 0.6670164070420722
0.19 0.44 0 0.39641275588628283
0.19 0.45 0 0.7359147855460872
0.19 0.46 0 0.9842937415452709
0.19 0.47000000000000003 0 1.1927504961352196
0.19 0.48 0 1.0758161031903644
0.19 0.49 0 1.1515050018297361
0.19 0.5 0 1.3583463636603466
0.2 0.0 0 0.4554406362924397
0.2 0.01 0 0.3983527038169547
0.2 0.02 0 0.37432339355584693
0.2 0.03 0 0.338993448822484
0.2 0.04 0 0.6247181539932467
0.2 0.05 0 0.5159182259234618
0.2 0.06 0 0.31855452204774776
0.2 0.07 0 0.23148424135046908
0.2 0.08 0 0.25571410225167185
0.2 0.09 0 0.3406496101157779
0.2 0.1 0 0.28401006971380505
0.2 0.11 0 0.3853150600700741
0.2 0.12 0 0.3713495508068449
0.2 0.13 0 0.35333902980844945
0.2 0.14 0 0.3372107770581433
0.2 0.15 0 0.6662791366970474
0.2 0.16 0 1.605809965570194
0.2 0.17 0 1.4511545547854474
0.2 0.18 0 0.9692122619842658
0.2 0.19 0 0.6393481571775397
0.2 0.2 0 0.77973957229245
0.2 0.21 0 0.7009943636142041
0.2 0.22 0 0.6939234316564357
0.2 0.23 0 0.7834001330011776
0.2 0.24 0 0.693213987460601
0.2 0.25 0 0.5248102179930584
0.2 0.26 0 0.4525002439187947
0.2 0.27 0 0.9334989521670948
0.2 0.28 0 1.4141221254152265
0.2 0.29 0 1.3246533730574193
0.2 0.3 0 0.9827444858761984
0.2 0.31 0 1.2115240911852934
0.2 0.32 0 1.7067359232621557
0.2 0.33 0 1.6528935564342757
0.2 0.34 0 1.828624745524026
0.2 0.35000000000000003 0 1.8921501425225464
0.2 0.36 0 1.736468976214349
0.2 0.37 0 0.9924139593507344
0.2 0.38 0 0.9244329923553827
0.2 0.39 0 1.1837431011694615
0.2 0.4 0 1.2169460834006594
0.2 0.41000000000000003 0 0.8984674415419602
0.2 0.42 0 0.7785710876313238
0.2 0.43 0 1.08824016313372
0.2 0.44 0 0.9096510644916673
0.2 0.45 0 0.655864793490292
0.2 0.46 0 0.5362193024847516
0.2 0.47000000000000003 0 0.8136530365829542
0.2 0.48 0 1.0745288188082933
0.2 0.49 0 1.2321288188093538
0.2 0.5 0 1.7182597903754575
0.21 0.0 0 0.12492839418665352
0.21 0.01 0 0.133144268675368
0.21 0.02 0 0.284897543588538
0.21 0.03 0 0.34821683605854675
0.21 0.04 0 0.4155425425393316
0.21 0.05 0 0.46924351583782126
0.21 0.06 0 0.818728860047271
0.21 0.07 0 1.05470065007368
0.21 0.08 0 1.465528959555167
0.21 0.09 0 3.136011794722927
0.21 0.1 0 4.688925611976696
0.21 0.11 0 5.977472929996126
0.21 0.12 0 5.414156835711428
0.21 0.13 0 10.245603023072585
0.21 0.14 0 11.876850563721176
0.21 0.15 0 7.339283453403596
0.21 0.16 0 3.6144993863527652
0.21 0.17 0 2.184912875352951
0.21 0.18 0 2.0659832952449695
0.21 0.19 0 1.1407777726612147
0.21 0.2 0 1.1853129166859813
0.21 0.21 0 1.2490654978217
0.21 0.22 0 1.5450169134206904
0.21 0.23 0 1.3732097040563238
0.21 0.24 0 1.4926463627546858
0.21 0.25 0 2.822478291175461
0.21 0.26 0 2.4726307619647576
0.21 0.27 0 2.0490678328058127
0.21 0.28 0 1.3008271680204997
0.21 0.29 0 1.5987164465666575
0.21 0.3 0 1.0622827325696411
0.21 0.31 0 0.40923738297296414
0.21 0.32 0 0.20216200455577105
0.21 0.33 0 0.11075849688078804
0.21 0.34 0 0.11619960855402799
0.21 0.35000000000000003 0 0.10141522522328959
0.21 0.36 0 0.2332655498981369
0.21 0.37 0 0.40110894638323696
0.21 0.38 0 0.4192289063315211
0.21 0.39 0 0.35386407393345837
0.21 0.4 0 0.4149481016779105
0.21 0.41000000000000003 0 1.0514885137163845
0.21 0.42 0 1.0605232776760847
0.21 0.43 0 1.0505681656988084
0.21 0.44 0 0.7391308439122168
0.21 0.45 0 0.7376989230878118
0.21 0.46 0 0.6152708201591394
0.21 0.47000000000000003 0 0.5323012617402537
0.21 0.48 0 0.883326443461776
0.21 0.49 0 0.7671091787725666
0.21 0.5 0 0.6049810022012286
0.22 0.0 0 4.705025973922499
0.22 0.01 0 3.587444936276779
0.22 0.02 0 2.568804002824082
0.22 0.03 0 1.592975705332435
0.22 0.04 0 1.2306897983186043
0.22 0.05 0 0.8831320724616913
0.22 0.06 0 0.6830483578987337
0.22 0.07 0 1.134725882626339
0.22 0.08 0 1.1618778564697239
0.22 0.09 0 1.442645456369727
0.22 0.1 0 1.7373599530947839
0.22 0.11 0 3.664200900618881
0.22 0.12 0 4.444479910971078
0.22 0.13 0 2.4201987607487747
0.22 0.14 0 1.7268028859934046
0.22 0.15 0 1.3957734767963061
0.22 0.16 0 1.550937987099712
0.22 0.17 0 0.8930098420351271
0.22 0.18 0 0.7165614381933612
0.22 0.19 0 0.5566660988050713
0.22 0.2 0 0.37916136049056604
0.22 0.21 0 0.31761787151431037
0.22 0.22 0 0.39697226079868325
0.22 0.23 0 0.8059404127807658
0.22 0.24 0 0.6135957370539825
0.22 0.25 0 0.3451837131849329
0.22 0.26 0 0.19713639758120682
0.22 0.27 0 0.17414350606350845
0.22 0.28 0 0.12632844277986477
0.22 0.29 0 0.07701594804053809
0.22 0.3 0 0.08326720133471703
0.22 0.31 0 0.09443606113313889
0.22 0.32 0 0.1220833682302628
0.22 0.33 0 0.14339933327155277
0.22 0.34 0 0.28686505488570513
0.22 0.35000000000000003 0 0.4151370410158246
0.22 0.36 0 0.3095899549982146
0.22 0.37 0 0.2120695127475223
0.22 0.38 0 0.2111843433336804
0.22 0.39 0 0.26834704461049547
0.22 0.4 0 0.17821470324272354
0.22 0.41000000000000003 0 0.12956333970955894
0.22 0.42 0 0.11641670688415254
0.22 0.43 0 0.13508901468737902
0.22 0.44 0 0.1271292074554816
0.22 0.45 0 0.14752332504181553
0.22 0.46 0 0.23502117694915262
0.22 0.47000000000000003 0 0.24354921385215714
0.22 0.48 0 0.19344750275961858
0.22 0.49 0 0.16029351759638122
0.22 0.5 0 0.24274260586438576
0.23 0.0 0 0.2760333512607343
0.23 0.01 0 0.2137557112760095
0.23 0.02 0 0.19631173613966818
0.23 0.03 0 0.12749489192269714
0.23 0.04 0 0.11678491607289972
0.23 0.05 0 0.1362485664957968
0.23 0.06 0 0.11577359410432209
0.23 0.07 0 0.10717656765578393
0.23 0.08 0 0.12555312529187262
0.23 0.09 0 0.26265170609267197
0.23 0.1 0 0.27143634459043087
0.23 0.11 0 0.24953714429262483
0.23 0.12 0 0.29885927572411203
0.23 0.13 0 0.5133791692328676
0.23 0.14 0 0.716944281262835
0.23 0.15 0 0.5393543316676964
0.23 0.16 0 0.6112071130500886
0.23 0.17 0 0.5333212370940049
0.23 0.18 0 0.5593080994756551
0.23 0.19 0 0.5546037786316609
0.23 0.2 0 0.9755712028200869
0.23 0.21 0 1.4675026901274528
0.23 0.22 0 0.865168957131779
0.23 0.23 0 0.575727179200499
0.23 0.24 0 0.4679507462590144
0.23 0.25 0 0.7591694231451437
0.23 0.26 0 0.5993095757412109
0.23 0.27 0 0.474094225037936
0.23 0.28 0 0.38374038160202656
0.23 0.29 0 0.25610325647116783
0.23 0.3 0 0.17737869614664117
0.23 0.31 0 0.10857186045530594
0.23 0.32 0 0.1503259133050467
0.23 0.33 0 0.10364660239118356
0.23 0.34 0 0.06566193776134148
0.23 0.35000000000000003 0 0.04732266638457828
0.23 0.36 0 0.06977993312623092
0.23 0.37 0 0.12668979428247448
0.23 0.38 0 0.11315651437359868
0.23 0.39 0 0.17050350687184532
0.23 0.4 0 0.22511802396070302
0.23 0.41000000000000003 0 0.4286298901167944
0.23 0.42 0 0.4934193329267014
0.23 0.43 0 0.7575722854873752
0.23 0.44 0 1.2429984605740467
0.23 0.45 0 0.9470896366911278
0.23 0.46 0 0.8156764265411967
0.23 0.47000000000000003 0 0.7073585864581093
0.23 0.48 0 1.4216830225631216
0.23 0.49 0 1.2504607451482153
0.23 0.5 0 0.881120806193132
0.24 0.0 0 0.5200378490019312
0.24 0.01 0 0.5624487955538806
0.24 0.02 0 0.6632300396134219
0.24 0.03 0 0.8063327898727012
0.24 0.04 0 0.49270375918947784
0.24 0.05 0 0.5429036814408001
0.24 0.06 0 0.717370765060256
0.24 0.07 0 1.4950775587884328
0.24 0.08 0 1.059449112143761
0.24 0.09 0 0.5589364940592478
0.24 0.1 0 0.45104405888019894
0.24 0.11 0 0.41744983453813667
0.24 0.12 0 0.5056990253034317
0.24 0.13 0 0.42426486474788233
0.24 0.14 0 0.6987547975317997
0.24 0.15 0 0.7159332428456011
0.24 0.16 0 0.6846285675231655
0.24 0.17 0 0.8012790092476788
0.24 0.18 0 1.3817737395354217
0.24 0.19 0 2.388589395109421
0.24 0.2 0 1.497478103767255
0.24 0.21 0 1.2471020906693169
0.24 0.22 0 1.0166675684789905
0.24 0.23 0 0.9780318182603224
0.24 0.24 0 0.5548770797174675
0.24 0.25 0 0.36434319045860936
0.24 0.26 0 0.39065422583040166
0.24 0.27 0 0.30733793018961836
0.24 0.28 0 0.26631800819972223
0.24 0.29 0 0.2129515800274278
0.24 0.3 0 0.27834858583711036
0.24 0.31 0 0.21518147562167841
0.24 0.32 0 0.15914244008844725
0.24 0.33 0 0.20545271218734618
0.24 0.34 0 0.3726066465262039
0.24 0.35000000000000003 0 0.5636087967308149
0.24 0.36 0 0.42079264603856825
0.24 0.37 0 0.4944689717718931
0.24 0.38 0 0.6361002988146817
0.24 0.39 0 0.8189586744746696
0.24 0.4 0 0.7758270542298725
0.24 0.41000000000000003 0 0.7951605361993553
0.24 0.42 0 0.729706266591176
0.24 0.43 0 0.37100965145863657
0.24 0.44 0 0.25023627341079807
0.24 0.45 0 0.2735362293657689
0.24 0.46 0 0.4253631713040946
0.24 0.47000000000000003 0 0.30901403063961114
0.24 0.48 0 0.19525557693059167
0.24 0.49 0 0.19765783588855126
0.24 0.5 0 0.31265932131983126
0.25 0.0 0 0.6854922368874581
0.25 0.01 0 0.6406953676970873
0.25 0.02 0 0.4054652080566034
0.25 0.03 0 0.34186183744960075
0.25 0.04 0 0.40852998298408205
0.25 0.05 0 0.5679413552524103
0.25 0.06 0 0.4148901071141033
0.25 0.07 0 0.4084661485551037
0.25 0.08 0 0.5441534025234679
0.25 0.09 0 0.681645990816844
0.25 0.1 0 0.4988224557024608
0.25 0.11 0 0.30688067303004246
0.25 0.12 0 0.3123667999531345
0.25 0.13 0 0.2625408937907071
0.25 0.14 0 0.286585108418751
0.25 0.15 0 0.3431563504313981
0.25 0.16 0 0.5769635237308965
0.25 0.17 0 0.5035758016690741
0.25 0.18 0 0.2903086270759271
0.25 0.19 0 0.31520336473431987
0.25 0.2 0 0.5161036570552192
0.25 0.21 0 0.9839206470047241
0.25 0.22 0 0.8407392293677298
0.25 0.23 0 0.9863091048325493
0.25 0.24 0 1.078646521370869
0.25 0.25 0 1.15115467058546
0.25 0.26 0 1.2795270237759062
0.25 0.27 0 1.5804404396454306
0.25 0.28 0 2.2906327080472715
0.25 0.29 0 1.1703643007600382
0.25 0.3 0 0.7554525487386962
0.25 0.31 0 0.6524500426753308
0.25 0.32 0 0.9835874131071729
0.25 0.33 0 0.8599855981707198
0.25 0.34 0 0.46354931890679424
0.25 0.35000000000000003 0 0.4040496867212693
0.25 0.36 0 0.3082837140635838
0.25 0.37 0 0.3756960467124378
0.25 0.38 0 0.406547363656429
0.25 0.39 0 0.918179610316542
0.25 0.4 0 1.3080818190429473
0.25 0.41000000000000003 0 0.9657772426372927
0.25 0.42 0 0.8006314178419461
0.25 0.43 0 0.7248629221504075
0.25 0.44 0 0.9543215641287105
0.25 0.45 0 0.4916148919607039
0.25 0.46 0 0.3951458864424304
0.25 0.47000000000000003 0 0.3458734922581597
0.25 0.48 0 0.31838603580176006
0.25 0.49 0 0.21763768610057965
0.25 0.5 0 0.1253480103549339
0.26 0.0 0 0.14988082688095986
0.26 0.01 0 0.2427843709829433
0.26 0.02 0 0.3941070937798372
0.26 0.03 0 0.6577844770331118
0.26 0.04 0 0.36874903040965495
0.26 0.05 0 0.3552400158053222
0.26 0.06 0 0.45822436148069484
0.26 0.07 0 0.5939313839911625
0.26 0.08 0 0.734206746500856
0.26 0.09 0 0.766067495171092
0.26 0.1 0 1.4333156038162573
0.26 0.11 0 1.280207576062279
0.26 0.12 0 1.5434277666220055
0.26 0.13 0 1.8452451004189856
0.26 0.14 0 2.350806044642542
0.26 0.15 0 1.6260747017630088
0.26 0.16 0 0.6992031721225962
0.26 0.17 0 0.8116119796565602
0.26 0.18 0 1.042332669566334
0.26 0.19 0 1.7067778661133237
0.26 0.2 0 1.5584420503026943
0.26 0.21 0 2.0162616520477217
0.26 0.22 0 2.275547361239303
0.26 0.23 0 1.540096812336347
0.26 0.24 0 1.292798483146062
0.26 0.25 0 1.005336955682557
0.26 0.26 0 0.9442372198068792
0.26 0.27 0 0.3516928995313101
0.26 0.28 0 0.1766785607885441
0.26 0.29 0 0.12953612625136332
0.26 0.3 0 0.10357923895871676
0.26 0.31 0 0.07097808376024593
0.26 0.32 0 0.048471543601305844
0.26 0.33 0 0.08882051233060607
0.26 0.34 0 0.13613099488071392
0.26 0.35000000000000003 0 0.19205314266567958
0.26 0.36 0 0.1790967112847429
0.26 0.37 0 0.16450836487458725
0.26 0.38 0 0.09971805531404222
0.26 0.39 0 0.04282567490991203
0.26 0.4 0 0.04043769088629582
0.26 0.41000000000000003 0 0.054995449563933485
0.26 0.42 0 0.08080439113065194
0.26 0.43 0 0.06486424659582853
0.26 0.44 0 0.08796328357717
0.26 0.45 0 0.19891225492784165
0.26 0.46 0 0.4245360691956745
0.26 0.47000000000000003 0 0.6552406268996365
0.26 0.48 0 0.7032097260594015
0.26 0.49 0 0.6840409465811345
0.26 0.5 0 0.3131715899505054
0.27 0.0 0 7.23547668445402
0.27 0.01 0 3.532375862727302
0.27 0.02 0 1.0245157755455185
0.27 0.03 0 0.6447165372226531
0.27 0.04 0 0.6756100702779164
0.27 0.05 0 0.7207407803919028
0.27 0.06 0 0.6681194692145201
0.27 0.07 0 0.7052432515277547
0.27 0.08 0 0.8618642618869217
0.27 0.09 0 0.676053844413138
0.27 0.1 0 0.7068124943729157
0.27 0.11 0 0.9037135702370092
0.27 0.12 0 1.225343904052862
0.27 0.13 0 0.8822382167142223
0.27 0.14 0 0.7529670586456384
0.27 0.15 0 1.3285183702048924
0.27 0.16 0 2.4851902205794363
0.27 0.17 0 3.39474646098075
0.27 0.18 0 2.8476763860882235
0.27 0.19 0 3.6775799829696885
0.27 0.2 0 3.5457629635927357
0.27 0.21 0 3.2047497888893
0.27 0.22 0 2.9351886059959904
0.27 0.23 0 2.8975703619196707
0.27 0.24 0 1.9952228185645782
0.27 0.25 0 0.6712147393094583
0.27 0.26 0 0.44894458734174275
0.27 0.27 0 0.4372021394980645
0.27 0.28 0 0.5766920867083655
0.27 0.29 0 0.4479351686253053
0.27 0.3 0 0.4591948187672587
0.27 0.31 0 0.7092420713660172
0.27 0.32 0 0.7799908335169616
0.27 0.33 0 0.856222924104187
0.27 0.34 0 0.6915931047909086
0.27 0.35000000000000003 0 0.8011810049439138
0.27 0.36 0 0.4485666648872246
0.27 0.37 0 0.29293935743512817
0.27 0.38 0 0.3374606130653455
0.27 0.39 0 0.510795845856463
0.27 0.4 0 0.6739249863566923
0.27 0.41000000000000003 0 0.4546954714555541
0.27 0.42 0 0.7040215629644988
0.27 0.43 0 1.0227477932050677
0.27 0.44 0 1.6008748023856807
0.27 0.45 0 1.618859664887201
0.27 0.46 0 1.7332517652783874
0.27 0.47000000000000003 0 1.8813425261724879
0.27 0.48 0 0.9694039408028544
0.27 0.49 0 0.8657154821009562
0.27 0.5 0 0.8369711120214032
0.28 0.0 0 1.0735633176068196
0.28 0.01 0 1.5091437742346743
0.28 0.02 0 1.8854788732616004
0.28 0.03 0 2.4190389680072952
0.28 0.04 0 2.6347794074714215
0.28 0.05 0 3.0817923415370956
0.28 0.06 0 3.8668501301955267
0.28 0.07 0 2.100030187377042
0.28 0.08 0 2.0183569582763132
0.28 0.09 0 1.6446767921466692
0.28 0.1 0 1.5150583447284245
0.28 0.11 0 0.7823982066709745
0.28 0.12 0 0.5762064062593911
0.28 0.13 0 0.9462903144893404
0.28 0.14 0 1.0644078898926368
0.28 0.15 0 1.3234601986843202
0.28 0.16 0 1.237933371554041
0.28 0.17 0 2.674222000317339
0.28 0.18 0 3.9300951939795348
0.28 0.19 0 4.835632114591654
0.28 0.2 0 6.375620215793261
0.28 0.21 0 5.91487676202278
0.28 0.22 0 4.752928285964639
0.28 0.23 0 2.092170562684016
0.28 0.24 0 2.5814238977797053
0.28 0.25 0 3.3109810936935147
0.28 0.26 0 3.307442446188641
0.28 0.27 0 1.9502670933915445
0.28 0.28 0 1.2870522997384053
0.28 0.29 0 1.5602723143736819
0.28 0.3 0 1.1256379626064472
0.28 0.31 0 1.0273390193116123
0.28 0.32 0 0.7040324141080129
0.28 0.33 0 0.5331074920814232
0.28 0.34 0 0.239471119222242
0.28 0.35000000000000003 0 0.1374110427258964
0.28 0.36 0 0.2037368628269229
0.28 0.37 0 0.2871962132608102
0.28 0.38 0 0.33762425278426317
0.28 0.39 0 0.23280842421505313
0.28 0.4 0 0.32383485217786856
0.28 0.41000000000000003 0 0.41709612266829166
0.28 0.42 0 0.41583161518163464
0.28 0.43 0 0.37578355129555147
0.28 0.44 0 0.3317009482387217
0.28 0.45 0 0.3095193005039316
0.28 0.46 0 0.17754455302828878
0.28 0.47000000000000003 0 0.20167705551547865
0.28 0.48 0 0.3123645692806265
0.28 0.49 0 0.4674633230552804
0.28 0.5 0 0.3961292219799373
0.29 0.0 0 4.41342104970262
0.29 0.01 0 3.525964561947546
0.29 0.02 0 2.8720684838440613
0.29 0.03 0 3.067319235579006
0.29 0.04 0 3.9930573075534794
0.29 0.05 0 4.238798702188355
0.29 0.06 0 7.137261808141845
0.29 0.07 0 9.77385579227805
0.29 0.08 0 8.248119636740565
0.29 0.09 0 4.420849994210608
0.29 0.1 0 4.372335921225597
0.29 0.11 0 7.737841516554916
0.29 0.12 0 8.962922132619862
0.29 0.13 0 6.540829921827331
0.29 0.14 0 3.788347710686344
0.29 0.15 0 3.07000539405287
0.29 0.16 0 1.9172953272710167
0.29 0.17 0 1.5769573544661923
0.29 0.18 0 1.681714338050662
0.29 0.19 0 1.595723951585231
0.29 0.2 0 0.8224942331433125
0.29 0.21 0 0.33970225748936883
0.29 0.22 0 0.33735499131144814
0.29 0.23 0 0.4017570570254937
0.29 0.24 0 0.4697834538512636
0.29 0.25 0 0.3959221014077307
0.29 0.26 0 0.529163642615418
0.29 0.27 0 0.6589923957396527
0.29 0.28 0 0.5308765055622928
0.29 0.29 0 0.4577851344794967
0.29 0.3 0 0.39054113437361354
0.29 0.31 0 0.37122535724501693
0.29 0.32 0 0.17574457708082725
0.29 0.33 0 0.1287944901956702
0.29 0.34 0 0.11778543764085436
0.29 0.35000000000000003 0 0.09625176063602747
0.29 0.36 0 0.05436366546473901
0.29 0.37 0 0.03321328542692991
0.29 0.38 0 0.05304741195139409
0.29 0.39 0 0.06544865150869549
0.29 0.4 0 0.08806081161369325
0.29 0.41000000000000003 0 0.09676362020483047
0.29 0.42 0 0.1684531721802034
0.29 0.43 0 0.2440407279149735
0.29 0.44 0 0.2693527675448719
0.29 0.45 0 0.4954179398855888
0.29 0.46 0 0.6501078044797315
0.29 0.47000000000000003 0 0.7141147634417161
0.29 0.48 0 0.37115155381156334
0.29 0.49 0 0.4525572589170707
0.29 0.5 0 0.8047312685188027
0.3 0.0 0 10.141514017987522
0.3 0.01 0 13.206708705394467
0.3 0.02 0 12.718661679369184
0.3 0.03 0 9.320592143060635
0.3 0.04 0 14.865432627675558
0.3 0.05 0 15.863628058809304
0.3 0.06 0 15.603775230026237
0.3 0.07 0 8.256782830595645
0.3 0.08 0 8.804727993236574
0.3 0.09 0 10.299897254515427
0.3 0.1 0 7.199264841225189
0.3 0.11 0 5.884362290652216
0.3 0.12 0 4.700932006834626
0.3 0.13 0 6.942440019486075
0.3 0.14 0 4.485769075127864
0.3 0.15 0 3.4593561970059126
0.3 0.16 0 2.343761371043797
0.3 0.17 0 1.214890440643158
0.3 0.18 0 0.537234172666548
0.3 0.19 0 0.23646134486024237
0.3 0.2 0 0.321136165736921
0.3 0.21 0 0.26315592616757405
0.3 0.22 0 0.201258246270495
0.3 0.23 0 0.12667625297070653
0.3 0.24 0 0.1590641791533111
0.3 0.25 0 0.24959562394269885
0.3 0.26 0 0.24000586346959307
0.3 0.27 0 0.35227565820338663
0.3 0.28 0 0.370569707968074
0.3 0.29 0 0.4679852490890801
0.3 0.3 0 0.3586646927298788
0.3 0.31 0 0.5088512283085279
0.3 0.32 0 0.8378599001736258
0.3 0.33 0 0.6164558684481024
0.3 0.34 0 0.3162186491212093
0.3 0.35000000000000003 0 0.14809647389667455
0.3 0.36 0 0.19388040233168705
0.3 0.37 0 0.17829338671728154
0.3 0.38 0 0.16628315697179594
0.3 0.39 0 0.1323722075273279
0.3 0.4 0 0.09274107045980157
0.3 0.41000000000000003 0 0.05690150463830419
0.3 0.42 0 0.032395322784056574
0.3 0.43 0 0.05792980789673503
0.3 0.44 0 0.1010962733106604
0.3 0.45 0 0.14841387631665715
0.3 0.46 0 0.13245094701354385
0.3 0.47000000000000003 0 0.17960791923899838
0.3 0.48 0 0.2929449425463779
0.3 0.49 0 0.26373011816632913
0.3 0.5 0 0.23809491040854155
#STOP
