#MEDIUM_PROPERTIES_DISTRIBUTED
$MSH_TYPE
	 GROUNDWATER_FLOW	
$MMP_TYPE
	 PERMEABILITY	
$DIS_TYPE
	 NEAREST_VALUE	
;hj
$CONVERSION_FACTOR
2e-8;2e-6;2e-13
$DATA
0.0 0 0.0 0.5867713539622721
0.0 0 0.01 0.9526769775067112
0.0 0 0.02 2.328741830486883
0.0 0 0.03 4.84289949173241
0.0 0 0.04 4.6736652267360554
0.0 0 0.05 3.1137085754289813
0.0 0 0.06 1.5757817273168497
0.0 0 0.07 1.7060950625813096
0.0 0 0.08 1.090494267014054
0.0 0 0.09 0.9078695330321278
0.0 0 0.1 1.1440286243134015
0.0 0 0.11 1.1817822032802545
0.0 0 0.12 1.5093108096373966
0.0 0 0.13 1.45920371073218
0.0 0 0.14 1.1628005478203394
0.0 0 0.15 1.723130866260775
0.0 0 0.16 1.1385452486753092
0.0 0 0.17 0.8284617576611206
0.0 0 0.18 1.5708497861874187
0.0 0 0.19 0.9745030550393211
0.0 0 0.2 1.5357284850113826
0.0 0 0.21 3.632545087268528
0.0 0 0.22 3.512663485059107
0.0 0 0.23 2.204787892944817
0.0 0 0.24 1.6301320562753194
0.0 0 0.25 1.5326498591957385
0.0 0 0.26 2.8063846840225533
0.0 0 0.27 3.2803490365195462
0.0 0 0.28 5.446607690767176
0.0 0 0.29 8.740164752891479
0.0 0 0.3 3.1852887220880497
0.0 0 0.31 1.2737968672158126
0.0 0 0.32 0.8334193457344871
0.0 0 0.33 0.8055928150275592
0.0 0 0.34 0.6140090161595904
0.0 0 0.35000000000000003 0.5572517228340224
0.0 0 0.36 0.330398896017297
0.0 0 0.37 0.4064901152602833
0.0 0 0.38 0.3869744305934155
0.0 0 0.39 0.6064349244218251
0.0 0 0.4 0.9601645491646004
0.0 0 0.41000000000000003 0.8221409195222678
0.0 0 0.42 0.43225049134135146
0.0 0 0.43 0.7424843287584207
0.0 0 0.44 1.293270357738207
0.0 0 0.45 2.9500829802291197
0.0 0 0.46 4.093518402445292
0.0 0 0.47000000000000003 3.391009445513428
0.0 0 0.48 5.008972045528563
0.0 0 0.49 5.462553503769303
0.0 0 0.5 2.684237307144637
0.01 0 0.0 1.6357008589670896
0.01 0 0.01 1.9623133846246756
0.01 0 0.02 2.499624443292832
0.01 0 0.03 5.213926339630457
0.01 0 0.04 7.152505069172318
0.01 0 0.05 5.4207209545700366
0.01 0 0.06 4.914470762160955
0.01 0 0.07 2.798266051818466
0.01 0 0.08 2.2445868745856554
0.01 0 0.09 1.7100749532854291
0.01 0 0.1 0.7616818932000614
0.01 0 0.11 0.7953791705273591
0.01 0 0.12 0.9606820016213992
0.01 0 0.13 0.7577455204907412
0.01 0 0.14 0.46070609229750453
0.01 0 0.15 0.46710696607465607
0.01 0 0.16 0.48680583964179514
0.01 0 0.17 0.9457505221231182
0.01 0 0.18 1.209718663781206
0.01 0 0.19 1.009617131665819
0.01 0 0.2 0.868948794383591
0.01 0 0.21 0.8980277298790287
0.01 0 0.22 0.8339932104688664
0.01 0 0.23 1.2532531594807095
0.01 0 0.24 1.1755694418177844
0.01 0 0.25 1.2889120639097371
0.01 0 0.26 2.008583410170603
0.01 0 0.27 2.3261220842648958
0.01 0 0.28 3.9194224267913977
0.01 0 0.29 3.743911962232677
0.01 0 0.3 1.933696824414379
0.01 0 0.31 1.5549006167889499
0.01 0 0.32 1.3493239365226102
0.01 0 0.33 1.1673224725018971
0.01 0 0.34 1.3316170340959868
0.01 0 0.35000000000000003 0.566314935152809
0.01 0 0.36 0.41309636978573716
0.01 0 0.37 0.3025865166698328
0.01 0 0.38 0.26386359878565935
0.01 0 0.39 0.37239630222304426
0.01 0 0.4 0.5378343276405971
0.01 0 0.41000000000000003 0.551564341903097
0.01 0 0.42 0.9170290115660162
0.01 0 0.43 1.040811561084755
0.01 0 0.44 0.7917395730586251
0.01 0 0.45 0.6476061373158213
0.01 0 0.46 1.0670395371798054
0.01 0 0.47000000000000003 1.7300716803591814
0.01 0 0.48 2.50512126082225
0.01 0 0.49 1.3212731513815137
0.01 0 0.5 1.5092850090001562
0.02 0 0.0 2.8276761968334694
0.02 0 0.01 2.876489301682556
0.02 0 0.02 2.6239057297388726
0.02 0 0.03 2.9211313676003474
0.02 0 0.04 2.6265663841206575
0.02 0 0.05 3.387208992882457
0.02 0 0.06 4.527480116231057
0.02 0 0.07 4.014691151238433
0.02 0 0.08 3.839131761044725
0.02 0 0.09 2.419863986181294
0.02 0 0.1 1.405920215596557
0.02 0 0.11 1.05268630277595
0.02 0 0.12 0.679552693832349
0.02 0 0.13 0.7862860121504488
0.02 0 0.14 1.3398392055644535
0.02 0 0.15 1.2001288244547503
0.02 0 0.16 1.3815566907656254
0.02 0 0.17 1.7613992225969701
0.02 0 0.18 2.3023834387978996
0.02 0 0.19 1.8488976525980165
0.02 0 0.2 0.6206351233886642
0.02 0 0.21 0.31091622529225654
0.02 0 0.22 0.49173244585489573
0.02 0 0.23 0.7296147614728207
0.02 0 0.24 0.9900652584063051
0.02 0 0.25 0.8865738159771084
0.02 0 0.26 1.3736983132683527
0.02 0 0.27 2.917343346428374
0.02 0 0.28 3.7500954330971306
0.02 0 0.29 3.455224904071046
0.02 0 0.3 4.5507730638159
0.02 0 0.31 3.589409864642436
0.02 0 0.32 2.234110119238812
0.02 0 0.33 0.9623928507332513
0.02 0 0.34 0.7924675598110553
0.02 0 0.35000000000000003 0.7589113813448052
0.02 0 0.36 0.6975475950290911
0.02 0 0.37 0.7844995576959781
0.02 0 0.38 1.0273970578982352
0.02 0 0.39 1.1228839435014526
0.02 0 0.4 0.8776273183466017
0.02 0 0.41000000000000003 1.2284019125807237
0.02 0 0.42 0.7945036852611506
0.02 0 0.43 0.30959895000898086
0.02 0 0.44 0.3047656264937521
0.02 0 0.45 0.5486297246615381
0.02 0 0.46 0.5953779939647051
0.02 0 0.47000000000000003 0.7761326050788083
0.02 0 0.48 0.8535260216513592
0.02 0 0.49 2.491926445690892
0.02 0 0.5 2.1878698941636032
0.03 0 0.0 1.1781151209219631
0.03 0 0.01 1.8751858896550646
0.03 0 0.02 2.577594290285489
0.03 0 0.03 1.9948500105785874
0.03 0 0.04 2.2311438884095236
0.03 0 0.05 2.1862154575389807
0.03 0 0.06 2.5645616689333424
0.03 0 0.07 2.3018413587931064
0.03 0 0.08 1.9468209675864583
0.03 0 0.09 1.8017613336279619
0.03 0 0.1 1.8345071611773494
0.03 0 0.11 1.3253016408582825
0.03 0 0.12 2.1031716159414207
0.03 0 0.13 2.1881429906739727
0.03 0 0.14 1.7699277130183664
0.03 0 0.15 1.5596744429237466
0.03 0 0.16 1.7834473273635207
0.03 0 0.17 2.0584892692456616
0.03 0 0.18 1.910664515468855
0.03 0 0.19 1.4726671386074883
0.03 0 0.2 1.7586332587879872
0.03 0 0.21 1.7722825851211328
0.03 0 0.22 0.7340547410378095
0.03 0 0.23 0.7527881706139561
0.03 0 0.24 0.8564182616412054
0.03 0 0.25 1.0562488566594812
0.03 0 0.26 0.7427935933621165
0.03 0 0.27 0.8678257837143823
0.03 0 0.28 1.0921521085800348
0.03 0 0.29 1.7906062885421516
0.03 0 0.3 1.076347523548315
0.03 0 0.31 1.2950968346458807
0.03 0 0.32 2.032169530735592
0.03 0 0.33 2.114841441107279
0.03 0 0.34 1.7744052941181092
0.03 0 0.35000000000000003 3.4360410315620844
0.03 0 0.36 2.3454222803528837
0.03 0 0.37 1.3896469334769614
0.03 0 0.38 1.06898442182752
0.03 0 0.39 0.8553265216540978
0.03 0 0.4 1.0597030642751675
0.03 0 0.41000000000000003 0.6119287749588121
0.03 0 0.42 0.6152093324071005
0.03 0 0.43 0.6481689731471102
0.03 0 0.44 0.6440150287697466
0.03 0 0.45 0.82351392099439
0.03 0 0.46 0.9558480536674907
0.03 0 0.47000000000000003 0.5373164159698997
0.03 0 0.48 0.5930786559166495
0.03 0 0.49 0.7996796782360092
0.03 0 0.5 1.0616622358580747
0.04 0 0.0 0.8710411548080482
0.04 0 0.01 1.1293933630034805
0.04 0 0.02 0.9168634402057502
0.04 0 0.03 1.4353512070954515
0.04 0 0.04 1.3764081805430322
0.04 0 0.05 1.5363040736526479
0.04 0 0.06 1.6468680622386458
0.04 0 0.07 1.7962587990814172
0.04 0 0.08 1.4043005873588734
0.04 0 0.09 2.2180382847667133
0.04 0 0.1 1.453589321185913
0.04 0 0.11 1.7372603825697137
0.04 0 0.12 1.7972924150303002
0.04 0 0.13 2.028937601488815
0.04 0 0.14 2.722398171453843
0.04 0 0.15 3.470524566429586
0.04 0 0.16 2.8202684343664397
0.04 0 0.17 3.0641186358529846
0.04 0 0.18 3.7663214723757004
0.04 0 0.19 2.9941655588577794
0.04 0 0.2 1.9737389677490185
0.04 0 0.21 0.6830557182967136
0.04 0 0.22 0.5175796575663987
0.04 0 0.23 0.6167871554073068
0.04 0 0.24 0.7039220454063896
0.04 0 0.25 0.5787925940032987
0.04 0 0.26 0.857073019169079
0.04 0 0.27 0.4172219752456377
0.04 0 0.28 0.6186161979752266
0.04 0 0.29 0.8322907441291306
0.04 0 0.3 0.7990032193420735
0.04 0 0.31 1.0102262540653155
0.04 0 0.32 0.826788673921338
0.04 0 0.33 0.804394861258155
0.04 0 0.34 1.3344523114356412
0.04 0 0.35000000000000003 1.1244660163836524
0.04 0 0.36 1.2184403514087865
0.04 0 0.37 1.5154865223907832
0.04 0 0.38 1.340443951926928
0.04 0 0.39 1.8648164346444172
0.04 0 0.4 1.5398434914633792
0.04 0 0.41000000000000003 1.2389305238747321
0.04 0 0.42 1.235575133587531
0.04 0 0.43 1.3800698738958206
0.04 0 0.44 1.0164110794220758
0.04 0 0.45 0.9711719819009901
0.04 0 0.46 0.6578031038975266
0.04 0 0.47000000000000003 0.43924423710038646
0.04 0 0.48 0.5148126615008882
0.04 0 0.49 0.4076184581111362
0.04 0 0.5 0.9001232714305409
0.05 0 0.0 2.4259290428643756
0.05 0 0.01 1.5899174035435595
0.05 0 0.02 1.9029653289598725
0.05 0 0.03 1.0772584732285686
0.05 0 0.04 0.5354802268555248
0.05 0 0.05 0.5080923686791722
0.05 0 0.06 1.4989599982493584
0.05 0 0.07 1.2427944923563459
0.05 0 0.08 0.9461518142432994
0.05 0 0.09 0.7651337378283983
0.05 0 0.1 1.0965003957385806
0.05 0 0.11 1.6355402321822454
0.05 0 0.12 2.188204778788454
0.05 0 0.13 2.517323244742551
0.05 0 0.14 2.963390302511095
0.05 0 0.15 2.098732117508564
0.05 0 0.16 1.8701438681714926
0.05 0 0.17 2.398159271101956
0.05 0 0.18 1.8388591919324224
0.05 0 0.19 2.746905762977411
0.05 0 0.2 1.5783656677011908
0.05 0 0.21 0.8509593614635692
0.05 0 0.22 0.8079002593856945
0.05 0 0.23 0.6801558340269175
0.05 0 0.24 0.6793334487872803
0.05 0 0.25 0.7209587568356747
0.05 0 0.26 0.4041488532811765
0.05 0 0.27 0.37679445349992663
0.05 0 0.28 0.477757328658707
0.05 0 0.29 0.6911332947989994
0.05 0 0.3 0.6137774856594189
0.05 0 0.31 0.38601274019667453
0.05 0 0.32 0.6399572917385133
0.05 0 0.33 0.845782893383782
0.05 0 0.34 1.1761664620391055
0.05 0 0.35000000000000003 0.5507257250023536
0.05 0 0.36 0.45829285110096546
0.05 0 0.37 0.7338585234961514
0.05 0 0.38 1.2540597633750437
0.05 0 0.39 1.40598658165107
0.05 0 0.4 1.0927704887704925
0.05 0 0.41000000000000003 1.1314877309252092
0.05 0 0.42 1.7558048402609205
0.05 0 0.43 1.3384010618534765
0.05 0 0.44 0.899847294070341
0.05 0 0.45 0.6891852965796261
0.05 0 0.46 0.4537368304412697
0.05 0 0.47000000000000003 0.6195632320616328
0.05 0 0.48 0.4679602249657601
0.05 0 0.49 0.40599361548104285
0.05 0 0.5 0.31030664623855453
0.06 0 0.0 3.535395867509395
0.06 0 0.01 3.618137961982851
0.06 0 0.02 1.631429482476968
0.06 0 0.03 1.3129902341673712
0.06 0 0.04 1.1433210690906723
0.06 0 0.05 0.990860607384329
0.06 0 0.06 0.8563639579783299
0.06 0 0.07 0.8930282588641716
0.06 0 0.08 0.8279601923095872
0.06 0 0.09 0.8446022244723036
0.06 0 0.1 0.9775335954722352
0.06 0 0.11 0.7658690930055334
0.06 0 0.12 0.6343452772782181
0.06 0 0.13 0.4247776373509643
0.06 0 0.14 0.4310021804831101
0.06 0 0.15 0.7414793363666206
0.06 0 0.16 1.3840522735916667
0.06 0 0.17 1.1513494076778947
0.06 0 0.18 0.8570280518030514
0.06 0 0.19 0.7090609773877644
0.06 0 0.2 0.7264065373409963
0.06 0 0.21 0.37675914594964305
0.06 0 0.22 0.36995128556440227
0.06 0 0.23 0.6686703912477409
0.06 0 0.24 0.7219787530631566
0.06 0 0.25 0.8237390372785701
0.06 0 0.26 0.5063428106325626
0.06 0 0.27 0.47899369461812064
0.06 0 0.28 0.30649438387863465
0.06 0 0.29 0.24338219148788387
0.06 0 0.3 0.2176575568842494
0.06 0 0.31 0.23553531954742468
0.06 0 0.32 0.36556009964590236
0.06 0 0.33 0.8948023613689602
0.06 0 0.34 0.8270471015790655
0.06 0 0.35000000000000003 1.01416258674454
0.06 0 0.36 0.4642591706732276
0.06 0 0.37 0.413315831981917
0.06 0 0.38 0.40480943361427585
0.06 0 0.39 0.46932581183988714
0.06 0 0.4 0.6185327287180359
0.06 0 0.41000000000000003 0.4410381350694601
0.06 0 0.42 0.6896576207776519
0.06 0 0.43 2.268470248111106
0.06 0 0.44 3.9099087672503154
0.06 0 0.45 3.548877400333849
0.06 0 0.46 2.487142172007833
0.06 0 0.47000000000000003 1.3400972151861341
0.06 0 0.48 1.1962143809463646
0.06 0 0.49 0.6933950937176611
0.06 0 0.5 0.42425938870332874
0.07 0 0.0 2.008722764388634
0.07 0 0.01 2.32338969301915
0.07 0 0.02 1.7634243760048347
0.07 0 0.03 1.225871607598767
0.07 0 0.04 0.8840053154180051
0.07 0 0.05 0.7458457611562632
0.07 0 0.06 0.9727786577196544
0.07 0 0.07 1.3003110908228595
0.07 0 0.08 1.1035318445575342
0.07 0 0.09 1.2647745941948405
0.07 0 0.1 0.8667698749119984
0.07 0 0.11 1.0497423828021801
0.07 0 0.12 0.89268907147172
0.07 0 0.13 0.6965648184188139
0.07 0 0.14 0.7287800207836661
0.07 0 0.15 0.9347392414933107
0.07 0 0.16 1.0487405431301424
0.07 0 0.17 1.1216976945600823
0.07 0 0.18 0.5806988076639379
0.07 0 0.19 0.34924002253277986
0.07 0 0.2 0.3643607522995954
0.07 0 0.21 0.3267029736853742
0.07 0 0.22 0.32603515115661835
0.07 0 0.23 0.5573920997201162
0.07 0 0.24 0.7744511138998504
0.07 0 0.25 0.8560697402422959
0.07 0 0.26 0.9287404982672591
0.07 0 0.27 0.5244717508678465
0.07 0 0.28 0.4944389540252919
0.07 0 0.29 0.25696033133023305
0.07 0 0.3 0.2401920680034815
0.07 0 0.31 0.2023581928650119
0.07 0 0.32 0.12996365466306803
0.07 0 0.33 0.26227816966083917
0.07 0 0.34 0.5741772309784559
0.07 0 0.35000000000000003 0.3488066149620202
0.07 0 0.36 0.30900764077146037
0.07 0 0.37 0.3068751756137077
0.07 0 0.38 0.4826686586550863
0.07 0 0.39 0.475286962702567
0.07 0 0.4 0.5753917045862458
0.07 0 0.41000000000000003 0.8127738709645904
0.07 0 0.42 1.6597674196245544
0.07 0 0.43 2.3426156697361025
0.07 0 0.44 1.994387900078073
0.07 0 0.45 1.7898075968964637
0.07 0 0.46 1.394301890325757
0.07 0 0.47000000000000003 0.8709072093318246
0.07 0 0.48 1.0912894411097562
0.07 0 0.49 0.9195756223959141
0.07 0 0.5 0.6165952736076157
0.08 0 0.0 1.2612523035262904
0.08 0 0.01 1.218761157353937
0.08 0 0.02 2.2043840393504324
0.08 0 0.03 1.803496901434321
0.08 0 0.04 1.3399577228292734
0.08 0 0.05 1.8036928657464328
0.08 0 0.06 1.6583773887970472
0.08 0 0.07 1.6914418117937167
0.08 0 0.08 1.8052448789994968
0.08 0 0.09 1.098578376563038
0.08 0 0.1 0.7663503440310475
0.08 0 0.11 0.7087920591726511
0.08 0 0.12 1.2874711102885832
0.08 0 0.13 1.3660633747280124
0.08 0 0.14 0.8521640269625266
0.08 0 0.15 0.3761934278548429
0.08 0 0.16 0.31312779083966386
0.08 0 0.17 0.4696621657586661
0.08 0 0.18 0.4524633906610925
0.08 0 0.19 0.2685406918262501
0.08 0 0.2 0.25724389725794644
0.08 0 0.21 0.40739470000624867
0.08 0 0.22 0.8212649457073162
0.08 0 0.23 0.6729746512476886
0.08 0 0.24 0.8157903274636114
0.08 0 0.25 1.027252443103538
0.08 0 0.26 0.8900124310669062
0.08 0 0.27 0.4044227738928426
0.08 0 0.28 0.2042310048456755
0.08 0 0.29 0.1610522210826148
0.08 0 0.3 0.3166080217676832
0.08 0 0.31 0.8557153697574431
0.08 0 0.32 0.9429159290917768
0.08 0 0.33 0.81886306517768
0.08 0 0.34 0.7978508641085943
0.08 0 0.35000000000000003 0.9104570126000334
0.08 0 0.36 1.351054017670261
0.08 0 0.37 0.9077514941458529
0.08 0 0.38 0.5525258927486517
0.08 0 0.39 1.2509888601282864
0.08 0 0.4 1.542894344807479
0.08 0 0.41000000000000003 2.0220229516157193
0.08 0 0.42 1.1378966925232155
0.08 0 0.43 1.0698847765452215
0.08 0 0.44 0.9868958064331833
0.08 0 0.45 0.8070044817036559
0.08 0 0.46 0.7066793481958161
0.08 0 0.47000000000000003 1.2161093231785012
0.08 0 0.48 1.4770600463127084
0.08 0 0.49 1.5188976622210877
0.08 0 0.5 1.1091397883468759
0.09 0 0.0 1.9916544394861713
0.09 0 0.01 2.288771967724364
0.09 0 0.02 3.3212600145093223
0.09 0 0.03 3.544035538737101
0.09 0 0.04 1.5686633708242679
0.09 0 0.05 0.8864913808441577
0.09 0 0.06 1.0439674049025638
0.09 0 0.07 1.4747449831523067
0.09 0 0.08 2.314168892200187
0.09 0 0.09 1.0396080692962997
0.09 0 0.1 0.9143666372747155
0.09 0 0.11 1.300584556650465
0.09 0 0.12 1.4306935634393145
0.09 0 0.13 1.2687232175213765
0.09 0 0.14 0.651311921995115
0.09 0 0.15 0.7424643798189886
0.09 0 0.16 0.8600706526293226
0.09 0 0.17 1.0389590389204737
0.09 0 0.18 1.0862084852499583
0.09 0 0.19 1.3066399522562941
0.09 0 0.2 0.90125481433523
0.09 0 0.21 0.6670078512253567
0.09 0 0.22 0.46843549254856315
0.09 0 0.23 0.6397986496894539
0.09 0 0.24 0.3950376065391761
0.09 0 0.25 0.43081899759923675
0.09 0 0.26 0.5326869561775723
0.09 0 0.27 0.9474144556713886
0.09 0 0.28 0.620679918985396
0.09 0 0.29 0.5050106717187275
0.09 0 0.3 0.5942783163177532
0.09 0 0.31 0.9243604100284535
0.09 0 0.32 1.2840868842158093
0.09 0 0.33 1.034188086226305
0.09 0 0.34 0.9478897639925266
0.09 0 0.35000000000000003 0.9443128775404652
0.09 0 0.36 1.3217848589569545
0.09 0 0.37 1.21517264142112
0.09 0 0.38 0.7541674354493028
0.09 0 0.39 0.7932796870556115
0.09 0 0.4 1.6498551829324093
0.09 0 0.41000000000000003 2.194394079075243
0.09 0 0.42 2.9948104993744913
0.09 0 0.43 1.855217479352517
0.09 0 0.44 1.8117570383696415
0.09 0 0.45 1.4235490549960927
0.09 0 0.46 1.0825121860502216
0.09 0 0.47000000000000003 0.9317100693849347
0.09 0 0.48 0.7165861149083671
0.09 0 0.49 0.9924359373055802
0.09 0 0.5 1.6607743681346183
0.1 0 0.0 1.097245562841709
0.1 0 0.01 0.8838670243892865
0.1 0 0.02 0.32043600795224914
0.1 0 0.03 0.43659811104777707
0.1 0 0.04 0.5918017598302127
0.1 0 0.05 0.8277808416068672
0.1 0 0.06 0.7141236125582603
0.1 0 0.07 0.6088056696701901
0.1 0 0.08 0.7553153036763275
0.1 0 0.09 1.141290505099409
0.1 0 0.1 1.272983082306484
0.1 0 0.11 1.6495864056103997
0.1 0 0.12 0.8251038005884336
0.1 0 0.13 0.7213662753865225
0.1 0 0.14 1.1581146683949244
0.1 0 0.15 0.5238172313385938
0.1 0 0.16 0.5004741196072291
0.1 0 0.17 0.6050286496511211
0.1 0 0.18 0.9075433997931006
0.1 0 0.19 0.6367683878278089
0.1 0 0.2 0.6642430034431257
0.1 0 0.21 0.622041845666196
0.1 0 0.22 0.6743682895908096
0.1 0 0.23 0.42331333357576933
0.1 0 0.24 0.4205361686722162
0.1 0 0.25 0.6225397366204298
0.1 0 0.26 0.8637114345204875
0.1 0 0.27 0.9320824860174267
0.1 0 0.28 1.4481806198152678
0.1 0 0.29 1.291433946213343
0.1 0 0.3 1.1281441910169991
0.1 0 0.31 0.9137041312367891
0.1 0 0.32 0.8369456961145226
0.1 0 0.33 1.4371265635905635
0.1 0 0.34 0.7771517539990789
0.1 0 0.35000000000000003 0.5500064323254715
0.1 0 0.36 0.8740676518704653
0.1 0 0.37 2.001309518441598
0.1 0 0.38 2.699661163516542
0.1 0 0.39 2.111660249321856
0.1 0 0.4 1.8535484522397625
0.1 0 0.41000000000000003 1.5970315401025648
0.1 0 0.42 0.9576553875192687
0.1 0 0.43 0.3264228121075736
0.1 0 0.44 0.28330553857339397
0.1 0 0.45 0.3983423012169874
0.1 0 0.46 0.5731552561936282
0.1 0 0.47000000000000003 0.7301518855089959
0.1 0 0.48 0.9341799947081133
0.1 0 0.49 0.4135276126434334
0.1 0 0.5 0.43052815518014753
0.11 0 0.0 0.8441956555199027
0.11 0 0.01 0.5421819006086299
0.11 0 0.02 0.46231839113559425
0.11 0 0.03 0.25045127528280764
0.11 0 0.04 0.8953512352808103
0.11 0 0.05 2.8771872398903584
0.11 0 0.06 1.9111601650683872
0.11 0 0.07 0.838607559661567
0.11 0 0.08 0.5404432532291148
0.11 0 0.09 0.49868324900326
0.11 0 0.1 0.6716996472215013
0.11 0 0.11 0.938330962859099
0.11 0 0.12 0.6155159181883797
0.11 0 0.13 0.5586193895202657
0.11 0 0.14 0.787235715714301
0.11 0 0.15 1.0326080885557096
0.11 0 0.16 0.7773638557642778
0.11 0 0.17 0.5590974363632297
0.11 0 0.18 0.6760845827858782
0.11 0 0.19 1.5277512444518973
0.11 0 0.2 1.0625132220663203
0.11 0 0.21 0.8494733794232106
0.11 0 0.22 0.9051148329658794
0.11 0 0.23 0.9857022331683787
0.11 0 0.24 1.44890074420514
0.11 0 0.25 0.9485299696964895
0.11 0 0.26 0.9291699705516567
0.11 0 0.27 1.0727659112821162
0.11 0 0.28 1.3676298764542532
0.11 0 0.29 0.7216662892052682
0.11 0 0.3 0.4375018723740986
0.11 0 0.31 0.3953777197757322
0.11 0 0.32 0.5312128651537701
0.11 0 0.33 0.570055662323227
0.11 0 0.34 0.4528905798173049
0.11 0 0.35000000000000003 0.3402201366148171
0.11 0 0.36 0.580629428617742
0.11 0 0.37 0.7796173296076153
0.11 0 0.38 1.2180139837912098
0.11 0 0.39 1.0347276507744536
0.11 0 0.4 0.31673540885964596
0.11 0 0.41000000000000003 0.3515723706212084
0.11 0 0.42 0.29754972486753006
0.11 0 0.43 0.3410974565969396
0.11 0 0.44 0.2322206468084649
0.11 0 0.45 0.253222086246623
0.11 0 0.46 0.49333104323880494
0.11 0 0.47000000000000003 0.9856592347368298
0.11 0 0.48 0.3184579643893114
0.11 0 0.49 0.2849936334646616
0.11 0 0.5 0.41870530047458104
0.12 0 0.0 1.0792592060984674
0.12 0 0.01 0.602128019619581
0.12 0 0.02 0.42460920454914824
0.12 0 0.03 0.3934233742890393
0.12 0 0.04 0.44383011447072146
0.12 0 0.05 0.6495521634532159
0.12 0 0.06 0.8085806045517809
0.12 0 0.07 0.5805708343311963
0.12 0 0.08 0.3268500972291826
0.12 0 0.09 0.2549354093764641
0.12 0 0.1 0.5749339251165784
0.12 0 0.11 0.6253257934167455
0.12 0 0.12 0.6552985630570619
0.12 0 0.13 0.6169368264649906
0.12 0 0.14 0.9039640800202051
0.12 0 0.15 2.157563208481055
0.12 0 0.16 3.335081632481767
0.12 0 0.17 3.7577215191193334
0.12 0 0.18 3.894701297357399
0.12 0 0.19 5.131180221091828
0.12 0 0.2 3.9301784567134996
0.12 0 0.21 2.2921564166441497
0.12 0 0.22 0.9116747291510688
0.12 0 0.23 0.7039796642742877
0.12 0 0.24 0.9620611565308493
0.12 0 0.25 1.88308279089676
0.12 0 0.26 1.6314801387549045
0.12 0 0.27 1.5697931108756422
0.12 0 0.28 0.6793732066107725
0.12 0 0.29 0.7399215094299493
0.12 0 0.3 0.5518227076839214
0.12 0 0.31 0.6619987019368962
0.12 0 0.32 0.5854269574119167
0.12 0 0.33 0.3257587408792767
0.12 0 0.34 0.31335841766728667
0.12 0 0.35000000000000003 0.24278058285170642
0.12 0 0.36 0.14244977796800246
0.12 0 0.37 0.19282414468349174
0.12 0 0.38 0.2714903004391011
0.12 0 0.39 0.38862493594678366
0.12 0 0.4 0.4611183250466558
0.12 0 0.41000000000000003 0.33497361645204676
0.12 0 0.42 0.3625651845699641
0.12 0 0.43 0.2412786389674422
0.12 0 0.44 0.28444951998669504
0.12 0 0.45 0.21295078502387307
0.12 0 0.46 0.18829151182026266
0.12 0 0.47000000000000003 0.24500120038373238
0.12 0 0.48 0.31358871641139063
0.12 0 0.49 0.33930195437298055
0.12 0 0.5 0.7851177288226632
0.13 0 0.0 0.41677836154728404
0.13 0 0.01 0.430515400516737
0.13 0 0.02 0.33477666263052913
0.13 0 0.03 0.3810313941914754
0.13 0 0.04 0.2749976962414925
0.13 0 0.05 0.3831537327915249
0.13 0 0.06 0.4543371129607096
0.13 0 0.07 0.26234546549521076
0.13 0 0.08 0.18995682845756548
0.13 0 0.09 0.24899165515906402
0.13 0 0.1 0.38302003257656847
0.13 0 0.11 0.9243393609594723
0.13 0 0.12 1.0065100959460183
0.13 0 0.13 1.14688655293646
0.13 0 0.14 1.0369957946169728
0.13 0 0.15 1.1559109846011824
0.13 0 0.16 2.843882398579644
0.13 0 0.17 4.271731587294323
0.13 0 0.18 3.611765702669588
0.13 0 0.19 3.141082602248225
0.13 0 0.2 5.157253601759115
0.13 0 0.21 4.92294727785158
0.13 0 0.22 3.404540084884936
0.13 0 0.23 1.482044891625385
0.13 0 0.24 1.616764292254177
0.13 0 0.25 1.920352682435222
0.13 0 0.26 0.8283041478588696
0.13 0 0.27 0.47268420483029716
0.13 0 0.28 1.0068312561954567
0.13 0 0.29 1.2521681746774591
0.13 0 0.3 1.8456685694384485
0.13 0 0.31 1.5676872739490797
0.13 0 0.32 1.3889885338574706
0.13 0 0.33 0.8214638400534828
0.13 0 0.34 0.5243316821271978
0.13 0 0.35000000000000003 0.49322643357977364
0.13 0 0.36 0.42977250317124277
0.13 0 0.37 0.32274478286402875
0.13 0 0.38 0.4046035325635644
0.13 0 0.39 0.4239518928947848
0.13 0 0.4 0.43072093821002877
0.13 0 0.41000000000000003 0.3714372903700354
0.13 0 0.42 0.44089055639439584
0.13 0 0.43 0.3351077254292034
0.13 0 0.44 0.3675949234487175
0.13 0 0.45 0.417171329810463
0.13 0 0.46 0.2137325194312419
0.13 0 0.47000000000000003 0.1843669126307604
0.13 0 0.48 0.36677314822968204
0.13 0 0.49 0.6371007644554998
0.13 0 0.5 1.146234157151395
0.14 0 0.0 0.30673128964246954
0.14 0 0.01 0.1671200917216386
0.14 0 0.02 0.3058426688804612
0.14 0 0.03 0.37108046322208527
0.14 0 0.04 0.5110949436430112
0.14 0 0.05 0.4221363963648875
0.14 0 0.06 0.379507204260869
0.14 0 0.07 0.31616138865168464
0.14 0 0.08 0.26290353589339144
0.14 0 0.09 0.30573711105525375
0.14 0 0.1 0.5856108768609388
0.14 0 0.11 1.1716681655728516
0.14 0 0.12 1.5585790929504064
0.14 0 0.13 1.4301925843366623
0.14 0 0.14 1.5519209797484923
0.14 0 0.15 1.4783835174276223
0.14 0 0.16 3.1724155649711534
0.14 0 0.17 3.180161714689539
0.14 0 0.18 4.018924051334421
0.14 0 0.19 6.033960470320676
0.14 0 0.2 4.417445388561455
0.14 0 0.21 4.931146220389638
0.14 0 0.22 5.693716212635014
0.14 0 0.23 2.7780291172765916
0.14 0 0.24 2.636197080749974
0.14 0 0.25 2.3562800481149715
0.14 0 0.26 1.7015554819678211
0.14 0 0.27 1.3636785185816458
0.14 0 0.28 1.0758053162972419
0.14 0 0.29 1.9376418083066862
0.14 0 0.3 4.1385974583649965
0.14 0 0.31 2.867192495336978
0.14 0 0.32 1.28568391198165
0.14 0 0.33 1.2664170022427539
0.14 0 0.34 0.920885602053113
0.14 0 0.35000000000000003 1.4099754222994343
0.14 0 0.36 0.8147354084041633
0.14 0 0.37 0.36557402894972835
0.14 0 0.38 0.36040149715970826
0.14 0 0.39 0.42159688771533976
0.14 0 0.4 0.2926339078920003
0.14 0 0.41000000000000003 0.47617722913546356
0.14 0 0.42 0.6720533642104132
0.14 0 0.43 1.3857980966826169
0.14 0 0.44 0.9111799243420999
0.14 0 0.45 0.4882414541810915
0.14 0 0.46 0.6933290824456957
0.14 0 0.47000000000000003 0.8424617415404863
0.14 0 0.48 0.5085235511991778
0.14 0 0.49 0.4641348159359097
0.14 0 0.5 0.4464829324349293
0.15 0 0.0 0.16284096012451166
0.15 0 0.01 0.13013915280553048
0.15 0 0.02 0.19986363486429687
0.15 0 0.03 0.17573954736191366
0.15 0 0.04 0.22888554886931162
0.15 0 0.05 0.20627370384419402
0.15 0 0.06 0.17054258448907197
0.15 0 0.07 0.35623656449933433
0.15 0 0.08 0.2962353560396118
0.15 0 0.09 0.41530421627369674
0.15 0 0.1 0.5652429615636928
0.15 0 0.11 0.44462862071988796
0.15 0 0.12 0.8323096250818224
0.15 0 0.13 1.5802687922359546
0.15 0 0.14 1.5681407126880131
0.15 0 0.15 3.2197080657459947
0.15 0 0.16 1.8786832879011166
0.15 0 0.17 2.5736424371542994
0.15 0 0.18 3.4799097062263367
0.15 0 0.19 4.290800009278754
0.15 0 0.2 2.8357810203633336
0.15 0 0.21 2.908840026237916
0.15 0 0.22 3.7426718735565982
0.15 0 0.23 6.513992194919594
0.15 0 0.24 4.028160484972194
0.15 0 0.25 1.417608055942945
0.15 0 0.26 0.8543737999499604
0.15 0 0.27 1.1113280662225158
0.15 0 0.28 1.408679114878794
0.15 0 0.29 2.0310371507680283
0.15 0 0.3 2.5457072999439414
0.15 0 0.31 1.749987217818696
0.15 0 0.32 1.669649259132757
0.15 0 0.33 1.1728802479711957
0.15 0 0.34 1.0290291961539464
0.15 0 0.35000000000000003 0.8171983985665533
0.15 0 0.36 0.9528224038551139
0.15 0 0.37 1.131880254494785
0.15 0 0.38 0.8610600214010182
0.15 0 0.39 0.32961006024859874
0.15 0 0.4 0.3064605617801767
0.15 0 0.41000000000000003 0.2984191221921944
0.15 0 0.42 0.20040893771316903
0.15 0 0.43 0.24254332535703854
0.15 0 0.44 0.331499369422299
0.15 0 0.45 0.4199342128551262
0.15 0 0.46 0.34758055302539026
0.15 0 0.47000000000000003 0.24633709694486167
0.15 0 0.48 0.26708184103917076
0.15 0 0.49 0.3253802584626496
0.15 0 0.5 0.1849590700290748
0.16 0 0.0 0.45737988463478213
0.16 0 0.01 0.623986824364136
0.16 0 0.02 0.2890450794240393
0.16 0 0.03 0.29947097291273395
0.16 0 0.04 0.33631020588766286
0.16 0 0.05 0.5518668149990971
0.16 0 0.06 0.5462461824144736
0.16 0 0.07 0.48850212639446494
0.16 0 0.08 1.1027962877401476
0.16 0 0.09 0.9741000216333465
0.16 0 0.1 0.6087712744625237
0.16 0 0.11 0.3338183213627765
0.16 0 0.12 0.5570007784372588
0.16 0 0.13 0.7710259997397058
0.16 0 0.14 0.985127201294993
0.16 0 0.15 1.6205796464779147
0.16 0 0.16 3.311845656365571
0.16 0 0.17 2.6976886701509986
0.16 0 0.18 2.2491981952766795
0.16 0 0.19 1.533465243642848
0.16 0 0.2 2.818436016669685
0.16 0 0.21 2.472679725559036
0.16 0 0.22 1.5592213675767077
0.16 0 0.23 1.279743485661323
0.16 0 0.24 0.7533113457773881
0.16 0 0.25 0.63700310238332
0.16 0 0.26 0.6309597505643177
0.16 0 0.27 0.950388198141456
0.16 0 0.28 1.936796697069941
0.16 0 0.29 2.494396958516787
0.16 0 0.3 2.120498322714676
0.16 0 0.31 2.563635074602513
0.16 0 0.32 2.092552027036837
0.16 0 0.33 1.7542797105949326
0.16 0 0.34 1.2832924855806063
0.16 0 0.35000000000000003 0.9154714613334333
0.16 0 0.36 0.9306104042404661
0.16 0 0.37 0.5723566538602518
0.16 0 0.38 0.38178489750304895
0.16 0 0.39 0.22707650742681595
0.16 0 0.4 0.14622048089151657
0.16 0 0.41000000000000003 0.11130406407999723
0.16 0 0.42 0.19899673535362247
0.16 0 0.43 0.1615508164461673
0.16 0 0.44 0.22827986469243347
0.16 0 0.45 0.29263116304200426
0.16 0 0.46 0.4121793587242088
0.16 0 0.47000000000000003 0.3246537736954948
0.16 0 0.48 0.31561598596344437
0.16 0 0.49 0.2692086383759386
0.16 0 0.5 0.4974604280606471
0.17 0 0.0 0.5602637013837699
0.17 0 0.01 0.40738290259280285
0.17 0 0.02 0.3854883401326367
0.17 0 0.03 0.25661698751475265
0.17 0 0.04 0.22303393538987976
0.17 0 0.05 0.3631585623060272
0.17 0 0.06 0.4790028820484037
0.17 0 0.07 0.4713976620101997
0.17 0 0.08 0.5173720851986442
0.17 0 0.09 0.7931098592291813
0.17 0 0.1 0.8969288681140944
0.17 0 0.11 0.7445722560815901
0.17 0 0.12 0.3234496492208368
0.17 0 0.13 0.5197561539677594
0.17 0 0.14 0.7676076375110483
0.17 0 0.15 0.7160178612009284
0.17 0 0.16 1.1483863537713406
0.17 0 0.17 1.4720195325461312
0.17 0 0.18 2.7295239510624674
0.17 0 0.19 3.248656306970736
0.17 0 0.2 1.6605785080165474
0.17 0 0.21 1.0075955052780547
0.17 0 0.22 1.1348006686119276
0.17 0 0.23 0.9255625226736592
0.17 0 0.24 1.0462586695350495
0.17 0 0.25 0.7013882041286422
0.17 0 0.26 0.9427498913881047
0.17 0 0.27 0.9034909381976248
0.17 0 0.28 0.5044023903185565
0.17 0 0.29 0.4557444148442677
0.17 0 0.3 0.8382070165289766
0.17 0 0.31 0.6525807279604936
0.17 0 0.32 0.4610707344795455
0.17 0 0.33 0.43601196816167437
0.17 0 0.34 0.2648900050123518
0.17 0 0.35000000000000003 0.32325806802257767
0.17 0 0.36 0.28107799855529564
0.17 0 0.37 0.2644154604064077
0.17 0 0.38 0.2098781093979379
0.17 0 0.39 0.15587908480301654
0.17 0 0.4 0.06365388626480487
0.17 0 0.41000000000000003 0.10077671166278464
0.17 0 0.42 0.10413709518762387
0.17 0 0.43 0.23082095370038042
0.17 0 0.44 0.37568441139162323
0.17 0 0.45 0.6782335428229305
0.17 0 0.46 0.788934699367921
0.17 0 0.47000000000000003 0.5792646335035282
0.17 0 0.48 0.30546445893585755
0.17 0 0.49 0.4749401212400679
0.17 0 0.5 0.5697676481604675
0.18 0 0.0 0.32815301750708215
0.18 0 0.01 0.261166134929109
0.18 0 0.02 0.31232485119353987
0.18 0 0.03 0.21543325367061478
0.18 0 0.04 0.24886553958750401
0.18 0 0.05 0.22303628181733076
0.18 0 0.06 0.38913345487303
0.18 0 0.07 1.0461120929233334
0.18 0 0.08 1.0325676355430797
0.18 0 0.09 0.9798884004796633
0.18 0 0.1 1.4847535000232852
0.18 0 0.11 1.4238557311535922
0.18 0 0.12 1.63193755291749
0.18 0 0.13 1.7715655108919615
0.18 0 0.14 1.1538200344344471
0.18 0 0.15 1.2084650183993055
0.18 0 0.16 0.8612618317959089
0.18 0 0.17 0.982145053694825
0.18 0 0.18 0.8470250089461249
0.18 0 0.19 0.7483182778925478
0.18 0 0.2 0.5977072233447835
0.18 0 0.21 0.8673053972405443
0.18 0 0.22 0.5278346049305498
0.18 0 0.23 1.203478749222654
0.18 0 0.24 2.849887991360782
0.18 0 0.25 3.1033416729500827
0.18 0 0.26 1.6299914370913278
0.18 0 0.27 1.0042271655569852
0.18 0 0.28 0.7108823330716811
0.18 0 0.29 1.074873018282951
0.18 0 0.3 1.0072830690557095
0.18 0 0.31 0.9709699780729877
0.18 0 0.32 1.25439986330861
0.18 0 0.33 0.5928306876991254
0.18 0 0.34 0.31326983718760937
0.18 0 0.35000000000000003 0.3450704058535696
0.18 0 0.36 0.509621754814254
0.18 0 0.37 0.48815814730194107
0.18 0 0.38 0.40983011586680806
0.18 0 0.39 0.2266649340372883
0.18 0 0.4 0.29399754280750046
0.18 0 0.41000000000000003 0.2831029139128697
0.18 0 0.42 0.3467864997592897
0.18 0 0.43 0.60643433160021
0.18 0 0.44 0.7393256620193827
0.18 0 0.45 0.49277614818999027
0.18 0 0.46 0.9252601753621037
0.18 0 0.47000000000000003 1.1044570352631657
0.18 0 0.48 0.8804575057654616
0.18 0 0.49 0.6913347711145799
0.18 0 0.5 0.502865157994706
0.19 0 0.0 0.1880757287936305
0.19 0 0.01 0.4251836053361862
0.19 0 0.02 0.3273362919560507
0.19 0 0.03 0.6232469930860977
0.19 0 0.04 0.8207270675324675
0.19 0 0.05 0.5723910946478856
0.19 0 0.06 0.41253912306341606
0.19 0 0.07 0.5496694652776506
0.19 0 0.08 0.7975836556831333
0.19 0 0.09 0.9914141192060805
0.19 0 0.1 1.1604812615686246
0.19 0 0.11 1.6724303065713986
0.19 0 0.12 2.5194693309652973
0.19 0 0.13 1.568360307961408
0.19 0 0.14 1.219993249371178
0.19 0 0.15 1.0250067323325467
0.19 0 0.16 0.6734720311669168
0.19 0 0.17 0.503245965931371
0.19 0 0.18 0.9201401311567804
0.19 0 0.19 1.2210788392978775
0.19 0 0.2 1.494908926054492
0.19 0 0.21 0.8536840629936099
0.19 0 0.22 1.060137039467036
0.19 0 0.23 2.016776674299209
0.19 0 0.24 2.5724332128160334
0.19 0 0.25 2.4307931879183546
0.19 0 0.26 2.654068891219209
0.19 0 0.27 1.0383488094438582
0.19 0 0.28 0.771036914840157
0.19 0 0.29 0.7183252194150069
0.19 0 0.3 0.4663107884343924
0.19 0 0.31 0.2986191811528222
0.19 0 0.32 0.28340942590237816
0.19 0 0.33 0.3601071093446818
0.19 0 0.34 0.4954398417727812
0.19 0 0.35000000000000003 0.2895047221292522
0.19 0 0.36 0.2963330743830742
0.19 0 0.37 0.47712724133722356
0.19 0 0.38 0.49566417107709193
0.19 0 0.39 0.399294945420223
0.19 0 0.4 0.34083196999515564
0.19 0 0.41000000000000003 0.23772730546619042
0.19 0 0.42 0.3080821101045653
0.19 0 0.43 0.4780914640552029
0.19 0 0.44 0.7940046543127877
0.19 0 0.45 1.0418851622021077
0.19 0 0.46 0.7493999067479978
0.19 0 0.47000000000000003 0.7081501367755758
0.19 0 0.48 0.5968376925541989
0.19 0 0.49 0.7296287067303844
0.19 0 0.5 1.7932064719299607
0.2 0 0.0 0.21669599218446817
0.2 0 0.01 0.43108016712312536
0.2 0 0.02 0.8719673136654043
0.2 0 0.03 0.8920545873007285
0.2 0 0.04 0.7350440032144981
0.2 0 0.05 0.5306943931342468
0.2 0 0.06 0.446418407183326
0.2 0 0.07 0.27335253252692926
0.2 0 0.08 0.3799193752449524
0.2 0 0.09 0.8280089042829422
0.2 0 0.1 2.2896124068995327
0.2 0 0.11 2.3597100043395876
0.2 0 0.12 1.244124175753208
0.2 0 0.13 1.063749920733012
0.2 0 0.14 1.3226384490718042
0.2 0 0.15 1.226869772592423
0.2 0 0.16 1.8344458880860155
0.2 0 0.17 2.0947608474418336
0.2 0 0.18 2.977104485301364
0.2 0 0.19 4.883353978463227
0.2 0 0.2 4.899218917968387
0.2 0 0.21 2.882075470737981
0.2 0 0.22 1.2879408654110864
0.2 0 0.23 0.968390121420791
0.2 0 0.24 1.1784165710298886
0.2 0 0.25 1.1885428744552493
0.2 0 0.26 0.9057661576730881
0.2 0 0.27 0.7548956138385255
0.2 0 0.28 0.4819367690842444
0.2 0 0.29 0.54474920376051
0.2 0 0.3 0.3316456787249868
0.2 0 0.31 0.16873447630281038
0.2 0 0.32 0.09469626384638857
0.2 0 0.33 0.19426322832330917
0.2 0 0.34 0.30101002161846385
0.2 0 0.35000000000000003 0.2374723757119289
0.2 0 0.36 0.1851172631889648
0.2 0 0.37 0.4855189059682717
0.2 0 0.38 0.9699237554116077
0.2 0 0.39 0.6812443192590002
0.2 0 0.4 0.22497088626877113
0.2 0 0.41000000000000003 0.16177785783814186
0.2 0 0.42 0.16540421831623214
0.2 0 0.43 0.26604263812949963
0.2 0 0.44 0.3391351995042479
0.2 0 0.45 0.21164917382839804
0.2 0 0.46 0.17735303382914452
0.2 0 0.47000000000000003 0.24700097205185872
0.2 0 0.48 0.45762717432694455
0.2 0 0.49 0.7746899537516532
0.2 0 0.5 1.6335229465293946
0.21 0 0.0 0.6373789933253913
0.21 0 0.01 0.6715265221716165
0.21 0 0.02 0.5270378085321294
0.21 0 0.03 0.8005098035193836
0.21 0 0.04 1.7107421695739975
0.21 0 0.05 1.6516665493801161
0.21 0 0.06 0.9891655328874461
0.21 0 0.07 1.1760001534877902
0.21 0 0.08 0.96540504106201
0.21 0 0.09 1.1963549365751442
0.21 0 0.1 0.8633057512969241
0.21 0 0.11 1.0601493110072715
0.21 0 0.12 0.835759027457722
0.21 0 0.13 0.8719008029794778
0.21 0 0.14 0.8928538917759774
0.21 0 0.15 1.2567460724940465
0.21 0 0.16 0.8448156965243963
0.21 0 0.17 0.8478321589718001
0.21 0 0.18 1.078723108850619
0.21 0 0.19 1.670144364006813
0.21 0 0.2 1.836248793773724
0.21 0 0.21 2.027592793131046
0.21 0 0.22 1.188023441576497
0.21 0 0.23 0.7380224834870894
0.21 0 0.24 0.9771056653519874
0.21 0 0.25 0.5501745348769458
0.21 0 0.26 0.3501092173155551
0.21 0 0.27 0.3482021187108313
0.21 0 0.28 0.34645417611450247
0.21 0 0.29 0.3186246574971906
0.21 0 0.3 0.2654859739642827
0.21 0 0.31 0.20527279262522782
0.21 0 0.32 0.22984343304356097
0.21 0 0.33 0.10355249491519161
0.21 0 0.34 0.15019080346681501
0.21 0 0.35000000000000003 0.26337770773572333
0.21 0 0.36 0.16736316667235723
0.21 0 0.37 0.19030360847392228
0.21 0 0.38 0.2789848142342436
0.21 0 0.39 0.5056270091016148
0.21 0 0.4 0.48589959718988124
0.21 0 0.41000000000000003 0.17630705499923816
0.21 0 0.42 0.10611749970861531
0.21 0 0.43 0.2300588249056616
0.21 0 0.44 0.29699845645458733
0.21 0 0.45 0.208296271014642
0.21 0 0.46 0.16689631813574887
0.21 0 0.47000000000000003 0.2616479027464328
0.21 0 0.48 0.72946823251536
0.21 0 0.49 1.6861087892129756
0.21 0 0.5 1.3307665127353518
0.22 0 0.0 1.0352927135004326
0.22 0 0.01 1.0939873321804172
0.22 0 0.02 2.001292978365829
0.22 0 0.03 3.283880791261202
0.22 0 0.04 2.982849086349212
0.22 0 0.05 1.048106583390316
0.22 0 0.06 1.0590826498813433
0.22 0 0.07 0.9356985815515667
0.22 0 0.08 0.9437618790617535
0.22 0 0.09 0.7958632640830208
0.22 0 0.1 0.5507285152421704
0.22 0 0.11 0.41317094292934026
0.22 0 0.12 0.7584251868541689
0.22 0 0.13 0.46379117824233623
0.22 0 0.14 0.5418460006131167
0.22 0 0.15 0.7496584782964019
0.22 0 0.16 0.7086668024515888
0.22 0 0.17 0.8701233814240545
0.22 0 0.18 0.7819024400750854
0.22 0 0.19 0.6307975309559032
0.22 0 0.2 1.0027698984141928
0.22 0 0.21 1.5704418568458747
0.22 0 0.22 1.5927906602246489
0.22 0 0.23 1.0321684472987136
0.22 0 0.24 0.4951910039419013
0.22 0 0.25 0.6358767216952593
0.22 0 0.26 0.43301546071160996
0.22 0 0.27 0.2539348321983266
0.22 0 0.28 0.23338207185301324
0.22 0 0.29 0.16180779469623716
0.22 0 0.3 0.12065624252397554
0.22 0 0.31 0.09359913483851597
0.22 0 0.32 0.13409704266466738
0.22 0 0.33 0.19758019883774797
0.22 0 0.34 0.34805037982039383
0.22 0 0.35000000000000003 0.3709898730867087
0.22 0 0.36 0.28677691469600886
0.22 0 0.37 0.1963144563729495
0.22 0 0.38 0.25379329143500745
0.22 0 0.39 0.27475739542312866
0.22 0 0.4 0.7108302673415918
0.22 0 0.41000000000000003 0.4925288660767748
0.22 0 0.42 0.5514174557476913
0.22 0 0.43 0.4374008180977279
0.22 0 0.44 0.26021162146605054
0.22 0 0.45 0.25350153235747247
0.22 0 0.46 0.2148828904401532
0.22 0 0.47000000000000003 0.22742879836151314
0.22 0 0.48 0.5705048235098145
0.22 0 0.49 1.9953975184097448
0.22 0 0.5 3.4529868677790763
0.23 0 0.0 3.1299312573837375
0.23 0 0.01 2.3400004442885276
0.23 0 0.02 2.236063434311112
0.23 0 0.03 2.584210746247584
0.23 0 0.04 1.524504352697726
0.23 0 0.05 0.9713850224234953
0.23 0 0.06 0.6401734540294239
0.23 0 0.07 0.5694780957507197
0.23 0 0.08 0.4795194078831986
0.23 0 0.09 0.4742859228425895
0.23 0 0.1 0.3538218023091516
0.23 0 0.11 0.23499167825597375
0.23 0 0.12 0.30535896032863785
0.23 0 0.13 0.5005846834224558
0.23 0 0.14 0.7793227032924863
0.23 0 0.15 0.648876306989363
0.23 0 0.16 0.8645501158803471
0.23 0 0.17 1.2813688630757005
0.23 0 0.18 1.4954462821447791
0.23 0 0.19 0.67794289178103
0.23 0 0.2 0.8312580729285499
0.23 0 0.21 1.424254816015523
0.23 0 0.22 1.7890621853045066
0.23 0 0.23 0.8517988773061963
0.23 0 0.24 0.3355068867908479
0.23 0 0.25 0.2196303770748979
0.23 0 0.26 0.21860198212971388
0.23 0 0.27 0.18490437807445675
0.23 0 0.28 0.2130789613834975
0.23 0 0.29 0.23673436324385191
0.23 0 0.3 0.17020389641953754
0.23 0 0.31 0.24166650619282778
0.23 0 0.32 0.20715444036345473
0.23 0 0.33 0.5016506684475007
0.23 0 0.34 0.5709725005576013
0.23 0 0.35000000000000003 0.6880076286855838
0.23 0 0.36 0.47562123072032125
0.23 0 0.37 0.30036280520069514
0.23 0 0.38 0.23475682622435398
0.23 0 0.39 0.5195440137992103
0.23 0 0.4 0.7450014618603872
0.23 0 0.41000000000000003 0.9674954352942844
0.23 0 0.42 0.4383172808352685
0.23 0 0.43 0.3823760132544967
0.23 0 0.44 0.306804165217193
0.23 0 0.45 0.26301392851933014
0.23 0 0.46 0.3263681600431877
0.23 0 0.47000000000000003 0.5449235171811881
0.23 0 0.48 1.2241445576748697
0.23 0 0.49 0.9009432656587764
0.23 0 0.5 0.6731866426381805
0.24 0 0.0 1.817525777020853
0.24 0 0.01 1.4443495143368672
0.24 0 0.02 1.7713971961309674
0.24 0 0.03 2.19200841534641
0.24 0 0.04 2.7501089499010356
0.24 0 0.05 2.3357814383036226
0.24 0 0.06 1.2902953281844758
0.24 0 0.07 0.9962139897533143
0.24 0 0.08 0.67950067752112
0.24 0 0.09 0.5403908268429247
0.24 0 0.1 0.34813956662554724
0.24 0 0.11 0.37614252888988925
0.24 0 0.12 0.3145664961109136
0.24 0 0.13 0.3190640262775943
0.24 0 0.14 0.36546220928598444
0.24 0 0.15 0.8109868275645256
0.24 0 0.16 0.5726676452140614
0.24 0 0.17 0.8380011040949282
0.24 0 0.18 1.2418567311497963
0.24 0 0.19 2.361752306507436
0.24 0 0.2 1.6539261229930848
0.24 0 0.21 0.81892779364248
0.24 0 0.22 0.517578353477233
0.24 0 0.23 0.6475578600553302
0.24 0 0.24 0.4168017440043922
0.24 0 0.25 0.13825518491637198
0.24 0 0.26 0.11243510629868299
0.24 0 0.27 0.22668429573867407
0.24 0 0.28 0.4128027373794174
0.24 0 0.29 0.4189510147148208
0.24 0 0.3 0.27192883506201887
0.24 0 0.31 0.19426241866819344
0.24 0 0.32 0.23372295574570973
0.24 0 0.33 0.1978614833630083
0.24 0 0.34 0.44912604725826655
0.24 0 0.35000000000000003 0.45450633529564843
0.24 0 0.36 0.4307380469709542
0.24 0 0.37 0.4759298048938007
0.24 0 0.38 0.5321421443887886
0.24 0 0.39 0.44116306764567037
0.24 0 0.4 0.3213604226401488
0.24 0 0.41000000000000003 0.3367243064395847
0.24 0 0.42 0.5145385938803627
0.24 0 0.43 0.318232817065149
0.24 0 0.44 0.17087268041958972
0.24 0 0.45 0.19523090692581813
0.24 0 0.46 0.3673837768988962
0.24 0 0.47000000000000003 0.4715682721015195
0.24 0 0.48 0.617052920879571
0.24 0 0.49 0.5743492905046679
0.24 0 0.5 0.503974076619724
0.25 0 0.0 1.525536614314184
0.25 0 0.01 1.2708181766980207
0.25 0 0.02 0.9573962847811641
0.25 0 0.03 0.8881591664176793
0.25 0 0.04 0.5685403425626271
0.25 0 0.05 0.7401695619525421
0.25 0 0.06 1.0382199757557904
0.25 0 0.07 0.7286724227051641
0.25 0 0.08 1.1266130275557704
0.25 0 0.09 1.1504251943253572
0.25 0 0.1 0.8153262488857862
0.25 0 0.11 0.5396879022149274
0.25 0 0.12 0.7570504968856918
0.25 0 0.13 1.0658908852694415
0.25 0 0.14 1.282551713331971
0.25 0 0.15 0.832857054795823
0.25 0 0.16 0.8548708960411464
0.25 0 0.17 1.2920043970355037
0.25 0 0.18 2.1117278734905565
0.25 0 0.19 1.6397771311044196
0.25 0 0.2 1.7132114825361682
0.25 0 0.21 0.8800596534383242
0.25 0 0.22 0.7461156939696225
0.25 0 0.23 0.7595852174632545
0.25 0 0.24 0.6083516807635918
0.25 0 0.25 0.5549729595971665
0.25 0 0.26 0.3412759748256068
0.25 0 0.27 0.22994692541388378
0.25 0 0.28 0.3158343804489706
0.25 0 0.29 0.23323363567423416
0.25 0 0.3 0.17467873306075077
0.25 0 0.31 0.1265907515498113
0.25 0 0.32 0.16340204105881623
0.25 0 0.33 0.2713931343133225
0.25 0 0.34 0.32267526919553924
0.25 0 0.35000000000000003 0.24937010268613075
0.25 0 0.36 0.19913764554110802
0.25 0 0.37 0.24116191613678972
0.25 0 0.38 0.2524274376705703
0.25 0 0.39 0.19133653397660874
0.25 0 0.4 0.15644884455716007
0.25 0 0.41000000000000003 0.1778787662945597
0.25 0 0.42 0.34624632986006487
0.25 0 0.43 0.42189937206294553
0.25 0 0.44 0.4529075390561326
0.25 0 0.45 0.5738637591581667
0.25 0 0.46 0.35550249093793
0.25 0 0.47000000000000003 0.2938139813176667
0.25 0 0.48 0.31411024208343685
0.25 0 0.49 0.2922551369437449
0.25 0 0.5 0.18671546058149846
0.26 0 0.0 0.541136960670133
0.26 0 0.01 0.5369514067139673
0.26 0 0.02 0.4750014927874396
0.26 0 0.03 0.2940068786407445
0.26 0 0.04 0.33504973743362276
0.26 0 0.05 0.5360268965110904
0.26 0 0.06 0.949041005180067
0.26 0 0.07 0.7970869288426727
0.26 0 0.08 0.8880256033532716
0.26 0 0.09 0.9274834575445977
0.26 0 0.1 0.8891081325956083
0.26 0 0.11 0.921704077813603
0.26 0 0.12 0.7302908431005275
0.26 0 0.13 0.523725020360314
0.26 0 0.14 0.4760954967050714
0.26 0 0.15 0.6558768301641671
0.26 0 0.16 1.624190170498672
0.26 0 0.17 1.4624277730442576
0.26 0 0.18 0.7208361359892138
0.26 0 0.19 0.5248854666881164
0.26 0 0.2 0.36040439778969535
0.26 0 0.21 0.33406674461845176
0.26 0 0.22 0.25473265779707127
0.26 0 0.23 0.3310109990020376
0.26 0 0.24 0.296619597171947
0.26 0 0.25 0.3041852684894963
0.26 0 0.26 0.20735727730465403
0.26 0 0.27 0.12115162480628966
0.26 0 0.28 0.09143692140772565
0.26 0 0.29 0.10562855879049982
0.26 0 0.3 0.1592575182711575
0.26 0 0.31 0.4516361382274566
0.26 0 0.32 0.4564231281742975
0.26 0 0.33 0.3910152691022681
0.26 0 0.34 0.2348606479091572
0.26 0 0.35000000000000003 0.25927154407237984
0.26 0 0.36 0.28292297053572446
0.26 0 0.37 0.21834974365343643
0.26 0 0.38 0.2838835161851169
0.26 0 0.39 0.25674751567758863
0.26 0 0.4 0.17423451812205293
0.26 0 0.41000000000000003 0.17473311117796597
0.26 0 0.42 0.25390114066398317
0.26 0 0.43 0.37611378731020395
0.26 0 0.44 0.37513780443528516
0.26 0 0.45 0.2555304546207601
0.26 0 0.46 0.17499490402621481
0.26 0 0.47000000000000003 0.13252296425629312
0.26 0 0.48 0.1288637482918815
0.26 0 0.49 0.1643302158029925
0.26 0 0.5 0.25252620422228444
0.27 0 0.0 1.4876617103893757
0.27 0 0.01 1.12881290790919
0.27 0 0.02 1.2195642888725344
0.27 0 0.03 1.7480731139620895
0.27 0 0.04 1.0530891958380806
0.27 0 0.05 0.8272759370327343
0.27 0 0.06 0.6775607018356209
0.27 0 0.07 1.1306064125040474
0.27 0 0.08 0.7914706927688053
0.27 0 0.09 1.051360353887252
0.27 0 0.1 1.0270769024423594
0.27 0 0.11 0.8781445719024736
0.27 0 0.12 0.5915829225305154
0.27 0 0.13 0.4347932722805048
0.27 0 0.14 0.539831826917781
0.27 0 0.15 1.2785804191640715
0.27 0 0.16 2.17830050783012
0.27 0 0.17 2.2128548020987453
0.27 0 0.18 1.19852238806903
0.27 0 0.19 0.7262574418828582
0.27 0 0.2 0.7227535415876131
0.27 0 0.21 0.7107959169590522
0.27 0 0.22 0.8218551961380172
0.27 0 0.23 0.4781718275274271
0.27 0 0.24 0.2660033851364341
0.27 0 0.25 0.21756522179291404
0.27 0 0.26 0.29867992326506754
0.27 0 0.27 0.10697034438797644
0.27 0 0.28 0.06488089332023031
0.27 0 0.29 0.16381612986886931
0.27 0 0.3 0.38488752676228477
0.27 0 0.31 0.7728231508495512
0.27 0 0.32 0.6054690841910387
0.27 0 0.33 0.449704543110758
0.27 0 0.34 0.593653257405737
0.27 0 0.35000000000000003 0.5875124917209561
0.27 0 0.36 0.5769463729986758
0.27 0 0.37 0.4248070007578609
0.27 0 0.38 0.2176228392757893
0.27 0 0.39 0.2804851490350812
0.27 0 0.4 0.2281170294729003
0.27 0 0.41000000000000003 0.20535933752658034
0.27 0 0.42 0.22189296300994368
0.27 0 0.43 0.27199846152082824
0.27 0 0.44 0.26022075104277503
0.27 0 0.45 0.1322006375263597
0.27 0 0.46 0.0792407291455308
0.27 0 0.47000000000000003 0.07180270100868207
0.27 0 0.48 0.17075024281027187
0.27 0 0.49 0.20290109233443596
0.27 0 0.5 0.2406563908754043
0.28 0 0.0 1.5781432322973459
0.28 0 0.01 0.9511315689758304
0.28 0 0.02 0.7600001450145887
0.28 0 0.03 0.9193488230477463
0.28 0 0.04 0.6011566549179947
0.28 0 0.05 0.35101706434014873
0.28 0 0.06 0.39651480159852615
0.28 0 0.07 0.3184576524743893
0.28 0 0.08 0.6478413967160759
0.28 0 0.09 0.5327811856219329
0.28 0 0.1 0.3835929490957792
0.28 0 0.11 0.3550065734164639
0.28 0 0.12 0.3654767516770798
0.28 0 0.13 0.6956822481852193
0.28 0 0.14 1.0812820819158697
0.28 0 0.15 1.2405312493850509
0.28 0 0.16 1.6644730593408417
0.28 0 0.17 2.1800133904822983
0.28 0 0.18 1.2360225849444586
0.28 0 0.19 1.0946555859156537
0.28 0 0.2 0.9309916671943202
0.28 0 0.21 0.5637933883311509
0.28 0 0.22 0.47949317991131885
0.28 0 0.23 0.37751787749112403
0.28 0 0.24 0.29251563919671386
0.28 0 0.25 0.2622293394595085
0.28 0 0.26 0.1984117163450913
0.28 0 0.27 0.1505110189054755
0.28 0 0.28 0.14237206394857324
0.28 0 0.29 0.11718755204692198
0.28 0 0.3 0.22286275946719003
0.28 0 0.31 0.3731644786033772
0.28 0 0.32 0.9409798067697794
0.28 0 0.33 1.1083012628231301
0.28 0 0.34 1.4544950978383606
0.28 0 0.35000000000000003 0.7689551029891952
0.28 0 0.36 1.1670521324751006
0.28 0 0.37 1.2122702202859263
0.28 0 0.38 0.49905682240672816
0.28 0 0.39 0.40779297117490143
0.28 0 0.4 0.40889492189169135
0.28 0 0.41000000000000003 0.2785172898755849
0.28 0 0.42 0.23775512595031598
0.28 0 0.43 0.12840818208269372
0.28 0 0.44 0.12598188204715233
0.28 0 0.45 0.15995673909163874
0.28 0 0.46 0.10955807973114061
0.28 0 0.47000000000000003 0.26926196566193716
0.28 0 0.48 0.26656696134063684
0.28 0 0.49 0.26479777903704294
0.28 0 0.5 0.14353980201276564
0.29 0 0.0 2.084134261781359
0.29 0 0.01 1.9767786385595958
0.29 0 0.02 0.778410470146388
0.29 0 0.03 0.4477211118005457
0.29 0 0.04 0.39066948522493533
0.29 0 0.05 0.2940151439114353
0.29 0 0.06 0.3354093872355523
0.29 0 0.07 0.5121515955753074
0.29 0 0.08 1.2445029613995107
0.29 0 0.09 1.0395704659889482
0.29 0 0.1 0.7819641000925741
0.29 0 0.11 0.711526094962639
0.29 0 0.12 0.5852547557351221
0.29 0 0.13 0.6628624666354932
0.29 0 0.14 1.4081231853471352
0.29 0 0.15 1.4560539324157924
0.29 0 0.16 2.2898295676548495
0.29 0 0.17 1.2758431899653582
0.29 0 0.18 0.8908961299229833
0.29 0 0.19 0.7774131626228287
0.29 0 0.2 0.550401459986668
0.29 0 0.21 0.6569821064595267
0.29 0 0.22 0.7085705663732107
0.29 0 0.23 0.464593380400161
0.29 0 0.24 0.31161083340311585
0.29 0 0.25 0.3656960036135683
0.29 0 0.26 0.26177580139388196
0.29 0 0.27 0.45757006646967413
0.29 0 0.28 0.3197008513327952
0.29 0 0.29 0.2824663357239343
0.29 0 0.3 0.37127918440619917
0.29 0 0.31 0.49063138553728547
0.29 0 0.32 0.4551216122912528
0.29 0 0.33 0.9303351095460143
0.29 0 0.34 0.7237272153770152
0.29 0 0.35000000000000003 0.8064762255691532
0.29 0 0.36 0.3433751326214054
0.29 0 0.37 0.25988857819906325
0.29 0 0.38 0.2940776873126241
0.29 0 0.39 0.23161475271622864
0.29 0 0.4 0.2296590817495989
0.29 0 0.41000000000000003 0.1932926216124124
0.29 0 0.42 0.20494956723293495
0.29 0 0.43 0.20235133207585568
0.29 0 0.44 0.16235288525054195
0.29 0 0.45 0.13740624361699078
0.29 0 0.46 0.22100050908113905
0.29 0 0.47000000000000003 0.2884405430159321
0.29 0 0.48 0.264784539847952
0.29 0 0.49 0.17219192047173154
0.29 0 0.5 0.23123988255818295
0.3 0 0.0 0.6221534838395417
0.3 0 0.01 0.8869507343076763
0.3 0 0.02 0.6511103055851294
0.3 0 0.03 0.31176690641396565
0.3 0 0.04 0.31987228378381277
0.3 0 0.05 0.4086624272715633
0.3 0 0.06 0.2438132998863561
0.3 0 0.07 0.21026041161884618
0.3 0 0.08 0.12080662846175241
0.3 0 0.09 0.3616318299277324
0.3 0 0.1 0.4516915712446747
0.3 0 0.11 0.4573616185127319
0.3 0 0.12 0.41650600033861596
0.3 0 0.13 0.579685545317563
0.3 0 0.14 0.9189752942271712
0.3 0 0.15 1.3788837816797592
0.3 0 0.16 0.8345939108849856
0.3 0 0.17 0.7236897596879682
0.3 0 0.18 0.7107192261235211
0.3 0 0.19 0.8255311945255087
0.3 0 0.2 0.66995977134954
0.3 0 0.21 0.5303266554424809
0.3 0 0.22 0.43676031074204463
0.3 0 0.23 0.2890786310762289
0.3 0 0.24 0.24252460897555933
0.3 0 0.25 0.21967225150834274
0.3 0 0.26 0.5165654288581526
0.3 0 0.27 0.6536573149114713
0.3 0 0.28 0.7126071552626887
0.3 0 0.29 0.43043842420049144
0.3 0 0.3 0.2715978367851812
0.3 0 0.31 0.21181651068972832
0.3 0 0.32 0.25064158216372145
0.3 0 0.33 0.35895231570057073
0.3 0 0.34 0.5367766228904206
0.3 0 0.35000000000000003 0.460470556032787
0.3 0 0.36 0.4022110531403595
0.3 0 0.37 0.24367326811214546
0.3 0 0.38 0.174712483792342
0.3 0 0.39 0.1544568073085662
0.3 0 0.4 0.1879688104592043
0.3 0 0.41000000000000003 0.21745348164144968
0.3 0 0.42 0.16385134570517187
0.3 0 0.43 0.18505999686499963
0.3 0 0.44 0.19361264731668282
0.3 0 0.45 0.2416060417591484
0.3 0 0.46 0.2514696771286875
0.3 0 0.47000000000000003 0.18758345558589554
0.3 0 0.48 0.2803437638278284
0.3 0 0.49 0.298096812231555
0.3 0 0.5 0.18259643575471557
#STOP
