#MEDIUM_PROPERTIES_DISTRIBUTED
$MSH_TYPE
	 GROUNDWATER_FLOW	
$MMP_TYPE
	 PERMEABILITY	
$DIS_TYPE
	 NEAREST_VALUE	
;hj
$CONVERSION_FACTOR
2e-8;2e-6;2e-13
$DATA
0.0 0 0.0 1.8846638063137906
0.0 0 0.01 2.055239850638543
0.0 0 0.02 1.5169778663707236
0.0 0 0.03 1.666828123576802
0.0 0 0.04 1.7481106804909174
0.0 0 0.05 1.5217925082048245
0.0 0 0.06 1.6417056263891876
0.0 0 0.07 2.2340862197653584
0.0 0 0.08 2.3712019380352136
0.0 0 0.09 2.360342657495639
0.0 0 0.1 2.6259527134339247
0.0 0 0.11 3.3736637309949784
0.0 0 0.12 3.191089453946349
0.0 0 0.13 3.9838603446987046
0.0 0 0.14 3.564014630666008
0.0 0 0.15 2.9596563860993714
0.0 0 0.16 3.0579300757897485
0.0 0 0.17 2.950545778440771
0.0 0 0.18 3.373765039965932
0.0 0 0.19 2.6337667700152965
0.0 0 0.2 3.488405391413998
0.0 0 0.21 4.693170462504743
0.0 0 0.22 8.188854583537584
0.0 0 0.23 7.105570301098097
0.0 0 0.24 5.246664872584889
0.0 0 0.25 3.1169091862853224
0.0 0 0.26 4.188573624817289
0.0 0 0.27 5.9948996998644954
0.0 0 0.28 6.004367812839151
0.0 0 0.29 3.640969785631087
0.0 0 0.3 2.9731157885084674
0.0 0 0.31 2.081960606618413
0.0 0 0.32 2.458688466625821
0.0 0 0.33 5.378991484540218
0.0 0 0.34 5.456566027755317
0.0 0 0.35000000000000003 7.243412345764056
0.0 0 0.36 8.025712867373143
0.0 0 0.37 9.079129631232908
0.0 0 0.38 8.546460254574619
0.0 0 0.39 6.750157137132947
0.0 0 0.4 7.551190916636939
0.0 0 0.41000000000000003 5.920637290540391
0.0 0 0.42 6.550463653832699
0.0 0 0.43 4.575330587509257
0.0 0 0.44 2.6969975576881784
0.0 0 0.45 2.5227807850359674
0.0 0 0.46 1.6441351672152125
0.0 0 0.47000000000000003 1.5176210033480633
0.0 0 0.48 1.0206033165894293
0.0 0 0.49 0.9376526469397702
0.0 0 0.5 0.8925578991657624
0.01 0 0.0 2.595889744563597
0.01 0 0.01 2.6977967970681136
0.01 0 0.02 2.110221932623119
0.01 0 0.03 1.8646440301105422
0.01 0 0.04 1.877253479724439
0.01 0 0.05 1.1776278568724399
0.01 0 0.06 1.2453549217367539
0.01 0 0.07 1.1801428523241408
0.01 0 0.08 1.4266697050673764
0.01 0 0.09 1.5408917089205547
0.01 0 0.1 2.3458234136682234
0.01 0 0.11 1.918922633194121
0.01 0 0.12 1.4208746356565867
0.01 0 0.13 2.148420843160532
0.01 0 0.14 2.394536038823989
0.01 0 0.15 2.30612468641003
0.01 0 0.16 1.511106818451877
0.01 0 0.17 1.8776817059787385
0.01 0 0.18 2.993323943328264
0.01 0 0.19 3.674540468018368
0.01 0 0.2 6.6868741977151345
0.01 0 0.21 5.460055728559324
0.01 0 0.22 7.622534027860005
0.01 0 0.23 6.485902043710796
0.01 0 0.24 7.928381151360641
0.01 0 0.25 9.867417835248526
0.01 0 0.26 7.469120523206941
0.01 0 0.27 8.377659692288256
0.01 0 0.28 5.097776559662396
0.01 0 0.29 4.649248499841097
0.01 0 0.3 3.167662575157994
0.01 0 0.31 3.09014419840172
0.01 0 0.32 3.4881187325359924
0.01 0 0.33 6.05544579326029
0.01 0 0.34 4.5767798942817475
0.01 0 0.35000000000000003 4.973790586430895
0.01 0 0.36 6.2025135518324
0.01 0 0.37 7.700484417628597
0.01 0 0.38 8.155914652734102
0.01 0 0.39 6.124822191200281
0.01 0 0.4 4.074828923668548
0.01 0 0.41000000000000003 2.1928401312640915
0.01 0 0.42 1.6942518888991245
0.01 0 0.43 1.729365412402266
0.01 0 0.44 1.3677001376570272
0.01 0 0.45 1.1029811752770304
0.01 0 0.46 1.0285988191461364
0.01 0 0.47000000000000003 1.2108159331368393
0.01 0 0.48 1.2881440840757996
0.01 0 0.49 1.5339256777014334
0.01 0 0.5 1.8682380537078498
0.02 0 0.0 2.4886289117326124
0.02 0 0.01 2.2668917554713617
0.02 0 0.02 1.9318848982740602
0.02 0 0.03 1.5418726848399416
0.02 0 0.04 1.3197190593987762
0.02 0 0.05 1.2505561814723665
0.02 0 0.06 1.0067942569590729
0.02 0 0.07 0.8399268586148185
0.02 0 0.08 0.606925416131101
0.02 0 0.09 1.0844194309807014
0.02 0 0.1 1.8754446112701824
0.02 0 0.11 2.366262483304545
0.02 0 0.12 2.7035905748461135
0.02 0 0.13 2.708590126071927
0.02 0 0.14 2.2690944684811747
0.02 0 0.15 2.5932118697193967
0.02 0 0.16 2.926532518263833
0.02 0 0.17 4.131900884538911
0.02 0 0.18 3.4150711129132016
0.02 0 0.19 3.1564180739588883
0.02 0 0.2 4.2809964799853555
0.02 0 0.21 4.469944987349158
0.02 0 0.22 4.866486148082965
0.02 0 0.23 6.618620239966089
0.02 0 0.24 9.81626559702633
0.02 0 0.25 10.77044437563235
0.02 0 0.26 6.329663019497358
0.02 0 0.27 6.195329821379474
0.02 0 0.28 4.261253647920045
0.02 0 0.29 4.272212324396751
0.02 0 0.3 4.638648168156135
0.02 0 0.31 3.4880484683433117
0.02 0 0.32 2.9003122162672574
0.02 0 0.33 2.4413083037029524
0.02 0 0.34 1.9386437560966507
0.02 0 0.35000000000000003 2.3883465315250696
0.02 0 0.36 2.275090216044344
0.02 0 0.37 1.8351316155549176
0.02 0 0.38 2.9708995319632767
0.02 0 0.39 4.283006204732976
0.02 0 0.4 3.7928201447097676
0.02 0 0.41000000000000003 2.370117346322652
0.02 0 0.42 2.748647716629053
0.02 0 0.43 2.7462371121522087
0.02 0 0.44 3.550189412525523
0.02 0 0.45 2.512965264133273
0.02 0 0.46 3.760489472355558
0.02 0 0.47000000000000003 3.053565244971334
0.02 0 0.48 2.9815507408769863
0.02 0 0.49 3.00949736638578
0.02 0 0.5 2.350077889208034
0.03 0 0.0 3.6287334661803246
0.03 0 0.01 4.750704901011119
0.03 0 0.02 3.7843034908153785
0.03 0 0.03 3.899632761741213
0.03 0 0.04 2.8642017327572513
0.03 0 0.05 2.1518680059176694
0.03 0 0.06 1.1107082735489742
0.03 0 0.07 1.2178629147307656
0.03 0 0.08 0.9597386756296178
0.03 0 0.09 0.692118479762412
0.03 0 0.1 0.6525621628793178
0.03 0 0.11 0.5002405084031167
0.03 0 0.12 1.0295225839656899
0.03 0 0.13 1.0998534418481514
0.03 0 0.14 1.4076774401603807
0.03 0 0.15 1.9090761507107037
0.03 0 0.16 2.2557763085655007
0.03 0 0.17 2.6161037075854403
0.03 0 0.18 1.9702106499693275
0.03 0 0.19 2.737823239749722
0.03 0 0.2 3.396002553830451
0.03 0 0.21 3.2644075809504445
0.03 0 0.22 3.8341193835571707
0.03 0 0.23 3.954263538170328
0.03 0 0.24 4.557644927445012
0.03 0 0.25 3.9110302380870654
0.03 0 0.26 6.277491785598843
0.03 0 0.27 5.402355233404448
0.03 0 0.28 3.570981738554274
0.03 0 0.29 2.743354870694356
0.03 0 0.3 3.772432257461433
0.03 0 0.31 4.416677860210334
0.03 0 0.32 2.9890214879576735
0.03 0 0.33 2.3126618486654316
0.03 0 0.34 1.6248991588100388
0.03 0 0.35000000000000003 1.4571004987960618
0.03 0 0.36 1.2229813981997826
0.03 0 0.37 0.8488327928080809
0.03 0 0.38 1.3336221111050115
0.03 0 0.39 1.4484898296398736
0.03 0 0.4 1.9475794764682897
0.03 0 0.41000000000000003 2.2873316329827023
0.03 0 0.42 2.9412094438410965
0.03 0 0.43 3.0045731823659603
0.03 0 0.44 2.9868480959761525
0.03 0 0.45 2.7985192003615706
0.03 0 0.46 2.2493244529877354
0.03 0 0.47000000000000003 1.1522511086005063
0.03 0 0.48 0.9488040117567721
0.03 0 0.49 1.8636562054705101
0.03 0 0.5 1.2433727012676157
0.04 0 0.0 3.1933114973971626
0.04 0 0.01 1.880367224501741
0.04 0 0.02 0.9489166153567268
0.04 0 0.03 0.9129989451151043
0.04 0 0.04 1.4157267188146538
0.04 0 0.05 1.0378319519223964
0.04 0 0.06 1.0215505833888388
0.04 0 0.07 0.9055370560299393
0.04 0 0.08 0.7741465083201341
0.04 0 0.09 0.5978058293261593
0.04 0 0.1 0.6651547446587927
0.04 0 0.11 0.46481246560745926
0.04 0 0.12 0.6170730130393339
0.04 0 0.13 0.5828936643871749
0.04 0 0.14 0.848070282465632
0.04 0 0.15 0.8971333113295741
0.04 0 0.16 0.6866957979549501
0.04 0 0.17 0.8386827343479749
0.04 0 0.18 1.2698154893223712
0.04 0 0.19 1.4554069441108424
0.04 0 0.2 1.2091076648984094
0.04 0 0.21 0.9425336244968667
0.04 0 0.22 1.1286713802791575
0.04 0 0.23 1.7791932511015185
0.04 0 0.24 1.355957177137931
0.04 0 0.25 1.0550147605321367
0.04 0 0.26 1.3348344256918756
0.04 0 0.27 1.689509747555133
0.04 0 0.28 2.139412996103039
0.04 0 0.29 3.0214027663866116
0.04 0 0.3 2.7859747868944917
0.04 0 0.31 2.0259827308608687
0.04 0 0.32 1.8899983065142496
0.04 0 0.33 3.380283692390938
0.04 0 0.34 3.0315470886989466
0.04 0 0.35000000000000003 2.4064644794737107
0.04 0 0.36 1.9990774018222666
0.04 0 0.37 1.0353653774076148
0.04 0 0.38 0.8540983302173066
0.04 0 0.39 0.7895339264734452
0.04 0 0.4 0.9744428674477383
0.04 0 0.41000000000000003 2.104172120366746
0.04 0 0.42 1.5935326471401254
0.04 0 0.43 1.382916732449274
0.04 0 0.44 0.8037428198839447
0.04 0 0.45 0.7330570927490515
0.04 0 0.46 0.8116629449357399
0.04 0 0.47000000000000003 0.6673942104637051
0.04 0 0.48 0.6199616211258097
0.04 0 0.49 0.49320885545144544
0.04 0 0.5 0.3766822364019213
0.05 0 0.0 1.1181746659291918
0.05 0 0.01 0.8911557147941589
0.05 0 0.02 0.6540989676321987
0.05 0 0.03 0.46135643897163725
0.05 0 0.04 0.4892848389861588
0.05 0 0.05 0.5195345185381244
0.05 0 0.06 0.7038935476685972
0.05 0 0.07 0.7809357951278764
0.05 0 0.08 0.504539758455849
0.05 0 0.09 0.6265945503123943
0.05 0 0.1 0.9735611697576926
0.05 0 0.11 0.8045791482777195
0.05 0 0.12 0.5086316491471351
0.05 0 0.13 0.3432594351247095
0.05 0 0.14 0.39784534244390934
0.05 0 0.15 0.423339552703994
0.05 0 0.16 0.44675720568250166
0.05 0 0.17 0.4982072235511421
0.05 0 0.18 0.48968774155769745
0.05 0 0.19 0.6993301876230955
0.05 0 0.2 0.8887768544673359
0.05 0 0.21 1.2776727797299974
0.05 0 0.22 0.8314408061490685
0.05 0 0.23 1.3911653315736006
0.05 0 0.24 1.0951579451791122
0.05 0 0.25 1.7672765308957845
0.05 0 0.26 2.1096500042596293
0.05 0 0.27 1.6947917548566194
0.05 0 0.28 2.1369083557590907
0.05 0 0.29 1.7420289424933062
0.05 0 0.3 1.983133105633122
0.05 0 0.31 1.4063070317251551
0.05 0 0.32 1.580888817198444
0.05 0 0.33 1.9624020740743806
0.05 0 0.34 1.339427266157763
0.05 0 0.35000000000000003 1.2686198369726456
0.05 0 0.36 1.1790969266816742
0.05 0 0.37 1.0061015551609642
0.05 0 0.38 1.1019706783885788
0.05 0 0.39 1.3059186392695459
0.05 0 0.4 1.3455367573036128
0.05 0 0.41000000000000003 1.2144899804655722
0.05 0 0.42 1.1177423486538016
0.05 0 0.43 1.5746308893972758
0.05 0 0.44 1.4252828695288262
0.05 0 0.45 0.7955361602395854
0.05 0 0.46 0.8006978233787346
0.05 0 0.47000000000000003 0.5469586632700836
0.05 0 0.48 0.6533451998761612
0.05 0 0.49 0.694937736864975
0.05 0 0.5 0.6716723982317462
0.06 0 0.0 0.3974150403817235
0.06 0 0.01 0.5216680502687953
0.06 0 0.02 0.5821616039239574
0.06 0 0.03 0.7760072571107767
0.06 0 0.04 0.442021600877482
0.06 0 0.05 0.31949875455631205
0.06 0 0.06 0.24713002462874825
0.06 0 0.07 0.25549460952546443
0.06 0 0.08 0.2158039135823063
0.06 0 0.09 0.1526427776456075
0.06 0 0.1 0.15050172417679475
0.06 0 0.11 0.12150134007652731
0.06 0 0.12 0.11060587680664749
0.06 0 0.13 0.09669827574071346
0.06 0 0.14 0.08587369742088655
0.06 0 0.15 0.13454542675499642
0.06 0 0.16 0.23354009966240233
0.06 0 0.17 0.4728512643737696
0.06 0 0.18 0.46933508755834535
0.06 0 0.19 0.36010628402072503
0.06 0 0.2 0.37517973162541984
0.06 0 0.21 0.39776581602525024
0.06 0 0.22 0.3841777766791418
0.06 0 0.23 0.6672571699673514
0.06 0 0.24 0.6276590914041035
0.06 0 0.25 0.5939200471816267
0.06 0 0.26 0.8354345167683106
0.06 0 0.27 0.6700551438809348
0.06 0 0.28 0.9230541144359744
0.06 0 0.29 0.8192612727195008
0.06 0 0.3 1.2389670409811178
0.06 0 0.31 0.9383029186207966
0.06 0 0.32 0.8985778875471006
0.06 0 0.33 0.7816405911931548
0.06 0 0.34 0.6567174212746886
0.06 0 0.35000000000000003 0.7368013283805985
0.06 0 0.36 0.6372105796235502
0.06 0 0.37 0.4010017212969497
0.06 0 0.38 0.41605074155330884
0.06 0 0.39 0.4805972482340889
0.06 0 0.4 0.6090168419579826
0.06 0 0.41000000000000003 0.535484380681667
0.06 0 0.42 0.44807461304220814
0.06 0 0.43 0.4944240843417455
0.06 0 0.44 0.42633378605674227
0.06 0 0.45 0.43448128613002174
0.06 0 0.46 0.39383586685577554
0.06 0 0.47000000000000003 0.3287943228868942
0.06 0 0.48 0.2670182418764241
0.06 0 0.49 0.3297392418339504
0.06 0 0.5 0.3891474159784564
0.07 0 0.0 0.3724693298167289
0.07 0 0.01 0.27221982195760286
0.07 0 0.02 0.24958118798638476
0.07 0 0.03 0.20389388214062487
0.07 0 0.04 0.1765524638499659
0.07 0 0.05 0.12812447820969908
0.07 0 0.06 0.11115090374060563
0.07 0 0.07 0.11513230097877238
0.07 0 0.08 0.12793719347325658
0.07 0 0.09 0.11390935840956858
0.07 0 0.1 0.15510170070346
0.07 0 0.11 0.12720498252907617
0.07 0 0.12 0.09610437549324523
0.07 0 0.13 0.12047917636893163
0.07 0 0.14 0.15256727782424823
0.07 0 0.15 0.2824614798253308
0.07 0 0.16 0.4246838737057267
0.07 0 0.17 0.47369879522422237
0.07 0 0.18 0.4966741322062332
0.07 0 0.19 0.303899921443092
0.07 0 0.2 0.47294593342288005
0.07 0 0.21 0.3882228216546493
0.07 0 0.22 0.3927759290648061
0.07 0 0.23 0.43882453543605227
0.07 0 0.24 0.3664339951234515
0.07 0 0.25 0.6760621582440757
0.07 0 0.26 1.1736218047348939
0.07 0 0.27 1.4660719591778713
0.07 0 0.28 1.3395155325622645
0.07 0 0.29 0.9717106725913385
0.07 0 0.3 0.9891167830489982
0.07 0 0.31 0.9924222038909939
0.07 0 0.32 1.2171962378789252
0.07 0 0.33 0.8859325666164712
0.07 0 0.34 0.6441891690371119
0.07 0 0.35000000000000003 0.4671344295242968
0.07 0 0.36 0.4272463143905776
0.07 0 0.37 0.41792754699334167
0.07 0 0.38 0.26413346317079456
0.07 0 0.39 0.34414818115722284
0.07 0 0.4 0.29060910409472657
0.07 0 0.41000000000000003 0.35200317027371514
0.07 0 0.42 0.2678863688827322
0.07 0 0.43 0.3435893550690893
0.07 0 0.44 0.3144008174607575
0.07 0 0.45 0.3854138752909134
0.07 0 0.46 0.43494320287301363
0.07 0 0.47000000000000003 0.3512157182802471
0.07 0 0.48 0.2715032339770333
0.07 0 0.49 0.2526721171201795
0.07 0 0.5 0.28226825236990577
0.08 0 0.0 0.8804281956808715
0.08 0 0.01 0.47635479601623665
0.08 0 0.02 0.5170462857120085
0.08 0 0.03 0.29002828348199294
0.08 0 0.04 0.1875400796447282
0.08 0 0.05 0.207033652724017
0.08 0 0.06 0.17329612475934358
0.08 0 0.07 0.19517188435558352
0.08 0 0.08 0.15389833447601478
0.08 0 0.09 0.16590990845835646
0.08 0 0.1 0.1885557953676766
0.08 0 0.11 0.20959891738181716
0.08 0 0.12 0.25433644567528507
0.08 0 0.13 0.32745276452940414
0.08 0 0.14 0.3051460916583506
0.08 0 0.15 0.2748752623013037
0.08 0 0.16 0.27510206500309675
0.08 0 0.17 0.3866168522507705
0.08 0 0.18 0.4296860310986406
0.08 0 0.19 0.40661635759165804
0.08 0 0.2 0.4818210630120504
0.08 0 0.21 0.35918429599147994
0.08 0 0.22 0.3090791156250089
0.08 0 0.23 0.5530684073609985
0.08 0 0.24 0.6404214166183864
0.08 0 0.25 0.9055945073545199
0.08 0 0.26 0.9475967740265023
0.08 0 0.27 1.1850394161969924
0.08 0 0.28 1.2778089751040123
0.08 0 0.29 0.9880566522805451
0.08 0 0.3 0.5464682198347061
0.08 0 0.31 0.36054360017243703
0.08 0 0.32 0.31268430734802144
0.08 0 0.33 0.22772280201838713
0.08 0 0.34 0.17632773879599042
0.08 0 0.35000000000000003 0.17473170143014546
0.08 0 0.36 0.1643089869552585
0.08 0 0.37 0.19009971677400633
0.08 0 0.38 0.1760883178319738
0.08 0 0.39 0.27039315199970493
0.08 0 0.4 0.22167947266115656
0.08 0 0.41000000000000003 0.24011349584640415
0.08 0 0.42 0.3081632989633784
0.08 0 0.43 0.31830978141659505
0.08 0 0.44 0.33099590572107984
0.08 0 0.45 0.25073979992578604
0.08 0 0.46 0.3961522705132074
0.08 0 0.47000000000000003 0.40389824570470495
0.08 0 0.48 0.36121048076326756
0.08 0 0.49 0.272465627342133
0.08 0 0.5 0.2005179955026945
0.09 0 0.0 1.8009933561355669
0.09 0 0.01 1.864456953474917
0.09 0 0.02 1.8690490182006498
0.09 0 0.03 1.6918667649242503
0.09 0 0.04 1.4833254026571818
0.09 0 0.05 1.7734937573322875
0.09 0 0.06 0.8586265663492444
0.09 0 0.07 0.6624607267043494
0.09 0 0.08 0.40624784306796385
0.09 0 0.09 0.33488692257975705
0.09 0 0.1 0.33274552792215867
0.09 0 0.11 0.43139772353593825
0.09 0 0.12 0.49461164230722876
0.09 0 0.13 0.5857506975976169
0.09 0 0.14 0.4371513665328351
0.09 0 0.15 0.5142541410737396
0.09 0 0.16 0.5254349397782364
0.09 0 0.17 0.44429239889788735
0.09 0 0.18 0.2945958901451298
0.09 0 0.19 0.3231352366911785
0.09 0 0.2 0.3335615833322356
0.09 0 0.21 0.17100806571155056
0.09 0 0.22 0.16250564678123014
0.09 0 0.23 0.1508341744487437
0.09 0 0.24 0.2067688287992449
0.09 0 0.25 0.22835072705342543
0.09 0 0.26 0.3676396286255612
0.09 0 0.27 0.46420011013638834
0.09 0 0.28 0.4473898913756068
0.09 0 0.29 0.5495656978718714
0.09 0 0.3 0.5046400972319797
0.09 0 0.31 0.60634403835789
0.09 0 0.32 0.3676221095651928
0.09 0 0.33 0.2205913465919302
0.09 0 0.34 0.23118672934693404
0.09 0 0.35000000000000003 0.20419011780319957
0.09 0 0.36 0.280548251580092
0.09 0 0.37 0.26211728956074787
0.09 0 0.38 0.33941678557515864
0.09 0 0.39 0.36241113064295216
0.09 0 0.4 0.3829710461365878
0.09 0 0.41000000000000003 0.3634659001652051
0.09 0 0.42 0.4489026308504273
0.09 0 0.43 0.40453894125001943
0.09 0 0.44 0.3737166601703619
0.09 0 0.45 0.4700685587086819
0.09 0 0.46 0.44147926542467514
0.09 0 0.47000000000000003 0.24843857940983743
0.09 0 0.48 0.24102827748393407
0.09 0 0.49 0.3355843789087419
0.09 0 0.5 0.354975320355371
0.1 0 0.0 2.337274705591476
0.1 0 0.01 1.9308953298553289
0.1 0 0.02 2.7828881474422924
0.1 0 0.03 3.107652728851506
0.1 0 0.04 3.2497607703138343
0.1 0 0.05 2.081321910242492
0.1 0 0.06 1.5757883160566728
0.1 0 0.07 1.8875282759655378
0.1 0 0.08 1.6179361107793524
0.1 0 0.09 1.0647202006229541
0.1 0 0.1 0.7510651062870318
0.1 0 0.11 0.9912960340815853
0.1 0 0.12 1.0112593903134688
0.1 0 0.13 1.1190373325534262
0.1 0 0.14 1.012991336300413
0.1 0 0.15 0.7558758856391112
0.1 0 0.16 0.8292643878175346
0.1 0 0.17 0.5478354313759906
0.1 0 0.18 0.5262241905475965
0.1 0 0.19 0.2765199725255529
0.1 0 0.2 0.17161448731950088
0.1 0 0.21 0.0945809300064513
0.1 0 0.22 0.1520224883368764
0.1 0 0.23 0.18126932914430843
0.1 0 0.24 0.17123683185742503
0.1 0 0.25 0.16445483280175685
0.1 0 0.26 0.2920161306414163
0.1 0 0.27 0.46652654663094045
0.1 0 0.28 0.6035852020525286
0.1 0 0.29 1.124492962373244
0.1 0 0.3 0.7946624269607123
0.1 0 0.31 0.6663697594896969
0.1 0 0.32 0.5089995973114666
0.1 0 0.33 0.47027931141325946
0.1 0 0.34 0.4401257558950788
0.1 0 0.35000000000000003 0.29886311473764265
0.1 0 0.36 0.3922427036027781
0.1 0 0.37 0.42567432431441266
0.1 0 0.38 0.39851451390576004
0.1 0 0.39 0.3775748259952407
0.1 0 0.4 0.3947582427290478
0.1 0 0.41000000000000003 0.6173273260585744
0.1 0 0.42 0.7520860278677527
0.1 0 0.43 0.7012952465084676
0.1 0 0.44 0.46119361145538434
0.1 0 0.45 0.4362285624637047
0.1 0 0.46 0.3086280359055312
0.1 0 0.47000000000000003 0.28471565077418637
0.1 0 0.48 0.3469185948333185
0.1 0 0.49 0.2414492188577481
0.1 0 0.5 0.13506094370580277
0.11 0 0.0 1.932079050987148
0.11 0 0.01 1.7362082271972514
0.11 0 0.02 1.975846792070178
0.11 0 0.03 1.9008333007721947
0.11 0 0.04 1.8394597116802553
0.11 0 0.05 1.4167200316505826
0.11 0 0.06 1.6326284182264774
0.11 0 0.07 1.6963676714417206
0.11 0 0.08 1.0759227662170565
0.11 0 0.09 0.7585469579372632
0.11 0 0.1 0.6873210154746895
0.11 0 0.11 0.5071550488548129
0.11 0 0.12 0.3428324489335329
0.11 0 0.13 0.34012148334474096
0.11 0 0.14 0.36474326673983753
0.11 0 0.15 0.26085464053435553
0.11 0 0.16 0.3337150400336323
0.11 0 0.17 0.27729859926324546
0.11 0 0.18 0.23684023004466706
0.11 0 0.19 0.2218812906935894
0.11 0 0.2 0.16450014882889585
0.11 0 0.21 0.17141733959381963
0.11 0 0.22 0.15179489381718073
0.11 0 0.23 0.15690524503309577
0.11 0 0.24 0.15829170256112984
0.11 0 0.25 0.2034486627603413
0.11 0 0.26 0.20964706935950234
0.11 0 0.27 0.18558277412046278
0.11 0 0.28 0.24394559219092732
0.11 0 0.29 0.3821336618526231
0.11 0 0.3 0.26311576932765607
0.11 0 0.31 0.22534880335358903
0.11 0 0.32 0.17509482160204626
0.11 0 0.33 0.29403960147820185
0.11 0 0.34 0.26793987972383526
0.11 0 0.35000000000000003 0.317226319898341
0.11 0 0.36 0.33221393835144725
0.11 0 0.37 0.271588265101188
0.11 0 0.38 0.24699970840949492
0.11 0 0.39 0.326499323971871
0.11 0 0.4 0.4260313310568198
0.11 0 0.41000000000000003 0.20941996234513588
0.11 0 0.42 0.21065179002408743
0.11 0 0.43 0.20726303159947804
0.11 0 0.44 0.23881492680956717
0.11 0 0.45 0.2747003397232364
0.11 0 0.46 0.19467741276257414
0.11 0 0.47000000000000003 0.21077811087496806
0.11 0 0.48 0.2536863108677268
0.11 0 0.49 0.23206872473539855
0.11 0 0.5 0.16011499340596191
0.12 0 0.0 0.824904002385513
0.12 0 0.01 1.30922581915339
0.12 0 0.02 1.1804740221070547
0.12 0 0.03 1.553821999155971
0.12 0 0.04 1.1423592145345878
0.12 0 0.05 0.876060020334211
0.12 0 0.06 0.9386389218043407
0.12 0 0.07 0.7218046541220229
0.12 0 0.08 0.7331487836806956
0.12 0 0.09 0.5374337747740596
0.12 0 0.1 0.4568799800490135
0.12 0 0.11 0.3797076632590196
0.12 0 0.12 0.29727538986362484
0.12 0 0.13 0.39494017252040353
0.12 0 0.14 0.2711239743372509
0.12 0 0.15 0.23975894766218575
0.12 0 0.16 0.3209772183104204
0.12 0 0.17 0.41314502977630235
0.12 0 0.18 0.2668530752195388
0.12 0 0.19 0.24270386193780438
0.12 0 0.2 0.21465934855915797
0.12 0 0.21 0.21349612644195268
0.12 0 0.22 0.21891258433150398
0.12 0 0.23 0.20910857563432847
0.12 0 0.24 0.19576697972650892
0.12 0 0.25 0.16051603677901746
0.12 0 0.26 0.15811289952370067
0.12 0 0.27 0.1716839137598457
0.12 0 0.28 0.17155383750600808
0.12 0 0.29 0.18449229089525587
0.12 0 0.3 0.172732052446985
0.12 0 0.31 0.20835545917537315
0.12 0 0.32 0.2526048308944454
0.12 0 0.33 0.2541941092539041
0.12 0 0.34 0.20248263379850862
0.12 0 0.35000000000000003 0.2503559721497754
0.12 0 0.36 0.3428128548433842
0.12 0 0.37 0.264256405188194
0.12 0 0.38 0.3031769717022196
0.12 0 0.39 0.2386974339852721
0.12 0 0.4 0.3143743816336366
0.12 0 0.41000000000000003 0.17276186303795393
0.12 0 0.42 0.23221861653249426
0.12 0 0.43 0.19361666722670504
0.12 0 0.44 0.17358607241075033
0.12 0 0.45 0.31190157686678854
0.12 0 0.46 0.3350169904001058
0.12 0 0.47000000000000003 0.39753955086361537
0.12 0 0.48 0.2795032918788831
0.12 0 0.49 0.21812394953187747
0.12 0 0.5 0.24161539348008207
0.13 0 0.0 0.665454522224463
0.13 0 0.01 0.9964565178213025
0.13 0 0.02 0.7237262515960157
0.13 0 0.03 0.8953364547444944
0.13 0 0.04 0.9715331621591973
0.13 0 0.05 0.6889705465264847
0.13 0 0.06 0.5802471970246159
0.13 0 0.07 0.4131310480800072
0.13 0 0.08 0.46222296989616574
0.13 0 0.09 0.4069545764433803
0.13 0 0.1 0.43935249366303775
0.13 0 0.11 0.3336445139592328
0.13 0 0.12 0.3101948567460486
0.13 0 0.13 0.4855116902780033
0.13 0 0.14 0.52882352018792
0.13 0 0.15 0.49887836995492796
0.13 0 0.16 0.599408103427398
0.13 0 0.17 0.48571922764061554
0.13 0 0.18 0.4969215081116662
0.13 0 0.19 0.5205671031968856
0.13 0 0.2 0.42675436574344006
0.13 0 0.21 0.29576701735405053
0.13 0 0.22 0.31159994905885113
0.13 0 0.23 0.33975629233417837
0.13 0 0.24 0.35748144937012144
0.13 0 0.25 0.31094576106322774
0.13 0 0.26 0.2579343111571495
0.13 0 0.27 0.3122528147680203
0.13 0 0.28 0.3433238871538412
0.13 0 0.29 0.33300618209511085
0.13 0 0.3 0.43348716120077313
0.13 0 0.31 0.3303831225653866
0.13 0 0.32 0.5396088335811473
0.13 0 0.33 0.5229365565086881
0.13 0 0.34 0.47349300673793393
0.13 0 0.35000000000000003 0.4198179083553651
0.13 0 0.36 0.4199115703611796
0.13 0 0.37 0.621905708920391
0.13 0 0.38 0.6015121805716512
0.13 0 0.39 0.6675497585220813
0.13 0 0.4 0.6168928368820863
0.13 0 0.41000000000000003 0.5546877595825606
0.13 0 0.42 1.0161401895418236
0.13 0 0.43 1.164527413570681
0.13 0 0.44 1.176887795336698
0.13 0 0.45 1.5884986704919515
0.13 0 0.46 0.9058425661910423
0.13 0 0.47000000000000003 0.5776810871998391
0.13 0 0.48 0.3576884222423334
0.13 0 0.49 0.31317786107220236
0.13 0 0.5 0.2854259320594914
0.14 0 0.0 0.8360784610615928
0.14 0 0.01 1.0408620406844433
0.14 0 0.02 1.0856071258080355
0.14 0 0.03 1.3415959959951378
0.14 0 0.04 1.3525050093747448
0.14 0 0.05 1.1405805416361472
0.14 0 0.06 0.905536406640831
0.14 0 0.07 0.6110606938919244
0.14 0 0.08 0.5605466727358944
0.14 0 0.09 0.462891347511719
0.14 0 0.1 0.615460095957075
0.14 0 0.11 0.3435108663138039
0.14 0 0.12 0.362819454009867
0.14 0 0.13 0.3223488813795534
0.14 0 0.14 0.38490819532337783
0.14 0 0.15 0.3459173816864466
0.14 0 0.16 0.310847577587992
0.14 0 0.17 0.3414138613230724
0.14 0 0.18 0.2820576681962326
0.14 0 0.19 0.5376850886603088
0.14 0 0.2 0.5843769864258911
0.14 0 0.21 0.5784942082367182
0.14 0 0.22 0.4170042208524633
0.14 0 0.23 0.37179210140764324
0.14 0 0.24 0.44679100953557443
0.14 0 0.25 0.4947455692998701
0.14 0 0.26 0.4419936838866371
0.14 0 0.27 0.4131314998263762
0.14 0 0.28 0.4246875497554927
0.14 0 0.29 0.4949377458059348
0.14 0 0.3 0.5606182867430127
0.14 0 0.31 0.4002814076003175
0.14 0 0.32 0.5732174882254817
0.14 0 0.33 0.8816830842664012
0.14 0 0.34 1.257889967035371
0.14 0 0.35000000000000003 2.4386127295592357
0.14 0 0.36 1.852092356860931
0.14 0 0.37 1.9601284780935044
0.14 0 0.38 1.2356738190698116
0.14 0 0.39 1.3903716262961954
0.14 0 0.4 1.1787045306422128
0.14 0 0.41000000000000003 1.0156993872274824
0.14 0 0.42 1.2986741516940206
0.14 0 0.43 1.0264751808264467
0.14 0 0.44 0.9748020903430638
0.14 0 0.45 0.9102647591799826
0.14 0 0.46 0.705283607582849
0.14 0 0.47000000000000003 0.8004079054896835
0.14 0 0.48 0.6798329032001766
0.14 0 0.49 0.598280568132506
0.14 0 0.5 0.4531302366161788
0.15 0 0.0 1.16624876220785
0.15 0 0.01 1.4880256574712092
0.15 0 0.02 1.0021736484354535
0.15 0 0.03 0.7994701764582716
0.15 0 0.04 0.7154254797044642
0.15 0 0.05 0.615060016937265
0.15 0 0.06 0.693851390900342
0.15 0 0.07 0.722744428872871
0.15 0 0.08 0.6018175180452989
0.15 0 0.09 0.5766412880527799
0.15 0 0.1 0.6317059062067588
0.15 0 0.11 0.7411872809165594
0.15 0 0.12 1.2369133758118813
0.15 0 0.13 1.0378627370427769
0.15 0 0.14 0.4793100424528079
0.15 0 0.15 0.32849192256721127
0.15 0 0.16 0.21533067373944528
0.15 0 0.17 0.2467392778664243
0.15 0 0.18 0.15977508113281558
0.15 0 0.19 0.3248643373388239
0.15 0 0.2 0.36337760004524455
0.15 0 0.21 0.3790115522637692
0.15 0 0.22 0.34817798788443516
0.15 0 0.23 0.24167306207526204
0.15 0 0.24 0.3449996129480935
0.15 0 0.25 0.5022592006635584
0.15 0 0.26 0.668513330324974
0.15 0 0.27 0.8162070807320204
0.15 0 0.28 0.5360751118271104
0.15 0 0.29 0.5529399012734031
0.15 0 0.3 0.7774625302291739
0.15 0 0.31 0.7183679268906681
0.15 0 0.32 0.8183225774457942
0.15 0 0.33 0.7350115162978041
0.15 0 0.34 1.108609786310007
0.15 0 0.35000000000000003 1.7342491741231472
0.15 0 0.36 1.8580649098706448
0.15 0 0.37 1.3626509295039892
0.15 0 0.38 1.1024972599947382
0.15 0 0.39 1.02777434280392
0.15 0 0.4 0.6962510065725872
0.15 0 0.41000000000000003 0.5699075281200553
0.15 0 0.42 0.48917438222501736
0.15 0 0.43 0.4162798102797352
0.15 0 0.44 0.47387486909744886
0.15 0 0.45 0.6352705340541798
0.15 0 0.46 0.6215293389084882
0.15 0 0.47000000000000003 0.44165613122134734
0.15 0 0.48 0.7603919273767502
0.15 0 0.49 0.8979431939290594
0.15 0 0.5 1.0068593443498461
0.16 0 0.0 2.2812728419132924
0.16 0 0.01 1.9528233568578799
0.16 0 0.02 2.03991868472843
0.16 0 0.03 2.666691508403907
0.16 0 0.04 3.560913217845758
0.16 0 0.05 2.176548057442987
0.16 0 0.06 1.4161938822843587
0.16 0 0.07 1.6697395345085548
0.16 0 0.08 1.2806007277230214
0.16 0 0.09 1.6848686325973588
0.16 0 0.1 1.0634719319634638
0.16 0 0.11 1.1300479053843688
0.16 0 0.12 1.3705043109555146
0.16 0 0.13 1.1828500351810922
0.16 0 0.14 1.1604864234608436
0.16 0 0.15 0.6797748889028511
0.16 0 0.16 0.5591033804939103
0.16 0 0.17 0.513876216802407
0.16 0 0.18 0.5913706648429051
0.16 0 0.19 0.7517377154270788
0.16 0 0.2 0.5067644856673097
0.16 0 0.21 0.4312890539754689
0.16 0 0.22 0.634317054410098
0.16 0 0.23 0.6471560241305805
0.16 0 0.24 0.5670912888927294
0.16 0 0.25 0.4313945151867922
0.16 0 0.26 0.4996157253973457
0.16 0 0.27 0.5263008487758462
0.16 0 0.28 0.6234720259162106
0.16 0 0.29 0.912190911427241
0.16 0 0.3 1.4785048320361482
0.16 0 0.31 0.9726919008459111
0.16 0 0.32 1.3752159008795026
0.16 0 0.33 1.1171064680689118
0.16 0 0.34 1.1688803853751668
0.16 0 0.35000000000000003 1.3415149242752855
0.16 0 0.36 1.4230805799309436
0.16 0 0.37 1.5442366791024897
0.16 0 0.38 1.0431867172151148
0.16 0 0.39 0.6921796460191324
0.16 0 0.4 0.465875948392008
0.16 0 0.41000000000000003 0.7330042594802965
0.16 0 0.42 0.5911996308325007
0.16 0 0.43 0.4844485899316935
0.16 0 0.44 0.4772324522662897
0.16 0 0.45 0.6452962663674892
0.16 0 0.46 0.8145945996198082
0.16 0 0.47000000000000003 0.5244093918643259
0.16 0 0.48 0.6309411947287591
0.16 0 0.49 0.40426223082715085
0.16 0 0.5 0.37165270330329475
0.17 0 0.0 2.9375531581333574
0.17 0 0.01 3.298990704375224
0.17 0 0.02 3.4279005274928607
0.17 0 0.03 3.258201313865163
0.17 0 0.04 3.892748043391507
0.17 0 0.05 3.5572128263632403
0.17 0 0.06 4.462704772803262
0.17 0 0.07 3.78084217718024
0.17 0 0.08 1.6420222274516492
0.17 0 0.09 2.23529288516062
0.17 0 0.1 2.3122040133238793
0.17 0 0.11 1.3895184006656842
0.17 0 0.12 0.9363568498494657
0.17 0 0.13 0.5943135185726739
0.17 0 0.14 0.9235037294078238
0.17 0 0.15 0.8463654034304924
0.17 0 0.16 0.8597816084467163
0.17 0 0.17 0.6467503918512604
0.17 0 0.18 0.5848139614285509
0.17 0 0.19 0.6196553573989094
0.17 0 0.2 0.5512242295805756
0.17 0 0.21 0.6595317937748042
0.17 0 0.22 0.6680230387891966
0.17 0 0.23 0.5050833070356124
0.17 0 0.24 0.4493661825973919
0.17 0 0.25 0.37096639474815346
0.17 0 0.26 0.31175665088026033
0.17 0 0.27 0.2219974665391434
0.17 0 0.28 0.3058703115540072
0.17 0 0.29 0.5569599229052214
0.17 0 0.3 0.630050693989768
0.17 0 0.31 0.5235176340378301
0.17 0 0.32 0.6099353998924638
0.17 0 0.33 0.8634972349561615
0.17 0 0.34 0.5572423857843436
0.17 0 0.35000000000000003 0.7910494940628261
0.17 0 0.36 0.8819992261708001
0.17 0 0.37 0.9644682502582386
0.17 0 0.38 0.7960925599053291
0.17 0 0.39 0.6216317124332923
0.17 0 0.4 0.4613252470534457
0.17 0 0.41000000000000003 0.4611502382039127
0.17 0 0.42 0.46988412045695344
0.17 0 0.43 0.6555748995434665
0.17 0 0.44 0.6188325461976893
0.17 0 0.45 0.6672734845306567
0.17 0 0.46 0.5311672147446838
0.17 0 0.47000000000000003 0.48747222784609345
0.17 0 0.48 0.5495391728799498
0.17 0 0.49 0.37002009297538035
0.17 0 0.5 0.42022555804232586
0.18 0 0.0 1.4418611974350537
0.18 0 0.01 1.5769519972274195
0.18 0 0.02 2.0112123035273974
0.18 0 0.03 1.8847456669021232
0.18 0 0.04 1.8264378906700756
0.18 0 0.05 1.5876733389286841
0.18 0 0.06 2.918293405927337
0.18 0 0.07 3.1391313712165165
0.18 0 0.08 2.3263044192857163
0.18 0 0.09 3.717062228052081
0.18 0 0.1 2.9945412199169312
0.18 0 0.11 3.1619385859693545
0.18 0 0.12 2.6396292836985222
0.18 0 0.13 2.4580461822963393
0.18 0 0.14 1.3995357422505756
0.18 0 0.15 0.9213521219853699
0.18 0 0.16 0.8610230816416751
0.18 0 0.17 0.7955698780409756
0.18 0 0.18 0.5199103242341185
0.18 0 0.19 0.35341166265523877
0.18 0 0.2 0.47520450405186954
0.18 0 0.21 0.45575301765443255
0.18 0 0.22 0.43606071043420136
0.18 0 0.23 0.3861637769715649
0.18 0 0.24 0.28244988003102145
0.18 0 0.25 0.3406749680163601
0.18 0 0.26 0.3044925717572402
0.18 0 0.27 0.37155971847870745
0.18 0 0.28 0.3642774778663518
0.18 0 0.29 0.45674356376196745
0.18 0 0.3 0.36610473153758777
0.18 0 0.31 0.37543342812989794
0.18 0 0.32 0.44225519143161884
0.18 0 0.33 0.4636308680295133
0.18 0 0.34 0.440318043366452
0.18 0 0.35000000000000003 0.7522159581718121
0.18 0 0.36 0.9043889710755574
0.18 0 0.37 0.653028214265448
0.18 0 0.38 0.9650483267859664
0.18 0 0.39 1.0129058584182977
0.18 0 0.4 1.1532974513148533
0.18 0 0.41000000000000003 1.0659942640787485
0.18 0 0.42 0.9405603659704945
0.18 0 0.43 0.8962658288072788
0.18 0 0.44 0.52444094803073
0.18 0 0.45 0.45484813416902675
0.18 0 0.46 0.5408952433811973
0.18 0 0.47000000000000003 0.4921099869126011
0.18 0 0.48 0.4711274807687121
0.18 0 0.49 0.28814107870625466
0.18 0 0.5 0.3279639942792613
0.19 0 0.0 1.7286768454971324
0.19 0 0.01 1.7219269998592512
0.19 0 0.02 1.5157742763871775
0.19 0 0.03 2.0355825973006323
0.19 0 0.04 2.670453869442313
0.19 0 0.05 2.7207984580104143
0.19 0 0.06 2.517668408041504
0.19 0 0.07 2.2270677711297817
0.19 0 0.08 1.386705187884455
0.19 0 0.09 1.9320437804273263
0.19 0 0.1 1.231944009526407
0.19 0 0.11 1.3079242234652289
0.19 0 0.12 1.2821048188001716
0.19 0 0.13 1.1674964633297302
0.19 0 0.14 0.7421541338314801
0.19 0 0.15 0.5142032915382574
0.19 0 0.16 0.5190983121855131
0.19 0 0.17 0.38385254146595577
0.19 0 0.18 0.4477698108693593
0.19 0 0.19 0.43062129846504116
0.19 0 0.2 0.6900001596467513
0.19 0 0.21 0.48868521344567123
0.19 0 0.22 0.4033145277060186
0.19 0 0.23 0.335494908346611
0.19 0 0.24 0.2242959872946798
0.19 0 0.25 0.31011766926656875
0.19 0 0.26 0.3674668379313454
0.19 0 0.27 0.40215407309595985
0.19 0 0.28 0.25111847223247935
0.19 0 0.29 0.1849875693769824
0.19 0 0.3 0.2770300428962823
0.19 0 0.31 0.3304529669625051
0.19 0 0.32 0.5604795241836938
0.19 0 0.33 0.5672234145128665
0.19 0 0.34 0.6225461979930174
0.19 0 0.35000000000000003 0.8440105209467628
0.19 0 0.36 0.9146917527076164
0.19 0 0.37 0.9781239353332982
0.19 0 0.38 1.5950252922116601
0.19 0 0.39 1.690248493129081
0.19 0 0.4 1.7393653713864567
0.19 0 0.41000000000000003 1.2651258862270005
0.19 0 0.42 0.9488816596622569
0.19 0 0.43 0.4575259509843114
0.19 0 0.44 0.29856367085296026
0.19 0 0.45 0.29126821802846276
0.19 0 0.46 0.291725784173699
0.19 0 0.47000000000000003 0.2031270134039428
0.19 0 0.48 0.16772741857088622
0.19 0 0.49 0.23355934424781175
0.19 0 0.5 0.24739579854014532
0.2 0 0.0 1.3484053194524155
0.2 0 0.01 1.2561983699705628
0.2 0 0.02 1.226839767437699
0.2 0 0.03 1.3389605680468852
0.2 0 0.04 0.9147664726506566
0.2 0 0.05 0.6658438939620255
0.2 0 0.06 0.538748681302531
0.2 0 0.07 0.49471514716443016
0.2 0 0.08 0.5080117068433913
0.2 0 0.09 0.44020212111318247
0.2 0 0.1 0.48318434556002643
0.2 0 0.11 0.3396661886954095
0.2 0 0.12 0.38303290612220414
0.2 0 0.13 0.33685983201408753
0.2 0 0.14 0.34828664079221155
0.2 0 0.15 0.3132413507625142
0.2 0 0.16 0.27154154881835585
0.2 0 0.17 0.28149228947091876
0.2 0 0.18 0.30384567012967556
0.2 0 0.19 0.2755151919685327
0.2 0 0.2 0.3364339828118865
0.2 0 0.21 0.23129231037410924
0.2 0 0.22 0.3093777613770961
0.2 0 0.23 0.3103285082915488
0.2 0 0.24 0.26063078503944176
0.2 0 0.25 0.2922415722057789
0.2 0 0.26 0.3455951581817825
0.2 0 0.27 0.34424578130747985
0.2 0 0.28 0.27579670615293855
0.2 0 0.29 0.32046283737154235
0.2 0 0.3 0.2844083093953075
0.2 0 0.31 0.3778343815233979
0.2 0 0.32 0.4961596658102089
0.2 0 0.33 0.5794693512373823
0.2 0 0.34 0.4913580674305764
0.2 0 0.35000000000000003 0.4791292839713697
0.2 0 0.36 0.4454706321978203
0.2 0 0.37 0.5178010979120149
0.2 0 0.38 0.551639334201821
0.2 0 0.39 0.33420937173032506
0.2 0 0.4 0.2720890261102592
0.2 0 0.41000000000000003 0.244518003271099
0.2 0 0.42 0.28473719945158626
0.2 0 0.43 0.2358952991322447
0.2 0 0.44 0.15984338583497237
0.2 0 0.45 0.136291984894496
0.2 0 0.46 0.12577477573293883
0.2 0 0.47000000000000003 0.23742388991230468
0.2 0 0.48 0.24110709708664946
0.2 0 0.49 0.41535831679785923
0.2 0 0.5 0.26216327180668697
0.21 0 0.0 2.096247495135021
0.21 0 0.01 1.53363733165353
0.21 0 0.02 1.1345798347631435
0.21 0 0.03 0.6254519126512422
0.21 0 0.04 0.4414462431251235
0.21 0 0.05 0.3376998550395606
0.21 0 0.06 0.44537474388644016
0.21 0 0.07 0.4848630211329356
0.21 0 0.08 0.6725984188576598
0.21 0 0.09 0.8518506168554774
0.21 0 0.1 1.0670778791665305
0.21 0 0.11 0.8215407686918315
0.21 0 0.12 0.8021686248577715
0.21 0 0.13 0.7343938991363123
0.21 0 0.14 0.5546038609991499
0.21 0 0.15 0.5859914051032119
0.21 0 0.16 0.34650671666932864
0.21 0 0.17 0.3155923335184921
0.21 0 0.18 0.24876486388593896
0.21 0 0.19 0.2480027069592718
0.21 0 0.2 0.28247936406309576
0.21 0 0.21 0.2120387294227313
0.21 0 0.22 0.25378229208211633
0.21 0 0.23 0.3155928389578522
0.21 0 0.24 0.3371569130466414
0.21 0 0.25 0.4398985165933119
0.21 0 0.26 0.3588728047453604
0.21 0 0.27 0.39068403326978857
0.21 0 0.28 0.30545375661483615
0.21 0 0.29 0.45858479062004465
0.21 0 0.3 0.337707812672233
0.21 0 0.31 0.363836106694078
0.21 0 0.32 0.3005766528466402
0.21 0 0.33 0.2815962699447791
0.21 0 0.34 0.40458154106999134
0.21 0 0.35000000000000003 0.40468529522270774
0.21 0 0.36 0.4538990221801942
0.21 0 0.37 0.3010210349439611
0.21 0 0.38 0.2738138713920527
0.21 0 0.39 0.2100818078098635
0.21 0 0.4 0.1251025313271311
0.21 0 0.41000000000000003 0.10086314683677765
0.21 0 0.42 0.09062513557002731
0.21 0 0.43 0.08783612400725359
0.21 0 0.44 0.10652790090597809
0.21 0 0.45 0.11318695092500837
0.21 0 0.46 0.11739128082121941
0.21 0 0.47000000000000003 0.11683915074936167
0.21 0 0.48 0.13896933499450312
0.21 0 0.49 0.2364759106508564
0.21 0 0.5 0.23168172916297963
0.22 0 0.0 1.6351970385578916
0.22 0 0.01 1.0649194472324408
0.22 0 0.02 0.9160552249606224
0.22 0 0.03 0.6598050336870519
0.22 0 0.04 0.4608733910286584
0.22 0 0.05 0.35662733860641915
0.22 0 0.06 0.2977677531809178
0.22 0 0.07 0.4005693205186577
0.22 0 0.08 0.4362680838533104
0.22 0 0.09 0.4734080142201493
0.22 0 0.1 0.46240358217760885
0.22 0 0.11 0.5457554663573358
0.22 0 0.12 0.6930065724884507
0.22 0 0.13 0.6467619199676008
0.22 0 0.14 0.5776270674362667
0.22 0 0.15 0.4567888935388168
0.22 0 0.16 0.33981843633460107
0.22 0 0.17 0.3555811069185773
0.22 0 0.18 0.31967616058684173
0.22 0 0.19 0.43715069627123987
0.22 0 0.2 0.32748479320065144
0.22 0 0.21 0.31919616741135765
0.22 0 0.22 0.4087444901941594
0.22 0 0.23 0.4623025102877492
0.22 0 0.24 0.3289153373084206
0.22 0 0.25 0.3060768749291919
0.22 0 0.26 0.4166538026186308
0.22 0 0.27 0.3197188156398867
0.22 0 0.28 0.31959664020687173
0.22 0 0.29 0.25510954951417586
0.22 0 0.3 0.2111256494704353
0.22 0 0.31 0.22367132940063877
0.22 0 0.32 0.24407989115711212
0.22 0 0.33 0.20294245061118799
0.22 0 0.34 0.2401417615254759
0.22 0 0.35000000000000003 0.22078444681544648
0.22 0 0.36 0.3311987255031356
0.22 0 0.37 0.4236628455644451
0.22 0 0.38 0.4500342732067488
0.22 0 0.39 0.27933557797889713
0.22 0 0.4 0.18165546917175188
0.22 0 0.41000000000000003 0.19954670579451741
0.22 0 0.42 0.23323229912179044
0.22 0 0.43 0.17550471381660654
0.22 0 0.44 0.17999993617168802
0.22 0 0.45 0.15483280183280404
0.22 0 0.46 0.23002982796158594
0.22 0 0.47000000000000003 0.27207882143159223
0.22 0 0.48 0.29826096168525396
0.22 0 0.49 0.29775418725750286
0.22 0 0.5 0.13188327896856541
0.23 0 0.0 0.7035054174077798
0.23 0 0.01 0.506523176689
0.23 0 0.02 0.4994160888807088
0.23 0 0.03 0.5991759584182985
0.23 0 0.04 0.4813609205193602
0.23 0 0.05 0.3980119816791883
0.23 0 0.06 0.42633190897885137
0.23 0 0.07 0.3010648650846463
0.23 0 0.08 0.25709186790365113
0.23 0 0.09 0.21279164664007577
0.23 0 0.1 0.36111485901375534
0.23 0 0.11 0.38478015004932165
0.23 0 0.12 0.4919117400449794
0.23 0 0.13 0.5121009278160166
0.23 0 0.14 0.573832489960093
0.23 0 0.15 0.4987386248072818
0.23 0 0.16 0.4118684547518445
0.23 0 0.17 0.42237123632338885
0.23 0 0.18 0.41318440991293426
0.23 0 0.19 0.4532338159051708
0.23 0 0.2 0.25676527107744124
0.23 0 0.21 0.25471466451949687
0.23 0 0.22 0.2923133250168596
0.23 0 0.23 0.27520886507401415
0.23 0 0.24 0.3359932799299188
0.23 0 0.25 0.2645983538682574
0.23 0 0.26 0.3282948269114478
0.23 0 0.27 0.1613089727962746
0.23 0 0.28 0.2476675469734826
0.23 0 0.29 0.3149163547122661
0.23 0 0.3 0.22289762018321138
0.23 0 0.31 0.19125986556771896
0.23 0 0.32 0.15047912717637033
0.23 0 0.33 0.1869227658387695
0.23 0 0.34 0.17860054049138369
0.23 0 0.35000000000000003 0.15991221428435687
0.23 0 0.36 0.15840469477728944
0.23 0 0.37 0.1497733862306439
0.23 0 0.38 0.20411141303985014
0.23 0 0.39 0.3114044263137369
0.23 0 0.4 0.28953572018080737
0.23 0 0.41000000000000003 0.23778213808554746
0.23 0 0.42 0.2180435467856387
0.23 0 0.43 0.31406957426597004
0.23 0 0.44 0.43990304716754874
0.23 0 0.45 0.5537795227149296
0.23 0 0.46 0.3760234142624065
0.23 0 0.47000000000000003 0.47489158820428834
0.23 0 0.48 0.5383947473321203
0.23 0 0.49 0.4916549513931417
0.23 0 0.5 0.26270244929570574
0.24 0 0.0 0.30223988617492403
0.24 0 0.01 0.2822422218628602
0.24 0 0.02 0.6619348573521243
0.24 0 0.03 0.9633657719599161
0.24 0 0.04 1.1336887497231005
0.24 0 0.05 0.9110433905537711
0.24 0 0.06 1.1363646598744774
0.24 0 0.07 0.7856346630345651
0.24 0 0.08 1.0350360325867556
0.24 0 0.09 1.2665559044604673
0.24 0 0.1 1.5820966501700897
0.24 0 0.11 1.1885399228321747
0.24 0 0.12 0.6998468585872746
0.24 0 0.13 0.7428296985203457
0.24 0 0.14 0.49412976705076544
0.24 0 0.15 0.43899455388724773
0.24 0 0.16 0.5179078137093212
0.24 0 0.17 0.3661136806829603
0.24 0 0.18 0.20643563526098097
0.24 0 0.19 0.17120463746849834
0.24 0 0.2 0.1834602204954049
0.24 0 0.21 0.3039095661388474
0.24 0 0.22 0.313099167167655
0.24 0 0.23 0.3410745376317939
0.24 0 0.24 0.28225644695290886
0.24 0 0.25 0.3200207637296444
0.24 0 0.26 0.33571701003773763
0.24 0 0.27 0.20882022053601876
0.24 0 0.28 0.20639446389233454
0.24 0 0.29 0.14534633051658294
0.24 0 0.3 0.09454826940051958
0.24 0 0.31 0.1320662635369739
0.24 0 0.32 0.1360699228579559
0.24 0 0.33 0.12455600503629424
0.24 0 0.34 0.1463533006106774
0.24 0 0.35000000000000003 0.26014721779133126
0.24 0 0.36 0.36556303733577417
0.24 0 0.37 0.39594855837371873
0.24 0 0.38 0.3812575163081551
0.24 0 0.39 0.7044943450923079
0.24 0 0.4 0.5680983210491823
0.24 0 0.41000000000000003 0.48619662624377263
0.24 0 0.42 0.40678586995954535
0.24 0 0.43 0.3576595572462294
0.24 0 0.44 0.29337798514871244
0.24 0 0.45 0.2957058899934215
0.24 0 0.46 0.35169171810873906
0.24 0 0.47000000000000003 0.37526878245868456
0.24 0 0.48 0.4434921239422764
0.24 0 0.49 0.3640273438699462
0.24 0 0.5 0.42990250837514693
0.25 0 0.0 1.3060945075788049
0.25 0 0.01 1.2085183325434616
0.25 0 0.02 0.9684097960060799
0.25 0 0.03 1.0405031967035465
0.25 0 0.04 0.922163916483152
0.25 0 0.05 1.171994767774007
0.25 0 0.06 0.9922003881030121
0.25 0 0.07 0.8823903636672386
0.25 0 0.08 0.9621193579810261
0.25 0 0.09 1.2580439624360622
0.25 0 0.1 1.0496481171197671
0.25 0 0.11 0.9866802439496954
0.25 0 0.12 0.8568118286952892
0.25 0 0.13 0.9690304457856239
0.25 0 0.14 0.5616285567202889
0.25 0 0.15 0.40604559840554016
0.25 0 0.16 0.3637356632132058
0.25 0 0.17 0.2110677805090173
0.25 0 0.18 0.177789046116016
0.25 0 0.19 0.23570253383375456
0.25 0 0.2 0.19412652529528174
0.25 0 0.21 0.22251596806773935
0.25 0 0.22 0.22850700512458155
0.25 0 0.23 0.42529287372417046
0.25 0 0.24 0.39444578068037484
0.25 0 0.25 0.32398016111917416
0.25 0 0.26 0.3573364628444398
0.25 0 0.27 0.29208649582837626
0.25 0 0.28 0.3410627869283167
0.25 0 0.29 0.1826903105205579
0.25 0 0.3 0.19075273060698633
0.25 0 0.31 0.20406699233376624
0.25 0 0.32 0.27464345944304164
0.25 0 0.33 0.3179314913351897
0.25 0 0.34 0.39739072872736775
0.25 0 0.35000000000000003 0.5768831395614541
0.25 0 0.36 0.5626279379771579
0.25 0 0.37 0.7359589371939941
0.25 0 0.38 0.7671393921948703
0.25 0 0.39 0.9331386141604491
0.25 0 0.4 0.5438117551183135
0.25 0 0.41000000000000003 0.3528074091820444
0.25 0 0.42 0.3833424081909339
0.25 0 0.43 0.1554864327552731
0.25 0 0.44 0.15478737826773592
0.25 0 0.45 0.18499992183777514
0.25 0 0.46 0.2975242614079793
0.25 0 0.47000000000000003 0.3265634993907156
0.25 0 0.48 0.3685733020320492
0.25 0 0.49 0.3828358522883174
0.25 0 0.5 0.42049501643488385
0.26 0 0.0 1.8552035837771532
0.26 0 0.01 1.4424500600352825
0.26 0 0.02 0.8356429538197755
0.26 0 0.03 1.235130220422828
0.26 0 0.04 1.0429341680532813
0.26 0 0.05 1.273929614491585
0.26 0 0.06 0.9371270371345182
0.26 0 0.07 0.8059113737177837
0.26 0 0.08 0.8830129797684976
0.26 0 0.09 0.7125339069375035
0.26 0 0.1 0.784866440233319
0.26 0 0.11 0.5970477207681685
0.26 0 0.12 0.4128374932505488
0.26 0 0.13 0.4896566943524466
0.26 0 0.14 0.5308537494512372
0.26 0 0.15 0.545152048167809
0.26 0 0.16 0.4048919127374188
0.26 0 0.17 0.16568616042541115
0.26 0 0.18 0.168894215615036
0.26 0 0.19 0.27361551939717893
0.26 0 0.2 0.33373087286139386
0.26 0 0.21 0.2854966492432353
0.26 0 0.22 0.3624567965062955
0.26 0 0.23 0.3377155402805936
0.26 0 0.24 0.4123089833803111
0.26 0 0.25 0.4270407761513856
0.26 0 0.26 0.5533278895908355
0.26 0 0.27 0.4669613443782314
0.26 0 0.28 0.46990595129840496
0.26 0 0.29 0.5080708381827799
0.26 0 0.3 0.587541976206129
0.26 0 0.31 0.7070689293661528
0.26 0 0.32 0.9915416222561328
0.26 0 0.33 1.1530543655076204
0.26 0 0.34 1.1546099999635795
0.26 0 0.35000000000000003 0.7224189549964553
0.26 0 0.36 0.4530049059658516
0.26 0 0.37 0.4998043706756092
0.26 0 0.38 0.4074225991606379
0.26 0 0.39 0.36828826180554197
0.26 0 0.4 0.20092614440612544
0.26 0 0.41000000000000003 0.12509555928774774
0.26 0 0.42 0.11204934175595849
0.26 0 0.43 0.08337700407410471
0.26 0 0.44 0.10552427709984066
0.26 0 0.45 0.14968899018750592
0.26 0 0.46 0.13698161883980264
0.26 0 0.47000000000000003 0.17084272615888418
0.26 0 0.48 0.17972361634473014
0.26 0 0.49 0.17252017377378487
0.26 0 0.5 0.14678309665704034
0.27 0 0.0 3.446508194105589
0.27 0 0.01 2.094454255757003
0.27 0 0.02 1.5302382193493578
0.27 0 0.03 1.040703016173233
0.27 0 0.04 0.6686603617519511
0.27 0 0.05 0.7318980111194422
0.27 0 0.06 1.075510784175296
0.27 0 0.07 1.28503044135883
0.27 0 0.08 1.0080890470343775
0.27 0 0.09 0.7319339987030634
0.27 0 0.1 0.6925597719152465
0.27 0 0.11 0.733335692447877
0.27 0 0.12 0.6925771710210878
0.27 0 0.13 0.7175025739243968
0.27 0 0.14 0.6669524600199609
0.27 0 0.15 0.6813140934221479
0.27 0 0.16 0.8830854757371431
0.27 0 0.17 0.5118002880798198
0.27 0 0.18 0.5471724271134735
0.27 0 0.19 0.4842922794844814
0.27 0 0.2 0.5704968408166007
0.27 0 0.21 0.6821412088720469
0.27 0 0.22 0.7370251502466538
0.27 0 0.23 0.6675809868590653
0.27 0 0.24 0.7376888450982856
0.27 0 0.25 0.9010848912659981
0.27 0 0.26 0.5651331324856413
0.27 0 0.27 0.42270366936967196
0.27 0 0.28 0.22122071871243693
0.27 0 0.29 0.34146947615645046
0.27 0 0.3 0.36359647415206503
0.27 0 0.31 0.38132783794099606
0.27 0 0.32 0.34290053785791585
0.27 0 0.33 0.22173454306379495
0.27 0 0.34 0.2770733334518536
0.27 0 0.35000000000000003 0.3220395781914355
0.27 0 0.36 0.33138247331930776
0.27 0 0.37 0.2782964877022311
0.27 0 0.38 0.15723754161284498
0.27 0 0.39 0.23377062051810465
0.27 0 0.4 0.16853220895495688
0.27 0 0.41000000000000003 0.19911640413399803
0.27 0 0.42 0.219248409946162
0.27 0 0.43 0.2522176739603078
0.27 0 0.44 0.444906461087014
0.27 0 0.45 0.39231157537900335
0.27 0 0.46 0.2260636173613091
0.27 0 0.47000000000000003 0.16632378766338723
0.27 0 0.48 0.200350526872331
0.27 0 0.49 0.18067141604814432
0.27 0 0.5 0.2158577403470745
0.28 0 0.0 4.362568404088772
0.28 0 0.01 2.20869776210736
0.28 0 0.02 1.5536549868920202
0.28 0 0.03 1.250612098250306
0.28 0 0.04 0.6582481475957536
0.28 0 0.05 0.42003842047537887
0.28 0 0.06 0.25277721167316763
0.28 0 0.07 0.41140494535187877
0.28 0 0.08 0.46835464224943746
0.28 0 0.09 0.7275875824330894
0.28 0 0.1 0.6826420431846547
0.28 0 0.11 0.8210376977034253
0.28 0 0.12 1.0517308398151501
0.28 0 0.13 1.0739486020768894
0.28 0 0.14 1.047878773214126
0.28 0 0.15 0.9473709032651809
0.28 0 0.16 1.3554735451573034
0.28 0 0.17 1.0318084871169737
0.28 0 0.18 0.704678829761433
0.28 0 0.19 0.5143857697313267
0.28 0 0.2 0.2660644024691621
0.28 0 0.21 0.35533510951833414
0.28 0 0.22 0.45411990919039774
0.28 0 0.23 0.4345130041993348
0.28 0 0.24 0.31040426100814456
0.28 0 0.25 0.24450578643484178
0.28 0 0.26 0.22071734330993545
0.28 0 0.27 0.2665829186943604
0.28 0 0.28 0.20780934418955538
0.28 0 0.29 0.1854652843072307
0.28 0 0.3 0.12151422656921727
0.28 0 0.31 0.13046748034417682
0.28 0 0.32 0.1310026154931022
0.28 0 0.33 0.09765994832851728
0.28 0 0.34 0.11243676517121934
0.28 0 0.35000000000000003 0.1167896615474657
0.28 0 0.36 0.15291965942733923
0.28 0 0.37 0.13594042588885336
0.28 0 0.38 0.11710975089851869
0.28 0 0.39 0.11056850224272333
0.28 0 0.4 0.1275734087447637
0.28 0 0.41000000000000003 0.19556112881446594
0.28 0 0.42 0.34923304018732915
0.28 0 0.43 0.3465445396972949
0.28 0 0.44 0.583058989417228
0.28 0 0.45 0.5825434574324516
0.28 0 0.46 0.5234461917193379
0.28 0 0.47000000000000003 0.41770059503766654
0.28 0 0.48 0.4106872703086895
0.28 0 0.49 0.37990867965977454
0.28 0 0.5 0.3855219522632291
0.29 0 0.0 1.6652200148827863
0.29 0 0.01 1.7591021379551164
0.29 0 0.02 1.0104380666051695
0.29 0 0.03 1.0150547863615835
0.29 0 0.04 0.8852568559666446
0.29 0 0.05 0.9251408861848477
0.29 0 0.06 1.1055497422130625
0.29 0 0.07 0.8611416200149098
0.29 0 0.08 0.7243641936880955
0.29 0 0.09 1.1204250506143065
0.29 0 0.1 1.470872874628697
0.29 0 0.11 1.9915246311192987
0.29 0 0.12 1.8560253067100334
0.29 0 0.13 1.4814476769232212
0.29 0 0.14 1.375254485629361
0.29 0 0.15 1.0362068388879573
0.29 0 0.16 0.8691957450799251
0.29 0 0.17 0.5939524376811018
0.29 0 0.18 0.7330957041237993
0.29 0 0.19 0.7696410652337687
0.29 0 0.2 0.4803712335532051
0.29 0 0.21 0.3575105744851726
0.29 0 0.22 0.3540539227419055
0.29 0 0.23 0.2848941200050622
0.29 0 0.24 0.45312670816913386
0.29 0 0.25 0.41854226205778844
0.29 0 0.26 0.3778042375773279
0.29 0 0.27 0.3315876493184839
0.29 0 0.28 0.29289131311564665
0.29 0 0.29 0.4206694719066831
0.29 0 0.3 0.2940183746661228
0.29 0 0.31 0.28869264105971776
0.29 0 0.32 0.3388143756335208
0.29 0 0.33 0.30819291365421025
0.29 0 0.34 0.2887277231428862
0.29 0 0.35000000000000003 0.21133363739681846
0.29 0 0.36 0.2717655625560512
0.29 0 0.37 0.17468924869804106
0.29 0 0.38 0.2309677700753198
0.29 0 0.39 0.16458649802669043
0.29 0 0.4 0.17758291246341443
0.29 0 0.41000000000000003 0.23103770975432378
0.29 0 0.42 0.22448259944060017
0.29 0 0.43 0.2360763736306867
0.29 0 0.44 0.21357990516496528
0.29 0 0.45 0.28286532576425905
0.29 0 0.46 0.22504198413118368
0.29 0 0.47000000000000003 0.3379370922705895
0.29 0 0.48 0.3205521396363834
0.29 0 0.49 0.18432486297840583
0.29 0 0.5 0.15043011943478327
0.3 0 0.0 0.726777876171575
0.3 0 0.01 0.8474736216495837
0.3 0 0.02 1.1529110592957308
0.3 0 0.03 0.9965786320878921
0.3 0 0.04 0.9920465234790309
0.3 0 0.05 0.6873108122994632
0.3 0 0.06 1.016826193914954
0.3 0 0.07 0.48949096541025233
0.3 0 0.08 0.33771958981606887
0.3 0 0.09 0.43625060242861197
0.3 0 0.1 0.57126065450593
0.3 0 0.11 0.835755144079593
0.3 0 0.12 0.8291749096702269
0.3 0 0.13 0.7417725533089833
0.3 0 0.14 0.6402670495287947
0.3 0 0.15 0.6458192470049391
0.3 0 0.16 1.402754811931081
0.3 0 0.17 1.1157470319949767
0.3 0 0.18 1.0560948766433629
0.3 0 0.19 0.7638451245847063
0.3 0 0.2 0.7133192100450033
0.3 0 0.21 0.9030576023674066
0.3 0 0.22 0.7116204954694512
0.3 0 0.23 0.4699568846146709
0.3 0 0.24 0.3628005725755684
0.3 0 0.25 0.37771479641613354
0.3 0 0.26 0.34044332199087424
0.3 0 0.27 0.451971267481434
0.3 0 0.28 0.5128343024052173
0.3 0 0.29 0.5200126866115181
0.3 0 0.3 0.32905394943627836
0.3 0 0.31 0.39674871860856015
0.3 0 0.32 0.6264996347183853
0.3 0 0.33 0.5695087336614695
0.3 0 0.34 0.4133698198193254
0.3 0 0.35000000000000003 0.32467122635586293
0.3 0 0.36 0.22155163971162817
0.3 0 0.37 0.141692791638999
0.3 0 0.38 0.1602348024530125
0.3 0 0.39 0.16859256804801753
0.3 0 0.4 0.14818058743555906
0.3 0 0.41000000000000003 0.13524824209820263
0.3 0 0.42 0.11176656968084804
0.3 0 0.43 0.15028171879377947
0.3 0 0.44 0.13241522575330417
0.3 0 0.45 0.18809205351666705
0.3 0 0.46 0.17384867715428096
0.3 0 0.47000000000000003 0.2093510757028363
0.3 0 0.48 0.16684237104006278
0.3 0 0.49 0.0974592126839795
0.3 0 0.5 0.09346849360969496
#STOP
