#MEDIUM_PROPERTIES_DISTRIBUTED
$MSH_TYPE
	 GROUNDWATER_FLOW	
$MMP_TYPE
	 PERMEABILITY	
$DIS_TYPE
	 NEAREST_VALUE	
;hj
$CONVERSION_FACTOR
2e-8;2e-6;2e-13
$DATA
0.0 0 0.0 0.21898045037595235
0.0 0 0.01 0.15976213393725378
0.0 0 0.02 0.171186253596686
0.0 0 0.03 0.1800586945267695
0.0 0 0.04 0.14217823945867583
0.0 0 0.05 0.1714057127092396
0.0 0 0.06 0.15257601334893525
0.0 0 0.07 0.1489778186115532
0.0 0 0.08 0.18765180903706044
0.0 0 0.09 0.2143575070579632
0.0 0 0.1 0.2496032882191131
0.0 0 0.11 0.1797478007003666
0.0 0 0.12 0.18648161370567543
0.0 0 0.13 0.17844251101771033
0.0 0 0.14 0.18976899333580907
0.0 0 0.15 0.23313877218627183
0.0 0 0.16 0.202499504760345
0.0 0 0.17 0.22126808281795285
0.0 0 0.18 0.2263948268565393
0.0 0 0.19 0.24334233734604732
0.0 0 0.2 0.25342718260605157
0.0 0 0.21 0.22275570414283757
0.0 0 0.22 0.21834036484662397
0.0 0 0.23 0.2305089390002859
0.0 0 0.24 0.31708505212339594
0.0 0 0.25 0.29691399187134154
0.0 0 0.26 0.2833830995951863
0.0 0 0.27 0.2595325830393978
0.0 0 0.28 0.24035426777413704
0.0 0 0.29 0.2742331225558227
0.0 0 0.3 0.30581308927366335
0.0 0 0.31 0.32572770933522294
0.0 0 0.32 0.2952197577884937
0.0 0 0.33 0.3196610342377401
0.0 0 0.34 0.2987598098065759
0.0 0 0.35000000000000003 0.30554980852958047
0.0 0 0.36 0.3993791692056871
0.0 0 0.37 0.3599438805145065
0.0 0 0.38 0.3985518927641895
0.0 0 0.39 0.3967266168072774
0.0 0 0.4 0.3814946289748942
0.0 0 0.41000000000000003 0.4151380169045786
0.0 0 0.42 0.6196098553859795
0.0 0 0.43 0.6722852284600157
0.0 0 0.44 0.5007088411022147
0.0 0 0.45 0.5868764867182227
0.0 0 0.46 0.5679018137909193
0.0 0 0.47000000000000003 0.6940288394249218
0.0 0 0.48 1.0070649912258671
0.0 0 0.49 1.023548739364565
0.0 0 0.5 0.7838040023173111
0.01 0 0.0 0.10511333777089299
0.01 0 0.01 0.07875531892075563
0.01 0 0.02 0.08429103346329354
0.01 0 0.03 0.10281471443227502
0.01 0 0.04 0.08848152266209
0.01 0 0.05 0.06643972929443143
0.01 0 0.06 0.09564107002976015
0.01 0 0.07 0.10089833671491984
0.01 0 0.08 0.097832294395707
0.01 0 0.09 0.14967217037011746
0.01 0 0.1 0.11396597888210307
0.01 0 0.11 0.10648780742027168
0.01 0 0.12 0.11613133618360819
0.01 0 0.13 0.16166162804369952
0.01 0 0.14 0.24624587496638717
0.01 0 0.15 0.2527076478268534
0.01 0 0.16 0.26985699857642687
0.01 0 0.17 0.1911972021250716
0.01 0 0.18 0.1880597773866071
0.01 0 0.19 0.2166716729338591
0.01 0 0.2 0.23887721825358169
0.01 0 0.21 0.3177181901196449
0.01 0 0.22 0.21260842740876346
0.01 0 0.23 0.2106889593135495
0.01 0 0.24 0.28214046331702325
0.01 0 0.25 0.2436471937019329
0.01 0 0.26 0.2186688820620968
0.01 0 0.27 0.2090169268134892
0.01 0 0.28 0.15979159477272953
0.01 0 0.29 0.151245728591709
0.01 0 0.3 0.21619443245140202
0.01 0 0.31 0.22862285934786902
0.01 0 0.32 0.18325075163121046
0.01 0 0.33 0.18406960011570994
0.01 0 0.34 0.23697669955977776
0.01 0 0.35000000000000003 0.21876569213073543
0.01 0 0.36 0.2479079852854632
0.01 0 0.37 0.29784276391624237
0.01 0 0.38 0.21629098894465684
0.01 0 0.39 0.30764698416694813
0.01 0 0.4 0.32060792465753474
0.01 0 0.41000000000000003 0.3217995261341795
0.01 0 0.42 0.38165394234270505
0.01 0 0.43 0.29947318180306914
0.01 0 0.44 0.382186926393363
0.01 0 0.45 0.3335685565396872
0.01 0 0.46 0.34593253508728306
0.01 0 0.47000000000000003 0.32808574286667624
0.01 0 0.48 0.29844672799796207
0.01 0 0.49 0.4468431529077934
0.01 0 0.5 0.35770915016051985
0.02 0 0.0 0.06167823627450878
0.02 0 0.01 0.08177812259159933
0.02 0 0.02 0.0700615360812321
0.02 0 0.03 0.10072697176645813
0.02 0 0.04 0.10420305087757971
0.02 0 0.05 0.0898419220269519
0.02 0 0.06 0.12715427940708504
0.02 0 0.07 0.12667222628272615
0.02 0 0.08 0.1554365886442106
0.02 0 0.09 0.16092132164290127
0.02 0 0.1 0.1668845616374421
0.02 0 0.11 0.1967492128721619
0.02 0 0.12 0.2010790556511984
0.02 0 0.13 0.27126712950575643
0.02 0 0.14 0.2885382538581438
0.02 0 0.15 0.27955473767521044
0.02 0 0.16 0.30111466765129324
0.02 0 0.17 0.3173344027766228
0.02 0 0.18 0.3395267421306431
0.02 0 0.19 0.3644269449715032
0.02 0 0.2 0.3829423386433134
0.02 0 0.21 0.4778838529255285
0.02 0 0.22 0.4789910170278623
0.02 0 0.23 0.40313668029607175
0.02 0 0.24 0.4360255535663874
0.02 0 0.25 0.32699053014826596
0.02 0 0.26 0.29721916931098946
0.02 0 0.27 0.343006297491612
0.02 0 0.28 0.4088714877422155
0.02 0 0.29 0.5455997342724361
0.02 0 0.3 0.505001932928409
0.02 0 0.31 0.6369107682246509
0.02 0 0.32 0.43263095087120407
0.02 0 0.33 0.3153838455951748
0.02 0 0.34 0.4543207220038524
0.02 0 0.35000000000000003 0.45882355066048525
0.02 0 0.36 0.5091784003962626
0.02 0 0.37 0.4369911854884571
0.02 0 0.38 0.4374137516302539
0.02 0 0.39 0.42682834508207657
0.02 0 0.4 0.43661124253237465
0.02 0 0.41000000000000003 0.6283600707638656
0.02 0 0.42 0.39406243193376445
0.02 0 0.43 0.2960924139097103
0.02 0 0.44 0.2999470504371138
0.02 0 0.45 0.38810669998175046
0.02 0 0.46 0.5171693364237872
0.02 0 0.47000000000000003 0.5043245833526455
0.02 0 0.48 0.48484572737034126
0.02 0 0.49 0.3701602955210324
0.02 0 0.5 0.38800019677206954
0.03 0 0.0 0.1508245789961134
0.03 0 0.01 0.16560448838988598
0.03 0 0.02 0.17560558467602924
0.03 0 0.03 0.12486279503424613
0.03 0 0.04 0.11516087088854139
0.03 0 0.05 0.15555745363853546
0.03 0 0.06 0.20010920734804902
0.03 0 0.07 0.3039993975666174
0.03 0 0.08 0.3386334166965786
0.03 0 0.09 0.3107925701704077
0.03 0 0.1 0.29274478642120416
0.03 0 0.11 0.2930604135172809
0.03 0 0.12 0.34316662324169345
0.03 0 0.13 0.39552705554030715
0.03 0 0.14 0.41311034555313453
0.03 0 0.15 0.30805885712661074
0.03 0 0.16 0.3681962039466203
0.03 0 0.17 0.46418246847498046
0.03 0 0.18 0.49072159399490056
0.03 0 0.19 0.5616287030849438
0.03 0 0.2 0.49241304484728315
0.03 0 0.21 0.3722563533432201
0.03 0 0.22 0.3976815970610546
0.03 0 0.23 0.5534143095349986
0.03 0 0.24 0.5176686317990167
0.03 0 0.25 0.5460254402913544
0.03 0 0.26 0.5818725396078085
0.03 0 0.27 0.4674718470860046
0.03 0 0.28 0.5620086285610512
0.03 0 0.29 0.536088771094133
0.03 0 0.3 0.49219680265415877
0.03 0 0.31 0.41870486544566454
0.03 0 0.32 0.4640929042971783
0.03 0 0.33 0.4364439418189446
0.03 0 0.34 0.39417475870329516
0.03 0 0.35000000000000003 0.6085914943838152
0.03 0 0.36 0.4755330376230365
0.03 0 0.37 0.4918623528894695
0.03 0 0.38 0.5312478887894085
0.03 0 0.39 0.3360630595208756
0.03 0 0.4 0.3466592920067218
0.03 0 0.41000000000000003 0.32161029366467564
0.03 0 0.42 0.3871590015676212
0.03 0 0.43 0.355728826798711
0.03 0 0.44 0.3944181130997045
0.03 0 0.45 0.4754363136406439
0.03 0 0.46 0.40472425607996376
0.03 0 0.47000000000000003 0.4922070755315167
0.03 0 0.48 0.3904023215893862
0.03 0 0.49 0.3385470351601399
0.03 0 0.5 0.370010567151629
0.04 0 0.0 0.07394243685549061
0.04 0 0.01 0.0811866986224267
0.04 0 0.02 0.12270732991506102
0.04 0 0.03 0.11822875190162037
0.04 0 0.04 0.136846321148057
0.04 0 0.05 0.15970687793141233
0.04 0 0.06 0.1767469887274057
0.04 0 0.07 0.19523914589577362
0.04 0 0.08 0.16104197320731287
0.04 0 0.09 0.15928361022975232
0.04 0 0.1 0.19492115467434212
0.04 0 0.11 0.22506619507748715
0.04 0 0.12 0.2937999622740834
0.04 0 0.13 0.4243324981109062
0.04 0 0.14 0.5105633725591855
0.04 0 0.15 0.5600477687033235
0.04 0 0.16 0.5629185983365946
0.04 0 0.17 0.7444224914167041
0.04 0 0.18 0.5407812282730265
0.04 0 0.19 0.5040719385049999
0.04 0 0.2 0.7150372819678635
0.04 0 0.21 0.5239780955463684
0.04 0 0.22 0.6364077800609481
0.04 0 0.23 0.696660042920567
0.04 0 0.24 0.5863955630924457
0.04 0 0.25 0.5215297555498266
0.04 0 0.26 0.419422185045863
0.04 0 0.27 0.5983388328498428
0.04 0 0.28 0.4568037529526604
0.04 0 0.29 0.4659746497006063
0.04 0 0.3 0.4656966847053868
0.04 0 0.31 0.3468951809266275
0.04 0 0.32 0.5066849601454255
0.04 0 0.33 0.5711208715946379
0.04 0 0.34 0.6568043708620018
0.04 0 0.35000000000000003 0.5264566806141462
0.04 0 0.36 0.35420992087873154
0.04 0 0.37 0.43629129862112526
0.04 0 0.38 0.5038440386869709
0.04 0 0.39 0.649566546957978
0.04 0 0.4 0.6323007922018805
0.04 0 0.41000000000000003 0.5475293233581974
0.04 0 0.42 0.48897279409989286
0.04 0 0.43 0.5148705415033317
0.04 0 0.44 0.5984578026091104
0.04 0 0.45 0.561980604944797
0.04 0 0.46 0.39808939863808374
0.04 0 0.47000000000000003 0.34226447079531674
0.04 0 0.48 0.3951650183481208
0.04 0 0.49 0.4088551241637021
0.04 0 0.5 0.5806410306715941
0.05 0 0.0 0.10919824628223486
0.05 0 0.01 0.09135406445100899
0.05 0 0.02 0.09510449595892312
0.05 0 0.03 0.0966113211564158
0.05 0 0.04 0.10542705855290016
0.05 0 0.05 0.11642557972394105
0.05 0 0.06 0.11632955876216484
0.05 0 0.07 0.11339914680766996
0.05 0 0.08 0.08445752016803759
0.05 0 0.09 0.10360635002147199
0.05 0 0.1 0.14780444577213306
0.05 0 0.11 0.18834852471635619
0.05 0 0.12 0.2780440265180399
0.05 0 0.13 0.21375454024388102
0.05 0 0.14 0.21610979409574912
0.05 0 0.15 0.22712032072435345
0.05 0 0.16 0.2732767851680039
0.05 0 0.17 0.41802111811934717
0.05 0 0.18 0.44712042539131797
0.05 0 0.19 0.5086410354580921
0.05 0 0.2 0.552910282021136
0.05 0 0.21 0.8071349061468006
0.05 0 0.22 0.8582105323485817
0.05 0 0.23 0.7132012341160243
0.05 0 0.24 0.8139334201902029
0.05 0 0.25 0.5706729124539356
0.05 0 0.26 0.5677130291973077
0.05 0 0.27 0.804410597757587
0.05 0 0.28 1.006570704452542
0.05 0 0.29 0.905539837521529
0.05 0 0.3 0.8958676885380189
0.05 0 0.31 0.8470745547855906
0.05 0 0.32 0.5449857948262584
0.05 0 0.33 0.63746690897754
0.05 0 0.34 0.7237605268792806
0.05 0 0.35000000000000003 0.6185940997046987
0.05 0 0.36 0.5325321851190676
0.05 0 0.37 0.4465546020172896
0.05 0 0.38 0.435433079365667
0.05 0 0.39 0.39070855425877876
0.05 0 0.4 0.43312962285341033
0.05 0 0.41000000000000003 0.3814294119940342
0.05 0 0.42 0.3866840747916929
0.05 0 0.43 0.41773234153624456
0.05 0 0.44 0.462440118755859
0.05 0 0.45 0.6763780843321641
0.05 0 0.46 0.6282859097732039
0.05 0 0.47000000000000003 0.6617911223189302
0.05 0 0.48 0.9203727230070776
0.05 0 0.49 1.128792887157381
0.05 0 0.5 0.9883048085639358
0.06 0 0.0 0.19373618308296744
0.06 0 0.01 0.17273236992713362
0.06 0 0.02 0.14430073358775075
0.06 0 0.03 0.13702930198454916
0.06 0 0.04 0.1139493621772618
0.06 0 0.05 0.1030390216263572
0.06 0 0.06 0.12606804113789777
0.06 0 0.07 0.10356591770516314
0.06 0 0.08 0.10980552346479333
0.06 0 0.09 0.1427338756416627
0.06 0 0.1 0.1386344917251517
0.06 0 0.11 0.14727654814414487
0.06 0 0.12 0.16608031384140692
0.06 0 0.13 0.2084477184714736
0.06 0 0.14 0.16421344034765414
0.06 0 0.15 0.19870633398044354
0.06 0 0.16 0.24034711575851544
0.06 0 0.17 0.17990811430843828
0.06 0 0.18 0.2675906817670023
0.06 0 0.19 0.2622546120157713
0.06 0 0.2 0.27737017143950654
0.06 0 0.21 0.33993066992056736
0.06 0 0.22 0.3092989380550359
0.06 0 0.23 0.3320766215634153
0.06 0 0.24 0.31425933151395197
0.06 0 0.25 0.45642757771139536
0.06 0 0.26 0.5331198804063423
0.06 0 0.27 0.5981697162329863
0.06 0 0.28 0.6780439924331457
0.06 0 0.29 0.4704317803243965
0.06 0 0.3 0.5524235099009852
0.06 0 0.31 0.6520613634568352
0.06 0 0.32 0.6104045252187049
0.06 0 0.33 0.6271085230262811
0.06 0 0.34 0.6024258913764664
0.06 0 0.35000000000000003 0.5996702919141895
0.06 0 0.36 0.7869213699113577
0.06 0 0.37 0.8935254733949731
0.06 0 0.38 0.762425941977035
0.06 0 0.39 0.6285651466009322
0.06 0 0.4 0.48510977576245756
0.06 0 0.41000000000000003 0.556880851766252
0.06 0 0.42 0.6360928069447858
0.06 0 0.43 0.747683298954597
0.06 0 0.44 0.6995977863868762
0.06 0 0.45 0.5147972083621438
0.06 0 0.46 0.5854491799140399
0.06 0 0.47000000000000003 0.4075779122570168
0.06 0 0.48 0.5597094960610626
0.06 0 0.49 0.7275717709950118
0.06 0 0.5 0.507255465871276
0.07 0 0.0 0.11613679241427159
0.07 0 0.01 0.10061380070759184
0.07 0 0.02 0.09359920846980668
0.07 0 0.03 0.13371944957888468
0.07 0 0.04 0.11189763808588937
0.07 0 0.05 0.13797241865262938
0.07 0 0.06 0.1305792009528231
0.07 0 0.07 0.12222202961028818
0.07 0 0.08 0.16514650300668524
0.07 0 0.09 0.20046425482447386
0.07 0 0.1 0.3008933337451831
0.07 0 0.11 0.201382376032918
0.07 0 0.12 0.16529398733469813
0.07 0 0.13 0.2246065655700121
0.07 0 0.14 0.23053961136331722
0.07 0 0.15 0.35006289191788875
0.07 0 0.16 0.4111568386232729
0.07 0 0.17 0.39175021765320645
0.07 0 0.18 0.3143349012537898
0.07 0 0.19 0.33572284021787935
0.07 0 0.2 0.453185222844458
0.07 0 0.21 0.39524971960419014
0.07 0 0.22 0.36849571760567756
0.07 0 0.23 0.3983860873957091
0.07 0 0.24 0.36153689162436536
0.07 0 0.25 0.41931380994757617
0.07 0 0.26 0.6912080133791152
0.07 0 0.27 0.8344721952933706
0.07 0 0.28 0.8571257955800279
0.07 0 0.29 0.853791944994481
0.07 0 0.3 0.8619517689625951
0.07 0 0.31 1.218297431309048
0.07 0 0.32 1.4146387180028088
0.07 0 0.33 2.0282705036398707
0.07 0 0.34 1.9254623144536058
0.07 0 0.35000000000000003 1.7033865005155473
0.07 0 0.36 1.9018078461954535
0.07 0 0.37 1.9254317725461487
0.07 0 0.38 2.5815902893667255
0.07 0 0.39 1.965875166762751
0.07 0 0.4 2.0553389303660947
0.07 0 0.41000000000000003 2.6240806271458172
0.07 0 0.42 2.168376718970694
0.07 0 0.43 2.7377666938637626
0.07 0 0.44 2.250448701280664
0.07 0 0.45 1.8666158459287745
0.07 0 0.46 1.502807378429386
0.07 0 0.47000000000000003 1.571665542656404
0.07 0 0.48 1.4907910825690511
0.07 0 0.49 0.9915129109205271
0.07 0 0.5 1.0905666472144246
0.08 0 0.0 0.06306134590579171
0.08 0 0.01 0.05290950569799978
0.08 0 0.02 0.06226790627095626
0.08 0 0.03 0.05550416926989692
0.08 0 0.04 0.07598491649754692
0.08 0 0.05 0.10961503391571933
0.08 0 0.06 0.11930293445570272
0.08 0 0.07 0.15043955759538255
0.08 0 0.08 0.1675691469618747
0.08 0 0.09 0.18474978206912473
0.08 0 0.1 0.21641465446430938
0.08 0 0.11 0.2658471701400724
0.08 0 0.12 0.22848977916711904
0.08 0 0.13 0.2230398016556606
0.08 0 0.14 0.29550563753740033
0.08 0 0.15 0.23302123574082562
0.08 0 0.16 0.25535867795918055
0.08 0 0.17 0.26274256074218794
0.08 0 0.18 0.2096904318919259
0.08 0 0.19 0.1976149301871518
0.08 0 0.2 0.238712617414991
0.08 0 0.21 0.23118004796888683
0.08 0 0.22 0.20631078601398617
0.08 0 0.23 0.32082966538098084
0.08 0 0.24 0.40818168708850505
0.08 0 0.25 0.4347120508678562
0.08 0 0.26 0.4989448260587984
0.08 0 0.27 0.43890143414697436
0.08 0 0.28 0.40571854641554567
0.08 0 0.29 0.46047559743033534
0.08 0 0.3 0.6246322426537233
0.08 0 0.31 0.6591851632198543
0.08 0 0.32 0.8321062191458813
0.08 0 0.33 0.8146467163792233
0.08 0 0.34 0.9521460268070667
0.08 0 0.35000000000000003 1.1292359995310517
0.08 0 0.36 0.769177191067373
0.08 0 0.37 0.7690305708586251
0.08 0 0.38 0.7083415130739511
0.08 0 0.39 0.7136762515570219
0.08 0 0.4 0.883402414743566
0.08 0 0.41000000000000003 1.2479542116893791
0.08 0 0.42 1.5319981608714026
0.08 0 0.43 0.9182506616847118
0.08 0 0.44 1.23070166235086
0.08 0 0.45 1.112627227000871
0.08 0 0.46 1.0855056426812164
0.08 0 0.47000000000000003 2.2276647747725566
0.08 0 0.48 2.4588642471368645
0.08 0 0.49 2.418359114466368
0.08 0 0.5 1.983903135379356
0.09 0 0.0 0.06718000185269372
0.09 0 0.01 0.10804259381582228
0.09 0 0.02 0.15541877055122025
0.09 0 0.03 0.16845055243306697
0.09 0 0.04 0.15839905518600586
0.09 0 0.05 0.14185232761601077
0.09 0 0.06 0.16006742958951117
0.09 0 0.07 0.14412421104029585
0.09 0 0.08 0.18526441984814992
0.09 0 0.09 0.18833486188589896
0.09 0 0.1 0.1397966648486468
0.09 0 0.11 0.18722413022859666
0.09 0 0.12 0.24328749826172585
0.09 0 0.13 0.3007229860933914
0.09 0 0.14 0.329449752877644
0.09 0 0.15 0.28041822370151315
0.09 0 0.16 0.24184653990634494
0.09 0 0.17 0.260290922060895
0.09 0 0.18 0.3084650091286402
0.09 0 0.19 0.4766264803360696
0.09 0 0.2 0.5524131962352242
0.09 0 0.21 0.5636871011462949
0.09 0 0.22 0.5777128734842146
0.09 0 0.23 0.5343999687507257
0.09 0 0.24 0.7824126179352726
0.09 0 0.25 0.8305629733388908
0.09 0 0.26 0.9162914933762399
0.09 0 0.27 0.9201634811773782
0.09 0 0.28 0.6264921816371826
0.09 0 0.29 0.9007746401581622
0.09 0 0.3 0.8778749912841314
0.09 0 0.31 0.968546488558125
0.09 0 0.32 0.8141247640274638
0.09 0 0.33 0.48651268223874083
0.09 0 0.34 0.5057369859223951
0.09 0 0.35000000000000003 0.39768362425034204
0.09 0 0.36 0.5071600252846286
0.09 0 0.37 0.5266603993966145
0.09 0 0.38 0.514684434245254
0.09 0 0.39 0.7885884062844328
0.09 0 0.4 0.7485733648150494
0.09 0 0.41000000000000003 0.9675214516701085
0.09 0 0.42 0.8526242101013465
0.09 0 0.43 0.6509876499061187
0.09 0 0.44 0.6711649298932298
0.09 0 0.45 0.7922502423489501
0.09 0 0.46 1.0789436552760496
0.09 0 0.47000000000000003 1.1934040064096585
0.09 0 0.48 1.5230802970029311
0.09 0 0.49 1.6498865559911244
0.09 0 0.5 1.4457971584125926
0.1 0 0.0 0.07019397736961724
0.1 0 0.01 0.06882396918710594
0.1 0 0.02 0.07993273122909782
0.1 0 0.03 0.11238960183585342
0.1 0 0.04 0.1124894938799194
0.1 0 0.05 0.10951307249106089
0.1 0 0.06 0.15636299310485918
0.1 0 0.07 0.1838976533011656
0.1 0 0.08 0.20661643991326117
0.1 0 0.09 0.31848398092013797
0.1 0 0.1 0.2630590120605955
0.1 0 0.11 0.1996000016323439
0.1 0 0.12 0.23504354868208518
0.1 0 0.13 0.24891795364773556
0.1 0 0.14 0.2328818423952238
0.1 0 0.15 0.21173024368018847
0.1 0 0.16 0.2943584616591322
0.1 0 0.17 0.281016069734172
0.1 0 0.18 0.3209787446496482
0.1 0 0.19 0.4386414019426743
0.1 0 0.2 0.32647597996150596
0.1 0 0.21 0.35418298435628187
0.1 0 0.22 0.34414745745268305
0.1 0 0.23 0.36937218546584794
0.1 0 0.24 0.3973121659444124
0.1 0 0.25 0.3413260824203678
0.1 0 0.26 0.40368788604634587
0.1 0 0.27 0.4347062577135404
0.1 0 0.28 0.5126268310324945
0.1 0 0.29 0.44551758704321737
0.1 0 0.3 0.47691394483686833
0.1 0 0.31 0.4704788189754636
0.1 0 0.32 0.34594725310187174
0.1 0 0.33 0.487483425262341
0.1 0 0.34 0.5334389691093581
0.1 0 0.35000000000000003 0.5174656451168331
0.1 0 0.36 0.5850578443515935
0.1 0 0.37 0.6728155869988247
0.1 0 0.38 0.5632559791561564
0.1 0 0.39 0.5165347983523527
0.1 0 0.4 0.731167452372865
0.1 0 0.41000000000000003 0.5528093444420696
0.1 0 0.42 0.5410340675485233
0.1 0 0.43 0.658532033228227
0.1 0 0.44 0.7410041793245431
0.1 0 0.45 1.1666476625936257
0.1 0 0.46 1.5562500449322585
0.1 0 0.47000000000000003 1.5208955659643866
0.1 0 0.48 1.0212658444235643
0.1 0 0.49 0.9824053197836877
0.1 0 0.5 1.0447320051255058
0.11 0 0.0 0.07977760497195428
0.11 0 0.01 0.09200817305517266
0.11 0 0.02 0.08621230976079497
0.11 0 0.03 0.09652354775358896
0.11 0 0.04 0.13440554339421168
0.11 0 0.05 0.16908692167982636
0.11 0 0.06 0.2679449484865065
0.11 0 0.07 0.32525727715068853
0.11 0 0.08 0.2811329462976437
0.11 0 0.09 0.28131913517381324
0.11 0 0.1 0.3449107988412098
0.11 0 0.11 0.3457568593357613
0.11 0 0.12 0.4326974227471421
0.11 0 0.13 0.5909369493556133
0.11 0 0.14 0.4686685244521878
0.11 0 0.15 0.49748116348784605
0.11 0 0.16 0.5012219150205762
0.11 0 0.17 0.5067891374219646
0.11 0 0.18 0.5438285582004628
0.11 0 0.19 0.44238168881199263
0.11 0 0.2 0.46449045085361296
0.11 0 0.21 0.38443926475600204
0.11 0 0.22 0.5809245310895217
0.11 0 0.23 0.854593180382376
0.11 0 0.24 0.9326058120465655
0.11 0 0.25 1.0008634879052312
0.11 0 0.26 0.5823979854154773
0.11 0 0.27 0.6959073876192245
0.11 0 0.28 0.7725193744919193
0.11 0 0.29 0.7129143897577241
0.11 0 0.3 0.946076566964104
0.11 0 0.31 0.7844854808939361
0.11 0 0.32 0.8170377884997222
0.11 0 0.33 0.8751129707314608
0.11 0 0.34 1.1686981487061026
0.11 0 0.35000000000000003 1.1357360293759602
0.11 0 0.36 0.9201397963266242
0.11 0 0.37 1.2986028679915476
0.11 0 0.38 1.3607308952122628
0.11 0 0.39 1.2981204226859075
0.11 0 0.4 1.6077654286053293
0.11 0 0.41000000000000003 1.67454653752301
0.11 0 0.42 1.578954970182288
0.11 0 0.43 1.9802886437234166
0.11 0 0.44 2.460004747615357
0.11 0 0.45 2.567490162089901
0.11 0 0.46 2.614410576327283
0.11 0 0.47000000000000003 2.625965006022449
0.11 0 0.48 3.387882760772955
0.11 0 0.49 2.9446428292428823
0.11 0 0.5 3.9939986254443762
0.12 0 0.0 0.05675231061859551
0.12 0 0.01 0.07715223326559728
0.12 0 0.02 0.11590606322893204
0.12 0 0.03 0.09575481539626375
0.12 0 0.04 0.09359994650896593
0.12 0 0.05 0.13832477279356642
0.12 0 0.06 0.11803989684211076
0.12 0 0.07 0.14809843137306478
0.12 0 0.08 0.14072145114825504
0.12 0 0.09 0.13818180953438824
0.12 0 0.1 0.17320645797601855
0.12 0 0.11 0.19390061630015556
0.12 0 0.12 0.3068430915036772
0.12 0 0.13 0.2795692122632738
0.12 0 0.14 0.33196277483019276
0.12 0 0.15 0.4430851305214321
0.12 0 0.16 0.45966677852013343
0.12 0 0.17 0.7477202864172712
0.12 0 0.18 0.712732907970982
0.12 0 0.19 0.9822913712924028
0.12 0 0.2 1.2635580041444248
0.12 0 0.21 1.252437551678955
0.12 0 0.22 1.5856550351779695
0.12 0 0.23 1.5157834769975302
0.12 0 0.24 1.4180635433859192
0.12 0 0.25 1.3047917267839115
0.12 0 0.26 1.3698258850548528
0.12 0 0.27 1.4358878063256697
0.12 0 0.28 1.4535123766995939
0.12 0 0.29 1.8164566667002364
0.12 0 0.3 1.7236862658969379
0.12 0 0.31 1.5922888285448162
0.12 0 0.32 1.7588735339809252
0.12 0 0.33 1.9654585126053232
0.12 0 0.34 1.7595217329236739
0.12 0 0.35000000000000003 2.1291089637398
0.12 0 0.36 1.9181049483986425
0.12 0 0.37 2.1432899098206697
0.12 0 0.38 4.000705675241315
0.12 0 0.39 4.543783246388169
0.12 0 0.4 5.034499256992176
0.12 0 0.41000000000000003 4.711165372750485
0.12 0 0.42 4.7603008553434725
0.12 0 0.43 5.714512850687194
0.12 0 0.44 7.536458633472341
0.12 0 0.45 10.545655938421664
0.12 0 0.46 5.968148739549685
0.12 0 0.47000000000000003 5.995320016359095
0.12 0 0.48 6.129792571950598
0.12 0 0.49 5.430542050494215
0.12 0 0.5 6.606951519216672
0.13 0 0.0 0.0846421150333591
0.13 0 0.01 0.0664587032696429
0.13 0 0.02 0.09216965966899826
0.13 0 0.03 0.0768229230826905
0.13 0 0.04 0.08477642176058033
0.13 0 0.05 0.10364268527122751
0.13 0 0.06 0.10497610360214436
0.13 0 0.07 0.08177247104536867
0.13 0 0.08 0.08708285036043632
0.13 0 0.09 0.11335120883629939
0.13 0 0.1 0.11639129552445288
0.13 0 0.11 0.16959619850879465
0.13 0 0.12 0.17862410239995596
0.13 0 0.13 0.1577754834072768
0.13 0 0.14 0.15869941161224754
0.13 0 0.15 0.16366586270255237
0.13 0 0.16 0.2444522913106023
0.13 0 0.17 0.27169198999325583
0.13 0 0.18 0.27988199942313324
0.13 0 0.19 0.2686387844554929
0.13 0 0.2 0.3645299743529853
0.13 0 0.21 0.42892084962964333
0.13 0 0.22 0.4390593410453492
0.13 0 0.23 0.6039672836644743
0.13 0 0.24 0.47170517277417134
0.13 0 0.25 0.4802121926034124
0.13 0 0.26 0.842319665775027
0.13 0 0.27 1.1274853228422372
0.13 0 0.28 1.2381066159039114
0.13 0 0.29 1.5551102157976109
0.13 0 0.3 2.104198121115481
0.13 0 0.31 2.0073584554543116
0.13 0 0.32 3.064250188752524
0.13 0 0.33 4.572460583759744
0.13 0 0.34 5.332539397167286
0.13 0 0.35000000000000003 6.579921627428258
0.13 0 0.36 7.990039023016153
0.13 0 0.37 7.674823847742059
0.13 0 0.38 6.576413074550344
0.13 0 0.39 7.5614621202521
0.13 0 0.4 6.606774755766088
0.13 0 0.41000000000000003 6.951872422121111
0.13 0 0.42 6.7190572046604435
0.13 0 0.43 5.5908319717956605
0.13 0 0.44 7.354602491075862
0.13 0 0.45 5.780295288304228
0.13 0 0.46 6.028779801010502
0.13 0 0.47000000000000003 5.486843396836703
0.13 0 0.48 5.19646201396049
0.13 0 0.49 5.643570419022273
0.13 0 0.5 4.680517849055356
0.14 0 0.0 0.1680225081896315
0.14 0 0.01 0.18451256864855622
0.14 0 0.02 0.15902116490420337
0.14 0 0.03 0.23320917546735057
0.14 0 0.04 0.22538114016004115
0.14 0 0.05 0.28297588919514044
0.14 0 0.06 0.2944825515431118
0.14 0 0.07 0.21567064596715851
0.14 0 0.08 0.2617294317050727
0.14 0 0.09 0.2491688295472769
0.14 0 0.1 0.30792563398000133
0.14 0 0.11 0.31375684062212655
0.14 0 0.12 0.27469020298137076
0.14 0 0.13 0.2982552994032406
0.14 0 0.14 0.22054316506539634
0.14 0 0.15 0.2232648508906444
0.14 0 0.16 0.2104168776476447
0.14 0 0.17 0.19810002697282458
0.14 0 0.18 0.21234798660978507
0.14 0 0.19 0.20451431839107415
0.14 0 0.2 0.22392436268132637
0.14 0 0.21 0.22976625407307552
0.14 0 0.22 0.197556583275345
0.14 0 0.23 0.20923422711488177
0.14 0 0.24 0.24513291940341272
0.14 0 0.25 0.27695945168431824
0.14 0 0.26 0.4610246754790703
0.14 0 0.27 0.6164959455900375
0.14 0 0.28 0.6399716480256783
0.14 0 0.29 0.6028627073138203
0.14 0 0.3 0.6323999498304477
0.14 0 0.31 0.9778155287742046
0.14 0 0.32 0.8049738611438213
0.14 0 0.33 0.995442572387527
0.14 0 0.34 1.024450537935807
0.14 0 0.35000000000000003 0.7583962994577165
0.14 0 0.36 1.2544768986785497
0.14 0 0.37 1.3565746360463917
0.14 0 0.38 1.3714188465615982
0.14 0 0.39 0.970460120331492
0.14 0 0.4 0.9270854907796302
0.14 0 0.41000000000000003 1.3857215529320945
0.14 0 0.42 1.282297839796067
0.14 0 0.43 1.9954768769305309
0.14 0 0.44 1.6353318147524503
0.14 0 0.45 1.2446405943401322
0.14 0 0.46 1.3940240402871116
0.14 0 0.47000000000000003 1.3873904344532741
0.14 0 0.48 1.9865401978086965
0.14 0 0.49 1.7718133307473296
0.14 0 0.5 1.7028830778112432
0.15 0 0.0 0.14055571734830305
0.15 0 0.01 0.1590507213279629
0.15 0 0.02 0.17174888575733424
0.15 0 0.03 0.21128673815587298
0.15 0 0.04 0.25533725023925813
0.15 0 0.05 0.29868888150140455
0.15 0 0.06 0.28455680866435806
0.15 0 0.07 0.3199570191633912
0.15 0 0.08 0.3785285394960014
0.15 0 0.09 0.502766955326238
0.15 0 0.1 0.550094304566765
0.15 0 0.11 0.45297369248943775
0.15 0 0.12 0.4112957345300083
0.15 0 0.13 0.45093788646121985
0.15 0 0.14 0.49426548589975594
0.15 0 0.15 0.6947579075958038
0.15 0 0.16 0.9223326542269485
0.15 0 0.17 0.6456523483912137
0.15 0 0.18 0.7336915604454074
0.15 0 0.19 0.8690127552579434
0.15 0 0.2 0.7656336391340292
0.15 0 0.21 0.89329259118058
0.15 0 0.22 0.8502990861031464
0.15 0 0.23 0.8497318631202363
0.15 0 0.24 0.8078369147470855
0.15 0 0.25 1.1342274674193928
0.15 0 0.26 1.1605057131957641
0.15 0 0.27 0.9263054108586096
0.15 0 0.28 1.0354754969513642
0.15 0 0.29 0.6501551087891855
0.15 0 0.3 0.6456622325687594
0.15 0 0.31 0.7982447649522078
0.15 0 0.32 0.8116228588412707
0.15 0 0.33 0.9166265303623184
0.15 0 0.34 0.7972663184627066
0.15 0 0.35000000000000003 0.6835465622729107
0.15 0 0.36 0.5220041092959387
0.15 0 0.37 0.7152752427713432
0.15 0 0.38 0.7501600518619654
0.15 0 0.39 0.6980292536761126
0.15 0 0.4 0.9381808621221539
0.15 0 0.41000000000000003 0.9540109384491156
0.15 0 0.42 1.3664883146794782
0.15 0 0.43 1.7703996888590572
0.15 0 0.44 1.9322544869842075
0.15 0 0.45 1.8179985497629805
0.15 0 0.46 1.8153539349465821
0.15 0 0.47000000000000003 2.2135357288250104
0.15 0 0.48 1.9892164962953403
0.15 0 0.49 2.384054438705785
0.15 0 0.5 1.9509729815493817
0.16 0 0.0 0.13972574501055843
0.16 0 0.01 0.17427513232447547
0.16 0 0.02 0.20132905195544087
0.16 0 0.03 0.21689304616937097
0.16 0 0.04 0.2480750141723666
0.16 0 0.05 0.22224049383664787
0.16 0 0.06 0.25886100543071766
0.16 0 0.07 0.2717336211177646
0.16 0 0.08 0.3437304863184638
0.16 0 0.09 0.4920963909301179
0.16 0 0.1 0.6067379518585515
0.16 0 0.11 0.6553625640937925
0.16 0 0.12 0.8201861347750641
0.16 0 0.13 0.9955216439245145
0.16 0 0.14 0.9455756119523574
0.16 0 0.15 1.1265490109365208
0.16 0 0.16 1.3672555026378885
0.16 0 0.17 1.2783108090815183
0.16 0 0.18 1.106747750918316
0.16 0 0.19 1.3016345901875197
0.16 0 0.2 1.2041293496856378
0.16 0 0.21 0.8454949186565222
0.16 0 0.22 1.1763943429911756
0.16 0 0.23 1.137917512395409
0.16 0 0.24 1.2015545706381041
0.16 0 0.25 1.1584698441140044
0.16 0 0.26 0.869640162271357
0.16 0 0.27 0.7034570400732951
0.16 0 0.28 0.48491882705076056
0.16 0 0.29 0.7535657383868829
0.16 0 0.3 0.8307264299143704
0.16 0 0.31 0.704485131829198
0.16 0 0.32 0.7342916655353676
0.16 0 0.33 0.4976314965026776
0.16 0 0.34 0.5911403982184168
0.16 0 0.35000000000000003 0.503996363826757
0.16 0 0.36 0.5441045834145344
0.16 0 0.37 0.5979928214911725
0.16 0 0.38 0.5032775365778
0.16 0 0.39 0.7502603939109156
0.16 0 0.4 0.8725931171166013
0.16 0 0.41000000000000003 0.9239256261147087
0.16 0 0.42 0.7947266119249833
0.16 0 0.43 0.6301388066536245
0.16 0 0.44 0.660107855857405
0.16 0 0.45 0.6161419182499508
0.16 0 0.46 0.8538411372868466
0.16 0 0.47000000000000003 1.2677170719106619
0.16 0 0.48 1.4114355742058036
0.16 0 0.49 1.3354305743988368
0.16 0 0.5 1.4504383933030953
0.17 0 0.0 0.32408879957574577
0.17 0 0.01 0.42452468469048216
0.17 0 0.02 0.5900024676984097
0.17 0 0.03 0.6239876713803807
0.17 0 0.04 0.5992450817326733
0.17 0 0.05 0.5395713618529973
0.17 0 0.06 0.5723315963348407
0.17 0 0.07 0.8043833200488008
0.17 0 0.08 1.0025621437845162
0.17 0 0.09 1.200318691734765
0.17 0 0.1 0.7881657449211412
0.17 0 0.11 0.7160790676461745
0.17 0 0.12 0.7370688205991369
0.17 0 0.13 0.6359818089545066
0.17 0 0.14 0.8400237212699996
0.17 0 0.15 0.5682636957079376
0.17 0 0.16 0.5252138860524229
0.17 0 0.17 0.6495062530496659
0.17 0 0.18 0.582181831521568
0.17 0 0.19 0.7978227323532645
0.17 0 0.2 0.6865707575906475
0.17 0 0.21 0.6595540632189693
0.17 0 0.22 0.5491211275207369
0.17 0 0.23 0.7144005327615346
0.17 0 0.24 1.1373126626808239
0.17 0 0.25 0.9421203026906796
0.17 0 0.26 1.2673182590486398
0.17 0 0.27 1.0758040007475729
0.17 0 0.28 0.7536759028455322
0.17 0 0.29 1.0143597388338566
0.17 0 0.3 1.1821506535720805
0.17 0 0.31 1.1058542714132347
0.17 0 0.32 0.827093383023988
0.17 0 0.33 0.7464992141428294
0.17 0 0.34 0.6289314513912918
0.17 0 0.35000000000000003 0.7290082978009623
0.17 0 0.36 0.9634131603249221
0.17 0 0.37 1.031215384447046
0.17 0 0.38 1.0050129466700324
0.17 0 0.39 1.031694385550911
0.17 0 0.4 1.1951687172701622
0.17 0 0.41000000000000003 1.2797750026164376
0.17 0 0.42 1.3607101551339142
0.17 0 0.43 1.1998281421783321
0.17 0 0.44 1.659875532288875
0.17 0 0.45 2.2264627226830744
0.17 0 0.46 1.7846287021352283
0.17 0 0.47000000000000003 2.3913902824337385
0.17 0 0.48 1.8715793725776575
0.17 0 0.49 1.5352522338826635
0.17 0 0.5 1.7505178119540585
0.18 0 0.0 0.339270301944179
0.18 0 0.01 0.37720813429287936
0.18 0 0.02 0.4436328798503833
0.18 0 0.03 0.4093695637252914
0.18 0 0.04 0.44881021030492846
0.18 0 0.05 0.45923576217800355
0.18 0 0.06 0.4574795611298754
0.18 0 0.07 0.35193355226593687
0.18 0 0.08 0.45193035929140846
0.18 0 0.09 0.43284313404688785
0.18 0 0.1 0.2819278616927127
0.18 0 0.11 0.3168123828517844
0.18 0 0.12 0.28948013583782145
0.18 0 0.13 0.288416191732549
0.18 0 0.14 0.34929111767683685
0.18 0 0.15 0.41663366152175474
0.18 0 0.16 0.3670419072839978
0.18 0 0.17 0.32120014153618287
0.18 0 0.18 0.39922338021732595
0.18 0 0.19 0.3202155198853329
0.18 0 0.2 0.3884549103302433
0.18 0 0.21 0.4633175161198179
0.18 0 0.22 0.5095335361662858
0.18 0 0.23 0.6146085871046654
0.18 0 0.24 0.5098033937903075
0.18 0 0.25 0.43613308228494646
0.18 0 0.26 0.3375361851855185
0.18 0 0.27 0.35770652042665224
0.18 0 0.28 0.3525435141175886
0.18 0 0.29 0.33806136301337536
0.18 0 0.3 0.37500594474355103
0.18 0 0.31 0.2802868343074013
0.18 0 0.32 0.33275017284808517
0.18 0 0.33 0.39053069506956584
0.18 0 0.34 0.43442455719523815
0.18 0 0.35000000000000003 0.5224240397157537
0.18 0 0.36 0.5745197771641896
0.18 0 0.37 0.6215935469576649
0.18 0 0.38 0.6807754877463927
0.18 0 0.39 0.8895233964838303
0.18 0 0.4 0.9510830574812643
0.18 0 0.41000000000000003 1.0838417190328546
0.18 0 0.42 1.0553063096235076
0.18 0 0.43 0.9675391932482463
0.18 0 0.44 1.108594035991013
0.18 0 0.45 1.2645016987383904
0.18 0 0.46 1.3034212515227959
0.18 0 0.47000000000000003 0.8542705713959858
0.18 0 0.48 0.7926871368856527
0.18 0 0.49 0.622848395282234
0.18 0 0.5 0.7292113734602325
0.19 0 0.0 0.6745287273066317
0.19 0 0.01 0.6513281092147954
0.19 0 0.02 0.5544030885248022
0.19 0 0.03 0.38454855016802286
0.19 0 0.04 0.2683959496515727
0.19 0 0.05 0.41185007084073905
0.19 0 0.06 0.42927680751842945
0.19 0 0.07 0.42945272326290734
0.19 0 0.08 0.3546757985099426
0.19 0 0.09 0.28750436265049595
0.19 0 0.1 0.34993842874920433
0.19 0 0.11 0.3149386338443522
0.19 0 0.12 0.4965654777475132
0.19 0 0.13 0.43805319198060466
0.19 0 0.14 0.30167028478181795
0.19 0 0.15 0.4047138417480978
0.19 0 0.16 0.3964147803867028
0.19 0 0.17 0.45557927174202656
0.19 0 0.18 0.4502821883621534
0.19 0 0.19 0.5009597337697065
0.19 0 0.2 0.48174109229435513
0.19 0 0.21 0.4192561164691981
0.19 0 0.22 0.6583199115269264
0.19 0 0.23 0.6206599916172578
0.19 0 0.24 0.4690008771165696
0.19 0 0.25 0.4205182837917493
0.19 0 0.26 0.3592978288865073
0.19 0 0.27 0.39180572866420477
0.19 0 0.28 0.5964009085958466
0.19 0 0.29 0.7924063582896376
0.19 0 0.3 0.8395952802467215
0.19 0 0.31 0.7204429329162297
0.19 0 0.32 0.6345558461916715
0.19 0 0.33 0.9051923040334252
0.19 0 0.34 1.0578032861654907
0.19 0 0.35000000000000003 1.3854021179031648
0.19 0 0.36 1.6928579892533644
0.19 0 0.37 1.708476597818039
0.19 0 0.38 1.8366590930723798
0.19 0 0.39 1.3486980013651975
0.19 0 0.4 1.6974095969462015
0.19 0 0.41000000000000003 1.1988595970253595
0.19 0 0.42 0.9560805512083543
0.19 0 0.43 1.3432718452452368
0.19 0 0.44 0.8363854572229584
0.19 0 0.45 0.8253056705426348
0.19 0 0.46 0.7639550444664215
0.19 0 0.47000000000000003 0.7175154468056921
0.19 0 0.48 0.6951394320189701
0.19 0 0.49 0.5941984538044827
0.19 0 0.5 0.781892153350323
0.2 0 0.0 0.6863947923826355
0.2 0 0.01 0.7010798478052583
0.2 0 0.02 0.7212857962596034
0.2 0 0.03 0.49580785186794135
0.2 0 0.04 0.5168330614755059
0.2 0 0.05 0.48463024844957825
0.2 0 0.06 0.5302604497632687
0.2 0 0.07 0.7967269229465972
0.2 0 0.08 0.5192558114458716
0.2 0 0.09 0.4158468136509249
0.2 0 0.1 0.37730033689103865
0.2 0 0.11 0.3345853301104544
0.2 0 0.12 0.390517251013737
0.2 0 0.13 0.4710444550873141
0.2 0 0.14 0.4201553137166744
0.2 0 0.15 0.3998581690648852
0.2 0 0.16 0.5327656876333333
0.2 0 0.17 0.5171423365860064
0.2 0 0.18 0.4901594587337548
0.2 0 0.19 0.5800827429959526
0.2 0 0.2 0.6456221506305595
0.2 0 0.21 0.6630748211902058
0.2 0 0.22 0.8343555828846354
0.2 0 0.23 0.9466493926249528
0.2 0 0.24 0.7132010674996199
0.2 0 0.25 0.9513869134674242
0.2 0 0.26 1.0244339696738234
0.2 0 0.27 1.0934693785748468
0.2 0 0.28 1.1856515310799716
0.2 0 0.29 0.9154641791482164
0.2 0 0.3 0.9380084350342471
0.2 0 0.31 0.8320954617189169
0.2 0 0.32 0.8789236081256091
0.2 0 0.33 0.8784845871813763
0.2 0 0.34 0.8172805636481215
0.2 0 0.35000000000000003 0.6903164956294713
0.2 0 0.36 0.4730392018673489
0.2 0 0.37 0.6345469872960074
0.2 0 0.38 0.4867650639733769
0.2 0 0.39 0.38994744311426777
0.2 0 0.4 0.3897554804500306
0.2 0 0.41000000000000003 0.29357654458632104
0.2 0 0.42 0.29367557635406766
0.2 0 0.43 0.40645499083096764
0.2 0 0.44 0.603944337011349
0.2 0 0.45 0.4060254447754185
0.2 0 0.46 0.354519397513058
0.2 0 0.47000000000000003 0.42469710322090676
0.2 0 0.48 0.4114898166513387
0.2 0 0.49 0.6955852300729722
0.2 0 0.5 0.7868217321796245
0.21 0 0.0 0.5438059254299524
0.21 0 0.01 0.628820913518932
0.21 0 0.02 0.5478924888616149
0.21 0 0.03 0.6769722452555076
0.21 0 0.04 0.9090824342987083
0.21 0 0.05 0.8221433740417965
0.21 0 0.06 0.5711995827887698
0.21 0 0.07 0.40015128310491216
0.21 0 0.08 0.47406577231083125
0.21 0 0.09 0.4210184083687986
0.21 0 0.1 0.5037976670660439
0.21 0 0.11 0.616978889907726
0.21 0 0.12 0.5783357952017283
0.21 0 0.13 0.6182105589814705
0.21 0 0.14 0.6652155964987436
0.21 0 0.15 0.8283247855940856
0.21 0 0.16 0.9592244746900693
0.21 0 0.17 1.07384363924309
0.21 0 0.18 1.2016387193239726
0.21 0 0.19 1.2520247834977192
0.21 0 0.2 1.389304762831585
0.21 0 0.21 1.6054521049400914
0.21 0 0.22 1.75165403240638
0.21 0 0.23 1.2911674621593527
0.21 0 0.24 1.0079582568958019
0.21 0 0.25 0.7632917175335342
0.21 0 0.26 0.9110062073376032
0.21 0 0.27 0.9658675053003035
0.21 0 0.28 0.8728111041393668
0.21 0 0.29 0.850767495593525
0.21 0 0.3 0.5284395380911762
0.21 0 0.31 0.5872911261234142
0.21 0 0.32 0.6461625309007603
0.21 0 0.33 0.6794037987760064
0.21 0 0.34 0.7530105443437737
0.21 0 0.35000000000000003 0.5151899109655353
0.21 0 0.36 0.598888420307776
0.21 0 0.37 0.4734299773119347
0.21 0 0.38 0.5918695152426363
0.21 0 0.39 0.7356417290320018
0.21 0 0.4 0.6023895645230579
0.21 0 0.41000000000000003 0.8212518806585798
0.21 0 0.42 0.6639773421989962
0.21 0 0.43 0.7255535295018832
0.21 0 0.44 0.9077536887318569
0.21 0 0.45 0.8832622120254515
0.21 0 0.46 1.0016043019401493
0.21 0 0.47000000000000003 0.9445249558074439
0.21 0 0.48 1.360173400384177
0.21 0 0.49 1.4471659349514805
0.21 0 0.5 1.676429570535172
0.22 0 0.0 1.0316635803537781
0.22 0 0.01 0.82365335412999
0.22 0 0.02 0.705087615936805
0.22 0 0.03 0.7136427528998729
0.22 0 0.04 0.6664919871701213
0.22 0 0.05 0.9428481475907484
0.22 0 0.06 0.8100018379179942
0.22 0 0.07 0.5333522087349395
0.22 0 0.08 0.7133880134023738
0.22 0 0.09 1.057104153051469
0.22 0 0.1 1.1086226141819122
0.22 0 0.11 1.6376169764460111
0.22 0 0.12 1.7401426509953533
0.22 0 0.13 1.53458884460011
0.22 0 0.14 1.7359710417768641
0.22 0 0.15 2.0298255143086803
0.22 0 0.16 2.2752548393599272
0.22 0 0.17 1.9172679469033853
0.22 0 0.18 2.6494105098660903
0.22 0 0.19 2.8280102811669714
0.22 0 0.2 2.178486225400171
0.22 0 0.21 2.3093545423899604
0.22 0 0.22 1.3596826622780147
0.22 0 0.23 1.4946966878603327
0.22 0 0.24 1.3752356474956986
0.22 0 0.25 1.22907171967418
0.22 0 0.26 1.6451911777864887
0.22 0 0.27 1.1175820673221921
0.22 0 0.28 0.9981760978231107
0.22 0 0.29 0.8900771884401807
0.22 0 0.3 0.8394000730412865
0.22 0 0.31 0.7063627601636677
0.22 0 0.32 0.6017070797802816
0.22 0 0.33 0.8029408717047332
0.22 0 0.34 0.5209050534575892
0.22 0 0.35000000000000003 0.5653401196470526
0.22 0 0.36 0.7251289877375156
0.22 0 0.37 0.5147219095833525
0.22 0 0.38 0.42323028282607894
0.22 0 0.39 0.40927487097024706
0.22 0 0.4 0.39232875025764624
0.22 0 0.41000000000000003 0.4261045570446774
0.22 0 0.42 0.6493831480945303
0.22 0 0.43 0.6496798532530219
0.22 0 0.44 0.5522017622445802
0.22 0 0.45 0.5833547925611319
0.22 0 0.46 0.6635092131440103
0.22 0 0.47000000000000003 0.9249127923015408
0.22 0 0.48 1.1529609431715877
0.22 0 0.49 1.4184717572010246
0.22 0 0.5 1.3478050504732373
0.23 0 0.0 1.008775026473314
0.23 0 0.01 1.0692373006434075
0.23 0 0.02 1.114377689913087
0.23 0 0.03 1.2598065820817164
0.23 0 0.04 1.0491528828121601
0.23 0 0.05 0.9726059939904472
0.23 0 0.06 1.1180453962408567
0.23 0 0.07 0.8984662041957389
0.23 0 0.08 1.1297585126800451
0.23 0 0.09 1.273016240737426
0.23 0 0.1 1.1985315388913957
0.23 0 0.11 1.1086281301185434
0.23 0 0.12 0.9591792987558162
0.23 0 0.13 1.0162008435996526
0.23 0 0.14 1.0321239025260924
0.23 0 0.15 1.3993763730063784
0.23 0 0.16 1.1790642705925864
0.23 0 0.17 0.8729834968055353
0.23 0 0.18 0.8759744857192118
0.23 0 0.19 0.8495920259546502
0.23 0 0.2 1.1384320910487293
0.23 0 0.21 0.9885659650466989
0.23 0 0.22 0.8526763332082766
0.23 0 0.23 0.7763064009074336
0.23 0 0.24 0.899605274939879
0.23 0 0.25 1.3039692969408798
0.23 0 0.26 1.4214354861664504
0.23 0 0.27 1.613889885947154
0.23 0 0.28 1.057378872626787
0.23 0 0.29 1.0939970225941267
0.23 0 0.3 1.4548212967226335
0.23 0 0.31 1.2938056307415797
0.23 0 0.32 1.3479983854025843
0.23 0 0.33 1.0633744626299966
0.23 0 0.34 0.9103395091510396
0.23 0 0.35000000000000003 0.6942895093960398
0.23 0 0.36 0.781938121120441
0.23 0 0.37 0.9188702445189642
0.23 0 0.38 0.6611927166386896
0.23 0 0.39 0.7474033960482402
0.23 0 0.4 0.7963903604009896
0.23 0 0.41000000000000003 0.8548080635048296
0.23 0 0.42 0.9743703240310471
0.23 0 0.43 1.144451990595368
0.23 0 0.44 1.0998443115308099
0.23 0 0.45 0.9039900109060683
0.23 0 0.46 1.0929400405437748
0.23 0 0.47000000000000003 1.3664166596332388
0.23 0 0.48 1.5693286410095273
0.23 0 0.49 1.4963387408400524
0.23 0 0.5 1.747001922140581
0.24 0 0.0 1.2834167151594171
0.24 0 0.01 1.356816390173998
0.24 0 0.02 1.2488689920240357
0.24 0 0.03 1.0040663623319435
0.24 0 0.04 1.0136820965461855
0.24 0 0.05 0.7875564466776551
0.24 0 0.06 0.625554579710034
0.24 0 0.07 0.9300204476245015
0.24 0 0.08 0.8810248338525952
0.24 0 0.09 0.8317860978749106
0.24 0 0.1 0.7196680497082488
0.24 0 0.11 0.558193242957035
0.24 0 0.12 0.5834337863217745
0.24 0 0.13 0.44518358742666037
0.24 0 0.14 0.5905214242400937
0.24 0 0.15 0.6311105750926476
0.24 0 0.16 0.724318485627405
0.24 0 0.17 0.8784831726200967
0.24 0 0.18 0.6568097054939285
0.24 0 0.19 0.8331672966583
0.24 0 0.2 0.6642341707570429
0.24 0 0.21 0.7371116423520448
0.24 0 0.22 1.050934428752563
0.24 0 0.23 0.7989281692921699
0.24 0 0.24 0.9251002964618772
0.24 0 0.25 0.8823881438796701
0.24 0 0.26 0.8246029356057203
0.24 0 0.27 0.6777335301736821
0.24 0 0.28 0.6281925990204631
0.24 0 0.29 0.6721477854984155
0.24 0 0.3 0.5717916058554551
0.24 0 0.31 0.6779496892070892
0.24 0 0.32 0.6702809295140953
0.24 0 0.33 0.5538630326337366
0.24 0 0.34 0.6993775752509317
0.24 0 0.35000000000000003 0.8671661072321837
0.24 0 0.36 0.8368810629650267
0.24 0 0.37 1.0179574770420605
0.24 0 0.38 1.0180107840647965
0.24 0 0.39 0.9192225049242401
0.24 0 0.4 1.447289912416902
0.24 0 0.41000000000000003 1.4502965955713256
0.24 0 0.42 1.469344300354596
0.24 0 0.43 1.3505963215985957
0.24 0 0.44 1.354426122340214
0.24 0 0.45 1.4798586831892875
0.24 0 0.46 1.3904396916160062
0.24 0 0.47000000000000003 1.9809821190938306
0.24 0 0.48 1.2729137699818562
0.24 0 0.49 1.0604635130087963
0.24 0 0.5 1.13829968486075
0.25 0 0.0 0.34658154288559245
0.25 0 0.01 0.5085829439680132
0.25 0 0.02 0.5560504008726965
0.25 0 0.03 0.4061025933531985
0.25 0 0.04 0.5607852709605912
0.25 0 0.05 0.4591896763910403
0.25 0 0.06 0.5018249520628334
0.25 0 0.07 0.6867384712356895
0.25 0 0.08 0.750482912289354
0.25 0 0.09 0.7336187655527178
0.25 0 0.1 0.5070686268906731
0.25 0 0.11 0.6699586630497103
0.25 0 0.12 0.8535036969603156
0.25 0 0.13 1.2293726329117916
0.25 0 0.14 1.337685398533236
0.25 0 0.15 0.9602528409418609
0.25 0 0.16 0.9383533780499485
0.25 0 0.17 0.780162898803879
0.25 0 0.18 0.8356015443418965
0.25 0 0.19 0.9564803375561948
0.25 0 0.2 0.7064559512312415
0.25 0 0.21 0.6052524536806905
0.25 0 0.22 0.8784666489084438
0.25 0 0.23 1.175963553195651
0.25 0 0.24 1.0339457712244875
0.25 0 0.25 1.2088730422540026
0.25 0 0.26 0.9734231389761682
0.25 0 0.27 0.7720794832690889
0.25 0 0.28 0.8901112940764697
0.25 0 0.29 1.260152700401008
0.25 0 0.3 1.2953159511078849
0.25 0 0.31 1.2585461595957905
0.25 0 0.32 1.7632777379032105
0.25 0 0.33 1.488889845786854
0.25 0 0.34 1.5874236763112826
0.25 0 0.35000000000000003 1.9391757399138987
0.25 0 0.36 1.8318986651501141
0.25 0 0.37 2.105685177691125
0.25 0 0.38 1.8787875298001169
0.25 0 0.39 2.4474218092909643
0.25 0 0.4 2.544110583649104
0.25 0 0.41000000000000003 2.649354646965781
0.25 0 0.42 2.4261066191853535
0.25 0 0.43 1.9049919926124392
0.25 0 0.44 1.8844756613137028
0.25 0 0.45 1.5021028306325253
0.25 0 0.46 1.9949395763369793
0.25 0 0.47000000000000003 2.1611226314245218
0.25 0 0.48 1.9716153616745702
0.25 0 0.49 2.529906168571092
0.25 0 0.5 2.634039491653531
0.26 0 0.0 0.32893889023899936
0.26 0 0.01 0.4100342923090261
0.26 0 0.02 0.45449787572289263
0.26 0 0.03 0.5566377901311051
0.26 0 0.04 0.5277829916742323
0.26 0 0.05 0.6484481356315343
0.26 0 0.06 0.6776174619908822
0.26 0 0.07 0.7393720696374615
0.26 0 0.08 0.9878717302901867
0.26 0 0.09 0.8901236978780122
0.26 0 0.1 1.0244229123616593
0.26 0 0.11 0.9056263907586715
0.26 0 0.12 1.0361708586498672
0.26 0 0.13 1.1307310758521834
0.26 0 0.14 1.024706349066543
0.26 0 0.15 1.0232077973576335
0.26 0 0.16 0.7573090573506679
0.26 0 0.17 0.8638690926993099
0.26 0 0.18 1.1048153618825707
0.26 0 0.19 1.3766132483791642
0.26 0 0.2 1.6799189069010894
0.26 0 0.21 1.3700947590813066
0.26 0 0.22 1.3380263834917903
0.26 0 0.23 1.3436228479469907
0.26 0 0.24 1.285182535240177
0.26 0 0.25 1.0850141922074847
0.26 0 0.26 1.2005478536110066
0.26 0 0.27 1.345614932158912
0.26 0 0.28 1.580321588931284
0.26 0 0.29 1.9136973019145158
0.26 0 0.3 1.7302942355555824
0.26 0 0.31 1.237628462658564
0.26 0 0.32 0.9799780775608431
0.26 0 0.33 1.3833468239771742
0.26 0 0.34 1.169037311593912
0.26 0 0.35000000000000003 0.967179804916073
0.26 0 0.36 1.0915300777132284
0.26 0 0.37 0.7376062451852371
0.26 0 0.38 0.92289962664113
0.26 0 0.39 0.9697465745565079
0.26 0 0.4 1.014961667973451
0.26 0 0.41000000000000003 0.7707940099264045
0.26 0 0.42 0.5220720559475349
0.26 0 0.43 0.6910982001867101
0.26 0 0.44 0.5972081494614804
0.26 0 0.45 0.8657718162996866
0.26 0 0.46 0.9896312084045402
0.26 0 0.47000000000000003 0.8336642715919604
0.26 0 0.48 0.9579719982013144
0.26 0 0.49 0.6631178578708307
0.26 0 0.5 0.9423944522422318
0.27 0 0.0 2.3659045910032304
0.27 0 0.01 1.7040008704063914
0.27 0 0.02 1.6115707314838776
0.27 0 0.03 1.4373435425435719
0.27 0 0.04 1.6180126213610664
0.27 0 0.05 2.700390690027301
0.27 0 0.06 3.0097698287411783
0.27 0 0.07 3.2318911383486424
0.27 0 0.08 2.5163986134478646
0.27 0 0.09 2.162434941995252
0.27 0 0.1 2.085769757298656
0.27 0 0.11 2.3471858577859064
0.27 0 0.12 2.4648472735780045
0.27 0 0.13 1.650754744413087
0.27 0 0.14 1.4391142078196892
0.27 0 0.15 1.7543397378817323
0.27 0 0.16 1.513855273214601
0.27 0 0.17 1.5008265752376033
0.27 0 0.18 1.884938427406843
0.27 0 0.19 1.2758816895969658
0.27 0 0.2 1.249343803976032
0.27 0 0.21 1.4989833904323806
0.27 0 0.22 1.205539611984547
0.27 0 0.23 1.2964496805486485
0.27 0 0.24 1.2032815648215982
0.27 0 0.25 1.3335736966270257
0.27 0 0.26 1.0984039557246823
0.27 0 0.27 1.1794363232632488
0.27 0 0.28 1.4077353567057223
0.27 0 0.29 1.0161036221975999
0.27 0 0.3 1.3592564155846543
0.27 0 0.31 1.0277055652679232
0.27 0 0.32 1.064350703462725
0.27 0 0.33 1.888925640824823
0.27 0 0.34 2.138762005360143
0.27 0 0.35000000000000003 3.3256852770876244
0.27 0 0.36 3.143898725552606
0.27 0 0.37 2.958962159634206
0.27 0 0.38 2.68625347269821
0.27 0 0.39 2.8229986532611373
0.27 0 0.4 3.3446872770810065
0.27 0 0.41000000000000003 2.514410885678556
0.27 0 0.42 3.012251766760713
0.27 0 0.43 2.9525246553375952
0.27 0 0.44 2.9607743290210666
0.27 0 0.45 3.4069803360035253
0.27 0 0.46 2.7381545803353298
0.27 0 0.47000000000000003 2.306604720266903
0.27 0 0.48 2.140067039622985
0.27 0 0.49 2.0057810648044665
0.27 0 0.5 1.7002873545523622
0.28 0 0.0 1.4637594216710275
0.28 0 0.01 1.6662308084123258
0.28 0 0.02 1.6460962612258596
0.28 0 0.03 1.7782546796924734
0.28 0 0.04 2.0125552092337897
0.28 0 0.05 2.5991232314310957
0.28 0 0.06 2.915890135207272
0.28 0 0.07 2.3875023690906647
0.28 0 0.08 2.131132502109439
0.28 0 0.09 1.6560618592616987
0.28 0 0.1 1.7181557832414402
0.28 0 0.11 2.2647228805979576
0.28 0 0.12 3.17390589290301
0.28 0 0.13 3.034205669147406
0.28 0 0.14 2.3654182637421037
0.28 0 0.15 3.0308138585277047
0.28 0 0.16 2.5067345737088593
0.28 0 0.17 2.193098345816086
0.28 0 0.18 2.031782994916613
0.28 0 0.19 1.6009470458613988
0.28 0 0.2 1.3771395903608914
0.28 0 0.21 1.3437873777204312
0.28 0 0.22 1.6232282531600015
0.28 0 0.23 1.0369731162803364
0.28 0 0.24 0.8565367643226472
0.28 0 0.25 0.9892583180574126
0.28 0 0.26 1.0113060590005236
0.28 0 0.27 1.1434371416417928
0.28 0 0.28 1.0217076949556514
0.28 0 0.29 1.2010217260994638
0.28 0 0.3 1.1163097893965679
0.28 0 0.31 1.5688692652861025
0.28 0 0.32 2.2679715581400184
0.28 0 0.33 1.9134425541751707
0.28 0 0.34 1.8195486509252212
0.28 0 0.35000000000000003 1.4361421014678821
0.28 0 0.36 1.8049568196418713
0.28 0 0.37 1.932843237338054
0.28 0 0.38 2.0029008765703007
0.28 0 0.39 2.4908412563123106
0.28 0 0.4 1.8865364090148458
0.28 0 0.41000000000000003 1.9715513260434572
0.28 0 0.42 1.9317656776481447
0.28 0 0.43 2.4551462772825707
0.28 0 0.44 2.5278292400530464
0.28 0 0.45 2.0866534461564137
0.28 0 0.46 2.3539717243281304
0.28 0 0.47000000000000003 2.044234520094264
0.28 0 0.48 2.4246308419844267
0.28 0 0.49 3.7115783289338458
0.28 0 0.5 4.556319346887825
0.29 0 0.0 1.2796629935588104
0.29 0 0.01 1.4813928515158405
0.29 0 0.02 1.6452357589272038
0.29 0 0.03 2.1979639981083348
0.29 0 0.04 3.048114886124446
0.29 0 0.05 2.975237511376957
0.29 0 0.06 2.509956520989556
0.29 0 0.07 2.5222408841157624
0.29 0 0.08 2.709211814885227
0.29 0 0.09 3.3717061084335893
0.29 0 0.1 4.120638929584822
0.29 0 0.11 4.496252202426569
0.29 0 0.12 3.4505121305101887
0.29 0 0.13 2.9273938254233904
0.29 0 0.14 2.982006511790813
0.29 0 0.15 2.178837264459924
0.29 0 0.16 3.209172793276174
0.29 0 0.17 2.8859028639352884
0.29 0 0.18 2.3694120615583643
0.29 0 0.19 2.8389475813541387
0.29 0 0.2 2.1459296776809507
0.29 0 0.21 2.4335859188558775
0.29 0 0.22 2.3076187355601943
0.29 0 0.23 2.1542015272391577
0.29 0 0.24 1.5292866234171507
0.29 0 0.25 1.1867817045519329
0.29 0 0.26 1.991143401677443
0.29 0 0.27 1.5291837236487378
0.29 0 0.28 1.8215616705695423
0.29 0 0.29 1.7839894433463654
0.29 0 0.3 1.1791798922573191
0.29 0 0.31 1.5326937636089513
0.29 0 0.32 1.781951776574023
0.29 0 0.33 1.9439391796331857
0.29 0 0.34 1.5304761120342913
0.29 0 0.35000000000000003 1.1901740798368619
0.29 0 0.36 1.192922110753207
0.29 0 0.37 1.2309358105099324
0.29 0 0.38 1.465406521616037
0.29 0 0.39 1.3200552063968871
0.29 0 0.4 1.2896732455388358
0.29 0 0.41000000000000003 1.2335831065330878
0.29 0 0.42 1.2248831047067739
0.29 0 0.43 1.5015444622980694
0.29 0 0.44 2.049080327860857
0.29 0 0.45 1.7555601898533237
0.29 0 0.46 2.2219993416634836
0.29 0 0.47000000000000003 3.032779646330826
0.29 0 0.48 1.947854222839076
0.29 0 0.49 2.2562530286931883
0.29 0 0.5 2.353337277552849
0.3 0 0.0 1.6753742728543075
0.3 0 0.01 2.371059539133211
0.3 0 0.02 1.9055451336217104
0.3 0 0.03 2.1056136872547735
0.3 0 0.04 2.7446920044603442
0.3 0 0.05 2.250574689378933
0.3 0 0.06 1.8782384711049949
0.3 0 0.07 1.6037171853292904
0.3 0 0.08 2.211207722838712
0.3 0 0.09 2.2504993751419344
0.3 0 0.1 2.930474032157907
0.3 0 0.11 4.439004902926534
0.3 0 0.12 2.6642711503722816
0.3 0 0.13 3.1648085733371865
0.3 0 0.14 3.2948921168416803
0.3 0 0.15 3.046208652918031
0.3 0 0.16 3.2036721533213672
0.3 0 0.17 3.108144907461415
0.3 0 0.18 3.768009639291503
0.3 0 0.19 3.301723195080404
0.3 0 0.2 3.3810482504014123
0.3 0 0.21 2.8089758037778347
0.3 0 0.22 2.2762971596777297
0.3 0 0.23 2.7618466970284854
0.3 0 0.24 2.8773384964338042
0.3 0 0.25 3.6400443999128322
0.3 0 0.26 3.3850239741309083
0.3 0 0.27 2.996816728245368
0.3 0 0.28 2.88442334167695
0.3 0 0.29 3.1205741353373067
0.3 0 0.3 2.8620766959808095
0.3 0 0.31 2.638957138039178
0.3 0 0.32 2.7141512056444848
0.3 0 0.33 2.1230441021602484
0.3 0 0.34 2.25018289004082
0.3 0 0.35000000000000003 2.3598072798585235
0.3 0 0.36 2.405865071992491
0.3 0 0.37 2.447819575667543
0.3 0 0.38 2.0988471547244774
0.3 0 0.39 1.988081065700216
0.3 0 0.4 1.5021961794548655
0.3 0 0.41000000000000003 1.8768833956547113
0.3 0 0.42 1.7971386748469265
0.3 0 0.43 1.549553321979831
0.3 0 0.44 1.3361340797022492
0.3 0 0.45 0.862923902595823
0.3 0 0.46 0.9317021869117765
0.3 0 0.47000000000000003 1.0558521808766022
0.3 0 0.48 1.2319540698685667
0.3 0 0.49 0.9734179668382335
0.3 0 0.5 0.7421654897815115
#STOP
