#MEDIUM_PROPERTIES_DISTRIBUTED
$MSH_TYPE
	 GROUNDWATER_FLOW	
$MMP_TYPE
	 PERMEABILITY	
$DIS_TYPE
	 NEAREST_VALUE	
;hj
$CONVERSION_FACTOR
2e-8;2e-6;2e-13
$DATA
0.0 0 0.0 0.056056740846372015
0.0 0 0.01 0.4330912328342613
0.0 0 0.02 1.9335728686691647
0.0 0 0.03 0.521057011710828
0.0 0 0.04 1.3017472320077026
0.0 0 0.05 0.4413919941845938
0.0 0 0.06 0.8629767692640911
0.0 0 0.07 3.2075541992032934
0.0 0 0.08 2.7148198593595043
0.0 0 0.09 0.46253429384293665
0.0 0 0.1 0.12898962535521571
0.0 0 0.11 0.20837085284419335
0.0 0 0.12 0.18114422530189464
0.0 0 0.13 0.044521463513959164
0.0 0 0.14 0.11851685848314991
0.0 0 0.15 0.17722201941512433
0.0 0 0.16 0.08298755334960606
0.0 0 0.17 0.010486609929554568
0.0 0 0.18 0.004997243622863615
0.0 0 0.19 0.0023843309831978695
0.0 0 0.2 0.01744912453262229
0.0 0 0.21 0.051743127300686
0.0 0 0.22 0.05634270902391201
0.0 0 0.23 0.6534786799436261
0.0 0 0.24 1.106300537245875
0.0 0 0.25 0.8612719683873863
0.0 0 0.26 1.0965408264438627
0.0 0 0.27 1.8226468068827852
0.0 0 0.28 2.1513024543413297
0.0 0 0.29 0.7111497616056449
0.0 0 0.3 0.43644697345214506
0.0 0 0.31 0.21338422095976975
0.0 0 0.32 0.1611098354464746
0.0 0 0.33 0.17790807790518554
0.0 0 0.34 0.20988648918058816
0.0 0 0.35000000000000003 0.14002920095500165
0.0 0 0.36 0.10962769150367267
0.0 0 0.37 0.08305771937126318
0.0 0 0.38 0.010472175537388075
0.0 0 0.39 0.006542996473004286
0.0 0 0.4 0.005388478017818628
0.0 0 0.41000000000000003 0.008096294741761295
0.0 0 0.42 0.014991939253658344
0.0 0 0.43 0.04489274526991121
0.0 0 0.44 0.022118553257731714
0.0 0 0.45 0.0614581647896556
0.0 0 0.46 0.1314181636949962
0.0 0 0.47000000000000003 0.2560347494331641
0.0 0 0.48 0.30910679778899564
0.0 0 0.49 0.0968329155399523
0.0 0 0.5 0.006294914305384977
0.01 0 0.0 1.153241720566819
0.01 0 0.01 2.2108085447558947
0.01 0 0.02 1.3073984115899997
0.01 0 0.03 1.6655439887007812
0.01 0 0.04 1.6078735665495199
0.01 0 0.05 0.6098542292950926
0.01 0 0.06 0.25609442819821043
0.01 0 0.07 0.3415323868616929
0.01 0 0.08 0.8829945954123821
0.01 0 0.09 0.8605792703364146
0.01 0 0.1 0.4579734330753281
0.01 0 0.11 0.14570006754188064
0.01 0 0.12 0.17887770921705742
0.01 0 0.13 0.23867256982969923
0.01 0 0.14 0.13054347843110325
0.01 0 0.15 0.06150136756972547
0.01 0 0.16 0.06713792730840279
0.01 0 0.17 0.033512762741385864
0.01 0 0.18 0.03444737752418366
0.01 0 0.19 0.008225884382372222
0.01 0 0.2 0.0033179530322670534
0.01 0 0.21 0.051790043859986236
0.01 0 0.22 0.17712779290811806
0.01 0 0.23 0.3122259681749331
0.01 0 0.24 0.3681270732591451
0.01 0 0.25 0.5651413596338776
0.01 0 0.26 1.3426566314401214
0.01 0 0.27 1.6928533510676151
0.01 0 0.28 1.2547189233973144
0.01 0 0.29 0.32107429012536526
0.01 0 0.3 0.5243288625753807
0.01 0 0.31 0.533594916454771
0.01 0 0.32 0.47981460913592905
0.01 0 0.33 0.053120312968996254
0.01 0 0.34 0.14568368519939526
0.01 0 0.35000000000000003 0.025524949256660837
0.01 0 0.36 0.04321983472216625
0.01 0 0.37 0.04600531784570939
0.01 0 0.38 0.03146362150189085
0.01 0 0.39 0.013758373401548564
0.01 0 0.4 0.044412993349821066
0.01 0 0.41000000000000003 0.026041944636217947
0.01 0 0.42 0.019449575299511315
0.01 0 0.43 0.04398414584997121
0.01 0 0.44 0.11352097423882242
0.01 0 0.45 0.034119773441669665
0.01 0 0.46 0.03676695969590057
0.01 0 0.47000000000000003 0.03835798804566246
0.01 0 0.48 0.04200612358562244
0.01 0 0.49 0.10000018191358223
0.01 0 0.5 0.174855702018337
0.02 0 0.0 0.5015090884534218
0.02 0 0.01 0.5120075745044605
0.02 0 0.02 0.4355928889079562
0.02 0 0.03 0.8685891308052291
0.02 0 0.04 0.7043282389292322
0.02 0 0.05 0.6081987564574525
0.02 0 0.06 1.0098286421898726
0.02 0 0.07 0.7285743008850314
0.02 0 0.08 0.3153499364013265
0.02 0 0.09 0.23491455837087122
0.02 0 0.1 0.18756745590268564
0.02 0 0.11 0.38904349471175775
0.02 0 0.12 0.9865642687027807
0.02 0 0.13 1.1182074571714964
0.02 0 0.14 0.4089095164119331
0.02 0 0.15 0.1839849228215426
0.02 0 0.16 0.1521696921468242
0.02 0 0.17 0.22075738852954704
0.02 0 0.18 0.06290005273427644
0.02 0 0.19 0.10626599000652091
0.02 0 0.2 0.006836490657946996
0.02 0 0.21 0.0188462817684322
0.02 0 0.22 0.04568983877542719
0.02 0 0.23 0.16297946867619126
0.02 0 0.24 0.662762737257926
0.02 0 0.25 2.2514852063114827
0.02 0 0.26 0.9223797669712103
0.02 0 0.27 0.7012739037458942
0.02 0 0.28 0.31447106429988897
0.02 0 0.29 0.30396064051652805
0.02 0 0.3 0.4633066191527267
0.02 0 0.31 0.11681737701716882
0.02 0 0.32 0.18157400441772137
0.02 0 0.33 0.07572332080901346
0.02 0 0.34 0.028690359739126967
0.02 0 0.35000000000000003 0.01730063720146156
0.02 0 0.36 0.021562831942185574
0.02 0 0.37 0.027128881269094955
0.02 0 0.38 0.04607840218864449
0.02 0 0.39 0.02314678273518098
0.02 0 0.4 0.02625252644027393
0.02 0 0.41000000000000003 0.04726478488253363
0.02 0 0.42 0.04426281644112926
0.02 0 0.43 0.09589502222568784
0.02 0 0.44 0.052730527464886774
0.02 0 0.45 0.00847933243501358
0.02 0 0.46 0.005697636211380145
0.02 0 0.47000000000000003 0.011739916543297936
0.02 0 0.48 0.027736386898116458
0.02 0 0.49 0.017350891500975466
0.02 0 0.5 0.026972590025477233
0.03 0 0.0 0.23841228658927457
0.03 0 0.01 0.17578978239076296
0.03 0 0.02 0.38022327492585695
0.03 0 0.03 0.24180293924027677
0.03 0 0.04 0.824842696631157
0.03 0 0.05 1.240772345611916
0.03 0 0.06 0.7390698742791675
0.03 0 0.07 0.4006112999228419
0.03 0 0.08 0.9808197392946564
0.03 0 0.09 1.1457281636423053
0.03 0 0.1 0.5474136093569618
0.03 0 0.11 0.7002621548599688
0.03 0 0.12 6.236491162065921
0.03 0 0.13 3.842089880727603
0.03 0 0.14 1.0873680635887892
0.03 0 0.15 0.2886408885785843
0.03 0 0.16 0.10450549032541137
0.03 0 0.17 0.04337090405226355
0.03 0 0.18 0.0357911203887087
0.03 0 0.19 0.02242728729700672
0.03 0 0.2 0.009309947238708932
0.03 0 0.21 0.02415426957248796
0.03 0 0.22 0.031029164009948998
0.03 0 0.23 0.026000850581462138
0.03 0 0.24 0.01682425967201384
0.03 0 0.25 0.08308771294678269
0.03 0 0.26 0.6174080264299908
0.03 0 0.27 1.7877829481322016
0.03 0 0.28 0.8996373074147901
0.03 0 0.29 0.16955293929610765
0.03 0 0.3 0.337513902545677
0.03 0 0.31 0.07235500547478603
0.03 0 0.32 0.02044759141499285
0.03 0 0.33 0.02451361909502559
0.03 0 0.34 0.02198454270283572
0.03 0 0.35000000000000003 0.03835440567187746
0.03 0 0.36 0.03638041556234965
0.03 0 0.37 0.11898955000077287
0.03 0 0.38 0.2330893275339653
0.03 0 0.39 0.5777957052490574
0.03 0 0.4 0.15357733780184651
0.03 0 0.41000000000000003 0.13938061345916622
0.03 0 0.42 0.13464387645106826
0.03 0 0.43 0.06277777514847992
0.03 0 0.44 0.17906675981399714
0.03 0 0.45 0.1541424469797442
0.03 0 0.46 0.07471010012688019
0.03 0 0.47000000000000003 0.03312862519918321
0.03 0 0.48 0.04618354534119302
0.03 0 0.49 0.29791290542793214
0.03 0 0.5 0.043788449086567656
0.04 0 0.0 0.05129779694886291
0.04 0 0.01 0.2529810216442606
0.04 0 0.02 0.19745626784849668
0.04 0 0.03 0.5772494649396778
0.04 0 0.04 1.6509153696199397
0.04 0 0.05 0.6366300985663822
0.04 0 0.06 0.1389551518169962
0.04 0 0.07 0.32166744789928026
0.04 0 0.08 2.480574944339777
0.04 0 0.09 1.128389737077982
0.04 0 0.1 1.676131982133404
0.04 0 0.11 3.0182411107950737
0.04 0 0.12 10.287583279194738
0.04 0 0.13 1.8595847949281585
0.04 0 0.14 0.5775891573478358
0.04 0 0.15 0.2232466619843526
0.04 0 0.16 0.07381469498298736
0.04 0 0.17 0.026989630603133388
0.04 0 0.18 0.008820279153875255
0.04 0 0.19 0.003920775236913523
0.04 0 0.2 0.00592680594259046
0.04 0 0.21 0.014004715630082067
0.04 0 0.22 0.04200142230358244
0.04 0 0.23 0.044466564422703164
0.04 0 0.24 0.04057218508109475
0.04 0 0.25 0.024473472961397617
0.04 0 0.26 0.02289490913942699
0.04 0 0.27 0.049548316078204396
0.04 0 0.28 0.07415764461002634
0.04 0 0.29 0.05987568575401222
0.04 0 0.3 0.04767740055758848
0.04 0 0.31 0.03981243765016167
0.04 0 0.32 0.032304112010628126
0.04 0 0.33 0.06311752146206333
0.04 0 0.34 0.1297722900354491
0.04 0 0.35000000000000003 0.04472561526114488
0.04 0 0.36 0.023392662960573643
0.04 0 0.37 0.0294979841546992
0.04 0 0.38 0.06218981327840046
0.04 0 0.39 0.04329876609211698
0.04 0 0.4 0.12867915753172618
0.04 0 0.41000000000000003 0.29190365113734634
0.04 0 0.42 1.4885229823863526
0.04 0 0.43 0.32222978800144403
0.04 0 0.44 0.15858452719042043
0.04 0 0.45 0.10391725553425886
0.04 0 0.46 0.05110365106809683
0.04 0 0.47000000000000003 0.02430108678582113
0.04 0 0.48 0.02375127710316036
0.04 0 0.49 0.017816070554054462
0.04 0 0.5 0.0806319334559962
0.05 0 0.0 0.0698913946681061
0.05 0 0.01 0.25440731783186854
0.05 0 0.02 0.38947121931940204
0.05 0 0.03 0.3093619291811957
0.05 0 0.04 0.5110569090115021
0.05 0 0.05 0.567509060574922
0.05 0 0.06 0.1877221197645033
0.05 0 0.07 0.9125775167037686
0.05 0 0.08 4.264466583581218
0.05 0 0.09 4.598058003906267
0.05 0 0.1 2.465527339002828
0.05 0 0.11 1.209902649548049
0.05 0 0.12 1.206055191217273
0.05 0 0.13 1.2989180400331228
0.05 0 0.14 2.509632970654031
0.05 0 0.15 1.7393542830416895
0.05 0 0.16 0.2517737240334801
0.05 0 0.17 0.27135162593075196
0.05 0 0.18 0.1789763088947714
0.05 0 0.19 0.04691275189200645
0.05 0 0.2 0.0309120781164681
0.05 0 0.21 0.1997862310809271
0.05 0 0.22 0.05903946378057865
0.05 0 0.23 0.1192560325849628
0.05 0 0.24 0.07948119150598931
0.05 0 0.25 0.33231756172062765
0.05 0 0.26 0.2707057781494246
0.05 0 0.27 0.15791561217321523
0.05 0 0.28 0.07548554968554085
0.05 0 0.29 0.03178519404198253
0.05 0 0.3 0.0752988037416937
0.05 0 0.31 0.15524901836606134
0.05 0 0.32 0.10500659431162554
0.05 0 0.33 0.5567985214116251
0.05 0 0.34 0.7320109399621588
0.05 0 0.35000000000000003 0.1551572245426545
0.05 0 0.36 0.056128982037094634
0.05 0 0.37 0.04362900263912491
0.05 0 0.38 0.02937689868998722
0.05 0 0.39 0.03284429862627807
0.05 0 0.4 0.13325402385065027
0.05 0 0.41000000000000003 0.24556089056614397
0.05 0 0.42 1.902913429154468
0.05 0 0.43 1.9134690242567993
0.05 0 0.44 0.9127780538640673
0.05 0 0.45 0.20666501892599262
0.05 0 0.46 0.04430618268956756
0.05 0 0.47000000000000003 0.028322537607845415
0.05 0 0.48 0.0228755285905869
0.05 0 0.49 0.014080324479950916
0.05 0 0.5 0.040010774763120975
0.06 0 0.0 0.05816035482976053
0.06 0 0.01 0.010637817136815133
0.06 0 0.02 0.04073657144674449
0.06 0 0.03 0.3650913649947042
0.06 0 0.04 0.20472760046861097
0.06 0 0.05 0.11398673676679939
0.06 0 0.06 0.2912295937129882
0.06 0 0.07 0.12462780058265904
0.06 0 0.08 0.6270136312721869
0.06 0 0.09 0.39698120051455216
0.06 0 0.1 0.2861334582950937
0.06 0 0.11 0.23707584251121042
0.06 0 0.12 0.2900545563224095
0.06 0 0.13 0.1543489472900206
0.06 0 0.14 0.10322735133777625
0.06 0 0.15 0.27666493541524856
0.06 0 0.16 0.4294651268719612
0.06 0 0.17 0.15746713645808605
0.06 0 0.18 0.20705886072844804
0.06 0 0.19 0.30422019625482366
0.06 0 0.2 0.08801608706079053
0.06 0 0.21 0.19835142667125533
0.06 0 0.22 0.23232119826131853
0.06 0 0.23 0.253616747840834
0.06 0 0.24 0.39496761455200624
0.06 0 0.25 0.31692965045917104
0.06 0 0.26 0.25649222788508996
0.06 0 0.27 0.231468900179244
0.06 0 0.28 0.14792045860096129
0.06 0 0.29 0.13235202816672684
0.06 0 0.3 0.45455346409841324
0.06 0 0.31 2.3387083867046186
0.06 0 0.32 0.9382464092208291
0.06 0 0.33 0.3826042222039252
0.06 0 0.34 0.15465902622020586
0.06 0 0.35000000000000003 0.07112721253900316
0.06 0 0.36 0.026320748993058366
0.06 0 0.37 0.06008104509989007
0.06 0 0.38 0.03820106919587914
0.06 0 0.39 0.05363360052868572
0.06 0 0.4 0.07541245392049574
0.06 0 0.41000000000000003 0.12130435313665767
0.06 0 0.42 0.11105953011010711
0.06 0 0.43 0.2189099291340194
0.06 0 0.44 0.06613407612955438
0.06 0 0.45 0.049596515377106735
0.06 0 0.46 0.009771059453554332
0.06 0 0.47000000000000003 0.012284059060720776
0.06 0 0.48 0.011868651077724278
0.06 0 0.49 0.015338641957468022
0.06 0 0.5 0.05621177274863207
0.07 0 0.0 0.06804000851759194
0.07 0 0.01 0.10030546183383283
0.07 0 0.02 0.06989633036344099
0.07 0 0.03 0.052227570406787695
0.07 0 0.04 0.03723868895830168
0.07 0 0.05 0.20902641853465645
0.07 0 0.06 0.5492823342308052
0.07 0 0.07 0.16403901988542713
0.07 0 0.08 0.22634235466226682
0.07 0 0.09 0.5298975307632429
0.07 0 0.1 0.18162113117702175
0.07 0 0.11 0.12723714795746474
0.07 0 0.12 0.30847457651388777
0.07 0 0.13 0.458348517952996
0.07 0 0.14 0.6181004624322654
0.07 0 0.15 0.31064301182578125
0.07 0 0.16 0.3790645727691867
0.07 0 0.17 0.2537319015804232
0.07 0 0.18 0.41931755871348836
0.07 0 0.19 1.4624323472293477
0.07 0 0.2 1.0067873420014535
0.07 0 0.21 0.12022301054966135
0.07 0 0.22 0.2302603308109628
0.07 0 0.23 0.21454455648710818
0.07 0 0.24 0.8148811599235338
0.07 0 0.25 0.7982679107304724
0.07 0 0.26 1.5434327549549296
0.07 0 0.27 1.0844706139437237
0.07 0 0.28 1.3466088797436144
0.07 0 0.29 0.7397701172714298
0.07 0 0.3 0.6650041365462297
0.07 0 0.31 2.1713838603443016
0.07 0 0.32 8.349433611733877
0.07 0 0.33 3.629094509277482
0.07 0 0.34 0.38285760895240584
0.07 0 0.35000000000000003 0.2792711188949414
0.07 0 0.36 0.12423888956081287
0.07 0 0.37 0.01696918048819854
0.07 0 0.38 0.026409230023236228
0.07 0 0.39 0.012868306356058606
0.07 0 0.4 0.016357674033377265
0.07 0 0.41000000000000003 0.08283931083624078
0.07 0 0.42 0.050278274215403096
0.07 0 0.43 0.04266426306704014
0.07 0 0.44 0.06259812617728494
0.07 0 0.45 0.1456394006746789
0.07 0 0.46 0.03972017087588052
0.07 0 0.47000000000000003 0.005953688797094358
0.07 0 0.48 0.008627123111285275
0.07 0 0.49 0.021476724625526303
0.07 0 0.5 0.09428266701687288
0.08 0 0.0 0.02278342916978745
0.08 0 0.01 0.013196751873085446
0.08 0 0.02 0.009769364170240302
0.08 0 0.03 0.006544595833080153
0.08 0 0.04 0.0028085916103473374
0.08 0 0.05 0.004069256093968583
0.08 0 0.06 0.006369491745597587
0.08 0 0.07 0.047861240199062634
0.08 0 0.08 0.08893709760689492
0.08 0 0.09 0.05432001587864533
0.08 0 0.1 0.012393954968662989
0.08 0 0.11 0.04727592988899647
0.08 0 0.12 0.037408604152278084
0.08 0 0.13 0.009635875568297413
0.08 0 0.14 0.02992407266548202
0.08 0 0.15 0.07051046140868429
0.08 0 0.16 0.052329667685596694
0.08 0 0.17 0.0525093403059742
0.08 0 0.18 0.1243248333090885
0.08 0 0.19 0.23903656453545605
0.08 0 0.2 0.1994334595230498
0.08 0 0.21 0.3337727209650236
0.08 0 0.22 0.18911605069209575
0.08 0 0.23 0.3624594355787101
0.08 0 0.24 0.42254546454770203
0.08 0 0.25 0.7373643723589212
0.08 0 0.26 0.5613280977179629
0.08 0 0.27 0.38931340285484106
0.08 0 0.28 0.45652170668682024
0.08 0 0.29 2.959533673039525
0.08 0 0.3 4.449434502621119
0.08 0 0.31 6.084384767116635
0.08 0 0.32 2.8968103990442877
0.08 0 0.33 1.5512056186047933
0.08 0 0.34 0.502681033726995
0.08 0 0.35000000000000003 0.4039988487407271
0.08 0 0.36 0.39312589458526004
0.08 0 0.37 0.18811790064781417
0.08 0 0.38 0.07072205670675384
0.08 0 0.39 0.05244006414084472
0.08 0 0.4 0.05792999455040881
0.08 0 0.41000000000000003 0.0832742241910748
0.08 0 0.42 0.03926974142459726
0.08 0 0.43 0.007740258054272279
0.08 0 0.44 0.014858986816211835
0.08 0 0.45 0.06356501009528476
0.08 0 0.46 0.083475418900728
0.08 0 0.47000000000000003 0.15146574620638908
0.08 0 0.48 0.1780445451762669
0.08 0 0.49 0.17133546238023645
0.08 0 0.5 0.040047387102611263
0.09 0 0.0 0.02553131892804962
0.09 0 0.01 0.023573180928991497
0.09 0 0.02 0.003802929975353429
0.09 0 0.03 0.0025855763141165813
0.09 0 0.04 0.025541876833965072
0.09 0 0.05 0.03478111502898879
0.09 0 0.06 0.031414857511842656
0.09 0 0.07 0.017811769648283345
0.09 0 0.08 0.024705599458695233
0.09 0 0.09 0.0413184133867006
0.09 0 0.1 0.06155617049709572
0.09 0 0.11 0.022170587189392382
0.09 0 0.12 0.028576624126989938
0.09 0 0.13 0.013300181317153947
0.09 0 0.14 0.05258502817789958
0.09 0 0.15 0.06972901606439247
0.09 0 0.16 0.01066465101229692
0.09 0 0.17 0.035259666707033406
0.09 0 0.18 0.1865179744755908
0.09 0 0.19 0.22313967166821558
0.09 0 0.2 0.2402122460099416
0.09 0 0.21 0.5953635192011099
0.09 0 0.22 1.6827666130143493
0.09 0 0.23 1.096678256897455
0.09 0 0.24 0.5138596851777648
0.09 0 0.25 0.4395928916561402
0.09 0 0.26 0.4369616607093701
0.09 0 0.27 1.118578007174987
0.09 0 0.28 0.8449779734164642
0.09 0 0.29 0.8690117402089587
0.09 0 0.3 1.0725918097386524
0.09 0 0.31 3.5994683161745074
0.09 0 0.32 3.102140905016273
0.09 0 0.33 0.49279555191277175
0.09 0 0.34 0.2781775780106707
0.09 0 0.35000000000000003 0.09560248415778935
0.09 0 0.36 0.19008874734585182
0.09 0 0.37 0.2555092282553513
0.09 0 0.38 0.08217797691656151
0.09 0 0.39 0.07235081098350919
0.09 0 0.4 0.27885600554332196
0.09 0 0.41000000000000003 0.9451987973687465
0.09 0 0.42 0.059233498964222364
0.09 0 0.43 0.03823415479801887
0.09 0 0.44 0.016126994878111964
0.09 0 0.45 0.04490139838046365
0.09 0 0.46 0.0075701878619099695
0.09 0 0.47000000000000003 0.021024998926676326
0.09 0 0.48 0.03444542133435869
0.09 0 0.49 0.14291302084496896
0.09 0 0.5 0.2289499290248214
0.1 0 0.0 0.006945558322558257
0.1 0 0.01 0.006411818947954013
0.1 0 0.02 0.03366877742671454
0.1 0 0.03 0.027267566611600624
0.1 0 0.04 0.022531901355516058
0.1 0 0.05 0.03380392590325834
0.1 0 0.06 0.02434597472499671
0.1 0 0.07 0.03746957775455468
0.1 0 0.08 0.016693494912520722
0.1 0 0.09 0.024054738878507204
0.1 0 0.1 0.09087891118425695
0.1 0 0.11 0.0702673950079998
0.1 0 0.12 0.03521707181589299
0.1 0 0.13 0.005289238552459951
0.1 0 0.14 0.0049814459260718895
0.1 0 0.15 0.023300848018490222
0.1 0 0.16 0.02312662101928773
0.1 0 0.17 0.021619443048627583
0.1 0 0.18 0.05164441591630817
0.1 0 0.19 0.05936073849049246
0.1 0 0.2 0.1347920360116582
0.1 0 0.21 0.30593205145879065
0.1 0 0.22 0.45190314016776273
0.1 0 0.23 1.2780881144355254
0.1 0 0.24 0.8759744003874992
0.1 0 0.25 0.18893851312752344
0.1 0 0.26 0.6626378758780136
0.1 0 0.27 1.0471904310549711
0.1 0 0.28 4.322553611392487
0.1 0 0.29 3.2038334585620296
0.1 0 0.3 4.058473511087158
0.1 0 0.31 0.7851262933133885
0.1 0 0.32 0.44591737898686457
0.1 0 0.33 0.156926925288595
0.1 0 0.34 0.5079388741818351
0.1 0 0.35000000000000003 0.4528050632959107
0.1 0 0.36 0.5074232743057849
0.1 0 0.37 0.2294491108626323
0.1 0 0.38 0.09215890346503404
0.1 0 0.39 0.04626432376445169
0.1 0 0.4 0.04183292706361812
0.1 0 0.41000000000000003 0.04803464518029254
0.1 0 0.42 0.02361371866886148
0.1 0 0.43 0.012313746671343861
0.1 0 0.44 0.026712977442095793
0.1 0 0.45 0.11068690672883115
0.1 0 0.46 0.030868235992587704
0.1 0 0.47000000000000003 0.0495708234205412
0.1 0 0.48 0.016189065927537057
0.1 0 0.49 0.006893349868948902
0.1 0 0.5 0.012935211806357021
0.11 0 0.0 0.02320225315965248
0.11 0 0.01 0.035079801825591304
0.11 0 0.02 0.03234712124786544
0.11 0 0.03 0.061559726763778286
0.11 0 0.04 0.03528241027280832
0.11 0 0.05 0.2461819262938038
0.11 0 0.06 0.17332631455403066
0.11 0 0.07 0.053651513542070095
0.11 0 0.08 0.06970752582211294
0.11 0 0.09 0.09688714989375372
0.11 0 0.1 0.024242042120867998
0.11 0 0.11 0.01651928108431406
0.11 0 0.12 0.025930232495147563
0.11 0 0.13 0.04545613925678892
0.11 0 0.14 0.006691386689745367
0.11 0 0.15 0.0034608508489042326
0.11 0 0.16 0.0037610442780816643
0.11 0 0.17 0.005015593132919259
0.11 0 0.18 0.016443351121751968
0.11 0 0.19 0.07901641638593854
0.11 0 0.2 0.043193825234398034
0.11 0 0.21 0.023012333043028545
0.11 0 0.22 0.01519532600130096
0.11 0 0.23 0.011646342449573622
0.11 0 0.24 0.023735520679138304
0.11 0 0.25 0.14647422236048696
0.11 0 0.26 1.0523328369042186
0.11 0 0.27 2.8577070720342177
0.11 0 0.28 0.5276111056271492
0.11 0 0.29 0.23502849613061313
0.11 0 0.3 0.31809157414981915
0.11 0 0.31 0.411983559873458
0.11 0 0.32 1.3120970376209014
0.11 0 0.33 0.3340959864357902
0.11 0 0.34 0.13541646144287933
0.11 0 0.35000000000000003 0.2838073949068756
0.11 0 0.36 0.25321577179299615
0.11 0 0.37 0.1002596628373472
0.11 0 0.38 0.06474176886844607
0.11 0 0.39 0.020123450376073337
0.11 0 0.4 0.017598269220368026
0.11 0 0.41000000000000003 0.017981801672442174
0.11 0 0.42 0.0041056170299594375
0.11 0 0.43 0.0013104600596132653
0.11 0 0.44 0.001507133534435102
0.11 0 0.45 0.013133415660329342
0.11 0 0.46 0.012952428736277704
0.11 0 0.47000000000000003 0.008354584993083095
0.11 0 0.48 0.020773057685755495
0.11 0 0.49 0.04116359017416115
0.11 0 0.5 0.05858388387813467
0.12 0 0.0 0.14440335617055527
0.12 0 0.01 0.07773798608358123
0.12 0 0.02 0.022225730073171097
0.12 0 0.03 0.02024779934870455
0.12 0 0.04 0.06306250085101457
0.12 0 0.05 0.14721831242492842
0.12 0 0.06 0.0979070272119139
0.12 0 0.07 0.05839962738393118
0.12 0 0.08 0.07921948616277621
0.12 0 0.09 0.017420701856064223
0.12 0 0.1 0.03369793081160401
0.12 0 0.11 0.018915911030275956
0.12 0 0.12 0.011057810787210205
0.12 0 0.13 0.004175701575237591
0.12 0 0.14 0.002652546114007341
0.12 0 0.15 0.0017665801906319278
0.12 0 0.16 0.003983128311181063
0.12 0 0.17 0.0033681099941263045
0.12 0 0.18 0.004079042322382229
0.12 0 0.19 0.017659011118554356
0.12 0 0.2 0.011629886604289996
0.12 0 0.21 0.00979092275921021
0.12 0 0.22 0.014450083397901643
0.12 0 0.23 0.011692425703103833
0.12 0 0.24 0.0038668811503179933
0.12 0 0.25 0.044464366601967766
0.12 0 0.26 0.17279484231847383
0.12 0 0.27 0.2618079668465882
0.12 0 0.28 0.21000928824919712
0.12 0 0.29 0.42516557172462666
0.12 0 0.3 0.2942432816192535
0.12 0 0.31 0.23075724107853063
0.12 0 0.32 0.6257374833068697
0.12 0 0.33 0.7614488103539585
0.12 0 0.34 0.30717219043182736
0.12 0 0.35000000000000003 0.2990732852795745
0.12 0 0.36 0.20826270372510794
0.12 0 0.37 0.040760777136844284
0.12 0 0.38 0.10021182497037516
0.12 0 0.39 0.016804287129196783
0.12 0 0.4 0.00212188529237862
0.12 0 0.41000000000000003 0.009829830838220541
0.12 0 0.42 0.010451114206163717
0.12 0 0.43 0.02725774863751136
0.12 0 0.44 0.030030715367939737
0.12 0 0.45 0.04055193838925497
0.12 0 0.46 0.02566494800926716
0.12 0 0.47000000000000003 0.022474748912371178
0.12 0 0.48 0.014531255256171613
0.12 0 0.49 0.012384889097386685
0.12 0 0.5 0.02692564398622237
0.13 0 0.0 0.05502043867607791
0.13 0 0.01 0.07478009645779309
0.13 0 0.02 0.018690668760690365
0.13 0 0.03 0.008073133755649354
0.13 0 0.04 0.014040159981146603
0.13 0 0.05 0.02277815678668649
0.13 0 0.06 0.03533906639847108
0.13 0 0.07 0.038427094827308335
0.13 0 0.08 0.06953087325044857
0.13 0 0.09 0.008738571089194389
0.13 0 0.1 0.006861261556915912
0.13 0 0.11 0.0066911737335836755
0.13 0 0.12 0.004214178519056408
0.13 0 0.13 0.0019413704250243688
0.13 0 0.14 0.006164876603543768
0.13 0 0.15 0.0015799545853557957
0.13 0 0.16 0.001590063203836712
0.13 0 0.17 0.0033747687560717198
0.13 0 0.18 0.004552630442895426
0.13 0 0.19 0.005607796253995894
0.13 0 0.2 0.0040422915347654315
0.13 0 0.21 0.015578208439053845
0.13 0 0.22 0.012645916381746043
0.13 0 0.23 0.008998327935244597
0.13 0 0.24 0.007215408326614825
0.13 0 0.25 0.017927133570312715
0.13 0 0.26 0.10911805357305547
0.13 0 0.27 0.12158160149786752
0.13 0 0.28 0.18380556115141358
0.13 0 0.29 0.10619733659911938
0.13 0 0.3 0.2281485799718715
0.13 0 0.31 0.0660682613166588
0.13 0 0.32 0.08671653734737039
0.13 0 0.33 0.08411189227230326
0.13 0 0.34 0.22242381928002578
0.13 0 0.35000000000000003 0.13716405860597683
0.13 0 0.36 0.20011937066100616
0.13 0 0.37 0.03424524621079545
0.13 0 0.38 0.01915288711077781
0.13 0 0.39 0.014311955490098527
0.13 0 0.4 0.029681485208576396
0.13 0 0.41000000000000003 0.06407112912290247
0.13 0 0.42 0.139036120101139
0.13 0 0.43 0.09662569334244087
0.13 0 0.44 0.15700201119125357
0.13 0 0.45 0.12786659795566135
0.13 0 0.46 0.04850580167377094
0.13 0 0.47000000000000003 0.0568107882675774
0.13 0 0.48 0.12033038718434531
0.13 0 0.49 0.09723000416740668
0.13 0 0.5 0.03436968906750005
0.14 0 0.0 0.30684279680012355
0.14 0 0.01 0.23859411114746487
0.14 0 0.02 0.16052970210811662
0.14 0 0.03 0.1891289177374752
0.14 0 0.04 0.041811405989208655
0.14 0 0.05 0.00661594885356134
0.14 0 0.06 0.011043817886432002
0.14 0 0.07 0.03901774812744762
0.14 0 0.08 0.07896083531829343
0.14 0 0.09 0.0856556995325159
0.14 0 0.1 0.037303109564920986
0.14 0 0.11 0.02031177422163447
0.14 0 0.12 0.015247975147103372
0.14 0 0.13 0.010350598821908422
0.14 0 0.14 0.00994263348744635
0.14 0 0.15 0.06345842601583127
0.14 0 0.16 0.03428632955960405
0.14 0 0.17 0.06041970226352296
0.14 0 0.18 0.007739000001185984
0.14 0 0.19 0.0036819681033438754
0.14 0 0.2 0.0040862251351410795
0.14 0 0.21 0.006046102301095692
0.14 0 0.22 0.006759148276914303
0.14 0 0.23 0.013346284629345622
0.14 0 0.24 0.014761338182714825
0.14 0 0.25 0.017796260508178372
0.14 0 0.26 0.013543875303363779
0.14 0 0.27 0.03196368731774959
0.14 0 0.28 0.05925899426538558
0.14 0 0.29 0.03990408939442104
0.14 0 0.3 0.03977137832057865
0.14 0 0.31 0.06965955132862074
0.14 0 0.32 0.024177996512909795
0.14 0 0.33 0.01372447643716689
0.14 0 0.34 0.048460058597011864
0.14 0 0.35000000000000003 0.015499931387525989
0.14 0 0.36 0.028651540016376282
0.14 0 0.37 0.04082014154937694
0.14 0 0.38 0.058268043267914654
0.14 0 0.39 0.0835114886261122
0.14 0 0.4 0.1311227489228183
0.14 0 0.41000000000000003 0.4516963701966889
0.14 0 0.42 0.7086948199940105
0.14 0 0.43 0.41705893819330353
0.14 0 0.44 0.18878349084707774
0.14 0 0.45 0.045831396320703294
0.14 0 0.46 0.13096389222592178
0.14 0 0.47000000000000003 0.14094687518102253
0.14 0 0.48 0.12002449194764139
0.14 0 0.49 0.03247037296227803
0.14 0 0.5 0.09978069597766698
0.15 0 0.0 1.2249282225314773
0.15 0 0.01 0.8835557711629213
0.15 0 0.02 0.8845230906170387
0.15 0 0.03 0.19913004098239678
0.15 0 0.04 0.027536562067169184
0.15 0 0.05 0.010847260486968813
0.15 0 0.06 0.010722812520694675
0.15 0 0.07 0.0229120379498362
0.15 0 0.08 0.041994783124376885
0.15 0 0.09 0.030806187059497076
0.15 0 0.1 0.08940832757100459
0.15 0 0.11 0.10399226071409601
0.15 0 0.12 0.3793977496279657
0.15 0 0.13 0.3620655521291206
0.15 0 0.14 0.34414993351976897
0.15 0 0.15 0.1627678219523642
0.15 0 0.16 0.2766978617113481
0.15 0 0.17 0.17751275049604834
0.15 0 0.18 0.0543818088220314
0.15 0 0.19 0.031758971667455047
0.15 0 0.2 0.021386763995153484
0.15 0 0.21 0.009258122940126318
0.15 0 0.22 0.004733122909690281
0.15 0 0.23 0.012117481733602383
0.15 0 0.24 0.018443185612497547
0.15 0 0.25 0.0331974703821714
0.15 0 0.26 0.02903201108742793
0.15 0 0.27 0.004450833699750482
0.15 0 0.28 0.0027360886839351045
0.15 0 0.29 0.014555194604132874
0.15 0 0.3 0.005400889561117483
0.15 0 0.31 0.014418558107985077
0.15 0 0.32 0.033622299106437
0.15 0 0.33 0.042307286934501254
0.15 0 0.34 0.016243723567506894
0.15 0 0.35000000000000003 0.006988178602065193
0.15 0 0.36 0.006764551547508895
0.15 0 0.37 0.05424928736265895
0.15 0 0.38 0.06464240485043272
0.15 0 0.39 0.10458471119589884
0.15 0 0.4 0.13237110717581502
0.15 0 0.41000000000000003 0.31348087372020794
0.15 0 0.42 1.0057303569802603
0.15 0 0.43 0.7904020288898651
0.15 0 0.44 1.284709760881479
0.15 0 0.45 1.0955590671384419
0.15 0 0.46 0.2642178186007904
0.15 0 0.47000000000000003 0.4049837008238757
0.15 0 0.48 0.20748793072858007
0.15 0 0.49 0.10252852049941624
0.15 0 0.5 0.06862049012823229
0.16 0 0.0 3.1845518595304125
0.16 0 0.01 2.823097070025915
0.16 0 0.02 0.4080065025863238
0.16 0 0.03 0.17040769836238887
0.16 0 0.04 0.02364551211023663
0.16 0 0.05 0.0022994816535323926
0.16 0 0.06 0.002492047644761047
0.16 0 0.07 0.01708526789027265
0.16 0 0.08 0.12417725875651785
0.16 0 0.09 0.014409415606166796
0.16 0 0.1 0.014339894340220727
0.16 0 0.11 0.051935746119376534
0.16 0 0.12 0.2582759454430804
0.16 0 0.13 0.1796046304261763
0.16 0 0.14 0.2540620253843331
0.16 0 0.15 0.1935386635999675
0.16 0 0.16 0.18514368879577334
0.16 0 0.17 0.060137614267462954
0.16 0 0.18 0.03642127878134314
0.16 0 0.19 0.058807496640027844
0.16 0 0.2 0.07009472027350772
0.16 0 0.21 0.02450733722253581
0.16 0 0.22 0.03390890049564818
0.16 0 0.23 0.008440885703538473
0.16 0 0.24 0.0018593913622978857
0.16 0 0.25 0.0038823224465499707
0.16 0 0.26 0.00808311649768691
0.16 0 0.27 0.008651133839411018
0.16 0 0.28 0.0038177913668621544
0.16 0 0.29 0.014083056832361735
0.16 0 0.3 0.019055009432412107
0.16 0 0.31 0.003924762983568352
0.16 0 0.32 0.007781478166551736
0.16 0 0.33 0.008911375727471645
0.16 0 0.34 0.017131220420034964
0.16 0 0.35000000000000003 0.014227832497568007
0.16 0 0.36 0.010798371983445463
0.16 0 0.37 0.014696200741752237
0.16 0 0.38 0.052705875402819485
0.16 0 0.39 0.03476506464504625
0.16 0 0.4 0.0541019824633636
0.16 0 0.41000000000000003 0.04094195107485035
0.16 0 0.42 0.1426236198400499
0.16 0 0.43 0.31659054299323747
0.16 0 0.44 0.3883959016106439
0.16 0 0.45 0.40959696135923607
0.16 0 0.46 0.4390305896990968
0.16 0 0.47000000000000003 0.0836377723889321
0.16 0 0.48 0.06569738149173467
0.16 0 0.49 0.043374676198782026
0.16 0 0.5 0.02589503012723763
0.17 0 0.0 13.146916089217385
0.17 0 0.01 20.23256043186659
0.17 0 0.02 0.9400449476584609
0.17 0 0.03 0.2721569136267495
0.17 0 0.04 0.08905733788784863
0.17 0 0.05 0.03520895345972408
0.17 0 0.06 0.02787425398963502
0.17 0 0.07 0.08154704976770287
0.17 0 0.08 0.11325109356592529
0.17 0 0.09 0.035846783979648966
0.17 0 0.1 0.09053217364358768
0.17 0 0.11 0.11688652654275457
0.17 0 0.12 0.053109053113150735
0.17 0 0.13 0.14019915254701437
0.17 0 0.14 0.1387560764259681
0.17 0 0.15 0.2172930598518708
0.17 0 0.16 0.18136236150415594
0.17 0 0.17 0.42337137689781
0.17 0 0.18 0.5146586401879963
0.17 0 0.19 0.7401081206275733
0.17 0 0.2 0.24447688993648778
0.17 0 0.21 0.060069330970807654
0.17 0 0.22 0.022177585889625453
0.17 0 0.23 0.019825131828190352
0.17 0 0.24 0.00939423352037899
0.17 0 0.25 0.007819788708568481
0.17 0 0.26 0.0022842724507933796
0.17 0 0.27 0.0034025602535734415
0.17 0 0.28 0.00851084311372966
0.17 0 0.29 0.030114903972455014
0.17 0 0.3 0.04399761884681462
0.17 0 0.31 0.0818177888790802
0.17 0 0.32 0.21248993251943843
0.17 0 0.33 0.07846162318692997
0.17 0 0.34 0.01205600853522558
0.17 0 0.35000000000000003 0.003803599501753892
0.17 0 0.36 0.004183881906556336
0.17 0 0.37 0.005415959180038666
0.17 0 0.38 0.010929400636104376
0.17 0 0.39 0.021870973470525787
0.17 0 0.4 0.1665729560952771
0.17 0 0.41000000000000003 0.6989590120659602
0.17 0 0.42 0.40734860549826113
0.17 0 0.43 0.3787948024034943
0.17 0 0.44 0.3908755511457213
0.17 0 0.45 0.2591854011779518
0.17 0 0.46 0.2987138154015327
0.17 0 0.47000000000000003 0.1435763264208518
0.17 0 0.48 0.20148249751278907
0.17 0 0.49 0.19515706635886707
0.17 0 0.5 0.06459189860501284
0.18 0 0.0 3.054986389384032
0.18 0 0.01 3.1870979513604736
0.18 0 0.02 2.302294736742952
0.18 0 0.03 1.6190715395347497
0.18 0 0.04 0.6792444901497927
0.18 0 0.05 0.12383382514380406
0.18 0 0.06 0.2552067481268107
0.18 0 0.07 0.783463789277147
0.18 0 0.08 0.4718114610186317
0.18 0 0.09 0.12979798646405202
0.18 0 0.1 0.0757967146569752
0.18 0 0.11 0.16764477410746453
0.18 0 0.12 0.07437506787090047
0.18 0 0.13 0.04026839431692688
0.18 0 0.14 0.050377317118248804
0.18 0 0.15 0.05525872151186327
0.18 0 0.16 0.09440871506421845
0.18 0 0.17 0.1956417753680995
0.18 0 0.18 0.12009056816728089
0.18 0 0.19 0.05107815738209538
0.18 0 0.2 0.10350156704789261
0.18 0 0.21 0.08230965686891033
0.18 0 0.22 0.0183365849685727
0.18 0 0.23 0.012725034963940484
0.18 0 0.24 0.012346456599044134
0.18 0 0.25 0.005243431814715481
0.18 0 0.26 0.0020421603122160892
0.18 0 0.27 0.002928920516861144
0.18 0 0.28 0.005740081425486643
0.18 0 0.29 0.019017824177362818
0.18 0 0.3 0.058591594831191925
0.18 0 0.31 0.03605346630886732
0.18 0 0.32 0.009653600016683382
0.18 0 0.33 0.017007023331220294
0.18 0 0.34 0.013175799566790394
0.18 0 0.35000000000000003 0.020863961602829797
0.18 0 0.36 0.007690351047282729
0.18 0 0.37 0.01090228619457188
0.18 0 0.38 0.011780597987195171
0.18 0 0.39 0.02116919841372023
0.18 0 0.4 0.05615017509980719
0.18 0 0.41000000000000003 0.1862995123264252
0.18 0 0.42 0.3651165699758167
0.18 0 0.43 1.493795294146854
0.18 0 0.44 0.7270020862378671
0.18 0 0.45 0.367397004868428
0.18 0 0.46 0.09436824504658285
0.18 0 0.47000000000000003 0.13691034052331144
0.18 0 0.48 0.11481319102243304
0.18 0 0.49 0.24914989252866557
0.18 0 0.5 0.0943012509512894
0.19 0 0.0 2.033758958398961
0.19 0 0.01 3.139467014754688
0.19 0 0.02 1.9497404614212173
0.19 0 0.03 1.6890342761668102
0.19 0 0.04 4.7572493827181495
0.19 0 0.05 5.769544528658532
0.19 0 0.06 5.36839245714122
0.19 0 0.07 3.047177361891219
0.19 0 0.08 2.93809889074954
0.19 0 0.09 5.312595898740536
0.19 0 0.1 3.533557922288309
0.19 0 0.11 1.5935516423012017
0.19 0 0.12 2.8605023740158635
0.19 0 0.13 2.4045879967175927
0.19 0 0.14 0.8139994159956899
0.19 0 0.15 0.3587620275106894
0.19 0 0.16 0.21247956986857414
0.19 0 0.17 0.13596313131714852
0.19 0 0.18 0.9430820953127393
0.19 0 0.19 0.12099500390859681
0.19 0 0.2 0.0917410965387443
0.19 0 0.21 0.01782877169916502
0.19 0 0.22 0.01239243039189362
0.19 0 0.23 0.007809507388238814
0.19 0 0.24 0.004799888590522513
0.19 0 0.25 0.006279063661723061
0.19 0 0.26 0.00876036696730701
0.19 0 0.27 0.014978725515008685
0.19 0 0.28 0.031176370341427433
0.19 0 0.29 0.039457751897490116
0.19 0 0.3 0.04469276990922561
0.19 0 0.31 0.03860515875362615
0.19 0 0.32 0.006695622302274014
0.19 0 0.33 0.002010937904192087
0.19 0 0.34 0.003127940738179676
0.19 0 0.35000000000000003 0.001272337713730916
0.19 0 0.36 0.0071251820050599384
0.19 0 0.37 0.015428751401864825
0.19 0 0.38 0.010065772145145134
0.19 0 0.39 0.021644595779739657
0.19 0 0.4 0.16685910135206222
0.19 0 0.41000000000000003 0.9361343462272441
0.19 0 0.42 0.25942593405388753
0.19 0 0.43 0.5870452312221579
0.19 0 0.44 1.869738722191079
0.19 0 0.45 1.2338673838968528
0.19 0 0.46 0.5222682857054676
0.19 0 0.47000000000000003 0.34108052254788435
0.19 0 0.48 0.1493973106445077
0.19 0 0.49 0.21749405010711614
0.19 0 0.5 0.17884480138963485
0.2 0 0.0 0.4279275234969889
0.2 0 0.01 1.6593038690397763
0.2 0 0.02 1.5005880854900617
0.2 0 0.03 1.432062171758155
0.2 0 0.04 1.0583148395811426
0.2 0 0.05 0.6209000415756493
0.2 0 0.06 0.20713344182109414
0.2 0 0.07 1.162805123611
0.2 0 0.08 2.1755005480386402
0.2 0 0.09 7.689270563908813
0.2 0 0.1 21.373346892792554
0.2 0 0.11 23.474496594924933
0.2 0 0.12 4.056943990061105
0.2 0 0.13 1.4483414227811275
0.2 0 0.14 1.0379107326838921
0.2 0 0.15 1.0611953236984768
0.2 0 0.16 1.7201055463173742
0.2 0 0.17 0.4989298808574907
0.2 0 0.18 0.3068940997452078
0.2 0 0.19 0.2647727881525204
0.2 0 0.2 0.013465983913824132
0.2 0 0.21 0.009701887571293092
0.2 0 0.22 0.007590681180335184
0.2 0 0.23 0.008329645828667541
0.2 0 0.24 0.004088286650411125
0.2 0 0.25 0.02622897296470452
0.2 0 0.26 0.1741318834212203
0.2 0 0.27 0.11969867800990225
0.2 0 0.28 0.0360933571566183
0.2 0 0.29 0.03466880319546055
0.2 0 0.3 0.014754535730853368
0.2 0 0.31 0.004559206732607303
0.2 0 0.32 0.0023674608064051385
0.2 0 0.33 0.0017398039498366122
0.2 0 0.34 0.008019879958271891
0.2 0 0.35000000000000003 0.0038704536240147603
0.2 0 0.36 0.0014425508339615696
0.2 0 0.37 0.0013836970607465004
0.2 0 0.38 0.004551914639027624
0.2 0 0.39 0.012897837304587432
0.2 0 0.4 0.035629088738983676
0.2 0 0.41000000000000003 0.03414662303847712
0.2 0 0.42 0.052740886071656536
0.2 0 0.43 0.18499134345127521
0.2 0 0.44 0.5821856419349537
0.2 0 0.45 0.48187232007705755
0.2 0 0.46 0.10523169976058291
0.2 0 0.47000000000000003 0.14844686188065698
0.2 0 0.48 0.12625001693964913
0.2 0 0.49 0.08262132941862094
0.2 0 0.5 0.1583726037845874
0.21 0 0.0 3.4338452199913245
0.21 0 0.01 4.0397773995224275
0.21 0 0.02 4.247957097263098
0.21 0 0.03 1.4822312121875776
0.21 0 0.04 4.643803669944835
0.21 0 0.05 1.6987816386144428
0.21 0 0.06 1.5132920759432362
0.21 0 0.07 5.610297773283241
0.21 0 0.08 11.877763179430067
0.21 0 0.09 5.550216565991796
0.21 0 0.1 13.66902295921022
0.21 0 0.11 60.53533724323709
0.21 0 0.12 39.31548452026748
0.21 0 0.13 38.779816561424596
0.21 0 0.14 31.0016393878327
0.21 0 0.15 6.080522190287258
0.21 0 0.16 2.2211367637197417
0.21 0 0.17 2.3704347501644065
0.21 0 0.18 1.8193971286548698
0.21 0 0.19 0.7324690165874314
0.21 0 0.2 0.07579445582622837
0.21 0 0.21 0.03151130403809292
0.21 0 0.22 0.010921472271346558
0.21 0 0.23 0.007042405158124186
0.21 0 0.24 0.009538989819130712
0.21 0 0.25 0.06180488655339143
0.21 0 0.26 0.18704586198073575
0.21 0 0.27 1.0359766400111081
0.21 0 0.28 0.21418168308993357
0.21 0 0.29 0.024230011498846283
0.21 0 0.3 0.012436416697547057
0.21 0 0.31 0.002333586569606291
0.21 0 0.32 0.0010443578500161622
0.21 0 0.33 0.0006548683719152384
0.21 0 0.34 0.0011997358410693133
0.21 0 0.35000000000000003 0.005684443526946067
0.21 0 0.36 0.0135476992582547
0.21 0 0.37 0.005956341071066357
0.21 0 0.38 0.001985489785659003
0.21 0 0.39 0.010165487544623538
0.21 0 0.4 0.0112122338743664
0.21 0 0.41000000000000003 0.006622751586134317
0.21 0 0.42 0.0008327351923983215
0.21 0 0.43 0.0020761312068169934
0.21 0 0.44 0.005454844819874009
0.21 0 0.45 0.03709612581290929
0.21 0 0.46 0.027719296936765506
0.21 0 0.47000000000000003 0.01634147792792796
0.21 0 0.48 0.03304605256509897
0.21 0 0.49 0.27599905970202204
0.21 0 0.5 0.04413190660902228
0.22 0 0.0 7.261077032472687
0.22 0 0.01 1.9913615271738092
0.22 0 0.02 1.320839834360808
0.22 0 0.03 2.2919103700338517
0.22 0 0.04 1.7232703374729559
0.22 0 0.05 1.0745085525638132
0.22 0 0.06 0.641283492658601
0.22 0 0.07 1.243419278280235
0.22 0 0.08 2.4478402349170723
0.22 0 0.09 2.799280371099366
0.22 0 0.1 5.787093802537337
0.22 0 0.11 14.432385336541461
0.22 0 0.12 22.04921515707803
0.22 0 0.13 55.60152405936078
0.22 0 0.14 100.12243554390624
0.22 0 0.15 17.689266243406234
0.22 0 0.16 10.72453987202875
0.22 0 0.17 4.095230354033311
0.22 0 0.18 1.4841481902027616
0.22 0 0.19 0.29569872842541584
0.22 0 0.2 0.1778614718955911
0.22 0 0.21 0.10293004243901098
0.22 0 0.22 0.022041809898065277
0.22 0 0.23 0.002609302555971192
0.22 0 0.24 0.008582345716407218
0.22 0 0.25 0.019697907854402775
0.22 0 0.26 0.030153571178635465
0.22 0 0.27 0.05700823056326518
0.22 0 0.28 0.03789916455523292
0.22 0 0.29 0.008356848972367638
0.22 0 0.3 0.03206271898351669
0.22 0 0.31 0.018607127365486722
0.22 0 0.32 0.009617371323634718
0.22 0 0.33 0.002527042032449463
0.22 0 0.34 0.007851183737798565
0.22 0 0.35000000000000003 0.009094901582353777
0.22 0 0.36 0.03288220024443756
0.22 0 0.37 0.08168009634205789
0.22 0 0.38 0.08040305659162202
0.22 0 0.39 0.05114555568976929
0.22 0 0.4 0.015873025195042162
0.22 0 0.41000000000000003 0.0037923047741859586
0.22 0 0.42 0.004294226438276593
0.22 0 0.43 0.020680558576868516
0.22 0 0.44 0.027206982075285123
0.22 0 0.45 0.015213564707141946
0.22 0 0.46 0.01810214961049203
0.22 0 0.47000000000000003 0.03671543558773873
0.22 0 0.48 0.014969204108888608
0.22 0 0.49 0.037944612932900086
0.22 0 0.5 0.061084984155102225
0.23 0 0.0 2.851471880670831
0.23 0 0.01 9.661580330488038
0.23 0 0.02 6.222238493248989
0.23 0 0.03 6.689422928726211
0.23 0 0.04 3.24176870099302
0.23 0 0.05 1.3794109177662126
0.23 0 0.06 0.13916372923401527
0.23 0 0.07 0.09836955351616761
0.23 0 0.08 0.13603739475383447
0.23 0 0.09 0.9459312228873932
0.23 0 0.1 2.1298614380874854
0.23 0 0.11 5.258220525093134
0.23 0 0.12 8.749125709164105
0.23 0 0.13 1.6805316329077207
0.23 0 0.14 3.138412355627684
0.23 0 0.15 7.655566865118416
0.23 0 0.16 24.971006933399885
0.23 0 0.17 47.851848479913095
0.23 0 0.18 6.069243667926324
0.23 0 0.19 0.7514923422499482
0.23 0 0.2 0.14776783297389065
0.23 0 0.21 0.12382760596829907
0.23 0 0.22 0.08543560613712571
0.23 0 0.23 0.08857793236382286
0.23 0 0.24 0.018095630046948953
0.23 0 0.25 0.029480283390592478
0.23 0 0.26 0.011512809897484736
0.23 0 0.27 0.005480337977104905
0.23 0 0.28 0.0034506724879701076
0.23 0 0.29 0.0032943766365253115
0.23 0 0.3 0.028416810466177504
0.23 0 0.31 0.049785877003933374
0.23 0 0.32 0.02844563225013335
0.23 0 0.33 0.03697231281795861
0.23 0 0.34 0.06386506257369899
0.23 0 0.35000000000000003 0.07975356281647283
0.23 0 0.36 0.12700449300542113
0.23 0 0.37 0.15857687109815694
0.23 0 0.38 0.08853009859232026
0.23 0 0.39 0.02431914582485289
0.23 0 0.4 0.06133499769497156
0.23 0 0.41000000000000003 0.02363251461892247
0.23 0 0.42 0.014997831912212595
0.23 0 0.43 0.02910035894393474
0.23 0 0.44 0.19194669909337483
0.23 0 0.45 0.15773910055758172
0.23 0 0.46 0.04025155223097772
0.23 0 0.47000000000000003 0.053121311210819026
0.23 0 0.48 0.03826079653503212
0.23 0 0.49 0.014377630552893582
0.23 0 0.5 0.006260594084226948
0.24 0 0.0 0.3294255491506701
0.24 0 0.01 1.369866857047573
0.24 0 0.02 3.522136435825692
0.24 0 0.03 2.6698940883956577
0.24 0 0.04 2.1219708736377303
0.24 0 0.05 1.043969998367021
0.24 0 0.06 0.8840386424850012
0.24 0 0.07 0.2875838871679718
0.24 0 0.08 0.6066009206698993
0.24 0 0.09 0.2853285164132004
0.24 0 0.1 0.14834369173774228
0.24 0 0.11 0.13232237427814644
0.24 0 0.12 1.773820082990617
0.24 0 0.13 1.507911693520537
0.24 0 0.14 0.7997919686311256
0.24 0 0.15 1.8566590746173872
0.24 0 0.16 1.3169283659302617
0.24 0 0.17 0.8312336638150644
0.24 0 0.18 1.3262057465424637
0.24 0 0.19 0.4075735496509055
0.24 0 0.2 0.11462848698887732
0.24 0 0.21 0.1476091326693895
0.24 0 0.22 0.04035844874319718
0.24 0 0.23 0.036388481018190894
0.24 0 0.24 0.006685438848276871
0.24 0 0.25 0.04016829464944521
0.24 0 0.26 0.03689622875538514
0.24 0 0.27 0.01831869566484695
0.24 0 0.28 0.018372248528785627
0.24 0 0.29 0.025165919316273683
0.24 0 0.3 0.1014565473733816
0.24 0 0.31 0.6151419278687522
0.24 0 0.32 0.34291220736320444
0.24 0 0.33 0.13600693416684403
0.24 0 0.34 0.25500842524755196
0.24 0 0.35000000000000003 0.08500482969690173
0.24 0 0.36 0.0646779705555214
0.24 0 0.37 0.08209065805474755
0.24 0 0.38 0.03466365592675674
0.24 0 0.39 0.12171048486658492
0.24 0 0.4 0.3949942075523281
0.24 0 0.41000000000000003 0.5575462090953239
0.24 0 0.42 0.4905661846789079
0.24 0 0.43 0.3735964202273616
0.24 0 0.44 0.20120816793880394
0.24 0 0.45 0.13381458931741458
0.24 0 0.46 0.11727113639403254
0.24 0 0.47000000000000003 0.27698831884119113
0.24 0 0.48 0.11822081884431467
0.24 0 0.49 0.03228442333223203
0.24 0 0.5 0.01802745459161287
0.25 0 0.0 0.015456108475430474
0.25 0 0.01 0.11301304326295422
0.25 0 0.02 0.40450306463708025
0.25 0 0.03 1.372025145902063
0.25 0 0.04 1.3277703088000234
0.25 0 0.05 0.4331693750551655
0.25 0 0.06 1.0950305389441946
0.25 0 0.07 1.6249172916277428
0.25 0 0.08 1.2800617553860378
0.25 0 0.09 0.6189958166195222
0.25 0 0.1 1.81147937444398
0.25 0 0.11 1.21883568675546
0.25 0 0.12 1.409039820379443
0.25 0 0.13 0.6548193769879954
0.25 0 0.14 2.1335501131950028
0.25 0 0.15 2.57426965009129
0.25 0 0.16 2.121199726650033
0.25 0 0.17 1.1649466190541935
0.25 0 0.18 1.0787013731451758
0.25 0 0.19 0.7899719206556266
0.25 0 0.2 0.1917588344114538
0.25 0 0.21 0.23499412211158202
0.25 0 0.22 0.051878206038011174
0.25 0 0.23 0.01270221613191118
0.25 0 0.24 0.029509030307800645
0.25 0 0.25 0.05561670051155479
0.25 0 0.26 0.06280505897683096
0.25 0 0.27 0.01677386917426372
0.25 0 0.28 0.08070266088622571
0.25 0 0.29 0.10349236672096772
0.25 0 0.3 0.10202415714492839
0.25 0 0.31 0.19319597368779193
0.25 0 0.32 0.6245315095655906
0.25 0 0.33 0.23483431286708312
0.25 0 0.34 0.04078125038340907
0.25 0 0.35000000000000003 0.02248863384285546
0.25 0 0.36 0.050339870036301755
0.25 0 0.37 0.09290010913967385
0.25 0 0.38 0.0815712519078223
0.25 0 0.39 0.02886405464438391
0.25 0 0.4 0.2112398393164622
0.25 0 0.41000000000000003 0.19569219141481498
0.25 0 0.42 0.233725824482829
0.25 0 0.43 0.18770674439884055
0.25 0 0.44 0.26027887752949597
0.25 0 0.45 0.478533430148542
0.25 0 0.46 0.14553096413059016
0.25 0 0.47000000000000003 0.05044556323541641
0.25 0 0.48 0.03715996810549443
0.25 0 0.49 0.019316908894570797
0.25 0 0.5 0.02452885814179633
0.26 0 0.0 0.00793878078602238
0.26 0 0.01 0.060888941189415985
0.26 0 0.02 0.2685292253187121
0.26 0 0.03 1.0825108397095664
0.26 0 0.04 0.4974828241653674
0.26 0 0.05 0.2407880607561948
0.26 0 0.06 0.14222945882004764
0.26 0 0.07 0.38196033405848245
0.26 0 0.08 0.24241609433379951
0.26 0 0.09 0.12020639262988995
0.26 0 0.1 0.29166336263031967
0.26 0 0.11 2.552633672611256
0.26 0 0.12 1.894369828588973
0.26 0 0.13 1.2102863833671824
0.26 0 0.14 0.8675325279670549
0.26 0 0.15 0.36772708635732576
0.26 0 0.16 0.36428302928280565
0.26 0 0.17 0.9267883306776825
0.26 0 0.18 1.057469344868312
0.26 0 0.19 0.22918627119503565
0.26 0 0.2 0.2403189677837368
0.26 0 0.21 0.8293018073406425
0.26 0 0.22 0.14214037426961065
0.26 0 0.23 0.03856818166285406
0.26 0 0.24 0.04464458519496498
0.26 0 0.25 0.0520169620318784
0.26 0 0.26 0.14860361385606774
0.26 0 0.27 0.27446130440916133
0.26 0 0.28 0.12056252543023879
0.26 0 0.29 0.12719118547866393
0.26 0 0.3 0.15343373567126872
0.26 0 0.31 0.038161121507764635
0.26 0 0.32 0.014299425051202682
0.26 0 0.33 0.03284256744212217
0.26 0 0.34 0.04494273825394631
0.26 0 0.35000000000000003 0.05992421259788539
0.26 0 0.36 0.15092006499642396
0.26 0 0.37 0.22412857311876302
0.26 0 0.38 0.6655591399267846
0.26 0 0.39 0.3732271088787266
0.26 0 0.4 0.39604039595630025
0.26 0 0.41000000000000003 0.30056425056503316
0.26 0 0.42 0.35728260620863267
0.26 0 0.43 0.15070779224620112
0.26 0 0.44 0.1238659470707825
0.26 0 0.45 0.07550180435723673
0.26 0 0.46 0.1707025972922228
0.26 0 0.47000000000000003 0.08003580185840953
0.26 0 0.48 0.1170699041750049
0.26 0 0.49 0.2397737752050246
0.26 0 0.5 0.18759322693099215
0.27 0 0.0 0.036001340830793246
0.27 0 0.01 0.10579147551383675
0.27 0 0.02 0.10949859526111064
0.27 0 0.03 0.12343742634203812
0.27 0 0.04 0.05111618910831567
0.27 0 0.05 0.1088364236207343
0.27 0 0.06 0.29166950313132783
0.27 0 0.07 0.10942382574163742
0.27 0 0.08 0.07848493608013306
0.27 0 0.09 0.113789896288978
0.27 0 0.1 0.6104378349982702
0.27 0 0.11 2.886340431174925
0.27 0 0.12 5.853228814155567
0.27 0 0.13 1.0475598455242425
0.27 0 0.14 1.0848262117155458
0.27 0 0.15 0.635492865770362
0.27 0 0.16 0.6967747507580282
0.27 0 0.17 0.6470001808609726
0.27 0 0.18 2.0531617055950746
0.27 0 0.19 4.908368336109361
0.27 0 0.2 0.7937097959909198
0.27 0 0.21 0.4903320677015094
0.27 0 0.22 0.4440767697110476
0.27 0 0.23 0.6591123153066023
0.27 0 0.24 0.6189793390583331
0.27 0 0.25 0.13742905226882604
0.27 0 0.26 0.06474113657341009
0.27 0 0.27 0.6952609848811437
0.27 0 0.28 0.3880470346073436
0.27 0 0.29 0.7644694883476039
0.27 0 0.3 0.8642238198917929
0.27 0 0.31 1.2391615928553497
0.27 0 0.32 0.4694663270480822
0.27 0 0.33 0.5108329337015184
0.27 0 0.34 0.17949250166383768
0.27 0 0.35000000000000003 0.09875689931185745
0.27 0 0.36 0.11579979328147293
0.27 0 0.37 0.3744514099524037
0.27 0 0.38 0.21788380453374565
0.27 0 0.39 0.1044166821077542
0.27 0 0.4 0.5381568229975053
0.27 0 0.41000000000000003 1.5310065760265081
0.27 0 0.42 0.2519122735103678
0.27 0 0.43 0.09993454629114924
0.27 0 0.44 0.10632048804780887
0.27 0 0.45 0.14143132355274105
0.27 0 0.46 0.21861115457501681
0.27 0 0.47000000000000003 0.24048342732308037
0.27 0 0.48 0.12796301694555143
0.27 0 0.49 0.24894853065912426
0.27 0 0.5 0.26986926493022
0.28 0 0.0 0.06207120160609928
0.28 0 0.01 0.13213491936449076
0.28 0 0.02 0.23601908703301439
0.28 0 0.03 0.12359885982663893
0.28 0 0.04 0.047022296009547174
0.28 0 0.05 0.023776742092577824
0.28 0 0.06 0.05474886199207482
0.28 0 0.07 0.07184810451179455
0.28 0 0.08 0.026010401634189786
0.28 0 0.09 0.02624598164471003
0.28 0 0.1 0.17579883916604397
0.28 0 0.11 0.47026494598826407
0.28 0 0.12 6.326240421821802
0.28 0 0.13 1.030936707115663
0.28 0 0.14 0.9978254072858991
0.28 0 0.15 2.0956095565132165
0.28 0 0.16 2.5901016024534864
0.28 0 0.17 1.5240460471046826
0.28 0 0.18 2.8469032386591064
0.28 0 0.19 8.661382180639103
0.28 0 0.2 4.735810421115556
0.28 0 0.21 0.6938842838570644
0.28 0 0.22 0.38053090989371857
0.28 0 0.23 0.06718795241448358
0.28 0 0.24 0.023105083401223706
0.28 0 0.25 0.026597896263868832
0.28 0 0.26 0.049420141657590906
0.28 0 0.27 0.045809195391999416
0.28 0 0.28 0.2086838992905683
0.28 0 0.29 0.7579019139236313
0.28 0 0.3 2.9601497878605163
0.28 0 0.31 7.091317374185078
0.28 0 0.32 5.00305890683264
0.28 0 0.33 3.2446235483001553
0.28 0 0.34 1.9960156991424132
0.28 0 0.35000000000000003 1.954622028583157
0.28 0 0.36 3.125593561906738
0.28 0 0.37 1.4712089627538054
0.28 0 0.38 1.5218428159708721
0.28 0 0.39 0.18301787717737647
0.28 0 0.4 0.046179202942262944
0.28 0 0.41000000000000003 0.03434804806102577
0.28 0 0.42 0.058211841411121436
0.28 0 0.43 0.07876302604843073
0.28 0 0.44 0.14707055861201784
0.28 0 0.45 0.05957365213830152
0.28 0 0.46 0.018310103577575697
0.28 0 0.47000000000000003 0.09460198584885846
0.28 0 0.48 0.12219040224118764
0.28 0 0.49 0.2568143048823028
0.28 0 0.5 0.3904768440129934
0.29 0 0.0 0.03942455788168612
0.29 0 0.01 0.0672202638719816
0.29 0 0.02 0.11067232338331877
0.29 0 0.03 0.35924401808379547
0.29 0 0.04 0.3245206122269137
0.29 0 0.05 0.28923800192034094
0.29 0 0.06 0.11074892660858045
0.29 0 0.07 0.10674487650316501
0.29 0 0.08 0.06066331921065717
0.29 0 0.09 0.13712660397945642
0.29 0 0.1 0.20977581177816126
0.29 0 0.11 0.7548986743031385
0.29 0 0.12 0.8261260401366634
0.29 0 0.13 1.4736697054483894
0.29 0 0.14 2.617660532177787
0.29 0 0.15 43.85251537360107
0.29 0 0.16 40.01603562285712
0.29 0 0.17 23.969163228293223
0.29 0 0.18 24.891178321524833
0.29 0 0.19 7.230815367806807
0.29 0 0.2 2.101507619747913
0.29 0 0.21 0.844021838302514
0.29 0 0.22 0.3103888761770538
0.29 0 0.23 0.0883201138124107
0.29 0 0.24 0.022583431503952166
0.29 0 0.25 0.008853770299275272
0.29 0 0.26 0.004280657191746329
0.29 0 0.27 0.015692466300103732
0.29 0 0.28 0.09387124025965014
0.29 0 0.29 0.16437583167060993
0.29 0 0.3 0.0971697195120154
0.29 0 0.31 0.5359280744589815
0.29 0 0.32 6.493510311291266
0.29 0 0.33 4.66109472762096
0.29 0 0.34 2.0222078959775507
0.29 0 0.35000000000000003 1.1809168293545163
0.29 0 0.36 2.5763826662757823
0.29 0 0.37 0.7504869004281636
0.29 0 0.38 0.2742863811246297
0.29 0 0.39 0.8048566625251201
0.29 0 0.4 0.968089857918506
0.29 0 0.41000000000000003 0.29367307320432456
0.29 0 0.42 0.1691728928395246
0.29 0 0.43 0.018397798158770642
0.29 0 0.44 0.030997578796702202
0.29 0 0.45 0.09098502735219888
0.29 0 0.46 0.03406285279996414
0.29 0 0.47000000000000003 0.04094042849858063
0.29 0 0.48 0.1218613188458542
0.29 0 0.49 0.14420977556897593
0.29 0 0.5 0.5367773642494809
0.3 0 0.0 0.015815575491065086
0.3 0 0.01 0.023391349231341445
0.3 0 0.02 0.03226705985976524
0.3 0 0.03 0.09617097019125614
0.3 0 0.04 0.10001881307721462
0.3 0 0.05 0.4807654146510479
0.3 0 0.06 0.3418778619030079
0.3 0 0.07 0.3932804086485233
0.3 0 0.08 0.12665048927629868
0.3 0 0.09 0.1138053779895906
0.3 0 0.1 0.22604086817594515
0.3 0 0.11 0.24710660981755983
0.3 0 0.12 0.491975314967303
0.3 0 0.13 2.3677748105031378
0.3 0 0.14 12.472696807843498
0.3 0 0.15 13.985197775725446
0.3 0 0.16 13.566694786478914
0.3 0 0.17 21.012926630194524
0.3 0 0.18 12.337846032844878
0.3 0 0.19 3.9287724312793766
0.3 0 0.2 2.915263183114014
0.3 0 0.21 1.5529634789940037
0.3 0 0.22 0.36715946962938784
0.3 0 0.23 0.06903617524226273
0.3 0 0.24 0.06365302156499175
0.3 0 0.25 0.06615176409833597
0.3 0 0.26 0.021152825334001178
0.3 0 0.27 0.01542520065562469
0.3 0 0.28 0.014658696131677074
0.3 0 0.29 0.039665210226136026
0.3 0 0.3 0.03103315209025306
0.3 0 0.31 0.046514844843592994
0.3 0 0.32 0.057412163825791826
0.3 0 0.33 0.4923293810174624
0.3 0 0.34 1.0642447507635793
0.3 0 0.35000000000000003 2.620758260514681
0.3 0 0.36 1.205427612338307
0.3 0 0.37 0.466999005943788
0.3 0 0.38 0.666925114061147
0.3 0 0.39 0.702214066769239
0.3 0 0.4 0.7669002140870366
0.3 0 0.41000000000000003 1.0902104386010834
0.3 0 0.42 0.8146384944970859
0.3 0 0.43 1.2437811143179556
0.3 0 0.44 0.21598050739974078
0.3 0 0.45 0.401695175075382
0.3 0 0.46 0.11717832912430144
0.3 0 0.47000000000000003 0.9377655516996211
0.3 0 0.48 1.4272980654510288
0.3 0 0.49 0.5200427749093965
0.3 0 0.5 0.5613323659566942
#STOP
