#MEDIUM_PROPERTIES_DISTRIBUTED
$MSH_TYPE
	 GROUNDWATER_FLOW	
$MMP_TYPE
	 PERMEABILITY	
$DIS_TYPE
	 NEAREST_VALUE	
;hj
$CONVERSION_FACTOR
2e-8;2e-6;2e-13
$DATA
0.0 0 0.0 0.0007416071141713086
0.0 0 0.01 0.0010099910645881846
0.0 0 0.02 0.0022677931125250138
0.0 0 0.03 0.0012971883188827782
0.0 0 0.04 0.0025583048073514023
0.0 0 0.05 0.003748535305743069
0.0 0 0.06 0.005871108715112643
0.0 0 0.07 0.006878819239516028
0.0 0 0.08 0.003479099709779304
0.0 0 0.09 0.002228342074830362
0.0 0 0.1 0.0029952342854640645
0.0 0 0.11 0.009391792355174716
0.0 0 0.12 0.007316763685610501
0.0 0 0.13 0.004110210503007819
0.0 0 0.14 0.005954234188312536
0.0 0 0.15 0.0036394331492243096
0.0 0 0.16 0.002406565335585044
0.0 0 0.17 0.0014069388554498624
0.0 0 0.18 0.0012305987593013651
0.0 0 0.19 0.0016540078394316974
0.0 0 0.2 0.0016384127051025943
0.0 0 0.21 0.0025672341167013676
0.0 0 0.22 0.0013946291980366401
0.0 0 0.23 0.0017731191625960728
0.0 0 0.24 0.0017680574049028048
0.0 0 0.25 0.0007517670122413812
0.0 0 0.26 0.0005761704497806568
0.0 0 0.27 0.0004893709005608122
0.0 0 0.28 0.0007579787499950082
0.0 0 0.29 0.0013111983149852694
0.0 0 0.3 0.001773821592342866
0.0 0 0.31 0.001734362335530798
0.0 0 0.32 0.000793788856522275
0.0 0 0.33 0.0010714653020518106
0.0 0 0.34 0.0012786989895955314
0.0 0 0.35000000000000003 0.0012713597034579125
0.0 0 0.36 0.0006469323900968921
0.0 0 0.37 0.00036801485470571533
0.0 0 0.38 0.0011335426986994917
0.0 0 0.39 0.0009044747857650935
0.0 0 0.4 0.0011180227464108604
0.0 0 0.41000000000000003 0.003278652484214325
0.0 0 0.42 0.0037492694249829745
0.0 0 0.43 0.0021335725417252365
0.0 0 0.44 0.0012606761534398876
0.0 0 0.45 0.001485929180265971
0.0 0 0.46 0.0016333818733326002
0.0 0 0.47000000000000003 0.0014319623432258108
0.0 0 0.48 0.0007047921054451897
0.0 0 0.49 0.0003151575127822654
0.0 0 0.5 0.0012427512265148907
0.01 0 0.0 0.011928223717125222
0.01 0 0.01 0.0108870275476532
0.01 0 0.02 0.011120851866635695
0.01 0 0.03 0.007038304547615033
0.01 0 0.04 0.006597568218960353
0.01 0 0.05 0.014637550598367056
0.01 0 0.06 0.025032246201445778
0.01 0 0.07 0.011201714090370431
0.01 0 0.08 0.01596790418285849
0.01 0 0.09 0.03376902046758862
0.01 0 0.1 0.02204678198757336
0.01 0 0.11 0.02391844247529486
0.01 0 0.12 0.014646528824198939
0.01 0 0.13 0.012651359226901648
0.01 0 0.14 0.008467774824782585
0.01 0 0.15 0.004488031086293575
0.01 0 0.16 0.004749581430367753
0.01 0 0.17 0.003958704350456878
0.01 0 0.18 0.0066995742308883985
0.01 0 0.19 0.0076660782116820085
0.01 0 0.2 0.01583949677929611
0.01 0 0.21 0.030388428304876303
0.01 0 0.22 0.017239837835490414
0.01 0 0.23 0.01012414387652666
0.01 0 0.24 0.003945558405626298
0.01 0 0.25 0.0019903217008443276
0.01 0 0.26 0.0016649560074237092
0.01 0 0.27 0.0010762627263553647
0.01 0 0.28 0.0008164784605269089
0.01 0 0.29 0.0004526570483303592
0.01 0 0.3 0.0012285877678492273
0.01 0 0.31 0.0018910517212104056
0.01 0 0.32 0.0017100952422127078
0.01 0 0.33 0.0026721084390891096
0.01 0 0.34 0.002138916910671746
0.01 0 0.35000000000000003 0.004453533620249519
0.01 0 0.36 0.00701222283768381
0.01 0 0.37 0.0036498128851252458
0.01 0 0.38 0.0015842419056768767
0.01 0 0.39 0.0013012834965527229
0.01 0 0.4 0.0015476669478850437
0.01 0 0.41000000000000003 0.0011548668307557867
0.01 0 0.42 0.0027136669588573494
0.01 0 0.43 0.004971197477475708
0.01 0 0.44 0.002660072226445882
0.01 0 0.45 0.002406070352098769
0.01 0 0.46 0.0012740284483170735
0.01 0 0.47000000000000003 0.0025431784567781198
0.01 0 0.48 0.003717900474377583
0.01 0 0.49 0.0029307459856337324
0.01 0 0.5 0.003916002617866985
0.02 0 0.0 0.009643227405796739
0.02 0 0.01 0.014692913800654534
0.02 0 0.02 0.01256090844723193
0.02 0 0.03 0.030809111503647034
0.02 0 0.04 0.027761100219083828
0.02 0 0.05 0.011393966594258849
0.02 0 0.06 0.014219393407500901
0.02 0 0.07 0.011951642981463211
0.02 0 0.08 0.015880576515808684
0.02 0 0.09 0.013288469477708658
0.02 0 0.1 0.01867605787657283
0.02 0 0.11 0.029599300749599877
0.02 0 0.12 0.027443120750163547
0.02 0 0.13 0.04346757874915871
0.02 0 0.14 0.044206622742487836
0.02 0 0.15 0.03982492676571552
0.02 0 0.16 0.017667007674167942
0.02 0 0.17 0.012239993776637077
0.02 0 0.18 0.01487301515106366
0.02 0 0.19 0.006880410297484193
0.02 0 0.2 0.007729978910984219
0.02 0 0.21 0.009678754948207191
0.02 0 0.22 0.005841657703624054
0.02 0 0.23 0.004766124617028838
0.02 0 0.24 0.004468908820515863
0.02 0 0.25 0.008551327720406114
0.02 0 0.26 0.004399505848934021
0.02 0 0.27 0.002986078103121056
0.02 0 0.28 0.001583516247729682
0.02 0 0.29 0.0004937887083573667
0.02 0 0.3 0.0005905868469024066
0.02 0 0.31 0.0007421123600047627
0.02 0 0.32 0.0007216784332334576
0.02 0 0.33 0.0005858603612537947
0.02 0 0.34 0.000730672519244056
0.02 0 0.35000000000000003 0.0015574264606042737
0.02 0 0.36 0.0027168481447305023
0.02 0 0.37 0.007571586954436905
0.02 0 0.38 0.006182950123066182
0.02 0 0.39 0.0046120607842378
0.02 0 0.4 0.004081707539247712
0.02 0 0.41000000000000003 0.0012408203589412124
0.02 0 0.42 0.0026047001322158417
0.02 0 0.43 0.006807118130036563
0.02 0 0.44 0.009230262561345614
0.02 0 0.45 0.006896980817224129
0.02 0 0.46 0.004973388981705305
0.02 0 0.47000000000000003 0.004682975775969056
0.02 0 0.48 0.00309942501025638
0.02 0 0.49 0.0020585952001512097
0.02 0 0.5 0.0010679247492453312
0.03 0 0.0 0.018066053968604244
0.03 0 0.01 0.030967925007955532
0.03 0 0.02 0.016175588758547386
0.03 0 0.03 0.018708685559893468
0.03 0 0.04 0.013750727632679441
0.03 0 0.05 0.013575050927638976
0.03 0 0.06 0.019347926933807123
0.03 0 0.07 0.05740623512453993
0.03 0 0.08 0.08711438477124941
0.03 0 0.09 0.048325653481138126
0.03 0 0.1 0.06693869831041482
0.03 0 0.11 0.0655535128814038
0.03 0 0.12 0.062379027156059204
0.03 0 0.13 0.04337349995273136
0.03 0 0.14 0.015835700651621758
0.03 0 0.15 0.016969454829038767
0.03 0 0.16 0.009065835971702164
0.03 0 0.17 0.003559470701989762
0.03 0 0.18 0.0025115839412438727
0.03 0 0.19 0.0035352375387151806
0.03 0 0.2 0.007197383975481015
0.03 0 0.21 0.003505572806300703
0.03 0 0.22 0.0033340901886282424
0.03 0 0.23 0.0024786410854077414
0.03 0 0.24 0.0017198299234461828
0.03 0 0.25 0.0016434810367852762
0.03 0 0.26 0.001642173319301682
0.03 0 0.27 0.002947993766680001
0.03 0 0.28 0.002680411752030847
0.03 0 0.29 0.0016021206626889801
0.03 0 0.3 0.0006818140874263419
0.03 0 0.31 0.00031258067794125025
0.03 0 0.32 0.0009607178056921097
0.03 0 0.33 0.002487618269512034
0.03 0 0.34 0.00597940348954531
0.03 0 0.35000000000000003 0.007765059986720134
0.03 0 0.36 0.010681275372346631
0.03 0 0.37 0.0339600880353074
0.03 0 0.38 0.027831481605737677
0.03 0 0.39 0.036511262948531006
0.03 0 0.4 0.058020581530326444
0.03 0 0.41000000000000003 0.04872214025237073
0.03 0 0.42 0.02348820319483819
0.03 0 0.43 0.015630806008234542
0.03 0 0.44 0.013007923009848163
0.03 0 0.45 0.0043915058818334365
0.03 0 0.46 0.004199983157157543
0.03 0 0.47000000000000003 0.00402042994854516
0.03 0 0.48 0.0011466008494190741
0.03 0 0.49 0.0013570469511528134
0.03 0 0.5 0.0010380672929037207
0.04 0 0.0 0.004056806992984256
0.04 0 0.01 0.007972413486539114
0.04 0 0.02 0.019359924692431783
0.04 0 0.03 0.024466357279265136
0.04 0 0.04 0.03611000203593765
0.04 0 0.05 0.04228624160105366
0.04 0 0.06 0.017851795341648127
0.04 0 0.07 0.03309375781718481
0.04 0 0.08 0.041255570198984896
0.04 0 0.09 0.013827995645613258
0.04 0 0.1 0.013063250749311356
0.04 0 0.11 0.007765229192232124
0.04 0 0.12 0.004899021825339201
0.04 0 0.13 0.004544573563788917
0.04 0 0.14 0.009665113634290165
0.04 0 0.15 0.016373398012733305
0.04 0 0.16 0.013590712170467065
0.04 0 0.17 0.01403091981327504
0.04 0 0.18 0.0030746444855063487
0.04 0 0.19 0.0013097768244968665
0.04 0 0.2 0.0014076509794794963
0.04 0 0.21 0.0015588955293868124
0.04 0 0.22 0.001566823876001454
0.04 0 0.23 0.0009445850798966141
0.04 0 0.24 0.001523643356956051
0.04 0 0.25 0.003433553575627747
0.04 0 0.26 0.006997851309366764
0.04 0 0.27 0.01961107636974898
0.04 0 0.28 0.023574134695632288
0.04 0 0.29 0.0427742339759338
0.04 0 0.3 0.01943484215222378
0.04 0 0.31 0.006426716556441268
0.04 0 0.32 0.0053139087495871614
0.04 0 0.33 0.008489524894733296
0.04 0 0.34 0.0363791310596052
0.04 0 0.35000000000000003 0.08229551465715887
0.04 0 0.36 0.1685215113851106
0.04 0 0.37 0.18982181458724542
0.04 0 0.38 0.1196857279380051
0.04 0 0.39 0.06455922374509626
0.04 0 0.4 0.035153106007375035
0.04 0 0.41000000000000003 0.07990519995724812
0.04 0 0.42 0.05763175335799226
0.04 0 0.43 0.01394075797031634
0.04 0 0.44 0.012443635778837508
0.04 0 0.45 0.0068158949850082185
0.04 0 0.46 0.005165144083691923
0.04 0 0.47000000000000003 0.003989252739958525
0.04 0 0.48 0.00789193581625243
0.04 0 0.49 0.013575601463118474
0.04 0 0.5 0.005666090236772495
0.05 0 0.0 0.045243886239081446
0.05 0 0.01 0.021011484218818335
0.05 0 0.02 0.03138634442452225
0.05 0 0.03 0.035346303842029705
0.05 0 0.04 0.045255754901753285
0.05 0 0.05 0.06758654850214597
0.05 0 0.06 0.01853862965497322
0.05 0 0.07 0.00930888641139932
0.05 0 0.08 0.011245295552508977
0.05 0 0.09 0.02118160892350848
0.05 0 0.1 0.013311351827164319
0.05 0 0.11 0.013441494259922306
0.05 0 0.12 0.03176276238463371
0.05 0 0.13 0.030382131324859174
0.05 0 0.14 0.038521146235859144
0.05 0 0.15 0.0242592428422381
0.05 0 0.16 0.016599491245558234
0.05 0 0.17 0.011142423601698304
0.05 0 0.18 0.0036553624452812907
0.05 0 0.19 0.004631741991826312
0.05 0 0.2 0.006734397728491855
0.05 0 0.21 0.00512290141739476
0.05 0 0.22 0.003823225558592805
0.05 0 0.23 0.004147545954453304
0.05 0 0.24 0.009824909188692284
0.05 0 0.25 0.010536289542470356
0.05 0 0.26 0.025576092509204836
0.05 0 0.27 0.022248647703590096
0.05 0 0.28 0.009974505855320833
0.05 0 0.29 0.01797960626461986
0.05 0 0.3 0.052727831047713766
0.05 0 0.31 0.12366963707537434
0.05 0 0.32 0.0930972891113671
0.05 0 0.33 0.0860071093557093
0.05 0 0.34 0.11387063215174675
0.05 0 0.35000000000000003 0.1431453663031433
0.05 0 0.36 0.3365836021233415
0.05 0 0.37 0.14052601701493106
0.05 0 0.38 0.05690369681568456
0.05 0 0.39 0.06235483934966299
0.05 0 0.4 0.04607312398963475
0.05 0 0.41000000000000003 0.06750351265017306
0.05 0 0.42 0.0888597826165421
0.05 0 0.43 0.1172886475183854
0.05 0 0.44 0.04638633690316844
0.05 0 0.45 0.023563541064156736
0.05 0 0.46 0.02339310608877719
0.05 0 0.47000000000000003 0.027579884887511123
0.05 0 0.48 0.0650821236155728
0.05 0 0.49 0.04964107173992395
0.05 0 0.5 0.030756031389233895
0.06 0 0.0 0.2187542582280025
0.06 0 0.01 0.2115744498084344
0.06 0 0.02 0.14395664323496452
0.06 0 0.03 0.10546545954766495
0.06 0 0.04 0.1441711885096048
0.06 0 0.05 0.0716477574526301
0.06 0 0.06 0.05904337282023425
0.06 0 0.07 0.030435516742685565
0.06 0 0.08 0.012376649997478374
0.06 0 0.09 0.020001138556890903
0.06 0 0.1 0.015328095374087504
0.06 0 0.11 0.011831111566374444
0.06 0 0.12 0.014338811735185525
0.06 0 0.13 0.020488407656346803
0.06 0 0.14 0.034717042185271225
0.06 0 0.15 0.014007033664915276
0.06 0 0.16 0.00907206098006752
0.06 0 0.17 0.015365687279514723
0.06 0 0.18 0.02681358685581909
0.06 0 0.19 0.02422293329294734
0.06 0 0.2 0.01694983767960101
0.06 0 0.21 0.04379026675153157
0.06 0 0.22 0.023216529483795142
0.06 0 0.23 0.008315566994961806
0.06 0 0.24 0.004258410791285044
0.06 0 0.25 0.0039737658698452685
0.06 0 0.26 0.01500475995342114
0.06 0 0.27 0.042045807562242556
0.06 0 0.28 0.06950670292304231
0.06 0 0.29 0.059007499080020724
0.06 0 0.3 0.05165285795556356
0.06 0 0.31 0.07735164999470033
0.06 0 0.32 0.034003766195614384
0.06 0 0.33 0.02773500048534242
0.06 0 0.34 0.027253630033046882
0.06 0 0.35000000000000003 0.031166372680155655
0.06 0 0.36 0.039973126066943754
0.06 0 0.37 0.0298446837629827
0.06 0 0.38 0.05357454380632412
0.06 0 0.39 0.05440488446126712
0.06 0 0.4 0.04390247896351059
0.06 0 0.41000000000000003 0.03058178778021038
0.06 0 0.42 0.04441907926984686
0.06 0 0.43 0.07505596252824873
0.06 0 0.44 0.025775795695994752
0.06 0 0.45 0.021380184697254896
0.06 0 0.46 0.01972992462264339
0.06 0 0.47000000000000003 0.006013262451457917
0.06 0 0.48 0.007947984850564315
0.06 0 0.49 0.019976451396542253
0.06 0 0.5 0.08892785618896079
0.07 0 0.0 0.026902330069553077
0.07 0 0.01 0.027041733285644583
0.07 0 0.02 0.022816995490294364
0.07 0 0.03 0.03023448166484931
0.07 0 0.04 0.04849866828050428
0.07 0 0.05 0.022127958078335615
0.07 0 0.06 0.027540961076884862
0.07 0 0.07 0.03613761646612555
0.07 0 0.08 0.02638986218414208
0.07 0 0.09 0.03865225006238243
0.07 0 0.1 0.040638166895868806
0.07 0 0.11 0.03246052850867174
0.07 0 0.12 0.020988853171867324
0.07 0 0.13 0.038786314044626624
0.07 0 0.14 0.04899616799994676
0.07 0 0.15 0.07488699754671883
0.07 0 0.16 0.2720039840654384
0.07 0 0.17 0.20458815249532833
0.07 0 0.18 0.23098417234668042
0.07 0 0.19 0.2318572709110138
0.07 0 0.2 0.15575939481693263
0.07 0 0.21 0.10857147079321007
0.07 0 0.22 0.0593687090146377
0.07 0 0.23 0.044710204180334154
0.07 0 0.24 0.020390243135396325
0.07 0 0.25 0.014118028027363212
0.07 0 0.26 0.020361444678584115
0.07 0 0.27 0.019762477194756836
0.07 0 0.28 0.03311952226933858
0.07 0 0.29 0.01921812554810166
0.07 0 0.3 0.009566272150854658
0.07 0 0.31 0.003908614866576766
0.07 0 0.32 0.0033377546956675592
0.07 0 0.33 0.006961614669622083
0.07 0 0.34 0.0049672868823879505
0.07 0 0.35000000000000003 0.006078831551482547
0.07 0 0.36 0.00953098595682323
0.07 0 0.37 0.017542823099414327
0.07 0 0.38 0.03194744556822321
0.07 0 0.39 0.05092281993121572
0.07 0 0.4 0.16583964388423778
0.07 0 0.41000000000000003 0.13484275391369657
0.07 0 0.42 0.08572633975355148
0.07 0 0.43 0.16404176516607352
0.07 0 0.44 0.164710152721089
0.07 0 0.45 0.20806264659965315
0.07 0 0.46 0.21969504293092307
0.07 0 0.47000000000000003 0.2755970514722976
0.07 0 0.48 0.11308715753349524
0.07 0 0.49 0.07123753515372191
0.07 0 0.5 0.0995202775528177
0.08 0 0.0 0.001444979077544683
0.08 0 0.01 0.003707906989883528
0.08 0 0.02 0.008192964187301362
0.08 0 0.03 0.021903338455559546
0.08 0 0.04 0.05531773807948406
0.08 0 0.05 0.03536377129404177
0.08 0 0.06 0.018211017269011136
0.08 0 0.07 0.014598879858348781
0.08 0 0.08 0.027808175417415783
0.08 0 0.09 0.021137860629263244
0.08 0 0.1 0.03908889544517201
0.08 0 0.11 0.044925926408853234
0.08 0 0.12 0.010104700477520647
0.08 0 0.13 0.012656049581437538
0.08 0 0.14 0.023532275806715436
0.08 0 0.15 0.04168393337684574
0.08 0 0.16 0.07015859756345608
0.08 0 0.17 0.07387308826487848
0.08 0 0.18 0.09448926090546425
0.08 0 0.19 0.11514944908363726
0.08 0 0.2 0.17522793463930258
0.08 0 0.21 0.11778766182120119
0.08 0 0.22 0.07231222898250102
0.08 0 0.23 0.09903326851421665
0.08 0 0.24 0.06932228893652194
0.08 0 0.25 0.08040125902664415
0.08 0 0.26 0.029138359853170367
0.08 0 0.27 0.015196215682534544
0.08 0 0.28 0.02070928758211529
0.08 0 0.29 0.018448656301275283
0.08 0 0.3 0.013796233824702643
0.08 0 0.31 0.007211426715768212
0.08 0 0.32 0.0076784488125050225
0.08 0 0.33 0.006145885179450385
0.08 0 0.34 0.003972937511455088
0.08 0 0.35000000000000003 0.008935961136258958
0.08 0 0.36 0.010166707887681557
0.08 0 0.37 0.008102387293707136
0.08 0 0.38 0.004191920676708592
0.08 0 0.39 0.003598185266700534
0.08 0 0.4 0.020152582941267823
0.08 0 0.41000000000000003 0.16629158632534918
0.08 0 0.42 1.0632595457708054
0.08 0 0.43 1.0680256332439522
0.08 0 0.44 1.7565787581430166
0.08 0 0.45 2.4411606942551893
0.08 0 0.46 1.1566148553014295
0.08 0 0.47000000000000003 1.0121240633013584
0.08 0 0.48 0.4969983520025412
0.08 0 0.49 0.1386088179917224
0.08 0 0.5 0.03199182060310355
0.09 0 0.0 0.0038816631839605313
0.09 0 0.01 0.003932151941437923
0.09 0 0.02 0.004506826485461689
0.09 0 0.03 0.01371666192840316
0.09 0 0.04 0.01249891348441296
0.09 0 0.05 0.021938473312900154
0.09 0 0.06 0.01683775596588443
0.09 0 0.07 0.009199591165554449
0.09 0 0.08 0.02239790084328887
0.09 0 0.09 0.03809408343330202
0.09 0 0.1 0.06188220948000672
0.09 0 0.11 0.07283205360072745
0.09 0 0.12 0.045299675618149224
0.09 0 0.13 0.022787046596525116
0.09 0 0.14 0.012502356765311275
0.09 0 0.15 0.02084900176354627
0.09 0 0.16 0.035218289892037895
0.09 0 0.17 0.0989085677407282
0.09 0 0.18 0.18879975784343128
0.09 0 0.19 0.17527581209314827
0.09 0 0.2 0.2194011421183905
0.09 0 0.21 0.07284490262878728
0.09 0 0.22 0.08431003228243228
0.09 0 0.23 0.10612831854863317
0.09 0 0.24 0.04941078679073221
0.09 0 0.25 0.050858735841705145
0.09 0 0.26 0.1141611144903277
0.09 0 0.27 0.19088106041490616
0.09 0 0.28 0.11934783077052157
0.09 0 0.29 0.2103134574605374
0.09 0 0.3 0.6589572721331076
0.09 0 0.31 0.3658826088736852
0.09 0 0.32 0.21216652720436208
0.09 0 0.33 0.09354310842978297
0.09 0 0.34 0.09699594846751265
0.09 0 0.35000000000000003 0.17396539263515876
0.09 0 0.36 0.20605121318994463
0.09 0 0.37 0.22165595940355926
0.09 0 0.38 0.10392023652159432
0.09 0 0.39 0.11908115523521869
0.09 0 0.4 0.10222907006304832
0.09 0 0.41000000000000003 0.1260826567786842
0.09 0 0.42 0.35438880123037914
0.09 0 0.43 0.44098666793607194
0.09 0 0.44 0.5946741562596589
0.09 0 0.45 0.4666003849345106
0.09 0 0.46 0.1962108830567072
0.09 0 0.47000000000000003 0.13284068849097483
0.09 0 0.48 0.09504386627548468
0.09 0 0.49 0.12039703736353258
0.09 0 0.5 0.07742905158645504
0.1 0 0.0 0.029534397127736665
0.1 0 0.01 0.03719953046608954
0.1 0 0.02 0.01923573176318099
0.1 0 0.03 0.01909824134402305
0.1 0 0.04 0.02290030780727787
0.1 0 0.05 0.05403227858931659
0.1 0 0.06 0.08195282031642838
0.1 0 0.07 0.06771683538703478
0.1 0 0.08 0.07653444581689652
0.1 0 0.09 0.1601460301221836
0.1 0 0.1 0.20320946940774584
0.1 0 0.11 0.06749018878010808
0.1 0 0.12 0.09768601068298002
0.1 0 0.13 0.11106842979621007
0.1 0 0.14 0.09158729742091379
0.1 0 0.15 0.1100104830396579
0.1 0 0.16 0.0783890726197157
0.1 0 0.17 0.2041806039421807
0.1 0 0.18 0.2717659053254713
0.1 0 0.19 0.16048936195859728
0.1 0 0.2 0.11136193860024786
0.1 0 0.21 0.09937253478626475
0.1 0 0.22 0.0799097582779192
0.1 0 0.23 0.04521396201161418
0.1 0 0.24 0.09404198235471983
0.1 0 0.25 0.268501518225274
0.1 0 0.26 0.4304717525397434
0.1 0 0.27 0.668533886898516
0.1 0 0.28 0.2729858461697463
0.1 0 0.29 0.23077248526392266
0.1 0 0.3 0.17323876483619421
0.1 0 0.31 0.17499372788876694
0.1 0 0.32 0.3032892906117151
0.1 0 0.33 0.35048844201787055
0.1 0 0.34 0.5939042794055942
0.1 0 0.35000000000000003 0.36684835011539846
0.1 0 0.36 0.18295542554170197
0.1 0 0.37 0.12319449158317781
0.1 0 0.38 0.11965944654251456
0.1 0 0.39 0.1669414475718692
0.1 0 0.4 0.10384399048101402
0.1 0 0.41000000000000003 0.19372130793785258
0.1 0 0.42 0.48572795616764614
0.1 0 0.43 0.26439096332490836
0.1 0 0.44 0.15927029753158334
0.1 0 0.45 0.1498840320874534
0.1 0 0.46 0.2509286940289273
0.1 0 0.47000000000000003 0.1022085253956506
0.1 0 0.48 0.1401487237230448
0.1 0 0.49 0.5346900507512244
0.1 0 0.5 0.5536291432791283
0.11 0 0.0 0.18656620970460153
0.11 0 0.01 0.2580572431583584
0.11 0 0.02 0.36774954612913247
0.11 0 0.03 0.27463034045888346
0.11 0 0.04 0.15278181399873092
0.11 0 0.05 0.09517033184827452
0.11 0 0.06 0.11304439743294975
0.11 0 0.07 0.4644225528030137
0.11 0 0.08 0.4506907884943291
0.11 0 0.09 0.9768744373266258
0.11 0 0.1 1.4264069199971723
0.11 0 0.11 0.3649252113704286
0.11 0 0.12 0.2412535226379345
0.11 0 0.13 0.1792356869156557
0.11 0 0.14 0.12289317235259459
0.11 0 0.15 0.09780838601673592
0.11 0 0.16 0.09424379643250878
0.11 0 0.17 0.05594675487581382
0.11 0 0.18 0.04591547714995479
0.11 0 0.19 0.14683226546900166
0.11 0 0.2 0.12325383437719668
0.11 0 0.21 0.09477362687122581
0.11 0 0.22 0.2616594658115129
0.11 0 0.23 0.5138698542196158
0.11 0 0.24 1.170064722783556
0.11 0 0.25 0.5377034468535874
0.11 0 0.26 0.2854304956664605
0.11 0 0.27 0.2171003028055203
0.11 0 0.28 0.1620051627717011
0.11 0 0.29 0.1261846783143721
0.11 0 0.3 0.07014760083832797
0.11 0 0.31 0.10542929440925534
0.11 0 0.32 0.15815869508704342
0.11 0 0.33 0.19457427704479555
0.11 0 0.34 0.2577231294109122
0.11 0 0.35000000000000003 0.20341749239274604
0.11 0 0.36 0.2411614784543813
0.11 0 0.37 0.08795689679564088
0.11 0 0.38 0.032742218963023845
0.11 0 0.39 0.03622250786354189
0.11 0 0.4 0.045611136165622096
0.11 0 0.41000000000000003 0.10285556759464787
0.11 0 0.42 0.1101740534532876
0.11 0 0.43 0.18061773863386663
0.11 0 0.44 0.11468161790005327
0.11 0 0.45 0.07068358743804203
0.11 0 0.46 0.20644457640194758
0.11 0 0.47000000000000003 0.3081205153246979
0.11 0 0.48 0.19985251020596578
0.11 0 0.49 0.14424141423829204
0.11 0 0.5 0.27446188950931005
0.12 0 0.0 1.6578145096251775
0.12 0 0.01 1.1351130723798977
0.12 0 0.02 3.468162001792792
0.12 0 0.03 2.3840375353909797
0.12 0 0.04 2.3035252319570008
0.12 0 0.05 1.425290987171106
0.12 0 0.06 1.0022665532971418
0.12 0 0.07 0.9432113739075908
0.12 0 0.08 0.2513943173124779
0.12 0 0.09 0.08109248191485931
0.12 0 0.1 0.08183485840467263
0.12 0 0.11 0.12934101853367447
0.12 0 0.12 0.07033551764702609
0.12 0 0.13 0.04917719647910834
0.12 0 0.14 0.10636772603346016
0.12 0 0.15 0.08345200979152971
0.12 0 0.16 0.10469000479899271
0.12 0 0.17 0.09644495439023383
0.12 0 0.18 0.08124274586538525
0.12 0 0.19 0.20406830024849246
0.12 0 0.2 0.13116951032028434
0.12 0 0.21 0.09513905110973474
0.12 0 0.22 0.09070718420381235
0.12 0 0.23 0.14459538574232086
0.12 0 0.24 0.22454119287555935
0.12 0 0.25 0.22635256919773217
0.12 0 0.26 0.15364113943114902
0.12 0 0.27 0.07723706921897797
0.12 0 0.28 0.20349041724377612
0.12 0 0.29 0.512523891050304
0.12 0 0.3 0.42893280905806486
0.12 0 0.31 1.0189490050932668
0.12 0 0.32 1.0153410408166055
0.12 0 0.33 0.6675980801849589
0.12 0 0.34 0.37094515283282975
0.12 0 0.35000000000000003 0.26339567682612425
0.12 0 0.36 0.17306060420569064
0.12 0 0.37 0.05108862254868216
0.12 0 0.38 0.05511291089480914
0.12 0 0.39 0.058589772196002136
0.12 0 0.4 0.09613937109248552
0.12 0 0.41000000000000003 0.17479812990674978
0.12 0 0.42 0.1431663526179876
0.12 0 0.43 0.1530245265426676
0.12 0 0.44 0.16796276704233437
0.12 0 0.45 0.2688414525561783
0.12 0 0.46 0.4606386881449801
0.12 0 0.47000000000000003 0.8413208802308143
0.12 0 0.48 1.752722399176367
0.12 0 0.49 0.5098820857607546
0.12 0 0.5 0.28455272830000916
0.13 0 0.0 0.4847916932571563
0.13 0 0.01 0.20667792335204135
0.13 0 0.02 0.20046095535403727
0.13 0 0.03 0.2598868341081711
0.13 0 0.04 0.20598968054088534
0.13 0 0.05 0.16457610536203018
0.13 0 0.06 0.2073237839984154
0.13 0 0.07 0.10543865113628861
0.13 0 0.08 0.09409184793718184
0.13 0 0.09 0.17297306169179633
0.13 0 0.1 0.14205461492124039
0.13 0 0.11 0.2746914306839158
0.13 0 0.12 0.16549633292144944
0.13 0 0.13 0.09456260311849558
0.13 0 0.14 0.14029681237361996
0.13 0 0.15 0.13580034342068412
0.13 0 0.16 0.13622142245787788
0.13 0 0.17 0.06352850623999842
0.13 0 0.18 0.04173029213959088
0.13 0 0.19 0.035760504529727545
0.13 0 0.2 0.051183907948917064
0.13 0 0.21 0.0650527114985423
0.13 0 0.22 0.06059408663651069
0.13 0 0.23 0.1505783944881175
0.13 0 0.24 0.20416264493402989
0.13 0 0.25 0.3483380218178538
0.13 0 0.26 0.9548112584181554
0.13 0 0.27 0.34575643531412215
0.13 0 0.28 0.20617914704087964
0.13 0 0.29 0.17669759400677293
0.13 0 0.3 0.16322434611966508
0.13 0 0.31 0.08893500793692255
0.13 0 0.32 0.04805768974911148
0.13 0 0.33 0.0471095891937551
0.13 0 0.34 0.030920382695306947
0.13 0 0.35000000000000003 0.06690278940850992
0.13 0 0.36 0.18213605332160204
0.13 0 0.37 0.3787778269490194
0.13 0 0.38 0.5327643370396254
0.13 0 0.39 0.22713307150185932
0.13 0 0.4 0.19638315565915082
0.13 0 0.41000000000000003 0.20214190659568157
0.13 0 0.42 0.21533129506825469
0.13 0 0.43 0.3735797481525867
0.13 0 0.44 0.42266640577680253
0.13 0 0.45 0.6132510398240583
0.13 0 0.46 0.3908993670841333
0.13 0 0.47000000000000003 1.2106289595119215
0.13 0 0.48 4.697734597690278
0.13 0 0.49 3.781831660642914
0.13 0 0.5 2.7979014300853695
0.14 0 0.0 0.09859194078546188
0.14 0 0.01 0.20557881975170533
0.14 0 0.02 0.12113697997298842
0.14 0 0.03 0.23856454504527783
0.14 0 0.04 0.4403457718198458
0.14 0 0.05 0.22658919073699946
0.14 0 0.06 0.2236825938081348
0.14 0 0.07 0.13447421099492846
0.14 0 0.08 0.26114857252182194
0.14 0 0.09 0.2553499289745674
0.14 0 0.1 0.06041011630924475
0.14 0 0.11 0.043211927740186264
0.14 0 0.12 0.09297305137867727
0.14 0 0.13 0.13162800656057047
0.14 0 0.14 0.06400326428858892
0.14 0 0.15 0.10354676952116407
0.14 0 0.16 0.16623579920250528
0.14 0 0.17 0.15671671722479258
0.14 0 0.18 0.24661654929809732
0.14 0 0.19 0.10389426975958437
0.14 0 0.2 0.08897944303809409
0.14 0 0.21 0.2039746810500441
0.14 0 0.22 0.22364643341190046
0.14 0 0.23 0.4898059608206824
0.14 0 0.24 0.9175850969092129
0.14 0 0.25 1.5752439381140637
0.14 0 0.26 0.6465428365321981
0.14 0 0.27 0.22054476755541513
0.14 0 0.28 0.10389627289822709
0.14 0 0.29 0.059705860968318356
0.14 0 0.3 0.08391976694641266
0.14 0 0.31 0.06697021774556931
0.14 0 0.32 0.06936366704508011
0.14 0 0.33 0.07699569232065422
0.14 0 0.34 0.061865177719409754
0.14 0 0.35000000000000003 0.14242375440987415
0.14 0 0.36 0.17512704318848848
0.14 0 0.37 0.2649267752509665
0.14 0 0.38 0.3896059135342497
0.14 0 0.39 0.23788664921740793
0.14 0 0.4 0.16578396681489693
0.14 0 0.41000000000000003 0.10866546582131745
0.14 0 0.42 0.18896213140226703
0.14 0 0.43 0.1945494143861441
0.14 0 0.44 0.5548157604546544
0.14 0 0.45 2.5150901519895075
0.14 0 0.46 1.7366169237114384
0.14 0 0.47000000000000003 0.8800473821591211
0.14 0 0.48 0.8326562089123539
0.14 0 0.49 1.1999533532247935
0.14 0 0.5 0.7877706337453236
0.15 0 0.0 0.08695713098732966
0.15 0 0.01 0.1146864855357339
0.15 0 0.02 0.10758211919612794
0.15 0 0.03 0.15760868992567126
0.15 0 0.04 0.07667052338544597
0.15 0 0.05 0.055343686068344555
0.15 0 0.06 0.11514309977377549
0.15 0 0.07 0.25460593829068817
0.15 0 0.08 0.278105947946102
0.15 0 0.09 0.19841828344193327
0.15 0 0.1 0.2649555728809
0.15 0 0.11 0.18054463686399402
0.15 0 0.12 0.2909790020193754
0.15 0 0.13 1.0438809329656602
0.15 0 0.14 0.6414011195877656
0.15 0 0.15 0.7988546064304568
0.15 0 0.16 0.7400375817386569
0.15 0 0.17 0.3382475050082616
0.15 0 0.18 0.446096284349069
0.15 0 0.19 0.5496534389192892
0.15 0 0.2 0.40522582743819374
0.15 0 0.21 0.1496406747017166
0.15 0 0.22 0.1872341429707144
0.15 0 0.23 0.2147743719327729
0.15 0 0.24 0.289395878251125
0.15 0 0.25 0.4730159241509394
0.15 0 0.26 0.28744707768897615
0.15 0 0.27 0.4153956937757166
0.15 0 0.28 0.47605173232749254
0.15 0 0.29 0.2713455492385877
0.15 0 0.3 0.28688200906633493
0.15 0 0.31 0.1151713394950436
0.15 0 0.32 0.06174701288197477
0.15 0 0.33 0.05770864459893399
0.15 0 0.34 0.1190301533553794
0.15 0 0.35000000000000003 0.13676084638111116
0.15 0 0.36 0.07404579116243656
0.15 0 0.37 0.12257777377650023
0.15 0 0.38 0.14982156890910348
0.15 0 0.39 0.24551827046895264
0.15 0 0.4 0.21078145718388938
0.15 0 0.41000000000000003 0.14274235693711543
0.15 0 0.42 0.1730383144411517
0.15 0 0.43 0.10713491431657128
0.15 0 0.44 0.09139507288422678
0.15 0 0.45 0.12124567211158811
0.15 0 0.46 0.20362593064042198
0.15 0 0.47000000000000003 0.18598036984061997
0.15 0 0.48 0.037743993623818424
0.15 0 0.49 0.06638290405077128
0.15 0 0.5 0.34464491298378674
0.16 0 0.0 0.1965516166650885
0.16 0 0.01 0.2201074742311214
0.16 0 0.02 0.5821657200369922
0.16 0 0.03 0.5968075914222659
0.16 0 0.04 0.49424368008537417
0.16 0 0.05 0.9656911091430039
0.16 0 0.06 0.5653086798517777
0.16 0 0.07 0.6052149280388605
0.16 0 0.08 1.5654477788335626
0.16 0 0.09 1.8525094753122915
0.16 0 0.1 3.3366485447944743
0.16 0 0.11 1.2455096433295432
0.16 0 0.12 0.26470642590572147
0.16 0 0.13 0.10792270677494525
0.16 0 0.14 0.09388943151264328
0.16 0 0.15 0.13145200706821186
0.16 0 0.16 0.15112381178903325
0.16 0 0.17 0.32389741996696075
0.16 0 0.18 0.39776197760859533
0.16 0 0.19 1.0477413792875268
0.16 0 0.2 2.1119890868558415
0.16 0 0.21 1.44135540899719
0.16 0 0.22 1.5752104595788823
0.16 0 0.23 0.6541408004581254
0.16 0 0.24 0.37071631855890314
0.16 0 0.25 0.49088740852439167
0.16 0 0.26 0.218157923057028
0.16 0 0.27 0.21055932675917566
0.16 0 0.28 0.3343198660803931
0.16 0 0.29 0.4492368083508176
0.16 0 0.3 0.21045426207139245
0.16 0 0.31 0.27279641020540635
0.16 0 0.32 0.4558272551176009
0.16 0 0.33 0.18062648460668843
0.16 0 0.34 0.21215732844629343
0.16 0 0.35000000000000003 0.2579554042170167
0.16 0 0.36 0.299059610790549
0.16 0 0.37 0.36780385784673764
0.16 0 0.38 0.20503144094011752
0.16 0 0.39 0.14577744712611393
0.16 0 0.4 0.0911402968711934
0.16 0 0.41000000000000003 0.10335008191612646
0.16 0 0.42 0.1432992080954358
0.16 0 0.43 0.13900438681453947
0.16 0 0.44 0.20033645709669345
0.16 0 0.45 0.09366979094504783
0.16 0 0.46 0.08860321100610541
0.16 0 0.47000000000000003 0.07685657045292453
0.16 0 0.48 0.058369813655018386
0.16 0 0.49 0.04676022162713015
0.16 0 0.5 0.034836243920487925
0.17 0 0.0 6.862877248153602
0.17 0 0.01 0.9548147465580638
0.17 0 0.02 0.7810103086633606
0.17 0 0.03 0.9458284462112052
0.17 0 0.04 0.5008684645077355
0.17 0 0.05 0.9682478204149908
0.17 0 0.06 1.4887395490595754
0.17 0 0.07 2.290936917917735
0.17 0 0.08 1.7999095647153016
0.17 0 0.09 1.0657372188286407
0.17 0 0.1 0.3662077971706584
0.17 0 0.11 0.1703374190825753
0.17 0 0.12 0.1222153258104417
0.17 0 0.13 0.036789366888689765
0.17 0 0.14 0.041443307189278564
0.17 0 0.15 0.05760336623582579
0.17 0 0.16 0.09942292171359146
0.17 0 0.17 0.5100312183943548
0.17 0 0.18 0.6713915104505405
0.17 0 0.19 0.8012737878256603
0.17 0 0.2 1.2717339523930382
0.17 0 0.21 1.1375184237845297
0.17 0 0.22 1.0672240062024283
0.17 0 0.23 0.9568371272365265
0.17 0 0.24 1.6710170552707166
0.17 0 0.25 1.6389101396751264
0.17 0 0.26 2.6457359888411744
0.17 0 0.27 1.5133151890241687
0.17 0 0.28 0.5527263965874845
0.17 0 0.29 0.6997980765419145
0.17 0 0.3 0.48519934341166165
0.17 0 0.31 0.47319285321422094
0.17 0 0.32 0.4591631286954739
0.17 0 0.33 0.29003411122454564
0.17 0 0.34 0.473596693413526
0.17 0 0.35000000000000003 0.6386299566461721
0.17 0 0.36 0.8392265806859075
0.17 0 0.37 0.7356655682982158
0.17 0 0.38 1.0518644984763297
0.17 0 0.39 2.597851237806813
0.17 0 0.4 3.5578915444661083
0.17 0 0.41000000000000003 4.148641098277677
0.17 0 0.42 1.0927557587880217
0.17 0 0.43 0.8447473373392916
0.17 0 0.44 0.6399316034762725
0.17 0 0.45 0.10700546879010941
0.17 0 0.46 0.043986600130497454
0.17 0 0.47000000000000003 0.08601915119548421
0.17 0 0.48 0.28840851017703967
0.17 0 0.49 0.2551611573325663
0.17 0 0.5 0.19027791801184737
0.18 0 0.0 1.0534910258337558
0.18 0 0.01 0.4176779100662796
0.18 0 0.02 0.14708358501245858
0.18 0 0.03 0.08522430460723711
0.18 0 0.04 0.16257869194336713
0.18 0 0.05 0.15196393724716245
0.18 0 0.06 0.18844065378701128
0.18 0 0.07 0.38395322025419615
0.18 0 0.08 0.5944946785170043
0.18 0 0.09 1.0116811628946214
0.18 0 0.1 0.517529278945974
0.18 0 0.11 0.8832468435298256
0.18 0 0.12 4.028374576496858
0.18 0 0.13 2.0292009141338907
0.18 0 0.14 1.0701240716066047
0.18 0 0.15 0.7579829795641713
0.18 0 0.16 0.5534451371072925
0.18 0 0.17 0.718385439871226
0.18 0 0.18 1.6131483335502665
0.18 0 0.19 2.094800474855108
0.18 0 0.2 1.299824444865711
0.18 0 0.21 5.116891097907481
0.18 0 0.22 7.506885831259363
0.18 0 0.23 8.096705903166528
0.18 0 0.24 17.2392776719173
0.18 0 0.25 12.664696460435163
0.18 0 0.26 8.104325738053113
0.18 0 0.27 3.4410410044144077
0.18 0 0.28 1.6616936233146595
0.18 0 0.29 1.9171300704546603
0.18 0 0.3 1.5438949894775238
0.18 0 0.31 1.1683559372009005
0.18 0 0.32 0.5583869945728883
0.18 0 0.33 0.5971686795642
0.18 0 0.34 0.45906649934411026
0.18 0 0.35000000000000003 0.36965946082705053
0.18 0 0.36 0.6125224698829521
0.18 0 0.37 0.5489508709636819
0.18 0 0.38 1.3582364586624955
0.18 0 0.39 1.6748751234283372
0.18 0 0.4 1.158557889556494
0.18 0 0.41000000000000003 0.9205479127291885
0.18 0 0.42 0.4243209827919956
0.18 0 0.43 0.45268867848033906
0.18 0 0.44 1.1067513554258805
0.18 0 0.45 3.0148582108313486
0.18 0 0.46 2.372195935402048
0.18 0 0.47000000000000003 0.6769172882944057
0.18 0 0.48 0.7690166607005601
0.18 0 0.49 0.6885864834075212
0.18 0 0.5 1.113583650449685
0.19 0 0.0 0.536961509458394
0.19 0 0.01 1.0465936206277784
0.19 0 0.02 1.1835262947994942
0.19 0 0.03 0.9991720069680747
0.19 0 0.04 1.726403378774754
0.19 0 0.05 1.0843686844807037
0.19 0 0.06 0.7946605815104519
0.19 0 0.07 0.5967877568510325
0.19 0 0.08 0.3152094816703827
0.19 0 0.09 0.4298537126588345
0.19 0 0.1 0.30283778583885
0.19 0 0.11 0.2774440475543109
0.19 0 0.12 0.6788373783352907
0.19 0 0.13 4.3725732116522105
0.19 0 0.14 7.069370442160313
0.19 0 0.15 3.193412337082655
0.19 0 0.16 3.419469378443551
0.19 0 0.17 1.786267976575671
0.19 0 0.18 2.6458139614799023
0.19 0 0.19 3.9466710933812794
0.19 0 0.2 2.773779925283222
0.19 0 0.21 6.144869862073047
0.19 0 0.22 10.106088418677706
0.19 0 0.23 10.579053729731235
0.19 0 0.24 12.248617443739885
0.19 0 0.25 11.96657059022026
0.19 0 0.26 12.183796876547051
0.19 0 0.27 8.878678325671968
0.19 0 0.28 8.9799289892101
0.19 0 0.29 3.5035184669632957
0.19 0 0.3 4.437339258870795
0.19 0 0.31 4.646598198539535
0.19 0 0.32 1.3967730676493875
0.19 0 0.33 1.832468385311
0.19 0 0.34 1.2803252507097809
0.19 0 0.35000000000000003 0.42112904670678986
0.19 0 0.36 0.3219152266434293
0.19 0 0.37 0.7134171206108956
0.19 0 0.38 1.7283894980329142
0.19 0 0.39 1.671953611762143
0.19 0 0.4 2.890907082591741
0.19 0 0.41000000000000003 3.2201520007981057
0.19 0 0.42 1.5156011119111539
0.19 0 0.43 0.8728094491154529
0.19 0 0.44 0.812696734087601
0.19 0 0.45 5.574985604016436
0.19 0 0.46 9.1600159374985
0.19 0 0.47000000000000003 3.272096036669882
0.19 0 0.48 0.9210698720730941
0.19 0 0.49 0.6083746163067615
0.19 0 0.5 1.0339604308628363
0.2 0 0.0 0.39048679755422094
0.2 0 0.01 1.52278952567008
0.2 0 0.02 2.04282805025159
0.2 0 0.03 0.6032954795857042
0.2 0 0.04 0.41217345349642004
0.2 0 0.05 0.32678309702102615
0.2 0 0.06 0.24018858984424696
0.2 0 0.07 0.19730060163677143
0.2 0 0.08 0.7733669192994631
0.2 0 0.09 1.1817209087799978
0.2 0 0.1 1.6112300858989612
0.2 0 0.11 4.180149358505773
0.2 0 0.12 3.560909275293225
0.2 0 0.13 7.348203778806438
0.2 0 0.14 12.004948760618968
0.2 0 0.15 8.538994998044464
0.2 0 0.16 5.30957577070283
0.2 0 0.17 2.0344155318955095
0.2 0 0.18 2.0091156942870385
0.2 0 0.19 3.621305878939668
0.2 0 0.2 6.399051143766652
0.2 0 0.21 7.195971536196597
0.2 0 0.22 7.844786051613261
0.2 0 0.23 11.922828341418954
0.2 0 0.24 4.554714560620189
0.2 0 0.25 3.354865563210451
0.2 0 0.26 1.264421282984181
0.2 0 0.27 0.8468360179095135
0.2 0 0.28 2.755202188610312
0.2 0 0.29 2.517751650312923
0.2 0 0.3 2.0746268684698843
0.2 0 0.31 2.6643651244529933
0.2 0 0.32 1.8946371957514674
0.2 0 0.33 0.9519286479346136
0.2 0 0.34 0.8911849660850543
0.2 0 0.35000000000000003 1.920147831069268
0.2 0 0.36 1.2843871478534732
0.2 0 0.37 1.150966024727695
0.2 0 0.38 1.1584689058417441
0.2 0 0.39 1.1225509801162075
0.2 0 0.4 2.825880444166633
0.2 0 0.41000000000000003 2.0734693677127556
0.2 0 0.42 2.4755384588966454
0.2 0 0.43 2.211361201983245
0.2 0 0.44 1.0110941440441206
0.2 0 0.45 0.7555855614383398
0.2 0 0.46 1.0026450440023549
0.2 0 0.47000000000000003 1.5325390942956971
0.2 0 0.48 0.6760434017669361
0.2 0 0.49 0.34137354858311314
0.2 0 0.5 0.3569391854217544
0.21 0 0.0 0.0605247062780606
0.21 0 0.01 0.10285761005434793
0.21 0 0.02 0.2222944963070741
0.21 0 0.03 0.6610484410013696
0.21 0 0.04 0.6171934040246386
0.21 0 0.05 2.3540305683045886
0.21 0 0.06 6.55175581006349
0.21 0 0.07 2.015509985516826
0.21 0 0.08 0.8738415307073886
0.21 0 0.09 0.5832019268333768
0.21 0 0.1 1.0554053151834688
0.21 0 0.11 2.124639429263758
0.21 0 0.12 1.3673527001577113
0.21 0 0.13 1.2499737635264236
0.21 0 0.14 1.3641023080092325
0.21 0 0.15 1.4096814058054379
0.21 0 0.16 1.0060595276553468
0.21 0 0.17 2.3784936994207424
0.21 0 0.18 4.710863993047833
0.21 0 0.19 2.083806046108077
0.21 0 0.2 3.692399416727866
0.21 0 0.21 3.6497408796147544
0.21 0 0.22 6.078843570527113
0.21 0 0.23 19.25344876515207
0.21 0 0.24 16.265568128358293
0.21 0 0.25 11.616969858126112
0.21 0 0.26 15.588167901662349
0.21 0 0.27 26.949916330240697
0.21 0 0.28 21.741322985057625
0.21 0 0.29 15.321467310703845
0.21 0 0.3 15.800525059130495
0.21 0 0.31 5.8332150945908525
0.21 0 0.32 3.0228303847176266
0.21 0 0.33 1.002204290974145
0.21 0 0.34 1.1139454692034263
0.21 0 0.35000000000000003 3.4301120779738867
0.21 0 0.36 3.378566121270739
0.21 0 0.37 7.234334272611683
0.21 0 0.38 9.768833688615622
0.21 0 0.39 6.820562000864165
0.21 0 0.4 2.774969095608741
0.21 0 0.41000000000000003 0.9315995986482906
0.21 0 0.42 0.8220457543087388
0.21 0 0.43 1.6038416388697283
0.21 0 0.44 3.704916861192104
0.21 0 0.45 2.0362178171094816
0.21 0 0.46 1.296871785910519
0.21 0 0.47000000000000003 2.6936025844306073
0.21 0 0.48 0.9252001562951018
0.21 0 0.49 0.5036682105897209
0.21 0 0.5 0.4979278755357052
0.22 0 0.0 0.9067844617029615
0.22 0 0.01 0.7196624318626259
0.22 0 0.02 0.3432241565988448
0.22 0 0.03 0.3819656969670505
0.22 0 0.04 0.3779587448599769
0.22 0 0.05 0.558424133050728
0.22 0 0.06 0.7199753340200395
0.22 0 0.07 0.6984662633332243
0.22 0 0.08 0.39161020000354546
0.22 0 0.09 0.058657527989653166
0.22 0 0.1 0.016430226500710247
0.22 0 0.11 0.013923832209692783
0.22 0 0.12 0.06669708476748011
0.22 0 0.13 0.12602793190307157
0.22 0 0.14 0.12182797606984982
0.22 0 0.15 0.24433199553589538
0.22 0 0.16 0.15476521894888023
0.22 0 0.17 0.45660469105221585
0.22 0 0.18 2.6747449351034294
0.22 0 0.19 5.207190949826364
0.22 0 0.2 11.09222827913478
0.22 0 0.21 25.89074612072053
0.22 0 0.22 25.18908500675707
0.22 0 0.23 11.033331155058542
0.22 0 0.24 15.307639535428903
0.22 0 0.25 28.03565578326934
0.22 0 0.26 28.40898274390978
0.22 0 0.27 64.61336731007472
0.22 0 0.28 37.54789544016839
0.22 0 0.29 31.212443453601473
0.22 0 0.3 17.11799048267204
0.22 0 0.31 4.419755162685817
0.22 0 0.32 4.190777684074213
0.22 0 0.33 3.6688462759913096
0.22 0 0.34 2.900826340831897
0.22 0 0.35000000000000003 2.967343093238379
0.22 0 0.36 4.457419142925827
0.22 0 0.37 3.6929659097677696
0.22 0 0.38 2.7668197736155857
0.22 0 0.39 9.17609217808718
0.22 0 0.4 14.769688903664079
0.22 0 0.41000000000000003 16.31504452421512
0.22 0 0.42 19.664603431905405
0.22 0 0.43 18.16105119824773
0.22 0 0.44 47.884959184457415
0.22 0 0.45 25.289781915574906
0.22 0 0.46 7.650819529532374
0.22 0 0.47000000000000003 2.570994561417222
0.22 0 0.48 1.4869491112032585
0.22 0 0.49 1.3837443147047623
0.22 0 0.5 0.8802109630900865
0.23 0 0.0 0.09234509764711481
0.23 0 0.01 0.2288101653515469
0.23 0 0.02 0.5941606702449259
0.23 0 0.03 0.9902763377692451
0.23 0 0.04 0.696579571848232
0.23 0 0.05 0.2897574366068554
0.23 0 0.06 0.08047146940989132
0.23 0 0.07 0.1146995890026179
0.23 0 0.08 0.06881471885829046
0.23 0 0.09 0.0409288042346277
0.23 0 0.1 0.03804080192874917
0.23 0 0.11 0.02072080933978818
0.23 0 0.12 0.05291206565671231
0.23 0 0.13 0.20275555792562724
0.23 0 0.14 0.45885909311048056
0.23 0 0.15 0.544953008863926
0.23 0 0.16 0.46128045550656416
0.23 0 0.17 0.5093207106149019
0.23 0 0.18 0.7476015335345697
0.23 0 0.19 2.8913486963671597
0.23 0 0.2 3.7124664918787063
0.23 0 0.21 2.082313155967059
0.23 0 0.22 1.8172690880747415
0.23 0 0.23 1.0613714133370464
0.23 0 0.24 3.21051826493046
0.23 0 0.25 4.045315782286459
0.23 0 0.26 3.498247814366293
0.23 0 0.27 7.4320580085150585
0.23 0 0.28 8.421484049302242
0.23 0 0.29 5.746959235276243
0.23 0 0.3 3.2926430632269583
0.23 0 0.31 1.7460719150859425
0.23 0 0.32 0.7045130360821217
0.23 0 0.33 0.8626502149663118
0.23 0 0.34 1.6685869455864994
0.23 0 0.35000000000000003 0.6813882094105831
0.23 0 0.36 1.4266111582106813
0.23 0 0.37 2.7324840611232033
0.23 0 0.38 0.9915514391173329
0.23 0 0.39 0.8601691320867243
0.23 0 0.4 1.4623729892889639
0.23 0 0.41000000000000003 4.452781410565727
0.23 0 0.42 3.351805172187458
0.23 0 0.43 2.1795387212888215
0.23 0 0.44 3.1197876885955917
0.23 0 0.45 7.269276541997848
0.23 0 0.46 10.450288173125424
0.23 0 0.47000000000000003 3.201241576896038
0.23 0 0.48 1.7155501759468832
0.23 0 0.49 1.1768598823488383
0.23 0 0.5 0.5250980525421692
0.24 0 0.0 0.2430935283254414
0.24 0 0.01 0.16339223678500908
0.24 0 0.02 0.147344894154119
0.24 0 0.03 0.043920011787552754
0.24 0 0.04 0.08148416716747402
0.24 0 0.05 0.19052475173873973
0.24 0 0.06 0.17889181532797438
0.24 0 0.07 0.31163224130370837
0.24 0 0.08 0.35660573244490223
0.24 0 0.09 0.29998044191427237
0.24 0 0.1 0.2905234595813518
0.24 0 0.11 0.30202471082911375
0.24 0 0.12 0.12629689427039967
0.24 0 0.13 0.041219825086747416
0.24 0 0.14 0.0749050720198271
0.24 0 0.15 0.08054758610935593
0.24 0 0.16 0.10942733450016136
0.24 0 0.17 0.1919702557296564
0.24 0 0.18 0.2787162640324545
0.24 0 0.19 1.2243836251929703
0.24 0 0.2 1.0638883369154832
0.24 0 0.21 0.7220657563093128
0.24 0 0.22 0.8822848474731313
0.24 0 0.23 0.8268417250446509
0.24 0 0.24 0.3661270401105517
0.24 0 0.25 0.17791672973592723
0.24 0 0.26 0.28685372627421657
0.24 0 0.27 0.5083448026871203
0.24 0 0.28 1.1689413720695838
0.24 0 0.29 1.322328230634259
0.24 0 0.3 0.5242892970586419
0.24 0 0.31 1.2993462968367564
0.24 0 0.32 1.820957467925456
0.24 0 0.33 2.2983289895691548
0.24 0 0.34 3.82554845901447
0.24 0 0.35000000000000003 2.270634418733585
0.24 0 0.36 1.4160341267561665
0.24 0 0.37 0.7485582130967586
0.24 0 0.38 0.6076513157221292
0.24 0 0.39 0.37969899671599133
0.24 0 0.4 0.35522498690140547
0.24 0 0.41000000000000003 0.4188589308847215
0.24 0 0.42 0.46263489105207123
0.24 0 0.43 0.9100741635583626
0.24 0 0.44 0.5217888250628452
0.24 0 0.45 0.5222023777573378
0.24 0 0.46 1.9523989011018765
0.24 0 0.47000000000000003 1.4556093707952382
0.24 0 0.48 1.6708360647123055
0.24 0 0.49 2.360257084394214
0.24 0 0.5 2.025355327110225
0.25 0 0.0 0.041854335495150566
0.25 0 0.01 0.05310380569412174
0.25 0 0.02 0.10149050988263472
0.25 0 0.03 0.07175549729218623
0.25 0 0.04 0.08620461805169029
0.25 0 0.05 0.233525786756946
0.25 0 0.06 0.7994608587213303
0.25 0 0.07 0.6934502762755586
0.25 0 0.08 0.3032655975200858
0.25 0 0.09 0.3832074764719514
0.25 0 0.1 0.3271206387690307
0.25 0 0.11 0.4921656469167665
0.25 0 0.12 0.3135235004513189
0.25 0 0.13 0.21246992297721992
0.25 0 0.14 0.31379954494146584
0.25 0 0.15 0.16956601596744839
0.25 0 0.16 0.25106941053280535
0.25 0 0.17 0.490818510373945
0.25 0 0.18 0.41374397768057725
0.25 0 0.19 0.21154170777643364
0.25 0 0.2 0.2205577464760579
0.25 0 0.21 0.18416703413329924
0.25 0 0.22 0.04560123675103361
0.25 0 0.23 0.03642356461387343
0.25 0 0.24 0.022550561800965856
0.25 0 0.25 0.009000915424350345
0.25 0 0.26 0.02479830989842731
0.25 0 0.27 0.03403388475265972
0.25 0 0.28 0.06977552762080722
0.25 0 0.29 0.20806136225070218
0.25 0 0.3 0.488221490971756
0.25 0 0.31 0.604094336119968
0.25 0 0.32 0.4338698375978905
0.25 0 0.33 0.5117403103281266
0.25 0 0.34 0.3751471196940681
0.25 0 0.35000000000000003 0.23716551647817338
0.25 0 0.36 0.07838086163562702
0.25 0 0.37 0.048218302014207716
0.25 0 0.38 0.11622151875431196
0.25 0 0.39 0.05707878416668866
0.25 0 0.4 0.029576300776156462
0.25 0 0.41000000000000003 0.032796664253206445
0.25 0 0.42 0.046791479415297564
0.25 0 0.43 0.2193573880707946
0.25 0 0.44 0.311982279415378
0.25 0 0.45 0.241927172113749
0.25 0 0.46 0.14834928321585034
0.25 0 0.47000000000000003 0.16643898703299084
0.25 0 0.48 0.12135448831820936
0.25 0 0.49 0.08218552886165699
0.25 0 0.5 0.15749969795860325
0.26 0 0.0 0.11724531297078498
0.26 0 0.01 0.21358937973976866
0.26 0 0.02 0.31171516351041856
0.26 0 0.03 0.5378138766648419
0.26 0 0.04 0.8449298792656895
0.26 0 0.05 0.5135231473889004
0.26 0 0.06 1.214235227668558
0.26 0 0.07 2.1720826939931936
0.26 0 0.08 3.2200061845555537
0.26 0 0.09 1.785504687143233
0.26 0 0.1 0.6126722633153509
0.26 0 0.11 0.7887323028484806
0.26 0 0.12 0.8398954156975326
0.26 0 0.13 0.48079081937565626
0.26 0 0.14 0.14222184944601673
0.26 0 0.15 0.06738922769198559
0.26 0 0.16 0.035439193507317515
0.26 0 0.17 0.014093792666773653
0.26 0 0.18 0.01937011282907219
0.26 0 0.19 0.014967851531549817
0.26 0 0.2 0.014651161983569925
0.26 0 0.21 0.020863432854826475
0.26 0 0.22 0.007354189153172731
0.26 0 0.23 0.01035635502669153
0.26 0 0.24 0.022388422144343195
0.26 0 0.25 0.038410218558647895
0.26 0 0.26 0.0422094224135519
0.26 0 0.27 0.06924939726679731
0.26 0 0.28 0.1381973519782373
0.26 0 0.29 0.18254986258326278
0.26 0 0.3 0.3409745762111616
0.26 0 0.31 0.2872493061175756
0.26 0 0.32 0.37399509451201435
0.26 0 0.33 0.5528466640674848
0.26 0 0.34 0.16502546870951917
0.26 0 0.35000000000000003 0.2447244598916589
0.26 0 0.36 0.32160536967450526
0.26 0 0.37 0.11711323403020998
0.26 0 0.38 0.10591651413822618
0.26 0 0.39 0.17630534361562866
0.26 0 0.4 0.14645001578565042
0.26 0 0.41000000000000003 0.02813769918800108
0.26 0 0.42 0.019359119817822797
0.26 0 0.43 0.01567715814341783
0.26 0 0.44 0.012836858426801646
0.26 0 0.45 0.015333591829754911
0.26 0 0.46 0.013410150984970007
0.26 0 0.47000000000000003 0.027274044569835842
0.26 0 0.48 0.026662322200873546
0.26 0 0.49 0.016094656467629132
0.26 0 0.5 0.03841471768742935
0.27 0 0.0 0.3182310526951958
0.27 0 0.01 0.8745519316275016
0.27 0 0.02 0.923844479642917
0.27 0 0.03 2.028990497664244
0.27 0 0.04 0.9937739192429361
0.27 0 0.05 0.23103823060045442
0.27 0 0.06 0.2135915096479225
0.27 0 0.07 0.4729529798024035
0.27 0 0.08 0.7672449129193695
0.27 0 0.09 0.43550232433418307
0.27 0 0.1 0.3926847647146434
0.27 0 0.11 0.2517951917025594
0.27 0 0.12 0.12502191344502755
0.27 0 0.13 0.17869993277683355
0.27 0 0.14 0.07275889783425124
0.27 0 0.15 0.040795338462188926
0.27 0 0.16 0.03435513878405316
0.27 0 0.17 0.01970016764409606
0.27 0 0.18 0.022470720370712925
0.27 0 0.19 0.02585705927301391
0.27 0 0.2 0.05950186664793139
0.27 0 0.21 0.07468988711816361
0.27 0 0.22 0.07414530609718599
0.27 0 0.23 0.040583783047479574
0.27 0 0.24 0.02047647891585145
0.27 0 0.25 0.01980883889372084
0.27 0 0.26 0.012593576887904337
0.27 0 0.27 0.024620584880933546
0.27 0 0.28 0.046787088363973856
0.27 0 0.29 0.024143002420694865
0.27 0 0.3 0.029790631046283475
0.27 0 0.31 0.01715094928738111
0.27 0 0.32 0.01928685714368442
0.27 0 0.33 0.05853505534600388
0.27 0 0.34 0.08992050585266144
0.27 0 0.35000000000000003 0.05390754886916526
0.27 0 0.36 0.035793238971366804
0.27 0 0.37 0.03843974534614125
0.27 0 0.38 0.009671862185043597
0.27 0 0.39 0.010152638078764575
0.27 0 0.4 0.030694592196050925
0.27 0 0.41000000000000003 0.03103080167882499
0.27 0 0.42 0.03450600129323853
0.27 0 0.43 0.024398793372713102
0.27 0 0.44 0.03371436245065286
0.27 0 0.45 0.06669485543661234
0.27 0 0.46 0.028198375263332014
0.27 0 0.47000000000000003 0.01744227689256131
0.27 0 0.48 0.01856825407318872
0.27 0 0.49 0.03254632139802175
0.27 0 0.5 0.022728395668786167
0.28 0 0.0 0.09695649157972275
0.28 0 0.01 0.11822847680407847
0.28 0 0.02 0.11291431691669272
0.28 0 0.03 0.1983953252778696
0.28 0 0.04 0.4098323890329616
0.28 0 0.05 0.8506022117914814
0.28 0 0.06 0.60399496628053
0.28 0 0.07 0.49857491927907316
0.28 0 0.08 0.8472473571937228
0.28 0 0.09 0.6706318820767427
0.28 0 0.1 1.3086918437477524
0.28 0 0.11 0.9179263154026238
0.28 0 0.12 0.29011702225252123
0.28 0 0.13 0.12470264318789874
0.28 0 0.14 0.07299117500920142
0.28 0 0.15 0.08699496550991882
0.28 0 0.16 0.07213818047068184
0.28 0 0.17 0.086879782838375
0.28 0 0.18 0.07263610597609574
0.28 0 0.19 0.10464876145751778
0.28 0 0.2 0.16092994524288678
0.28 0 0.21 0.07643922340432543
0.28 0 0.22 0.08786699043800518
0.28 0 0.23 0.05210694838206481
0.28 0 0.24 0.017045212693482106
0.28 0 0.25 0.027555103831014484
0.28 0 0.26 0.03074983087298422
0.28 0 0.27 0.03593261811909179
0.28 0 0.28 0.03380038399037149
0.28 0 0.29 0.027864597543026025
0.28 0 0.3 0.007057135848983954
0.28 0 0.31 0.0025440643853689897
0.28 0 0.32 0.0038704708707542864
0.28 0 0.33 0.004478187132338069
0.28 0 0.34 0.010108094808573402
0.28 0 0.35000000000000003 0.012730175452421546
0.28 0 0.36 0.017693119294276957
0.28 0 0.37 0.07017934271001364
0.28 0 0.38 0.06419138351025303
0.28 0 0.39 0.04154965831517866
0.28 0 0.4 0.02404608604336318
0.28 0 0.41000000000000003 0.011092920725166258
0.28 0 0.42 0.008695189064901254
0.28 0 0.43 0.005197972954344359
0.28 0 0.44 0.0049171617452587425
0.28 0 0.45 0.005548580864601203
0.28 0 0.46 0.018184158853706885
0.28 0 0.47000000000000003 0.018803214030456403
0.28 0 0.48 0.02059865018961099
0.28 0 0.49 0.0662158551175701
0.28 0 0.5 0.02563351924977246
0.29 0 0.0 0.41294570724654467
0.29 0 0.01 0.747210129536524
0.29 0 0.02 0.5452144264276185
0.29 0 0.03 0.33104497392005866
0.29 0 0.04 0.2787214911006458
0.29 0 0.05 0.6021209290632596
0.29 0 0.06 0.3489294135409805
0.29 0 0.07 0.19922741029469446
0.29 0 0.08 0.07689847277832171
0.29 0 0.09 0.03915954857526997
0.29 0 0.1 0.03510093571932067
0.29 0 0.11 0.03147338294033415
0.29 0 0.12 0.06676163541916416
0.29 0 0.13 0.0755477424404082
0.29 0 0.14 0.05887874105515376
0.29 0 0.15 0.03261381602022336
0.29 0 0.16 0.02576356756694284
0.29 0 0.17 0.06430378895436917
0.29 0 0.18 0.031198975144645015
0.29 0 0.19 0.016436647480899517
0.29 0 0.2 0.029251290162936986
0.29 0 0.21 0.03156125365149186
0.29 0 0.22 0.04679117165962099
0.29 0 0.23 0.054796399441936094
0.29 0 0.24 0.05790656049395953
0.29 0 0.25 0.028773346239867013
0.29 0 0.26 0.042879432085111885
0.29 0 0.27 0.04607623116839751
0.29 0 0.28 0.015401475094649314
0.29 0 0.29 0.014002994031408101
0.29 0 0.3 0.005430525925719501
0.29 0 0.31 0.0020830799217835994
0.29 0 0.32 0.003386827418059386
0.29 0 0.33 0.008020283107791128
0.29 0 0.34 0.04322022290128178
0.29 0 0.35000000000000003 0.06373046975488217
0.29 0 0.36 0.026962951414613315
0.29 0 0.37 0.011961712379679494
0.29 0 0.38 0.010182578022650947
0.29 0 0.39 0.008532499264266555
0.29 0 0.4 0.005316028421783621
0.29 0 0.41000000000000003 0.0208511772657402
0.29 0 0.42 0.03480997575871467
0.29 0 0.43 0.046326174595824096
0.29 0 0.44 0.06719103454814629
0.29 0 0.45 0.03165366411979418
0.29 0 0.46 0.029643015833612125
0.29 0 0.47000000000000003 0.030769761013455067
0.29 0 0.48 0.02547605912030759
0.29 0 0.49 0.022910276337323583
0.29 0 0.5 0.009799551354003752
0.3 0 0.0 0.2361229613847149
0.3 0 0.01 0.257454931079292
0.3 0 0.02 0.6764233368135689
0.3 0 0.03 0.42783329061598535
0.3 0 0.04 0.1528185480607845
0.3 0 0.05 0.05253466195703714
0.3 0 0.06 0.036374275546301675
0.3 0 0.07 0.0607275697071736
0.3 0 0.08 0.059387586760732386
0.3 0 0.09 0.09295004266281318
0.3 0 0.1 0.14151072194897574
0.3 0 0.11 0.2908267911175682
0.3 0 0.12 0.8857819764854176
0.3 0 0.13 0.35379354365996823
0.3 0 0.14 0.10411514004178814
0.3 0 0.15 0.039034060802293505
0.3 0 0.16 0.026227221358843696
0.3 0 0.17 0.02677508009403405
0.3 0 0.18 0.01880679982242457
0.3 0 0.19 0.016726152753225143
0.3 0 0.2 0.007454460034638452
0.3 0 0.21 0.00929370152263648
0.3 0 0.22 0.009345868925128235
0.3 0 0.23 0.00813988476312142
0.3 0 0.24 0.012716238175858437
0.3 0 0.25 0.010040030151805903
0.3 0 0.26 0.016571213604996988
0.3 0 0.27 0.022268150339821307
0.3 0 0.28 0.012164426973700453
0.3 0 0.29 0.0179008159701531
0.3 0 0.3 0.018018656391468654
0.3 0 0.31 0.011872463621510416
0.3 0 0.32 0.005086028306888021
0.3 0 0.33 0.005368334202246873
0.3 0 0.34 0.008094703631036143
0.3 0 0.35000000000000003 0.014303292313309636
0.3 0 0.36 0.02053928135934229
0.3 0 0.37 0.005081010826231388
0.3 0 0.38 0.013604691271670891
0.3 0 0.39 0.0825455840826035
0.3 0 0.4 0.04928058194096028
0.3 0 0.41000000000000003 0.0386927271720126
0.3 0 0.42 0.07045466953476831
0.3 0 0.43 0.0906904476729634
0.3 0 0.44 0.03839035815690051
0.3 0 0.45 0.01673267225582141
0.3 0 0.46 0.016926291870662184
0.3 0 0.47000000000000003 0.013150531203562087
0.3 0 0.48 0.018068000076155707
0.3 0 0.49 0.017680159169026585
0.3 0 0.5 0.06508409014718958
#STOP
