#MEDIUM_PROPERTIES_DISTRIBUTED
$MSH_TYPE
	 GROUNDWATER_FLOW	
$MMP_TYPE
	 PERMEABILITY	
$DIS_TYPE
	 NEAREST_VALUE	
;hj
$CONVERSION_FACTOR
2e-8;2e-6;2e-13
$DATA
0.0 0 0.0 1.3126293934620732
0.0 0 0.01 1.4150512690925603
0.0 0 0.02 1.2931483291213532
0.0 0 0.03 5.022751824331663
0.0 0 0.04 3.487045223054606
0.0 0 0.05 1.322660983726693
0.0 0 0.06 1.1196487729530724
0.0 0 0.07 0.8934713665667586
0.0 0 0.08 1.0681926387318785
0.0 0 0.09 0.9186471337113828
0.0 0 0.1 1.9645628180370185
0.0 0 0.11 1.6142119930951764
0.0 0 0.12 1.8567202535932692
0.0 0 0.13 2.3047593007958467
0.0 0 0.14 1.7306746103561153
0.0 0 0.15 3.1995902521974586
0.0 0 0.16 2.4394490117658894
0.0 0 0.17 2.6679466841770014
0.0 0 0.18 4.217125421992974
0.0 0 0.19 5.895791106976843
0.0 0 0.2 1.955673263683142
0.0 0 0.21 0.6884621936306238
0.0 0 0.22 1.127899557794856
0.0 0 0.23 1.0344968453560113
0.0 0 0.24 1.0438388013077762
0.0 0 0.25 0.8010490544650181
0.0 0 0.26 1.0467507031401173
0.0 0 0.27 1.676103009602348
0.0 0 0.28 1.0437652618321627
0.0 0 0.29 0.5082433665633301
0.0 0 0.3 0.5454312914566855
0.0 0 0.31 0.9147428018069523
0.0 0 0.32 1.6394086275343462
0.0 0 0.33 3.52045917171924
0.0 0 0.34 1.8907425079167715
0.0 0 0.35000000000000003 2.327853609299827
0.0 0 0.36 1.647738292873142
0.0 0 0.37 1.1296068650677684
0.0 0 0.38 4.467662617747821
0.0 0 0.39 3.3604248176951907
0.0 0 0.4 1.8377893949827744
0.0 0 0.41000000000000003 1.167226280369658
0.0 0 0.42 1.425859380119716
0.0 0 0.43 0.8391630217994444
0.0 0 0.44 0.26609204574261475
0.0 0 0.45 0.19874558499104572
0.0 0 0.46 0.15115141150411257
0.0 0 0.47000000000000003 0.3656486167654857
0.0 0 0.48 0.2034143807677671
0.0 0 0.49 0.11174267443576992
0.0 0 0.5 0.12323458438281391
0.01 0 0.0 4.467601447673268
0.01 0 0.01 9.856373493773482
0.01 0 0.02 4.397857343737582
0.01 0 0.03 2.315207784165667
0.01 0 0.04 2.264206921057496
0.01 0 0.05 1.2932985985930208
0.01 0 0.06 2.8311675550148814
0.01 0 0.07 2.4380084983100336
0.01 0 0.08 1.853051295271801
0.01 0 0.09 1.8590090891251698
0.01 0 0.1 1.0729715420411845
0.01 0 0.11 1.0024414935919306
0.01 0 0.12 2.3392709453018394
0.01 0 0.13 2.54995725484063
0.01 0 0.14 1.345915994437631
0.01 0 0.15 2.044013049581521
0.01 0 0.16 2.3744725532677498
0.01 0 0.17 2.740263794533317
0.01 0 0.18 1.3550045497470093
0.01 0 0.19 1.1251341907461772
0.01 0 0.2 2.711180273788182
0.01 0 0.21 2.2257453727535026
0.01 0 0.22 1.1517097203573519
0.01 0 0.23 0.5739198548165209
0.01 0 0.24 0.7206414459638586
0.01 0 0.25 0.8216448104222334
0.01 0 0.26 1.1624967338114451
0.01 0 0.27 0.7211640151759389
0.01 0 0.28 0.4582152470206021
0.01 0 0.29 0.768392826920966
0.01 0 0.3 0.32743753208873494
0.01 0 0.31 0.43190753529080605
0.01 0 0.32 0.4489141403356347
0.01 0 0.33 0.30686988396859394
0.01 0 0.34 0.23430120366794024
0.01 0 0.35000000000000003 0.3002559967911588
0.01 0 0.36 0.7766411010285657
0.01 0 0.37 0.28423538757275313
0.01 0 0.38 0.2468242110095427
0.01 0 0.39 0.23664655509327756
0.01 0 0.4 0.40232197544106535
0.01 0 0.41000000000000003 0.9070656748538733
0.01 0 0.42 0.3855103395102381
0.01 0 0.43 0.4014324352721297
0.01 0 0.44 0.383870903230281
0.01 0 0.45 0.3308511089508589
0.01 0 0.46 0.20639756022808736
0.01 0 0.47000000000000003 0.15084373828413886
0.01 0 0.48 0.21952631291165817
0.01 0 0.49 0.3284480911116854
0.01 0 0.5 0.27841586853024997
0.02 0 0.0 4.132346523719898
0.02 0 0.01 1.6857869997637576
0.02 0 0.02 1.7164657260376217
0.02 0 0.03 2.037514613717151
0.02 0 0.04 2.4401995290467973
0.02 0 0.05 3.8678198727646484
0.02 0 0.06 6.159540954638609
0.02 0 0.07 3.4461241446727953
0.02 0 0.08 2.8244326312211046
0.02 0 0.09 2.790767855650636
0.02 0 0.1 4.034287707408633
0.02 0 0.11 2.9244643689695327
0.02 0 0.12 1.2306697760615342
0.02 0 0.13 2.469268932537587
0.02 0 0.14 2.4424364409423935
0.02 0 0.15 1.6287790603998697
0.02 0 0.16 0.4848666428461086
0.02 0 0.17 0.32712113127085446
0.02 0 0.18 0.3583041482982316
0.02 0 0.19 0.16903486063470904
0.02 0 0.2 0.15645542407611202
0.02 0 0.21 0.05621083873347356
0.02 0 0.22 0.10655378161532617
0.02 0 0.23 0.20205296937249217
0.02 0 0.24 0.13965805224268815
0.02 0 0.25 0.2475942096904736
0.02 0 0.26 0.312952582938845
0.02 0 0.27 0.3494333734315301
0.02 0 0.28 0.3169098119619095
0.02 0 0.29 0.7801011993784857
0.02 0 0.3 0.6579681185468663
0.02 0 0.31 0.4324579498175004
0.02 0 0.32 0.5336413193368111
0.02 0 0.33 0.5778154754790249
0.02 0 0.34 1.4869250469261748
0.02 0 0.35000000000000003 0.6199694206777596
0.02 0 0.36 0.28831953882607386
0.02 0 0.37 0.30248516846014506
0.02 0 0.38 0.3271686684097754
0.02 0 0.39 0.5659165466461165
0.02 0 0.4 0.5488430300360136
0.02 0 0.41000000000000003 0.5789064316170542
0.02 0 0.42 0.7565783296251902
0.02 0 0.43 0.500102851400236
0.02 0 0.44 0.1689681396524834
0.02 0 0.45 0.27594189228386523
0.02 0 0.46 0.42825228274566624
0.02 0 0.47000000000000003 0.39031815678326737
0.02 0 0.48 0.5510977432085685
0.02 0 0.49 0.5920481098636675
0.02 0 0.5 0.4948705480293836
0.03 0 0.0 3.763132225730095
0.03 0 0.01 2.010847064919486
0.03 0 0.02 1.9625116303378543
0.03 0 0.03 1.4321044409617851
0.03 0 0.04 1.7512208864747523
0.03 0 0.05 0.7218298567822258
0.03 0 0.06 0.5933744197280642
0.03 0 0.07 0.9088637921427414
0.03 0 0.08 0.8405563983139392
0.03 0 0.09 0.390231861858923
0.03 0 0.1 0.21209089259946057
0.03 0 0.11 0.591705060957674
0.03 0 0.12 0.508502153747075
0.03 0 0.13 0.9186746511133319
0.03 0 0.14 0.8542097960882266
0.03 0 0.15 0.6921474790878073
0.03 0 0.16 2.7261520743230876
0.03 0 0.17 1.5485871265184357
0.03 0 0.18 1.4686920852909506
0.03 0 0.19 2.5305427580329476
0.03 0 0.2 4.183135978946847
0.03 0 0.21 4.750822038687575
0.03 0 0.22 3.6282617703503885
0.03 0 0.23 2.956126337985274
0.03 0 0.24 1.1145008067412652
0.03 0 0.25 0.5929182308007078
0.03 0 0.26 0.49453820882855026
0.03 0 0.27 1.2318520375893227
0.03 0 0.28 1.6105672833876115
0.03 0 0.29 0.9953033412867645
0.03 0 0.3 0.8098972231884519
0.03 0 0.31 0.6818210786674747
0.03 0 0.32 0.7794937132907677
0.03 0 0.33 0.5689525230635947
0.03 0 0.34 0.5646668039530204
0.03 0 0.35000000000000003 0.6471484634859161
0.03 0 0.36 1.213557445176569
0.03 0 0.37 0.8153929943488681
0.03 0 0.38 0.4478853909541535
0.03 0 0.39 0.7601393830678801
0.03 0 0.4 0.5045249210348483
0.03 0 0.41000000000000003 0.3567443467835241
0.03 0 0.42 0.41442381227176905
0.03 0 0.43 0.8980353597354264
0.03 0 0.44 0.604622365450601
0.03 0 0.45 0.3812873801798817
0.03 0 0.46 0.27375549983977177
0.03 0 0.47000000000000003 0.1388984208182392
0.03 0 0.48 0.24598510417863986
0.03 0 0.49 0.0739836063869483
0.03 0 0.5 0.055588401122423796
0.04 0 0.0 1.831348958460252
0.04 0 0.01 3.9707405320988305
0.04 0 0.02 3.4396039596246517
0.04 0 0.03 1.173908187245322
0.04 0 0.04 1.0898536071582123
0.04 0 0.05 1.1810160550917255
0.04 0 0.06 1.0324691186434736
0.04 0 0.07 1.6665553462869773
0.04 0 0.08 1.042489523382668
0.04 0 0.09 1.8797097349448748
0.04 0 0.1 1.4118068531145844
0.04 0 0.11 0.43096905385844164
0.04 0 0.12 0.2623606950009239
0.04 0 0.13 0.37010066768452987
0.04 0 0.14 0.914280934731068
0.04 0 0.15 1.0904909579591053
0.04 0 0.16 2.3270113525171983
0.04 0 0.17 3.2078679600870657
0.04 0 0.18 2.4948141341017744
0.04 0 0.19 1.5272498075931038
0.04 0 0.2 1.5543146402652386
0.04 0 0.21 3.1054682806965044
0.04 0 0.22 4.003860799669951
0.04 0 0.23 5.15687196196457
0.04 0 0.24 8.554314416638736
0.04 0 0.25 15.640303219413653
0.04 0 0.26 10.068524178082845
0.04 0 0.27 9.769219512002618
0.04 0 0.28 7.171702210420571
0.04 0 0.29 12.789009245949304
0.04 0 0.3 48.77249447955267
0.04 0 0.31 22.307799562277932
0.04 0 0.32 29.99415062071273
0.04 0 0.33 22.719283200719257
0.04 0 0.34 7.97513797301972
0.04 0 0.35000000000000003 5.50372822212095
0.04 0 0.36 6.599863882737779
0.04 0 0.37 10.164255868309105
0.04 0 0.38 4.282741048853148
0.04 0 0.39 2.500192163823372
0.04 0 0.4 1.1246014378890996
0.04 0 0.41000000000000003 1.4200846392416637
0.04 0 0.42 1.2216011254586696
0.04 0 0.43 0.5907963937846507
0.04 0 0.44 0.9972969906373157
0.04 0 0.45 0.7511644950563581
0.04 0 0.46 0.8623529251518978
0.04 0 0.47000000000000003 0.33543596873148773
0.04 0 0.48 0.18816891841366423
0.04 0 0.49 0.36536294896963567
0.04 0 0.5 0.3883874164773519
0.05 0 0.0 3.317701779858241
0.05 0 0.01 2.4543682968609946
0.05 0 0.02 1.510414475530023
0.05 0 0.03 2.053554944831239
0.05 0 0.04 1.6900490486215336
0.05 0 0.05 1.041598620037583
0.05 0 0.06 1.3509769109129055
0.05 0 0.07 2.847238274279148
0.05 0 0.08 1.8844654648445718
0.05 0 0.09 1.6362599556586355
0.05 0 0.1 1.3979082866189458
0.05 0 0.11 1.5826287485516501
0.05 0 0.12 1.5995440603661901
0.05 0 0.13 0.8782506092255706
0.05 0 0.14 1.8606046243802714
0.05 0 0.15 2.1158486556857
0.05 0 0.16 1.3477615295345295
0.05 0 0.17 0.9592708096662718
0.05 0 0.18 1.1210042608316182
0.05 0 0.19 0.9582545921327922
0.05 0 0.2 0.79145465533614
0.05 0 0.21 0.7745110479720332
0.05 0 0.22 0.48738642285214545
0.05 0 0.23 1.8370736702579902
0.05 0 0.24 1.4634978855945504
0.05 0 0.25 0.865018467500938
0.05 0 0.26 1.3485960354153725
0.05 0 0.27 1.145787552820265
0.05 0 0.28 2.0482669385187875
0.05 0 0.29 2.4451894066080686
0.05 0 0.3 7.619245381256191
0.05 0 0.31 7.772141497946654
0.05 0 0.32 4.001314389194504
0.05 0 0.33 3.9461504381295396
0.05 0 0.34 3.223465633444992
0.05 0 0.35000000000000003 4.781499372507575
0.05 0 0.36 1.8243486815064944
0.05 0 0.37 1.1774024928362776
0.05 0 0.38 1.3737873645267995
0.05 0 0.39 1.4185285627826552
0.05 0 0.4 1.1638652154224198
0.05 0 0.41000000000000003 0.5165545164112638
0.05 0 0.42 0.5165769862079785
0.05 0 0.43 0.7963300723797636
0.05 0 0.44 0.9948141156931609
0.05 0 0.45 0.6244102384971513
0.05 0 0.46 1.370836336201445
0.05 0 0.47000000000000003 2.131842165266619
0.05 0 0.48 1.3427659576442765
0.05 0 0.49 2.084479864037941
0.05 0 0.5 1.6343507374039912
0.06 0 0.0 5.7739871308796555
0.06 0 0.01 5.7278589096900925
0.06 0 0.02 5.343739722337491
0.06 0 0.03 3.94108830364929
0.06 0 0.04 3.030950743019403
0.06 0 0.05 4.658752097878494
0.06 0 0.06 1.5107301886264752
0.06 0 0.07 1.713989984102596
0.06 0 0.08 2.5419107892995703
0.06 0 0.09 1.543298343550654
0.06 0 0.1 0.8424369058999581
0.06 0 0.11 0.4162250871519219
0.06 0 0.12 0.5983753296765943
0.06 0 0.13 0.39980236480104225
0.06 0 0.14 0.49962025758166956
0.06 0 0.15 0.407296957325829
0.06 0 0.16 0.533750122941897
0.06 0 0.17 1.4594109668158688
0.06 0 0.18 0.6630692976896253
0.06 0 0.19 0.6224040803863959
0.06 0 0.2 0.8295077145960765
0.06 0 0.21 1.555271385253896
0.06 0 0.22 1.5850287690947222
0.06 0 0.23 1.7674636253203797
0.06 0 0.24 2.0418652014642893
0.06 0 0.25 0.820462403505778
0.06 0 0.26 0.7601473503650468
0.06 0 0.27 0.5789513279018462
0.06 0 0.28 1.151646219387133
0.06 0 0.29 1.243307986495035
0.06 0 0.3 0.7792807883351076
0.06 0 0.31 2.0387265581535456
0.06 0 0.32 3.601282968725595
0.06 0 0.33 5.161696917987724
0.06 0 0.34 4.0838591628580545
0.06 0 0.35000000000000003 2.592879529926563
0.06 0 0.36 4.52705750506462
0.06 0 0.37 12.795516685875636
0.06 0 0.38 7.282622833777606
0.06 0 0.39 6.1526747936394415
0.06 0 0.4 9.064933718767241
0.06 0 0.41000000000000003 3.564484244733926
0.06 0 0.42 2.4854175259969544
0.06 0 0.43 1.7587157760926664
0.06 0 0.44 2.4898577017391283
0.06 0 0.45 2.816998283528121
0.06 0 0.46 2.624008450013755
0.06 0 0.47000000000000003 2.289724344219747
0.06 0 0.48 1.0278379830122242
0.06 0 0.49 0.7804241481553653
0.06 0 0.5 0.32739506133156737
0.07 0 0.0 0.6522629240345709
0.07 0 0.01 1.3826524646633582
0.07 0 0.02 2.0576701921668046
0.07 0 0.03 2.555159617648373
0.07 0 0.04 1.3200100331115543
0.07 0 0.05 2.2224595444731485
0.07 0 0.06 1.9179341947684376
0.07 0 0.07 1.0115730010386244
0.07 0 0.08 1.165161869194785
0.07 0 0.09 0.5333432137969568
0.07 0 0.1 1.5213026051020138
0.07 0 0.11 1.376039960463964
0.07 0 0.12 0.3855097146181942
0.07 0 0.13 0.27652274591247983
0.07 0 0.14 0.23059474862785423
0.07 0 0.15 0.25394949855567345
0.07 0 0.16 0.19987099228269617
0.07 0 0.17 0.2610228008211045
0.07 0 0.18 0.3417323699832898
0.07 0 0.19 0.43642886456023267
0.07 0 0.2 0.30661834682317596
0.07 0 0.21 0.33481742428045985
0.07 0 0.22 0.3764228640884157
0.07 0 0.23 0.19301202960232305
0.07 0 0.24 0.34680367085839575
0.07 0 0.25 0.6729714306757405
0.07 0 0.26 1.0261819663397809
0.07 0 0.27 0.7489924295539372
0.07 0 0.28 0.37171118730652575
0.07 0 0.29 0.29278728416293176
0.07 0 0.3 0.6410753826552531
0.07 0 0.31 0.9823055226031098
0.07 0 0.32 0.4893000814215943
0.07 0 0.33 0.947355142461234
0.07 0 0.34 1.187024652959872
0.07 0 0.35000000000000003 0.9546747911202201
0.07 0 0.36 0.648839100100452
0.07 0 0.37 0.9239673964538465
0.07 0 0.38 2.1193197408254774
0.07 0 0.39 2.3201940033533193
0.07 0 0.4 4.91631608169174
0.07 0 0.41000000000000003 3.418509395656164
0.07 0 0.42 5.196191622526085
0.07 0 0.43 4.717570296746643
0.07 0 0.44 3.099110863643533
0.07 0 0.45 8.118463583330122
0.07 0 0.46 6.0757274044083
0.07 0 0.47000000000000003 7.70486758225163
0.07 0 0.48 4.253473745708652
0.07 0 0.49 2.4397022204992025
0.07 0 0.5 2.1026547907186375
0.08 0 0.0 2.2334712321364774
0.08 0 0.01 1.7725103750092621
0.08 0 0.02 0.5750486368109039
0.08 0 0.03 0.4467423655519241
0.08 0 0.04 0.7115537880092659
0.08 0 0.05 0.30827507566645246
0.08 0 0.06 0.2563760886203792
0.08 0 0.07 0.2993402333412099
0.08 0 0.08 0.5747983987866983
0.08 0 0.09 0.47158143320455315
0.08 0 0.1 0.24358036057576515
0.08 0 0.11 0.24396420074741726
0.08 0 0.12 0.3630012807655818
0.08 0 0.13 0.38398230675399475
0.08 0 0.14 0.35941701079271693
0.08 0 0.15 0.5936863528576891
0.08 0 0.16 0.46254447812617777
0.08 0 0.17 0.3925448639512646
0.08 0 0.18 0.355508886967171
0.08 0 0.19 0.45760357923352096
0.08 0 0.2 0.3805294809273932
0.08 0 0.21 0.37104172546802106
0.08 0 0.22 0.6380391045865841
0.08 0 0.23 0.6914358974369048
0.08 0 0.24 1.8298550036257863
0.08 0 0.25 0.5994446362666481
0.08 0 0.26 0.25269704546934546
0.08 0 0.27 0.5381487615902694
0.08 0 0.28 0.5722598319688573
0.08 0 0.29 0.7087590850790733
0.08 0 0.3 0.6490551002904207
0.08 0 0.31 1.2845340753070247
0.08 0 0.32 1.3070453957173174
0.08 0 0.33 1.2494303094146202
0.08 0 0.34 1.1898523864978803
0.08 0 0.35000000000000003 1.7312999893658527
0.08 0 0.36 4.361064184353947
0.08 0 0.37 2.4185409961207833
0.08 0 0.38 3.6223913596394444
0.08 0 0.39 2.719467199049218
0.08 0 0.4 2.6649535462736322
0.08 0 0.41000000000000003 4.209938334009835
0.08 0 0.42 2.5306155687225265
0.08 0 0.43 5.39214897694436
0.08 0 0.44 5.9049549091923605
0.08 0 0.45 3.4946204506558374
0.08 0 0.46 3.2444781294151954
0.08 0 0.47000000000000003 6.046904601138205
0.08 0 0.48 5.432966785346012
0.08 0 0.49 2.8898835087223467
0.08 0 0.5 4.057493195412331
0.09 0 0.0 0.32922830438874556
0.09 0 0.01 0.613744768602678
0.09 0 0.02 0.6548307043376687
0.09 0 0.03 0.37580792978232636
0.09 0 0.04 0.29809351561425346
0.09 0 0.05 0.3823422042343653
0.09 0 0.06 0.8839461147743229
0.09 0 0.07 0.48796092272565006
0.09 0 0.08 0.505775518209317
0.09 0 0.09 0.7419082257039505
0.09 0 0.1 0.6097358752588065
0.09 0 0.11 0.548378699283655
0.09 0 0.12 0.5652652424950253
0.09 0 0.13 0.5595923662480595
0.09 0 0.14 0.36652304134889485
0.09 0 0.15 0.612342109752861
0.09 0 0.16 0.3574570832092558
0.09 0 0.17 0.5061184465436077
0.09 0 0.18 0.5428492099006839
0.09 0 0.19 0.1355028824944467
0.09 0 0.2 0.27317650609717953
0.09 0 0.21 0.3687722669884486
0.09 0 0.22 0.5830223366990911
0.09 0 0.23 0.5277306058251113
0.09 0 0.24 0.5728500897047298
0.09 0 0.25 1.467467610765397
0.09 0 0.26 1.123599678933189
0.09 0 0.27 1.1046116061759694
0.09 0 0.28 1.1303169171328842
0.09 0 0.29 2.5899565790785646
0.09 0 0.3 2.982435143906647
0.09 0 0.31 2.6030132815924927
0.09 0 0.32 3.6297349087416926
0.09 0 0.33 3.6452537057968164
0.09 0 0.34 6.3521898248663655
0.09 0 0.35000000000000003 5.326427988555587
0.09 0 0.36 6.3353825596060735
0.09 0 0.37 13.975210056246715
0.09 0 0.38 29.957147459755852
0.09 0 0.39 28.776850137676576
0.09 0 0.4 35.79226204673354
0.09 0 0.41000000000000003 57.67788010237084
0.09 0 0.42 19.79325883249098
0.09 0 0.43 13.72551622452914
0.09 0 0.44 17.361974227269727
0.09 0 0.45 22.384336426080576
0.09 0 0.46 21.47301629516119
0.09 0 0.47000000000000003 17.621075980990657
0.09 0 0.48 13.007442255192505
0.09 0 0.49 12.477666600071048
0.09 0 0.5 10.17889712317977
0.1 0 0.0 1.6772333302978863
0.1 0 0.01 0.4643899073367189
0.1 0 0.02 0.6943743263941219
0.1 0 0.03 0.6052456767102344
0.1 0 0.04 0.7730405036296741
0.1 0 0.05 0.6181194885098803
0.1 0 0.06 0.6877962131702423
0.1 0 0.07 0.5179046467144948
0.1 0 0.08 0.4058683004485813
0.1 0 0.09 0.37636796251230287
0.1 0 0.1 0.23358409922944876
0.1 0 0.11 0.6180195112865703
0.1 0 0.12 0.5001314675501508
0.1 0 0.13 0.46998337086702174
0.1 0 0.14 0.5071881404578994
0.1 0 0.15 0.3392033010384092
0.1 0 0.16 0.19348403689922788
0.1 0 0.17 0.07590541975442334
0.1 0 0.18 0.17758503338834566
0.1 0 0.19 0.29878722798125545
0.1 0 0.2 0.38272543277312554
0.1 0 0.21 0.3402367954083807
0.1 0 0.22 0.3747930865652227
0.1 0 0.23 0.5578703909947536
0.1 0 0.24 0.24598924337681172
0.1 0 0.25 0.2655126208402898
0.1 0 0.26 0.34723189705833696
0.1 0 0.27 0.40605259382588055
0.1 0 0.28 0.42758757682251275
0.1 0 0.29 0.24033647817352616
0.1 0 0.3 0.15975651504276592
0.1 0 0.31 0.3412503033344905
0.1 0 0.32 0.35399253991941215
0.1 0 0.33 0.20245998690577496
0.1 0 0.34 0.5787651655329872
0.1 0 0.35000000000000003 0.5926893196260146
0.1 0 0.36 0.6822670188096247
0.1 0 0.37 0.9975943420477101
0.1 0 0.38 1.3894960346881087
0.1 0 0.39 2.4168594145626363
0.1 0 0.4 1.7587445210162844
0.1 0 0.41000000000000003 2.572621819563391
0.1 0 0.42 3.884778199919738
0.1 0 0.43 8.635071747956522
0.1 0 0.44 7.93829147933802
0.1 0 0.45 7.927079947141249
0.1 0 0.46 11.681783695179156
0.1 0 0.47000000000000003 7.833890710109057
0.1 0 0.48 9.075956087351708
0.1 0 0.49 3.6089626393976246
0.1 0 0.5 5.5744830684475675
0.11 0 0.0 8.651098398909948
0.11 0 0.01 6.0776075028528735
0.11 0 0.02 8.728836591151538
0.11 0 0.03 3.614074135032984
0.11 0 0.04 2.2065335879794388
0.11 0 0.05 2.4456366524969773
0.11 0 0.06 0.83529543151682
0.11 0 0.07 0.711127073607299
0.11 0 0.08 0.7103292979514971
0.11 0 0.09 0.8217476620517286
0.11 0 0.1 0.6067637746351645
0.11 0 0.11 0.5056831059521799
0.11 0 0.12 0.5506906800164244
0.11 0 0.13 0.5665814366506804
0.11 0 0.14 0.34410828674515725
0.11 0 0.15 0.28594471042744646
0.11 0 0.16 0.8497399278920038
0.11 0 0.17 0.605135035636195
0.11 0 0.18 0.39312858008091717
0.11 0 0.19 0.2861940696471455
0.11 0 0.2 0.15142273521668922
0.11 0 0.21 0.11074812854481382
0.11 0 0.22 0.07211720917718908
0.11 0 0.23 0.05670852283870807
0.11 0 0.24 0.10935732668349868
0.11 0 0.25 0.33500559897840754
0.11 0 0.26 0.17628204786038215
0.11 0 0.27 0.19462706353419867
0.11 0 0.28 0.30817054044197956
0.11 0 0.29 0.35319958253663974
0.11 0 0.3 0.5029178513341084
0.11 0 0.31 0.46334779426586753
0.11 0 0.32 1.232325443623231
0.11 0 0.33 0.9539119066823488
0.11 0 0.34 0.8733523797061824
0.11 0 0.35000000000000003 0.9170763981779606
0.11 0 0.36 0.9711193099934065
0.11 0 0.37 1.8046641612552767
0.11 0 0.38 1.0502710962393729
0.11 0 0.39 1.986425695921873
0.11 0 0.4 1.8128837248110576
0.11 0 0.41000000000000003 1.4515065005737446
0.11 0 0.42 1.0961086418876436
0.11 0 0.43 0.46151924177283743
0.11 0 0.44 0.8348020890113597
0.11 0 0.45 0.8228130453059735
0.11 0 0.46 0.5655588811034539
0.11 0 0.47000000000000003 0.65453414722913
0.11 0 0.48 1.594921470367854
0.11 0 0.49 1.0108177422038833
0.11 0 0.5 0.5195306247022877
0.12 0 0.0 0.24572895346580964
0.12 0 0.01 0.1706090169325194
0.12 0 0.02 0.1649609672399981
0.12 0 0.03 0.2754181114921114
0.12 0 0.04 0.2851505151039904
0.12 0 0.05 0.3236184157969412
0.12 0 0.06 0.5180107286062124
0.12 0 0.07 0.4056187787882148
0.12 0 0.08 0.12849737051581187
0.12 0 0.09 0.1532539797537703
0.12 0 0.1 0.13549881321093177
0.12 0 0.11 0.0945133212717142
0.12 0 0.12 0.08896910958469098
0.12 0 0.13 0.08196202352702772
0.12 0 0.14 0.09036303931866226
0.12 0 0.15 0.03940011667633767
0.12 0 0.16 0.023397529601104358
0.12 0 0.17 0.009004660852186234
0.12 0 0.18 0.012047285257905403
0.12 0 0.19 0.014932643897736589
0.12 0 0.2 0.007419300844164883
0.12 0 0.21 0.01994102920627452
0.12 0 0.22 0.03149155249278724
0.12 0 0.23 0.039777270049172496
0.12 0 0.24 0.025517147469192872
0.12 0 0.25 0.03230600700670066
0.12 0 0.26 0.0689948171360735
0.12 0 0.27 0.080459795911891
0.12 0 0.28 0.1165373578312698
0.12 0 0.29 0.10723997672098459
0.12 0 0.3 0.23453443808445815
0.12 0 0.31 0.14684182158990802
0.12 0 0.32 0.15427709389585523
0.12 0 0.33 0.2851528245485107
0.12 0 0.34 0.22180576234460211
0.12 0 0.35000000000000003 0.458602996182096
0.12 0 0.36 0.22272080972050307
0.12 0 0.37 0.17582260839262995
0.12 0 0.38 0.34321685394061485
0.12 0 0.39 0.3206274695196459
0.12 0 0.4 0.3824775372065662
0.12 0 0.41000000000000003 1.0362139732939455
0.12 0 0.42 1.8026584939658177
0.12 0 0.43 0.929829559732772
0.12 0 0.44 0.8474051135248235
0.12 0 0.45 1.061100887328053
0.12 0 0.46 2.140784277335898
0.12 0 0.47000000000000003 2.265459928635388
0.12 0 0.48 1.8324435821390794
0.12 0 0.49 2.199530246740626
0.12 0 0.5 2.419342312256873
0.13 0 0.0 0.2454520016965551
0.13 0 0.01 0.09915488831156057
0.13 0 0.02 0.03273079872553819
0.13 0 0.03 0.033309744649285024
0.13 0 0.04 0.022937248761260583
0.13 0 0.05 0.020810867954396774
0.13 0 0.06 0.019658217267187583
0.13 0 0.07 0.029518756900936846
0.13 0 0.08 0.016143498456808403
0.13 0 0.09 0.01152563023227936
0.13 0 0.1 0.006394012334983919
0.13 0 0.11 0.004032807102095637
0.13 0 0.12 0.015054238137524089
0.13 0 0.13 0.00913709467357498
0.13 0 0.14 0.012619674398952237
0.13 0 0.15 0.017724551160972324
0.13 0 0.16 0.010426019371760532
0.13 0 0.17 0.007024103149800044
0.13 0 0.18 0.0025635010783412212
0.13 0 0.19 0.005592880101222357
0.13 0 0.2 0.01041705836798454
0.13 0 0.21 0.010275159539616652
0.13 0 0.22 0.008819983417046878
0.13 0 0.23 0.012380102990048717
0.13 0 0.24 0.014514965917379297
0.13 0 0.25 0.010903775996225683
0.13 0 0.26 0.026066821804695123
0.13 0 0.27 0.0484396276466847
0.13 0 0.28 0.18761223128963614
0.13 0 0.29 0.36592437843390413
0.13 0 0.3 0.23988515492898915
0.13 0 0.31 0.2298265386150258
0.13 0 0.32 0.21254692244277198
0.13 0 0.33 0.15950602357758548
0.13 0 0.34 0.15694264852704073
0.13 0 0.35000000000000003 0.5419012193369875
0.13 0 0.36 0.8115596324589344
0.13 0 0.37 0.7849753376977384
0.13 0 0.38 0.8641651793745975
0.13 0 0.39 0.8653328027643321
0.13 0 0.4 0.561632614806618
0.13 0 0.41000000000000003 0.25255576674497693
0.13 0 0.42 0.2555710378121132
0.13 0 0.43 0.33524946068159023
0.13 0 0.44 0.6337703817190281
0.13 0 0.45 0.2392603389311961
0.13 0 0.46 0.134420145792279
0.13 0 0.47000000000000003 0.13231225372867012
0.13 0 0.48 0.09815353885845134
0.13 0 0.49 0.2063930049698073
0.13 0 0.5 0.1148724127423189
0.14 0 0.0 0.0254976000353449
0.14 0 0.01 0.030281092683620656
0.14 0 0.02 0.023442326761439237
0.14 0 0.03 0.029925900994212905
0.14 0 0.04 0.018263906682337773
0.14 0 0.05 0.03742613612355812
0.14 0 0.06 0.04381933602429424
0.14 0 0.07 0.022212607172045942
0.14 0 0.08 0.023050336089433358
0.14 0 0.09 0.013606232980457217
0.14 0 0.1 0.018692003287344935
0.14 0 0.11 0.010928483459347119
0.14 0 0.12 0.01218463425810026
0.14 0 0.13 0.02441091258085605
0.14 0 0.14 0.015753977872113186
0.14 0 0.15 0.008508526453609059
0.14 0 0.16 0.006701651817247407
0.14 0 0.17 0.015402982285939474
0.14 0 0.18 0.015117607829360896
0.14 0 0.19 0.014500505034206761
0.14 0 0.2 0.01858517984404777
0.14 0 0.21 0.02142808339000496
0.14 0 0.22 0.02719676694516843
0.14 0 0.23 0.020311822310130376
0.14 0 0.24 0.01106248764963425
0.14 0 0.25 0.012862053417807528
0.14 0 0.26 0.02335744159101489
0.14 0 0.27 0.009941588207267996
0.14 0 0.28 0.013381889938360347
0.14 0 0.29 0.018338282177419347
0.14 0 0.3 0.013235682399605084
0.14 0 0.31 0.01866689464858567
0.14 0 0.32 0.01852337280479846
0.14 0 0.33 0.03927201236747666
0.14 0 0.34 0.03614843363151464
0.14 0 0.35000000000000003 0.03575498830275921
0.14 0 0.36 0.052626783429843615
0.14 0 0.37 0.07283709278946178
0.14 0 0.38 0.0528368510168674
0.14 0 0.39 0.024774164309795715
0.14 0 0.4 0.04946399523806142
0.14 0 0.41000000000000003 0.06386470806396405
0.14 0 0.42 0.18306023870822344
0.14 0 0.43 0.13896725612928637
0.14 0 0.44 0.06505512543156648
0.14 0 0.45 0.12268817601319891
0.14 0 0.46 0.041695698439718
0.14 0 0.47000000000000003 0.02175566267150074
0.14 0 0.48 0.01713952791871145
0.14 0 0.49 0.022995234618370813
0.14 0 0.5 0.0167886038992157
0.15 0 0.0 0.007485504999950003
0.15 0 0.01 0.008017250440011671
0.15 0 0.02 0.008235330328068672
0.15 0 0.03 0.01017930294841605
0.15 0 0.04 0.012981683739911232
0.15 0 0.05 0.01291980873708919
0.15 0 0.06 0.02299118077981928
0.15 0 0.07 0.04068631565509595
0.15 0 0.08 0.03840676737678327
0.15 0 0.09 0.014556135131801283
0.15 0 0.1 0.018732901507905183
0.15 0 0.11 0.01298378580371056
0.15 0 0.12 0.004511989288402135
0.15 0 0.13 0.0048266247815319605
0.15 0 0.14 0.006546092734878656
0.15 0 0.15 0.013365916404028592
0.15 0 0.16 0.016392454629569148
0.15 0 0.17 0.008771872505177171
0.15 0 0.18 0.004658414506350714
0.15 0 0.19 0.010730913561906358
0.15 0 0.2 0.010623977843637486
0.15 0 0.21 0.009689450533371743
0.15 0 0.22 0.02423533264166858
0.15 0 0.23 0.025196750937725283
0.15 0 0.24 0.04176608537516802
0.15 0 0.25 0.021361283232602207
0.15 0 0.26 0.025445291720741038
0.15 0 0.27 0.04174476420646128
0.15 0 0.28 0.029997581004942715
0.15 0 0.29 0.05684723017727454
0.15 0 0.3 0.053014489036485854
0.15 0 0.31 0.047649618302879275
0.15 0 0.32 0.01304691547027545
0.15 0 0.33 0.006725738913956889
0.15 0 0.34 0.007381854133487906
0.15 0 0.35000000000000003 0.007643888975413193
0.15 0 0.36 0.016203615030245252
0.15 0 0.37 0.011366028799911118
0.15 0 0.38 0.02397392369364074
0.15 0 0.39 0.048948141347654885
0.15 0 0.4 0.032590543286664525
0.15 0 0.41000000000000003 0.02067304598637152
0.15 0 0.42 0.03595874678249219
0.15 0 0.43 0.0798388174518175
0.15 0 0.44 0.05427766346899108
0.15 0 0.45 0.07478782537521902
0.15 0 0.46 0.05646617782501806
0.15 0 0.47000000000000003 0.04344883271590234
0.15 0 0.48 0.030966455102171234
0.15 0 0.49 0.014859135051001827
0.15 0 0.5 0.02335853015360431
0.16 0 0.0 0.02722413081225652
0.16 0 0.01 0.0580862166315647
0.16 0 0.02 0.037468018922337976
0.16 0 0.03 0.053070680950906106
0.16 0 0.04 0.09198055128180699
0.16 0 0.05 0.0436652956700819
0.16 0 0.06 0.04248086862463685
0.16 0 0.07 0.046494045017692706
0.16 0 0.08 0.12346349507905066
0.16 0 0.09 0.169573467300938
0.16 0 0.1 0.11863404623092116
0.16 0 0.11 0.062039825206161504
0.16 0 0.12 0.048633717815986195
0.16 0 0.13 0.09249250407190107
0.16 0 0.14 0.037234944429168956
0.16 0 0.15 0.03155184049319421
0.16 0 0.16 0.029838183537762717
0.16 0 0.17 0.03066601551855526
0.16 0 0.18 0.02108024686106096
0.16 0 0.19 0.008911230049147342
0.16 0 0.2 0.016213214082977403
0.16 0 0.21 0.016397293479479248
0.16 0 0.22 0.02529171948502981
0.16 0 0.23 0.030819687781182256
0.16 0 0.24 0.05164603925489908
0.16 0 0.25 0.051204315331735424
0.16 0 0.26 0.02377525589024107
0.16 0 0.27 0.04554183700303852
0.16 0 0.28 0.036540583138029395
0.16 0 0.29 0.06991851705541212
0.16 0 0.3 0.10808522726656622
0.16 0 0.31 0.08555942284250163
0.16 0 0.32 0.2092947447673991
0.16 0 0.33 0.18943925883115464
0.16 0 0.34 0.0590125394070533
0.16 0 0.35000000000000003 0.03771703838924025
0.16 0 0.36 0.06348053864287076
0.16 0 0.37 0.05307195988410774
0.16 0 0.38 0.0493238719307984
0.16 0 0.39 0.037406764301723856
0.16 0 0.4 0.03541828984491512
0.16 0 0.41000000000000003 0.030621213149314812
0.16 0 0.42 0.012017372333247046
0.16 0 0.43 0.015791734995870894
0.16 0 0.44 0.028362312780590506
0.16 0 0.45 0.06073094698325065
0.16 0 0.46 0.055981624166752994
0.16 0 0.47000000000000003 0.034498509892402246
0.16 0 0.48 0.019899598905653106
0.16 0 0.49 0.012407499362644318
0.16 0 0.5 0.011949107789947682
0.17 0 0.0 0.015407454229701556
0.17 0 0.01 0.019124761738644813
0.17 0 0.02 0.025310704386365974
0.17 0 0.03 0.018060776705952446
0.17 0 0.04 0.026100568736043085
0.17 0 0.05 0.01710769179880684
0.17 0 0.06 0.04253512998465111
0.17 0 0.07 0.02822229613928827
0.17 0 0.08 0.0067419852464679735
0.17 0 0.09 0.005987399753653196
0.17 0 0.1 0.0038782932257884653
0.17 0 0.11 0.005891221176191752
0.17 0 0.12 0.0026726238872469706
0.17 0 0.13 0.0016310159925507202
0.17 0 0.14 0.002197906544843313
0.17 0 0.15 0.0014939072939947962
0.17 0 0.16 0.0010208275411703902
0.17 0 0.17 0.0014052166255006037
0.17 0 0.18 0.0035023352201358224
0.17 0 0.19 0.003462819720880958
0.17 0 0.2 0.007411394113514793
0.17 0 0.21 0.008843625551270266
0.17 0 0.22 0.008481454374801991
0.17 0 0.23 0.012376847256946143
0.17 0 0.24 0.00643602153812502
0.17 0 0.25 0.007361238271332209
0.17 0 0.26 0.012738403975745527
0.17 0 0.27 0.013688875038045127
0.17 0 0.28 0.009203855596331535
0.17 0 0.29 0.013008745284122608
0.17 0 0.3 0.01478741801832068
0.17 0 0.31 0.008558746707764964
0.17 0 0.32 0.00523083805860363
0.17 0 0.33 0.0057514795020477865
0.17 0 0.34 0.01488299808810622
0.17 0 0.35000000000000003 0.013452436423389542
0.17 0 0.36 0.017009847122772787
0.17 0 0.37 0.02048072190001702
0.17 0 0.38 0.029943507075619942
0.17 0 0.39 0.02831496272393068
0.17 0 0.4 0.014492492584696443
0.17 0 0.41000000000000003 0.026527193648294083
0.17 0 0.42 0.02859892426405506
0.17 0 0.43 0.07645868109630198
0.17 0 0.44 0.06287277075534431
0.17 0 0.45 0.04114543735868328
0.17 0 0.46 0.09785219371356017
0.17 0 0.47000000000000003 0.04716836091075843
0.17 0 0.48 0.04521771068392513
0.17 0 0.49 0.060512483701470346
0.17 0 0.5 0.062048199122249056
0.18 0 0.0 0.04474308040546571
0.18 0 0.01 0.015508169001946206
0.18 0 0.02 0.019342805459824267
0.18 0 0.03 0.01972298102658827
0.18 0 0.04 0.03459278507919214
0.18 0 0.05 0.03456127511886687
0.18 0 0.06 0.008816707565812022
0.18 0 0.07 0.01046271557301618
0.18 0 0.08 0.012151490410133785
0.18 0 0.09 0.009066911244184772
0.18 0 0.1 0.006637818878894481
0.18 0 0.11 0.008421057910674387
0.18 0 0.12 0.00547356642166167
0.18 0 0.13 0.002313223983596158
0.18 0 0.14 0.0014579064749794108
0.18 0 0.15 0.001119230032604142
0.18 0 0.16 0.0017518446853702224
0.18 0 0.17 0.0021451443453131425
0.18 0 0.18 0.0021174377705525803
0.18 0 0.19 0.0018380692530402672
0.18 0 0.2 0.0032290935091839473
0.18 0 0.21 0.002270779351293285
0.18 0 0.22 0.0018145186610035973
0.18 0 0.23 0.004659685529063205
0.18 0 0.24 0.004852851195561552
0.18 0 0.25 0.006853536748534418
0.18 0 0.26 0.005814340015055198
0.18 0 0.27 0.010333744925265976
0.18 0 0.28 0.01581734157880762
0.18 0 0.29 0.010717127769980529
0.18 0 0.3 0.01676662088287771
0.18 0 0.31 0.03543019555130879
0.18 0 0.32 0.07995374112057359
0.18 0 0.33 0.04929727603241939
0.18 0 0.34 0.06096695765874136
0.18 0 0.35000000000000003 0.045078947160151296
0.18 0 0.36 0.03888480357337861
0.18 0 0.37 0.04293609592606509
0.18 0 0.38 0.009133580998900298
0.18 0 0.39 0.018337234900143672
0.18 0 0.4 0.0246569296989823
0.18 0 0.41000000000000003 0.015876782951892158
0.18 0 0.42 0.017543594638682696
0.18 0 0.43 0.016854038874351197
0.18 0 0.44 0.021830619746613954
0.18 0 0.45 0.01688593767930762
0.18 0 0.46 0.03106050682723857
0.18 0 0.47000000000000003 0.04835312092172742
0.18 0 0.48 0.05775749702106612
0.18 0 0.49 0.043542016721737284
0.18 0 0.5 0.036371418674885796
0.19 0 0.0 0.1737679063315399
0.19 0 0.01 0.12562012710023784
0.19 0 0.02 0.1180555396882397
0.19 0 0.03 0.049809446459082
0.19 0 0.04 0.043930398417003094
0.19 0 0.05 0.07198360097526507
0.19 0 0.06 0.03366505376955212
0.19 0 0.07 0.019567879096555166
0.19 0 0.08 0.010373660258982531
0.19 0 0.09 0.007473309495599971
0.19 0 0.1 0.005966254356167251
0.19 0 0.11 0.003965539320962519
0.19 0 0.12 0.0017465255345054068
0.19 0 0.13 0.0018681198017043382
0.19 0 0.14 0.0019086370398766624
0.19 0 0.15 0.00047579753046030293
0.19 0 0.16 0.0004226805523383097
0.19 0 0.17 0.00024311007193214036
0.19 0 0.18 0.0003137363829403951
0.19 0 0.19 0.0003492870657400884
0.19 0 0.2 0.00023606788185665735
0.19 0 0.21 0.0006568940678385136
0.19 0 0.22 0.0003812412978216719
0.19 0 0.23 0.0003816524723099773
0.19 0 0.24 0.0007635345343935179
0.19 0 0.25 0.001902709340637481
0.19 0 0.26 0.003009342061564902
0.19 0 0.27 0.002934666780239007
0.19 0 0.28 0.005419601744551185
0.19 0 0.29 0.005658075252766881
0.19 0 0.3 0.012826644239736637
0.19 0 0.31 0.00995101082899952
0.19 0 0.32 0.011237797259976609
0.19 0 0.33 0.04251517300056056
0.19 0 0.34 0.06013004738614177
0.19 0 0.35000000000000003 0.055909141739884156
0.19 0 0.36 0.049107070453756445
0.19 0 0.37 0.10401791834361411
0.19 0 0.38 0.09752718783930148
0.19 0 0.39 0.09058458403935306
0.19 0 0.4 0.1028759440255426
0.19 0 0.41000000000000003 0.08186534981627444
0.19 0 0.42 0.07248930295028128
0.19 0 0.43 0.036515157800866276
0.19 0 0.44 0.03830227603832858
0.19 0 0.45 0.051366286907257815
0.19 0 0.46 0.05439310468833325
0.19 0 0.47000000000000003 0.0537701646958494
0.19 0 0.48 0.0917890555457292
0.19 0 0.49 0.12324617186229392
0.19 0 0.5 0.16163051934764644
0.2 0 0.0 0.056494641331484415
0.2 0 0.01 0.04499072042803126
0.2 0 0.02 0.03603186662498537
0.2 0 0.03 0.03822495610774914
0.2 0 0.04 0.016761241327773478
0.2 0 0.05 0.008320676079229256
0.2 0 0.06 0.004165278052984823
0.2 0 0.07 0.0060636466270314925
0.2 0 0.08 0.002820667040855248
0.2 0 0.09 0.0010408551407250378
0.2 0 0.1 0.000621390457098397
0.2 0 0.11 0.0004621790154918573
0.2 0 0.12 0.0007696024346018831
0.2 0 0.13 0.00028814424029137214
0.2 0 0.14 0.0003390268607119485
0.2 0 0.15 0.00033942568615023057
0.2 0 0.16 0.00019852037321989291
0.2 0 0.17 0.00023847740417520872
0.2 0 0.18 0.00034915588533341755
0.2 0 0.19 0.0009587059711323308
0.2 0 0.2 0.0008902088817596488
0.2 0 0.21 0.002134842065214
0.2 0 0.22 0.00401122029172547
0.2 0 0.23 0.0047440815172609336
0.2 0 0.24 0.006457297896158398
0.2 0 0.25 0.00247980958521851
0.2 0 0.26 0.002855345755560653
0.2 0 0.27 0.005967717781151539
0.2 0 0.28 0.005509901129544194
0.2 0 0.29 0.004202221975310102
0.2 0 0.3 0.008834520859150425
0.2 0 0.31 0.01256885027959103
0.2 0 0.32 0.011965913501830384
0.2 0 0.33 0.011666422174423133
0.2 0 0.34 0.014164463588756771
0.2 0 0.35000000000000003 0.054906593185885366
0.2 0 0.36 0.07492565432095218
0.2 0 0.37 0.12978541211374212
0.2 0 0.38 0.22993274820285542
0.2 0 0.39 0.19748507420672626
0.2 0 0.4 0.14609567488947484
0.2 0 0.41000000000000003 0.10348033703436024
0.2 0 0.42 0.12987662280643575
0.2 0 0.43 0.17122657578682518
0.2 0 0.44 0.32357858077264817
0.2 0 0.45 0.14028531610240108
0.2 0 0.46 0.13226035684064005
0.2 0 0.47000000000000003 0.13025894910520383
0.2 0 0.48 0.030952756439299088
0.2 0 0.49 0.03277377281796064
0.2 0 0.5 0.035525342834100825
0.21 0 0.0 0.004816758261972473
0.21 0 0.01 0.0053649572950147766
0.21 0 0.02 0.0014413910163246484
0.21 0 0.03 0.0012204534799038563
0.21 0 0.04 0.0009705674299298274
0.21 0 0.05 0.001410924188086191
0.21 0 0.06 0.001043609739864516
0.21 0 0.07 0.0003078716621416313
0.21 0 0.08 0.0004191931951668114
0.21 0 0.09 0.0005731505764787258
0.21 0 0.1 0.0006161905489964445
0.21 0 0.11 0.0006047127306131029
0.21 0 0.12 0.0009548993184289951
0.21 0 0.13 0.0004885927193501733
0.21 0 0.14 0.0003280211499819818
0.21 0 0.15 0.0004818556077763058
0.21 0 0.16 0.0004628367744463817
0.21 0 0.17 0.0012386873499289524
0.21 0 0.18 0.001411935052905699
0.21 0 0.19 0.0015032451906830543
0.21 0 0.2 0.0032413573845579487
0.21 0 0.21 0.0041605592240053875
0.21 0 0.22 0.0024137555082725214
0.21 0 0.23 0.002264956824809975
0.21 0 0.24 0.004201899610222675
0.21 0 0.25 0.006632490564449897
0.21 0 0.26 0.008232280821645385
0.21 0 0.27 0.004986502736592289
0.21 0 0.28 0.008943679084884786
0.21 0 0.29 0.005690292381447955
0.21 0 0.3 0.0021225559151826045
0.21 0 0.31 0.002235141464525672
0.21 0 0.32 0.0025775680176139864
0.21 0 0.33 0.006889897684071856
0.21 0 0.34 0.007559069181122115
0.21 0 0.35000000000000003 0.01258682715091332
0.21 0 0.36 0.013023108829128537
0.21 0 0.37 0.014497799489495132
0.21 0 0.38 0.019396672326680804
0.21 0 0.39 0.01105925772744286
0.21 0 0.4 0.046813716750443095
0.21 0 0.41000000000000003 0.07924750176526728
0.21 0 0.42 0.07003228833464353
0.21 0 0.43 0.08372749975399231
0.21 0 0.44 0.08683491633033898
0.21 0 0.45 0.06854472293434673
0.21 0 0.46 0.03921408849959607
0.21 0 0.47000000000000003 0.07376067262021323
0.21 0 0.48 0.07768816494443875
0.21 0 0.49 0.09858215167350717
0.21 0 0.5 0.052877030918894286
0.22 0 0.0 0.0034127853299778686
0.22 0 0.01 0.0020979945248928403
0.22 0 0.02 0.004507576419775168
0.22 0 0.03 0.005171180599540439
0.22 0 0.04 0.003500456260055541
0.22 0 0.05 0.003478372666845154
0.22 0 0.06 0.0028082918403801345
0.22 0 0.07 0.0015137579813017353
0.22 0 0.08 0.0013586243343473978
0.22 0 0.09 0.0009828334953889144
0.22 0 0.1 0.0015092458636399568
0.22 0 0.11 0.002015096642538093
0.22 0 0.12 0.0027691996702779945
0.22 0 0.13 0.004661161254593324
0.22 0 0.14 0.009290991165452291
0.22 0 0.15 0.01306573846672079
0.22 0 0.16 0.005782659770044062
0.22 0 0.17 0.0071042394036393034
0.22 0 0.18 0.007632930610968442
0.22 0 0.19 0.009384875403333767
0.22 0 0.2 0.0069479790467709135
0.22 0 0.21 0.006054135858585807
0.22 0 0.22 0.011644612269967812
0.22 0 0.23 0.005299858943646822
0.22 0 0.24 0.004013474149754164
0.22 0 0.25 0.004683917662802089
0.22 0 0.26 0.010673522386044295
0.22 0 0.27 0.01131238452167983
0.22 0 0.28 0.010574790931103015
0.22 0 0.29 0.014207104560848647
0.22 0 0.3 0.008924827232030296
0.22 0 0.31 0.020221944785844305
0.22 0 0.32 0.008395252529166272
0.22 0 0.33 0.007370501363895288
0.22 0 0.34 0.02035564786486
0.22 0 0.35000000000000003 0.01160492464045422
0.22 0 0.36 0.010800037604692822
0.22 0 0.37 0.00948502042974034
0.22 0 0.38 0.013540790007932256
0.22 0 0.39 0.015335153803507348
0.22 0 0.4 0.01840856250221232
0.22 0 0.41000000000000003 0.02839703419190805
0.22 0 0.42 0.03598840406552978
0.22 0 0.43 0.027400565521087848
0.22 0 0.44 0.015663244937247193
0.22 0 0.45 0.026090784780812094
0.22 0 0.46 0.02590812577731462
0.22 0 0.47000000000000003 0.026716010291456944
0.22 0 0.48 0.026177505760791094
0.22 0 0.49 0.03398755697045162
0.22 0 0.5 0.06717288551185577
0.23 0 0.0 0.0014911253384915287
0.23 0 0.01 0.0013249174519107624
0.23 0 0.02 0.0011121869724491683
0.23 0 0.03 0.0011790543857609819
0.23 0 0.04 0.0014629216229529948
0.23 0 0.05 0.0015375780568448827
0.23 0 0.06 0.0015581367821107025
0.23 0 0.07 0.0016002338124691167
0.23 0 0.08 0.004947552325812775
0.23 0 0.09 0.0046679610155568145
0.23 0 0.1 0.00910043593613584
0.23 0 0.11 0.023633636607731906
0.23 0 0.12 0.03857776476951073
0.23 0 0.13 0.08213788363728268
0.23 0 0.14 0.02622780139404043
0.23 0 0.15 0.0367152762545126
0.23 0 0.16 0.03965767135537806
0.23 0 0.17 0.01886899930265059
0.23 0 0.18 0.024462955232300514
0.23 0 0.19 0.029151968554974247
0.23 0 0.2 0.026345337236107325
0.23 0 0.21 0.01038863439879087
0.23 0 0.22 0.00976856872460481
0.23 0 0.23 0.008775371628441882
0.23 0 0.24 0.019776817195022073
0.23 0 0.25 0.03158071763178212
0.23 0 0.26 0.017334965328063917
0.23 0 0.27 0.0429914344588318
0.23 0 0.28 0.06078039930959496
0.23 0 0.29 0.06364424987213713
0.23 0 0.3 0.05233315738447241
0.23 0 0.31 0.08075903628361154
0.23 0 0.32 0.17448511373202932
0.23 0 0.33 0.17434961775104005
0.23 0 0.34 0.2132313432371194
0.23 0 0.35000000000000003 0.25420085578556245
0.23 0 0.36 0.31988937014572216
0.23 0 0.37 0.2116453801024406
0.23 0 0.38 0.19649864914626855
0.23 0 0.39 0.1876594135616679
0.23 0 0.4 0.13126400325646564
0.23 0 0.41000000000000003 0.0851915940933473
0.23 0 0.42 0.0814307556288855
0.23 0 0.43 0.11722927042199678
0.23 0 0.44 0.1125613169122307
0.23 0 0.45 0.1353364125680441
0.23 0 0.46 0.06297008557268567
0.23 0 0.47000000000000003 0.16503427238459153
0.23 0 0.48 0.36473115803289213
0.23 0 0.49 0.10840773000734652
0.23 0 0.5 0.11770134421645032
0.24 0 0.0 0.03248570885885974
0.24 0 0.01 0.034936768547744974
0.24 0 0.02 0.02870989888002172
0.24 0 0.03 0.013398714437178017
0.24 0 0.04 0.015829149081813116
0.24 0 0.05 0.013003524663781171
0.24 0 0.06 0.03531112737483847
0.24 0 0.07 0.019925162673528087
0.24 0 0.08 0.008952312253560623
0.24 0 0.09 0.018710629452671216
0.24 0 0.1 0.014801368478313972
0.24 0 0.11 0.027939688066365587
0.24 0 0.12 0.05959839310539086
0.24 0 0.13 0.1667358287523518
0.24 0 0.14 0.18682434496286374
0.24 0 0.15 0.14536784836323985
0.24 0 0.16 0.19026280918936136
0.24 0 0.17 0.15327249838778328
0.24 0 0.18 0.2030872021571591
0.24 0 0.19 0.11283094197526455
0.24 0 0.2 0.08705270697892378
0.24 0 0.21 0.1475337404040601
0.24 0 0.22 0.13334779698960286
0.24 0 0.23 0.041753783294825854
0.24 0 0.24 0.022094452440254396
0.24 0 0.25 0.03446775523588753
0.24 0 0.26 0.05801526056449429
0.24 0 0.27 0.12891510010526136
0.24 0 0.28 0.16936324016882107
0.24 0 0.29 0.49163323650235385
0.24 0 0.3 0.5650944740660994
0.24 0 0.31 0.27809500487695177
0.24 0 0.32 0.30282321943761403
0.24 0 0.33 0.2355124408493937
0.24 0 0.34 0.26583027007406457
0.24 0 0.35000000000000003 0.3010525253163521
0.24 0 0.36 0.34114357675083895
0.24 0 0.37 0.16334037288656844
0.24 0 0.38 0.1024497153852294
0.24 0 0.39 0.03714644848325302
0.24 0 0.4 0.02273377923280863
0.24 0 0.41000000000000003 0.118120807579896
0.24 0 0.42 0.08656065790014206
0.24 0 0.43 0.07954720232684484
0.24 0 0.44 0.07589974710778945
0.24 0 0.45 0.06288649466971022
0.24 0 0.46 0.04907761509054235
0.24 0 0.47000000000000003 0.014185256955277553
0.24 0 0.48 0.022716927453241224
0.24 0 0.49 0.03965833927067627
0.24 0 0.5 0.08407904067842212
0.25 0 0.0 0.09771798971522719
0.25 0 0.01 0.037261848053445346
0.25 0 0.02 0.027769060269591087
0.25 0 0.03 0.022688144841332067
0.25 0 0.04 0.010883900793706616
0.25 0 0.05 0.004419456504027911
0.25 0 0.06 0.004254846048385134
0.25 0 0.07 0.005316160629162253
0.25 0 0.08 0.00422681786747582
0.25 0 0.09 0.008691238222635317
0.25 0 0.1 0.008132508420038325
0.25 0 0.11 0.01012854227409753
0.25 0 0.12 0.012551320773161716
0.25 0 0.13 0.013083928939907412
0.25 0 0.14 0.04801566430814309
0.25 0 0.15 0.18654898455715563
0.25 0 0.16 0.21592724305034564
0.25 0 0.17 0.1301542713712953
0.25 0 0.18 0.14085368297750497
0.25 0 0.19 0.1575024538319071
0.25 0 0.2 0.21831467150035647
0.25 0 0.21 0.08355501934711493
0.25 0 0.22 0.07613489214583945
0.25 0 0.23 0.15090454253163693
0.25 0 0.24 0.06242582417929445
0.25 0 0.25 0.0751019467866686
0.25 0 0.26 0.0720514335756431
0.25 0 0.27 0.11572328484822142
0.25 0 0.28 0.20138485948251744
0.25 0 0.29 0.2740318886617022
0.25 0 0.3 0.43908895767656236
0.25 0 0.31 0.4322559095943875
0.25 0 0.32 0.8970875159089801
0.25 0 0.33 0.611088958553233
0.25 0 0.34 1.1519779365735177
0.25 0 0.35000000000000003 1.8834160272868048
0.25 0 0.36 0.7629295783392999
0.25 0 0.37 0.5450133349159872
0.25 0 0.38 0.41444893844539504
0.25 0 0.39 0.456574782720272
0.25 0 0.4 0.13204167534886618
0.25 0 0.41000000000000003 0.0689258987665908
0.25 0 0.42 0.07856263646502759
0.25 0 0.43 0.11738058079615925
0.25 0 0.44 0.15719472090947145
0.25 0 0.45 0.07205980191051574
0.25 0 0.46 0.103583984750774
0.25 0 0.47000000000000003 0.09312537248834282
0.25 0 0.48 0.09649140420786957
0.25 0 0.49 0.1357333315247256
0.25 0 0.5 0.1388853528855349
0.26 0 0.0 0.048479304925970024
0.26 0 0.01 0.04220925771671536
0.26 0 0.02 0.06879377804841887
0.26 0 0.03 0.057157185391918205
0.26 0 0.04 0.04696441649484287
0.26 0 0.05 0.03743483100024208
0.26 0 0.06 0.017064971963228617
0.26 0 0.07 0.017047782405195992
0.26 0 0.08 0.016444441563459398
0.26 0 0.09 0.01882809222082142
0.26 0 0.1 0.00988263356901806
0.26 0 0.11 0.009476455077819072
0.26 0 0.12 0.01828692282001824
0.26 0 0.13 0.037298157240884006
0.26 0 0.14 0.03958997809079915
0.26 0 0.15 0.017539474014097736
0.26 0 0.16 0.04987643355312358
0.26 0 0.17 0.05856754742907146
0.26 0 0.18 0.043321247732454486
0.26 0 0.19 0.036792670892216314
0.26 0 0.2 0.032032653673265965
0.26 0 0.21 0.038626363996312404
0.26 0 0.22 0.02014831039762781
0.26 0 0.23 0.02542743735803392
0.26 0 0.24 0.015277268120643256
0.26 0 0.25 0.026255292653496964
0.26 0 0.26 0.04105584579676815
0.26 0 0.27 0.024255927196481966
0.26 0 0.28 0.07512097846005414
0.26 0 0.29 0.07467484127852991
0.26 0 0.3 0.07719269799519286
0.26 0 0.31 0.12365634727077784
0.26 0 0.32 0.20969670120497388
0.26 0 0.33 0.2595880688939709
0.26 0 0.34 0.1437024538688451
0.26 0 0.35000000000000003 0.1265927362285132
0.26 0 0.36 0.21241800734450567
0.26 0 0.37 0.3306147809288008
0.26 0 0.38 0.15675974662554915
0.26 0 0.39 0.18783847633313483
0.26 0 0.4 0.24153293196318595
0.26 0 0.41000000000000003 0.23307913252334087
0.26 0 0.42 0.26156140759640095
0.26 0 0.43 0.12822013223828443
0.26 0 0.44 0.11699338960084986
0.26 0 0.45 0.1306091875486547
0.26 0 0.46 0.10191503874283395
0.26 0 0.47000000000000003 0.0739459053085478
0.26 0 0.48 0.1962348071294275
0.26 0 0.49 0.2762166403174529
0.26 0 0.5 0.22015539759189356
0.27 0 0.0 0.1340251028328971
0.27 0 0.01 0.11538177281037029
0.27 0 0.02 0.15340361586120368
0.27 0 0.03 0.11436071839071565
0.27 0 0.04 0.04303241715488085
0.27 0 0.05 0.04572574700293677
0.27 0 0.06 0.02580372717803259
0.27 0 0.07 0.035631571547822836
0.27 0 0.08 0.015369946866677212
0.27 0 0.09 0.01352422909749127
0.27 0 0.1 0.04982539993413334
0.27 0 0.11 0.02615417205269753
0.27 0 0.12 0.013071381958080847
0.27 0 0.13 0.0082760398586637
0.27 0 0.14 0.011342570696068043
0.27 0 0.15 0.013934953330903851
0.27 0 0.16 0.02583778443177662
0.27 0 0.17 0.03826047126949686
0.27 0 0.18 0.046743497975260034
0.27 0 0.19 0.10484320689589494
0.27 0 0.2 0.0491585257971782
0.27 0 0.21 0.0704330138609029
0.27 0 0.22 0.13966385676184054
0.27 0 0.23 0.1699344257327501
0.27 0 0.24 0.201733179199154
0.27 0 0.25 0.1290006564910834
0.27 0 0.26 0.13024252964918562
0.27 0 0.27 0.0771792818747349
0.27 0 0.28 0.04806195876066136
0.27 0 0.29 0.07805231669280684
0.27 0 0.3 0.2184508063657071
0.27 0 0.31 0.17982924391628685
0.27 0 0.32 0.12542088612678373
0.27 0 0.33 0.14725665533284582
0.27 0 0.34 0.1533703684351975
0.27 0 0.35000000000000003 0.2128800760178222
0.27 0 0.36 0.16747806772090384
0.27 0 0.37 0.1992495568265626
0.27 0 0.38 0.17808917286956494
0.27 0 0.39 0.19173285798319223
0.27 0 0.4 0.08884701104180598
0.27 0 0.41000000000000003 0.047224745648029025
0.27 0 0.42 0.13132963727882965
0.27 0 0.43 0.08003692919035395
0.27 0 0.44 0.12253961168149131
0.27 0 0.45 0.28270801907512366
0.27 0 0.46 0.4241145458247264
0.27 0 0.47000000000000003 0.3506724201622568
0.27 0 0.48 0.11793534932532196
0.27 0 0.49 0.10668435353250806
0.27 0 0.5 0.10152952945739968
0.28 0 0.0 0.1398840405112743
0.28 0 0.01 0.2594638168660698
0.28 0 0.02 0.1237022851921243
0.28 0 0.03 0.5115683136368833
0.28 0 0.04 0.7035404723826918
0.28 0 0.05 0.29536988196163666
0.28 0 0.06 0.14475460283117783
0.28 0 0.07 0.10434040754878265
0.28 0 0.08 0.15285511895776963
0.28 0 0.09 0.1414134941769269
0.28 0 0.1 0.16892168552063125
0.28 0 0.11 0.1345210180127849
0.28 0 0.12 0.14333188927864668
0.28 0 0.13 0.08784086416513576
0.28 0 0.14 0.04838639396856043
0.28 0 0.15 0.07442073703059598
0.28 0 0.16 0.180095581797207
0.28 0 0.17 0.38574250361770074
0.28 0 0.18 0.41585265930957693
0.28 0 0.19 0.6553036056748058
0.28 0 0.2 0.6205041122839774
0.28 0 0.21 0.4318738632570923
0.28 0 0.22 0.21973275670519463
0.28 0 0.23 0.30124282635622524
0.28 0 0.24 0.6499596447480093
0.28 0 0.25 0.4005460989382531
0.28 0 0.26 0.5574611115254915
0.28 0 0.27 0.622599567457363
0.28 0 0.28 0.5374511321195151
0.28 0 0.29 0.33121085926596616
0.28 0 0.3 0.25796255180158795
0.28 0 0.31 0.2488189584371896
0.28 0 0.32 0.3739513927634764
0.28 0 0.33 0.6799835420225346
0.28 0 0.34 0.22080958569336714
0.28 0 0.35000000000000003 0.344534932132282
0.28 0 0.36 0.22990542231506952
0.28 0 0.37 0.08655238549307936
0.28 0 0.38 0.13554509886083055
0.28 0 0.39 0.1518598952455254
0.28 0 0.4 0.3566278259813381
0.28 0 0.41000000000000003 0.16143039853069002
0.28 0 0.42 0.08321168149529289
0.28 0 0.43 0.08599442806216152
0.28 0 0.44 0.054356697927583346
0.28 0 0.45 0.028486379554964112
0.28 0 0.46 0.012426523455784492
0.28 0 0.47000000000000003 0.016956002968557444
0.28 0 0.48 0.01885723732427499
0.28 0 0.49 0.03003260229617908
0.28 0 0.5 0.025369382274040165
0.29 0 0.0 0.05079728796155778
0.29 0 0.01 0.07916747155688185
0.29 0 0.02 0.05985045651490438
0.29 0 0.03 0.06023662460834842
0.29 0 0.04 0.07588066441451317
0.29 0 0.05 0.13447418038570932
0.29 0 0.06 0.3650264946623689
0.29 0 0.07 0.37490524908311684
0.29 0 0.08 0.38739156743614184
0.29 0 0.09 0.4764544826975547
0.29 0 0.1 0.499101550646304
0.29 0 0.11 0.31009203534017965
0.29 0 0.12 0.3460406723515913
0.29 0 0.13 0.3847142910911496
0.29 0 0.14 0.5259243679729999
0.29 0 0.15 0.28407364189972256
0.29 0 0.16 0.08524681393427912
0.29 0 0.17 0.21804284523379505
0.29 0 0.18 0.1475827458236056
0.29 0 0.19 0.13530080681288084
0.29 0 0.2 0.2430994049227473
0.29 0 0.21 0.2562575945031842
0.29 0 0.22 0.39013862845738956
0.29 0 0.23 0.27940187157705354
0.29 0 0.24 0.30984111566006867
0.29 0 0.25 0.2820830586767553
0.29 0 0.26 0.45309945104570926
0.29 0 0.27 0.25834446706501035
0.29 0 0.28 0.11173194135509769
0.29 0 0.29 0.1330140754671116
0.29 0 0.3 0.05721355743420228
0.29 0 0.31 0.05515009585223703
0.29 0 0.32 0.048245274809521004
0.29 0 0.33 0.07821568543807636
0.29 0 0.34 0.06558634820067934
0.29 0 0.35000000000000003 0.022557316949770725
0.29 0 0.36 0.028469211500461257
0.29 0 0.37 0.03301494769291845
0.29 0 0.38 0.034112402977213685
0.29 0 0.39 0.013486909110813064
0.29 0 0.4 0.01302561574249545
0.29 0 0.41000000000000003 0.02471247080268959
0.29 0 0.42 0.03208660525881511
0.29 0 0.43 0.04194221021047374
0.29 0 0.44 0.023370576557286995
0.29 0 0.45 0.024539879917491254
0.29 0 0.46 0.043646113678308486
0.29 0 0.47000000000000003 0.04031663284878039
0.29 0 0.48 0.02981832799201525
0.29 0 0.49 0.05499903786487734
0.29 0 0.5 0.029655105979240027
0.3 0 0.0 0.06250087134045211
0.3 0 0.01 0.04615878074804803
0.3 0 0.02 0.04760384907554743
0.3 0 0.03 0.059176262381256346
0.3 0 0.04 0.06289788530480019
0.3 0 0.05 0.04511162546658734
0.3 0 0.06 0.045701793729306446
0.3 0 0.07 0.057172608969667485
0.3 0 0.08 0.11199829374103432
0.3 0 0.09 0.058024213759167526
0.3 0 0.1 0.15353375481393364
0.3 0 0.11 0.47811302752608004
0.3 0 0.12 0.2555970123184067
0.3 0 0.13 0.18065397376662717
0.3 0 0.14 0.07100203252173963
0.3 0 0.15 0.07718835713841864
0.3 0 0.16 0.051624335279915536
0.3 0 0.17 0.05181220292760056
0.3 0 0.18 0.06719537962681732
0.3 0 0.19 0.06943322424551628
0.3 0 0.2 0.1342487359410712
0.3 0 0.21 0.050806107010147934
0.3 0 0.22 0.05457085682031986
0.3 0 0.23 0.08101554970490149
0.3 0 0.24 0.09255108122835477
0.3 0 0.25 0.16160337396222782
0.3 0 0.26 0.20577897829612207
0.3 0 0.27 0.27307653346184807
0.3 0 0.28 0.14504177814333954
0.3 0 0.29 0.08357051446085048
0.3 0 0.3 0.09369947895721696
0.3 0 0.31 0.1456397728220775
0.3 0 0.32 0.054063534326898095
0.3 0 0.33 0.02617856118132307
0.3 0 0.34 0.037952585998839446
0.3 0 0.35000000000000003 0.027504874624710747
0.3 0 0.36 0.025661885154385583
0.3 0 0.37 0.011142707874378393
0.3 0 0.38 0.0076794988126581785
0.3 0 0.39 0.018397765346423095
0.3 0 0.4 0.0346775762290114
0.3 0 0.41000000000000003 0.01794442659875613
0.3 0 0.42 0.012509173933014322
0.3 0 0.43 0.011916126621629768
0.3 0 0.44 0.005104384661615486
0.3 0 0.45 0.007805544969488598
0.3 0 0.46 0.00813889933173931
0.3 0 0.47000000000000003 0.011092796415277608
0.3 0 0.48 0.009191714691871114
0.3 0 0.49 0.0060288873294384185
0.3 0 0.5 0.012388863124647
#STOP
