#MEDIUM_PROPERTIES_DISTRIBUTED
$MSH_TYPE
	 GROUNDWATER_FLOW	
$MMP_TYPE
	 PERMEABILITY	
$DIS_TYPE
	 NEAREST_VALUE	
;hj
$CONVERSION_FACTOR
2e-8;2e-6;2e-13
$DATA
0.0 0 0.0 0.010604780673947977
0.0 0 0.01 0.0017400210475659616
0.0 0 0.02 0.0035709191968577966
0.0 0 0.03 0.0182968724222581
0.0 0 0.04 0.003735060241326282
0.0 0 0.05 0.0020643259849702374
0.0 0 0.06 0.013387859188178391
0.0 0 0.07 0.006459232449282737
0.0 0 0.08 0.01681113593279473
0.0 0 0.09 0.041032713277662024
0.0 0 0.1 0.04156137720754455
0.0 0 0.11 0.02893036027346747
0.0 0 0.12 0.0264377729489536
0.0 0 0.13 0.031669428757534646
0.0 0 0.14 0.00828821931719535
0.0 0 0.15 0.03542910556385507
0.0 0 0.16 0.11003425462203012
0.0 0 0.17 0.11952187671022922
0.0 0 0.18 0.23682219468687007
0.0 0 0.19 0.09950192297890026
0.0 0 0.2 0.060537751400214
0.0 0 0.21 0.05686291538864711
0.0 0 0.22 0.03784598270578841
0.0 0 0.23 0.027058093840357803
0.0 0 0.24 0.03127294733591857
0.0 0 0.25 0.01317782777825543
0.0 0 0.26 0.0020895415653857468
0.0 0 0.27 0.006721319064987198
0.0 0 0.28 0.02100126095571785
0.0 0 0.29 0.01816282313329294
0.0 0 0.3 0.015521782051485106
0.0 0 0.31 0.03434174372336983
0.0 0 0.32 0.07726395023600348
0.0 0 0.33 0.015107629166778113
0.0 0 0.34 0.014112779874557023
0.0 0 0.35000000000000003 0.023568135145966247
0.0 0 0.36 0.024426297694792737
0.0 0 0.37 0.0441069379807026
0.0 0 0.38 0.20883285705362753
0.0 0 0.39 0.2947601772173127
0.0 0 0.4 0.07006855826958691
0.0 0 0.41000000000000003 0.03432729801969768
0.0 0 0.42 0.0046797178767896425
0.0 0 0.43 0.00036589207699736523
0.0 0 0.44 9.918161755373815e-05
0.0 0 0.45 0.00014522025198191002
0.0 0 0.46 0.001090044089393845
0.0 0 0.47000000000000003 0.0006637363019332228
0.0 0 0.48 0.0005144328962785986
0.0 0 0.49 0.005016900107675364
0.0 0 0.5 0.009282385761340559
0.01 0 0.0 0.002391287081970826
0.01 0 0.01 0.0020197866996987074
0.01 0 0.02 0.000614172477098377
0.01 0 0.03 0.00038330343536995557
0.01 0 0.04 0.0008887554145913738
0.01 0 0.05 0.0017646814765884867
0.01 0 0.06 0.0012016258303898153
0.01 0 0.07 0.0019215319158880576
0.01 0 0.08 0.0038123159950372194
0.01 0 0.09 0.0031365820636701795
0.01 0 0.1 0.005582542350106933
0.01 0 0.11 0.009498548496911254
0.01 0 0.12 0.07134304566550607
0.01 0 0.13 0.07084344536421892
0.01 0 0.14 0.11520669918983581
0.01 0 0.15 0.15300625489556566
0.01 0 0.16 0.09443800470582307
0.01 0 0.17 0.06562278852256931
0.01 0 0.18 0.07180556809838783
0.01 0 0.19 0.4848524019767436
0.01 0 0.2 0.16309392978072093
0.01 0 0.21 0.13856489509998865
0.01 0 0.22 0.013115810955783496
0.01 0 0.23 0.0013845205073670878
0.01 0 0.24 0.0011191667272209584
0.01 0 0.25 0.0018730903760196234
0.01 0 0.26 0.005214393528630394
0.01 0 0.27 0.0026020890601729735
0.01 0 0.28 0.002055650743823991
0.01 0 0.29 0.0013144473828520147
0.01 0 0.3 0.008694206098088153
0.01 0 0.31 0.002970324294323584
0.01 0 0.32 0.0033245976730488197
0.01 0 0.33 0.0523412738233593
0.01 0 0.34 0.01735863095425634
0.01 0 0.35000000000000003 0.03278241559667932
0.01 0 0.36 0.047673878799627006
0.01 0 0.37 0.006820224613817986
0.01 0 0.38 0.0026525279901689286
0.01 0 0.39 0.0011257289578192162
0.01 0 0.4 0.00044132169691026355
0.01 0 0.41000000000000003 0.0004071901423769836
0.01 0 0.42 2.8881645974951027e-05
0.01 0 0.43 3.850756063905007e-06
0.01 0 0.44 9.976586550082924e-06
0.01 0 0.45 1.0129113609515266e-05
0.01 0 0.46 2.947797989526725e-05
0.01 0 0.47000000000000003 7.930497462674281e-05
0.01 0 0.48 0.00010395420910482742
0.01 0 0.49 0.0023149225733500004
0.01 0 0.5 0.017368607659035536
0.02 0 0.0 0.013304441233426695
0.02 0 0.01 0.0029340043718845033
0.02 0 0.02 0.002259011117980433
0.02 0 0.03 0.010462892951677382
0.02 0 0.04 0.0017708414605555058
0.02 0 0.05 0.0015077798611235294
0.02 0 0.06 0.00577559376834739
0.02 0 0.07 0.0013476153300627928
0.02 0 0.08 0.0004659595234662503
0.02 0 0.09 0.0018335383500638542
0.02 0 0.1 0.0038018840385073485
0.02 0 0.11 0.0034445958293790845
0.02 0 0.12 0.001369233364523985
0.02 0 0.13 0.004976160799579793
0.02 0 0.14 0.12812564092665713
0.02 0 0.15 0.10003072224694996
0.02 0 0.16 0.03323643160335279
0.02 0 0.17 0.04362636250427444
0.02 0 0.18 0.012876591788056373
0.02 0 0.19 0.006954722963572044
0.02 0 0.2 0.1007959175876969
0.02 0 0.21 0.04138467648748697
0.02 0 0.22 0.03509675037217195
0.02 0 0.23 0.010323156682018473
0.02 0 0.24 0.0012685285172851322
0.02 0 0.25 0.00980854779989256
0.02 0 0.26 0.00953533121579021
0.02 0 0.27 0.011201562230037865
0.02 0 0.28 0.003950313598921608
0.02 0 0.29 0.002661020358479129
0.02 0 0.3 0.003287533835754896
0.02 0 0.31 0.006138002285177125
0.02 0 0.32 0.013300477906186025
0.02 0 0.33 0.018339239375310405
0.02 0 0.34 0.03548684363434862
0.02 0 0.35000000000000003 0.23934031370592396
0.02 0 0.36 2.1492854384338567
0.02 0 0.37 0.012114558168233246
0.02 0 0.38 0.0005061567493152232
0.02 0 0.39 0.00016987546728493828
0.02 0 0.4 5.9768470612741655e-06
0.02 0 0.41000000000000003 1.7724416270152552e-05
0.02 0 0.42 4.91829575694779e-05
0.02 0 0.43 9.301036296787503e-06
0.02 0 0.44 5.336263636811799e-06
0.02 0 0.45 4.987720390083653e-06
0.02 0 0.46 1.3019814441688604e-05
0.02 0 0.47000000000000003 0.0002234919662561747
0.02 0 0.48 0.0007176953472664948
0.02 0 0.49 0.000837238353845272
0.02 0 0.5 0.006668094801574643
0.03 0 0.0 0.0007503771188523655
0.03 0 0.01 0.0007249885914882748
0.03 0 0.02 0.004354941473455392
0.03 0 0.03 0.007158804508826209
0.03 0 0.04 0.0013604790213976716
0.03 0 0.05 0.00031624256470403733
0.03 0 0.06 0.0009235452001312463
0.03 0 0.07 0.0005911509677724517
0.03 0 0.08 0.00025167436866686284
0.03 0 0.09 0.004826840586420944
0.03 0 0.1 0.0021129345587272536
0.03 0 0.11 0.0011315202324037668
0.03 0 0.12 0.003748258060144802
0.03 0 0.13 0.0030960836485479704
0.03 0 0.14 0.03376085846383757
0.03 0 0.15 0.060794268170320846
0.03 0 0.16 0.0730182619059583
0.03 0 0.17 0.13180046698681994
0.03 0 0.18 0.028726584438935134
0.03 0 0.19 0.03731986139795316
0.03 0 0.2 1.2677553156162948
0.03 0 0.21 0.733096759853055
0.03 0 0.22 0.11994211201223272
0.03 0 0.23 0.51095341145253
0.03 0 0.24 0.18211214710619028
0.03 0 0.25 0.17681492128257126
0.03 0 0.26 0.33858196640812305
0.03 0 0.27 0.18204441343131947
0.03 0 0.28 0.19040402534522133
0.03 0 0.29 0.011757882308389967
0.03 0 0.3 0.0022329691435971914
0.03 0 0.31 0.07411587678063408
0.03 0 0.32 0.32556181109465554
0.03 0 0.33 0.07329876682172852
0.03 0 0.34 0.02576094434404341
0.03 0 0.35000000000000003 0.004827889340942919
0.03 0 0.36 0.00024124161123853855
0.03 0 0.37 0.00017959258543256162
0.03 0 0.38 0.0002783222476533086
0.03 0 0.39 5.455893784706598e-05
0.03 0 0.4 2.540798342393478e-05
0.03 0 0.41000000000000003 3.518660974587913e-06
0.03 0 0.42 6.59879369125433e-06
0.03 0 0.43 9.505285105308792e-05
0.03 0 0.44 0.0005048573967681604
0.03 0 0.45 0.00063405490105874
0.03 0 0.46 0.00021980039279548497
0.03 0 0.47000000000000003 0.0004452120328008885
0.03 0 0.48 0.000993641322888639
0.03 0 0.49 0.009735003569223407
0.03 0 0.5 0.03175603710127652
0.04 0 0.0 0.00020958251534112358
0.04 0 0.01 0.005194722645540155
0.04 0 0.02 0.0025498817168895945
0.04 0 0.03 0.00018933846731873435
0.04 0 0.04 0.00011053214813466151
0.04 0 0.05 2.0204220106300887e-05
0.04 0 0.06 3.8515374922371096e-05
0.04 0 0.07 0.00037891695069926365
0.04 0 0.08 0.0003986568850297852
0.04 0 0.09 0.00011106078682058892
0.04 0 0.1 0.00039521931703933433
0.04 0 0.11 0.000845621608496932
0.04 0 0.12 0.0023136541912447367
0.04 0 0.13 0.0038497171190847333
0.04 0 0.14 0.00044225058236198154
0.04 0 0.15 0.0006027044675939832
0.04 0 0.16 0.0005511626996228526
0.04 0 0.17 0.004230409831501405
0.04 0 0.18 0.019126046527332977
0.04 0 0.19 0.024128593461119407
0.04 0 0.2 0.024051429519928114
0.04 0 0.21 0.005994623876554791
0.04 0 0.22 0.004550165835654336
0.04 0 0.23 0.0031409609526550225
0.04 0 0.24 0.026876185099168497
0.04 0 0.25 0.045545638584762044
0.04 0 0.26 0.22982764788903112
0.04 0 0.27 0.4276098560078431
0.04 0 0.28 0.09759691111774535
0.04 0 0.29 0.24346705994926307
0.04 0 0.3 0.7137311488520865
0.04 0 0.31 0.6497744038030177
0.04 0 0.32 0.06003784166837797
0.04 0 0.33 0.020961532775597737
0.04 0 0.34 0.004457904864513296
0.04 0 0.35000000000000003 0.00032278672826880077
0.04 0 0.36 0.00025274080845624894
0.04 0 0.37 0.0019677884767198024
0.04 0 0.38 0.00028847712568722103
0.04 0 0.39 4.4721548037912897e-05
0.04 0 0.4 0.00016808181272099987
0.04 0 0.41000000000000003 7.066361547615208e-05
0.04 0 0.42 2.382692151872836e-05
0.04 0 0.43 6.388292965449309e-05
0.04 0 0.44 3.804708378339525e-05
0.04 0 0.45 8.090112774783143e-06
0.04 0 0.46 5.351494358497208e-05
0.04 0 0.47000000000000003 0.00021475087987247185
0.04 0 0.48 0.00489682784019649
0.04 0 0.49 0.025387550840937995
0.04 0 0.5 0.015295442430034667
0.05 0 0.0 0.0005764781898232265
0.05 0 0.01 0.00011156481031681338
0.05 0 0.02 1.7579062118093857e-05
0.05 0 0.03 3.1801290037418472e-06
0.05 0 0.04 3.080586911086995e-06
0.05 0 0.05 9.279559445712042e-06
0.05 0 0.06 2.8658945239334825e-05
0.05 0 0.07 0.00020404530565015387
0.05 0 0.08 4.458411698476043e-05
0.05 0 0.09 2.502439651605291e-05
0.05 0 0.1 0.00018323243256116798
0.05 0 0.11 0.00044063328559164805
0.05 0 0.12 0.0001975435995913903
0.05 0 0.13 0.0004903957096377571
0.05 0 0.14 0.00036464585241097365
0.05 0 0.15 4.9463092557328735e-05
0.05 0 0.16 0.0022738590208021526
0.05 0 0.17 0.009781068260239742
0.05 0 0.18 0.003030937094786361
0.05 0 0.19 0.0018407460944432174
0.05 0 0.2 0.0007714318778017088
0.05 0 0.21 0.0002873256374432888
0.05 0 0.22 8.894048107300047e-05
0.05 0 0.23 0.0003081305592192491
0.05 0 0.24 0.00021761596514234343
0.05 0 0.25 0.00028154117660030107
0.05 0 0.26 0.005393430331395333
0.05 0 0.27 0.19776967880559607
0.05 0 0.28 0.929404042275862
0.05 0 0.29 0.38498431270715044
0.05 0 0.3 0.1665022166372396
0.05 0 0.31 0.014820645481885223
0.05 0 0.32 0.007212568235936228
0.05 0 0.33 0.0070084926842441915
0.05 0 0.34 0.012461087736931959
0.05 0 0.35000000000000003 0.01659228947866902
0.05 0 0.36 0.005001160438161091
0.05 0 0.37 0.004128252437686606
0.05 0 0.38 0.0006701136569528678
0.05 0 0.39 0.0007177780416052314
0.05 0 0.4 0.0009128506413001351
0.05 0 0.41000000000000003 0.00019102608743993483
0.05 0 0.42 0.0004098603030835381
0.05 0 0.43 0.00037275874121117924
0.05 0 0.44 7.670769735128273e-05
0.05 0 0.45 0.00012292021992266523
0.05 0 0.46 0.0002555364960327379
0.05 0 0.47000000000000003 0.00077344302977993
0.05 0 0.48 0.006601203426354647
0.05 0 0.49 0.009650480415641144
0.05 0 0.5 0.004412119710065161
0.06 0 0.0 0.0004529541627395744
0.06 0 0.01 0.00019370861260133704
0.06 0 0.02 7.756840381569642e-05
0.06 0 0.03 0.0001071245513246614
0.06 0 0.04 0.00013034614872693595
0.06 0 0.05 0.0012269627526154817
0.06 0 0.06 0.003524050155381318
0.06 0 0.07 0.000543198492833833
0.06 0 0.08 7.480815584789697e-05
0.06 0 0.09 4.584398562798852e-05
0.06 0 0.1 5.911302144633051e-05
0.06 0 0.11 1.3525900146790632e-05
0.06 0 0.12 6.260365013779895e-05
0.06 0 0.13 0.0009104703206185689
0.06 0 0.14 0.00021956824812386538
0.06 0 0.15 0.00019164022784832346
0.06 0 0.16 0.0015427840476669326
0.06 0 0.17 0.0015813348917069407
0.06 0 0.18 0.00032536891535913135
0.06 0 0.19 0.0006340102748440853
0.06 0 0.2 0.00038840239391837653
0.06 0 0.21 6.93236355671802e-05
0.06 0 0.22 1.7001977382128443e-05
0.06 0 0.23 3.432937015863195e-05
0.06 0 0.24 0.0012089265432819992
0.06 0 0.25 0.002669054638048154
0.06 0 0.26 0.004399533486908
0.06 0 0.27 0.012957612244696612
0.06 0 0.28 0.022346956324304484
0.06 0 0.29 0.06207735400420635
0.06 0 0.3 0.04327707782466784
0.06 0 0.31 0.03195822069151881
0.06 0 0.32 0.009538699118508485
0.06 0 0.33 0.0014250639300313226
0.06 0 0.34 0.010881629116605755
0.06 0 0.35000000000000003 0.02647576022410705
0.06 0 0.36 0.009296955385871315
0.06 0 0.37 0.008859740827150313
0.06 0 0.38 0.012871710479439523
0.06 0 0.39 0.009119857135720472
0.06 0 0.4 0.014038678875272137
0.06 0 0.41000000000000003 0.04685917375701342
0.06 0 0.42 0.01497981258931637
0.06 0 0.43 0.008065152541579213
0.06 0 0.44 0.0037535468761177534
0.06 0 0.45 0.05442925952427894
0.06 0 0.46 0.07925565094331558
0.06 0 0.47000000000000003 0.02314743282401427
0.06 0 0.48 0.14978208058441062
0.06 0 0.49 0.05017023502816363
0.06 0 0.5 0.02054491734055788
0.07 0 0.0 0.001556234029204316
0.07 0 0.01 0.00015346152610332207
0.07 0 0.02 0.00020892249575795327
0.07 0 0.03 0.0007471485393362237
0.07 0 0.04 0.01911723918289859
0.07 0 0.05 0.05330603151451858
0.07 0 0.06 0.015355455333807565
0.07 0 0.07 0.0007433012621524518
0.07 0 0.08 0.0001675950117775293
0.07 0 0.09 0.00013620771174026138
0.07 0 0.1 8.741567056892068e-05
0.07 0 0.11 0.0005598574768627724
0.07 0 0.12 0.00027059362518502724
0.07 0 0.13 0.0001568205785390011
0.07 0 0.14 6.029061239894389e-05
0.07 0 0.15 0.00033598182271915496
0.07 0 0.16 0.0009148631299366264
0.07 0 0.17 0.0002050667212774752
0.07 0 0.18 0.0005318433090247259
0.07 0 0.19 3.3570616471655745e-05
0.07 0 0.2 5.141183154641367e-06
0.07 0 0.21 0.00011796458315978801
0.07 0 0.22 0.0006621319331916572
0.07 0 0.23 0.0005415922167157223
0.07 0 0.24 0.003876894521131338
0.07 0 0.25 0.0033069259696655675
0.07 0 0.26 0.0008305904761992841
0.07 0 0.27 0.0035315270955426983
0.07 0 0.28 0.003848019243659701
0.07 0 0.29 0.006843906510711247
0.07 0 0.3 0.030465439886367296
0.07 0 0.31 0.0055680728762071575
0.07 0 0.32 0.0010266972975121582
0.07 0 0.33 0.002294511667921138
0.07 0 0.34 0.0025710200095317207
0.07 0 0.35000000000000003 0.0023313471343489813
0.07 0 0.36 0.003154370255261687
0.07 0 0.37 0.009103670567938931
0.07 0 0.38 0.01803659867715053
0.07 0 0.39 0.016815961898634758
0.07 0 0.4 0.019167463415018956
0.07 0 0.41000000000000003 0.014772071500882573
0.07 0 0.42 0.010284033323975067
0.07 0 0.43 0.0019159672441451537
0.07 0 0.44 0.00999608852159951
0.07 0 0.45 0.04922131062707614
0.07 0 0.46 0.24286211213100597
0.07 0 0.47000000000000003 3.515103838564929
0.07 0 0.48 0.7750489348040629
0.07 0 0.49 0.1621145718243059
0.07 0 0.5 0.042791609227114134
0.08 0 0.0 0.00018702556585042045
0.08 0 0.01 0.00028626358704783166
0.08 0 0.02 0.0008770743713936957
0.08 0 0.03 0.011731336370906195
0.08 0 0.04 0.021645304874863436
0.08 0 0.05 0.07912901363790543
0.08 0 0.06 0.012673531979650411
0.08 0 0.07 0.0017081674058450121
0.08 0 0.08 0.0061708648328558015
0.08 0 0.09 0.0010112526828592668
0.08 0 0.1 0.0003273218269883758
0.08 0 0.11 0.00015174591272439376
0.08 0 0.12 0.00014852847719709923
0.08 0 0.13 7.712890919869243e-05
0.08 0 0.14 0.00015358966733393544
0.08 0 0.15 4.25936961150635e-05
0.08 0 0.16 7.501729999976859e-06
0.08 0 0.17 4.0653354953549916e-05
0.08 0 0.18 3.1962663562440757e-05
0.08 0 0.19 6.558551622057807e-05
0.08 0 0.2 0.00015902841229489627
0.08 0 0.21 0.0006622858601695076
0.08 0 0.22 0.0003943081369740359
0.08 0 0.23 0.00023971704830599277
0.08 0 0.24 0.00016627786351853312
0.08 0 0.25 3.977945477136143e-05
0.08 0 0.26 0.00013457744662089964
0.08 0 0.27 0.0005561229512674638
0.08 0 0.28 0.001615871054759478
0.08 0 0.29 0.0014265062146163532
0.08 0 0.3 0.0006280331683467288
0.08 0 0.31 0.00023187093101935863
0.08 0 0.32 0.0002100425439907216
0.08 0 0.33 0.002260818179331151
0.08 0 0.34 0.005673734600447954
0.08 0 0.35000000000000003 0.0010230597907688135
0.08 0 0.36 0.0006290535905894742
0.08 0 0.37 0.0010549242330285358
0.08 0 0.38 0.00813592720539012
0.08 0 0.39 0.030206064890097212
0.08 0 0.4 0.02480317657740581
0.08 0 0.41000000000000003 0.010361323011396228
0.08 0 0.42 0.0018748949329365134
0.08 0 0.43 0.0034721239998780485
0.08 0 0.44 0.020878484280898852
0.08 0 0.45 0.10309437961479867
0.08 0 0.46 0.21101358698446152
0.08 0 0.47000000000000003 0.540453608139177
0.08 0 0.48 0.20459472582678545
0.08 0 0.49 0.034373264435296584
0.08 0 0.5 0.042042758248998245
0.09 0 0.0 0.0044045604403079
0.09 0 0.01 0.039545981513592336
0.09 0 0.02 0.07038297446080896
0.09 0 0.03 0.021460868812202088
0.09 0 0.04 0.00924407590452655
0.09 0 0.05 0.00884713248084051
0.09 0 0.06 0.02642819376827418
0.09 0 0.07 0.010983746665875016
0.09 0 0.08 0.007029827307343036
0.09 0 0.09 0.004108646879988522
0.09 0 0.1 0.0003604503276820692
0.09 0 0.11 3.590560686633845e-05
0.09 0 0.12 2.191268339089151e-05
0.09 0 0.13 1.9753231632074902e-05
0.09 0 0.14 4.558305413527423e-06
0.09 0 0.15 2.5289679811802427e-06
0.09 0 0.16 4.090905198457675e-06
0.09 0 0.17 5.431904801050003e-06
0.09 0 0.18 1.8886458068286364e-05
0.09 0 0.19 0.0002112546142399128
0.09 0 0.2 0.0034128802107421625
0.09 0 0.21 0.0019514992391497829
0.09 0 0.22 0.0006820662744597427
0.09 0 0.23 0.0018843392287815996
0.09 0 0.24 0.0007537401709087686
0.09 0 0.25 0.0037168168572601994
0.09 0 0.26 0.04886053368940201
0.09 0 0.27 0.05758372917484785
0.09 0 0.28 0.006383542894526068
0.09 0 0.29 0.0009660889732777633
0.09 0 0.3 0.0013707078451670087
0.09 0 0.31 0.0009078637953373175
0.09 0 0.32 0.0010273126449740317
0.09 0 0.33 0.0004932025642899667
0.09 0 0.34 0.0005271592715416144
0.09 0 0.35000000000000003 0.00043796436253704324
0.09 0 0.36 0.0001608430934635932
0.09 0 0.37 0.0010728985056974601
0.09 0 0.38 0.0059908357259215
0.09 0 0.39 0.002443286131815952
0.09 0 0.4 0.0008036242367181558
0.09 0 0.41000000000000003 0.010820048971321557
0.09 0 0.42 0.008570484467307066
0.09 0 0.43 0.003079690187433561
0.09 0 0.44 0.017554108323347983
0.09 0 0.45 0.004409912455186832
0.09 0 0.46 0.007094584262908668
0.09 0 0.47000000000000003 0.014980023731194942
0.09 0 0.48 0.043733705660319436
0.09 0 0.49 0.1315506900323033
0.09 0 0.5 0.028246428952371606
0.1 0 0.0 0.12599581485009975
0.1 0 0.01 0.010731114682141996
0.1 0 0.02 0.013292861293063094
0.1 0 0.03 0.011277774108151617
0.1 0 0.04 0.005252398531725896
0.1 0 0.05 0.016563672807252197
0.1 0 0.06 0.0036028184430576156
0.1 0 0.07 0.0031659440476879902
0.1 0 0.08 0.001362074782987419
0.1 0 0.09 0.0006132940984612954
0.1 0 0.1 0.0001202561676738453
0.1 0 0.11 0.00013604329412698869
0.1 0 0.12 0.00029057060265201323
0.1 0 0.13 3.633392485731699e-05
0.1 0 0.14 4.300159339332027e-05
0.1 0 0.15 6.306718315916905e-05
0.1 0 0.16 0.00029635205435615846
0.1 0 0.17 0.000711372884054204
0.1 0 0.18 0.0009377278063865252
0.1 0 0.19 0.0017449801243678948
0.1 0 0.2 0.003693714617323552
0.1 0 0.21 0.005618868547245771
0.1 0 0.22 0.022455888819745008
0.1 0 0.23 0.04190650435227483
0.1 0 0.24 0.01964600997224696
0.1 0 0.25 0.021313119419644942
0.1 0 0.26 0.00845937958642003
0.1 0 0.27 0.008045322095772989
0.1 0 0.28 0.008003951640669284
0.1 0 0.29 0.0035958853329260457
0.1 0 0.3 0.0023553366887001724
0.1 0 0.31 0.0069918561135517004
0.1 0 0.32 0.003409531084266097
0.1 0 0.33 0.003177426387842588
0.1 0 0.34 0.0004900524359806609
0.1 0 0.35000000000000003 6.885116575594481e-05
0.1 0 0.36 8.95532311807364e-05
0.1 0 0.37 1.984081033815665e-05
0.1 0 0.38 0.00012803423153370883
0.1 0 0.39 7.229561914450136e-05
0.1 0 0.4 6.298508750452077e-05
0.1 0 0.41000000000000003 0.0003152511424340972
0.1 0 0.42 0.0003492830727049558
0.1 0 0.43 0.001060508582248551
0.1 0 0.44 0.016803279046796623
0.1 0 0.45 0.038057362652914616
0.1 0 0.46 0.013021945228353352
0.1 0 0.47000000000000003 0.06744831997743284
0.1 0 0.48 0.007760026889840253
0.1 0 0.49 0.01152766176830736
0.1 0 0.5 0.17618568064534987
0.11 0 0.0 0.028457089916639117
0.11 0 0.01 0.033143505028591015
0.11 0 0.02 0.03595097478632745
0.11 0 0.03 0.02271964415453063
0.11 0 0.04 0.03171419532853448
0.11 0 0.05 0.007418969650770085
0.11 0 0.06 0.0016355618153498597
0.11 0 0.07 0.00010261316066497941
0.11 0 0.08 9.371658559464617e-05
0.11 0 0.09 6.684619823280297e-05
0.11 0 0.1 2.767464499026043e-05
0.11 0 0.11 0.00010246547501480424
0.11 0 0.12 0.00043933903023011747
0.11 0 0.13 0.003071191037293789
0.11 0 0.14 0.01067266214100366
0.11 0 0.15 0.0075600122032740535
0.11 0 0.16 0.001427638753036027
0.11 0 0.17 0.004333012189058664
0.11 0 0.18 0.005474533477917842
0.11 0 0.19 0.02324394186151931
0.11 0 0.2 0.608615867922973
0.11 0 0.21 0.07655773677203728
0.11 0 0.22 0.04048761976262957
0.11 0 0.23 0.025642466516044227
0.11 0 0.24 0.010027248095303285
0.11 0 0.25 0.06543241903779641
0.11 0 0.26 0.025669401207584742
0.11 0 0.27 0.0018373026017126318
0.11 0 0.28 0.0026477802390864674
0.11 0 0.29 0.00555212519792367
0.11 0 0.3 0.012409094731299142
0.11 0 0.31 0.03508591657641639
0.11 0 0.32 0.006080285566435995
0.11 0 0.33 0.0013782141581715256
0.11 0 0.34 0.0005607176937787266
0.11 0 0.35000000000000003 4.880230388104319e-05
0.11 0 0.36 6.994473970946837e-05
0.11 0 0.37 0.00024353473616959848
0.11 0 0.38 2.5051594231136266e-05
0.11 0 0.39 3.945886181203653e-05
0.11 0 0.4 0.00010658688691548772
0.11 0 0.41000000000000003 0.00014411863509761354
0.11 0 0.42 0.000798070028067094
0.11 0 0.43 0.0021237172943850777
0.11 0 0.44 0.003200548253485654
0.11 0 0.45 0.004045722251271802
0.11 0 0.46 0.007057180589771528
0.11 0 0.47000000000000003 0.001966460504753741
0.11 0 0.48 0.00583290044656223
0.11 0 0.49 0.015746756245981527
0.11 0 0.5 0.015222627808462893
0.12 0 0.0 0.09601108360744555
0.12 0 0.01 0.24511544602870886
0.12 0 0.02 0.04700228160129992
0.12 0 0.03 0.008892490342220349
0.12 0 0.04 0.013112487178031226
0.12 0 0.05 0.001491815758290405
0.12 0 0.06 0.0006428263432040455
0.12 0 0.07 0.0010768279924309556
0.12 0 0.08 4.094371733570294e-05
0.12 0 0.09 6.512897445780269e-05
0.12 0 0.1 0.000165477775875816
0.12 0 0.11 0.0003391826369662389
0.12 0 0.12 0.016171960443239645
0.12 0 0.13 0.01683496231695561
0.12 0 0.14 0.002166429528415109
0.12 0 0.15 0.007007906433908433
0.12 0 0.16 0.023632443172641356
0.12 0 0.17 0.013359486411181848
0.12 0 0.18 0.021385176590358185
0.12 0 0.19 0.08831672584023482
0.12 0 0.2 0.0473154091724005
0.12 0 0.21 0.04347249117521329
0.12 0 0.22 0.17230563374679886
0.12 0 0.23 0.35666706134870346
0.12 0 0.24 0.09699351474390583
0.12 0 0.25 0.03668644118899105
0.12 0 0.26 0.3623221342755085
0.12 0 0.27 0.21970874403546714
0.12 0 0.28 0.2801418351236467
0.12 0 0.29 0.2732224087952166
0.12 0 0.3 0.028598220129289257
0.12 0 0.31 0.003041928220692694
0.12 0 0.32 0.0006943188747847829
0.12 0 0.33 0.0017673618768728988
0.12 0 0.34 0.0017756629018363726
0.12 0 0.35000000000000003 0.002387374532839049
0.12 0 0.36 0.0008037919031018866
0.12 0 0.37 0.0010661632083756316
0.12 0 0.38 0.0004277491103197235
0.12 0 0.39 0.00032351826824430217
0.12 0 0.4 0.0027436586302135154
0.12 0 0.41000000000000003 0.001279219050611414
0.12 0 0.42 0.003165621126163182
0.12 0 0.43 0.004049177111388005
0.12 0 0.44 0.005004833358192287
0.12 0 0.45 0.04311422164992272
0.12 0 0.46 0.035314013360350165
0.12 0 0.47000000000000003 0.015606646926360148
0.12 0 0.48 0.2693567853724811
0.12 0 0.49 0.3468600850561557
0.12 0 0.5 0.04139329023315018
0.13 0 0.0 0.018707668963358272
0.13 0 0.01 0.028557506042763647
0.13 0 0.02 0.055251489495691114
0.13 0 0.03 0.15092674181471405
0.13 0 0.04 0.0497748857354643
0.13 0 0.05 0.00466941744785619
0.13 0 0.06 0.00044082083080314836
0.13 0 0.07 0.0005196363568979278
0.13 0 0.08 0.0009421465753107291
0.13 0 0.09 0.0003494611143269359
0.13 0 0.1 0.00016184257763465033
0.13 0 0.11 5.973615817756709e-05
0.13 0 0.12 0.0003537628030416982
0.13 0 0.13 0.001557095609493271
0.13 0 0.14 0.00056840008799653
0.13 0 0.15 0.002680495144621015
0.13 0 0.16 0.015892280905743454
0.13 0 0.17 0.006225230897064499
0.13 0 0.18 0.016112306848278888
0.13 0 0.19 0.020995162334910073
0.13 0 0.2 0.003168413254821115
0.13 0 0.21 0.004529276723780401
0.13 0 0.22 0.010308204589971648
0.13 0 0.23 0.011069992434126909
0.13 0 0.24 0.07658302314353813
0.13 0 0.25 0.4362464110622327
0.13 0 0.26 0.21436630494125058
0.13 0 0.27 0.5256513618153127
0.13 0 0.28 0.865494799495009
0.13 0 0.29 1.437444770128648
0.13 0 0.3 0.19058122504302913
0.13 0 0.31 0.011646288169220342
0.13 0 0.32 0.07115877067388825
0.13 0 0.33 0.040817358743169094
0.13 0 0.34 0.04041094001465036
0.13 0 0.35000000000000003 0.031075468020024186
0.13 0 0.36 0.025346666602032716
0.13 0 0.37 0.024121175760014386
0.13 0 0.38 0.015556647205374509
0.13 0 0.39 0.015642576241677763
0.13 0 0.4 0.007594659843737518
0.13 0 0.41000000000000003 0.011678498796710539
0.13 0 0.42 0.002910610220734823
0.13 0 0.43 0.007701447143811522
0.13 0 0.44 0.028934111940719175
0.13 0 0.45 0.17919750482252653
0.13 0 0.46 0.19003019144975203
0.13 0 0.47000000000000003 0.12159203009684941
0.13 0 0.48 1.0231162904127005
0.13 0 0.49 0.8190427219449382
0.13 0 0.5 5.425963865978476
0.14 0 0.0 0.01373562436841904
0.14 0 0.01 0.004827165198588339
0.14 0 0.02 0.017445935116521524
0.14 0 0.03 0.005769192478643867
0.14 0 0.04 0.003075770171409313
0.14 0 0.05 0.003479998837454472
0.14 0 0.06 0.0019150827794983782
0.14 0 0.07 0.0006253567606189418
0.14 0 0.08 0.0003727066187227641
0.14 0 0.09 0.00018975793988968136
0.14 0 0.1 5.20333899380093e-05
0.14 0 0.11 0.00022573624165364697
0.14 0 0.12 0.0002523484454597704
0.14 0 0.13 0.0007365360922635488
0.14 0 0.14 0.002282722397648849
0.14 0 0.15 0.0023826729733277133
0.14 0 0.16 0.005223396438267084
0.14 0 0.17 0.004222970964600611
0.14 0 0.18 0.004043089382799203
0.14 0 0.19 0.002527503348293304
0.14 0 0.2 0.0010128633150853588
0.14 0 0.21 0.002762322203752361
0.14 0 0.22 0.001392926076669241
0.14 0 0.23 0.0011134538367783438
0.14 0 0.24 0.017955005847986046
0.14 0 0.25 0.10943119277577898
0.14 0 0.26 0.7300806379727978
0.14 0 0.27 1.26453374072401
0.14 0 0.28 0.4925573411374766
0.14 0 0.29 0.49715758969830365
0.14 0 0.3 0.7733382989702958
0.14 0 0.31 0.07286685547082707
0.14 0 0.32 0.013595061728782346
0.14 0 0.33 0.020505867979182676
0.14 0 0.34 0.015464317587765538
0.14 0 0.35000000000000003 0.02584237875988594
0.14 0 0.36 0.05061677207007527
0.14 0 0.37 0.433646632838426
0.14 0 0.38 0.5456027881581429
0.14 0 0.39 0.29919013919090187
0.14 0 0.4 0.6675075355301171
0.14 0 0.41000000000000003 0.06604632534868822
0.14 0 0.42 0.024859163531893488
0.14 0 0.43 0.026098669111817692
0.14 0 0.44 0.011269632371773416
0.14 0 0.45 0.04695966491077511
0.14 0 0.46 0.37909768759371926
0.14 0 0.47000000000000003 1.0988154075470757
0.14 0 0.48 0.9409809256193257
0.14 0 0.49 3.7704213168039753
0.14 0 0.5 10.753124273567225
0.15 0 0.0 0.03343484576645225
0.15 0 0.01 0.007333672024163322
0.15 0 0.02 0.0011726439585212562
0.15 0 0.03 0.005884005116661985
0.15 0 0.04 0.006101096959031945
0.15 0 0.05 0.008122969574782006
0.15 0 0.06 0.02470525375971118
0.15 0 0.07 0.01152212834554452
0.15 0 0.08 0.008463722875731184
0.15 0 0.09 0.0010350080937991276
0.15 0 0.1 0.0004288153464916143
0.15 0 0.11 0.00046369894521690227
0.15 0 0.12 0.0007870270002729903
0.15 0 0.13 0.006806304330639256
0.15 0 0.14 0.01603662465563974
0.15 0 0.15 0.019332666967971698
0.15 0 0.16 0.00369548493207653
0.15 0 0.17 0.000664235718269564
0.15 0 0.18 0.00023339946887272628
0.15 0 0.19 0.0002601194430373176
0.15 0 0.2 0.00033220257519976887
0.15 0 0.21 0.00015712027025866922
0.15 0 0.22 0.00011630446005086291
0.15 0 0.23 0.00018322499323955048
0.15 0 0.24 0.001541870137148477
0.15 0 0.25 0.002434225466510851
0.15 0 0.26 0.047380227858283046
0.15 0 0.27 0.44800715868768526
0.15 0 0.28 0.03119504273572556
0.15 0 0.29 0.2988454981025272
0.15 0 0.3 0.9347441829003702
0.15 0 0.31 0.047918312187316264
0.15 0 0.32 0.022797023157180435
0.15 0 0.33 0.040733219213671346
0.15 0 0.34 0.011064148949718834
0.15 0 0.35000000000000003 0.019255172995454362
0.15 0 0.36 0.3170026313161634
0.15 0 0.37 0.08556188762795405
0.15 0 0.38 0.03889262724268425
0.15 0 0.39 0.06344419986185902
0.15 0 0.4 0.13618788424428394
0.15 0 0.41000000000000003 0.07616859051088909
0.15 0 0.42 0.011259371559916999
0.15 0 0.43 0.01636565239288716
0.15 0 0.44 0.03185289711220088
0.15 0 0.45 0.027955823128631627
0.15 0 0.46 0.11730792789061605
0.15 0 0.47000000000000003 0.7500989996029699
0.15 0 0.48 0.4883481077097918
0.15 0 0.49 0.765886720641703
0.15 0 0.5 2.613095615550121
0.16 0 0.0 0.34884349919056434
0.16 0 0.01 0.046899946947619266
0.16 0 0.02 0.05549308256135882
0.16 0 0.03 0.1915372359501386
0.16 0 0.04 0.033756473663011446
0.16 0 0.05 0.018264942653320255
0.16 0 0.06 0.028762006857616953
0.16 0 0.07 0.0024754173199195216
0.16 0 0.08 0.0006445693083634293
0.16 0 0.09 0.0005703150082849634
0.16 0 0.1 0.0017681862361675692
0.16 0 0.11 0.001507848170702461
0.16 0 0.12 0.0005179839440290143
0.16 0 0.13 0.002257596532747839
0.16 0 0.14 0.018959666179994453
0.16 0 0.15 0.0035979602322080825
0.16 0 0.16 0.0029835978081306333
0.16 0 0.17 0.0009323475295228785
0.16 0 0.18 6.414915041084495e-05
0.16 0 0.19 0.00012642782906522473
0.16 0 0.2 0.00011963992750275094
0.16 0 0.21 8.435384667975658e-05
0.16 0 0.22 4.3585135599302684e-05
0.16 0 0.23 0.00018229270831560378
0.16 0 0.24 0.00040698707417785086
0.16 0 0.25 0.006575392669337509
0.16 0 0.26 0.02275654141488177
0.16 0 0.27 0.0072993946743584205
0.16 0 0.28 0.06406513839757717
0.16 0 0.29 0.2547667137083926
0.16 0 0.3 1.8792272138111423
0.16 0 0.31 2.5369134467267855
0.16 0 0.32 4.451275037214731
0.16 0 0.33 1.753075495111119
0.16 0 0.34 0.4645235842206146
0.16 0 0.35000000000000003 1.6870526410003646
0.16 0 0.36 3.245542353531255
0.16 0 0.37 1.7924659977052735
0.16 0 0.38 0.20423597482665604
0.16 0 0.39 0.07347831846539034
0.16 0 0.4 0.022366986175829644
0.16 0 0.41000000000000003 0.0740987378649556
0.16 0 0.42 0.23951479062241698
0.16 0 0.43 0.09430853688664118
0.16 0 0.44 0.08785215338497157
0.16 0 0.45 0.007329704414331554
0.16 0 0.46 0.008897271444620505
0.16 0 0.47000000000000003 0.27136397354482755
0.16 0 0.48 0.9031826626162637
0.16 0 0.49 6.4106204760770416
0.16 0 0.5 23.439756414928908
0.17 0 0.0 0.13213911025278577
0.17 0 0.01 0.3340270351282219
0.17 0 0.02 0.433931736587399
0.17 0 0.03 0.36106242110700965
0.17 0 0.04 0.02274326615997399
0.17 0 0.05 0.01035939361955676
0.17 0 0.06 0.005913259384666723
0.17 0 0.07 0.003186591355112095
0.17 0 0.08 0.0016368808802869849
0.17 0 0.09 0.002485517636899871
0.17 0 0.1 0.012676078497967102
0.17 0 0.11 0.05055740425160141
0.17 0 0.12 0.05289588082492402
0.17 0 0.13 0.005704791779768273
0.17 0 0.14 0.003069799955787426
0.17 0 0.15 0.004461872363848648
0.17 0 0.16 0.008798364636187798
0.17 0 0.17 0.03103190217147843
0.17 0 0.18 0.005423971148635505
0.17 0 0.19 0.00028456163128525526
0.17 0 0.2 9.163155066052883e-05
0.17 0 0.21 2.8177210308979634e-05
0.17 0 0.22 0.00019506137053866595
0.17 0 0.23 0.0021173565618174753
0.17 0 0.24 0.0024456406880505564
0.17 0 0.25 0.003082038184941602
0.17 0 0.26 0.004034093348593653
0.17 0 0.27 0.010911148354772823
0.17 0 0.28 0.11849398107948682
0.17 0 0.29 0.522174336026862
0.17 0 0.3 0.3540834764398926
0.17 0 0.31 3.8954879740746993
0.17 0 0.32 2.2010164413888123
0.17 0 0.33 3.983222142127201
0.17 0 0.34 128.81907658740718
0.17 0 0.35000000000000003 47.565243061605536
0.17 0 0.36 8.08386236224208
0.17 0 0.37 0.9787955579385569
0.17 0 0.38 0.2815880837061601
0.17 0 0.39 0.18558779649288487
0.17 0 0.4 0.6739806003444448
0.17 0 0.41000000000000003 1.561914275856317
0.17 0 0.42 0.7937323545567498
0.17 0 0.43 0.6554149979931235
0.17 0 0.44 0.10704423560260784
0.17 0 0.45 0.041865710088383
0.17 0 0.46 0.20018229361901738
0.17 0 0.47000000000000003 0.8582025465286833
0.17 0 0.48 0.9905716124886043
0.17 0 0.49 1.2769694013324877
0.17 0 0.5 2.1629094733916197
0.18 0 0.0 0.09367631616082635
0.18 0 0.01 0.4423908179203579
0.18 0 0.02 0.4998801352512197
0.18 0 0.03 0.07409156387841538
0.18 0 0.04 0.19784528184735267
0.18 0 0.05 0.025567109192867858
0.18 0 0.06 0.0012038042338227087
0.18 0 0.07 0.002429580043217418
0.18 0 0.08 0.004647963897873768
0.18 0 0.09 0.012976783042095857
0.18 0 0.1 0.017208906845029313
0.18 0 0.11 0.012787037768512385
0.18 0 0.12 0.0018830760161742898
0.18 0 0.13 0.0006738080316353812
0.18 0 0.14 0.0018428006149150474
0.18 0 0.15 0.00574461865749588
0.18 0 0.16 0.006561755253089394
0.18 0 0.17 0.002413425102054099
0.18 0 0.18 0.0025283845810834104
0.18 0 0.19 0.00016837638826335498
0.18 0 0.2 0.00014106163767985735
0.18 0 0.21 0.00015163903510486592
0.18 0 0.22 0.00010640368402992129
0.18 0 0.23 0.0003567455688615508
0.18 0 0.24 0.00027689555460807906
0.18 0 0.25 0.0016215124955817515
0.18 0 0.26 0.011690940040708163
0.18 0 0.27 0.10446308840942689
0.18 0 0.28 0.21302921224115795
0.18 0 0.29 0.2545714519515931
0.18 0 0.3 0.40752698989806113
0.18 0 0.31 0.6571794722086337
0.18 0 0.32 6.090393506007839
0.18 0 0.33 63.91253336105588
0.18 0 0.34 48.22521081382417
0.18 0 0.35000000000000003 10.169846069109498
0.18 0 0.36 6.479398474060955
0.18 0 0.37 1.15798212844864
0.18 0 0.38 0.15440162502054014
0.18 0 0.39 0.1450810990879847
0.18 0 0.4 0.3778174835709812
0.18 0 0.41000000000000003 0.38021349560153317
0.18 0 0.42 0.24559414021412077
0.18 0 0.43 0.2885171894683972
0.18 0 0.44 0.48959618305566094
0.18 0 0.45 0.07055012559503605
0.18 0 0.46 0.05140107714415707
0.18 0 0.47000000000000003 0.21608273190540728
0.18 0 0.48 0.12586684740847745
0.18 0 0.49 0.6194113999445973
0.18 0 0.5 1.124094379747757
0.19 0 0.0 5.638967423918354
0.19 0 0.01 7.614698778652406
0.19 0 0.02 3.023437024461282
0.19 0 0.03 0.17038626731722462
0.19 0 0.04 0.039875135971251766
0.19 0 0.05 0.0346207400965984
0.19 0 0.06 0.04980364563327898
0.19 0 0.07 0.08184456351682279
0.19 0 0.08 0.02331503729253733
0.19 0 0.09 0.010403485167876475
0.19 0 0.1 0.03182878234481275
0.19 0 0.11 0.004091402666782426
0.19 0 0.12 0.0010430843696991531
0.19 0 0.13 0.0022720855262343543
0.19 0 0.14 0.004678227703387985
0.19 0 0.15 0.012358664680526299
0.19 0 0.16 0.011515797173990847
0.19 0 0.17 0.01224326566447878
0.19 0 0.18 0.0005996088357499807
0.19 0 0.19 0.0002939540409594056
0.19 0 0.2 0.0002996690193628398
0.19 0 0.21 0.00030049581268604976
0.19 0 0.22 0.0008463117728736311
0.19 0 0.23 0.0001784119244712653
0.19 0 0.24 0.0003280405736253724
0.19 0 0.25 0.0009044184108334414
0.19 0 0.26 0.0029824840143896853
0.19 0 0.27 0.013806435445040509
0.19 0 0.28 0.5372681201206887
0.19 0 0.29 0.3255993307558235
0.19 0 0.3 0.10567023585029427
0.19 0 0.31 0.7414793451739359
0.19 0 0.32 0.3466766202948307
0.19 0 0.33 2.015170925770115
0.19 0 0.34 3.990919411815311
0.19 0 0.35000000000000003 4.330457924185453
0.19 0 0.36 2.9537676530856833
0.19 0 0.37 0.43694144061026363
0.19 0 0.38 0.14416416131132176
0.19 0 0.39 0.2866442018320599
0.19 0 0.4 0.2543028221618421
0.19 0 0.41000000000000003 0.14078925481380875
0.19 0 0.42 0.29339976339484547
0.19 0 0.43 0.08916982213381663
0.19 0 0.44 0.029323828725234546
0.19 0 0.45 0.05181431883562393
0.19 0 0.46 0.13313025069553258
0.19 0 0.47000000000000003 0.3179879205190781
0.19 0 0.48 1.212552835422738
0.19 0 0.49 0.8317853071013713
0.19 0 0.5 1.8908454749698136
0.2 0 0.0 12.02014011072347
0.2 0 0.01 35.57518561626623
0.2 0 0.02 24.90967852226644
0.2 0 0.03 26.851244709629277
0.2 0 0.04 9.081411655948813
0.2 0 0.05 0.19275368802417397
0.2 0 0.06 0.025111529133976757
0.2 0 0.07 0.008682900542027958
0.2 0 0.08 0.010546399444826157
0.2 0 0.09 0.08230217159038167
0.2 0 0.1 0.004769157863676531
0.2 0 0.11 0.00016632699239901624
0.2 0 0.12 0.00021311001423868475
0.2 0 0.13 0.0002504092732173527
0.2 0 0.14 0.0003619875013878863
0.2 0 0.15 0.0034138754522225257
0.2 0 0.16 0.0034164271000788637
0.2 0 0.17 0.0007757070525860494
0.2 0 0.18 0.0009666066326759856
0.2 0 0.19 0.0004318325782477672
0.2 0 0.2 0.002031392562696741
0.2 0 0.21 0.006104055347944559
0.2 0 0.22 0.0014833311491558167
0.2 0 0.23 0.0005039574687292598
0.2 0 0.24 0.000546782254829978
0.2 0 0.25 0.003271423204568552
0.2 0 0.26 0.007709351773574763
0.2 0 0.27 0.07049433859477243
0.2 0 0.28 0.3213853009520877
0.2 0 0.29 0.13964029468337988
0.2 0 0.3 0.3001494934874142
0.2 0 0.31 1.1414356142777167
0.2 0 0.32 1.7714859937842675
0.2 0 0.33 1.0408574192133477
0.2 0 0.34 2.8578946794830062
0.2 0 0.35000000000000003 0.8228600441305278
0.2 0 0.36 0.14350207549635594
0.2 0 0.37 0.5755153547541229
0.2 0 0.38 0.32766227972986556
0.2 0 0.39 0.40813072359776176
0.2 0 0.4 0.3840420373990952
0.2 0 0.41000000000000003 0.1354359442730375
0.2 0 0.42 0.08107898808503682
0.2 0 0.43 0.09374422893642871
0.2 0 0.44 0.3425937669274446
0.2 0 0.45 2.161834147738603
0.2 0 0.46 3.748016389103022
0.2 0 0.47000000000000003 0.7678784795313229
0.2 0 0.48 1.3826615508586195
0.2 0 0.49 1.7740036685803577
0.2 0 0.5 10.160961775515094
0.21 0 0.0 9.77224564526037
0.21 0 0.01 102.93188852290307
0.21 0 0.02 113.79070811198451
0.21 0 0.03 11.191439955095092
0.21 0 0.04 2.756844785311086
0.21 0 0.05 0.5681471181751467
0.21 0 0.06 0.019406524364157525
0.21 0 0.07 0.009360496361136143
0.21 0 0.08 0.004900213351409528
0.21 0 0.09 0.005597133673297745
0.21 0 0.1 0.0055897381766254976
0.21 0 0.11 0.0017269238585902167
0.21 0 0.12 0.0015207794503137293
0.21 0 0.13 0.0004233897770256854
0.21 0 0.14 0.0003990448586987148
0.21 0 0.15 0.0001754821000741578
0.21 0 0.16 5.3066542279960705e-05
0.21 0 0.17 0.0002828593393023064
0.21 0 0.18 0.005762133327011905
0.21 0 0.19 0.008863373441567724
0.21 0 0.2 0.0018129554156698605
0.21 0 0.21 0.004602162242460237
0.21 0 0.22 0.0007403382516044013
0.21 0 0.23 0.00035283063291729653
0.21 0 0.24 0.0022970909698631034
0.21 0 0.25 0.007468712377526478
0.21 0 0.26 0.09425058758494119
0.21 0 0.27 0.06331390584939624
0.21 0 0.28 0.006546584863917817
0.21 0 0.29 0.05336910431094253
0.21 0 0.3 1.130320582466781
0.21 0 0.31 1.1707423137822741
0.21 0 0.32 7.163595725104153
0.21 0 0.33 9.370949777070917
0.21 0 0.34 0.8117979599530981
0.21 0 0.35000000000000003 0.3360701322483127
0.21 0 0.36 0.6185921902504347
0.21 0 0.37 2.074136864475433
0.21 0 0.38 3.091876392590199
0.21 0 0.39 0.2329283399516608
0.21 0 0.4 0.05562627698705685
0.21 0 0.41000000000000003 0.026870149874764795
0.21 0 0.42 0.014294421177340654
0.21 0 0.43 0.15826887565062775
0.21 0 0.44 0.08719317797443171
0.21 0 0.45 0.07670920991260947
0.21 0 0.46 0.08522960580345001
0.21 0 0.47000000000000003 0.4983295302922263
0.21 0 0.48 3.101034254248453
0.21 0 0.49 6.545229283863851
0.21 0 0.5 41.256153544994916
0.22 0 0.0 11.490160933018055
0.22 0 0.01 13.418302068693368
0.22 0 0.02 23.600361545879164
0.22 0 0.03 1.368326623344936
0.22 0 0.04 0.0908091443212762
0.22 0 0.05 0.14376021750546536
0.22 0 0.06 1.1974022079262665
0.22 0 0.07 0.2150933943788941
0.22 0 0.08 0.06647051789896986
0.22 0 0.09 0.00960499260850344
0.22 0 0.1 0.0020200880769825963
0.22 0 0.11 0.0020404847256543257
0.22 0 0.12 0.0005238142042269422
0.22 0 0.13 0.002966004837738565
0.22 0 0.14 0.00038069272705056317
0.22 0 0.15 0.0001014737327678875
0.22 0 0.16 0.0009058990766967973
0.22 0 0.17 0.004342566135011803
0.22 0 0.18 0.003399268226038836
0.22 0 0.19 0.002097638694637844
0.22 0 0.2 0.001598488059145873
0.22 0 0.21 0.00031592454942082636
0.22 0 0.22 0.0006302906989062154
0.22 0 0.23 0.0007092856572268626
0.22 0 0.24 0.0012579269772738054
0.22 0 0.25 0.0008622714449542975
0.22 0 0.26 0.0013757464605488672
0.22 0 0.27 0.01566352693330545
0.22 0 0.28 0.019733977623379167
0.22 0 0.29 0.14181779039757325
0.22 0 0.3 0.3133024927838682
0.22 0 0.31 0.24878644754919077
0.22 0 0.32 1.010423659034181
0.22 0 0.33 1.100057547227478
0.22 0 0.34 4.750096957803454
0.22 0 0.35000000000000003 120.21329357073391
0.22 0 0.36 57.83910785032454
0.22 0 0.37 2.995327581764807
0.22 0 0.38 1.0382299933815349
0.22 0 0.39 0.250367205063773
0.22 0 0.4 0.020982375154289884
0.22 0 0.41000000000000003 0.014031181285733527
0.22 0 0.42 0.1292950033267583
0.22 0 0.43 0.20311794299808703
0.22 0 0.44 0.08547870385988554
0.22 0 0.45 0.18653900849565405
0.22 0 0.46 0.9910035531140142
0.22 0 0.47000000000000003 1.5677515090967933
0.22 0 0.48 8.58696839911328
0.22 0 0.49 8.780623950423944
0.22 0 0.5 0.2915899624863108
0.23 0 0.0 0.37392876496839605
0.23 0 0.01 0.14819400696684504
0.23 0 0.02 0.4883976684815009
0.23 0 0.03 1.2860305943917132
0.23 0 0.04 0.24830450060138406
0.23 0 0.05 2.619997170017522
0.23 0 0.06 4.987796104573443
0.23 0 0.07 0.11257454135422101
0.23 0 0.08 0.06195688863731065
0.23 0 0.09 0.048588004183991
0.23 0 0.1 0.0010869590165469116
0.23 0 0.11 0.0001657774642576908
0.23 0 0.12 0.00154954864374809
0.23 0 0.13 0.0031089062915402536
0.23 0 0.14 0.0045436089798533705
0.23 0 0.15 0.006576697892415558
0.23 0 0.16 0.04781396247034883
0.23 0 0.17 0.024521953103222652
0.23 0 0.18 0.0028516309441764857
0.23 0 0.19 0.005669656135972429
0.23 0 0.2 0.003520486177650369
0.23 0 0.21 0.020419463500163493
0.23 0 0.22 0.06028459749688736
0.23 0 0.23 0.14019565962373948
0.23 0 0.24 0.25356310325371967
0.23 0 0.25 0.23544575213883392
0.23 0 0.26 0.6099999009546909
0.23 0 0.27 0.6950218824931804
0.23 0 0.28 0.7908773928907981
0.23 0 0.29 0.49050215581250045
0.23 0 0.3 0.22203040168572494
0.23 0 0.31 0.11034488226769915
0.23 0 0.32 0.11275518665741427
0.23 0 0.33 0.09121759870972228
0.23 0 0.34 0.40748446721369547
0.23 0 0.35000000000000003 8.591916997154847
0.23 0 0.36 1.3631617993605714
0.23 0 0.37 0.24669555321568226
0.23 0 0.38 0.28494644695649024
0.23 0 0.39 0.0069969265156871385
0.23 0 0.4 0.0021362491641070507
0.23 0 0.41000000000000003 0.016868724286610088
0.23 0 0.42 0.06903981685891303
0.23 0 0.43 0.058760943686520246
0.23 0 0.44 0.12038342051767882
0.23 0 0.45 0.6122080707068501
0.23 0 0.46 0.5902687909230429
0.23 0 0.47000000000000003 0.3531999720099981
0.23 0 0.48 0.11398900270756156
0.23 0 0.49 0.18060709708227962
0.23 0 0.5 0.02939149916383884
0.24 0 0.0 0.023041392413750337
0.24 0 0.01 0.02115839250196002
0.24 0 0.02 0.01984719725577842
0.24 0 0.03 0.04190822908428011
0.24 0 0.04 0.0647323831055145
0.24 0 0.05 0.5866569576781684
0.24 0 0.06 0.6036845791334192
0.24 0 0.07 0.06530095715736899
0.24 0 0.08 0.07405844057588651
0.24 0 0.09 0.005511091628373072
0.24 0 0.1 0.010641489694007505
0.24 0 0.11 0.10115964850440694
0.24 0 0.12 0.053612019226585504
0.24 0 0.13 0.018384239136222936
0.24 0 0.14 0.014495768163559885
0.24 0 0.15 0.008403237086565875
0.24 0 0.16 0.005506643267634349
0.24 0 0.17 0.012171933030817985
0.24 0 0.18 0.01847148789838927
0.24 0 0.19 0.012995554912221296
0.24 0 0.2 0.0011521055405151195
0.24 0 0.21 0.0011291479555636422
0.24 0 0.22 0.02668048084861357
0.24 0 0.23 0.08633292360533289
0.24 0 0.24 0.4151599484206912
0.24 0 0.25 9.378684854187552
0.24 0 0.26 4.653060408229352
0.24 0 0.27 0.5152336390306497
0.24 0 0.28 0.15567095307625853
0.24 0 0.29 0.1230532364446445
0.24 0 0.3 0.16071769544106235
0.24 0 0.31 0.07846889440884341
0.24 0 0.32 0.03912689728691496
0.24 0 0.33 0.021953313024613123
0.24 0 0.34 0.039723600221678895
0.24 0 0.35000000000000003 0.022844379109459426
0.24 0 0.36 0.030511573845627905
0.24 0 0.37 0.036089523957494006
0.24 0 0.38 0.019507873534058962
0.24 0 0.39 0.028334893498939293
0.24 0 0.4 0.011875101513817684
0.24 0 0.41000000000000003 0.02471433388307576
0.24 0 0.42 0.010078083651830178
0.24 0 0.43 0.024270917125142618
0.24 0 0.44 0.09619904699861845
0.24 0 0.45 0.024479023753177884
0.24 0 0.46 0.4017378155700051
0.24 0 0.47000000000000003 2.385748424755573
0.24 0 0.48 0.22712317724583847
0.24 0 0.49 0.020846964215454344
0.24 0 0.5 0.008626659123144264
0.25 0 0.0 0.028366753172828378
0.25 0 0.01 0.009855184037327507
0.25 0 0.02 0.006691667329439825
0.25 0 0.03 0.003076248367262543
0.25 0 0.04 0.003986285829641382
0.25 0 0.05 0.0036129116763563354
0.25 0 0.06 0.0011467710190260722
0.25 0 0.07 0.0027082136392221562
0.25 0 0.08 0.00216075262216845
0.25 0 0.09 0.006973835501489942
0.25 0 0.1 0.00456105898370851
0.25 0 0.11 0.007101124028981992
0.25 0 0.12 0.006185129206101564
0.25 0 0.13 0.008086789681291496
0.25 0 0.14 0.030950783871988196
0.25 0 0.15 0.0355891707387289
0.25 0 0.16 0.8903681758936157
0.25 0 0.17 0.6547734633361106
0.25 0 0.18 0.05681334927046814
0.25 0 0.19 0.029798365863451106
0.25 0 0.2 0.14082175149349516
0.25 0 0.21 0.08460749091624113
0.25 0 0.22 0.1412212084617269
0.25 0 0.23 0.5829956345654032
0.25 0 0.24 0.09719172889109605
0.25 0 0.25 0.22376826705878916
0.25 0 0.26 0.434084155937523
0.25 0 0.27 0.5682796450623897
0.25 0 0.28 1.8846354996732146
0.25 0 0.29 0.5891322913494496
0.25 0 0.3 0.13896253313867343
0.25 0 0.31 0.21247113154892333
0.25 0 0.32 0.04780358274164272
0.25 0 0.33 0.104044322271351
0.25 0 0.34 0.08135714487974116
0.25 0 0.35000000000000003 0.00647479744138454
0.25 0 0.36 0.013983965179258304
0.25 0 0.37 0.011384199001373406
0.25 0 0.38 0.007871130306998335
0.25 0 0.39 0.10523624448538252
0.25 0 0.4 0.18640794097254304
0.25 0 0.41000000000000003 0.0044425409589626385
0.25 0 0.42 0.0055641849189772465
0.25 0 0.43 0.0050851858119982905
0.25 0 0.44 0.012210775125680695
0.25 0 0.45 0.13090499545685055
0.25 0 0.46 0.05584319735041439
0.25 0 0.47000000000000003 0.03702207893285142
0.25 0 0.48 0.009580793097321115
0.25 0 0.49 0.012336267593892392
0.25 0 0.5 0.006962489687618915
0.26 0 0.0 0.11672380571927087
0.26 0 0.01 1.4813446344535286
0.26 0 0.02 0.17425024858222848
0.26 0 0.03 0.009443230450763345
0.26 0 0.04 0.0008875707607756237
0.26 0 0.05 0.00013135997357133572
0.26 0 0.06 0.0003034906368425447
0.26 0 0.07 0.0009454419025305519
0.26 0 0.08 0.0019640463638742277
0.26 0 0.09 0.004365288896098439
0.26 0 0.1 0.0014316960730156993
0.26 0 0.11 0.00021946799987714323
0.26 0 0.12 0.011294159589652266
0.26 0 0.13 0.053991918797573105
0.26 0 0.14 0.00572202735216141
0.26 0 0.15 0.05341649871880696
0.26 0 0.16 0.07877677012778989
0.26 0 0.17 0.038870310739467014
0.26 0 0.18 0.027560804406138506
0.26 0 0.19 0.0710894804575285
0.26 0 0.2 0.6645483655894604
0.26 0 0.21 0.21095816920568308
0.26 0 0.22 0.2391366366327674
0.26 0 0.23 0.9905582795331878
0.26 0 0.24 0.31384401067191936
0.26 0 0.25 0.07669502245130247
0.26 0 0.26 0.6574185780730333
0.26 0 0.27 1.0130813784357895
0.26 0 0.28 0.5254995236302006
0.26 0 0.29 2.452803629768426
0.26 0 0.3 1.0990298224083719
0.26 0 0.31 0.29271795628927116
0.26 0 0.32 0.038868997161745564
0.26 0 0.33 0.031506310935315265
0.26 0 0.34 0.05107993726137019
0.26 0 0.35000000000000003 0.009984144047911116
0.26 0 0.36 0.031697770837090376
0.26 0 0.37 0.23676496066613045
0.26 0 0.38 0.2555722516485477
0.26 0 0.39 0.038039610452700795
0.26 0 0.4 0.003940323813361933
0.26 0 0.41000000000000003 0.006461331010166818
0.26 0 0.42 0.019887935018380955
0.26 0 0.43 0.02260632834473457
0.26 0 0.44 0.019517817847241548
0.26 0 0.45 0.023293148600451438
0.26 0 0.46 0.0031662855540897897
0.26 0 0.47000000000000003 0.0002467352026064855
0.26 0 0.48 0.0011750351327410665
0.26 0 0.49 0.007397470788310985
0.26 0 0.5 0.02146599756250903
0.27 0 0.0 0.20315469691742938
0.27 0 0.01 0.020155994733319273
0.27 0 0.02 0.007734945177381738
0.27 0 0.03 0.0012674679542737293
0.27 0 0.04 0.0029688249123700433
0.27 0 0.05 0.0007275143374459478
0.27 0 0.06 0.00031021255582917867
0.27 0 0.07 0.0006641705431875754
0.27 0 0.08 0.0001613254705589859
0.27 0 0.09 0.00024071020260101728
0.27 0 0.1 0.0016433457095697717
0.27 0 0.11 0.007389935447095945
0.27 0 0.12 0.033059295871210814
0.27 0 0.13 0.04304096851699294
0.27 0 0.14 0.0058332088683803905
0.27 0 0.15 0.012993029869737407
0.27 0 0.16 0.026861792133941322
0.27 0 0.17 0.03286533592483477
0.27 0 0.18 0.4358365001568781
0.27 0 0.19 0.6382248631282132
0.27 0 0.2 0.21149844605133816
0.27 0 0.21 0.41894742062569623
0.27 0 0.22 0.33517361928371264
0.27 0 0.23 0.22239256861232215
0.27 0 0.24 0.44413307136301605
0.27 0 0.25 0.5095685866689091
0.27 0 0.26 0.4441581902781308
0.27 0 0.27 0.2764913071382046
0.27 0 0.28 1.6401857538774673
0.27 0 0.29 6.528528142655162
0.27 0 0.3 33.4120172517133
0.27 0 0.31 7.118740064061427
0.27 0 0.32 1.490370173190519
0.27 0 0.33 5.995777292434093
0.27 0 0.34 1.2884040045894511
0.27 0 0.35000000000000003 0.4873176480170713
0.27 0 0.36 0.2111139680870173
0.27 0 0.37 0.23146429234578478
0.27 0 0.38 0.03723259363013127
0.27 0 0.39 0.02696973840794204
0.27 0 0.4 0.012617078190283511
0.27 0 0.41000000000000003 0.001355090910164613
0.27 0 0.42 0.0022771824309352155
0.27 0 0.43 0.009732751830658614
0.27 0 0.44 0.12648341418264158
0.27 0 0.45 0.0462786440590999
0.27 0 0.46 0.026276159114335947
0.27 0 0.47000000000000003 0.004693697673464363
0.27 0 0.48 0.00033484265118226356
0.27 0 0.49 0.00047189579406789294
0.27 0 0.5 0.0037252972571151285
0.28 0 0.0 0.04551746002323949
0.28 0 0.01 0.022749254946978985
0.28 0 0.02 0.013919491239966705
0.28 0 0.03 0.025317492920978305
0.28 0 0.04 0.007243404079556254
0.28 0 0.05 0.007932558619240278
0.28 0 0.06 0.0014950173619680954
0.28 0 0.07 0.00044802961483410297
0.28 0 0.08 0.0002919700022455111
0.28 0 0.09 0.0009843070087958324
0.28 0 0.1 0.0036314013239099035
0.28 0 0.11 0.001825680985495868
0.28 0 0.12 0.007065426046886068
0.28 0 0.13 0.02392252406490933
0.28 0 0.14 0.12096548239039671
0.28 0 0.15 0.14640475284240445
0.28 0 0.16 0.11514422803155522
0.28 0 0.17 0.4131565512798175
0.28 0 0.18 0.3567942392115733
0.28 0 0.19 0.27312560823454984
0.28 0 0.2 0.565148864222752
0.28 0 0.21 0.4892067410295234
0.28 0 0.22 0.10608432644891556
0.28 0 0.23 0.0619178753053642
0.28 0 0.24 0.09406265586600648
0.28 0 0.25 0.07528515036912826
0.28 0 0.26 0.04966979536608871
0.28 0 0.27 0.06144363123818963
0.28 0 0.28 0.08856441047184144
0.28 0 0.29 0.9247107172119648
0.28 0 0.3 7.0276545249371125
0.28 0 0.31 6.018996332294216
0.28 0 0.32 4.751917055969242
0.28 0 0.33 4.0158934626490375
0.28 0 0.34 1.4638982092606376
0.28 0 0.35000000000000003 0.3208566779702208
0.28 0 0.36 0.9302590823259376
0.28 0 0.37 0.16681268921201223
0.28 0 0.38 0.024207630637855845
0.28 0 0.39 0.024339089884710608
0.28 0 0.4 0.01675257017448413
0.28 0 0.41000000000000003 0.009200146610428386
0.28 0 0.42 0.0034638553835989734
0.28 0 0.43 0.00987637711484834
0.28 0 0.44 0.0049439447472010315
0.28 0 0.45 0.036254245063140414
0.28 0 0.46 0.06326979241578858
0.28 0 0.47000000000000003 0.011101627871817848
0.28 0 0.48 0.002688037519431434
0.28 0 0.49 0.0002550547095436953
0.28 0 0.5 0.0010950353510636582
0.29 0 0.0 0.4153159608858334
0.29 0 0.01 0.8254373028990634
0.29 0 0.02 0.5339254248976204
0.29 0 0.03 0.08567618682503862
0.29 0 0.04 0.15653947991285866
0.29 0 0.05 0.05881938708605257
0.29 0 0.06 0.03904685622365341
0.29 0 0.07 0.020479226118603058
0.29 0 0.08 0.030815369220349383
0.29 0 0.09 0.028286784749770595
0.29 0 0.1 0.00257601079144866
0.29 0 0.11 0.0030393812272991876
0.29 0 0.12 0.0025799090059174593
0.29 0 0.13 0.0025991024237140663
0.29 0 0.14 0.007024465129186406
0.29 0 0.15 0.04139186148770017
0.29 0 0.16 0.04238204290310883
0.29 0 0.17 0.010151576074103481
0.29 0 0.18 0.009281659966828589
0.29 0 0.19 0.013574508742868925
0.29 0 0.2 0.018430288661883537
0.29 0 0.21 0.0061101078397757655
0.29 0 0.22 0.010104232971775488
0.29 0 0.23 0.1250572268501879
0.29 0 0.24 0.032933625696637346
0.29 0 0.25 0.008150666002413985
0.29 0 0.26 0.0338781902990437
0.29 0 0.27 0.07574524353493908
0.29 0 0.28 0.14943985996408624
0.29 0 0.29 6.3903504918764105
0.29 0 0.3 67.88339855563376
0.29 0 0.31 8.702004296087233
0.29 0 0.32 8.831547638148589
0.29 0 0.33 1.5130610104061901
0.29 0 0.34 0.7913068304997632
0.29 0 0.35000000000000003 3.087578559953156
0.29 0 0.36 0.6378541034983579
0.29 0 0.37 1.550321422186381
0.29 0 0.38 3.2866903986551046
0.29 0 0.39 0.1724696121840998
0.29 0 0.4 0.02926689094267471
0.29 0 0.41000000000000003 0.04439473802699111
0.29 0 0.42 0.013063924754623403
0.29 0 0.43 0.010274740859730487
0.29 0 0.44 0.04525141750503376
0.29 0 0.45 0.12027520739378175
0.29 0 0.46 0.19345084491609352
0.29 0 0.47000000000000003 0.07440684403537201
0.29 0 0.48 0.012493392430778136
0.29 0 0.49 0.0016955151099552759
0.29 0 0.5 0.00034601491327719195
0.3 0 0.0 0.5199898454848793
0.3 0 0.01 0.24625814421683354
0.3 0 0.02 0.5691128249840939
0.3 0 0.03 0.6396366603841893
0.3 0 0.04 0.7283681657944199
0.3 0 0.05 0.8210182172463426
0.3 0 0.06 0.1035921522625568
0.3 0 0.07 0.04907607343142009
0.3 0 0.08 0.06031345849957823
0.3 0 0.09 0.005222864053293507
0.3 0 0.1 0.001664307965867384
0.3 0 0.11 0.002194537906213382
0.3 0 0.12 0.0006588399664596559
0.3 0 0.13 0.0008298724144848205
0.3 0 0.14 0.014020756278799472
0.3 0 0.15 0.12087826555869664
0.3 0 0.16 0.14218400768269035
0.3 0 0.17 0.12219407626505617
0.3 0 0.18 0.07027099874756218
0.3 0 0.19 0.06642997672677614
0.3 0 0.2 0.012524890971664546
0.3 0 0.21 0.02856540015850639
0.3 0 0.22 0.09215538533674844
0.3 0 0.23 0.003423771686321615
0.3 0 0.24 0.004083740894497529
0.3 0 0.25 0.007723117680271871
0.3 0 0.26 0.013558735931992184
0.3 0 0.27 0.07852906037701153
0.3 0 0.28 0.6125972377784537
0.3 0 0.29 6.330225970979339
0.3 0 0.3 10.782219213683705
0.3 0 0.31 23.010315409590934
0.3 0 0.32 12.986200921852522
0.3 0 0.33 6.928751505270205
0.3 0 0.34 1.8697496055017726
0.3 0 0.35000000000000003 1.4217416102221692
0.3 0 0.36 0.9973218072417518
0.3 0 0.37 1.0057621480776395
0.3 0 0.38 2.998021789499132
0.3 0 0.39 0.32619901841389853
0.3 0 0.4 0.6615656767244631
0.3 0 0.41000000000000003 0.2537909975438166
0.3 0 0.42 0.04089759704154074
0.3 0 0.43 0.2589429841946188
0.3 0 0.44 2.1209525935028055
0.3 0 0.45 3.2159107832413727
0.3 0 0.46 1.0460787915920358
0.3 0 0.47000000000000003 0.3389079272325841
0.3 0 0.48 0.019646786600957658
0.3 0 0.49 0.006766634727893459
0.3 0 0.5 0.02909826255537943
#STOP
