#MEDIUM_PROPERTIES_DISTRIBUTED
$MSH_TYPE
	 GROUNDWATER_FLOW	
$MMP_TYPE
	 PERMEABILITY	
$DIS_TYPE
	 NEAREST_VALUE	
;hj
$CONVERSION_FACTOR
2e-8;2e-6;2e-13
$DATA
0.0 0 0.0 0.002450262747172993
0.0 0 0.01 0.0015166217506827231
0.0 0 0.02 0.0009662293922820449
0.0 0 0.03 9.84512827675399e-05
0.0 0 0.04 0.0001576224119058259
0.0 0 0.05 0.000552621427347812
0.0 0 0.06 0.003047284251063231
0.0 0 0.07 0.0025093210130988372
0.0 0 0.08 0.0015684534484198753
0.0 0 0.09 0.0011921269107224163
0.0 0 0.1 0.00011428594859313893
0.0 0 0.11 0.00071679121073139
0.0 0 0.12 5.129353685011132e-05
0.0 0 0.13 0.00024255054054640648
0.0 0 0.14 0.001299615068278897
0.0 0 0.15 0.0018362301449189116
0.0 0 0.16 0.008214338394484206
0.0 0 0.17 0.03444080900336007
0.0 0 0.18 0.01942698811357788
0.0 0 0.19 0.006851584691626603
0.0 0 0.2 0.008102718967321204
0.0 0 0.21 0.00941468798841662
0.0 0 0.22 0.004325603245988298
0.0 0 0.23 0.0017934261021618153
0.0 0 0.24 0.00038035873292864065
0.0 0 0.25 9.665257409103774e-05
0.0 0 0.26 7.995298345877204e-05
0.0 0 0.27 0.001613523437705524
0.0 0 0.28 0.0006984713964370919
0.0 0 0.29 0.0037509392369694484
0.0 0 0.3 0.011997524765970324
0.0 0 0.31 0.010586309910757355
0.0 0 0.32 0.09408918076639095
0.0 0 0.33 0.02557916608550981
0.0 0 0.34 0.025255910101157686
0.0 0 0.35000000000000003 0.00333727991114916
0.0 0 0.36 0.010277407511043408
0.0 0 0.37 0.00032770654861640007
0.0 0 0.38 0.00042969619107616094
0.0 0 0.39 0.00025599175454561144
0.0 0 0.4 0.0008465910174760985
0.0 0 0.41000000000000003 0.002212042152047378
0.0 0 0.42 0.0017174474637173401
0.0 0 0.43 0.0012294864046457537
0.0 0 0.44 8.442433684046348e-05
0.0 0 0.45 0.0011889103663261012
0.0 0 0.46 0.0019433316539292503
0.0 0 0.47000000000000003 0.0009014886484998208
0.0 0 0.48 0.002885501108042737
0.0 0 0.49 0.002916290752802607
0.0 0 0.5 0.0077485583827675885
0.01 0 0.0 0.0028597961315822247
0.01 0 0.01 0.0030781316060107507
0.01 0 0.02 0.0005783121349290443
0.01 0 0.03 0.001579645103971334
0.01 0 0.04 0.0033801990345356083
0.01 0 0.05 0.004411301652550545
0.01 0 0.06 0.006944894016382229
0.01 0 0.07 0.004015214529468724
0.01 0 0.08 0.0034386217257019232
0.01 0 0.09 0.010305982707827788
0.01 0 0.1 0.0008062071507291259
0.01 0 0.11 0.0001736792968807131
0.01 0 0.12 3.733078902746967e-05
0.01 0 0.13 0.00025516763567736854
0.01 0 0.14 0.0007568222712727989
0.01 0 0.15 0.014521069419704295
0.01 0 0.16 0.022325226741733577
0.01 0 0.17 0.006029337383089604
0.01 0 0.18 0.028441796102398314
0.01 0 0.19 0.041808741184033556
0.01 0 0.2 0.012470174854642878
0.01 0 0.21 0.012004418782603955
0.01 0 0.22 0.09937303892206772
0.01 0 0.23 0.02227060256571066
0.01 0 0.24 0.08253311618461669
0.01 0 0.25 0.06090311694587523
0.01 0 0.26 0.005018523280022008
0.01 0 0.27 0.010047800832177598
0.01 0 0.28 0.010720007626486554
0.01 0 0.29 0.0014717741993188743
0.01 0 0.3 0.0028054448067201193
0.01 0 0.31 0.0031347231920901795
0.01 0 0.32 0.025596063277665886
0.01 0 0.33 0.06278645275145318
0.01 0 0.34 0.039242790264380184
0.01 0 0.35000000000000003 0.01787957610856044
0.01 0 0.36 0.0009197811025755273
0.01 0 0.37 0.00019414000292515852
0.01 0 0.38 0.006070721948092894
0.01 0 0.39 0.008251277211784511
0.01 0 0.4 0.028002853690538725
0.01 0 0.41000000000000003 0.004897619822472716
0.01 0 0.42 0.0004732868736593566
0.01 0 0.43 0.0004550694112547611
0.01 0 0.44 0.0001623464119797859
0.01 0 0.45 0.00035790077660870917
0.01 0 0.46 0.001018311075851986
0.01 0 0.47000000000000003 0.02760050233976875
0.01 0 0.48 0.002614659045495807
0.01 0 0.49 0.0016631834025702683
0.01 0 0.5 0.013904238893993203
0.02 0 0.0 0.00047242058406900045
0.02 0 0.01 0.0017501710516072038
0.02 0 0.02 0.0018946568270480362
0.02 0 0.03 0.0023761208817990173
0.02 0 0.04 0.010395238658416807
0.02 0 0.05 0.015480910579484482
0.02 0 0.06 0.01940531052164939
0.02 0 0.07 0.009293489471327191
0.02 0 0.08 0.0024317595083785722
0.02 0 0.09 0.005165712547621393
0.02 0 0.1 0.002064175095708827
0.02 0 0.11 0.005930510800449571
0.02 0 0.12 0.001409376896845012
0.02 0 0.13 0.0015263316653495982
0.02 0 0.14 0.053129849540942305
0.02 0 0.15 0.008491542878377938
0.02 0 0.16 0.03582003227770495
0.02 0 0.17 0.04724560192257321
0.02 0 0.18 0.01638546423492517
0.02 0 0.19 0.055750927997503294
0.02 0 0.2 0.33353236403755676
0.02 0 0.21 0.27867859695309977
0.02 0 0.22 0.9417173607528941
0.02 0 0.23 1.4634880168690272
0.02 0 0.24 0.13327820632892085
0.02 0 0.25 0.15249968767943284
0.02 0 0.26 0.21455670980317068
0.02 0 0.27 0.2393190755617811
0.02 0 0.28 0.19462822312777597
0.02 0 0.29 0.00920226742613858
0.02 0 0.3 0.018099180354167764
0.02 0 0.31 0.0022670594278983262
0.02 0 0.32 0.005643005200509673
0.02 0 0.33 0.007993946182986919
0.02 0 0.34 0.003730583422232608
0.02 0 0.35000000000000003 0.006233182597755961
0.02 0 0.36 0.018109528418915083
0.02 0 0.37 0.10652549592334075
0.02 0 0.38 0.0809258959527738
0.02 0 0.39 0.19852688761848436
0.02 0 0.4 0.03415564958567974
0.02 0 0.41000000000000003 0.01090441561495902
0.02 0 0.42 0.009302082354367587
0.02 0 0.43 0.0014476865997952461
0.02 0 0.44 0.002118741712449196
0.02 0 0.45 0.0020860665595555184
0.02 0 0.46 0.0020626544197040464
0.02 0 0.47000000000000003 0.0027323614345553943
0.02 0 0.48 0.010112996075762111
0.02 0 0.49 0.012930214737996354
0.02 0 0.5 0.022508758279263245
0.03 0 0.0 0.006049022669396754
0.03 0 0.01 0.030482113540555137
0.03 0 0.02 0.02375439830851732
0.03 0 0.03 0.013146332958525858
0.03 0 0.04 0.002708901564832654
0.03 0 0.05 0.006422295745694978
0.03 0 0.06 0.014578553103497925
0.03 0 0.07 0.005434968928858166
0.03 0 0.08 0.00906486837743743
0.03 0 0.09 0.02691380651891126
0.03 0 0.1 0.018028046491604645
0.03 0 0.11 0.00491488251464766
0.03 0 0.12 0.0008235260806855865
0.03 0 0.13 0.00047837073076549785
0.03 0 0.14 0.0015536868453767737
0.03 0 0.15 0.009242184629698853
0.03 0 0.16 0.057629256870330235
0.03 0 0.17 0.02899945050123496
0.03 0 0.18 0.04941545048970971
0.03 0 0.19 0.019474813611374382
0.03 0 0.2 0.08179888361017523
0.03 0 0.21 0.062885124553586
0.03 0 0.22 0.18988397891359085
0.03 0 0.23 0.4437191092360216
0.03 0 0.24 0.3187921750049836
0.03 0 0.25 0.9009901995536866
0.03 0 0.26 0.05518737257731756
0.03 0 0.27 0.1831895654945343
0.03 0 0.28 0.5818329499996198
0.03 0 0.29 0.06632715684140453
0.03 0 0.3 1.0452697740677517
0.03 0 0.31 0.18043736189402426
0.03 0 0.32 0.2594894263970597
0.03 0 0.33 0.07006845506225932
0.03 0 0.34 0.06754374883933735
0.03 0 0.35000000000000003 0.17033585668146406
0.03 0 0.36 0.13266588111394326
0.03 0 0.37 0.6102042150864461
0.03 0 0.38 0.6360183811933305
0.03 0 0.39 3.395001046948492
0.03 0 0.4 0.33280365379631316
0.03 0 0.41000000000000003 0.1072810034778733
0.03 0 0.42 0.03615105131079403
0.03 0 0.43 0.056875265608948886
0.03 0 0.44 0.07706185122645678
0.03 0 0.45 0.026581296089996785
0.03 0 0.46 0.016523151244591337
0.03 0 0.47000000000000003 0.05529436482350868
0.03 0 0.48 0.09269776735263682
0.03 0 0.49 0.09223547518707953
0.03 0 0.5 0.0630720910737623
0.04 0 0.0 0.024897147886876463
0.04 0 0.01 0.019829412794375792
0.04 0 0.02 0.06595074472704841
0.04 0 0.03 0.13409064157317407
0.04 0 0.04 0.06824225991298101
0.04 0 0.05 0.013102740232307095
0.04 0 0.06 0.003452330684327831
0.04 0 0.07 0.002729526462523013
0.04 0 0.08 0.0001419624018651578
0.04 0 0.09 0.0008989401406994648
0.04 0 0.1 0.0024557294539114248
0.04 0 0.11 0.00283721877485569
0.04 0 0.12 0.05159989843512254
0.04 0 0.13 0.010146486853584751
0.04 0 0.14 0.05976661162874219
0.04 0 0.15 0.08757432372544968
0.04 0 0.16 0.0340714219429798
0.04 0 0.17 0.11449373930521495
0.04 0 0.18 0.21592719346847927
0.04 0 0.19 0.15062040014289546
0.04 0 0.2 0.7072543882074175
0.04 0 0.21 0.08535906335184784
0.04 0 0.22 0.15073042859004984
0.04 0 0.23 0.061943310663302394
0.04 0 0.24 0.016438374396370643
0.04 0 0.25 0.03035046600250722
0.04 0 0.26 0.14244665144696814
0.04 0 0.27 0.31511930794392606
0.04 0 0.28 0.5381928094567426
0.04 0 0.29 0.5896566034908354
0.04 0 0.3 0.1446144874062592
0.04 0 0.31 0.6901523638208483
0.04 0 0.32 1.6840864798446655
0.04 0 0.33 1.913964675633189
0.04 0 0.34 11.394268669096972
0.04 0 0.35000000000000003 17.62548393438251
0.04 0 0.36 3.4579602404064675
0.04 0 0.37 3.1767779580278575
0.04 0 0.38 0.2370826541088053
0.04 0 0.39 0.6394279905245601
0.04 0 0.4 2.925789276765945
0.04 0 0.41000000000000003 12.110569295668672
0.04 0 0.42 4.9689612707963375
0.04 0 0.43 3.4923256002810406
0.04 0 0.44 0.5838101386243877
0.04 0 0.45 0.20956715308777613
0.04 0 0.46 0.032667662412194876
0.04 0 0.47000000000000003 0.030065273506933596
0.04 0 0.48 0.053606000177036074
0.04 0 0.49 0.05014407804137121
0.04 0 0.5 0.07849931299222032
0.05 0 0.0 0.023256730161539382
0.05 0 0.01 0.24500611707248962
0.05 0 0.02 0.9184231504789937
0.05 0 0.03 0.20932501378233834
0.05 0 0.04 0.39074084927340147
0.05 0 0.05 0.08377699651534039
0.05 0 0.06 0.028601731024137128
0.05 0 0.07 0.005304276746832758
0.05 0 0.08 0.0038973463029044965
0.05 0 0.09 0.0022544565228549605
0.05 0 0.1 0.007513019909159006
0.05 0 0.11 0.003616923027924443
0.05 0 0.12 0.010334984795153393
0.05 0 0.13 0.016049348957150208
0.05 0 0.14 0.08520065047161923
0.05 0 0.15 0.12309602508274926
0.05 0 0.16 0.24160201789234426
0.05 0 0.17 0.3672477935234592
0.05 0 0.18 0.19873337860411142
0.05 0 0.19 0.10878573494086947
0.05 0 0.2 0.1980682157650682
0.05 0 0.21 0.16835647652699587
0.05 0 0.22 0.07585590324608639
0.05 0 0.23 0.46934164640923526
0.05 0 0.24 0.28930729666541855
0.05 0 0.25 0.6255894926294712
0.05 0 0.26 0.6966244866943954
0.05 0 0.27 0.271146297952791
0.05 0 0.28 0.41550886120898733
0.05 0 0.29 0.43723014215127587
0.05 0 0.3 1.8301911042769663
0.05 0 0.31 1.5685752413457799
0.05 0 0.32 0.9041008160863264
0.05 0 0.33 6.920609384539986
0.05 0 0.34 1.0250822990212527
0.05 0 0.35000000000000003 23.93892537124314
0.05 0 0.36 19.66494646928579
0.05 0 0.37 8.58437628227248
0.05 0 0.38 0.39071701465999975
0.05 0 0.39 0.7318159044273849
0.05 0 0.4 0.758711629552863
0.05 0 0.41000000000000003 0.12385243917669045
0.05 0 0.42 0.8466901319702972
0.05 0 0.43 0.1613596317970702
0.05 0 0.44 0.2040951006067622
0.05 0 0.45 0.2304924486666066
0.05 0 0.46 0.05266001823375315
0.05 0 0.47000000000000003 0.052249715535012994
0.05 0 0.48 0.4433654302957927
0.05 0 0.49 0.2391548478643381
0.05 0 0.5 0.2069149660887016
0.06 0 0.0 0.017600000045457892
0.06 0 0.01 0.02492285612854831
0.06 0 0.02 0.15047359431647922
0.06 0 0.03 0.5343053313268777
0.06 0 0.04 0.20116693946737657
0.06 0 0.05 0.09926216176081286
0.06 0 0.06 0.1325509475724724
0.06 0 0.07 0.23429860277816866
0.06 0 0.08 0.26355923785635493
0.06 0 0.09 0.0659885660570734
0.06 0 0.1 0.2932998319976691
0.06 0 0.11 0.014883130892880674
0.06 0 0.12 0.21830830274211466
0.06 0 0.13 0.1284405926058474
0.06 0 0.14 0.022714692082499616
0.06 0 0.15 0.1732636491012644
0.06 0 0.16 0.01409441667407932
0.06 0 0.17 0.5046304578386406
0.06 0 0.18 5.338280818848023
0.06 0 0.19 5.679419577414012
0.06 0 0.2 0.472484892965431
0.06 0 0.21 0.4991525933500832
0.06 0 0.22 1.993117117662601
0.06 0 0.23 3.3716541114651695
0.06 0 0.24 4.20514211623908
0.06 0 0.25 2.014815410866592
0.06 0 0.26 0.4811599919594219
0.06 0 0.27 1.7509000019784138
0.06 0 0.28 1.369229714194959
0.06 0 0.29 0.7396562582133921
0.06 0 0.3 0.3074597089953013
0.06 0 0.31 0.7508366384042607
0.06 0 0.32 1.7241856242407638
0.06 0 0.33 0.6671237653817861
0.06 0 0.34 4.545095303609228
0.06 0 0.35000000000000003 17.745274415644637
0.06 0 0.36 6.4108458720354875
0.06 0 0.37 86.42560754745037
0.06 0 0.38 15.24603432277947
0.06 0 0.39 8.693258398752507
0.06 0 0.4 40.75198959763312
0.06 0 0.41000000000000003 17.09983610174094
0.06 0 0.42 7.4408190911318215
0.06 0 0.43 11.95327449226737
0.06 0 0.44 52.23700822548901
0.06 0 0.45 20.08579948460207
0.06 0 0.46 591.1463917738632
0.06 0 0.47000000000000003 68.49544930341915
0.06 0 0.48 33.96477067012222
0.06 0 0.49 53.08221956351709
0.06 0 0.5 3.4081517909494794
0.07 0 0.0 0.0004628494844470921
0.07 0 0.01 0.00039375102708299694
0.07 0 0.02 0.0002356103898959294
0.07 0 0.03 5.130635615194683e-05
0.07 0 0.04 0.00014858770242290637
0.07 0 0.05 0.004768724314488985
0.07 0 0.06 0.0008523038355538806
0.07 0 0.07 0.011621398311138731
0.07 0 0.08 0.007815608663531818
0.07 0 0.09 0.009311206217573476
0.07 0 0.1 0.3043104678825948
0.07 0 0.11 0.39106641602129416
0.07 0 0.12 0.12588038420136854
0.07 0 0.13 0.1024114792054068
0.07 0 0.14 0.2011993744552361
0.07 0 0.15 0.08942075343939919
0.07 0 0.16 0.08041362680087433
0.07 0 0.17 0.29221997656686527
0.07 0 0.18 0.19490241124453409
0.07 0 0.19 1.8587487069972946
0.07 0 0.2 1.8963929805839403
0.07 0 0.21 4.797439380186687
0.07 0 0.22 11.429253436990125
0.07 0 0.23 13.086249503644229
0.07 0 0.24 5.605587369879068
0.07 0 0.25 4.031110373018721
0.07 0 0.26 15.075738061651872
0.07 0 0.27 12.860372356760848
0.07 0 0.28 9.579118956321725
0.07 0 0.29 27.097970742269023
0.07 0 0.3 2.1658086514331267
0.07 0 0.31 1.3864249361190495
0.07 0 0.32 2.195402073587476
0.07 0 0.33 4.530535804848884
0.07 0 0.34 2.1322362234997487
0.07 0 0.35000000000000003 8.238012366464707
0.07 0 0.36 39.86257034195235
0.07 0 0.37 3.40669510862979
0.07 0 0.38 11.643805628665675
0.07 0 0.39 3.44187870355129
0.07 0 0.4 10.417437429416514
0.07 0 0.41000000000000003 12.256099046647915
0.07 0 0.42 1.4490757293078949
0.07 0 0.43 2.0766148335211434
0.07 0 0.44 0.9684922344740294
0.07 0 0.45 2.7176149567146206
0.07 0 0.46 2.488775153488587
0.07 0 0.47000000000000003 0.45416258618133304
0.07 0 0.48 1.2805079649205242
0.07 0 0.49 0.40334621598328146
0.07 0 0.5 1.3071256373553735
0.08 0 0.0 0.01069336026419076
0.08 0 0.01 0.011920026456903926
0.08 0 0.02 0.06459801351175518
0.08 0 0.03 0.05878766887775956
0.08 0 0.04 0.013063416109549973
0.08 0 0.05 0.030669027897750972
0.08 0 0.06 0.012916301555654517
0.08 0 0.07 0.024673759245292706
0.08 0 0.08 0.06521409366443974
0.08 0 0.09 0.20381937498613287
0.08 0 0.1 0.7900615852721824
0.08 0 0.11 0.44268832556005616
0.08 0 0.12 1.1579951704785731
0.08 0 0.13 1.038102384293375
0.08 0 0.14 1.0581749093168777
0.08 0 0.15 6.140866173819815
0.08 0 0.16 0.43716376666608975
0.08 0 0.17 0.16960440150425513
0.08 0 0.18 0.6426073193863394
0.08 0 0.19 2.9073877720777177
0.08 0 0.2 6.202851420108109
0.08 0 0.21 15.84166231087399
0.08 0 0.22 9.743750158419944
0.08 0 0.23 10.595369402894143
0.08 0 0.24 5.366215093463187
0.08 0 0.25 0.5297708838538772
0.08 0 0.26 0.29662484694371766
0.08 0 0.27 2.078227317760442
0.08 0 0.28 0.188920568155645
0.08 0 0.29 0.041075675098911316
0.08 0 0.3 0.045841977561147336
0.08 0 0.31 0.07757043483861939
0.08 0 0.32 0.6604694491256692
0.08 0 0.33 2.4142213682521745
0.08 0 0.34 1.0832254837678559
0.08 0 0.35000000000000003 0.9625919144023969
0.08 0 0.36 0.7251260389727777
0.08 0 0.37 0.3280580684113063
0.08 0 0.38 1.6743622439022652
0.08 0 0.39 0.09091912854069345
0.08 0 0.4 0.18962795641840774
0.08 0 0.41000000000000003 0.0651599640719712
0.08 0 0.42 0.050739621630185146
0.08 0 0.43 0.10885724311924774
0.08 0 0.44 0.5111964430731557
0.08 0 0.45 0.5429809430701577
0.08 0 0.46 0.8696230992268178
0.08 0 0.47000000000000003 0.6287153199145545
0.08 0 0.48 0.5081928352505374
0.08 0 0.49 3.304651608119339
0.08 0 0.5 0.5228391285968708
0.09 0 0.0 0.01898640819819235
0.09 0 0.01 0.026494561116240354
0.09 0 0.02 0.07478239894192194
0.09 0 0.03 0.11926576236663215
0.09 0 0.04 0.028246616238340794
0.09 0 0.05 0.004862677482087937
0.09 0 0.06 0.01800100606622416
0.09 0 0.07 0.003972173784019292
0.09 0 0.08 0.004335739163541558
0.09 0 0.09 0.0019460256590896
0.09 0 0.1 0.002621985461587317
0.09 0 0.11 0.004704291586713427
0.09 0 0.12 0.002892954253637358
0.09 0 0.13 0.030740340971025737
0.09 0 0.14 0.0860257534502772
0.09 0 0.15 0.5569233978978008
0.09 0 0.16 0.11630117601145769
0.09 0 0.17 0.15909240270624267
0.09 0 0.18 0.029530686571727652
0.09 0 0.19 0.43495921129249376
0.09 0 0.2 0.6757310979440351
0.09 0 0.21 0.21434295045420673
0.09 0 0.22 0.1523955664489774
0.09 0 0.23 0.011724489768795834
0.09 0 0.24 0.02858868023399385
0.09 0 0.25 0.03922228055644113
0.09 0 0.26 0.019605846810267644
0.09 0 0.27 0.01007361815088487
0.09 0 0.28 0.021657696743870566
0.09 0 0.29 0.007772012912243217
0.09 0 0.3 0.016301922528448407
0.09 0 0.31 0.07314027184637334
0.09 0 0.32 0.026076010515394998
0.09 0 0.33 0.025856431576100253
0.09 0 0.34 0.027259298986065033
0.09 0 0.35000000000000003 0.0027595220870819132
0.09 0 0.36 0.03548201883430368
0.09 0 0.37 0.024359228067102032
0.09 0 0.38 0.3399328279546653
0.09 0 0.39 0.1951024516890298
0.09 0 0.4 0.09096555783201161
0.09 0 0.41000000000000003 0.13541644707500347
0.09 0 0.42 0.017198085008486363
0.09 0 0.43 0.040997362273309274
0.09 0 0.44 0.24029089835731324
0.09 0 0.45 0.8188888355032434
0.09 0 0.46 2.3589522789225756
0.09 0 0.47000000000000003 0.5669370669096399
0.09 0 0.48 0.40448305278291224
0.09 0 0.49 0.34507016287315334
0.09 0 0.5 0.1617038077353539
0.1 0 0.0 0.004397531317737913
0.1 0 0.01 0.007414587727360396
0.1 0 0.02 0.01136622273600834
0.1 0 0.03 0.008703296774387831
0.1 0 0.04 0.004850604270598754
0.1 0 0.05 0.007820658976491241
0.1 0 0.06 0.0022634154515711003
0.1 0 0.07 0.021506543982406815
0.1 0 0.08 0.023903539536528923
0.1 0 0.09 0.01021291225921448
0.1 0 0.1 0.012713646879895294
0.1 0 0.11 0.03379349181825501
0.1 0 0.12 0.027323615432585848
0.1 0 0.13 0.18377309558340402
0.1 0 0.14 0.057138324650540105
0.1 0 0.15 0.023980387486402337
0.1 0 0.16 0.004217209558204948
0.1 0 0.17 0.0011635793729322008
0.1 0 0.18 0.0003599852272468754
0.1 0 0.19 0.0017254818521304552
0.1 0 0.2 0.01451609733616032
0.1 0 0.21 0.0035120507598855374
0.1 0 0.22 0.009167106703377474
0.1 0 0.23 0.002802142288109272
0.1 0 0.24 0.006756827240793104
0.1 0 0.25 0.005211001465492012
0.1 0 0.26 0.03428408398377332
0.1 0 0.27 0.02905462509583438
0.1 0 0.28 0.034368526075209946
0.1 0 0.29 0.006894312375984389
0.1 0 0.3 0.008651832980048199
0.1 0 0.31 0.0051830699745012325
0.1 0 0.32 0.006553039274793204
0.1 0 0.33 0.017875206328211546
0.1 0 0.34 0.004871757327195962
0.1 0 0.35000000000000003 0.013128328198562609
0.1 0 0.36 0.043325391630398946
0.1 0 0.37 0.0030182101976454086
0.1 0 0.38 0.034704176144095
0.1 0 0.39 0.1498893128601623
0.1 0 0.4 0.06997408184950994
0.1 0 0.41000000000000003 0.5771252427321351
0.1 0 0.42 0.16855662801470458
0.1 0 0.43 0.41761143893736896
0.1 0 0.44 0.3558478450811166
0.1 0 0.45 0.37133946877368273
0.1 0 0.46 0.1010384500334977
0.1 0 0.47000000000000003 0.10445873302778305
0.1 0 0.48 0.26311947824959736
0.1 0 0.49 0.5338167651252156
0.1 0 0.5 2.9273089249224666
0.11 0 0.0 0.0012753529443007032
0.11 0 0.01 0.00033249750234394954
0.11 0 0.02 0.003850506590354148
0.11 0 0.03 0.0029534576587089325
0.11 0 0.04 0.0013251847150943833
0.11 0 0.05 0.002060706738222357
0.11 0 0.06 0.008941833195249391
0.11 0 0.07 0.06562951206588931
0.11 0 0.08 0.06898158502117478
0.11 0 0.09 0.942509700791721
0.11 0 0.1 0.02165254677837336
0.11 0 0.11 0.07817189305168164
0.11 0 0.12 0.11015821598089219
0.11 0 0.13 0.009209029703583586
0.11 0 0.14 0.014688181438943217
0.11 0 0.15 0.00257932680469946
0.11 0 0.16 0.001654538372892256
0.11 0 0.17 0.00023695601548055683
0.11 0 0.18 0.0011052150586308423
0.11 0 0.19 0.00019312338087642782
0.11 0 0.2 0.0015122761556085318
0.11 0 0.21 0.001961763730234957
0.11 0 0.22 0.005253454070523073
0.11 0 0.23 0.004116417868611101
0.11 0 0.24 0.0018808314580772787
0.11 0 0.25 0.001393527039582792
0.11 0 0.26 0.0013424968386318299
0.11 0 0.27 0.0003957605765016372
0.11 0 0.28 0.0004184943406131603
0.11 0 0.29 0.00015130663446294944
0.11 0 0.3 0.00014373936404482598
0.11 0 0.31 0.0025283286722138382
0.11 0 0.32 0.00019294415468166232
0.11 0 0.33 0.00025219300575315
0.11 0 0.34 8.722186007237441e-05
0.11 0 0.35000000000000003 6.768796662520533e-06
0.11 0 0.36 4.013778459654101e-05
0.11 0 0.37 0.0003017615674314138
0.11 0 0.38 0.0009983096205474537
0.11 0 0.39 0.002782777158867788
0.11 0 0.4 0.007658739662412333
0.11 0 0.41000000000000003 0.005876579105675592
0.11 0 0.42 0.0027489829165385613
0.11 0 0.43 0.023388564336870973
0.11 0 0.44 0.06584346018222913
0.11 0 0.45 0.12431413832448691
0.11 0 0.46 0.20760286968371808
0.11 0 0.47000000000000003 0.2897606946682243
0.11 0 0.48 0.38220082055172316
0.11 0 0.49 1.3449270781746576
0.11 0 0.5 1.0768294946771537
0.12 0 0.0 0.035946768509021725
0.12 0 0.01 0.0503886101456396
0.12 0 0.02 0.004662186884025757
0.12 0 0.03 0.002367125396691146
0.12 0 0.04 0.014304833165316682
0.12 0 0.05 0.003205277369198344
0.12 0 0.06 0.010987969872364325
0.12 0 0.07 0.01375148684041265
0.12 0 0.08 0.013135068960415844
0.12 0 0.09 0.008038126912925981
0.12 0 0.1 0.018204571986345428
0.12 0 0.11 0.018532553694714356
0.12 0 0.12 0.018532140850287773
0.12 0 0.13 0.099635034441122
0.12 0 0.14 0.0332191365932909
0.12 0 0.15 0.007974111724704068
0.12 0 0.16 0.02810147653416654
0.12 0 0.17 0.006240279626347922
0.12 0 0.18 0.033401682013662
0.12 0 0.19 0.0021461679975478395
0.12 0 0.2 0.0021915971855279164
0.12 0 0.21 7.544829059369929e-05
0.12 0 0.22 1.1499870967819982e-05
0.12 0 0.23 4.683714851595572e-05
0.12 0 0.24 5.174573738090535e-06
0.12 0 0.25 3.395318450192919e-05
0.12 0 0.26 2.0661342831824697e-05
0.12 0 0.27 2.313934633890794e-05
0.12 0 0.28 3.1809061921772566e-05
0.12 0 0.29 4.2884951439420364e-05
0.12 0 0.3 5.7857901031078476e-05
0.12 0 0.31 0.00022163029015385258
0.12 0 0.32 0.00027125530237848513
0.12 0 0.33 5.974536664725402e-05
0.12 0 0.34 3.7242909931695476e-05
0.12 0 0.35000000000000003 0.00015303602837242814
0.12 0 0.36 0.0014079036204531316
0.12 0 0.37 0.00025314432832916953
0.12 0 0.38 0.00027574038776395735
0.12 0 0.39 0.0009539632486491968
0.12 0 0.4 0.0011471297702737044
0.12 0 0.41000000000000003 0.006875236485195317
0.12 0 0.42 0.006114853146929696
0.12 0 0.43 0.00273924330783732
0.12 0 0.44 0.004793621398494661
0.12 0 0.45 0.03632393175253249
0.12 0 0.46 0.01119180917545149
0.12 0 0.47000000000000003 0.11109850018959516
0.12 0 0.48 0.14995073225724911
0.12 0 0.49 0.08559722630754721
0.12 0 0.5 0.11321061861476818
0.13 0 0.0 0.1351413751629687
0.13 0 0.01 0.017624575487428525
0.13 0 0.02 0.0042119375211381056
0.13 0 0.03 0.0006444107986654533
0.13 0 0.04 0.0007702737889637657
0.13 0 0.05 0.0014702586867808775
0.13 0 0.06 0.0018403299903534801
0.13 0 0.07 0.001385787142240707
0.13 0 0.08 0.0007899641967138426
0.13 0 0.09 0.00033622699484517376
0.13 0 0.1 0.0006088853292288091
0.13 0 0.11 0.0005148642872661178
0.13 0 0.12 0.0030660343753382987
0.13 0 0.13 0.0001068410243633676
0.13 0 0.14 0.00015796189066148082
0.13 0 0.15 0.00047637757254618255
0.13 0 0.16 0.0003096440513635543
0.13 0 0.17 0.0006749164319326234
0.13 0 0.18 0.00144513817200229
0.13 0 0.19 0.00047396747532091327
0.13 0 0.2 9.845919023408796e-05
0.13 0 0.21 0.0002555673394044068
0.13 0 0.22 8.543613685989227e-05
0.13 0 0.23 0.0007265433742092329
0.13 0 0.24 0.00017931602162633102
0.13 0 0.25 2.5071232958587202e-05
0.13 0 0.26 2.6472515960682155e-05
0.13 0 0.27 1.6078526153414502e-05
0.13 0 0.28 0.0001412428514245625
0.13 0 0.29 0.00028965115215764514
0.13 0 0.3 0.00022795567744001672
0.13 0 0.31 0.0002979729357479464
0.13 0 0.32 0.00027541697715469717
0.13 0 0.33 0.00011217634839216857
0.13 0 0.34 0.00021644718440689642
0.13 0 0.35000000000000003 8.66245901088811e-05
0.13 0 0.36 0.0003663049482810942
0.13 0 0.37 0.0012519009413595194
0.13 0 0.38 7.255684474924617e-05
0.13 0 0.39 0.0003029818884758817
0.13 0 0.4 0.00011134626451599636
0.13 0 0.41000000000000003 0.00037986221876971324
0.13 0 0.42 0.00021236532705576106
0.13 0 0.43 0.0008719603894247053
0.13 0 0.44 0.00023590771137127654
0.13 0 0.45 0.0017175100060542294
0.13 0 0.46 0.0020173007527481556
0.13 0 0.47000000000000003 0.00012611007131708656
0.13 0 0.48 0.00016441951383756973
0.13 0 0.49 0.00010617142467463702
0.13 0 0.5 0.0002993692533620637
0.14 0 0.0 0.004638086925995363
0.14 0 0.01 0.0009961969056490937
0.14 0 0.02 0.0034556514507572285
0.14 0 0.03 0.0015018691307351903
0.14 0 0.04 0.0061529292934842114
0.14 0 0.05 0.005906626662463749
0.14 0 0.06 0.004117232408193604
0.14 0 0.07 0.0010541651596714633
0.14 0 0.08 0.00070744211541264
0.14 0 0.09 0.00044231807266347683
0.14 0 0.1 0.0006770292886405777
0.14 0 0.11 0.00029641512229626563
0.14 0 0.12 4.492002746183702e-05
0.14 0 0.13 0.0001034146222151735
0.14 0 0.14 4.612752216873859e-05
0.14 0 0.15 3.8213916792662553e-05
0.14 0 0.16 0.001145536791305359
0.14 0 0.17 0.00023782869994732467
0.14 0 0.18 0.0004770345349463417
0.14 0 0.19 0.0001818802235359588
0.14 0 0.2 2.0624436912147935e-05
0.14 0 0.21 6.084615634939197e-05
0.14 0 0.22 5.274213442175524e-06
0.14 0 0.23 6.153757964993388e-05
0.14 0 0.24 4.321643007763721e-05
0.14 0 0.25 3.84625414093144e-05
0.14 0 0.26 1.2323256682516205e-05
0.14 0 0.27 5.870202083011887e-06
0.14 0 0.28 0.00014471208101431184
0.14 0 0.29 5.654552135928064e-05
0.14 0 0.3 0.00010995857159562395
0.14 0 0.31 0.0001146261348763261
0.14 0 0.32 6.572885583058063e-05
0.14 0 0.33 0.0001949474050060141
0.14 0 0.34 4.848369608374191e-05
0.14 0 0.35000000000000003 7.259848286453362e-05
0.14 0 0.36 8.536596040181305e-06
0.14 0 0.37 0.0001114205852948368
0.14 0 0.38 8.226119009596522e-05
0.14 0 0.39 0.00026696616867656576
0.14 0 0.4 0.0007096970983917884
0.14 0 0.41000000000000003 0.0003137894972620966
0.14 0 0.42 9.970152549401955e-05
0.14 0 0.43 6.580288251880965e-05
0.14 0 0.44 6.506555109266646e-05
0.14 0 0.45 1.5637156336389966e-05
0.14 0 0.46 1.2254299507412268e-05
0.14 0 0.47000000000000003 8.325494272765421e-06
0.14 0 0.48 5.163038940875195e-05
0.14 0 0.49 0.00015832306642747594
0.14 0 0.5 0.0005201984190399647
0.15 0 0.0 0.05876664552995885
0.15 0 0.01 0.028862888885966182
0.15 0 0.02 0.10939363521488964
0.15 0 0.03 0.18435685394197937
0.15 0 0.04 0.22571483748105378
0.15 0 0.05 0.07881083210777448
0.15 0 0.06 0.03729880022828313
0.15 0 0.07 0.03636673062879258
0.15 0 0.08 0.011618785173931846
0.15 0 0.09 0.001527891472564719
0.15 0 0.1 0.004992452321115697
0.15 0 0.11 0.00476909019535452
0.15 0 0.12 0.0011521786029385366
0.15 0 0.13 0.0038417553616572663
0.15 0 0.14 0.0007841708482836065
0.15 0 0.15 0.00213523293580946
0.15 0 0.16 0.0016288345295092954
0.15 0 0.17 0.0003747500412137542
0.15 0 0.18 0.00023693855133626062
0.15 0 0.19 8.676671651269946e-05
0.15 0 0.2 0.00034534166206266997
0.15 0 0.21 0.000558066229203049
0.15 0 0.22 0.0001277844410595873
0.15 0 0.23 0.0005857833586699928
0.15 0 0.24 0.0003556563077392872
0.15 0 0.25 0.00041513001670017325
0.15 0 0.26 0.00043022991172924507
0.15 0 0.27 0.0006387502987942095
0.15 0 0.28 0.00020114848225024777
0.15 0 0.29 0.0021477732875273795
0.15 0 0.3 0.0004694974521617318
0.15 0 0.31 0.00020939799054362613
0.15 0 0.32 0.0011586405451522348
0.15 0 0.33 5.7960740074964e-05
0.15 0 0.34 1.3754324683793692e-05
0.15 0 0.35000000000000003 4.184577935289104e-05
0.15 0 0.36 7.313280960648123e-06
0.15 0 0.37 2.7015371038458433e-05
0.15 0 0.38 3.162785833908472e-05
0.15 0 0.39 6.256883374742029e-06
0.15 0 0.4 3.4376554300832574e-06
0.15 0 0.41000000000000003 1.2100575828802134e-05
0.15 0 0.42 0.00030696451299284185
0.15 0 0.43 6.504512597616883e-05
0.15 0 0.44 0.00018815629332353178
0.15 0 0.45 6.661753198248541e-06
0.15 0 0.46 2.950471418846424e-05
0.15 0 0.47000000000000003 2.165483151006542e-05
0.15 0 0.48 0.00010350045535669836
0.15 0 0.49 0.0007558402683360332
0.15 0 0.5 0.0001062540966810325
0.16 0 0.0 0.046946466987112793
0.16 0 0.01 0.022480169902762415
0.16 0 0.02 0.04827848476785279
0.16 0 0.03 0.1159553480741425
0.16 0 0.04 0.0023032948398336727
0.16 0 0.05 0.014545969697218709
0.16 0 0.06 0.011548330213791716
0.16 0 0.07 0.006494431167127489
0.16 0 0.08 0.012119542619735942
0.16 0 0.09 0.0012823152276228425
0.16 0 0.1 0.0002569757438768396
0.16 0 0.11 0.001546473610183673
0.16 0 0.12 0.002644613729881993
0.16 0 0.13 0.008603127583102194
0.16 0 0.14 0.014878755091330909
0.16 0 0.15 0.017264172128492124
0.16 0 0.16 0.00855152276633759
0.16 0 0.17 0.012911252450419483
0.16 0 0.18 0.010718262046793962
0.16 0 0.19 0.009989885494575794
0.16 0 0.2 0.001298189498117594
0.16 0 0.21 0.003743602972146651
0.16 0 0.22 0.0002405638249551396
0.16 0 0.23 4.435119092630628e-05
0.16 0 0.24 0.0003246594120374074
0.16 0 0.25 0.0004426559754603787
0.16 0 0.26 0.0004072735700627432
0.16 0 0.27 0.0001445127958759474
0.16 0 0.28 9.55510435588758e-05
0.16 0 0.29 7.717694949207726e-05
0.16 0 0.3 0.0002720226254761946
0.16 0 0.31 0.00042405075086433233
0.16 0 0.32 0.00015197402049299782
0.16 0 0.33 0.0022498000720484928
0.16 0 0.34 0.002858981709572291
0.16 0 0.35000000000000003 0.0012254168664206182
0.16 0 0.36 0.0032347938791640555
0.16 0 0.37 0.0010503608818348959
0.16 0 0.38 0.0009244718205466536
0.16 0 0.39 0.0011168936002709697
0.16 0 0.4 0.006585078473111072
0.16 0 0.41000000000000003 0.0006148457499608784
0.16 0 0.42 0.0005348593550663858
0.16 0 0.43 0.0002328581528527441
0.16 0 0.44 0.0007502150397056728
0.16 0 0.45 0.00038787441464292364
0.16 0 0.46 0.0010553657067856013
0.16 0 0.47000000000000003 0.0014702536406386642
0.16 0 0.48 0.0010450667905321895
0.16 0 0.49 0.0026265411478230754
0.16 0 0.5 0.0002872945264975068
0.17 0 0.0 0.00603160409867969
0.17 0 0.01 0.011830839431107366
0.17 0 0.02 0.0011872459422891458
0.17 0 0.03 0.022722148499748403
0.17 0 0.04 0.0013899341571149445
0.17 0 0.05 0.0011630030991698407
0.17 0 0.06 0.0005047540422994945
0.17 0 0.07 0.002676608310131759
0.17 0 0.08 0.0023833318653189387
0.17 0 0.09 0.0008270676036971618
0.17 0 0.1 0.0013835735820061045
0.17 0 0.11 0.0005292639104145905
0.17 0 0.12 0.00044815728101748573
0.17 0 0.13 0.0004977663553156728
0.17 0 0.14 6.712214581219515e-05
0.17 0 0.15 7.793726905372928e-05
0.17 0 0.16 0.0012780364949053686
0.17 0 0.17 0.0026120797160209507
0.17 0 0.18 0.010215948556390598
0.17 0 0.19 0.2224858222476628
0.17 0 0.2 0.063730105777409
0.17 0 0.21 0.013907342876105377
0.17 0 0.22 0.006978013376575527
0.17 0 0.23 0.005272694046821908
0.17 0 0.24 0.00817479243826845
0.17 0 0.25 0.03685933489607177
0.17 0 0.26 0.0781765284787577
0.17 0 0.27 0.04185097258933365
0.17 0 0.28 0.018169932489418224
0.17 0 0.29 0.0053060573126445755
0.17 0 0.3 0.00771676358511508
0.17 0 0.31 0.0023010008299403704
0.17 0 0.32 0.010419564754760323
0.17 0 0.33 0.008186488863216844
0.17 0 0.34 0.007570497854540572
0.17 0 0.35000000000000003 0.030978180900083082
0.17 0 0.36 0.029167254756620194
0.17 0 0.37 0.033767313325658264
0.17 0 0.38 0.02814016695440677
0.17 0 0.39 0.003597732083189868
0.17 0 0.4 0.001520164721086064
0.17 0 0.41000000000000003 0.0007843228396082623
0.17 0 0.42 0.0007644491462811192
0.17 0 0.43 0.00012504637808054552
0.17 0 0.44 0.002165388908183641
0.17 0 0.45 0.0004676582439752958
0.17 0 0.46 0.00018349713759180112
0.17 0 0.47000000000000003 0.0016744204552124541
0.17 0 0.48 0.00027688338236760016
0.17 0 0.49 0.007022884917255435
0.17 0 0.5 0.00549458847851815
0.18 0 0.0 0.007087034986428421
0.18 0 0.01 0.006263305162586621
0.18 0 0.02 0.0008127303318527877
0.18 0 0.03 0.001552737533255649
0.18 0 0.04 0.00014338092640780737
0.18 0 0.05 0.00017891549477871486
0.18 0 0.06 0.00046136857115445953
0.18 0 0.07 0.0003284063452353743
0.18 0 0.08 0.004941457286641963
0.18 0 0.09 0.0008941415833438179
0.18 0 0.1 0.00028564731665209765
0.18 0 0.11 0.0014158290547756365
0.18 0 0.12 0.0002761820998545235
0.18 0 0.13 8.899574906918842e-05
0.18 0 0.14 0.00013848174245727378
0.18 0 0.15 5.8376113082433125e-05
0.18 0 0.16 5.422870302459758e-05
0.18 0 0.17 0.00021552251539565302
0.18 0 0.18 9.521001259467361e-05
0.18 0 0.19 0.00014693395742270305
0.18 0 0.2 0.0004096584525134364
0.18 0 0.21 0.0005980995791187584
0.18 0 0.22 0.001081133869086012
0.18 0 0.23 0.00048402507178483254
0.18 0 0.24 0.0007748470745737786
0.18 0 0.25 0.0017454662015172083
0.18 0 0.26 0.0016714317566670354
0.18 0 0.27 0.0006896637535648888
0.18 0 0.28 0.00036158988835255753
0.18 0 0.29 0.00043415565287437764
0.18 0 0.3 0.0014268846532805607
0.18 0 0.31 0.0016858065195609125
0.18 0 0.32 0.00148284811674238
0.18 0 0.33 0.0008208330372093658
0.18 0 0.34 0.004741164209684503
0.18 0 0.35000000000000003 0.0015886190430368164
0.18 0 0.36 0.02821106265785092
0.18 0 0.37 0.015125744153943655
0.18 0 0.38 0.0025326993839904573
0.18 0 0.39 0.0015590558336952835
0.18 0 0.4 0.00029695299646596515
0.18 0 0.41000000000000003 0.0013137346652268786
0.18 0 0.42 0.0025559622673479773
0.18 0 0.43 0.0016129731749737063
0.18 0 0.44 0.006516516016224234
0.18 0 0.45 0.01671271354954457
0.18 0 0.46 0.009018187412074254
0.18 0 0.47000000000000003 0.004100820921910247
0.18 0 0.48 0.002030419263023533
0.18 0 0.49 0.008102693209515031
0.18 0 0.5 0.004138649714544064
0.19 0 0.0 0.005023647231631536
0.19 0 0.01 0.012170543517181186
0.19 0 0.02 0.0033092686583293773
0.19 0 0.03 0.019712032975947553
0.19 0 0.04 0.0102801210093206
0.19 0 0.05 0.0014124399024540643
0.19 0 0.06 0.00030098597617561076
0.19 0 0.07 3.862047306077748e-05
0.19 0 0.08 0.00013316817510917192
0.19 0 0.09 3.615929717259458e-05
0.19 0 0.1 3.0374878218189886e-05
0.19 0 0.11 3.6437290725707096e-05
0.19 0 0.12 0.0001739754955999496
0.19 0 0.13 0.0003846239089419981
0.19 0 0.14 3.412943459100682e-05
0.19 0 0.15 0.00014526577577023776
0.19 0 0.16 1.3411568759716945e-05
0.19 0 0.17 3.418643358225971e-05
0.19 0 0.18 3.564162015179815e-05
0.19 0 0.19 5.4319670449388775e-05
0.19 0 0.2 4.4031841912487763e-05
0.19 0 0.21 5.88905955368971e-06
0.19 0 0.22 4.81047283885937e-05
0.19 0 0.23 2.1317665831190207e-05
0.19 0 0.24 0.0006590520286829073
0.19 0 0.25 0.00012239849840228617
0.19 0 0.26 0.00022166061617786079
0.19 0 0.27 0.00028177533316484603
0.19 0 0.28 0.000672099728490935
0.19 0 0.29 0.0012236530406267412
0.19 0 0.3 0.000356634779037625
0.19 0 0.31 0.00032379939923205783
0.19 0 0.32 0.0005101454815085023
0.19 0 0.33 0.002869996551766103
0.19 0 0.34 0.008404831106818328
0.19 0 0.35000000000000003 0.0038667618160323097
0.19 0 0.36 0.0057024942636996175
0.19 0 0.37 0.0030006703457885007
0.19 0 0.38 0.001405675113106064
0.19 0 0.39 0.002173734726470681
0.19 0 0.4 0.00322099155964664
0.19 0 0.41000000000000003 0.009791142286992443
0.19 0 0.42 0.01926534197412699
0.19 0 0.43 0.016889875773472417
0.19 0 0.44 0.009750633513433731
0.19 0 0.45 0.015800235210448633
0.19 0 0.46 0.01217938742720899
0.19 0 0.47000000000000003 0.06708408389194881
0.19 0 0.48 0.0023592059977988787
0.19 0 0.49 0.005356839274522206
0.19 0 0.5 0.01276502481630155
0.2 0 0.0 0.003548847031290378
0.2 0 0.01 0.0012395979823052706
0.2 0 0.02 0.00012469354944063125
0.2 0 0.03 0.00018770013255245857
0.2 0 0.04 0.0006258071872189923
0.2 0 0.05 0.00012329696189231082
0.2 0 0.06 0.0002870024802803026
0.2 0 0.07 0.0001271324498551675
0.2 0 0.08 9.583373953671915e-06
0.2 0 0.09 1.9199565916617093e-05
0.2 0 0.1 7.972472685606244e-06
0.2 0 0.11 1.0654013792602363e-05
0.2 0 0.12 2.4961863658375814e-05
0.2 0 0.13 8.52159141022971e-06
0.2 0 0.14 2.990922772288903e-05
0.2 0 0.15 6.0645592244036425e-05
0.2 0 0.16 0.00030207531271866445
0.2 0 0.17 0.0006409563572551126
0.2 0 0.18 0.00016041354972327827
0.2 0 0.19 0.00012405440131325936
0.2 0 0.2 0.0007478128776576814
0.2 0 0.21 0.0004662886518799459
0.2 0 0.22 0.0015802906601944432
0.2 0 0.23 0.0002546174145884032
0.2 0 0.24 0.00016465701403576348
0.2 0 0.25 3.473427039657664e-05
0.2 0 0.26 0.00045936948536311027
0.2 0 0.27 0.00022041414784832247
0.2 0 0.28 0.0013306022986396366
0.2 0 0.29 0.0171803680071735
0.2 0 0.3 0.0025383773098854624
0.2 0 0.31 0.02917268238354917
0.2 0 0.32 0.013798068733364787
0.2 0 0.33 0.02616666555661985
0.2 0 0.34 0.09497838338553416
0.2 0 0.35000000000000003 0.029912277708014114
0.2 0 0.36 0.0044672039604483176
0.2 0 0.37 0.0044208062869196115
0.2 0 0.38 0.0016039900102041724
0.2 0 0.39 0.0024968214288899108
0.2 0 0.4 0.0007969302862348791
0.2 0 0.41000000000000003 0.004115392797261964
0.2 0 0.42 0.018092057772964087
0.2 0 0.43 0.002418490831318255
0.2 0 0.44 0.0011017516622691174
0.2 0 0.45 0.007881087036205901
0.2 0 0.46 0.002368689431319394
0.2 0 0.47000000000000003 0.00479115238860725
0.2 0 0.48 0.006786444980718933
0.2 0 0.49 0.0016843490966739253
0.2 0 0.5 0.0034427762093708026
0.21 0 0.0 0.001291543834708894
0.21 0 0.01 0.004471973596300802
0.21 0 0.02 0.003432543684658517
0.21 0 0.03 0.0019685134047384176
0.21 0 0.04 0.005859105115339011
0.21 0 0.05 0.003107625132818564
0.21 0 0.06 0.0005977128534184364
0.21 0 0.07 3.950643664620362e-05
0.21 0 0.08 4.175874781169142e-05
0.21 0 0.09 1.1753993083232324e-05
0.21 0 0.1 2.6220314748519162e-05
0.21 0 0.11 2.7041140728087167e-05
0.21 0 0.12 1.1622713171427573e-05
0.21 0 0.13 4.8779063403745165e-06
0.21 0 0.14 1.5064189407061841e-05
0.21 0 0.15 3.163992211028468e-05
0.21 0 0.16 0.00031712730181743926
0.21 0 0.17 0.0002185881549600352
0.21 0 0.18 0.0007984602854167149
0.21 0 0.19 0.00013475304070592625
0.21 0 0.2 0.0004863470817152998
0.21 0 0.21 0.002068282222596859
0.21 0 0.22 0.001259552824247569
0.21 0 0.23 0.002317144753717069
0.21 0 0.24 0.0031205242216426204
0.21 0 0.25 0.0015605428943020587
0.21 0 0.26 8.633830063465725e-05
0.21 0 0.27 0.0014613614752485742
0.21 0 0.28 0.0014093004938937515
0.21 0 0.29 0.005333424135000602
0.21 0 0.3 0.006155600367272529
0.21 0 0.31 0.0053810609958470645
0.21 0 0.32 0.010319974319402712
0.21 0 0.33 0.01886800061578832
0.21 0 0.34 0.03866709322869533
0.21 0 0.35000000000000003 0.007374931380105077
0.21 0 0.36 0.0199359797438157
0.21 0 0.37 0.09827959734745272
0.21 0 0.38 0.03606140296648209
0.21 0 0.39 0.11841256951858749
0.21 0 0.4 0.009967735782311178
0.21 0 0.41000000000000003 0.002444069712468224
0.21 0 0.42 0.010269227569113625
0.21 0 0.43 0.052270127789966064
0.21 0 0.44 0.008052932328237648
0.21 0 0.45 0.005704466013607703
0.21 0 0.46 0.0032201058611649957
0.21 0 0.47000000000000003 0.0012626777952355237
0.21 0 0.48 0.0017432618138365438
0.21 0 0.49 0.00050678540169344
0.21 0 0.5 0.0005012495796578275
0.22 0 0.0 0.005560250748195235
0.22 0 0.01 0.0001922471480788926
0.22 0 0.02 0.00026531760148967593
0.22 0 0.03 0.00015618683228279729
0.22 0 0.04 0.001140299846147776
0.22 0 0.05 0.00011272991956280567
0.22 0 0.06 6.50372781713329e-05
0.22 0 0.07 5.841594237333365e-05
0.22 0 0.08 7.250597801521914e-06
0.22 0 0.09 8.972725826017238e-06
0.22 0 0.1 1.7132518458768804e-05
0.22 0 0.11 6.986198347024257e-06
0.22 0 0.12 1.0636365771346389e-05
0.22 0 0.13 1.38268110790615e-06
0.22 0 0.14 3.405910463968101e-07
0.22 0 0.15 8.501337435556638e-07
0.22 0 0.16 3.83531791501874e-06
0.22 0 0.17 3.5298998798529384e-06
0.22 0 0.18 2.5916863225303077e-06
0.22 0 0.19 2.6330567681085852e-05
0.22 0 0.2 4.2947959335731453e-05
0.22 0 0.21 8.314713926777045e-05
0.22 0 0.22 0.00010750893717510274
0.22 0 0.23 7.380223532123286e-05
0.22 0 0.24 0.000281943635863989
0.22 0 0.25 0.0015680342105260548
0.22 0 0.26 0.0035707850899339253
0.22 0 0.27 0.003041143255280273
0.22 0 0.28 0.0004566049884806738
0.22 0 0.29 0.030175852432663068
0.22 0 0.3 0.0034250373993963148
0.22 0 0.31 0.013115653190957184
0.22 0 0.32 0.02043667489925177
0.22 0 0.33 0.001359524914000445
0.22 0 0.34 0.06221765540365406
0.22 0 0.35000000000000003 0.08643267121202634
0.22 0 0.36 0.14224463928973122
0.22 0 0.37 0.23760031032237114
0.22 0 0.38 0.2908054152065319
0.22 0 0.39 0.03886526773259357
0.22 0 0.4 0.01936803535655412
0.22 0 0.41000000000000003 0.02549530195019097
0.22 0 0.42 0.0012646672217181158
0.22 0 0.43 0.0031740185412019555
0.22 0 0.44 0.00023479631826049706
0.22 0 0.45 0.0006923075738354068
0.22 0 0.46 0.0029907650860612925
0.22 0 0.47000000000000003 0.0028213134458848067
0.22 0 0.48 0.004279623750613414
0.22 0 0.49 0.0005267397391795879
0.22 0 0.5 0.0007714340790928876
0.23 0 0.0 0.0006600151726077426
0.23 0 0.01 0.00013585679970718134
0.23 0 0.02 0.0013494362253016281
0.23 0 0.03 3.625169801520924e-05
0.23 0 0.04 6.94211284139038e-05
0.23 0 0.05 5.245262812851441e-05
0.23 0 0.06 3.1064943671653175e-05
0.23 0 0.07 5.418956477308435e-05
0.23 0 0.08 0.0001654627488289059
0.23 0 0.09 0.0004815700187614936
0.23 0 0.1 4.932807322857028e-05
0.23 0 0.11 0.0001506024469059654
0.23 0 0.12 1.5091814202273641e-05
0.23 0 0.13 2.202509968215473e-05
0.23 0 0.14 4.398257839566688e-05
0.23 0 0.15 2.9768476405076803e-05
0.23 0 0.16 0.0008506444090929017
0.23 0 0.17 0.0008413992664543049
0.23 0 0.18 0.00034687797016982956
0.23 0 0.19 0.0001812472767805362
0.23 0 0.2 8.109285511521541e-05
0.23 0 0.21 0.0003665779077554906
0.23 0 0.22 0.00016827511228584708
0.23 0 0.23 0.001261502795282043
0.23 0 0.24 0.0047621387797917684
0.23 0 0.25 0.0016956778681829635
0.23 0 0.26 0.0015693385429880254
0.23 0 0.27 0.00355204907696003
0.23 0 0.28 0.009183037975941137
0.23 0 0.29 0.11847245316967017
0.23 0 0.3 0.33679414258291346
0.23 0 0.31 0.09462591801377061
0.23 0 0.32 0.0685857734602821
0.23 0 0.33 0.6096899401311849
0.23 0 0.34 0.5315137280983248
0.23 0 0.35000000000000003 2.575677384217946
0.23 0 0.36 1.198246798211763
0.23 0 0.37 0.6047277776883028
0.23 0 0.38 0.4059376708994298
0.23 0 0.39 0.051430134509856146
0.23 0 0.4 0.046284550212857524
0.23 0 0.41000000000000003 0.011529990974772086
0.23 0 0.42 0.008588572316607458
0.23 0 0.43 0.009606733844638898
0.23 0 0.44 0.004764834813805547
0.23 0 0.45 0.007445501447881749
0.23 0 0.46 0.001984649610382457
0.23 0 0.47000000000000003 0.002815351186435235
0.23 0 0.48 0.015573734119551558
0.23 0 0.49 0.001541223547417919
0.23 0 0.5 0.0023437099624865412
0.24 0 0.0 0.0012881299826757084
0.24 0 0.01 0.0007360122440815746
0.24 0 0.02 0.0004590047051005726
0.24 0 0.03 0.0008612035434618828
0.24 0 0.04 0.0003094576637223626
0.24 0 0.05 9.682308721567002e-05
0.24 0 0.06 0.0001524491007497283
0.24 0 0.07 0.0006506856113256314
0.24 0 0.08 0.0007206533083212376
0.24 0 0.09 0.0007822085164197541
0.24 0 0.1 0.00014397375303500914
0.24 0 0.11 0.00038480283781066054
0.24 0 0.12 0.009316086114027141
0.24 0 0.13 0.026263072994634276
0.24 0 0.14 0.050542798868787944
0.24 0 0.15 0.046931400499250424
0.24 0 0.16 0.08731169577655311
0.24 0 0.17 0.03614636885822342
0.24 0 0.18 0.0045524873023658945
0.24 0 0.19 0.0009474734028899427
0.24 0 0.2 0.00019399840039841754
0.24 0 0.21 0.002403784212296517
0.24 0 0.22 0.0023507170615905274
0.24 0 0.23 0.004437909345750681
0.24 0 0.24 0.008941128755244668
0.24 0 0.25 0.015482437980699622
0.24 0 0.26 0.007146782474526374
0.24 0 0.27 0.06942426089307215
0.24 0 0.28 0.05289814933426896
0.24 0 0.29 0.07061521080037986
0.24 0 0.3 0.1745756757167933
0.24 0 0.31 0.018557250586878564
0.24 0 0.32 0.026981941505834068
0.24 0 0.33 0.007554592798161954
0.24 0 0.34 0.00881818247476896
0.24 0 0.35000000000000003 0.03483139152482344
0.24 0 0.36 0.017564797041089285
0.24 0 0.37 0.0903015334465954
0.24 0 0.38 0.045179316782128415
0.24 0 0.39 0.03289924841614951
0.24 0 0.4 0.02309726505571462
0.24 0 0.41000000000000003 0.009012484939021709
0.24 0 0.42 0.032779697063621244
0.24 0 0.43 0.010360745006293606
0.24 0 0.44 0.009396610763385282
0.24 0 0.45 0.0008656961022687199
0.24 0 0.46 0.018138120029454034
0.24 0 0.47000000000000003 0.0008137036757377456
0.24 0 0.48 0.0004387373088845082
0.24 0 0.49 0.0004941886931281427
0.24 0 0.5 0.0003915293691042684
0.25 0 0.0 0.0037061054119958683
0.25 0 0.01 0.005748494054698123
0.25 0 0.02 0.0032662784461605747
0.25 0 0.03 0.004026989945096264
0.25 0 0.04 0.003725610347513719
0.25 0 0.05 0.011478258630012462
0.25 0 0.06 0.0065235256740085795
0.25 0 0.07 0.0022625648900377465
0.25 0 0.08 0.001139192588920391
0.25 0 0.09 0.005133178434213288
0.25 0 0.1 0.0028769648532309487
0.25 0 0.11 0.011258690599974138
0.25 0 0.12 0.011144301696556128
0.25 0 0.13 0.03930925836267417
0.25 0 0.14 0.16096978782959181
0.25 0 0.15 0.010501933770956802
0.25 0 0.16 0.02671764609836971
0.25 0 0.17 0.017228942637164835
0.25 0 0.18 0.0018893018471546734
0.25 0 0.19 0.013597096493276567
0.25 0 0.2 0.0005949500208467795
0.25 0 0.21 0.0007398386262501748
0.25 0 0.22 0.0010635693823287588
0.25 0 0.23 0.0007239701076771546
0.25 0 0.24 0.0005948762087509981
0.25 0 0.25 0.01142675404772041
0.25 0 0.26 0.006687448608624472
0.25 0 0.27 0.0012484458769152543
0.25 0 0.28 0.0036732401465972443
0.25 0 0.29 0.0013655680152417121
0.25 0 0.3 0.005708589521764481
0.25 0 0.31 0.005914003095255903
0.25 0 0.32 0.024598150126263516
0.25 0 0.33 0.030774432374775205
0.25 0 0.34 0.023400797279348455
0.25 0 0.35000000000000003 0.0075254720187241725
0.25 0 0.36 0.006392535036099473
0.25 0 0.37 0.0012627171664957406
0.25 0 0.38 0.008942535266430466
0.25 0 0.39 0.012083646615210691
0.25 0 0.4 0.0681709254071624
0.25 0 0.41000000000000003 0.1639579194871563
0.25 0 0.42 0.016414289261236264
0.25 0 0.43 0.0023369864454557154
0.25 0 0.44 0.0007107009383540959
0.25 0 0.45 0.0005650007404438556
0.25 0 0.46 0.0007015606237785026
0.25 0 0.47000000000000003 0.0012850800427253216
0.25 0 0.48 0.0005734201688425276
0.25 0 0.49 3.4475739069225115e-05
0.25 0 0.5 0.0004960726534583102
0.26 0 0.0 0.001173111066841025
0.26 0 0.01 0.005066170220562679
0.26 0 0.02 0.019209650319967117
0.26 0 0.03 0.013795372959647799
0.26 0 0.04 0.01774193689991788
0.26 0 0.05 0.014686760867422348
0.26 0 0.06 0.001390612683001102
0.26 0 0.07 0.0015867626239298963
0.26 0 0.08 0.0003476398073870108
0.26 0 0.09 0.0006215570346385948
0.26 0 0.1 0.00012146190410518289
0.26 0 0.11 0.0011255519298338265
0.26 0 0.12 0.0015247216535526536
0.26 0 0.13 0.0024118543412893715
0.26 0 0.14 0.0049906067688753495
0.26 0 0.15 0.0005791546077057761
0.26 0 0.16 9.160669587500412e-05
0.26 0 0.17 0.0001621062420953737
0.26 0 0.18 0.0001202363955207755
0.26 0 0.19 0.00011502494345823409
0.26 0 0.2 0.00041921509715106336
0.26 0 0.21 0.0006299528277033382
0.26 0 0.22 0.00022134529758089074
0.26 0 0.23 0.00011808477211579013
0.26 0 0.24 0.0001338351301259696
0.26 0 0.25 4.2888251811647936e-05
0.26 0 0.26 0.00023310884527590045
0.26 0 0.27 0.0028868934145834095
0.26 0 0.28 0.03933410156653473
0.26 0 0.29 0.01923946432128028
0.26 0 0.3 0.18589097889465336
0.26 0 0.31 0.017086728024033392
0.26 0 0.32 0.13633935067781128
0.26 0 0.33 0.8429477559293929
0.26 0 0.34 0.16428478162713345
0.26 0 0.35000000000000003 0.21089053468171412
0.26 0 0.36 0.03546417500451196
0.26 0 0.37 0.01484764226676745
0.26 0 0.38 0.009751833333950218
0.26 0 0.39 0.005535356908252498
0.26 0 0.4 0.006381412422257094
0.26 0 0.41000000000000003 0.0025325950529842076
0.26 0 0.42 0.012767811155430842
0.26 0 0.43 0.011309342531757279
0.26 0 0.44 0.0037002867691283497
0.26 0 0.45 0.0034972982298114358
0.26 0 0.46 0.0013517003228553889
0.26 0 0.47000000000000003 0.001559466724850075
0.26 0 0.48 6.298978631805996e-05
0.26 0 0.49 0.00014602989591996107
0.26 0 0.5 0.00013300831788699957
0.27 0 0.0 0.0003384833443104314
0.27 0 0.01 0.00293460861764001
0.27 0 0.02 0.0004326932534167324
0.27 0 0.03 0.0016702479156409798
0.27 0 0.04 0.000333877045470296
0.27 0 0.05 1.776331247344028e-05
0.27 0 0.06 0.00020007527471093426
0.27 0 0.07 7.8898537742649e-05
0.27 0 0.08 0.00013827205578012124
0.27 0 0.09 0.004990795391453169
0.27 0 0.1 0.0031624470919266842
0.27 0 0.11 0.0010214565478431812
0.27 0 0.12 0.00013218667412675546
0.27 0 0.13 1.6532981889899645e-05
0.27 0 0.14 2.8375097493694136e-05
0.27 0 0.15 4.759688200667126e-05
0.27 0 0.16 1.5619693095248147e-05
0.27 0 0.17 1.4058932210564697e-05
0.27 0 0.18 1.6258915920639618e-05
0.27 0 0.19 1.899072011585225e-05
0.27 0 0.2 5.579741558605813e-05
0.27 0 0.21 3.658165047456688e-05
0.27 0 0.22 0.00037046386945132796
0.27 0 0.23 0.0002456007106102642
0.27 0 0.24 0.0009641906695319334
0.27 0 0.25 0.010280843674293756
0.27 0 0.26 0.032068431406405994
0.27 0 0.27 0.0031269912776994493
0.27 0 0.28 0.023072135686359855
0.27 0 0.29 0.00482080330531859
0.27 0 0.3 0.0026647943904842203
0.27 0 0.31 0.006299652172470932
0.27 0 0.32 0.0033243718452825423
0.27 0 0.33 0.014671558394173242
0.27 0 0.34 0.008832324453378539
0.27 0 0.35000000000000003 0.007163588664616602
0.27 0 0.36 0.0005131848879200533
0.27 0 0.37 0.0012152633208566993
0.27 0 0.38 0.00039545391864884513
0.27 0 0.39 8.961818984346103e-05
0.27 0 0.4 4.656495820034887e-05
0.27 0 0.41000000000000003 8.826906473673524e-06
0.27 0 0.42 4.664125750243946e-05
0.27 0 0.43 2.6555664142915883e-05
0.27 0 0.44 0.00044339690869780015
0.27 0 0.45 0.0022849417929502957
0.27 0 0.46 0.002444325162250447
0.27 0 0.47000000000000003 0.00472454513993499
0.27 0 0.48 0.001427106316788807
0.27 0 0.49 0.0009886541116815824
0.27 0 0.5 0.00198959618163835
0.28 0 0.0 0.002689389994723344
0.28 0 0.01 0.020003418980433348
0.28 0 0.02 0.0007853826247079133
0.28 0 0.03 0.0010189980769090025
0.28 0 0.04 0.0013032830632029194
0.28 0 0.05 0.0015799078631066057
0.28 0 0.06 0.0006752897747641985
0.28 0 0.07 0.0015054631819517309
0.28 0 0.08 0.005552329052516946
0.28 0 0.09 0.0014758473068216865
0.28 0 0.1 0.007883668351195569
0.28 0 0.11 0.000758085435191148
0.28 0 0.12 0.001112614965647772
0.28 0 0.13 0.00016798359003970996
0.28 0 0.14 8.468065360723449e-05
0.28 0 0.15 0.00015463149768161038
0.28 0 0.16 5.819681504499547e-05
0.28 0 0.17 0.00016601730523882282
0.28 0 0.18 0.00021837136485364743
0.28 0 0.19 0.0004349223180322718
0.28 0 0.2 0.004872997920190492
0.28 0 0.21 0.0011466101434125674
0.28 0 0.22 0.00042897899025608394
0.28 0 0.23 0.0001352666813783886
0.28 0 0.24 0.00025888263147579726
0.28 0 0.25 0.0013965297124569683
0.28 0 0.26 0.004662504035531991
0.28 0 0.27 0.008173255849874274
0.28 0 0.28 0.004523105601366739
0.28 0 0.29 0.0022566994725823726
0.28 0 0.3 0.002623459573131783
0.28 0 0.31 0.0009974102294398896
0.28 0 0.32 0.003553383937119532
0.28 0 0.33 0.03586928814757621
0.28 0 0.34 0.015401525580229582
0.28 0 0.35000000000000003 0.006599487715532094
0.28 0 0.36 0.0010329230570663044
0.28 0 0.37 0.00036767968675384985
0.28 0 0.38 0.0002134269794403077
0.28 0 0.39 0.0001623979970053574
0.28 0 0.4 0.0001593124734194715
0.28 0 0.41000000000000003 8.710567129436766e-05
0.28 0 0.42 0.0004994748147461014
0.28 0 0.43 0.0001860816371146439
0.28 0 0.44 4.723659276575152e-05
0.28 0 0.45 5.7532911072878155e-05
0.28 0 0.46 1.0386128836115811e-05
0.28 0 0.47000000000000003 0.0002982528007934277
0.28 0 0.48 0.0006011003518651144
0.28 0 0.49 0.000678480843233495
0.28 0 0.5 0.0004732470246970322
0.29 0 0.0 0.04118122614280764
0.29 0 0.01 0.07461651638383167
0.29 0 0.02 0.2688719935135969
0.29 0 0.03 0.3386342602844978
0.29 0 0.04 0.15438617197467
0.29 0 0.05 0.03303320871682921
0.29 0 0.06 0.012089371724686422
0.29 0 0.07 0.013639088404305557
0.29 0 0.08 0.004080167151170454
0.29 0 0.09 0.002739695455788253
0.29 0 0.1 0.00040475438730439305
0.29 0 0.11 1.5707465127013684e-05
0.29 0 0.12 8.845830512040394e-05
0.29 0 0.13 2.8264862727567746e-05
0.29 0 0.14 0.00020121299420914425
0.29 0 0.15 0.0003763969560820221
0.29 0 0.16 0.0008854653282743936
0.29 0 0.17 0.0016881113792747834
0.29 0 0.18 0.001391875217075176
0.29 0 0.19 0.0008219919394028304
0.29 0 0.2 0.001835817496266647
0.29 0 0.21 0.004716996457525318
0.29 0 0.22 0.007244825804403252
0.29 0 0.23 0.01224440987892563
0.29 0 0.24 0.0035102998381718806
0.29 0 0.25 0.002903758840067235
0.29 0 0.26 0.006962100600302229
0.29 0 0.27 0.005861062041156057
0.29 0 0.28 0.003814644915970679
0.29 0 0.29 0.004845524158982072
0.29 0 0.3 0.009200587082630116
0.29 0 0.31 0.00597926180383376
0.29 0 0.32 0.000483286921111991
0.29 0 0.33 0.00014232515818999068
0.29 0 0.34 0.00017778057819244335
0.29 0 0.35000000000000003 2.679053833644531e-05
0.29 0 0.36 7.597774466923735e-06
0.29 0 0.37 4.7614917365659594e-05
0.29 0 0.38 9.607555314596387e-05
0.29 0 0.39 0.0002413457374763646
0.29 0 0.4 0.0008334742835645994
0.29 0 0.41000000000000003 0.0009051170865596238
0.29 0 0.42 0.001522435571988048
0.29 0 0.43 0.011215778949526493
0.29 0 0.44 0.000829448220966691
0.29 0 0.45 0.011356213595467846
0.29 0 0.46 0.0043962327964298985
0.29 0 0.47000000000000003 0.0033058933465066674
0.29 0 0.48 0.004122714145244828
0.29 0 0.49 0.004885111545283479
0.29 0 0.5 0.0019784948366385747
0.3 0 0.0 0.0049826656980814996
0.3 0 0.01 0.01593172090669291
0.3 0 0.02 0.020927889829510295
0.3 0 0.03 0.007366950696126458
0.3 0 0.04 0.0423322648816611
0.3 0 0.05 0.013825945532437113
0.3 0 0.06 0.014638868036962684
0.3 0 0.07 0.002149037892027888
0.3 0 0.08 0.009027879590342049
0.3 0 0.09 0.0023852902601964434
0.3 0 0.1 0.028573320372136887
0.3 0 0.11 0.00867228266448839
0.3 0 0.12 0.006169063357964731
0.3 0 0.13 0.06631040345052523
0.3 0 0.14 0.00707110216091708
0.3 0 0.15 0.02874278880378973
0.3 0 0.16 0.024855376684124072
0.3 0 0.17 0.007324793535340804
0.3 0 0.18 0.00907617809168655
0.3 0 0.19 0.001154945627433838
0.3 0 0.2 0.0025494170357454413
0.3 0 0.21 0.002267887922647547
0.3 0 0.22 0.010696659380680911
0.3 0 0.23 0.004888786309042505
0.3 0 0.24 0.0027759118120618247
0.3 0 0.25 0.016950550355070895
0.3 0 0.26 0.0027586151533776186
0.3 0 0.27 0.005220047401642224
0.3 0 0.28 0.0017979632421283706
0.3 0 0.29 0.0042332322294080125
0.3 0 0.3 0.0073524032802042075
0.3 0 0.31 0.02500999495203556
0.3 0 0.32 0.06256725899621261
0.3 0 0.33 0.02367813730198446
0.3 0 0.34 0.016076947040168783
0.3 0 0.35000000000000003 0.10726073081533771
0.3 0 0.36 0.009505895431971202
0.3 0 0.37 0.012557100613334479
0.3 0 0.38 0.024702078872557803
0.3 0 0.39 0.026117144911035076
0.3 0 0.4 0.2472618002671471
0.3 0 0.41000000000000003 1.0526041389855731
0.3 0 0.42 0.553808831634565
0.3 0 0.43 0.5032343885803
0.3 0 0.44 0.1565303814094628
0.3 0 0.45 0.04333846006711255
0.3 0 0.46 0.018687547454643634
0.3 0 0.47000000000000003 0.03489449219884286
0.3 0 0.48 0.014710801887686349
0.3 0 0.49 0.006951141803972602
0.3 0 0.5 0.011668971226367864
#STOP
