#MEDIUM_PROPERTIES_DISTRIBUTED
$MSH_TYPE
	 GROUNDWATER_FLOW	
$MMP_TYPE
	 PERMEABILITY	
$DIS_TYPE
	 NEAREST_VALUE	
;hj
$CONVERSION_FACTOR
2e-8;2e-6;2e-13
$DATA
0.0 0 0.0 0.18183871910085062
0.0 0 0.01 0.09626572036492373
0.0 0 0.02 0.09786131011324144
0.0 0 0.03 0.05891589352178346
0.0 0 0.04 0.04195701350002754
0.0 0 0.05 0.07766798943101373
0.0 0 0.06 0.09160672034367313
0.0 0 0.07 0.031035404409137234
0.0 0 0.08 0.009131007644245823
0.0 0 0.09 0.005340559242691948
0.0 0 0.1 0.005203058901642707
0.0 0 0.11 0.004361488178405389
0.0 0 0.12 0.0022000965199350728
0.0 0 0.13 0.0011180562796840815
0.0 0 0.14 0.0006352695754087283
0.0 0 0.15 0.0002880340302370162
0.0 0 0.16 0.00025553667602983877
0.0 0 0.17 0.0006296326459491802
0.0 0 0.18 0.0008033665095024596
0.0 0 0.19 0.0003654220359236794
0.0 0 0.2 0.00025705620029887793
0.0 0 0.21 0.00026114531341861735
0.0 0 0.22 0.00017331470973199452
0.0 0 0.23 0.00013276893011171604
0.0 0 0.24 0.00016031695703956896
0.0 0 0.25 0.00017842692015182719
0.0 0 0.26 0.00016827380490192973
0.0 0 0.27 0.00017232294765666764
0.0 0 0.28 0.00022379022008283742
0.0 0 0.29 0.00029023404852108916
0.0 0 0.3 0.0002447662974005004
0.0 0 0.31 0.00031145057632597756
0.0 0 0.32 0.0013800712594454177
0.0 0 0.33 0.0038307190160161327
0.0 0 0.34 0.001744869055061197
0.0 0 0.35000000000000003 0.0007308972863396348
0.0 0 0.36 0.0007475008852137892
0.0 0 0.37 0.0005186227296402348
0.0 0 0.38 0.00022156095144538156
0.0 0 0.39 0.00016233924035968173
0.0 0 0.4 0.0001921247735960458
0.0 0 0.41000000000000003 0.0002302235811728199
0.0 0 0.42 0.00024815286486426806
0.0 0 0.43 0.0002313262353344242
0.0 0 0.44 0.00017264218888397105
0.0 0 0.45 7.425215722282629e-05
0.0 0 0.46 2.8087992151528876e-05
0.0 0 0.47000000000000003 3.237356017742943e-05
0.0 0 0.48 5.650858312387553e-05
0.0 0 0.49 2.454698817657959e-05
0.0 0 0.5 7.437721316271696e-06
0.01 0 0.0 0.11666023143889231
0.01 0 0.01 0.06654190834247392
0.01 0 0.02 0.23016132100719056
0.01 0 0.03 0.6323301313110852
0.01 0 0.04 0.38707791459681423
0.01 0 0.05 0.2153026498033657
0.01 0 0.06 0.12717255113828047
0.01 0 0.07 0.029964139275715236
0.01 0 0.08 0.0059402859575333564
0.01 0 0.09 0.0031715243339502227
0.01 0 0.1 0.0032972236543558023
0.01 0 0.11 0.0024382639495049256
0.01 0 0.12 0.0010653839705381197
0.01 0 0.13 0.0008389515271526218
0.01 0 0.14 0.0017999451507768626
0.01 0 0.15 0.002300485069176177
0.01 0 0.16 0.0010807809193198673
0.01 0 0.17 0.0007157724652881194
0.01 0 0.18 0.0005929132710008635
0.01 0 0.19 0.0002669330500178462
0.01 0 0.2 0.00016980851657001587
0.01 0 0.21 0.0002397545945208959
0.01 0 0.22 0.00025322375745420674
0.01 0 0.23 0.00020110475353031976
0.01 0 0.24 0.0002564161762987356
0.01 0 0.25 0.0003999743815178098
0.01 0 0.26 0.00043649417948624325
0.01 0 0.27 0.0002927225865418658
0.01 0 0.28 0.0001765006807776986
0.01 0 0.29 0.00016833567344762577
0.01 0 0.3 0.00015775201744803
0.01 0 0.31 8.751689884694642e-05
0.01 0 0.32 7.897456050166555e-05
0.01 0 0.33 0.0001430217596870908
0.01 0 0.34 0.00013682036485455364
0.01 0 0.35000000000000003 8.415921134300698e-05
0.01 0 0.36 9.387391224569087e-05
0.01 0 0.37 9.334434841704949e-05
0.01 0 0.38 4.274575906993647e-05
0.01 0 0.39 1.87530857407143e-05
0.01 0 0.4 1.3014987221527552e-05
0.01 0 0.41000000000000003 1.4263306385793764e-05
0.01 0 0.42 1.928032431667932e-05
0.01 0 0.43 1.9791679048003513e-05
0.01 0 0.44 2.182359176088643e-05
0.01 0 0.45 4.2712911658170796e-05
0.01 0 0.46 7.512274923363643e-05
0.01 0 0.47000000000000003 8.039993585622826e-05
0.01 0 0.48 6.683945983290484e-05
0.01 0 0.49 2.779320967027477e-05
0.01 0 0.5 8.174847706656864e-06
0.02 0 0.0 0.003948413462729698
0.02 0 0.01 0.0017124925161432901
0.02 0 0.02 0.0028913796934763943
0.02 0 0.03 0.00710951195740631
0.02 0 0.04 0.006221954362786529
0.02 0 0.05 0.0031965106650424587
0.02 0 0.06 0.001890331482626616
0.02 0 0.07 0.001241386823409358
0.02 0 0.08 0.0011902102293470612
0.02 0 0.09 0.0012946828425859827
0.02 0 0.1 0.0010115325593117017
0.02 0 0.11 0.0011674321933867636
0.02 0 0.12 0.0023044167663502702
0.02 0 0.13 0.002629679742169353
0.02 0 0.14 0.0018459291469582763
0.02 0 0.15 0.0018153735700716764
0.02 0 0.16 0.0022973785199642224
0.02 0 0.17 0.003083049309097723
0.02 0 0.18 0.004006158636147033
0.02 0 0.19 0.003671106648360972
0.02 0 0.2 0.0026767474353066316
0.02 0 0.21 0.0015388348972814056
0.02 0 0.22 0.0005773326754487129
0.02 0 0.23 0.0003168009096091052
0.02 0 0.24 0.000313473698136737
0.02 0 0.25 0.0001520243653251037
0.02 0 0.26 4.2229320769268154e-05
0.02 0 0.27 3.011199824990204e-05
0.02 0 0.28 4.6185650906892424e-05
0.02 0 0.29 7.141463035507705e-05
0.02 0 0.3 0.00014284846863969134
0.02 0 0.31 0.0003061327847707104
0.02 0 0.32 0.0004341452545941339
0.02 0 0.33 0.0005138673664888163
0.02 0 0.34 0.0005872833436390036
0.02 0 0.35000000000000003 0.0005761469374482991
0.02 0 0.36 0.00039094633955820017
0.02 0 0.37 0.00013518744993727786
0.02 0 0.38 5.213386148521556e-05
0.02 0 0.39 6.037577095794384e-05
0.02 0 0.4 8.599695479218868e-05
0.02 0 0.41000000000000003 8.000854517469823e-05
0.02 0 0.42 0.00015375125625475533
0.02 0 0.43 0.0004959718358703623
0.02 0 0.44 0.0005511782955611311
0.02 0 0.45 0.0002588841062932395
0.02 0 0.46 0.00013151274939651725
0.02 0 0.47000000000000003 6.142376606589446e-05
0.02 0 0.48 2.5800459665141816e-05
0.02 0 0.49 1.481758465490736e-05
0.02 0 0.5 1.3781458331707598e-05
0.03 0 0.0 0.011836985766473223
0.03 0 0.01 0.015411517043727651
0.03 0 0.02 0.0379463320613554
0.03 0 0.03 0.07825669488178551
0.03 0 0.04 0.061837331917387106
0.03 0 0.05 0.04577240321820972
0.03 0 0.06 0.05064378547534996
0.03 0 0.07 0.02866936633858833
0.03 0 0.08 0.008394475590253211
0.03 0 0.09 0.0030216818885317413
0.03 0 0.1 0.0011617779364998238
0.03 0 0.11 0.0006502628683444362
0.03 0 0.12 0.00104411986856668
0.03 0 0.13 0.0017994021614928988
0.03 0 0.14 0.001407573230577517
0.03 0 0.15 0.0013116034470476569
0.03 0 0.16 0.0028484393025542923
0.03 0 0.17 0.0073843361503836275
0.03 0 0.18 0.008227594895502535
0.03 0 0.19 0.002663907359670576
0.03 0 0.2 0.0007657863232677964
0.03 0 0.21 0.000597956827748675
0.03 0 0.22 0.0005509469866959874
0.03 0 0.23 0.00029697719049322224
0.03 0 0.24 0.00019301761990587473
0.03 0 0.25 0.00014501086638663281
0.03 0 0.26 8.772293064534891e-05
0.03 0 0.27 8.704436794918986e-05
0.03 0 0.28 0.00012050991826307962
0.03 0 0.29 8.133335836924489e-05
0.03 0 0.3 3.678779335213497e-05
0.03 0 0.31 2.4565331364681245e-05
0.03 0 0.32 2.4439052665189722e-05
0.03 0 0.33 3.3862176390113374e-05
0.03 0 0.34 4.708738914026064e-05
0.03 0 0.35000000000000003 4.985425420466347e-05
0.03 0 0.36 7.02243735993166e-05
0.03 0 0.37 0.00014497375555913182
0.03 0 0.38 0.0002666664846628256
0.03 0 0.39 0.0005393764669364601
0.03 0 0.4 0.0009148632604286617
0.03 0 0.41000000000000003 0.0005252912263992019
0.03 0 0.42 0.00019846676437920683
0.03 0 0.43 0.00015220997900503884
0.03 0 0.44 0.0001667232079822567
0.03 0 0.45 0.00018384560920085998
0.03 0 0.46 0.0002236167773634041
0.03 0 0.47000000000000003 0.0002211434561089372
0.03 0 0.48 0.0002191795839596174
0.03 0 0.49 0.00028436687189826326
0.03 0 0.5 0.000247924356325143
0.04 0 0.0 0.05135319941700714
0.04 0 0.01 0.0652030839620673
0.04 0 0.02 0.03710188377807355
0.04 0 0.03 0.046006019715015334
0.04 0 0.04 0.09015806505135009
0.04 0 0.05 0.08834300417040315
0.04 0 0.06 0.06545391611907866
0.04 0 0.07 0.05499491960118466
0.04 0 0.08 0.03631608962859796
0.04 0 0.09 0.020804141127999855
0.04 0 0.1 0.015085165782638478
0.04 0 0.11 0.018284460295393577
0.04 0 0.12 0.03010696857045765
0.04 0 0.13 0.024449988868830617
0.04 0 0.14 0.01113558743204839
0.04 0 0.15 0.011991996804791565
0.04 0 0.16 0.01866192295014943
0.04 0 0.17 0.00816300680252684
0.04 0 0.18 0.0016687974019175345
0.04 0 0.19 0.0004719360220648133
0.04 0 0.2 0.00017550311571811855
0.04 0 0.21 0.0001342863050189205
0.04 0 0.22 0.00029604649248800985
0.04 0 0.23 0.0005905922499540614
0.04 0 0.24 0.0004354012929909267
0.04 0 0.25 0.00019710861774457824
0.04 0 0.26 0.00014322915868310245
0.04 0 0.27 0.00021620883105732025
0.04 0 0.28 0.0002184773647763958
0.04 0 0.29 7.867037404048408e-05
0.04 0 0.3 4.8380386383563404e-05
0.04 0 0.31 9.25916374196008e-05
0.04 0 0.32 9.189112510491246e-05
0.04 0 0.33 3.783390338742302e-05
0.04 0 0.34 2.917891154135836e-05
0.04 0 0.35000000000000003 3.3176113342794686e-05
0.04 0 0.36 2.3548586646207238e-05
0.04 0 0.37 1.4964036522554115e-05
0.04 0 0.38 8.116859831355683e-06
0.04 0 0.39 2.2148193655180854e-06
0.04 0 0.4 4.6540336186373457e-07
0.04 0 0.41000000000000003 2.0347705382657924e-07
0.04 0 0.42 3.28370803314209e-07
0.04 0 0.43 1.046383039792906e-06
0.04 0 0.44 2.1165789717532404e-06
0.04 0 0.45 4.028393275121311e-06
0.04 0 0.46 1.2187359554659411e-05
0.04 0 0.47000000000000003 1.2945530791922285e-05
0.04 0 0.48 3.3858926003462123e-06
0.04 0 0.49 2.0044705306582027e-06
0.04 0 0.5 3.869963245402161e-06
0.05 0 0.0 0.23374755224443175
0.05 0 0.01 0.27139772757603914
0.05 0 0.02 0.11598042355706722
0.05 0 0.03 0.08585528755389582
0.05 0 0.04 0.2764298818657644
0.05 0 0.05 0.6290603404420744
0.05 0 0.06 0.35131878204174893
0.05 0 0.07 0.13968275769857308
0.05 0 0.08 0.09694028591141753
0.05 0 0.09 0.09780665816363368
0.05 0 0.1 0.07170046565603566
0.05 0 0.11 0.03509827060273556
0.05 0 0.12 0.02312586700360209
0.05 0 0.13 0.01565059735772384
0.05 0 0.14 0.005907281946382541
0.05 0 0.15 0.003802208356820325
0.05 0 0.16 0.006833078642073655
0.05 0 0.17 0.006450821505916174
0.05 0 0.18 0.00254560085048847
0.05 0 0.19 0.0019532899220065666
0.05 0 0.2 0.002682327989361712
0.05 0 0.21 0.002912409863555358
0.05 0 0.22 0.003643159769856425
0.05 0 0.23 0.0063071054319787006
0.05 0 0.24 0.008776413983746411
0.05 0 0.25 0.0067938382562588205
0.05 0 0.26 0.0033845835686373803
0.05 0 0.27 0.0023696729857779217
0.05 0 0.28 0.0028153588316484146
0.05 0 0.29 0.0021759450859350693
0.05 0 0.3 0.0013180220531271293
0.05 0 0.31 0.001724940497656992
0.05 0 0.32 0.0021174354963820457
0.05 0 0.33 0.001149306385870465
0.05 0 0.34 0.0010716311045834077
0.05 0 0.35000000000000003 0.0026112999039753313
0.05 0 0.36 0.0042147618541376886
0.05 0 0.37 0.0027810502435704613
0.05 0 0.38 0.0011688212195460513
0.05 0 0.39 0.0005061647270641093
0.05 0 0.4 0.0004269800738631613
0.05 0 0.41000000000000003 0.0005821202167378155
0.05 0 0.42 0.0005207804560161136
0.05 0 0.43 0.000246346226607979
0.05 0 0.44 8.097489897297407e-05
0.05 0 0.45 3.663041728294014e-05
0.05 0 0.46 5.041649315995423e-05
0.05 0 0.47000000000000003 7.761234873916355e-05
0.05 0 0.48 3.0936107430904406e-05
0.05 0 0.49 9.700843741274373e-06
0.05 0 0.5 1.006120157696352e-05
0.06 0 0.0 0.0013333451610550685
0.06 0 0.01 0.0013774983674028124
0.06 0 0.02 0.001049617692883396
0.06 0 0.03 0.0012636738530403112
0.06 0 0.04 0.003445745726764105
0.06 0 0.05 0.0061114126362733015
0.06 0 0.06 0.005883824353467134
0.06 0 0.07 0.006918540730564052
0.06 0 0.08 0.005004849939174874
0.06 0 0.09 0.0014913356924379998
0.06 0 0.1 0.0007292758160950357
0.06 0 0.11 0.0010906780045237348
0.06 0 0.12 0.002363176704000512
0.06 0 0.13 0.004239680707015756
0.06 0 0.14 0.005015671966782711
0.06 0 0.15 0.004716803256754435
0.06 0 0.16 0.004889406464867099
0.06 0 0.17 0.004544281564219677
0.06 0 0.18 0.0046338980996833085
0.06 0 0.19 0.007013540440771238
0.06 0 0.2 0.005737507395777634
0.06 0 0.21 0.002161021765119334
0.06 0 0.22 0.002203218427963843
0.06 0 0.23 0.0070608919615253425
0.06 0 0.24 0.01365266496660874
0.06 0 0.25 0.01315039531691432
0.06 0 0.26 0.009976950071674876
0.06 0 0.27 0.004164118292623034
0.06 0 0.28 0.0012630284119322492
0.06 0 0.29 0.0005874596429697755
0.06 0 0.3 0.00038884859629022213
0.06 0 0.31 0.0002270642656164904
0.06 0 0.32 8.818908998779875e-05
0.06 0 0.33 3.972938342230403e-05
0.06 0 0.34 5.686811803265767e-05
0.06 0 0.35000000000000003 0.0001294524547659731
0.06 0 0.36 0.00011942377365790384
0.06 0 0.37 9.170781290716282e-05
0.06 0 0.38 0.00011586368995863929
0.06 0 0.39 8.306790806974419e-05
0.06 0 0.4 4.417844283614626e-05
0.06 0 0.41000000000000003 6.686995082689258e-05
0.06 0 0.42 0.00012897768768787836
0.06 0 0.43 9.140764253488917e-05
0.06 0 0.44 5.353412002615317e-05
0.06 0 0.45 7.311215005292954e-05
0.06 0 0.46 0.0001476427940353729
0.06 0 0.47000000000000003 0.000132708928334597
0.06 0 0.48 4.440373107730674e-05
0.06 0 0.49 2.3005279073994952e-05
0.06 0 0.5 2.8008963342910366e-05
0.07 0 0.0 0.0023154884895581107
0.07 0 0.01 0.006244610565898303
0.07 0 0.02 0.00413531411083499
0.07 0 0.03 0.001282773640356136
0.07 0 0.04 0.0011227261083027237
0.07 0 0.05 0.0013135286598698842
0.07 0 0.06 0.0007187175647224962
0.07 0 0.07 0.0005204912331185656
0.07 0 0.08 0.0004548829659147445
0.07 0 0.09 0.0001323688896757878
0.07 0 0.1 4.032271102389976e-05
0.07 0 0.11 7.284688796543375e-05
0.07 0 0.12 0.00027318477213983936
0.07 0 0.13 0.00032040164480804615
0.07 0 0.14 0.00010963838181296034
0.07 0 0.15 4.4198040352884336e-05
0.07 0 0.16 5.292494406375994e-05
0.07 0 0.17 8.830705260489523e-05
0.07 0 0.18 0.00011012140954958068
0.07 0 0.19 0.00022230347370786525
0.07 0 0.2 0.0005582866011344976
0.07 0 0.21 0.0005630129052598512
0.07 0 0.22 0.0005572250104929874
0.07 0 0.23 0.001297616630933298
0.07 0 0.24 0.0016092786209263496
0.07 0 0.25 0.0005751830828043364
0.07 0 0.26 0.0002189073611400118
0.07 0 0.27 0.00011576451205803318
0.07 0 0.28 4.6582630830472605e-05
0.07 0 0.29 1.746350545635769e-05
0.07 0 0.3 1.0079717848549113e-05
0.07 0 0.31 1.1025524119205112e-05
0.07 0 0.32 1.5677187445781593e-05
0.07 0 0.33 1.7375071716345697e-05
0.07 0 0.34 2.652446645917218e-05
0.07 0 0.35000000000000003 7.464587035865185e-05
0.07 0 0.36 0.00011647195091981769
0.07 0 0.37 9.312380880991058e-05
0.07 0 0.38 0.00012561711627738067
0.07 0 0.39 0.00016632964982222625
0.07 0 0.4 9.648117190145345e-05
0.07 0 0.41000000000000003 7.497679000635365e-05
0.07 0 0.42 0.00012337117964524998
0.07 0 0.43 0.0001405307259900132
0.07 0 0.44 7.774117527137357e-05
0.07 0 0.45 3.545490238541673e-05
0.07 0 0.46 2.0190837941382566e-05
0.07 0 0.47000000000000003 1.531531681408393e-05
0.07 0 0.48 1.0090857448039044e-05
0.07 0 0.49 6.469040301371349e-06
0.07 0 0.5 7.102829550565384e-06
0.08 0 0.0 0.0017310927011414705
0.08 0 0.01 0.002179535727060044
0.08 0 0.02 0.0024128599771444143
0.08 0 0.03 0.0015748398176110442
0.08 0 0.04 0.0014628811632650196
0.08 0 0.05 0.002662000881761636
0.08 0 0.06 0.0036375582956868
0.08 0 0.07 0.0033296959013776536
0.08 0 0.08 0.0031446446633744385
0.08 0 0.09 0.0026632873290094515
0.08 0 0.1 0.002795115486131866
0.08 0 0.11 0.003972623787216689
0.08 0 0.12 0.002849634989968034
0.08 0 0.13 0.0011102763163698187
0.08 0 0.14 0.0006988255642598739
0.08 0 0.15 0.0006979046879467395
0.08 0 0.16 0.000833698561974584
0.08 0 0.17 0.0012688885656534825
0.08 0 0.18 0.001287768063127887
0.08 0 0.19 0.0006766842878031343
0.08 0 0.2 0.0003815297371681932
0.08 0 0.21 0.00026119358137894255
0.08 0 0.22 0.00016996407868441368
0.08 0 0.23 0.00011939935411249302
0.08 0 0.24 9.178560097676991e-05
0.08 0 0.25 0.00011248457139594674
0.08 0 0.26 0.00025339318843237856
0.08 0 0.27 0.00026552493969032913
0.08 0 0.28 7.425711453575202e-05
0.08 0 0.29 2.6571285435921905e-05
0.08 0 0.3 2.2501330696848367e-05
0.08 0 0.31 2.2275689514717586e-05
0.08 0 0.32 2.856540849800422e-05
0.08 0 0.33 4.1453026916897494e-05
0.08 0 0.34 3.1322818361076776e-05
0.08 0 0.35000000000000003 1.9421994847142718e-05
0.08 0 0.36 2.696613905349319e-05
0.08 0 0.37 8.257737414367418e-05
0.08 0 0.38 0.00025840187674365024
0.08 0 0.39 0.00030048807029484206
0.08 0 0.4 0.00012593063327380997
0.08 0 0.41000000000000003 6.46274524217785e-05
0.08 0 0.42 4.5388966928472376e-05
0.08 0 0.43 2.135276367198543e-05
0.08 0 0.44 1.6495098467905847e-05
0.08 0 0.45 4.0771733286968066e-05
0.08 0 0.46 9.269990857717248e-05
0.08 0 0.47000000000000003 0.00011635876819593876
0.08 0 0.48 0.00014604600015582977
0.08 0 0.49 0.00015226002795981335
0.08 0 0.5 0.00012696055623809464
0.09 0 0.0 0.0016968404958736132
0.09 0 0.01 0.0017275169874868927
0.09 0 0.02 0.0014210897217888801
0.09 0 0.03 0.0018441254710059092
0.09 0 0.04 0.0033459087446997163
0.09 0 0.05 0.004773380108854965
0.09 0 0.06 0.0033865721144651566
0.09 0 0.07 0.002077814661815782
0.09 0 0.08 0.0020391836143565365
0.09 0 0.09 0.0018777329429655475
0.09 0 0.1 0.001586638160215725
0.09 0 0.11 0.002051367735310958
0.09 0 0.12 0.0016674305339277739
0.09 0 0.13 0.000634451199916968
0.09 0 0.14 0.0005914789379287303
0.09 0 0.15 0.0014903398701161272
0.09 0 0.16 0.001740653794567344
0.09 0 0.17 0.0008235117704172538
0.09 0 0.18 0.00046633082993921933
0.09 0 0.19 0.0004184909761616992
0.09 0 0.2 0.0004916195597263535
0.09 0 0.21 0.0005468338600809194
0.09 0 0.22 0.0005157697049704104
0.09 0 0.23 0.0005507421058168678
0.09 0 0.24 0.00048066987324781046
0.09 0 0.25 0.0002537680141944254
0.09 0 0.26 0.00015221277396015273
0.09 0 0.27 8.043258528206388e-05
0.09 0 0.28 1.8197298600315974e-05
0.09 0 0.29 6.031723489524628e-06
0.09 0 0.3 7.827234858834976e-06
0.09 0 0.31 1.0364402433119834e-05
0.09 0 0.32 7.3703408087399944e-06
0.09 0 0.33 7.84702630936738e-06
0.09 0 0.34 1.6429295809098938e-05
0.09 0 0.35000000000000003 4.0911116589006877e-05
0.09 0 0.36 8.071767502933738e-05
0.09 0 0.37 9.189724721657474e-05
0.09 0 0.38 7.716000980790349e-05
0.09 0 0.39 5.784786064869188e-05
0.09 0 0.4 2.9690368471527923e-05
0.09 0 0.41000000000000003 1.8873394210848447e-05
0.09 0 0.42 2.4088366276905518e-05
0.09 0 0.43 2.2771652265328445e-05
0.09 0 0.44 1.531526104452965e-05
0.09 0 0.45 2.8691213938405996e-05
0.09 0 0.46 0.00011108817535137881
0.09 0 0.47000000000000003 0.00020541004114149012
0.09 0 0.48 0.00012860593310635066
0.09 0 0.49 3.974230065451663e-05
0.09 0 0.5 1.4061396852213422e-05
0.1 0 0.0 0.012135303847866562
0.1 0 0.01 0.007310797363164855
0.1 0 0.02 0.01127293312896355
0.1 0 0.03 0.02677465854612673
0.1 0 0.04 0.054505783334395125
0.1 0 0.05 0.15618481563835782
0.1 0 0.06 0.4384665299111322
0.1 0 0.07 0.41731214642723236
0.1 0 0.08 0.2311118749791147
0.1 0 0.09 0.1697426977392468
0.1 0 0.1 0.11785119846363043
0.1 0 0.11 0.07618546741069249
0.1 0 0.12 0.05984108508877311
0.1 0 0.13 0.04626411249161492
0.1 0 0.14 0.037920635772157076
0.1 0 0.15 0.03421998599970637
0.1 0 0.16 0.029302539568371037
0.1 0 0.17 0.038053364759765784
0.1 0 0.18 0.06109649358344136
0.1 0 0.19 0.039946387704633754
0.1 0 0.2 0.01500102439824181
0.1 0 0.21 0.007796735247370613
0.1 0 0.22 0.0033715595246112534
0.1 0 0.23 0.001396736179621461
0.1 0 0.24 0.0016632420257899443
0.1 0 0.25 0.0034423126959003693
0.1 0 0.26 0.003855894551948652
0.1 0 0.27 0.0029094519081365
0.1 0 0.28 0.0031222714616532545
0.1 0 0.29 0.006028113711762685
0.1 0 0.3 0.010519393585251162
0.1 0 0.31 0.005887918163148351
0.1 0 0.32 0.0019372351355273795
0.1 0 0.33 0.0014468078386354016
0.1 0 0.34 0.0016295690240164802
0.1 0 0.35000000000000003 0.0015183666768619117
0.1 0 0.36 0.0019238183905598758
0.1 0 0.37 0.002300748221348102
0.1 0 0.38 0.0017978168485453454
0.1 0 0.39 0.002851662119786848
0.1 0 0.4 0.009186886119132098
0.1 0 0.41000000000000003 0.011889668707060192
0.1 0 0.42 0.005383348843696711
0.1 0 0.43 0.0029772034600429424
0.1 0 0.44 0.0034056485613125033
0.1 0 0.45 0.005292427512972747
0.1 0 0.46 0.005560520535402344
0.1 0 0.47000000000000003 0.004067186262428158
0.1 0 0.48 0.003291061221399051
0.1 0 0.49 0.001606846393733544
0.1 0 0.5 0.000441039270270222
0.11 0 0.0 0.04110843062886418
0.11 0 0.01 0.07135389009659404
0.11 0 0.02 0.1309430951782079
0.11 0 0.03 0.2251747352094295
0.11 0 0.04 0.12222742850345662
0.11 0 0.05 0.05208837710553468
0.11 0 0.06 0.06946034970049951
0.11 0 0.07 0.07720210258428103
0.11 0 0.08 0.022564534209023535
0.11 0 0.09 0.007628251943107019
0.11 0 0.1 0.011552509560652947
0.11 0 0.11 0.05390143661897514
0.11 0 0.12 0.27988274676030317
0.11 0 0.13 0.7845768871725951
0.11 0 0.14 1.3906735212932557
0.11 0 0.15 2.0303445128713125
0.11 0 0.16 1.9362087337362035
0.11 0 0.17 1.9403118165473199
0.11 0 0.18 2.4608985910941623
0.11 0 0.19 0.8357256917732815
0.11 0 0.2 0.06703008217522775
0.11 0 0.21 0.014108811093141639
0.11 0 0.22 0.0148703966690978
0.11 0 0.23 0.018630971961449642
0.11 0 0.24 0.023608747522776644
0.11 0 0.25 0.04116893336041682
0.11 0 0.26 0.04562656379101104
0.11 0 0.27 0.021262123458722932
0.11 0 0.28 0.007643317230810176
0.11 0 0.29 0.005274553194216131
0.11 0 0.3 0.008442609056339387
0.11 0 0.31 0.009911226832180257
0.11 0 0.32 0.0053147124100361934
0.11 0 0.33 0.004680545412107842
0.11 0 0.34 0.00828128586889062
0.11 0 0.35000000000000003 0.009983152503154867
0.11 0 0.36 0.011211474976050068
0.11 0 0.37 0.018251976015111183
0.11 0 0.38 0.018309893875762304
0.11 0 0.39 0.01061627997825918
0.11 0 0.4 0.0056967825069771496
0.11 0 0.41000000000000003 0.0017056308262507795
0.11 0 0.42 0.0003352982895438439
0.11 0 0.43 0.0001380241763344851
0.11 0 0.44 0.00014159573577051865
0.11 0 0.45 0.00018279901710648155
0.11 0 0.46 0.000178701657868161
0.11 0 0.47000000000000003 0.00014744207465849425
0.11 0 0.48 0.00022234889886395913
0.11 0 0.49 0.0004774140789491932
0.11 0 0.5 0.0003967640200473531
0.12 0 0.0 0.02691946923804869
0.12 0 0.01 0.04639556063058891
0.12 0 0.02 0.021560869987644022
0.12 0 0.03 0.006814482676056232
0.12 0 0.04 0.003683563313945086
0.12 0 0.05 0.005790748323557052
0.12 0 0.06 0.022587519758797258
0.12 0 0.07 0.04859226546161236
0.12 0 0.08 0.03175895734779499
0.12 0 0.09 0.02386333396469039
0.12 0 0.1 0.0300484551680376
0.12 0 0.11 0.03415346247957284
0.12 0 0.12 0.05359071071289816
0.12 0 0.13 0.11816469014189412
0.12 0 0.14 0.13623773279598236
0.12 0 0.15 0.08532855329003662
0.12 0 0.16 0.0547627359139871
0.12 0 0.17 0.037711009634595866
0.12 0 0.18 0.02898960217406235
0.12 0 0.19 0.02382743876173202
0.12 0 0.2 0.020437906869451763
0.12 0 0.21 0.024763123654321567
0.12 0 0.22 0.02381888107289056
0.12 0 0.23 0.009276820313637479
0.12 0 0.24 0.004677404501630085
0.12 0 0.25 0.0071079313495998435
0.12 0 0.26 0.011859152373572992
0.12 0 0.27 0.015651060946424353
0.12 0 0.28 0.02345775131630872
0.12 0 0.29 0.021674645826664014
0.12 0 0.3 0.012924741175720157
0.12 0 0.31 0.012690534770232999
0.12 0 0.32 0.014107691036010858
0.12 0 0.33 0.007363066828116954
0.12 0 0.34 0.0024588596332665697
0.12 0 0.35000000000000003 0.001219439835229069
0.12 0 0.36 0.0013285340563191333
0.12 0 0.37 0.0015830989829020425
0.12 0 0.38 0.000886997760542608
0.12 0 0.39 0.0006386777381629185
0.12 0 0.4 0.0014471085833834784
0.12 0 0.41000000000000003 0.0020438459324773257
0.12 0 0.42 0.0008476031919809914
0.12 0 0.43 0.0005717871167524254
0.12 0 0.44 0.000737537417243972
0.12 0 0.45 0.00043690682237278975
0.12 0 0.46 0.0001872620364422088
0.12 0 0.47000000000000003 0.00018552674842889336
0.12 0 0.48 0.00025727012946475265
0.12 0 0.49 0.00016641211501456334
0.12 0 0.5 4.6102431816487305e-05
0.13 0 0.0 0.0007201168600926419
0.13 0 0.01 0.00046017241975367264
0.13 0 0.02 0.0004252969012929912
0.13 0 0.03 0.0005178508266449702
0.13 0 0.04 0.0006016696847693728
0.13 0 0.05 0.0009232702463008553
0.13 0 0.06 0.0027066123279820354
0.13 0 0.07 0.0046803144068939566
0.13 0 0.08 0.0023772261663904145
0.13 0 0.09 0.0021113061512377036
0.13 0 0.1 0.005595788760865326
0.13 0 0.11 0.005975149222313752
0.13 0 0.12 0.003023109011544094
0.13 0 0.13 0.005732492439840484
0.13 0 0.14 0.022857902026887648
0.13 0 0.15 0.027602472500059747
0.13 0 0.16 0.011468908308860052
0.13 0 0.17 0.006077125112024108
0.13 0 0.18 0.0072236991882824435
0.13 0 0.19 0.010766301490665224
0.13 0 0.2 0.009436972326577305
0.13 0 0.21 0.006114272810750331
0.13 0 0.22 0.0033003600225696983
0.13 0 0.23 0.001012428742741533
0.13 0 0.24 0.000564183472532088
0.13 0 0.25 0.0018341642749693894
0.13 0 0.26 0.006177737969288621
0.13 0 0.27 0.004772023430148047
0.13 0 0.28 0.002848070414769292
0.13 0 0.29 0.002384709296941308
0.13 0 0.3 0.0012427600578416849
0.13 0 0.31 0.0005432658557386894
0.13 0 0.32 0.0003836575307616777
0.13 0 0.33 0.00033472757580788834
0.13 0 0.34 0.0003078606728265873
0.13 0 0.35000000000000003 0.0004050203685206719
0.13 0 0.36 0.0009673540917839585
0.13 0 0.37 0.002354817809608034
0.13 0 0.38 0.0016109024330657298
0.13 0 0.39 0.000501608610806175
0.13 0 0.4 0.0005507309900918593
0.13 0 0.41000000000000003 0.0012354496166109776
0.13 0 0.42 0.0006453011905805552
0.13 0 0.43 0.00015234532682873063
0.13 0 0.44 8.223440641954091e-05
0.13 0 0.45 6.043019080592949e-05
0.13 0 0.46 4.23646202121148e-05
0.13 0 0.47000000000000003 6.77387075215046e-05
0.13 0 0.48 0.0002437091059074832
0.13 0 0.49 0.0006832706550600991
0.13 0 0.5 0.0006324069669505598
0.14 0 0.0 0.00011953898216322887
0.14 0 0.01 7.67712613485094e-05
0.14 0 0.02 7.848233279424665e-05
0.14 0 0.03 8.506110676690817e-05
0.14 0 0.04 8.423363649122913e-05
0.14 0 0.05 5.899922448008286e-05
0.14 0 0.06 4.024986996722279e-05
0.14 0 0.07 4.406427920511954e-05
0.14 0 0.08 5.1339979858630186e-05
0.14 0 0.09 5.7402957664757876e-05
0.14 0 0.1 8.302259911709199e-05
0.14 0 0.11 8.28419823904888e-05
0.14 0 0.12 5.272486282656378e-05
0.14 0 0.13 5.86043796642052e-05
0.14 0 0.14 9.194538814120104e-05
0.14 0 0.15 9.222459282799517e-05
0.14 0 0.16 8.586636984614372e-05
0.14 0 0.17 9.924309877140138e-05
0.14 0 0.18 0.00013406785759282353
0.14 0 0.19 0.0002508758017932305
0.14 0 0.2 0.00029167009991677755
0.14 0 0.21 8.987225616947292e-05
0.14 0 0.22 2.196934462038327e-05
0.14 0 0.23 1.595256799075257e-05
0.14 0 0.24 2.942017233128654e-05
0.14 0 0.25 6.567707474264418e-05
0.14 0 0.26 8.13479307357533e-05
0.14 0 0.27 5.5975173569904026e-05
0.14 0 0.28 5.872148168637912e-05
0.14 0 0.29 8.450686309537213e-05
0.14 0 0.3 6.597404415722272e-05
0.14 0 0.31 4.890422374487579e-05
0.14 0 0.32 5.8759803016972454e-05
0.14 0 0.33 5.335882941527018e-05
0.14 0 0.34 4.229617174466622e-05
0.14 0 0.35000000000000003 5.65177674519247e-05
0.14 0 0.36 6.852129618071429e-05
0.14 0 0.37 5.5653338390166464e-05
0.14 0 0.38 6.358246326810612e-05
0.14 0 0.39 0.00012863536688144234
0.14 0 0.4 0.00031148526215449946
0.14 0 0.41000000000000003 0.0004399163658465865
0.14 0 0.42 0.00020932544146365183
0.14 0 0.43 8.10316101955713e-05
0.14 0 0.44 6.909958868384764e-05
0.14 0 0.45 7.77782605228896e-05
0.14 0 0.46 9.318219185509685e-05
0.14 0 0.47000000000000003 0.00017014795440951612
0.14 0 0.48 0.0002214119626854519
0.14 0 0.49 0.00013725062272844696
0.14 0 0.5 8.795994362726026e-05
0.15 0 0.0 0.00018983849626136277
0.15 0 0.01 0.0002568896540698108
0.15 0 0.02 0.0006478063500890633
0.15 0 0.03 0.0006242339111463847
0.15 0 0.04 0.0004328085929285734
0.15 0 0.05 0.000824106801468765
0.15 0 0.06 0.0024473998125142567
0.15 0 0.07 0.003668446113366082
0.15 0 0.08 0.0021115432644849886
0.15 0 0.09 0.0007976841769150093
0.15 0 0.1 0.00037355507691788826
0.15 0 0.11 0.00018505649129210177
0.15 0 0.12 0.00010258558435081521
0.15 0 0.13 0.00012828500765351417
0.15 0 0.14 0.00018020523948693447
0.15 0 0.15 0.00010191351255382245
0.15 0 0.16 7.910043260085134e-05
0.15 0 0.17 0.0001976707737394012
0.15 0 0.18 0.00038928886004373074
0.15 0 0.19 0.0003884134416417867
0.15 0 0.2 0.0004575651818658202
0.15 0 0.21 0.00044210519351050155
0.15 0 0.22 0.00023320334322262217
0.15 0 0.23 0.0001557111582212604
0.15 0 0.24 0.000229963035051439
0.15 0 0.25 0.00048757191372066576
0.15 0 0.26 0.000645570744724191
0.15 0 0.27 0.00046278009543749724
0.15 0 0.28 0.0004927545187222073
0.15 0 0.29 0.0007533727621898506
0.15 0 0.3 0.00039277512793865483
0.15 0 0.31 0.0001268483636412947
0.15 0 0.32 0.00016071266375050825
0.15 0 0.33 0.00037803144882799183
0.15 0 0.34 0.0003999345621134787
0.15 0 0.35000000000000003 0.00039748859892985237
0.15 0 0.36 0.000713693427349422
0.15 0 0.37 0.0013875218541117265
0.15 0 0.38 0.002373373474731864
0.15 0 0.39 0.0032275098712223832
0.15 0 0.4 0.0026977417589467098
0.15 0 0.41000000000000003 0.0013321521028676593
0.15 0 0.42 0.0004271828548393728
0.15 0 0.43 0.00021251719825126302
0.15 0 0.44 0.0003738390167793515
0.15 0 0.45 0.0006707075269866192
0.15 0 0.46 0.00036720764513945464
0.15 0 0.47000000000000003 0.000209901944145137
0.15 0 0.48 0.0003081808849027279
0.15 0 0.49 0.0004897030964653302
0.15 0 0.5 0.0005624642470113163
0.16 0 0.0 0.0007959132815872437
0.16 0 0.01 0.0008134450936274272
0.16 0 0.02 0.0007954112767414327
0.16 0 0.03 0.0007522380315257029
0.16 0 0.04 0.0010112117612150414
0.16 0 0.05 0.002540518703609915
0.16 0 0.06 0.005797555078887572
0.16 0 0.07 0.008327460849855866
0.16 0 0.08 0.007956268449294776
0.16 0 0.09 0.004421117147102409
0.16 0 0.1 0.0028704996106821605
0.16 0 0.11 0.004062018737286887
0.16 0 0.12 0.0057328463039092266
0.16 0 0.13 0.006258409100221223
0.16 0 0.14 0.010790244393337367
0.16 0 0.15 0.023348211734291306
0.16 0 0.16 0.03809341121293218
0.16 0 0.17 0.05238553413330013
0.16 0 0.18 0.05857542024963406
0.16 0 0.19 0.07143963774056467
0.16 0 0.2 0.13327732563510503
0.16 0 0.21 0.160718082422591
0.16 0 0.22 0.07867500632803787
0.16 0 0.23 0.034363264155152284
0.16 0 0.24 0.01499837882260106
0.16 0 0.25 0.006258321441511682
0.16 0 0.26 0.005564650958381005
0.16 0 0.27 0.008018326791824881
0.16 0 0.28 0.006012173764444016
0.16 0 0.29 0.0024624636949565556
0.16 0 0.3 0.000849964328247872
0.16 0 0.31 0.0002944693132612786
0.16 0 0.32 0.00017775835824414767
0.16 0 0.33 0.000187337957227372
0.16 0 0.34 0.00019347824914813988
0.16 0 0.35000000000000003 0.00018614921212018517
0.16 0 0.36 0.00014725697833344037
0.16 0 0.37 9.610587397368622e-05
0.16 0 0.38 0.0001132070858753923
0.16 0 0.39 0.00019631935457095176
0.16 0 0.4 0.00020136208388932443
0.16 0 0.41000000000000003 0.00024364567978565123
0.16 0 0.42 0.000543312614365823
0.16 0 0.43 0.0005398816589595744
0.16 0 0.44 0.00017949895762542248
0.16 0 0.45 7.991640204169727e-05
0.16 0 0.46 6.866219584047543e-05
0.16 0 0.47000000000000003 6.938003050474226e-05
0.16 0 0.48 7.152261652820393e-05
0.16 0 0.49 7.276359562292748e-05
0.16 0 0.5 6.88665149120495e-05
0.17 0 0.0 0.035023928736507115
0.17 0 0.01 0.049096923940427674
0.17 0 0.02 0.046049832877295915
0.17 0 0.03 0.02920968408844639
0.17 0 0.04 0.026159594412387407
0.17 0 0.05 0.04084737963267331
0.17 0 0.06 0.030876901583147983
0.17 0 0.07 0.01255848927822264
0.17 0 0.08 0.01508244415936288
0.17 0 0.09 0.03235755809010353
0.17 0 0.1 0.02468248312551398
0.17 0 0.11 0.013064741151268612
0.17 0 0.12 0.01489892937698335
0.17 0 0.13 0.027905872882359035
0.17 0 0.14 0.06744761294039416
0.17 0 0.15 0.20713259099533984
0.17 0 0.16 0.5602536277699371
0.17 0 0.17 0.9376884279055698
0.17 0 0.18 0.8515723534303073
0.17 0 0.19 0.8037774282394664
0.17 0 0.2 1.5272312946529756
0.17 0 0.21 1.6603493828134774
0.17 0 0.22 0.37328162422229616
0.17 0 0.23 0.1037491637450811
0.17 0 0.24 0.11070555709038608
0.17 0 0.25 0.10283929277601679
0.17 0 0.26 0.0513314799580819
0.17 0 0.27 0.03805031143277843
0.17 0 0.28 0.04111117197289937
0.17 0 0.29 0.04320404265635426
0.17 0 0.3 0.04950362405976529
0.17 0 0.31 0.05656257591003857
0.17 0 0.32 0.05784583923790294
0.17 0 0.33 0.04745836537141335
0.17 0 0.34 0.02959287360756571
0.17 0 0.35000000000000003 0.0263074720510489
0.17 0 0.36 0.03481374078895622
0.17 0 0.37 0.026010109154437574
0.17 0 0.38 0.014485327633095393
0.17 0 0.39 0.013165175221754699
0.17 0 0.4 0.008847248950737416
0.17 0 0.41000000000000003 0.00340139591431745
0.17 0 0.42 0.002029514021850679
0.17 0 0.43 0.0012926603129741292
0.17 0 0.44 0.0004386311712628432
0.17 0 0.45 0.0002279413849875595
0.17 0 0.46 0.00037087715873772943
0.17 0 0.47000000000000003 0.0008013057361479105
0.17 0 0.48 0.0009637876108697065
0.17 0 0.49 0.0006042183370109249
0.17 0 0.5 0.0004139338832368171
0.18 0 0.0 0.0390314637369788
0.18 0 0.01 0.03623455603058773
0.18 0 0.02 0.03934239035464081
0.18 0 0.03 0.06001393491773488
0.18 0 0.04 0.07401132218712923
0.18 0 0.05 0.10063262497364335
0.18 0 0.06 0.23157678349701033
0.18 0 0.07 0.7007024854419366
0.18 0 0.08 2.180174490934893
0.18 0 0.09 3.2444051133313905
0.18 0 0.1 1.2382477530180074
0.18 0 0.11 0.3920643110582555
0.18 0 0.12 0.30100617167998117
0.18 0 0.13 0.3168199646099069
0.18 0 0.14 0.33132530444873903
0.18 0 0.15 0.32424332091810576
0.18 0 0.16 0.15968716006942074
0.18 0 0.17 0.06328618048703147
0.18 0 0.18 0.061142070251228677
0.18 0 0.19 0.10195329307532168
0.18 0 0.2 0.13612133412886487
0.18 0 0.21 0.13461952830552046
0.18 0 0.22 0.105552645911603
0.18 0 0.23 0.1026806548856261
0.18 0 0.24 0.14536359433824506
0.18 0 0.25 0.1308174053954989
0.18 0 0.26 0.07245037101975688
0.18 0 0.27 0.05902384382788422
0.18 0 0.28 0.07197571422623622
0.18 0 0.29 0.12341517738325751
0.18 0 0.3 0.2759883131246558
0.18 0 0.31 0.19536829412381335
0.18 0 0.32 0.03043448677096575
0.18 0 0.33 0.009125968707437374
0.18 0 0.34 0.014287335255551264
0.18 0 0.35000000000000003 0.029409823770289792
0.18 0 0.36 0.034703757884583936
0.18 0 0.37 0.033347732478314185
0.18 0 0.38 0.03754826662350605
0.18 0 0.39 0.04515166404655222
0.18 0 0.4 0.03911531395243114
0.18 0 0.41000000000000003 0.040860141234127595
0.18 0 0.42 0.11411342305050448
0.18 0 0.43 0.24523724411406458
0.18 0 0.44 0.1140493419217067
0.18 0 0.45 0.046323076450077064
0.18 0 0.46 0.043226826782002764
0.18 0 0.47000000000000003 0.03324741226960926
0.18 0 0.48 0.02448724636501836
0.18 0 0.49 0.04079110496960741
0.18 0 0.5 0.05819897704107553
0.19 0 0.0 0.46252631789814364
0.19 0 0.01 0.9850062422533022
0.19 0 0.02 0.6056143345866566
0.19 0 0.03 0.292601865173422
0.19 0 0.04 0.21278266968498755
0.19 0 0.05 0.17224414813488576
0.19 0 0.06 0.2019443998546251
0.19 0 0.07 0.5655503201620409
0.19 0 0.08 2.4141654005749418
0.19 0 0.09 2.965147969701359
0.19 0 0.1 0.5054274999995236
0.19 0 0.11 0.10751092178451402
0.19 0 0.12 0.15140402705269032
0.19 0 0.13 0.21891031926672028
0.19 0 0.14 0.0932607192222924
0.19 0 0.15 0.05330511987593598
0.19 0 0.16 0.056909594883621364
0.19 0 0.17 0.0416283575272657
0.19 0 0.18 0.03585828801901199
0.19 0 0.19 0.06543554382405628
0.19 0 0.2 0.10270242889421814
0.19 0 0.21 0.07476479822169622
0.19 0 0.22 0.03849730695577279
0.19 0 0.23 0.02595920283634823
0.19 0 0.24 0.021381857391093204
0.19 0 0.25 0.010876043705260623
0.19 0 0.26 0.0055307878295112875
0.19 0 0.27 0.00881346732224053
0.19 0 0.28 0.016516002437198616
0.19 0 0.29 0.010113204126096044
0.19 0 0.3 0.006727270024036535
0.19 0 0.31 0.008873936630672184
0.19 0 0.32 0.006115706606336255
0.19 0 0.33 0.0030625300476433675
0.19 0 0.34 0.00442450946047915
0.19 0 0.35000000000000003 0.008681879988648687
0.19 0 0.36 0.007028747840477977
0.19 0 0.37 0.004369864148233707
0.19 0 0.38 0.005749955326452068
0.19 0 0.39 0.010973987599403575
0.19 0 0.4 0.00757742806996415
0.19 0 0.41000000000000003 0.0021491776418615773
0.19 0 0.42 0.002204251949563399
0.19 0 0.43 0.010050733331984014
0.19 0 0.44 0.017428199160443057
0.19 0 0.45 0.008393449420473854
0.19 0 0.46 0.006570165264298601
0.19 0 0.47000000000000003 0.008063880835158058
0.19 0 0.48 0.009636448779587586
0.19 0 0.49 0.023245957262412537
0.19 0 0.5 0.06361369636075749
0.2 0 0.0 0.15730225221533412
0.2 0 0.01 0.14039169320146533
0.2 0 0.02 0.05512757636653068
0.2 0 0.03 0.021651543975720135
0.2 0 0.04 0.015138461008730774
0.2 0 0.05 0.011382753335351601
0.2 0 0.06 0.009357883814734333
0.2 0 0.07 0.01013422913692354
0.2 0 0.08 0.012514161038318953
0.2 0 0.09 0.014443248241187048
0.2 0 0.1 0.008812136472214627
0.2 0 0.11 0.0032440651753845523
0.2 0 0.12 0.0025862817254332774
0.2 0 0.13 0.004945081555094667
0.2 0 0.14 0.008982604150837903
0.2 0 0.15 0.018113547175833064
0.2 0 0.16 0.04316100798055803
0.2 0 0.17 0.060159665511353884
0.2 0 0.18 0.06099322666687766
0.2 0 0.19 0.0653921364476182
0.2 0 0.2 0.05377831350463222
0.2 0 0.21 0.048288337219932136
0.2 0 0.22 0.05934332728809992
0.2 0 0.23 0.04308010606943302
0.2 0 0.24 0.020437239344073505
0.2 0 0.25 0.018768147435094796
0.2 0 0.26 0.038102014824742264
0.2 0 0.27 0.09549449791225033
0.2 0 0.28 0.14473967920729797
0.2 0 0.29 0.091112714544632
0.2 0 0.3 0.061679229881377785
0.2 0 0.31 0.0886564403882506
0.2 0 0.32 0.09748231520816315
0.2 0 0.33 0.05392544380690306
0.2 0 0.34 0.028198401426045128
0.2 0 0.35000000000000003 0.011268919205099788
0.2 0 0.36 0.003882705221886326
0.2 0 0.37 0.003113199597659238
0.2 0 0.38 0.003962472210323097
0.2 0 0.39 0.0028487596902650575
0.2 0 0.4 0.0015365680963853117
0.2 0 0.41000000000000003 0.001170511966164294
0.2 0 0.42 0.0017068109638733293
0.2 0 0.43 0.0046892990998517615
0.2 0 0.44 0.009538971725123675
0.2 0 0.45 0.008038884717174097
0.2 0 0.46 0.005547033034204237
0.2 0 0.47000000000000003 0.00449775301260017
0.2 0 0.48 0.004674681539246654
0.2 0 0.49 0.008934506534128039
0.2 0 0.5 0.013957007721635014
0.21 0 0.0 0.05528188338006568
0.21 0 0.01 0.03753795761416876
0.21 0 0.02 0.011861262507412578
0.21 0 0.03 0.010250919557473797
0.21 0 0.04 0.029566788670093377
0.21 0 0.05 0.027200148309923716
0.21 0 0.06 0.007333827884177761
0.21 0 0.07 0.004948387540132403
0.21 0 0.08 0.01115944270398455
0.21 0 0.09 0.028231895932434616
0.21 0 0.1 0.04963041684137507
0.21 0 0.11 0.05407771907936623
0.21 0 0.12 0.04562704256358112
0.21 0 0.13 0.04553791315404346
0.21 0 0.14 0.06504689464412057
0.21 0 0.15 0.13304038366742063
0.21 0 0.16 0.16718463128217123
0.21 0 0.17 0.05961838646779144
0.21 0 0.18 0.026926105886525366
0.21 0 0.19 0.059927002438914384
0.21 0 0.2 0.1358429031570957
0.21 0 0.21 0.11401715941284525
0.21 0 0.22 0.13395592975992757
0.21 0 0.23 0.22681386966257075
0.21 0 0.24 0.17832815554056017
0.21 0 0.25 0.1280280713900995
0.21 0 0.26 0.24389573233645434
0.21 0 0.27 0.628971624761188
0.21 0 0.28 0.5776566870225986
0.21 0 0.29 0.15070069382563892
0.21 0 0.3 0.04330061798299211
0.21 0 0.31 0.03424971424739857
0.21 0 0.32 0.023833417322897506
0.21 0 0.33 0.008599783859908146
0.21 0 0.34 0.005577134660778904
0.21 0 0.35000000000000003 0.005111440150328111
0.21 0 0.36 0.001997457966667506
0.21 0 0.37 0.000852255558638503
0.21 0 0.38 0.0010529173382653441
0.21 0 0.39 0.0014741981426602182
0.21 0 0.4 0.0016616536145460641
0.21 0 0.41000000000000003 0.002870784683343392
0.21 0 0.42 0.0062581047323292775
0.21 0 0.43 0.009217529221091966
0.21 0 0.44 0.007951113731544208
0.21 0 0.45 0.007272158613038929
0.21 0 0.46 0.01547545751703878
0.21 0 0.47000000000000003 0.03574806040116779
0.21 0 0.48 0.024458605881385216
0.21 0 0.49 0.011730050276850493
0.21 0 0.5 0.012251536826563169
0.22 0 0.0 0.5292294727544422
0.22 0 0.01 0.5545817100665736
0.22 0 0.02 0.7448080690486824
0.22 0 0.03 0.7525319877197407
0.22 0 0.04 0.9249652290414115
0.22 0 0.05 0.783047547187621
0.22 0 0.06 0.3818522090857092
0.22 0 0.07 0.3983890599620031
0.22 0 0.08 1.2415098016477446
0.22 0 0.09 4.402823305915821
0.22 0 0.1 8.970952000101407
0.22 0 0.11 7.663163072621934
0.22 0 0.12 4.591473150870428
0.22 0 0.13 5.199565156851732
0.22 0 0.14 7.780075855223773
0.22 0 0.15 7.0758314267413125
0.22 0 0.16 5.367473924352299
0.22 0 0.17 3.8196548995180515
0.22 0 0.18 2.2258211254853895
0.22 0 0.19 1.6261172695681076
0.22 0 0.2 1.1647572616357424
0.22 0 0.21 0.5560300299627771
0.22 0 0.22 0.451915714640646
0.22 0 0.23 0.8747315719281561
0.22 0 0.24 1.326231594590574
0.22 0 0.25 0.9807621926699084
0.22 0 0.26 0.44976739235471197
0.22 0 0.27 0.18271220508654246
0.22 0 0.28 0.14398939157205415
0.22 0 0.29 0.1826314755399099
0.22 0 0.3 0.11590691265288183
0.22 0 0.31 0.045083640799792345
0.22 0 0.32 0.02425291291211019
0.22 0 0.33 0.014284165568069848
0.22 0 0.34 0.00962569632537511
0.22 0 0.35000000000000003 0.01056950891617672
0.22 0 0.36 0.0115930913136491
0.22 0 0.37 0.009881245540192428
0.22 0 0.38 0.008565988730040285
0.22 0 0.39 0.007734742286040562
0.22 0 0.4 0.010779256149939654
0.22 0 0.41000000000000003 0.026454894175252975
0.22 0 0.42 0.04873164369618836
0.22 0 0.43 0.06751914979477887
0.22 0 0.44 0.1227622964963637
0.22 0 0.45 0.13330568463506542
0.22 0 0.46 0.06641330709158294
0.22 0 0.47000000000000003 0.05043238502001544
0.22 0 0.48 0.058438695983234215
0.22 0 0.49 0.04375476547193839
0.22 0 0.5 0.030429373980233296
0.23 0 0.0 2.8752202636027357
0.23 0 0.01 4.981370030418523
0.23 0 0.02 9.956481604478137
0.23 0 0.03 9.593110565640822
0.23 0 0.04 3.712107125701633
0.23 0 0.05 1.1597787627886984
0.23 0 0.06 0.870513626873009
0.23 0 0.07 2.519504194186161
0.23 0 0.08 7.313457607255924
0.23 0 0.09 8.13343136385695
0.23 0 0.1 12.204779999950436
0.23 0 0.11 35.26471182672149
0.23 0 0.12 49.705448160409524
0.23 0 0.13 40.810140604879315
0.23 0 0.14 49.664963746021925
0.23 0 0.15 49.13779517353541
0.23 0 0.16 30.371667813507518
0.23 0 0.17 26.989874825542838
0.23 0 0.18 35.76770112130194
0.23 0 0.19 35.69049138610941
0.23 0 0.2 20.09125503540683
0.23 0 0.21 10.990901316155222
0.23 0 0.22 14.800052089606169
0.23 0 0.23 25.605271791700225
0.23 0 0.24 10.075023182667186
0.23 0 0.25 1.4073691094067364
0.23 0 0.26 0.3383244540884529
0.23 0 0.27 0.12234127027433347
0.23 0 0.28 0.061137767071105235
0.23 0 0.29 0.08653051498870706
0.23 0 0.3 0.159153392780235
0.23 0 0.31 0.14316412951996904
0.23 0 0.32 0.1375359717340923
0.23 0 0.33 0.22779869031517191
0.23 0 0.34 0.3079821521446842
0.23 0 0.35000000000000003 0.21963897439615165
0.23 0 0.36 0.10956562713168969
0.23 0 0.37 0.07573808275854099
0.23 0 0.38 0.08069264478831366
0.23 0 0.39 0.04713234343774656
0.23 0 0.4 0.014474178860546147
0.23 0 0.41000000000000003 0.008792903280811323
0.23 0 0.42 0.010164302872297245
0.23 0 0.43 0.011391121936538814
0.23 0 0.44 0.021923817730685673
0.23 0 0.45 0.05523299472805484
0.23 0 0.46 0.05699615570766451
0.23 0 0.47000000000000003 0.048506850100064676
0.23 0 0.48 0.10001924782872405
0.23 0 0.49 0.23715137059708621
0.23 0 0.5 0.3124275858517054
0.24 0 0.0 0.0063576402559328464
0.24 0 0.01 0.00490180600471342
0.24 0 0.02 0.006550179313940573
0.24 0 0.03 0.007414640951390678
0.24 0 0.04 0.008634184131877748
0.24 0 0.05 0.01882091886821042
0.24 0 0.06 0.05366820464951033
0.24 0 0.07 0.16213913948338735
0.24 0 0.08 0.4939460356836365
0.24 0 0.09 0.8391708617056659
0.24 0 0.1 0.9966511957165394
0.24 0 0.11 1.557413163278208
0.24 0 0.12 1.8407440696566868
0.24 0 0.13 1.2788058171935466
0.24 0 0.14 1.0454918660710772
0.24 0 0.15 1.0514645706504309
0.24 0 0.16 1.2441244896833519
0.24 0 0.17 2.2213531925978223
0.24 0 0.18 3.165686133582163
0.24 0 0.19 2.7049556429638804
0.24 0 0.2 3.223431679845802
0.24 0 0.21 5.224480586595308
0.24 0 0.22 6.312825084798807
0.24 0 0.23 7.39243813609139
0.24 0 0.24 9.288180134612416
0.24 0 0.25 11.208138107026475
0.24 0 0.26 19.228474848620333
0.24 0 0.27 37.14731523705417
0.24 0 0.28 44.15355069520023
0.24 0 0.29 38.28690348446735
0.24 0 0.3 26.28508430292892
0.24 0 0.31 16.103517160471277
0.24 0 0.32 15.49107047332548
0.24 0 0.33 10.79975874792312
0.24 0 0.34 1.8113757671556998
0.24 0 0.35000000000000003 0.28770018750322784
0.24 0 0.36 0.2120362826822461
0.24 0 0.37 0.32846754699701847
0.24 0 0.38 0.37825318503104244
0.24 0 0.39 0.2988402135551129
0.24 0 0.4 0.16277624816645975
0.24 0 0.41000000000000003 0.09080554971748017
0.24 0 0.42 0.08527494880656601
0.24 0 0.43 0.12550711738446205
0.24 0 0.44 0.21269920225511582
0.24 0 0.45 0.1806201556353739
0.24 0 0.46 0.04962853207062152
0.24 0 0.47000000000000003 0.020903225854893574
0.24 0 0.48 0.0342118398271084
0.24 0 0.49 0.04245411342920549
0.24 0 0.5 0.024237918875761825
0.25 0 0.0 0.018933690773964267
0.25 0 0.01 0.010878736920543928
0.25 0 0.02 0.025844557941964417
0.25 0 0.03 0.06440082558729661
0.25 0 0.04 0.027114517409388143
0.25 0 0.05 0.00620652346231974
0.25 0 0.06 0.0027233416517537337
0.25 0 0.07 0.0015335717889197787
0.25 0 0.08 0.0012186936466404496
0.25 0 0.09 0.0023593158066673716
0.25 0 0.1 0.007435545888430527
0.25 0 0.11 0.014174988752274426
0.25 0 0.12 0.011998985048200498
0.25 0 0.13 0.01622038218229299
0.25 0 0.14 0.09870676958211745
0.25 0 0.15 0.5639356992746819
0.25 0 0.16 0.7224078547481183
0.25 0 0.17 0.6868127413907165
0.25 0 0.18 0.8282184450375598
0.25 0 0.19 0.5099448841498458
0.25 0 0.2 0.38852976777852705
0.25 0 0.21 1.130320342065097
0.25 0 0.22 3.378722625324722
0.25 0 0.23 3.561110731261506
0.25 0 0.24 3.266443215784066
0.25 0 0.25 5.246824094523523
0.25 0 0.26 8.499504822087841
0.25 0 0.27 6.286711850660137
0.25 0 0.28 3.0104354294583797
0.25 0 0.29 3.197517833030626
0.25 0 0.3 5.891531212294614
0.25 0 0.31 6.102757912118072
0.25 0 0.32 7.602859513664724
0.25 0 0.33 19.98458370792228
0.25 0 0.34 21.21164655818487
0.25 0 0.35000000000000003 8.426134641780623
0.25 0 0.36 9.270045845988825
0.25 0 0.37 18.311920474939665
0.25 0 0.38 8.60030270990119
0.25 0 0.39 1.3316445910132957
0.25 0 0.4 0.34697305348751906
0.25 0 0.41000000000000003 0.2103597607573049
0.25 0 0.42 0.12782713550299687
0.25 0 0.43 0.05205842269481967
0.25 0 0.44 0.03403811772148804
0.25 0 0.45 0.050419180591915976
0.25 0 0.46 0.052345135826143606
0.25 0 0.47000000000000003 0.04106258907094092
0.25 0 0.48 0.07949579269738642
0.25 0 0.49 0.12556874820000308
0.25 0 0.5 0.04750920129349898
0.26 0 0.0 0.034154370986355
0.26 0 0.01 0.010621521586380087
0.26 0 0.02 0.013266797052148963
0.26 0 0.03 0.047525546590562476
0.26 0 0.04 0.05818926135489362
0.26 0 0.05 0.027831530925779488
0.26 0 0.06 0.02394418579686879
0.26 0 0.07 0.039822469729239286
0.26 0 0.08 0.08043923262311985
0.26 0 0.09 0.1512192114611485
0.26 0 0.1 0.17792975484915918
0.26 0 0.11 0.16286544302084852
0.26 0 0.12 0.17528547631381095
0.26 0 0.13 0.22320463618759245
0.26 0 0.14 0.44471828867318236
0.26 0 0.15 1.1047278650149133
0.26 0 0.16 1.390694901418753
0.26 0 0.17 1.329173986167879
0.26 0 0.18 2.238658673107743
0.26 0 0.19 3.8834069641628455
0.26 0 0.2 5.755173322940865
0.26 0 0.21 12.260704852357772
0.26 0 0.22 22.310555589722203
0.26 0 0.23 25.107664745837102
0.26 0 0.24 33.33697566814811
0.26 0 0.25 42.319449822982456
0.26 0 0.26 31.29285463968177
0.26 0 0.27 21.728027052403046
0.26 0 0.28 19.647230972380235
0.26 0 0.29 22.924088772924136
0.26 0 0.3 34.582766559626165
0.26 0 0.31 39.87636613539971
0.26 0 0.32 32.65536556385336
0.26 0 0.33 34.77234458392165
0.26 0 0.34 32.75435394494247
0.26 0 0.35000000000000003 18.428072467871196
0.26 0 0.36 13.458583324151114
0.26 0 0.37 11.885307718036085
0.26 0 0.38 6.078527489870632
0.26 0 0.39 3.0232811244633275
0.26 0 0.4 2.00256236281647
0.26 0 0.41000000000000003 0.9997816141947047
0.26 0 0.42 0.5451147517409842
0.26 0 0.43 0.589752262179186
0.26 0 0.44 0.8644755998527358
0.26 0 0.45 1.1808332594380948
0.26 0 0.46 1.122845528694531
0.26 0 0.47000000000000003 0.6349286345472606
0.26 0 0.48 0.4456128335514433
0.26 0 0.49 0.5764707028346343
0.26 0 0.5 0.9094650179622195
0.27 0 0.0 0.0019624770456739124
0.27 0 0.01 0.0017836881843827095
0.27 0 0.02 0.006470439576606077
0.27 0 0.03 0.029687888809307637
0.27 0 0.04 0.032033233194481064
0.27 0 0.05 0.019291514863464438
0.27 0 0.06 0.022011899222429077
0.27 0 0.07 0.01484838732219484
0.27 0 0.08 0.0041098261615823565
0.27 0 0.09 0.0024454388030308353
0.27 0 0.1 0.00392640001526075
0.27 0 0.11 0.0075293003983716075
0.27 0 0.12 0.02317236527551798
0.27 0 0.13 0.08995955499816366
0.27 0 0.14 0.1328860153108335
0.27 0 0.15 0.07487313649405737
0.27 0 0.16 0.05124743113392103
0.27 0 0.17 0.08332367562017512
0.27 0 0.18 0.15285584543671674
0.27 0 0.19 0.09697898503845027
0.27 0 0.2 0.04919101192201006
0.27 0 0.21 0.10319844153735176
0.27 0 0.22 0.31192002460370416
0.27 0 0.23 0.3034500000847645
0.27 0 0.24 0.33183445399293154
0.27 0 0.25 0.8761764930786508
0.27 0 0.26 1.4845716484021356
0.27 0 0.27 1.4834724427246087
0.27 0 0.28 2.1548021213026485
0.27 0 0.29 2.668222677825552
0.27 0 0.3 1.4931425488625358
0.27 0 0.31 0.7848834244570496
0.27 0 0.32 1.1246426666074862
0.27 0 0.33 4.198670349702155
0.27 0 0.34 8.766287564493364
0.27 0 0.35000000000000003 4.243600493897259
0.27 0 0.36 1.61238628568515
0.27 0 0.37 0.8208685072280747
0.27 0 0.38 0.2384646514144055
0.27 0 0.39 0.08583771788156601
0.27 0 0.4 0.10742111343677879
0.27 0 0.41000000000000003 0.11751478933465132
0.27 0 0.42 0.05275660949131685
0.27 0 0.43 0.04166841045770636
0.27 0 0.44 0.08250606335318068
0.27 0 0.45 0.12083966190365102
0.27 0 0.46 0.08798921368788146
0.27 0 0.47000000000000003 0.06863395382416852
0.27 0 0.48 0.125852945988756
0.27 0 0.49 0.31535202686995717
0.27 0 0.5 0.2698584546353114
0.28 0 0.0 9.754882739339298e-05
0.28 0 0.01 0.0001130090524583436
0.28 0 0.02 0.00015853043536263948
0.28 0 0.03 0.00036488522142037993
0.28 0 0.04 0.00046958943470270815
0.28 0 0.05 0.0002477846744118668
0.28 0 0.06 0.00019731511417793332
0.28 0 0.07 0.00023582103504835413
0.28 0 0.08 0.0001859188119562882
0.28 0 0.09 0.00023125300948431167
0.28 0 0.1 0.0007866972860905879
0.28 0 0.11 0.0022555825015258494
0.28 0 0.12 0.002960703650001574
0.28 0 0.13 0.0023132523136478035
0.28 0 0.14 0.001376392027499484
0.28 0 0.15 0.0012384551869894427
0.28 0 0.16 0.002306358851679454
0.28 0 0.17 0.004846842449961378
0.28 0 0.18 0.00800859394161123
0.28 0 0.19 0.008917631650533778
0.28 0 0.2 0.007909627543250995
0.28 0 0.21 0.01634508672646869
0.28 0 0.22 0.06954666954987546
0.28 0 0.23 0.10119049869146042
0.28 0 0.24 0.04732551278608493
0.28 0 0.25 0.03408459507900655
0.28 0 0.26 0.04505544568932596
0.28 0 0.27 0.05480105897966135
0.28 0 0.28 0.0445756546602573
0.28 0 0.29 0.021128595949822488
0.28 0 0.3 0.012653085533760657
0.28 0 0.31 0.02332634714607206
0.28 0 0.32 0.06425704011233935
0.28 0 0.33 0.10374414736589484
0.28 0 0.34 0.09312058436162833
0.28 0 0.35000000000000003 0.04115019303714773
0.28 0 0.36 0.014761438907682986
0.28 0 0.37 0.012205526563045964
0.28 0 0.38 0.01662501199914263
0.28 0 0.39 0.017976605743024312
0.28 0 0.4 0.0209843742973349
0.28 0 0.41000000000000003 0.024881607105521744
0.28 0 0.42 0.02109635813063692
0.28 0 0.43 0.019134863734425252
0.28 0 0.44 0.020926501478231777
0.28 0 0.45 0.023894752340113005
0.28 0 0.46 0.033892883148968767
0.28 0 0.47000000000000003 0.034982350646341843
0.28 0 0.48 0.01957555515646073
0.28 0 0.49 0.018121202136924905
0.28 0 0.5 0.03285331352169321
0.29 0 0.0 0.0006131952259623067
0.29 0 0.01 0.0007131792896732836
0.29 0 0.02 0.0006706707452831991
0.29 0 0.03 0.0006618785624925123
0.29 0 0.04 0.0012551766069304358
0.29 0 0.05 0.0020805900878078706
0.29 0 0.06 0.001394380229391883
0.29 0 0.07 0.0005945840742703363
0.29 0 0.08 0.00041719572491199207
0.29 0 0.09 0.000902132206365867
0.29 0 0.1 0.002702044102393151
0.29 0 0.11 0.0029847162288124556
0.29 0 0.12 0.002187034919946009
0.29 0 0.13 0.0028266049355450207
0.29 0 0.14 0.003285540897454288
0.29 0 0.15 0.003313144765072045
0.29 0 0.16 0.006372350750616367
0.29 0 0.17 0.008866227529767644
0.29 0 0.18 0.003337519386353824
0.29 0 0.19 0.0010481814989208933
0.29 0 0.2 0.0007087311449919737
0.29 0 0.21 0.0007219559723005846
0.29 0 0.22 0.0007545653037784572
0.29 0 0.23 0.0007099665522133056
0.29 0 0.24 0.0007332194347182809
0.29 0 0.25 0.0009645939302902736
0.29 0 0.26 0.0010196375807527919
0.29 0 0.27 0.0010783699205027344
0.29 0 0.28 0.002286894492826466
0.29 0 0.29 0.004457823043050396
0.29 0 0.3 0.004673315687334797
0.29 0 0.31 0.008207069448061415
0.29 0 0.32 0.018760904106785204
0.29 0 0.33 0.012256079723177816
0.29 0 0.34 0.004933020125518073
0.29 0 0.35000000000000003 0.006333353981137535
0.29 0 0.36 0.016506588933918497
0.29 0 0.37 0.02407292512688859
0.29 0 0.38 0.012877608131977176
0.29 0 0.39 0.0045994384464428046
0.29 0 0.4 0.0030428559237201678
0.29 0 0.41000000000000003 0.0034469900454634885
0.29 0 0.42 0.0031142747212318145
0.29 0 0.43 0.002686449567465388
0.29 0 0.44 0.0024699244833376985
0.29 0 0.45 0.0018615760860225467
0.29 0 0.46 0.0025044630696038172
0.29 0 0.47000000000000003 0.006619310609475387
0.29 0 0.48 0.007907920368942755
0.29 0 0.49 0.005337965547830408
0.29 0 0.5 0.00988638175938441
0.3 0 0.0 8.586718604804861e-05
0.3 0 0.01 0.00010328524342571829
0.3 0 0.02 0.00029591104057606805
0.3 0 0.03 0.0010448896695383577
0.3 0 0.04 0.003646937722956645
0.3 0 0.05 0.007871065189380518
0.3 0 0.06 0.008028073667255541
0.3 0 0.07 0.005841920362665739
0.3 0 0.08 0.00351725499345107
0.3 0 0.09 0.0024358811973134438
0.3 0 0.1 0.0031802399559368337
0.3 0 0.11 0.004001598014462982
0.3 0 0.12 0.002928541065598471
0.3 0 0.13 0.002508317638748712
0.3 0 0.14 0.0021398286564940834
0.3 0 0.15 0.0009003236515548745
0.3 0 0.16 0.0003423072653438918
0.3 0 0.17 0.00020409012689140513
0.3 0 0.18 0.0001545779112215685
0.3 0 0.19 0.00016590929259592625
0.3 0 0.2 0.00018453750270132528
0.3 0 0.21 0.0001244141828227593
0.3 0 0.22 0.00010231480812382881
0.3 0 0.23 0.00018157563573229158
0.3 0 0.24 0.00041434078922724467
0.3 0 0.25 0.0009845232884349473
0.3 0 0.26 0.0019320479400365396
0.3 0 0.27 0.0018193601735022168
0.3 0 0.28 0.001308572681883122
0.3 0 0.29 0.0012067968219427539
0.3 0 0.3 0.0008936081657695615
0.3 0 0.31 0.000543564717568192
0.3 0 0.32 0.0003892963297255883
0.3 0 0.33 0.00027530733968379056
0.3 0 0.34 0.0002643320856522651
0.3 0 0.35000000000000003 0.0004236692669120441
0.3 0 0.36 0.0005185923488367392
0.3 0 0.37 0.0005165170975210925
0.3 0 0.38 0.0008583308191892372
0.3 0 0.39 0.0015727142350969881
0.3 0 0.4 0.0027423515880599836
0.3 0 0.41000000000000003 0.008027819412021691
0.3 0 0.42 0.01976293938058579
0.3 0 0.43 0.017662894305930658
0.3 0 0.44 0.012393187533745364
0.3 0 0.45 0.01642035892582438
0.3 0 0.46 0.033830669538050036
0.3 0 0.47000000000000003 0.04231359672968091
0.3 0 0.48 0.015659827013092688
0.3 0 0.49 0.005247815351597348
0.3 0 0.5 0.007024000923084105
#STOP
