#MEDIUM_PROPERTIES_DISTRIBUTED
$MSH_TYPE
	 GROUNDWATER_FLOW	
$MMP_TYPE
	 PERMEABILITY	
$DIS_TYPE
	 NEAREST_VALUE	
;hj
$CONVERSION_FACTOR
2e-8;2e-6;2e-13
$DATA
0.0 0 0.0 0.5051991438666675
0.0 0 0.01 0.6550883618600739
0.0 0 0.02 0.39624127000121245
0.0 0 0.03 0.28160869832606794
0.0 0 0.04 0.5595768123162356
0.0 0 0.05 0.610014312140646
0.0 0 0.06 0.28659775058958314
0.0 0 0.07 0.39536306450649783
0.0 0 0.08 0.7159368693784401
0.0 0 0.09 0.8310690036229512
0.0 0 0.1 0.6090084521755827
0.0 0 0.11 0.6078161424835048
0.0 0 0.12 0.4803909052250394
0.0 0 0.13 0.4237897770980662
0.0 0 0.14 0.38463727116962354
0.0 0 0.15 0.6851402965647844
0.0 0 0.16 1.0357049260543716
0.0 0 0.17 0.8080390038886248
0.0 0 0.18 0.7956032151260221
0.0 0 0.19 0.8646981146731777
0.0 0 0.2 0.4639227771051556
0.0 0 0.21 0.6551946650604485
0.0 0 0.22 1.269588134988143
0.0 0 0.23 1.4872672888191414
0.0 0 0.24 1.4155693977862278
0.0 0 0.25 1.463841333547494
0.0 0 0.26 1.3082919539405222
0.0 0 0.27 1.6631906196664192
0.0 0 0.28 1.6288964247836033
0.0 0 0.29 1.1065864692198635
0.0 0 0.3 0.5266600647404837
0.0 0 0.31 0.3928003794281607
0.0 0 0.32 0.19275426036448612
0.0 0 0.33 0.22237841932777871
0.0 0 0.34 0.3976620149124712
0.0 0 0.35000000000000003 0.39709774078651167
0.0 0 0.36 0.21715011667337555
0.0 0 0.37 0.37772205619908933
0.0 0 0.38 0.38807425899531467
0.0 0 0.39 0.2358435125897562
0.0 0 0.4 0.35552950415069606
0.0 0 0.41000000000000003 0.7073483026185513
0.0 0 0.42 0.5535972005868605
0.0 0 0.43 0.49949277649414114
0.0 0 0.44 0.8420924093724521
0.0 0 0.45 2.0486893362798697
0.0 0 0.46 1.2740223498050849
0.0 0 0.47000000000000003 1.5160668631716292
0.0 0 0.48 1.0076542918940603
0.0 0 0.49 0.5191621629657988
0.0 0 0.5 0.3374159067565706
0.01 0 0.0 0.3039170095701624
0.01 0 0.01 0.24546371428119682
0.01 0 0.02 0.19188830251371683
0.01 0 0.03 0.22265203044964713
0.01 0 0.04 0.23401613136168645
0.01 0 0.05 0.27593963838843627
0.01 0 0.06 0.4831282003488998
0.01 0 0.07 0.8410011189205469
0.01 0 0.08 0.4852652957179215
0.01 0 0.09 0.49673469030614587
0.01 0 0.1 0.7865964789893539
0.01 0 0.11 0.9897079553246532
0.01 0 0.12 0.7788979608782645
0.01 0 0.13 0.5960055240612699
0.01 0 0.14 0.3548802158919132
0.01 0 0.15 0.32401828383545844
0.01 0 0.16 0.6975166706695296
0.01 0 0.17 1.0237685079113783
0.01 0 0.18 0.7755380475766562
0.01 0 0.19 0.609098912968151
0.01 0 0.2 0.7635892834643793
0.01 0 0.21 1.2254548489147523
0.01 0 0.22 0.7292458346700276
0.01 0 0.23 1.1614541448978395
0.01 0 0.24 1.383374651768165
0.01 0 0.25 1.618259586801413
0.01 0 0.26 1.4673841506457084
0.01 0 0.27 1.789548166498848
0.01 0 0.28 1.5811848340055583
0.01 0 0.29 1.085135019256684
0.01 0 0.3 0.40896605270872677
0.01 0 0.31 0.3117940017726351
0.01 0 0.32 0.2701134238464872
0.01 0 0.33 0.29558772976133074
0.01 0 0.34 0.29584746209304547
0.01 0 0.35000000000000003 0.3962670774544144
0.01 0 0.36 0.25785734116724207
0.01 0 0.37 0.11413237351851709
0.01 0 0.38 0.14250031180436243
0.01 0 0.39 0.4170193806237233
0.01 0 0.4 0.45046177295552275
0.01 0 0.41000000000000003 0.2697137820581209
0.01 0 0.42 0.24630120770100783
0.01 0 0.43 0.19647699734360566
0.01 0 0.44 0.23375087510742734
0.01 0 0.45 0.2873311094154774
0.01 0 0.46 0.37023478694767065
0.01 0 0.47000000000000003 0.37045948076948354
0.01 0 0.48 0.24883300145041254
0.01 0 0.49 0.27309576931579815
0.01 0 0.5 0.2492860321255703
0.02 0 0.0 0.30562587538707847
0.02 0 0.01 0.2500605528602908
0.02 0 0.02 0.200514551788262
0.02 0 0.03 0.258582430695813
0.02 0 0.04 0.1776725220002582
0.02 0 0.05 0.17545342575609857
0.02 0 0.06 0.22604986142425326
0.02 0 0.07 0.31408880815365026
0.02 0 0.08 0.4878912990235295
0.02 0 0.09 0.4858308683621009
0.02 0 0.1 0.4836187808128194
0.02 0 0.11 1.2697376076760456
0.02 0 0.12 1.3663043999678743
0.02 0 0.13 0.8341090274214854
0.02 0 0.14 0.7434832691743579
0.02 0 0.15 1.230188692654403
0.02 0 0.16 0.4609092704837513
0.02 0 0.17 0.5035331289930896
0.02 0 0.18 0.7162712197378233
0.02 0 0.19 0.43716878151830685
0.02 0 0.2 0.5169264548556938
0.02 0 0.21 1.3649525050989733
0.02 0 0.22 1.5818628669360788
0.02 0 0.23 1.5507834170515233
0.02 0 0.24 0.9185155322996922
0.02 0 0.25 0.8451589619789293
0.02 0 0.26 0.5996249573638874
0.02 0 0.27 0.7517869816786766
0.02 0 0.28 0.8182208380456664
0.02 0 0.29 0.6643933901230528
0.02 0 0.3 0.7304202676040648
0.02 0 0.31 0.42144898400137903
0.02 0 0.32 0.37479772817916895
0.02 0 0.33 0.3416679440866906
0.02 0 0.34 0.3536029466585609
0.02 0 0.35000000000000003 0.31942178647198266
0.02 0 0.36 0.26458158978983165
0.02 0 0.37 0.1711422662849016
0.02 0 0.38 0.1699452920666072
0.02 0 0.39 0.22763111608904524
0.02 0 0.4 0.282125301300516
0.02 0 0.41000000000000003 0.40522541432624554
0.02 0 0.42 0.25764048000803363
0.02 0 0.43 0.1199065786738944
0.02 0 0.44 0.1395270593393975
0.02 0 0.45 0.22320116171547055
0.02 0 0.46 0.2671544956339092
0.02 0 0.47000000000000003 0.25745688230738356
0.02 0 0.48 0.3040734388146145
0.02 0 0.49 0.20390081114858516
0.02 0 0.5 0.1310804303667143
0.03 0 0.0 0.7602395915418648
0.03 0 0.01 0.8023571115350477
0.03 0 0.02 0.6410179558558915
0.03 0 0.03 0.828688614883354
0.03 0 0.04 0.6237378650173134
0.03 0 0.05 0.7716136569325878
0.03 0 0.06 0.7081728389865528
0.03 0 0.07 0.722668178917882
0.03 0 0.08 0.49683060827891523
0.03 0 0.09 0.5291101430706416
0.03 0 0.1 0.7711545640735893
0.03 0 0.11 0.8425408945585487
0.03 0 0.12 0.9039304327924392
0.03 0 0.13 0.8700748970307728
0.03 0 0.14 0.7966402686043261
0.03 0 0.15 0.5272952091238203
0.03 0 0.16 0.3827229530710951
0.03 0 0.17 0.6274305316176865
0.03 0 0.18 0.4239126256605668
0.03 0 0.19 0.7493211629212316
0.03 0 0.2 1.8340572988341157
0.03 0 0.21 1.5797701933464707
0.03 0 0.22 1.4250258557092153
0.03 0 0.23 1.0280548068533613
0.03 0 0.24 0.8764510533633189
0.03 0 0.25 0.4749717515830061
0.03 0 0.26 0.5494198155123017
0.03 0 0.27 0.8859432424706962
0.03 0 0.28 0.5202581798465804
0.03 0 0.29 0.2819327863234989
0.03 0 0.3 0.21985687782340155
0.03 0 0.31 0.25421339594151054
0.03 0 0.32 0.3172572339765329
0.03 0 0.33 0.33826728581785287
0.03 0 0.34 0.530179130529997
0.03 0 0.35000000000000003 0.48332878904161614
0.03 0 0.36 0.3038310082036218
0.03 0 0.37 0.19382577102318246
0.03 0 0.38 0.2474482154297043
0.03 0 0.39 0.27433797386088843
0.03 0 0.4 0.2423965861632208
0.03 0 0.41000000000000003 0.2181650815499914
0.03 0 0.42 0.20981727864035815
0.03 0 0.43 0.18706232631035744
0.03 0 0.44 0.14499102590318075
0.03 0 0.45 0.1175409128365623
0.03 0 0.46 0.17677085648251906
0.03 0 0.47000000000000003 0.10614148060826971
0.03 0 0.48 0.18701219994888366
0.03 0 0.49 0.24082290691362393
0.03 0 0.5 0.25847543821315844
0.04 0 0.0 2.275596907045113
0.04 0 0.01 2.8085531393648013
0.04 0 0.02 3.0381913961192426
0.04 0 0.03 1.2456219559927713
0.04 0 0.04 0.4338811698095257
0.04 0 0.05 0.1811654189627378
0.04 0 0.06 0.21800603281727607
0.04 0 0.07 0.3219544361361456
0.04 0 0.08 0.2891891237487225
0.04 0 0.09 0.391344897432803
0.04 0 0.1 0.6806744107918126
0.04 0 0.11 0.6258008554822876
0.04 0 0.12 0.30598033059075624
0.04 0 0.13 0.42176207235749974
0.04 0 0.14 0.745420982032641
0.04 0 0.15 0.4900476229173635
0.04 0 0.16 0.6612218368337156
0.04 0 0.17 0.6734835890377846
0.04 0 0.18 0.4460333330447761
0.04 0 0.19 0.5862386473083926
0.04 0 0.2 0.7003698935773988
0.04 0 0.21 1.74315228901385
0.04 0 0.22 2.0884080167546193
0.04 0 0.23 1.0998209836059825
0.04 0 0.24 1.145086353443788
0.04 0 0.25 1.2728665224277131
0.04 0 0.26 1.051739892200915
0.04 0 0.27 0.4141601581185966
0.04 0 0.28 0.8161647934663903
0.04 0 0.29 0.625069992403085
0.04 0 0.3 0.35685869948252297
0.04 0 0.31 0.5043507123940176
0.04 0 0.32 0.5989593197149172
0.04 0 0.33 0.39971340832949476
0.04 0 0.34 0.854696828068291
0.04 0 0.35000000000000003 1.7699013393653407
0.04 0 0.36 1.1258283212482665
0.04 0 0.37 0.726618039431339
0.04 0 0.38 0.9927459262627426
0.04 0 0.39 0.3882276490696628
0.04 0 0.4 0.3025634531203531
0.04 0 0.41000000000000003 0.2892058029861883
0.04 0 0.42 0.36499423406015946
0.04 0 0.43 0.2860383874140711
0.04 0 0.44 0.2144203399070867
0.04 0 0.45 0.22384429525904337
0.04 0 0.46 0.21687351301995988
0.04 0 0.47000000000000003 0.16794973316053036
0.04 0 0.48 0.15880948681547474
0.04 0 0.49 0.12438178750388301
0.04 0 0.5 0.15194733454412507
0.05 0 0.0 1.0937788685745908
0.05 0 0.01 1.5081488750954846
0.05 0 0.02 1.2513243553643447
0.05 0 0.03 1.0551259282628829
0.05 0 0.04 1.0287285098432084
0.05 0 0.05 0.6268743921889476
0.05 0 0.06 0.3624872692000563
0.05 0 0.07 0.2810523464453763
0.05 0 0.08 0.2543714225311964
0.05 0 0.09 0.2690943846666428
0.05 0 0.1 0.3853435369581433
0.05 0 0.11 0.3149497340379576
0.05 0 0.12 0.1768095917367755
0.05 0 0.13 0.3066766312124268
0.05 0 0.14 0.4113910372494276
0.05 0 0.15 0.49014998508055707
0.05 0 0.16 0.8731076321064007
0.05 0 0.17 0.6131193043185165
0.05 0 0.18 0.6680225383058056
0.05 0 0.19 0.4844169472870775
0.05 0 0.2 0.9958446550753548
0.05 0 0.21 0.8990320836328499
0.05 0 0.22 0.7836838879456878
0.05 0 0.23 1.0086790498031624
0.05 0 0.24 1.4429671626949223
0.05 0 0.25 1.1291379838123594
0.05 0 0.26 1.0407470282569635
0.05 0 0.27 1.1802439313116566
0.05 0 0.28 1.093290628919108
0.05 0 0.29 0.46671641264947
0.05 0 0.3 0.639343690051305
0.05 0 0.31 0.6386819772796559
0.05 0 0.32 0.4188899216016077
0.05 0 0.33 0.31271901489197024
0.05 0 0.34 0.46710894123453583
0.05 0 0.35000000000000003 0.5400353666671247
0.05 0 0.36 0.5551360291793279
0.05 0 0.37 1.0899718938789207
0.05 0 0.38 0.8573324124326168
0.05 0 0.39 0.3924462827495441
0.05 0 0.4 0.20519223648600216
0.05 0 0.41000000000000003 0.17042897615428892
0.05 0 0.42 0.23742300612637637
0.05 0 0.43 0.0988242907593917
0.05 0 0.44 0.08290506067852771
0.05 0 0.45 0.09586755848310925
0.05 0 0.46 0.09007706450146422
0.05 0 0.47000000000000003 0.11606069143631602
0.05 0 0.48 0.17056193711808984
0.05 0 0.49 0.22239101760673852
0.05 0 0.5 0.16322319753692774
0.06 0 0.0 1.248314277775699
0.06 0 0.01 0.847939991964264
0.06 0 0.02 1.0584082780280033
0.06 0 0.03 0.9987587769074077
0.06 0 0.04 0.8004216006924183
0.06 0 0.05 0.7435722867717168
0.06 0 0.06 0.783080179899764
0.06 0 0.07 0.36473770159670504
0.06 0 0.08 0.3927705169449171
0.06 0 0.09 0.6881314061550959
0.06 0 0.1 0.8763420347281247
0.06 0 0.11 0.5331871720482914
0.06 0 0.12 0.8256560497802082
0.06 0 0.13 0.6916281705730362
0.06 0 0.14 0.7777583555529501
0.06 0 0.15 1.5250261146604962
0.06 0 0.16 1.664584212849433
0.06 0 0.17 1.477212281521106
0.06 0 0.18 1.6515302877777491
0.06 0 0.19 0.9794922309185313
0.06 0 0.2 1.5594662404146884
0.06 0 0.21 2.335266430494505
0.06 0 0.22 3.0600461185280707
0.06 0 0.23 2.9237787384698963
0.06 0 0.24 4.226257280693142
0.06 0 0.25 2.0232333834362017
0.06 0 0.26 0.6397441740215684
0.06 0 0.27 0.5678822689622556
0.06 0 0.28 0.43366026129252716
0.06 0 0.29 0.5578258723630763
0.06 0 0.3 0.9354195899356391
0.06 0 0.31 0.6909186853522088
0.06 0 0.32 0.2616534008495362
0.06 0 0.33 0.22843117351763828
0.06 0 0.34 0.3530645655791127
0.06 0 0.35000000000000003 0.27742800064381706
0.06 0 0.36 0.4910324200845231
0.06 0 0.37 0.5337429441538563
0.06 0 0.38 0.514003870478002
0.06 0 0.39 0.38346761480127267
0.06 0 0.4 0.22109646845033365
0.06 0 0.41000000000000003 0.25158624484442954
0.06 0 0.42 0.17891557319811288
0.06 0 0.43 0.0646466306568349
0.06 0 0.44 0.059089725658041686
0.06 0 0.45 0.07067351864132396
0.06 0 0.46 0.05006050286327661
0.06 0 0.47000000000000003 0.04481306207595202
0.06 0 0.48 0.10492515685461527
0.06 0 0.49 0.1606590233473348
0.06 0 0.5 0.05701379160564105
0.07 0 0.0 1.5105802281044332
0.07 0 0.01 1.0616055564850464
0.07 0 0.02 1.041789675240115
0.07 0 0.03 2.1015884608428324
0.07 0 0.04 2.9956344884618726
0.07 0 0.05 1.7704775093150316
0.07 0 0.06 1.1541811709586858
0.07 0 0.07 0.6243098637976247
0.07 0 0.08 0.21830958839648779
0.07 0 0.09 0.13021838266160626
0.07 0 0.1 0.25002241635665157
0.07 0 0.11 0.41075518330290034
0.07 0 0.12 0.56579794801096
0.07 0 0.13 0.5988773609243156
0.07 0 0.14 1.244883470190124
0.07 0 0.15 1.5780580528648798
0.07 0 0.16 3.1608326200464076
0.07 0 0.17 8.98164143689641
0.07 0 0.18 8.108714747444605
0.07 0 0.19 4.805678639273714
0.07 0 0.2 5.400983156998693
0.07 0 0.21 4.680434368697803
0.07 0 0.22 2.824344653142507
0.07 0 0.23 2.7080823748740626
0.07 0 0.24 3.6243180847021788
0.07 0 0.25 1.521031037132439
0.07 0 0.26 0.6153428089847671
0.07 0 0.27 0.37159164463596095
0.07 0 0.28 0.2709330415979849
0.07 0 0.29 0.2325280726334824
0.07 0 0.3 0.34933283327871995
0.07 0 0.31 0.5366870325857422
0.07 0 0.32 0.49891438993662207
0.07 0 0.33 0.5117153473116265
0.07 0 0.34 0.47267349602857306
0.07 0 0.35000000000000003 0.8236834128879341
0.07 0 0.36 0.9056318404593312
0.07 0 0.37 0.6578294406186278
0.07 0 0.38 0.6263275364577465
0.07 0 0.39 0.4919186066079572
0.07 0 0.4 0.40631843772603465
0.07 0 0.41000000000000003 0.4380522241229306
0.07 0 0.42 0.21475921760637065
0.07 0 0.43 0.19884060142758272
0.07 0 0.44 0.1418583987111148
0.07 0 0.45 0.19080126463240782
0.07 0 0.46 0.2166989881908244
0.07 0 0.47000000000000003 0.35662751543923094
0.07 0 0.48 0.39049983629158364
0.07 0 0.49 0.30263914924378355
0.07 0 0.5 0.2677448959034118
0.08 0 0.0 4.152767816688915
0.08 0 0.01 1.7656300090938095
0.08 0 0.02 1.0404521375580016
0.08 0 0.03 0.9483213116093102
0.08 0 0.04 1.1259179259227776
0.08 0 0.05 1.2938330505927678
0.08 0 0.06 1.5773525784241456
0.08 0 0.07 1.361912422911224
0.08 0 0.08 0.7792280897935704
0.08 0 0.09 0.7007371576037085
0.08 0 0.1 1.133450884557834
0.08 0 0.11 1.1240799088033884
0.08 0 0.12 1.1812678624241406
0.08 0 0.13 1.4449025823000496
0.08 0 0.14 1.8685377336547515
0.08 0 0.15 1.0480062567449997
0.08 0 0.16 2.4582674617588385
0.08 0 0.17 5.391536559372731
0.08 0 0.18 5.730702954417903
0.08 0 0.19 8.217635068916286
0.08 0 0.2 6.474559706573382
0.08 0 0.21 4.572430926166418
0.08 0 0.22 4.334681265475636
0.08 0 0.23 6.5975440597160775
0.08 0 0.24 3.270562106023615
0.08 0 0.25 1.7637603826904003
0.08 0 0.26 0.8624113472727462
0.08 0 0.27 0.5456540656910175
0.08 0 0.28 0.4137472745917497
0.08 0 0.29 0.4337657394487155
0.08 0 0.3 0.25033580361529284
0.08 0 0.31 0.3230632939765376
0.08 0 0.32 0.7816578220648344
0.08 0 0.33 1.0606579996790846
0.08 0 0.34 1.248881639549493
0.08 0 0.35000000000000003 1.5351319499908616
0.08 0 0.36 0.6948202940272085
0.08 0 0.37 0.7118759329161439
0.08 0 0.38 0.5948963440589699
0.08 0 0.39 0.3603087762050794
0.08 0 0.4 0.4557819222862178
0.08 0 0.41000000000000003 0.801614840021237
0.08 0 0.42 0.5090819664485686
0.08 0 0.43 0.5216479967831215
0.08 0 0.44 0.7632381570832663
0.08 0 0.45 0.8357421814287346
0.08 0 0.46 0.6024882119509886
0.08 0 0.47000000000000003 0.8753879384994036
0.08 0 0.48 0.4834762305834789
0.08 0 0.49 0.23083300744230034
0.08 0 0.5 0.3012099990544959
0.09 0 0.0 1.0168943461181559
0.09 0 0.01 0.917605572739887
0.09 0 0.02 0.897234075808805
0.09 0 0.03 0.63579873480361
0.09 0 0.04 0.7271352424987945
0.09 0 0.05 0.717817107672499
0.09 0 0.06 0.7691999873810713
0.09 0 0.07 0.44043039070051443
0.09 0 0.08 0.4112597994297507
0.09 0 0.09 0.5563844214860338
0.09 0 0.1 0.7412348622028393
0.09 0 0.11 1.2989773794444182
0.09 0 0.12 1.046414176282898
0.09 0 0.13 1.562547026718352
0.09 0 0.14 1.3585451346248636
0.09 0 0.15 1.9741193993987012
0.09 0 0.16 3.5506801156949352
0.09 0 0.17 4.632233123243473
0.09 0 0.18 4.284595919004004
0.09 0 0.19 4.784055623774111
0.09 0 0.2 3.8974413380089663
0.09 0 0.21 2.893016634948997
0.09 0 0.22 1.6904019886329607
0.09 0 0.23 2.709110297298735
0.09 0 0.24 2.166403213608771
0.09 0 0.25 1.1361519642921611
0.09 0 0.26 0.7925970644442342
0.09 0 0.27 0.7924484295286017
0.09 0 0.28 0.5013089007578094
0.09 0 0.29 0.264790328281901
0.09 0 0.3 0.2658047931394114
0.09 0 0.31 0.5038991659150389
0.09 0 0.32 0.5858034097324253
0.09 0 0.33 0.9562630026744191
0.09 0 0.34 2.375113556538116
0.09 0 0.35000000000000003 2.331965861469024
0.09 0 0.36 0.8283339617765314
0.09 0 0.37 0.5761094678941678
0.09 0 0.38 0.48883396235419296
0.09 0 0.39 0.6268408437237771
0.09 0 0.4 0.5253215619101758
0.09 0 0.41000000000000003 0.530675580249965
0.09 0 0.42 0.534861640610082
0.09 0 0.43 0.5423026455389333
0.09 0 0.44 0.40837315540937663
0.09 0 0.45 0.6701983736277639
0.09 0 0.46 0.7722937391609817
0.09 0 0.47000000000000003 0.744434500177879
0.09 0 0.48 0.5848868130800997
0.09 0 0.49 0.6381018708828944
0.09 0 0.5 0.4752615846727496
0.1 0 0.0 1.0192017275350829
0.1 0 0.01 0.6185611394193032
0.1 0 0.02 0.4543324851396379
0.1 0 0.03 0.5852447747518957
0.1 0 0.04 0.1912273966109605
0.1 0 0.05 0.20150877649803922
0.1 0 0.06 0.47400513763390967
0.1 0 0.07 0.6158699166636611
0.1 0 0.08 0.5510969344271854
0.1 0 0.09 0.6540495859567927
0.1 0 0.1 1.2252354208694125
0.1 0 0.11 1.3201349953718968
0.1 0 0.12 1.6906097705938254
0.1 0 0.13 3.01233675354513
0.1 0 0.14 2.3533648609939064
0.1 0 0.15 3.1375561312357183
0.1 0 0.16 1.8002786826992272
0.1 0 0.17 2.3870109776559705
0.1 0 0.18 2.452304917767118
0.1 0 0.19 1.4608909829528882
0.1 0 0.2 1.5658167196478325
0.1 0 0.21 2.5076423735649853
0.1 0 0.22 1.8644962667240157
0.1 0 0.23 0.8589963479882792
0.1 0 0.24 0.6221782567382661
0.1 0 0.25 0.5650242134876435
0.1 0 0.26 0.31118513828292754
0.1 0 0.27 0.46565351801364857
0.1 0 0.28 0.6461908379791407
0.1 0 0.29 0.524562093071471
0.1 0 0.3 0.4736056026148712
0.1 0 0.31 0.6369056242959741
0.1 0 0.32 0.5773337944727129
0.1 0 0.33 0.927291534964544
0.1 0 0.34 0.9436775391352678
0.1 0 0.35000000000000003 0.7423768154720547
0.1 0 0.36 0.5923723807377207
0.1 0 0.37 0.5997030014609283
0.1 0 0.38 0.43239745399081897
0.1 0 0.39 0.7573365451991262
0.1 0 0.4 0.7603491136157867
0.1 0 0.41000000000000003 0.5217140252186035
0.1 0 0.42 0.6391189118455155
0.1 0 0.43 0.5625642266567413
0.1 0 0.44 0.6769352902808224
0.1 0 0.45 0.7950069832405063
0.1 0 0.46 1.4146439430093665
0.1 0 0.47000000000000003 0.9786751198190665
0.1 0 0.48 0.7849384098337364
0.1 0 0.49 0.7670194016888848
0.1 0 0.5 0.8565789558698101
0.11 0 0.0 0.6369087165619566
0.11 0 0.01 0.7604622159834982
0.11 0 0.02 0.9344815076124708
0.11 0 0.03 0.8159072762975518
0.11 0 0.04 0.8610243533344186
0.11 0 0.05 0.7824479257831385
0.11 0 0.06 0.38931389509373504
0.11 0 0.07 0.6787055491498725
0.11 0 0.08 0.7470664478319936
0.11 0 0.09 1.3811757985640025
0.11 0 0.1 1.6949535530102715
0.11 0 0.11 1.7435160677638475
0.11 0 0.12 1.9319558849109806
0.11 0 0.13 2.206938418328348
0.11 0 0.14 3.352897256489721
0.11 0 0.15 4.145101418192482
0.11 0 0.16 3.1622669235753196
0.11 0 0.17 3.836306806253933
0.11 0 0.18 2.3173192907768385
0.11 0 0.19 2.9220695090138715
0.11 0 0.2 1.9098176818055068
0.11 0 0.21 1.264923301144763
0.11 0 0.22 1.0700351856353887
0.11 0 0.23 0.8337777287670017
0.11 0 0.24 0.48658896161379356
0.11 0 0.25 0.2687462458057217
0.11 0 0.26 0.3335046261012018
0.11 0 0.27 0.5480157270439927
0.11 0 0.28 0.4963235634474527
0.11 0 0.29 0.43254148527267605
0.11 0 0.3 0.4356798847244927
0.11 0 0.31 0.3095047289533415
0.11 0 0.32 0.20269798928316535
0.11 0 0.33 0.2919016628512243
0.11 0 0.34 0.5736943738489095
0.11 0 0.35000000000000003 0.5678102653761884
0.11 0 0.36 0.619316790534168
0.11 0 0.37 0.46420656051856607
0.11 0 0.38 0.45619737018616013
0.11 0 0.39 0.3123902412021005
0.11 0 0.4 0.33136966205083995
0.11 0 0.41000000000000003 0.8100766734322401
0.11 0 0.42 1.0949296401498723
0.11 0 0.43 0.8872140791752843
0.11 0 0.44 0.9358824691618918
0.11 0 0.45 0.9945812047864527
0.11 0 0.46 1.152510356567033
0.11 0 0.47000000000000003 0.6119063612716255
0.11 0 0.48 0.9272311743095076
0.11 0 0.49 1.1311691954833285
0.11 0 0.5 1.4784267052216513
0.12 0 0.0 4.860913675137802
0.12 0 0.01 4.167246432856495
0.12 0 0.02 2.4587056538764007
0.12 0 0.03 1.7527184325340703
0.12 0 0.04 1.9418741400138968
0.12 0 0.05 2.1586258386378816
0.12 0 0.06 3.095827238692124
0.12 0 0.07 4.5286855380245665
0.12 0 0.08 3.0040069528989446
0.12 0 0.09 3.8104708583005826
0.12 0 0.1 2.5974139609205436
0.12 0 0.11 2.7147952649621057
0.12 0 0.12 1.8055435537238134
0.12 0 0.13 2.98444742066733
0.12 0 0.14 2.64798349876515
0.12 0 0.15 1.0111446855400337
0.12 0 0.16 1.727715156424312
0.12 0 0.17 2.320932591689384
0.12 0 0.18 2.2557822954501647
0.12 0 0.19 2.0309295925059994
0.12 0 0.2 2.8277340577662735
0.12 0 0.21 2.216788011864741
0.12 0 0.22 1.1949907179317674
0.12 0 0.23 0.8608671407836929
0.12 0 0.24 0.834043081307554
0.12 0 0.25 0.6673463163885502
0.12 0 0.26 0.47424899221995603
0.12 0 0.27 0.24345879800100825
0.12 0 0.28 0.19335470741840705
0.12 0 0.29 0.19848872484533547
0.12 0 0.3 0.2599707079051046
0.12 0 0.31 0.36885418718788426
0.12 0 0.32 0.4051121240147934
0.12 0 0.33 0.2920677533863812
0.12 0 0.34 0.2463648431283483
0.12 0 0.35000000000000003 0.3587814886479356
0.12 0 0.36 0.27663735348238283
0.12 0 0.37 0.2178537971434577
0.12 0 0.38 0.3859483604981087
0.12 0 0.39 0.22120107562301977
0.12 0 0.4 0.4620049027594122
0.12 0 0.41000000000000003 1.0527129253243852
0.12 0 0.42 1.2778582433929304
0.12 0 0.43 0.9087949747110637
0.12 0 0.44 1.1635271030317913
0.12 0 0.45 1.1996304956807435
0.12 0 0.46 0.5486405054359589
0.12 0 0.47000000000000003 0.6339656260723238
0.12 0 0.48 1.2023899983670363
0.12 0 0.49 1.0976822073289594
0.12 0 0.5 2.209180819752567
0.13 0 0.0 9.066936651757683
0.13 0 0.01 3.959679902926291
0.13 0 0.02 2.610944730232438
0.13 0 0.03 6.003607298644532
0.13 0 0.04 3.8799007519782753
0.13 0 0.05 1.7473561718234278
0.13 0 0.06 2.141497324398049
0.13 0 0.07 2.5285659663812927
0.13 0 0.08 2.918052105280768
0.13 0 0.09 1.9743121126448153
0.13 0 0.1 2.496819097305162
0.13 0 0.11 2.3563989184811778
0.13 0 0.12 2.304713286808704
0.13 0 0.13 3.5040107341224433
0.13 0 0.14 3.5256093829783923
0.13 0 0.15 2.037406012317449
0.13 0 0.16 0.9970333985274767
0.13 0 0.17 0.8144787088044776
0.13 0 0.18 1.1519601108425432
0.13 0 0.19 0.8564895440045525
0.13 0 0.2 0.9091192944565608
0.13 0 0.21 0.7958701321234475
0.13 0 0.22 0.5308039651512598
0.13 0 0.23 0.39512035494856834
0.13 0 0.24 0.42935338861689504
0.13 0 0.25 0.3705582082733951
0.13 0 0.26 0.26856505396460456
0.13 0 0.27 0.20090192987525782
0.13 0 0.28 0.16561044900507083
0.13 0 0.29 0.23161811875786642
0.13 0 0.3 0.4033368680726554
0.13 0 0.31 0.31151701366129775
0.13 0 0.32 0.3916247971457892
0.13 0 0.33 0.2841480428356067
0.13 0 0.34 0.2611833418721057
0.13 0 0.35000000000000003 0.24535370948831556
0.13 0 0.36 0.42029136486031127
0.13 0 0.37 0.35111521785940014
0.13 0 0.38 0.15887591585239316
0.13 0 0.39 0.1896836636833004
0.13 0 0.4 0.6888989643433762
0.13 0 0.41000000000000003 0.8250419486075563
0.13 0 0.42 1.6875884959580978
0.13 0 0.43 1.5570079303693303
0.13 0 0.44 1.3430039562870622
0.13 0 0.45 0.7345304972010022
0.13 0 0.46 0.8327272154560895
0.13 0 0.47000000000000003 1.2858443022405304
0.13 0 0.48 0.7607203612856691
0.13 0 0.49 1.1102348425702462
0.13 0 0.5 1.3960915471163469
0.14 0 0.0 9.1023773962288
0.14 0 0.01 4.4014713151817615
0.14 0 0.02 3.1947519955525174
0.14 0 0.03 2.937783291285039
0.14 0 0.04 1.391909132251126
0.14 0 0.05 1.6367374264154744
0.14 0 0.06 2.155223055184319
0.14 0 0.07 1.7591800926392216
0.14 0 0.08 1.811761185718852
0.14 0 0.09 2.7131598963833303
0.14 0 0.1 2.4627147570259615
0.14 0 0.11 1.155847327633861
0.14 0 0.12 2.1756152481758466
0.14 0 0.13 2.163418302123478
0.14 0 0.14 1.3752228145558896
0.14 0 0.15 0.8371625415655616
0.14 0 0.16 0.6724074728083282
0.14 0 0.17 0.6026630315645064
0.14 0 0.18 1.0390954038511566
0.14 0 0.19 1.5491768160071622
0.14 0 0.2 1.8414751372557738
0.14 0 0.21 0.9816950123656183
0.14 0 0.22 0.4323008423789852
0.14 0 0.23 0.31894064494718605
0.14 0 0.24 0.5415936809064342
0.14 0 0.25 0.3506205415181851
0.14 0 0.26 0.173246657856408
0.14 0 0.27 0.0930533409642471
0.14 0 0.28 0.11129649603062468
0.14 0 0.29 0.10828379058340269
0.14 0 0.3 0.19617951916980164
0.14 0 0.31 0.40443625908479847
0.14 0 0.32 0.44980039184675136
0.14 0 0.33 0.24152364363641543
0.14 0 0.34 0.26802639241781184
0.14 0 0.35000000000000003 0.23000389194579227
0.14 0 0.36 0.3225075057286464
0.14 0 0.37 0.30064457628157
0.14 0 0.38 0.23773296563569213
0.14 0 0.39 0.3314248121120603
0.14 0 0.4 0.318499489875764
0.14 0 0.41000000000000003 0.5518280186767284
0.14 0 0.42 0.7138558109759694
0.14 0 0.43 1.0053501152246196
0.14 0 0.44 1.0844947724907499
0.14 0 0.45 0.9637375424914683
0.14 0 0.46 1.0498431414674503
0.14 0 0.47000000000000003 0.6068343761468437
0.14 0 0.48 0.587182926101962
0.14 0 0.49 0.5308875955611821
0.14 0 0.5 0.39117124700565786
0.15 0 0.0 1.9616719168982437
0.15 0 0.01 2.563193770832832
0.15 0 0.02 5.921945325289649
0.15 0 0.03 3.935462893282586
0.15 0 0.04 1.887243970909761
0.15 0 0.05 0.9372204057421173
0.15 0 0.06 1.1480006278567063
0.15 0 0.07 1.6909311850529003
0.15 0 0.08 2.310334656755642
0.15 0 0.09 1.8563819358709994
0.15 0 0.1 1.77999243707787
0.15 0 0.11 0.9822567857487146
0.15 0 0.12 1.0259628237649958
0.15 0 0.13 1.081676286256255
0.15 0 0.14 1.4673676175521337
0.15 0 0.15 0.9360084244245904
0.15 0 0.16 0.8586289602033522
0.15 0 0.17 0.6165091230868079
0.15 0 0.18 0.3640298811175575
0.15 0 0.19 0.4575132291974257
0.15 0 0.2 1.0628503730744459
0.15 0 0.21 0.751482733006029
0.15 0 0.22 0.5118281875776888
0.15 0 0.23 0.5301479192029629
0.15 0 0.24 0.3790632566507657
0.15 0 0.25 0.2929099899743031
0.15 0 0.26 0.31135120104708197
0.15 0 0.27 0.3046570562000096
0.15 0 0.28 0.22770016704442375
0.15 0 0.29 0.16912846408565843
0.15 0 0.3 0.2029466490445982
0.15 0 0.31 0.16781812551312097
0.15 0 0.32 0.08299340277995743
0.15 0 0.33 0.08567555758156344
0.15 0 0.34 0.22780061199379922
0.15 0 0.35000000000000003 0.5284975274622093
0.15 0 0.36 0.5590421956157161
0.15 0 0.37 0.31959748341241234
0.15 0 0.38 0.3194566775619414
0.15 0 0.39 0.31873055746052253
0.15 0 0.4 0.37801010042445
0.15 0 0.41000000000000003 0.5035621114022685
0.15 0 0.42 0.5110701164945494
0.15 0 0.43 0.9944036936372843
0.15 0 0.44 0.9134354583797243
0.15 0 0.45 1.0039976713189758
0.15 0 0.46 1.0948984535836246
0.15 0 0.47000000000000003 1.0394400328878814
0.15 0 0.48 0.8124852353381405
0.15 0 0.49 0.8662231623230655
0.15 0 0.5 1.1235755926113156
0.16 0 0.0 2.6696089886506043
0.16 0 0.01 2.8133329258152875
0.16 0 0.02 6.425007457456408
0.16 0 0.03 5.321738609493374
0.16 0 0.04 6.070364205476357
0.16 0 0.05 3.3957292263725325
0.16 0 0.06 2.836685857817741
0.16 0 0.07 2.555617737590899
0.16 0 0.08 3.2878844514395373
0.16 0 0.09 2.9502259722189783
0.16 0 0.1 2.17999064465884
0.16 0 0.11 1.7500801762115252
0.16 0 0.12 0.9452981785649326
0.16 0 0.13 0.5512275034559491
0.16 0 0.14 0.5084033691571054
0.16 0 0.15 0.4670797297685225
0.16 0 0.16 0.49707306524938005
0.16 0 0.17 0.4908935898234827
0.16 0 0.18 0.37868641905428396
0.16 0 0.19 0.6273727190615278
0.16 0 0.2 0.6968324726885994
0.16 0 0.21 0.660345402610768
0.16 0 0.22 0.8772159490540422
0.16 0 0.23 0.5392997285533905
0.16 0 0.24 0.33247946961274144
0.16 0 0.25 0.28916672320480236
0.16 0 0.26 0.3285712291341921
0.16 0 0.27 0.19582716394722094
0.16 0 0.28 0.19268099239885936
0.16 0 0.29 0.2433692045403989
0.16 0 0.3 0.18242189535623526
0.16 0 0.31 0.12987884391509666
0.16 0 0.32 0.10991220046315847
0.16 0 0.33 0.07946656841013068
0.16 0 0.34 0.0533995111363204
0.16 0 0.35000000000000003 0.14043391267026
0.16 0 0.36 0.22254905560125604
0.16 0 0.37 0.34788571464190376
0.16 0 0.38 0.47890247944107794
0.16 0 0.39 0.5390962472351694
0.16 0 0.4 0.4477678112505649
0.16 0 0.41000000000000003 0.528749479384853
0.16 0 0.42 0.6349502392602476
0.16 0 0.43 0.8360778453174385
0.16 0 0.44 0.8695068879055093
0.16 0 0.45 1.3074171297937658
0.16 0 0.46 1.043926774689546
0.16 0 0.47000000000000003 1.4139153140138385
0.16 0 0.48 1.126453248362098
0.16 0 0.49 0.9722557588469964
0.16 0 0.5 1.0926911957056782
0.17 0 0.0 1.930933550665164
0.17 0 0.01 2.6314799097201735
0.17 0 0.02 2.771719022922051
0.17 0 0.03 3.5786690592681287
0.17 0 0.04 4.074608542031245
0.17 0 0.05 2.7652018787558186
0.17 0 0.06 1.8254539506061267
0.17 0 0.07 0.9292242361327159
0.17 0 0.08 1.0812749120660763
0.17 0 0.09 1.3891038888568568
0.17 0 0.1 1.753864507720266
0.17 0 0.11 1.5992932482662656
0.17 0 0.12 0.7357278005110606
0.17 0 0.13 0.5988388243853895
0.17 0 0.14 0.6587307447634115
0.17 0 0.15 0.7222801450080056
0.17 0 0.16 0.59121302796129
0.17 0 0.17 0.2962462685786319
0.17 0 0.18 0.2954499605099362
0.17 0 0.19 0.2689951879431401
0.17 0 0.2 0.2427495566616015
0.17 0 0.21 0.40251232891402866
0.17 0 0.22 0.4280912903951595
0.17 0 0.23 0.4709000248008681
0.17 0 0.24 0.3663508248602675
0.17 0 0.25 0.31775477114997447
0.17 0 0.26 0.36637743529630157
0.17 0 0.27 0.5845011602670497
0.17 0 0.28 0.36911746869096357
0.17 0 0.29 0.2615870061031469
0.17 0 0.3 0.2543329596411954
0.17 0 0.31 0.1461168329846681
0.17 0 0.32 0.062446194237826
0.17 0 0.33 0.12498124729347622
0.17 0 0.34 0.17708047969614504
0.17 0 0.35000000000000003 0.1760555861617484
0.17 0 0.36 0.14874037635126605
0.17 0 0.37 0.38221156804638085
0.17 0 0.38 0.2921643711727278
0.17 0 0.39 0.3416972091187688
0.17 0 0.4 0.5069866264219183
0.17 0 0.41000000000000003 0.582065400505267
0.17 0 0.42 0.8041763238266263
0.17 0 0.43 0.846411981475826
0.17 0 0.44 0.8215408671589604
0.17 0 0.45 0.7075669692250556
0.17 0 0.46 0.7896769919912868
0.17 0 0.47000000000000003 1.1750225227415088
0.17 0 0.48 1.8526135739241967
0.17 0 0.49 2.6813182576515033
0.17 0 0.5 1.8016376957650333
0.18 0 0.0 2.7980530138005926
0.18 0 0.01 1.2113375855659634
0.18 0 0.02 1.059621209187929
0.18 0 0.03 1.8595698452839347
0.18 0 0.04 2.1745441304137403
0.18 0 0.05 3.1261122915471984
0.18 0 0.06 2.1879968079403924
0.18 0 0.07 0.9184166539069176
0.18 0 0.08 0.4311977197378084
0.18 0 0.09 0.6331870840699922
0.18 0 0.1 0.7487301857428419
0.18 0 0.11 0.3765344844056199
0.18 0 0.12 0.3080049260552273
0.18 0 0.13 0.3268181020448157
0.18 0 0.14 0.16085131098519465
0.18 0 0.15 0.41024138113592334
0.18 0 0.16 0.6692338120351158
0.18 0 0.17 0.5973930749694911
0.18 0 0.18 0.39584597591896137
0.18 0 0.19 0.2748799774505835
0.18 0 0.2 0.18749887428970363
0.18 0 0.21 0.16129341452909782
0.18 0 0.22 0.1392714261344164
0.18 0 0.23 0.10517894720545376
0.18 0 0.24 0.09426781114436296
0.18 0 0.25 0.1545492846333857
0.18 0 0.26 0.09741081672769414
0.18 0 0.27 0.07434935060659068
0.18 0 0.28 0.05345292635190877
0.18 0 0.29 0.09286616493641194
0.18 0 0.3 0.1019941578248808
0.18 0 0.31 0.1319339572891412
0.18 0 0.32 0.16241983957118364
0.18 0 0.33 0.11554314737355295
0.18 0 0.34 0.0784228348139104
0.18 0 0.35000000000000003 0.06632933550635345
0.18 0 0.36 0.15789815144288233
0.18 0 0.37 0.34034572389614476
0.18 0 0.38 0.4752565623458784
0.18 0 0.39 1.049695194797502
0.18 0 0.4 0.7182409072634981
0.18 0 0.41000000000000003 0.5392958853524289
0.18 0 0.42 0.6690677114284724
0.18 0 0.43 1.1517069593806788
0.18 0 0.44 1.3166913743950173
0.18 0 0.45 1.0761381457747348
0.18 0 0.46 0.8903034537348928
0.18 0 0.47000000000000003 0.6070680262163767
0.18 0 0.48 0.5477210684455891
0.18 0 0.49 1.1430060546304293
0.18 0 0.5 1.1375161129885583
0.19 0 0.0 2.1305402032838607
0.19 0 0.01 1.5226158148056994
0.19 0 0.02 0.9929873784530073
0.19 0 0.03 1.1280839841964196
0.19 0 0.04 2.229953001705465
0.19 0 0.05 3.056673948951436
0.19 0 0.06 1.5187182178268874
0.19 0 0.07 1.577888062881656
0.19 0 0.08 0.7450834966590945
0.19 0 0.09 0.7038131120963882
0.19 0 0.1 0.7535647013603679
0.19 0 0.11 1.0105503909326023
0.19 0 0.12 0.5981292067422157
0.19 0 0.13 0.27733907538742264
0.19 0 0.14 0.39194180691037134
0.19 0 0.15 0.4433143623017657
0.19 0 0.16 0.24629556483740514
0.19 0 0.17 0.29982548394248165
0.19 0 0.18 0.3284067792993505
0.19 0 0.19 0.28110585846671027
0.19 0 0.2 0.1980773855529648
0.19 0 0.21 0.2193699161790464
0.19 0 0.22 0.17787985019028912
0.19 0 0.23 0.10963582642728438
0.19 0 0.24 0.09826869427048048
0.19 0 0.25 0.14861787543347904
0.19 0 0.26 0.19051927277462855
0.19 0 0.27 0.12781963383578843
0.19 0 0.28 0.10217893490585109
0.19 0 0.29 0.1316668739840498
0.19 0 0.3 0.0532335893957228
0.19 0 0.31 0.05505818053833257
0.19 0 0.32 0.09524414927087231
0.19 0 0.33 0.2551013643128686
0.19 0 0.34 0.16801794070401657
0.19 0 0.35000000000000003 0.12102086518497465
0.19 0 0.36 0.2246642683922109
0.19 0 0.37 0.24014864888166956
0.19 0 0.38 0.36713347583278066
0.19 0 0.39 0.39207404235893684
0.19 0 0.4 0.5694697473615307
0.19 0 0.41000000000000003 0.69341478238466
0.19 0 0.42 0.6887795562305841
0.19 0 0.43 2.0177133142375547
0.19 0 0.44 2.9887130719320267
0.19 0 0.45 1.3140879717894673
0.19 0 0.46 1.060344472786848
0.19 0 0.47000000000000003 1.4625675208834663
0.19 0 0.48 1.3200167595190833
0.19 0 0.49 0.8030919375276951
0.19 0 0.5 1.2893609089050297
0.2 0 0.0 0.861200008636279
0.2 0 0.01 1.366382968171233
0.2 0 0.02 1.359593931461917
0.2 0 0.03 1.5164913912064728
0.2 0 0.04 1.7403979650867152
0.2 0 0.05 2.7983026318131348
0.2 0 0.06 2.6707688241033836
0.2 0 0.07 1.3612738009670096
0.2 0 0.08 1.4488337306898857
0.2 0 0.09 1.8360422777296836
0.2 0 0.1 0.9190582578001277
0.2 0 0.11 0.7856702828286033
0.2 0 0.12 0.6019636634513543
0.2 0 0.13 0.40419859209153136
0.2 0 0.14 0.3042397640748451
0.2 0 0.15 0.26383093398580876
0.2 0 0.16 0.2714726995494326
0.2 0 0.17 0.2037905675910501
0.2 0 0.18 0.1204350298694075
0.2 0 0.19 0.2013490712696458
0.2 0 0.2 0.30734182998624937
0.2 0 0.21 0.27562017691447577
0.2 0 0.22 0.1631850992090543
0.2 0 0.23 0.28270545785432666
0.2 0 0.24 0.2583438371754508
0.2 0 0.25 0.364394610062786
0.2 0 0.26 0.4927555460295749
0.2 0 0.27 0.434285920439916
0.2 0 0.28 0.519111238727379
0.2 0 0.29 0.46620855365738967
0.2 0 0.3 0.46802990836320696
0.2 0 0.31 0.34283364594856935
0.2 0 0.32 0.639063016888847
0.2 0 0.33 0.444368013336552
0.2 0 0.34 0.1624825667356483
0.2 0 0.35000000000000003 0.2230100882294254
0.2 0 0.36 0.24703012049305964
0.2 0 0.37 0.1990135356329223
0.2 0 0.38 0.5207962718613595
0.2 0 0.39 0.9787998241546793
0.2 0 0.4 1.1202278571480366
0.2 0 0.41000000000000003 0.5206915603373037
0.2 0 0.42 0.9687536736852302
0.2 0 0.43 1.5354180580607444
0.2 0 0.44 1.5410628272851628
0.2 0 0.45 1.5097516006930614
0.2 0 0.46 1.0818756252366968
0.2 0 0.47000000000000003 0.6836530843732046
0.2 0 0.48 0.608971684036151
0.2 0 0.49 0.9042823283428374
0.2 0 0.5 1.2209048213232094
0.21 0 0.0 1.1348378792643192
0.21 0 0.01 1.7952117070097562
0.21 0 0.02 2.7314211913229127
0.21 0 0.03 4.181776213451336
0.21 0 0.04 3.7056449862428664
0.21 0 0.05 4.765579716197624
0.21 0 0.06 3.2463671478994565
0.21 0 0.07 2.5976777330401712
0.21 0 0.08 2.770432133613318
0.21 0 0.09 1.5878603802526778
0.21 0 0.1 0.9247634263961453
0.21 0 0.11 1.17939047464713
0.21 0 0.12 0.9832431360783808
0.21 0 0.13 0.74663552980737
0.21 0 0.14 0.6360060249200298
0.21 0 0.15 0.473608843438696
0.21 0 0.16 0.2504699941369975
0.21 0 0.17 0.18489761314441047
0.21 0 0.18 0.25207726651157586
0.21 0 0.19 0.2961062938447711
0.21 0 0.2 0.49640551951909817
0.21 0 0.21 1.0622012071536016
0.21 0 0.22 1.550441464875602
0.21 0 0.23 0.710595368061506
0.21 0 0.24 0.532700343616397
0.21 0 0.25 0.5148833706497233
0.21 0 0.26 0.4860428943264657
0.21 0 0.27 0.8115089081338996
0.21 0 0.28 1.2236479693370976
0.21 0 0.29 0.7193359264489778
0.21 0 0.3 0.5010657749706858
0.21 0 0.31 0.45337087669161186
0.21 0 0.32 0.8312008182316043
0.21 0 0.33 0.5344737782891731
0.21 0 0.34 0.7802321284360442
0.21 0 0.35000000000000003 0.563236073856389
0.21 0 0.36 0.24643498544222425
0.21 0 0.37 0.16894750563428274
0.21 0 0.38 0.1673995083214636
0.21 0 0.39 0.469830957841164
0.21 0 0.4 0.7182742792598641
0.21 0 0.41000000000000003 0.6586019849215019
0.21 0 0.42 0.9490672750590295
0.21 0 0.43 0.8898450118068638
0.21 0 0.44 0.6336826711834913
0.21 0 0.45 0.4906908332889719
0.21 0 0.46 0.9378057567872267
0.21 0 0.47000000000000003 0.6830918076864393
0.21 0 0.48 0.5828491058849576
0.21 0 0.49 0.7308315257157741
0.21 0 0.5 1.1970978395705674
0.22 0 0.0 2.549142136339871
0.22 0 0.01 3.237772345257733
0.22 0 0.02 1.9117262883596822
0.22 0 0.03 2.200221464321701
0.22 0 0.04 3.397656135801608
0.22 0 0.05 1.5629261527780955
0.22 0 0.06 0.9362634018380308
0.22 0 0.07 1.3373775038651161
0.22 0 0.08 1.6723036967780551
0.22 0 0.09 0.8681929912310322
0.22 0 0.1 1.0513759436271641
0.22 0 0.11 0.8778240530759053
0.22 0 0.12 0.8191908338688422
0.22 0 0.13 0.9175820825563352
0.22 0 0.14 0.8672184811763723
0.22 0 0.15 0.9050674637413565
0.22 0 0.16 0.6718439921570305
0.22 0 0.17 0.3272072412313359
0.22 0 0.18 0.47417725487109064
0.22 0 0.19 0.8518107145668666
0.22 0 0.2 0.55121542198335
0.22 0 0.21 0.44325706543105614
0.22 0 0.22 1.1715049742309573
0.22 0 0.23 1.249075781432553
0.22 0 0.24 0.8037168685438058
0.22 0 0.25 0.47494912535224926
0.22 0 0.26 0.5023375503976618
0.22 0 0.27 0.48408189099676435
0.22 0 0.28 1.0566319656928762
0.22 0 0.29 1.6738492073123266
0.22 0 0.3 1.0757796738749834
0.22 0 0.31 0.8387374055974467
0.22 0 0.32 0.8097588472847308
0.22 0 0.33 0.7478534569326417
0.22 0 0.34 0.666512404116793
0.22 0 0.35000000000000003 0.2193359362186976
0.22 0 0.36 0.18731815956780493
0.22 0 0.37 0.14304196917949716
0.22 0 0.38 0.1697367853127323
0.22 0 0.39 0.2511010228652457
0.22 0 0.4 0.3965361628709879
0.22 0 0.41000000000000003 0.3976478721594885
0.22 0 0.42 0.45282000938771894
0.22 0 0.43 0.48814995235810005
0.22 0 0.44 0.31711270871478836
0.22 0 0.45 0.20345084715082795
0.22 0 0.46 0.2808393317441681
0.22 0 0.47000000000000003 0.2547648390929074
0.22 0 0.48 0.2636257507646593
0.22 0 0.49 0.37416223039877805
0.22 0 0.5 0.8503040473870827
0.23 0 0.0 1.3862479779283028
0.23 0 0.01 1.1875087856695143
0.23 0 0.02 1.2516156754758903
0.23 0 0.03 0.6762967862261609
0.23 0 0.04 0.7660386265760123
0.23 0 0.05 0.9831482880634276
0.23 0 0.06 0.9165629935437799
0.23 0 0.07 0.8908187166384043
0.23 0 0.08 0.7324225549638038
0.23 0 0.09 0.7298447629742392
0.23 0 0.1 1.1028138182608755
0.23 0 0.11 0.9288680307067326
0.23 0 0.12 0.7271773495879711
0.23 0 0.13 0.4002231630109877
0.23 0 0.14 0.3526696246918269
0.23 0 0.15 0.3398705415915237
0.23 0 0.16 0.23935356973922575
0.23 0 0.17 0.29510436394465006
0.23 0 0.18 0.5825448155791118
0.23 0 0.19 0.508631019834995
0.23 0 0.2 0.454784841730108
0.23 0 0.21 0.6335368449272786
0.23 0 0.22 1.281797109265079
0.23 0 0.23 0.9775868220878502
0.23 0 0.24 0.968305197629673
0.23 0 0.25 0.7260928374865654
0.23 0 0.26 0.7683839520103426
0.23 0 0.27 0.6802323391662634
0.23 0 0.28 1.6004758113657873
0.23 0 0.29 1.724414751271185
0.23 0 0.3 1.4384247176373692
0.23 0 0.31 0.9087903883966036
0.23 0 0.32 0.6728184798464428
0.23 0 0.33 0.8492899711490197
0.23 0 0.34 0.7541663053342503
0.23 0 0.35000000000000003 0.5783814574534593
0.23 0 0.36 0.34827892945675265
0.23 0 0.37 0.26000753189333364
0.23 0 0.38 0.4306797501722032
0.23 0 0.39 0.6237985768707953
0.23 0 0.4 0.5327662629666424
0.23 0 0.41000000000000003 0.49367306337887384
0.23 0 0.42 0.5057503250863756
0.23 0 0.43 0.41113267134696363
0.23 0 0.44 0.3623884265664382
0.23 0 0.45 0.3700075643080632
0.23 0 0.46 0.2733529585019163
0.23 0 0.47000000000000003 0.20739839255287634
0.23 0 0.48 0.16925613101793147
0.23 0 0.49 0.3059327458514257
0.23 0 0.5 0.4460032636601732
0.24 0 0.0 4.164032795895553
0.24 0 0.01 3.068927672735688
0.24 0 0.02 3.311869337519654
0.24 0 0.03 2.5106710201582962
0.24 0 0.04 2.1037679442680877
0.24 0 0.05 1.1103911186999722
0.24 0 0.06 1.4574433120018506
0.24 0 0.07 1.4647259014365255
0.24 0 0.08 1.1403926459788145
0.24 0 0.09 1.1237812340899072
0.24 0 0.1 0.9103109383905762
0.24 0 0.11 1.0840932612053946
0.24 0 0.12 1.1693147045961847
0.24 0 0.13 0.4888833699096052
0.24 0 0.14 0.4156237807125841
0.24 0 0.15 0.20726926664545642
0.24 0 0.16 0.2702656102333121
0.24 0 0.17 0.5701550257383785
0.24 0 0.18 1.06687104744876
0.24 0 0.19 0.5394850581699207
0.24 0 0.2 0.4447393681975747
0.24 0 0.21 0.5239964154124119
0.24 0 0.22 0.5398910833865807
0.24 0 0.23 0.7443339601958908
0.24 0 0.24 1.1879693635006305
0.24 0 0.25 1.3351451342137741
0.24 0 0.26 1.3914474558956738
0.24 0 0.27 1.840779449581464
0.24 0 0.28 2.210082364033188
0.24 0 0.29 3.196349221549138
0.24 0 0.3 2.9885566439228395
0.24 0 0.31 1.415722323478318
0.24 0 0.32 1.0289383506395031
0.24 0 0.33 0.9765939481632946
0.24 0 0.34 0.3999428454994399
0.24 0 0.35000000000000003 0.5187347708957247
0.24 0 0.36 0.7605577800293708
0.24 0 0.37 0.6023661360098456
0.24 0 0.38 0.7347763958490516
0.24 0 0.39 1.0765295945665614
0.24 0 0.4 0.6968068879451781
0.24 0 0.41000000000000003 0.36254891510499243
0.24 0 0.42 0.3349667850500923
0.24 0 0.43 0.3160047944017764
0.24 0 0.44 0.2965271914519823
0.24 0 0.45 0.3868230948313372
0.24 0 0.46 0.32534152367734487
0.24 0 0.47000000000000003 0.19342948898566936
0.24 0 0.48 0.18530622222181586
0.24 0 0.49 0.3624260156502626
0.24 0 0.5 0.4853489765542522
0.25 0 0.0 3.4794067328507827
0.25 0 0.01 3.0910720934766065
0.25 0 0.02 2.2297191388280804
0.25 0 0.03 2.065030401050498
0.25 0 0.04 2.694297688935077
0.25 0 0.05 3.406371859373356
0.25 0 0.06 3.7233560502376366
0.25 0 0.07 1.765202528262321
0.25 0 0.08 2.5716374829609996
0.25 0 0.09 1.9708755189114922
0.25 0 0.1 1.12876954427099
0.25 0 0.11 1.4902708860712532
0.25 0 0.12 1.4722271855097935
0.25 0 0.13 1.2697232611093443
0.25 0 0.14 1.0070233589561408
0.25 0 0.15 0.9493422139969904
0.25 0 0.16 0.7488194328137535
0.25 0 0.17 0.8523402807900808
0.25 0 0.18 1.731409404624029
0.25 0 0.19 1.3118302676734268
0.25 0 0.2 0.8099998600523276
0.25 0 0.21 0.829747290222639
0.25 0 0.22 1.2369996679487139
0.25 0 0.23 1.5016038285900828
0.25 0 0.24 1.8140410871729664
0.25 0 0.25 4.103649720833111
0.25 0 0.26 4.325972431377226
0.25 0 0.27 3.8668216371981274
0.25 0 0.28 3.3197539855045815
0.25 0 0.29 4.076014445951869
0.25 0 0.3 2.446438609433515
0.25 0 0.31 1.403793204810833
0.25 0 0.32 2.3756044581407947
0.25 0 0.33 2.3682614934526525
0.25 0 0.34 1.2218936761671801
0.25 0 0.35000000000000003 0.9723955432809553
0.25 0 0.36 0.9278545520434035
0.25 0 0.37 1.1892337498045822
0.25 0 0.38 0.8447006156638828
0.25 0 0.39 0.8500486984264539
0.25 0 0.4 0.9762123710740424
0.25 0 0.41000000000000003 0.7500776531692771
0.25 0 0.42 0.45833421324386847
0.25 0 0.43 0.51426800649739
0.25 0 0.44 0.4073886730964777
0.25 0 0.45 0.3856092017830235
0.25 0 0.46 0.2503080360002965
0.25 0 0.47000000000000003 0.2784725592545686
0.25 0 0.48 0.17302173522892314
0.25 0 0.49 0.21734912435480608
0.25 0 0.5 0.27774855225362394
0.26 0 0.0 2.244729377621753
0.26 0 0.01 2.4907661356224446
0.26 0 0.02 1.6364594404969734
0.26 0 0.03 1.8142304657878743
0.26 0 0.04 2.3275967327577423
0.26 0 0.05 2.948715243789378
0.26 0 0.06 1.3332303979330535
0.26 0 0.07 1.6254615044343632
0.26 0 0.08 1.7572169961039497
0.26 0 0.09 0.789043551884241
0.26 0 0.1 0.6916467290508888
0.26 0 0.11 0.521477259781514
0.26 0 0.12 0.7960545186655598
0.26 0 0.13 1.2800007895777323
0.26 0 0.14 1.2482510019352158
0.26 0 0.15 1.1407851065867327
0.26 0 0.16 1.3558757961266765
0.26 0 0.17 1.4285882681837483
0.26 0 0.18 0.8584279501948914
0.26 0 0.19 1.0595188800720599
0.26 0 0.2 0.9227011030336894
0.26 0 0.21 0.7447524599689386
0.26 0 0.22 1.0679787414132778
0.26 0 0.23 1.4927439211294837
0.26 0 0.24 1.635355392154458
0.26 0 0.25 2.2345716218467637
0.26 0 0.26 2.266310701776972
0.26 0 0.27 2.9356730623685987
0.26 0 0.28 3.4296150630042637
0.26 0 0.29 3.8352363819100974
0.26 0 0.3 1.1969780057016086
0.26 0 0.31 1.8298623930088547
0.26 0 0.32 1.9540315008852394
0.26 0 0.33 0.9129784336166834
0.26 0 0.34 1.0533871460760198
0.26 0 0.35000000000000003 1.5253534813887297
0.26 0 0.36 1.046699970927422
0.26 0 0.37 0.8849719160943488
0.26 0 0.38 0.8846516999612074
0.26 0 0.39 1.5010899428662792
0.26 0 0.4 1.2655184211097212
0.26 0 0.41000000000000003 1.1555661640840345
0.26 0 0.42 0.616263664347145
0.26 0 0.43 0.4544223421170799
0.26 0 0.44 0.4240596132387011
0.26 0 0.45 0.535097397281315
0.26 0 0.46 0.8594006319756176
0.26 0 0.47000000000000003 0.7234163397035491
0.26 0 0.48 0.4114739237908965
0.26 0 0.49 0.4258230925449863
0.26 0 0.5 0.39882546447195694
0.27 0 0.0 1.6177830859058315
0.27 0 0.01 1.1935470665238854
0.27 0 0.02 1.7556400069568887
0.27 0 0.03 1.8584616678306016
0.27 0 0.04 2.9638199118605466
0.27 0 0.05 2.5640074957383927
0.27 0 0.06 1.4639178875698653
0.27 0 0.07 1.8798264044760187
0.27 0 0.08 1.9647925933224237
0.27 0 0.09 1.7153559954046689
0.27 0 0.1 1.0377781658816225
0.27 0 0.11 0.9891111673232189
0.27 0 0.12 1.0181998195123574
0.27 0 0.13 1.0269506065873648
0.27 0 0.14 1.2148051244450913
0.27 0 0.15 1.3568148839063163
0.27 0 0.16 1.0174091380868642
0.27 0 0.17 0.9866730203929227
0.27 0 0.18 0.9851284449365395
0.27 0 0.19 1.4120543558341185
0.27 0 0.2 0.9005437095885189
0.27 0 0.21 1.4132010498978314
0.27 0 0.22 0.9092753419774379
0.27 0 0.23 0.7039481438843812
0.27 0 0.24 0.46475754249098417
0.27 0 0.25 0.5966788358509445
0.27 0 0.26 0.6754741860370108
0.27 0 0.27 0.7099516736812733
0.27 0 0.28 1.3650301877452669
0.27 0 0.29 1.1312942412674378
0.27 0 0.3 0.6022535502360077
0.27 0 0.31 0.6591533001474815
0.27 0 0.32 0.49968163102916896
0.27 0 0.33 0.628512412531773
0.27 0 0.34 0.8198051069497156
0.27 0 0.35000000000000003 1.0182183461388716
0.27 0 0.36 0.9665966683286451
0.27 0 0.37 0.36410085008096577
0.27 0 0.38 0.1875911044207105
0.27 0 0.39 0.1682965760126299
0.27 0 0.4 0.23608564535471574
0.27 0 0.41000000000000003 0.43182680813613733
0.27 0 0.42 0.6409146017459971
0.27 0 0.43 1.064907298755655
0.27 0 0.44 0.6347395462480893
0.27 0 0.45 0.6674839442378342
0.27 0 0.46 1.2169588197694992
0.27 0 0.47000000000000003 1.6727179506077758
0.27 0 0.48 0.9668630868292086
0.27 0 0.49 0.44005714567221405
0.27 0 0.5 0.4580555986751912
0.28 0 0.0 0.7588438620191457
0.28 0 0.01 1.485590277287944
0.28 0 0.02 1.301564517214945
0.28 0 0.03 1.7650565951739294
0.28 0 0.04 2.1416074842223223
0.28 0 0.05 1.1858615245184305
0.28 0 0.06 0.655947010055019
0.28 0 0.07 0.9727712772962736
0.28 0 0.08 1.6562627626771491
0.28 0 0.09 1.4034869217382426
0.28 0 0.1 0.710055607661135
0.28 0 0.11 1.2017450388343647
0.28 0 0.12 0.7597028226350785
0.28 0 0.13 0.3861949726353601
0.28 0 0.14 0.5442801280136628
0.28 0 0.15 2.0685143529920103
0.28 0 0.16 1.2266114745181214
0.28 0 0.17 0.6407822947700704
0.28 0 0.18 0.8257115862587123
0.28 0 0.19 0.7742464567821763
0.28 0 0.2 0.5664108929851791
0.28 0 0.21 0.668409555777968
0.28 0 0.22 0.9912422087092105
0.28 0 0.23 1.0952972079259022
0.28 0 0.24 0.6721913838621667
0.28 0 0.25 0.5365112676067285
0.28 0 0.26 0.3961981582399094
0.28 0 0.27 0.40372855845612093
0.28 0 0.28 0.3468381284375017
0.28 0 0.29 0.2926631175133754
0.28 0 0.3 0.4534535744447619
0.28 0 0.31 0.22381722255005554
0.28 0 0.32 0.19257564132606136
0.28 0 0.33 0.5550702688878649
0.28 0 0.34 0.6883414805379615
0.28 0 0.35000000000000003 0.9794853349977837
0.28 0 0.36 0.8694532914717826
0.28 0 0.37 0.5578201416155636
0.28 0 0.38 0.31579189290285514
0.28 0 0.39 0.4335175408176196
0.28 0 0.4 0.5972476975292728
0.28 0 0.41000000000000003 0.5620863552404813
0.28 0 0.42 0.8916548078101402
0.28 0 0.43 0.5396103456296716
0.28 0 0.44 0.38322266568760144
0.28 0 0.45 0.5508803955680055
0.28 0 0.46 0.8297933629089652
0.28 0 0.47000000000000003 1.0486250794410947
0.28 0 0.48 2.1083430752572396
0.28 0 0.49 1.5711413328175612
0.28 0 0.5 0.6866087088620165
0.29 0 0.0 0.6876276629881627
0.29 0 0.01 0.7576294617593211
0.29 0 0.02 0.8612807958478005
0.29 0 0.03 1.5471748411886717
0.29 0 0.04 1.6129157773275105
0.29 0 0.05 1.305301035532954
0.29 0 0.06 1.2711365533961752
0.29 0 0.07 1.2044554199904547
0.29 0 0.08 0.8258245455774742
0.29 0 0.09 0.564633466218487
0.29 0 0.1 0.5844045515687417
0.29 0 0.11 0.8196083231773484
0.29 0 0.12 0.7780102406809825
0.29 0 0.13 0.8908203502221086
0.29 0 0.14 0.9995171768886694
0.29 0 0.15 0.8833297599124555
0.29 0 0.16 0.5877705856229049
0.29 0 0.17 0.8975078108281137
0.29 0 0.18 0.8631825312181622
0.29 0 0.19 0.559670417283438
0.29 0 0.2 0.4384238838673642
0.29 0 0.21 0.692328777964011
0.29 0 0.22 0.7512314066367177
0.29 0 0.23 0.35283483622316064
0.29 0 0.24 0.329787159820482
0.29 0 0.25 0.3008301071009785
0.29 0 0.26 0.18096614724305296
0.29 0 0.27 0.15850813689316845
0.29 0 0.28 0.1524248530388019
0.29 0 0.29 0.2602819029051667
0.29 0 0.3 0.44168941217491553
0.29 0 0.31 0.4435821805542035
0.29 0 0.32 0.4701136618267175
0.29 0 0.33 0.3220201844046554
0.29 0 0.34 0.5377064166928153
0.29 0 0.35000000000000003 0.9898351024548537
0.29 0 0.36 1.1576488411137613
0.29 0 0.37 0.6674428102774573
0.29 0 0.38 0.4891526891446505
0.29 0 0.39 0.5795461501675377
0.29 0 0.4 0.9213910717169641
0.29 0 0.41000000000000003 1.1029102938790647
0.29 0 0.42 1.1488785022427368
0.29 0 0.43 0.6007011627604792
0.29 0 0.44 0.5505448120015348
0.29 0 0.45 0.3686051280349181
0.29 0 0.46 0.6299924525702408
0.29 0 0.47000000000000003 0.6699365596944404
0.29 0 0.48 0.8886472229022503
0.29 0 0.49 1.0634136688181306
0.29 0 0.5 1.7370727972601265
0.3 0 0.0 0.7887581435505724
0.3 0 0.01 1.2204376654190245
0.3 0 0.02 1.1129801098628747
0.3 0 0.03 1.4377813769905645
0.3 0 0.04 1.069824162000464
0.3 0 0.05 0.5514639623317975
0.3 0 0.06 0.3864226538590843
0.3 0 0.07 0.8098827506804327
0.3 0 0.08 0.8053040605556963
0.3 0 0.09 0.7372824189768764
0.3 0 0.1 1.339419318062014
0.3 0 0.11 2.06656796201376
0.3 0 0.12 1.4855309485634078
0.3 0 0.13 2.1491207395460497
0.3 0 0.14 2.1476684795345617
0.3 0 0.15 1.2564848734475316
0.3 0 0.16 1.2345308761324225
0.3 0 0.17 1.3703812202103551
0.3 0 0.18 1.4294183978984005
0.3 0 0.19 0.9441568684304787
0.3 0 0.2 0.683321199984683
0.3 0 0.21 0.5711182567790827
0.3 0 0.22 0.7877123813854001
0.3 0 0.23 0.5096765297222828
0.3 0 0.24 0.3727287388932123
0.3 0 0.25 0.31839084296882386
0.3 0 0.26 0.39738308491643876
0.3 0 0.27 0.19079205819417128
0.3 0 0.28 0.21779189964664794
0.3 0 0.29 0.31678300778315666
0.3 0 0.3 0.18974293032692643
0.3 0 0.31 0.20114548164995716
0.3 0 0.32 0.3874214995470664
0.3 0 0.33 0.23940359009489665
0.3 0 0.34 0.1858233129175265
0.3 0 0.35000000000000003 0.25407238988243724
0.3 0 0.36 0.44812524254072517
0.3 0 0.37 0.5466317313938008
0.3 0 0.38 1.0532645887688543
0.3 0 0.39 0.9596508323084874
0.3 0 0.4 0.6626264544134737
0.3 0 0.41000000000000003 0.4311601018890531
0.3 0 0.42 0.318777474672907
0.3 0 0.43 0.26394621823415165
0.3 0 0.44 0.2640618729070275
0.3 0 0.45 0.31686563742032225
0.3 0 0.46 0.5561297912785604
0.3 0 0.47000000000000003 0.7448166007068416
0.3 0 0.48 0.7483102774921773
0.3 0 0.49 0.6964552835450208
0.3 0 0.5 1.2793920193575417
#STOP
