#MEDIUM_PROPERTIES_DISTRIBUTED
$MSH_TYPE
	 GROUNDWATER_FLOW	
$MMP_TYPE
	 PERMEABILITY	
$DIS_TYPE
	 NEAREST_VALUE	
;hj
$CONVERSION_FACTOR
2e-8;2e-6;2e-13
$DATA
0.0 0 0.0 4.516983325740521
0.0 0 0.01 3.973148298766207
0.0 0 0.02 4.431886041048526
0.0 0 0.03 4.214691130083084
0.0 0 0.04 3.2846073464649947
0.0 0 0.05 3.3269058007143957
0.0 0 0.06 3.348349590263533
0.0 0 0.07 3.479070444601669
0.0 0 0.08 3.8428394669814945
0.0 0 0.09 3.222432653887612
0.0 0 0.1 2.0584488888319665
0.0 0 0.11 1.3636616314742398
0.0 0 0.12 0.8528915380506401
0.0 0 0.13 0.7362022509335758
0.0 0 0.14 0.6457903951255429
0.0 0 0.15 0.651638285132039
0.0 0 0.16 0.4213449272318247
0.0 0 0.17 0.5218669544956834
0.0 0 0.18 0.6270598143421248
0.0 0 0.19 0.6228858546824073
0.0 0 0.2 0.6001982656723739
0.0 0 0.21 0.8721286976204258
0.0 0 0.22 0.8443352193760141
0.0 0 0.23 0.8004871873912289
0.0 0 0.24 0.7012853717937337
0.0 0 0.25 0.8748159540730787
0.0 0 0.26 0.8210400981559521
0.0 0 0.27 1.1407247089194588
0.0 0 0.28 1.0795836711284523
0.0 0 0.29 0.9736134452325717
0.0 0 0.3 0.8926650853638646
0.0 0 0.31 0.8686443525521444
0.0 0 0.32 0.8663909866471738
0.0 0 0.33 1.007718681953245
0.0 0 0.34 0.9441328126458421
0.0 0 0.35000000000000003 0.8882546436586286
0.0 0 0.36 1.02665599033531
0.0 0 0.37 1.3501129324120442
0.0 0 0.38 1.2227196087489332
0.0 0 0.39 1.2617228691632252
0.0 0 0.4 1.5064955296841154
0.0 0 0.41000000000000003 0.8996765041244957
0.0 0 0.42 0.5792502822519265
0.0 0 0.43 0.4543990552848036
0.0 0 0.44 0.45995252067859704
0.0 0 0.45 0.3337363834241176
0.0 0 0.46 0.2595874872167053
0.0 0 0.47000000000000003 0.16812072109783172
0.0 0 0.48 0.1289301365533598
0.0 0 0.49 0.1206439731974273
0.0 0 0.5 0.14594748477594813
0.01 0 0.0 2.720273909457806
0.01 0 0.01 2.6065488793574234
0.01 0 0.02 2.176720328659823
0.01 0 0.03 1.9653836771315913
0.01 0 0.04 2.346502305908506
0.01 0 0.05 2.5183045143279332
0.01 0 0.06 3.097589147133342
0.01 0 0.07 2.358300153883393
0.01 0 0.08 2.186085986957124
0.01 0 0.09 1.512591954468687
0.01 0 0.1 1.3635879800033275
0.01 0 0.11 0.9632636647041136
0.01 0 0.12 0.8508204579668716
0.01 0 0.13 0.6239729411576591
0.01 0 0.14 0.5061542016244956
0.01 0 0.15 0.42500853700889163
0.01 0 0.16 0.3443986154031319
0.01 0 0.17 0.1703312637688169
0.01 0 0.18 0.14454756570501803
0.01 0 0.19 0.15704278521136977
0.01 0 0.2 0.21794406085974338
0.01 0 0.21 0.2625401215777069
0.01 0 0.22 0.46020271296781284
0.01 0 0.23 0.8124113328334379
0.01 0 0.24 0.961547251292591
0.01 0 0.25 0.9394777822218581
0.01 0 0.26 0.7723986739494327
0.01 0 0.27 0.7305603542704039
0.01 0 0.28 0.7801864244322357
0.01 0 0.29 0.7497582229613712
0.01 0 0.3 0.6029042360937285
0.01 0 0.31 0.47462163890230147
0.01 0 0.32 0.38443001266849086
0.01 0 0.33 0.469563482664719
0.01 0 0.34 0.5563129647996663
0.01 0 0.35000000000000003 0.6915337928073791
0.01 0 0.36 0.4886985354406742
0.01 0 0.37 0.5699620781186618
0.01 0 0.38 0.6511274583334388
0.01 0 0.39 0.6815903665248456
0.01 0 0.4 0.5732003578416646
0.01 0 0.41000000000000003 0.6722366007917209
0.01 0 0.42 0.6578951377803489
0.01 0 0.43 0.6356267950523864
0.01 0 0.44 0.5177017310447668
0.01 0 0.45 0.6235958303550341
0.01 0 0.46 0.5207472581914577
0.01 0 0.47000000000000003 0.4963915090657993
0.01 0 0.48 0.30238780169711166
0.01 0 0.49 0.19818797326531679
0.01 0 0.5 0.14600992744124572
0.02 0 0.0 4.299992839123867
0.02 0 0.01 4.497502896760347
0.02 0 0.02 4.03391871564123
0.02 0 0.03 3.2058617182269264
0.02 0 0.04 1.7616959923535949
0.02 0 0.05 1.4242570939201642
0.02 0 0.06 1.0809695120134108
0.02 0 0.07 0.9531579495761425
0.02 0 0.08 1.028111664797949
0.02 0 0.09 1.0249000716093621
0.02 0 0.1 0.7505350151428377
0.02 0 0.11 0.6885927467605946
0.02 0 0.12 0.5651095065812285
0.02 0 0.13 0.5526313491915714
0.02 0 0.14 0.50747676672413
0.02 0 0.15 0.3511013429933734
0.02 0 0.16 0.2382505192704969
0.02 0 0.17 0.2048735779882758
0.02 0 0.18 0.23555291229007724
0.02 0 0.19 0.21858129310783334
0.02 0 0.2 0.3562502075866221
0.02 0 0.21 0.550569479585164
0.02 0 0.22 0.5459121434620592
0.02 0 0.23 0.4714980456408701
0.02 0 0.24 0.5518175869812143
0.02 0 0.25 0.46206352721059435
0.02 0 0.26 0.40953978566453264
0.02 0 0.27 0.3191633044741686
0.02 0 0.28 0.3123020866429928
0.02 0 0.29 0.21914199218989105
0.02 0 0.3 0.2687710160901117
0.02 0 0.31 0.2661129303453736
0.02 0 0.32 0.30359024963607256
0.02 0 0.33 0.32522825960184687
0.02 0 0.34 0.3611135327263517
0.02 0 0.35000000000000003 0.3931813229619216
0.02 0 0.36 0.6338738129845654
0.02 0 0.37 0.7177960941981785
0.02 0 0.38 0.7608010360627763
0.02 0 0.39 0.7271932814086257
0.02 0 0.4 0.7723241835341998
0.02 0 0.41000000000000003 0.4957715523577155
0.02 0 0.42 0.49100705628325864
0.02 0 0.43 0.6710294771169473
0.02 0 0.44 0.600663649533176
0.02 0 0.45 0.4605142294907533
0.02 0 0.46 0.37821852695594654
0.02 0 0.47000000000000003 0.32259893144263346
0.02 0 0.48 0.25743991975037245
0.02 0 0.49 0.22390944793183623
0.02 0 0.5 0.1667740278876355
0.03 0 0.0 9.952762156580556
0.03 0 0.01 7.261568888675512
0.03 0 0.02 4.968218273360641
0.03 0 0.03 4.670490527088876
0.03 0 0.04 4.418887535925264
0.03 0 0.05 2.94232049910558
0.03 0 0.06 1.83730870977683
0.03 0 0.07 1.1972659912697146
0.03 0 0.08 0.8318164469704533
0.03 0 0.09 0.856501652222303
0.03 0 0.1 0.7993008340109667
0.03 0 0.11 0.83047136849304
0.03 0 0.12 0.5348796177982672
0.03 0 0.13 0.43500569649855814
0.03 0 0.14 0.3813607366842793
0.03 0 0.15 0.5054850671913531
0.03 0 0.16 0.5300188535159245
0.03 0 0.17 0.49767986609491893
0.03 0 0.18 0.43375715258455033
0.03 0 0.19 0.4668378447871691
0.03 0 0.2 0.3277871725064211
0.03 0 0.21 0.3518952829037304
0.03 0 0.22 0.3577182262685215
0.03 0 0.23 0.42348306631892985
0.03 0 0.24 0.3196136855908662
0.03 0 0.25 0.3378235611973624
0.03 0 0.26 0.3956640720305751
0.03 0 0.27 0.49117661188482714
0.03 0 0.28 0.5633517617208339
0.03 0 0.29 0.5588710688927696
0.03 0 0.3 0.3858073846829123
0.03 0 0.31 0.29839488274529175
0.03 0 0.32 0.2736692102081336
0.03 0 0.33 0.3888394504707905
0.03 0 0.34 0.4973742183039962
0.03 0 0.35000000000000003 0.5064144353635741
0.03 0 0.36 0.5127003762112649
0.03 0 0.37 0.5821471546978256
0.03 0 0.38 0.8120076620907322
0.03 0 0.39 0.7059510565114284
0.03 0 0.4 0.7066371481603229
0.03 0 0.41000000000000003 0.6822675854042396
0.03 0 0.42 0.623165891888304
0.03 0 0.43 0.4901679461519314
0.03 0 0.44 0.5040785924029942
0.03 0 0.45 0.48101948160154095
0.03 0 0.46 0.4984078642435005
0.03 0 0.47000000000000003 0.43801718931263744
0.03 0 0.48 0.5037204473030084
0.03 0 0.49 0.31099133948989083
0.03 0 0.5 0.22834387702736034
0.04 0 0.0 5.033150173184096
0.04 0 0.01 5.291044231455046
0.04 0 0.02 6.81130828222928
0.04 0 0.03 4.690451016737414
0.04 0 0.04 4.687914693734172
0.04 0 0.05 3.549314771387249
0.04 0 0.06 2.5504430821833313
0.04 0 0.07 1.5301588173151972
0.04 0 0.08 1.5220210448689095
0.04 0 0.09 1.2269788645306328
0.04 0 0.1 1.109781160979132
0.04 0 0.11 1.2188170366114996
0.04 0 0.12 1.6334602279795993
0.04 0 0.13 1.5480356859579734
0.04 0 0.14 1.6907805070406854
0.04 0 0.15 1.2238938579479373
0.04 0 0.16 1.2756986358505489
0.04 0 0.17 1.3131183109942197
0.04 0 0.18 1.0697911191634693
0.04 0 0.19 0.6291483573204447
0.04 0 0.2 0.46631811574913307
0.04 0 0.21 0.38512225735749983
0.04 0 0.22 0.27245982420271164
0.04 0 0.23 0.2840548480021788
0.04 0 0.24 0.3437856103267852
0.04 0 0.25 0.2969593930991249
0.04 0 0.26 0.3026382147568584
0.04 0 0.27 0.3877871462850858
0.04 0 0.28 0.36369028215128973
0.04 0 0.29 0.3500163667138603
0.04 0 0.3 0.3587419893813572
0.04 0 0.31 0.49669984300655345
0.04 0 0.32 0.5319426296218309
0.04 0 0.33 0.87595808582809
0.04 0 0.34 1.1165974598185877
0.04 0 0.35000000000000003 1.5073316593558788
0.04 0 0.36 1.5272243408782855
0.04 0 0.37 1.1301186436716162
0.04 0 0.38 0.644864527572856
0.04 0 0.39 0.5857188173881183
0.04 0 0.4 0.40329032550710037
0.04 0 0.41000000000000003 0.34482785276888284
0.04 0 0.42 0.32920089763992294
0.04 0 0.43 0.4645132649077246
0.04 0 0.44 0.3527377249057071
0.04 0 0.45 0.3618055587551646
0.04 0 0.46 0.4216099371266716
0.04 0 0.47000000000000003 0.4468597514835013
0.04 0 0.48 0.4831209518550038
0.04 0 0.49 0.6124184248626235
0.04 0 0.5 0.5215276145997534
0.05 0 0.0 4.180992244694998
0.05 0 0.01 3.7141912290542387
0.05 0 0.02 3.3293590910809003
0.05 0 0.03 4.012271106525679
0.05 0 0.04 4.110122367718376
0.05 0 0.05 3.997321761382302
0.05 0 0.06 3.8243464784264822
0.05 0 0.07 4.3179539058326935
0.05 0 0.08 3.9404742395914543
0.05 0 0.09 5.021413857418418
0.05 0 0.1 5.45795179676569
0.05 0 0.11 4.079923642995361
0.05 0 0.12 2.51412219172217
0.05 0 0.13 1.6561617398400104
0.05 0 0.14 1.5668127760928456
0.05 0 0.15 1.2873837134874795
0.05 0 0.16 1.1582141195368916
0.05 0 0.17 0.9917359799880384
0.05 0 0.18 0.9813068196090882
0.05 0 0.19 0.7750202459762577
0.05 0 0.2 0.5028908331471267
0.05 0 0.21 0.3402422225610114
0.05 0 0.22 0.3574417386780573
0.05 0 0.23 0.26627808372060974
0.05 0 0.24 0.2354557132743797
0.05 0 0.25 0.17005309334946245
0.05 0 0.26 0.18025336800878744
0.05 0 0.27 0.16421861192063786
0.05 0 0.28 0.23699261996032753
0.05 0 0.29 0.2838423557797099
0.05 0 0.3 0.2848461958414493
0.05 0 0.31 0.29218587391855017
0.05 0 0.32 0.5090859222134817
0.05 0 0.33 0.7332589227099009
0.05 0 0.34 0.9349430698671078
0.05 0 0.35000000000000003 0.723221647629621
0.05 0 0.36 0.7180815577000855
0.05 0 0.37 0.6297373317097771
0.05 0 0.38 0.6160485260633923
0.05 0 0.39 0.57037400527865
0.05 0 0.4 0.6657869318351476
0.05 0 0.41000000000000003 0.9281900773800456
0.05 0 0.42 0.8854243064913458
0.05 0 0.43 0.6999466431361157
0.05 0 0.44 0.5885813157826301
0.05 0 0.45 0.519199937604987
0.05 0 0.46 0.5451388158653031
0.05 0 0.47000000000000003 0.7201159264522062
0.05 0 0.48 0.8173950254392903
0.05 0 0.49 0.7496702386932818
0.05 0 0.5 0.6380912737696003
0.06 0 0.0 2.358118965476027
0.06 0 0.01 2.790130044624015
0.06 0 0.02 3.3139946357959604
0.06 0 0.03 3.126294182545914
0.06 0 0.04 3.575391592414676
0.06 0 0.05 4.5608642456981086
0.06 0 0.06 3.8394965471842686
0.06 0 0.07 4.911968890791269
0.06 0 0.08 4.880823187993693
0.06 0 0.09 3.9029124598457
0.06 0 0.1 2.644779566552369
0.06 0 0.11 2.9728201553321947
0.06 0 0.12 2.7059192039662605
0.06 0 0.13 2.18396251352821
0.06 0 0.14 1.5488115099080078
0.06 0 0.15 1.3311449180252346
0.06 0 0.16 0.9873364980333117
0.06 0 0.17 1.041873999209099
0.06 0 0.18 0.6440905612772281
0.06 0 0.19 0.5549817147865194
0.06 0 0.2 0.450817679936402
0.06 0 0.21 0.3581588918857546
0.06 0 0.22 0.2238826122818844
0.06 0 0.23 0.21311320689801033
0.06 0 0.24 0.19654880283412077
0.06 0 0.25 0.15794967796129944
0.06 0 0.26 0.14759446779164406
0.06 0 0.27 0.1810507429337016
0.06 0 0.28 0.160432624111278
0.06 0 0.29 0.22213913304196772
0.06 0 0.3 0.35262547074121403
0.06 0 0.31 0.40492939386512816
0.06 0 0.32 0.3445583387547048
0.06 0 0.33 0.29234901822852244
0.06 0 0.34 0.3039431338249283
0.06 0 0.35000000000000003 0.2879022319207636
0.06 0 0.36 0.36101001262170956
0.06 0 0.37 0.36892297705640364
0.06 0 0.38 0.4020096866903184
0.06 0 0.39 0.41169989744317603
0.06 0 0.4 0.346755634662017
0.06 0 0.41000000000000003 0.2865760997136423
0.06 0 0.42 0.4100362062643899
0.06 0 0.43 0.3938960554087868
0.06 0 0.44 0.3542100252381858
0.06 0 0.45 0.3026129298209467
0.06 0 0.46 0.47050454878344194
0.06 0 0.47000000000000003 0.5486621645495365
0.06 0 0.48 0.926863226394875
0.06 0 0.49 1.137319359553414
0.06 0 0.5 0.868880194899323
0.07 0 0.0 2.4924313802990867
0.07 0 0.01 1.6500992827572387
0.07 0 0.02 1.68516825918788
0.07 0 0.03 1.697869980545751
0.07 0 0.04 1.8958021247995682
0.07 0 0.05 1.7351543562992067
0.07 0 0.06 1.988116519026978
0.07 0 0.07 1.9473435326409338
0.07 0 0.08 2.288582891993714
0.07 0 0.09 2.652955717619436
0.07 0 0.1 3.2704752050120685
0.07 0 0.11 1.9199904961134922
0.07 0 0.12 1.4878636975763104
0.07 0 0.13 1.1824722794563256
0.07 0 0.14 1.044005023025504
0.07 0 0.15 0.823013934051191
0.07 0 0.16 0.7644193960621691
0.07 0 0.17 0.7724672173329891
0.07 0 0.18 0.671861024523425
0.07 0 0.19 0.5316038467450969
0.07 0 0.2 0.4647283678794905
0.07 0 0.21 0.4972315596355716
0.07 0 0.22 0.5965008675085443
0.07 0 0.23 0.4932970937513907
0.07 0 0.24 0.3510640333689493
0.07 0 0.25 0.3360001442593979
0.07 0 0.26 0.30144628209831437
0.07 0 0.27 0.37159779657500386
0.07 0 0.28 0.40232253920050615
0.07 0 0.29 0.4580141450643397
0.07 0 0.3 0.3495003440204245
0.07 0 0.31 0.43206906081269725
0.07 0 0.32 0.5598309864167396
0.07 0 0.33 0.5348890474705792
0.07 0 0.34 0.35512655288951617
0.07 0 0.35000000000000003 0.3435010795709224
0.07 0 0.36 0.3077699802040528
0.07 0 0.37 0.35154893972602724
0.07 0 0.38 0.2653736533927047
0.07 0 0.39 0.25247470898367314
0.07 0 0.4 0.1961623456446667
0.07 0 0.41000000000000003 0.21629636331674248
0.07 0 0.42 0.21940070863867847
0.07 0 0.43 0.28230243151488543
0.07 0 0.44 0.3787774775075786
0.07 0 0.45 0.40773547026520907
0.07 0 0.46 0.33161495123734236
0.07 0 0.47000000000000003 0.3249657956634019
0.07 0 0.48 0.256690918911299
0.07 0 0.49 0.24599535678558698
0.07 0 0.5 0.31522105508267523
0.08 0 0.0 3.3951265870737504
0.08 0 0.01 3.088873733126275
0.08 0 0.02 1.655985660849017
0.08 0 0.03 1.1246437820971442
0.08 0 0.04 1.0689858650272706
0.08 0 0.05 1.4261923108596355
0.08 0 0.06 1.5384758593215995
0.08 0 0.07 2.0357398832723947
0.08 0 0.08 2.0437524928730215
0.08 0 0.09 1.279109477209975
0.08 0 0.1 1.2215457706486867
0.08 0 0.11 1.3629456211067963
0.08 0 0.12 1.2454103264257428
0.08 0 0.13 0.8672973354253827
0.08 0 0.14 0.742033908123455
0.08 0 0.15 0.6757422102326964
0.08 0 0.16 0.7225017142974756
0.08 0 0.17 0.7588835450503107
0.08 0 0.18 0.7421901887085967
0.08 0 0.19 0.5180911033987464
0.08 0 0.2 0.5093210623380923
0.08 0 0.21 0.3753195566203615
0.08 0 0.22 0.4928586449386007
0.08 0 0.23 0.6396017415239866
0.08 0 0.24 0.738298276903453
0.08 0 0.25 0.5606955268538992
0.08 0 0.26 0.6007603129748692
0.08 0 0.27 0.5837840076123052
0.08 0 0.28 0.6063048777625566
0.08 0 0.29 0.7409760783652325
0.08 0 0.3 1.2212840630296777
0.08 0 0.31 0.973580951605133
0.08 0 0.32 0.9193380369679411
0.08 0 0.33 0.7957583459598994
0.08 0 0.34 0.7137707858212206
0.08 0 0.35000000000000003 0.5661187015917638
0.08 0 0.36 0.5341135108812909
0.08 0 0.37 0.5076530875380401
0.08 0 0.38 0.438776662654983
0.08 0 0.39 0.3905800426383347
0.08 0 0.4 0.33821394251349135
0.08 0 0.41000000000000003 0.34121118623448526
0.08 0 0.42 0.4232198029285935
0.08 0 0.43 0.3670000092702239
0.08 0 0.44 0.2799978781630917
0.08 0 0.45 0.3139339358725425
0.08 0 0.46 0.3251844742372034
0.08 0 0.47000000000000003 0.4276121456206817
0.08 0 0.48 0.5887199400824721
0.08 0 0.49 0.9632137670797246
0.08 0 0.5 0.8215562903357645
0.09 0 0.0 1.6043973575254245
0.09 0 0.01 1.9895059563673514
0.09 0 0.02 2.2860957446665116
0.09 0 0.03 3.07674129575387
0.09 0 0.04 2.569715477628649
0.09 0 0.05 2.4330733108836227
0.09 0 0.06 1.8983642514743202
0.09 0 0.07 1.4048922078802153
0.09 0 0.08 0.9769907401808633
0.09 0 0.09 0.9925509920292571
0.09 0 0.1 0.8478342904440688
0.09 0 0.11 0.7901325561641832
0.09 0 0.12 0.7987070726149244
0.09 0 0.13 1.1075327429108848
0.09 0 0.14 0.6935232774939585
0.09 0 0.15 0.5199882317233038
0.09 0 0.16 0.3566108468527528
0.09 0 0.17 0.30743035365505755
0.09 0 0.18 0.24314261367026138
0.09 0 0.19 0.2621458788907443
0.09 0 0.2 0.3033953113436542
0.09 0 0.21 0.4304661219032201
0.09 0 0.22 0.5772455042966524
0.09 0 0.23 0.7790083853484231
0.09 0 0.24 0.8031528607176864
0.09 0 0.25 1.0036543850295905
0.09 0 0.26 0.9484553101280938
0.09 0 0.27 1.0170946939222916
0.09 0 0.28 1.1594949287855933
0.09 0 0.29 0.9610715811801351
0.09 0 0.3 0.8298493020903975
0.09 0 0.31 0.8915927896969128
0.09 0 0.32 1.07365113139295
0.09 0 0.33 0.784431225313071
0.09 0 0.34 0.7005350168270904
0.09 0 0.35000000000000003 0.8785149809208623
0.09 0 0.36 1.129140030641002
0.09 0 0.37 1.2512415151152403
0.09 0 0.38 1.5252570184782572
0.09 0 0.39 1.2458588892290536
0.09 0 0.4 1.2350362395450176
0.09 0 0.41000000000000003 0.9841873392134348
0.09 0 0.42 1.047448261353623
0.09 0 0.43 0.8490293628005288
0.09 0 0.44 0.9601819574924287
0.09 0 0.45 0.9420272314236982
0.09 0 0.46 1.1846656864212546
0.09 0 0.47000000000000003 1.4403735954064123
0.09 0 0.48 1.5464631826214805
0.09 0 0.49 1.3498864415723433
0.09 0 0.5 1.944864817315736
0.1 0 0.0 1.7772765715678005
0.1 0 0.01 1.9897564992603718
0.1 0 0.02 2.0589943763377683
0.1 0 0.03 1.7076862681500966
0.1 0 0.04 1.619904157114821
0.1 0 0.05 1.0561823565143644
0.1 0 0.06 0.9882519246913344
0.1 0 0.07 0.8604780498128598
0.1 0 0.08 0.8079603334767288
0.1 0 0.09 0.5695095932400569
0.1 0 0.1 0.8100096113116573
0.1 0 0.11 1.123932818088217
0.1 0 0.12 0.960283307890808
0.1 0 0.13 0.6887355428018934
0.1 0 0.14 0.5331694049260782
0.1 0 0.15 0.39439298139834084
0.1 0 0.16 0.3555975222097895
0.1 0 0.17 0.36930662704551626
0.1 0 0.18 0.41125710831564366
0.1 0 0.19 0.41506255648874213
0.1 0 0.2 0.4273898375770242
0.1 0 0.21 0.41627358437320083
0.1 0 0.22 0.37127104994987514
0.1 0 0.23 0.4739603336345301
0.1 0 0.24 0.48799260153971374
0.1 0 0.25 0.7280337498943501
0.1 0 0.26 0.9480589662620339
0.1 0 0.27 1.0304138383273418
0.1 0 0.28 0.9107473867134225
0.1 0 0.29 1.250364324192621
0.1 0 0.3 1.4228950664721645
0.1 0 0.31 1.348354531017815
0.1 0 0.32 1.1998063175679996
0.1 0 0.33 1.6740745596201252
0.1 0 0.34 1.4169901355413597
0.1 0 0.35000000000000003 1.6860325911386485
0.1 0 0.36 1.714544991135486
0.1 0 0.37 1.8851159418874455
0.1 0 0.38 1.5373757331623565
0.1 0 0.39 1.4841538279603634
0.1 0 0.4 1.4957711415562425
0.1 0 0.41000000000000003 1.9479552213958893
0.1 0 0.42 2.392734035293568
0.1 0 0.43 2.487271769278585
0.1 0 0.44 1.8291958603756409
0.1 0 0.45 1.7142072183604504
0.1 0 0.46 1.4065292365674258
0.1 0 0.47000000000000003 1.6615030240858841
0.1 0 0.48 2.4842977077773867
0.1 0 0.49 2.7329836446715845
0.1 0 0.5 2.7369529247931235
0.11 0 0.0 1.689666816674175
0.11 0 0.01 1.848508870207716
0.11 0 0.02 1.728456008202812
0.11 0 0.03 2.053642191297585
0.11 0 0.04 2.14725218318729
0.11 0 0.05 1.9652234061554792
0.11 0 0.06 1.93275069914843
0.11 0 0.07 1.5462853073537948
0.11 0 0.08 1.4441457275695309
0.11 0 0.09 1.2686364842128024
0.11 0 0.1 0.8360899978997324
0.11 0 0.11 0.5613972589125819
0.11 0 0.12 0.5897377361921093
0.11 0 0.13 0.5431831275258703
0.11 0 0.14 0.40727185583888353
0.11 0 0.15 0.31922278910603
0.11 0 0.16 0.4173303212023273
0.11 0 0.17 0.34491830320419725
0.11 0 0.18 0.4007633783722206
0.11 0 0.19 0.4268533949535532
0.11 0 0.2 0.5237918122812121
0.11 0 0.21 0.5269470037637786
0.11 0 0.22 0.5828067431486476
0.11 0 0.23 0.47415488276368634
0.11 0 0.24 0.4762422126533916
0.11 0 0.25 0.5455474857944578
0.11 0 0.26 0.8538084048924293
0.11 0 0.27 0.8603473977513697
0.11 0 0.28 0.876650883089249
0.11 0 0.29 0.5423947084003076
0.11 0 0.3 0.5829012136580438
0.11 0 0.31 0.9523452654603888
0.11 0 0.32 1.2474909324894372
0.11 0 0.33 1.0040437649267697
0.11 0 0.34 0.9431232482784293
0.11 0 0.35000000000000003 1.0798365276524242
0.11 0 0.36 1.121916619994215
0.11 0 0.37 1.248342948451679
0.11 0 0.38 1.6645879104089587
0.11 0 0.39 1.5691395202179534
0.11 0 0.4 1.4074723008469434
0.11 0 0.41000000000000003 1.4385586233846996
0.11 0 0.42 1.171294023773585
0.11 0 0.43 1.1710893405151985
0.11 0 0.44 1.0635329945478065
0.11 0 0.45 1.1380072925027498
0.11 0 0.46 0.9257275934211101
0.11 0 0.47000000000000003 1.020392980229546
0.11 0 0.48 1.1477441139775828
0.11 0 0.49 1.9625164189880666
0.11 0 0.5 3.3452637950557187
0.12 0 0.0 1.778137350367714
0.12 0 0.01 2.352360749981261
0.12 0 0.02 2.120404216064651
0.12 0 0.03 2.0189610018507076
0.12 0 0.04 1.9549490098822284
0.12 0 0.05 2.0735197442927813
0.12 0 0.06 1.8601682140093463
0.12 0 0.07 1.5382451062284654
0.12 0 0.08 0.7663356509678222
0.12 0 0.09 0.6852958898634586
0.12 0 0.1 0.7837478359696571
0.12 0 0.11 1.1123883079497308
0.12 0 0.12 0.7938822252444101
0.12 0 0.13 0.7408988152339834
0.12 0 0.14 0.5987165073764175
0.12 0 0.15 0.4520999763998597
0.12 0 0.16 0.35891060368998035
0.12 0 0.17 0.38903918359625944
0.12 0 0.18 0.35349217267161775
0.12 0 0.19 0.3901629299996504
0.12 0 0.2 0.4145033971194192
0.12 0 0.21 0.5794553675299735
0.12 0 0.22 0.6867237769126727
0.12 0 0.23 0.9024318836389145
0.12 0 0.24 0.9394121994925229
0.12 0 0.25 0.8489691275475407
0.12 0 0.26 0.7832160353846331
0.12 0 0.27 0.5898683871391779
0.12 0 0.28 0.5879325370238281
0.12 0 0.29 0.6249132412501319
0.12 0 0.3 0.5530044644202987
0.12 0 0.31 0.4599654071944106
0.12 0 0.32 0.5539486900412387
0.12 0 0.33 0.6256341609367713
0.12 0 0.34 0.5591897779832318
0.12 0 0.35000000000000003 0.4471799347611197
0.12 0 0.36 0.5377447790913228
0.12 0 0.37 0.40813578962772856
0.12 0 0.38 0.39266554886341615
0.12 0 0.39 0.32452623639067374
0.12 0 0.4 0.3598655321299639
0.12 0 0.41000000000000003 0.36195933208341513
0.12 0 0.42 0.4651027112538525
0.12 0 0.43 0.5474268840554912
0.12 0 0.44 0.7859355622775503
0.12 0 0.45 1.008541418917331
0.12 0 0.46 1.4423065244474655
0.12 0 0.47000000000000003 1.399578304285066
0.12 0 0.48 1.5813334225357996
0.12 0 0.49 1.186204148247799
0.12 0 0.5 1.4391134098332126
0.13 0 0.0 6.167372274750132
0.13 0 0.01 5.901792729969585
0.13 0 0.02 5.703782922524393
0.13 0 0.03 3.424020431418575
0.13 0 0.04 2.2093563925629605
0.13 0 0.05 1.2674439870483216
0.13 0 0.06 1.322310345922808
0.13 0 0.07 1.3348561477233516
0.13 0 0.08 1.3374095143930311
0.13 0 0.09 1.1048999862582303
0.13 0 0.1 0.744659109654903
0.13 0 0.11 0.6070277307888575
0.13 0 0.12 0.7046572879459205
0.13 0 0.13 0.5453607231331796
0.13 0 0.14 0.4066677201457161
0.13 0 0.15 0.40079201459021707
0.13 0 0.16 0.4333915133467768
0.13 0 0.17 0.39751382348355707
0.13 0 0.18 0.44709564450552947
0.13 0 0.19 0.749001793769418
0.13 0 0.2 0.8205700502934306
0.13 0 0.21 1.0637426675679547
0.13 0 0.22 1.10490537043229
0.13 0 0.23 1.011851914146434
0.13 0 0.24 0.8345829007553005
0.13 0 0.25 0.8690543771096605
0.13 0 0.26 0.6873372504178513
0.13 0 0.27 0.5254434396454063
0.13 0 0.28 0.34776571587401145
0.13 0 0.29 0.3676225951700395
0.13 0 0.3 0.43889708022929513
0.13 0 0.31 0.8536857001856956
0.13 0 0.32 0.7513810811032432
0.13 0 0.33 0.6705929817250651
0.13 0 0.34 0.6505364310388244
0.13 0 0.35000000000000003 0.6422783829889175
0.13 0 0.36 0.4764815315212724
0.13 0 0.37 0.5090931440732803
0.13 0 0.38 0.5271555895413996
0.13 0 0.39 0.4994333101368516
0.13 0 0.4 0.4656921904003437
0.13 0 0.41000000000000003 0.6546624383756867
0.13 0 0.42 0.6479313148947126
0.13 0 0.43 0.7885529083681168
0.13 0 0.44 1.0306988267396053
0.13 0 0.45 1.0608689101027924
0.13 0 0.46 0.9659414399196845
0.13 0 0.47000000000000003 0.7899579805906295
0.13 0 0.48 0.7757336572297174
0.13 0 0.49 0.8641190716148635
0.13 0 0.5 1.1975608215339602
0.14 0 0.0 2.4871605611502283
0.14 0 0.01 2.319124349675823
0.14 0 0.02 2.0120421172935896
0.14 0 0.03 1.4604023799512158
0.14 0 0.04 1.2939629039143377
0.14 0 0.05 1.2466096254205494
0.14 0 0.06 1.236008553985418
0.14 0 0.07 1.118841994669944
0.14 0 0.08 0.9221739915987679
0.14 0 0.09 0.8733942048523511
0.14 0 0.1 0.9766491623043686
0.14 0 0.11 0.7163424975726949
0.14 0 0.12 0.6556585790297358
0.14 0 0.13 0.6331357760396696
0.14 0 0.14 0.8676543713110649
0.14 0 0.15 0.794506857386279
0.14 0 0.16 0.9682914904175707
0.14 0 0.17 0.9650237337973578
0.14 0 0.18 0.8909192788687375
0.14 0 0.19 0.8487177190019872
0.14 0 0.2 1.218409587873428
0.14 0 0.21 1.297660706990316
0.14 0 0.22 1.4031975343711276
0.14 0 0.23 1.0686726170758383
0.14 0 0.24 1.056328162441055
0.14 0 0.25 0.742324411595588
0.14 0 0.26 0.6407891173375627
0.14 0 0.27 0.4992177590567631
0.14 0 0.28 0.4890373202772764
0.14 0 0.29 0.494565096000904
0.14 0 0.3 0.45395418741386906
0.14 0 0.31 0.44787103449306226
0.14 0 0.32 0.5388007364328157
0.14 0 0.33 0.5089604899361505
0.14 0 0.34 0.4964383361741198
0.14 0 0.35000000000000003 0.5829639373424444
0.14 0 0.36 0.7864161655446705
0.14 0 0.37 0.8355932235020759
0.14 0 0.38 0.8152477733447429
0.14 0 0.39 1.02505682651867
0.14 0 0.4 0.8731995326673628
0.14 0 0.41000000000000003 0.8294867113461485
0.14 0 0.42 0.7037127663597728
0.14 0 0.43 0.7338608610119115
0.14 0 0.44 0.7034969521193994
0.14 0 0.45 0.8617605587772819
0.14 0 0.46 1.0186038276568434
0.14 0 0.47000000000000003 1.1596059714909508
0.14 0 0.48 0.8336430058397167
0.14 0 0.49 0.6825451967417299
0.14 0 0.5 0.5401413021437502
0.15 0 0.0 1.748542812109651
0.15 0 0.01 1.6725111526401681
0.15 0 0.02 1.6093584146036835
0.15 0 0.03 1.7921315882117275
0.15 0 0.04 1.160308246480686
0.15 0 0.05 0.9935980355899352
0.15 0 0.06 0.7939673606235955
0.15 0 0.07 0.881661445862872
0.15 0 0.08 0.7172235385920411
0.15 0 0.09 0.7322002584356664
0.15 0 0.1 0.5892695809979268
0.15 0 0.11 0.6724093622565152
0.15 0 0.12 0.8150878680347268
0.15 0 0.13 0.88908929691551
0.15 0 0.14 0.9165718155885069
0.15 0 0.15 1.4203061117291194
0.15 0 0.16 1.274728334978388
0.15 0 0.17 1.1729586466517827
0.15 0 0.18 1.2142065622198097
0.15 0 0.19 1.570836269623032
0.15 0 0.2 1.572642310245114
0.15 0 0.21 1.8385243842220518
0.15 0 0.22 2.002647819060096
0.15 0 0.23 1.346061235910337
0.15 0 0.24 1.2106936949767442
0.15 0 0.25 1.444487507554979
0.15 0 0.26 1.4210649213766364
0.15 0 0.27 0.9865332904872339
0.15 0 0.28 0.5856042892932
0.15 0 0.29 0.3637654864367371
0.15 0 0.3 0.35862261971905457
0.15 0 0.31 0.38609494501174857
0.15 0 0.32 0.4459456611730423
0.15 0 0.33 0.43743184247449896
0.15 0 0.34 0.7281570767971624
0.15 0 0.35000000000000003 0.7260089372625623
0.15 0 0.36 0.8186990583773921
0.15 0 0.37 0.9206002032313654
0.15 0 0.38 0.9091831959331944
0.15 0 0.39 0.6083971016633584
0.15 0 0.4 0.6086168147213378
0.15 0 0.41000000000000003 0.5539338236721083
0.15 0 0.42 0.5497634118220301
0.15 0 0.43 0.5911994574049321
0.15 0 0.44 1.0852707233554304
0.15 0 0.45 1.0293241837635383
0.15 0 0.46 0.9939749657428142
0.15 0 0.47000000000000003 0.9044617470883869
0.15 0 0.48 0.9694416872353433
0.15 0 0.49 1.0910191120613963
0.15 0 0.5 1.1509478754113087
0.16 0 0.0 0.9458027085823173
0.16 0 0.01 0.8384619908565313
0.16 0 0.02 0.7595699617481998
0.16 0 0.03 0.6249412102488563
0.16 0 0.04 0.8401718336492482
0.16 0 0.05 1.1901517950738578
0.16 0 0.06 1.2963059855177412
0.16 0 0.07 1.1262401188550664
0.16 0 0.08 1.2375358470196032
0.16 0 0.09 1.5037806053790916
0.16 0 0.1 2.0218965007304335
0.16 0 0.11 1.8378307550760198
0.16 0 0.12 1.7579109926764662
0.16 0 0.13 1.9581383732453677
0.16 0 0.14 2.049316869846877
0.16 0 0.15 2.3667994953365064
0.16 0 0.16 2.3126020845769824
0.16 0 0.17 2.2660060847776893
0.16 0 0.18 1.5215668538420912
0.16 0 0.19 1.3944604164225398
0.16 0 0.2 1.3666186120499864
0.16 0 0.21 1.2230105527783182
0.16 0 0.22 0.9980289407538427
0.16 0 0.23 1.1056016294646205
0.16 0 0.24 0.9694391206961219
0.16 0 0.25 0.9967935334782874
0.16 0 0.26 0.9021253631708018
0.16 0 0.27 1.285921908022084
0.16 0 0.28 1.0727189856244015
0.16 0 0.29 0.8195453742973082
0.16 0 0.3 0.46785371148121907
0.16 0 0.31 0.4094752200852747
0.16 0 0.32 0.44725345412676365
0.16 0 0.33 0.5446988882114503
0.16 0 0.34 0.548000462671112
0.16 0 0.35000000000000003 0.6369398365504141
0.16 0 0.36 0.517896667074759
0.16 0 0.37 0.4929092430328497
0.16 0 0.38 0.49953807101490405
0.16 0 0.39 0.7299015020598367
0.16 0 0.4 0.8125383341774768
0.16 0 0.41000000000000003 0.8712901066220616
0.16 0 0.42 1.0116784900915765
0.16 0 0.43 0.9174432623730706
0.16 0 0.44 0.9311656750797693
0.16 0 0.45 1.176623072009137
0.16 0 0.46 1.6466219219851512
0.16 0 0.47000000000000003 1.6940554162706345
0.16 0 0.48 1.5752023582543702
0.16 0 0.49 1.834314925536641
0.16 0 0.5 2.7743786358846245
0.17 0 0.0 1.0395019288356762
0.17 0 0.01 1.0641889347980227
0.17 0 0.02 1.4084040721502349
0.17 0 0.03 1.6079393185344761
0.17 0 0.04 1.184048342620066
0.17 0 0.05 1.0998742940147253
0.17 0 0.06 1.3546848915243201
0.17 0 0.07 1.0771641214898413
0.17 0 0.08 0.9011389002457785
0.17 0 0.09 0.6684347600982071
0.17 0 0.1 0.8133225839584795
0.17 0 0.11 1.0500290835359543
0.17 0 0.12 1.7466704704624938
0.17 0 0.13 1.9489285674199717
0.17 0 0.14 2.6247065385653516
0.17 0 0.15 3.269068208044479
0.17 0 0.16 3.1627233719476946
0.17 0 0.17 2.353196016870405
0.17 0 0.18 2.7770334127800753
0.17 0 0.19 2.0147196250818618
0.17 0 0.2 1.7374846889577074
0.17 0 0.21 1.3371487345096305
0.17 0 0.22 1.1299268160107379
0.17 0 0.23 0.742066053390181
0.17 0 0.24 0.948801322417382
0.17 0 0.25 1.4228411473183618
0.17 0 0.26 1.3668653882016712
0.17 0 0.27 1.0663689385374049
0.17 0 0.28 1.0530949786704908
0.17 0 0.29 0.977607501869118
0.17 0 0.3 1.0311716032606382
0.17 0 0.31 0.8433816703620094
0.17 0 0.32 0.6939941165230555
0.17 0 0.33 0.7862943944162276
0.17 0 0.34 1.1147726536584948
0.17 0 0.35000000000000003 1.4517702671107375
0.17 0 0.36 1.5049122483507786
0.17 0 0.37 2.094314185910154
0.17 0 0.38 1.8774114547145242
0.17 0 0.39 1.9305531909808693
0.17 0 0.4 2.2793166933759563
0.17 0 0.41000000000000003 2.310827403156781
0.17 0 0.42 1.7679865725229118
0.17 0 0.43 2.0933606842933443
0.17 0 0.44 2.0786573478674044
0.17 0 0.45 1.8596160779401962
0.17 0 0.46 1.537195028638848
0.17 0 0.47000000000000003 2.419539131525255
0.17 0 0.48 2.3101432473511707
0.17 0 0.49 2.306765869206586
0.17 0 0.5 1.6414424416654596
0.18 0 0.0 0.8127596068300941
0.18 0 0.01 1.0858054357017273
0.18 0 0.02 1.0030158695408173
0.18 0 0.03 1.5035088854929428
0.18 0 0.04 1.8995900441212776
0.18 0 0.05 2.116281294245641
0.18 0 0.06 1.388238653856041
0.18 0 0.07 1.3249656715582379
0.18 0 0.08 1.5323725619029065
0.18 0 0.09 1.7912230020974589
0.18 0 0.1 1.3940386339334851
0.18 0 0.11 1.1279071962405756
0.18 0 0.12 0.7598002558739815
0.18 0 0.13 0.799763875051082
0.18 0 0.14 0.7539659938317739
0.18 0 0.15 0.9215938002980293
0.18 0 0.16 0.981978098152076
0.18 0 0.17 0.9167607428312987
0.18 0 0.18 0.810073109616468
0.18 0 0.19 0.8225042105415178
0.18 0 0.2 0.9496917321616046
0.18 0 0.21 0.867106725177006
0.18 0 0.22 0.8213987996555351
0.18 0 0.23 0.8824952249583985
0.18 0 0.24 0.7854679005976105
0.18 0 0.25 0.7334867191376223
0.18 0 0.26 1.0005763657462619
0.18 0 0.27 1.2030775715232491
0.18 0 0.28 1.271530788284279
0.18 0 0.29 0.9829562629134118
0.18 0 0.3 1.1655628624345684
0.18 0 0.31 1.0780475725063374
0.18 0 0.32 1.1936378612313283
0.18 0 0.33 1.0763052833557998
0.18 0 0.34 1.1513942554002599
0.18 0 0.35000000000000003 1.1385470249436027
0.18 0 0.36 1.1608172292747851
0.18 0 0.37 0.9825838143379041
0.18 0 0.38 1.298256497337249
0.18 0 0.39 1.4683124970921035
0.18 0 0.4 2.077194403145182
0.18 0 0.41000000000000003 2.222883519886341
0.18 0 0.42 2.9355878686599524
0.18 0 0.43 2.42598620544689
0.18 0 0.44 2.3582377917555504
0.18 0 0.45 2.8619353519615194
0.18 0 0.46 3.0651403496298473
0.18 0 0.47000000000000003 2.3518762625506557
0.18 0 0.48 2.046608244798235
0.18 0 0.49 1.8757559377255688
0.18 0 0.5 1.7376355014127507
0.19 0 0.0 1.9303197695132175
0.19 0 0.01 1.6602715444035332
0.19 0 0.02 1.809412095614855
0.19 0 0.03 1.5210378210989846
0.19 0 0.04 1.3172942987024776
0.19 0 0.05 1.4908548567528546
0.19 0 0.06 1.969857536682007
0.19 0 0.07 1.4944874830742958
0.19 0 0.08 1.35031454772632
0.19 0 0.09 1.3097323881474716
0.19 0 0.1 0.9985255034293135
0.19 0 0.11 0.7512518155581017
0.19 0 0.12 0.4886000374782244
0.19 0 0.13 0.43715806340685887
0.19 0 0.14 0.5082019072861478
0.19 0 0.15 0.7796642745698497
0.19 0 0.16 0.8727143841258613
0.19 0 0.17 1.0166238518748283
0.19 0 0.18 1.130145227967921
0.19 0 0.19 1.0703168276879673
0.19 0 0.2 0.9006405383882414
0.19 0 0.21 1.124595410123893
0.19 0 0.22 0.7697334985338576
0.19 0 0.23 0.684855152154666
0.19 0 0.24 0.6675092377815502
0.19 0 0.25 0.7777227865480664
0.19 0 0.26 0.5321583452081282
0.19 0 0.27 0.5550698147617902
0.19 0 0.28 0.6833539754191633
0.19 0 0.29 0.8187781437688877
0.19 0 0.3 0.8080509457502608
0.19 0 0.31 0.8865249994660002
0.19 0 0.32 0.6906645457836079
0.19 0 0.33 0.7652205682433247
0.19 0 0.34 0.7123826061541402
0.19 0 0.35000000000000003 0.7677003325982857
0.19 0 0.36 0.8405231821947927
0.19 0 0.37 1.0242733737309748
0.19 0 0.38 0.9710876236381567
0.19 0 0.39 0.8809644492460269
0.19 0 0.4 0.943252292245159
0.19 0 0.41000000000000003 0.7086498880531753
0.19 0 0.42 0.5596489969239955
0.19 0 0.43 0.6149472099324746
0.19 0 0.44 0.542922648090431
0.19 0 0.45 0.415320467295982
0.19 0 0.46 0.5376348573213438
0.19 0 0.47000000000000003 0.8188455874792394
0.19 0 0.48 1.1342512197231878
0.19 0 0.49 1.1103712358641398
0.19 0 0.5 1.4836683963855057
0.2 0 0.0 4.678210783585118
0.2 0 0.01 5.22595419263662
0.2 0 0.02 4.862847927011632
0.2 0 0.03 4.941350141386422
0.2 0 0.04 6.6834929688575695
0.2 0 0.05 4.731233472076406
0.2 0 0.06 3.5312421405854875
0.2 0 0.07 2.700161762533163
0.2 0 0.08 2.7035732284966874
0.2 0 0.09 1.924125781612874
0.2 0 0.1 1.46907657572692
0.2 0 0.11 0.9437230772706666
0.2 0 0.12 0.656608956413769
0.2 0 0.13 0.5199700357271847
0.2 0 0.14 0.7715822082310316
0.2 0 0.15 0.9433428658936207
0.2 0 0.16 1.417543210772108
0.2 0 0.17 1.3064697980310402
0.2 0 0.18 1.475663480569774
0.2 0 0.19 1.5427980463099997
0.2 0 0.2 1.9186506887469166
0.2 0 0.21 2.1434747091990833
0.2 0 0.22 2.7573770724479827
0.2 0 0.23 2.886045885947717
0.2 0 0.24 2.027569235868432
0.2 0 0.25 1.181216204585687
0.2 0 0.26 1.080416216442278
0.2 0 0.27 0.7821937077374198
0.2 0 0.28 0.54425804567728
0.2 0 0.29 0.4228235124110993
0.2 0 0.3 0.36235800376934263
0.2 0 0.31 0.3345513494464493
0.2 0 0.32 0.327358235170096
0.2 0 0.33 0.4486432513334473
0.2 0 0.34 0.4450525576350017
0.2 0 0.35000000000000003 0.4478341034938998
0.2 0 0.36 0.41723880692486937
0.2 0 0.37 0.45203283516968706
0.2 0 0.38 0.517198261002886
0.2 0 0.39 0.6039749111747524
0.2 0 0.4 0.5007171566644377
0.2 0 0.41000000000000003 0.4902008830060626
0.2 0 0.42 0.3318501070903573
0.2 0 0.43 0.27497486921903846
0.2 0 0.44 0.22138358360640129
0.2 0 0.45 0.32286520260966295
0.2 0 0.46 0.29072316074707827
0.2 0 0.47000000000000003 0.26233138436057646
0.2 0 0.48 0.28320927090778936
0.2 0 0.49 0.37740623429283693
0.2 0 0.5 0.415028839253584
0.21 0 0.0 6.869279819154854
0.21 0 0.01 7.011199917339579
0.21 0 0.02 6.138895508937492
0.21 0 0.03 4.568870810531073
0.21 0 0.04 3.4608229465876934
0.21 0 0.05 4.631646498348706
0.21 0 0.06 4.373299323906942
0.21 0 0.07 3.4758625997226615
0.21 0 0.08 2.585542680458188
0.21 0 0.09 2.8845630390491555
0.21 0 0.1 2.249618901764082
0.21 0 0.11 2.411805933185838
0.21 0 0.12 2.2011561688503973
0.21 0 0.13 1.8673296575465363
0.21 0 0.14 1.7246968761366468
0.21 0 0.15 1.7171058292756929
0.21 0 0.16 1.8057385619208
0.21 0 0.17 2.1708151911688405
0.21 0 0.18 2.676828840117473
0.21 0 0.19 2.975313927740193
0.21 0 0.2 3.2207965907839555
0.21 0 0.21 3.26461071693125
0.21 0 0.22 2.373921835552338
0.21 0 0.23 1.7674270726360062
0.21 0 0.24 1.871687113045284
0.21 0 0.25 1.0017715190760526
0.21 0 0.26 0.5636204583578012
0.21 0 0.27 0.4341205537353594
0.21 0 0.28 0.6188447959637954
0.21 0 0.29 0.6835297610050669
0.21 0 0.3 0.7934323015106568
0.21 0 0.31 0.6524166241917093
0.21 0 0.32 0.46662235439634225
0.21 0 0.33 0.3323256360429915
0.21 0 0.34 0.3535369373322871
0.21 0 0.35000000000000003 0.273965115348659
0.21 0 0.36 0.30214318956294056
0.21 0 0.37 0.253732184072855
0.21 0 0.38 0.2854205281928222
0.21 0 0.39 0.3065683212412284
0.21 0 0.4 0.3754687243756978
0.21 0 0.41000000000000003 0.32687989911579085
0.21 0 0.42 0.31237257704211013
0.21 0 0.43 0.28353004117667224
0.21 0 0.44 0.1787948142164708
0.21 0 0.45 0.11012051707027692
0.21 0 0.46 0.1484529464893916
0.21 0 0.47000000000000003 0.1880161561319997
0.21 0 0.48 0.19703191388217667
0.21 0 0.49 0.1952420704044846
0.21 0 0.5 0.22308912625780777
0.22 0 0.0 5.291623383355668
0.22 0 0.01 3.1997777314850926
0.22 0 0.02 2.7005164836227435
0.22 0 0.03 2.6848763316040234
0.22 0 0.04 2.90797843390775
0.22 0 0.05 1.9121982982670782
0.22 0 0.06 1.4885903226325436
0.22 0 0.07 2.083316673314317
0.22 0 0.08 2.5516379344628692
0.22 0 0.09 2.966780961156114
0.22 0 0.1 2.9625521500332184
0.22 0 0.11 2.6548332653075044
0.22 0 0.12 1.859423376279732
0.22 0 0.13 1.6233194415606258
0.22 0 0.14 1.4417555494207166
0.22 0 0.15 1.1830994115021451
0.22 0 0.16 0.9764198543455997
0.22 0 0.17 1.3211403891481923
0.22 0 0.18 1.4433887504149385
0.22 0 0.19 2.065379938198945
0.22 0 0.2 1.8564780977899624
0.22 0 0.21 1.8012762303413852
0.22 0 0.22 1.2952266402741777
0.22 0 0.23 0.9361371180122406
0.22 0 0.24 0.5489947422254081
0.22 0 0.25 0.5341461568389125
0.22 0 0.26 0.6127088023742713
0.22 0 0.27 0.611319840142785
0.22 0 0.28 0.4216375777607237
0.22 0 0.29 0.48545743820914833
0.22 0 0.3 0.3971723256456563
0.22 0 0.31 0.33895643049459373
0.22 0 0.32 0.27967263939741394
0.22 0 0.33 0.2691712416381975
0.22 0 0.34 0.2463191409106125
0.22 0 0.35000000000000003 0.2834144596468464
0.22 0 0.36 0.3914703667535187
0.22 0 0.37 0.39634445198083107
0.22 0 0.38 0.3350597363402428
0.22 0 0.39 0.28362549430106826
0.22 0 0.4 0.23150564382382727
0.22 0 0.41000000000000003 0.2212341992568878
0.22 0 0.42 0.2153175669825367
0.22 0 0.43 0.1882249283124052
0.22 0 0.44 0.22270227926144254
0.22 0 0.45 0.20017699713826664
0.22 0 0.46 0.16492682778209028
0.22 0 0.47000000000000003 0.11888847894411028
0.22 0 0.48 0.16510075459651063
0.22 0 0.49 0.1625351108801276
0.22 0 0.5 0.15256596417001816
0.23 0 0.0 3.345525339576296
0.23 0 0.01 2.0739068045807194
0.23 0 0.02 1.6703995517156072
0.23 0 0.03 1.15382531498701
0.23 0 0.04 1.5226360230016882
0.23 0 0.05 1.989078639889754
0.23 0 0.06 1.6602593673352717
0.23 0 0.07 1.0617955932479861
0.23 0 0.08 1.2421814811376883
0.23 0 0.09 1.4731349012573187
0.23 0 0.1 1.9086828697688754
0.23 0 0.11 1.8383177093472913
0.23 0 0.12 2.066283534101443
0.23 0 0.13 1.3565141002326793
0.23 0 0.14 1.3138375957552897
0.23 0 0.15 1.0965967831956662
0.23 0 0.16 0.9778030447770781
0.23 0 0.17 0.8464519348647735
0.23 0 0.18 0.8301469284543946
0.23 0 0.19 0.7170692594330256
0.23 0 0.2 0.6843807127613445
0.23 0 0.21 0.5449632835802855
0.23 0 0.22 0.5404440087545683
0.23 0 0.23 0.6085367509363427
0.23 0 0.24 0.76636337800827
0.23 0 0.25 0.5215237506207113
0.23 0 0.26 0.3612349471380484
0.23 0 0.27 0.3886492510112292
0.23 0 0.28 0.32870423267130006
0.23 0 0.29 0.25660775675258296
0.23 0 0.3 0.20245212449400019
0.23 0 0.31 0.19848411425604684
0.23 0 0.32 0.18015520285100894
0.23 0 0.33 0.2112966576458238
0.23 0 0.34 0.24670701283693228
0.23 0 0.35000000000000003 0.25182860335673635
0.23 0 0.36 0.21574144156031222
0.23 0 0.37 0.21399988577697168
0.23 0 0.38 0.1427308954667914
0.23 0 0.39 0.1393111276988344
0.23 0 0.4 0.12512795285806722
0.23 0 0.41000000000000003 0.20003438513052646
0.23 0 0.42 0.3089485774539061
0.23 0 0.43 0.41764223867318295
0.23 0 0.44 0.2897970039436015
0.23 0 0.45 0.25404908889975053
0.23 0 0.46 0.2929103364481852
0.23 0 0.47000000000000003 0.34207493974774583
0.23 0 0.48 0.28003096371613817
0.23 0 0.49 0.34957888530258074
0.23 0 0.5 0.3175676271211922
0.24 0 0.0 2.419952234202226
0.24 0 0.01 2.4437717603090716
0.24 0 0.02 2.2530075429321887
0.24 0 0.03 2.709252029743224
0.24 0 0.04 2.027592315172918
0.24 0 0.05 1.5406622353556456
0.24 0 0.06 1.0816524641384566
0.24 0 0.07 1.1775626465778863
0.24 0 0.08 0.9051728462300492
0.24 0 0.09 0.918256227303006
0.24 0 0.1 1.2505118593752018
0.24 0 0.11 1.3994403147103855
0.24 0 0.12 1.3169923346575914
0.24 0 0.13 1.3622424883664048
0.24 0 0.14 1.091926810344781
0.24 0 0.15 0.711512456638293
0.24 0 0.16 0.5314328774946246
0.24 0 0.17 0.5173665656370228
0.24 0 0.18 0.4739786284724603
0.24 0 0.19 0.49015213121458323
0.24 0 0.2 0.6938833414063056
0.24 0 0.21 0.7481072913322533
0.24 0 0.22 0.901239665720055
0.24 0 0.23 0.6761066530823235
0.24 0 0.24 0.5313076127339259
0.24 0 0.25 0.4058972274516443
0.24 0 0.26 0.3457456486843737
0.24 0 0.27 0.21169351405783174
0.24 0 0.28 0.18152402733600945
0.24 0 0.29 0.18461320782355073
0.24 0 0.3 0.19007578014742724
0.24 0 0.31 0.14262976707511185
0.24 0 0.32 0.18565669785255384
0.24 0 0.33 0.14416786848514498
0.24 0 0.34 0.11926833016610265
0.24 0 0.35000000000000003 0.09859649082228135
0.24 0 0.36 0.10748383997433869
0.24 0 0.37 0.09355329748661388
0.24 0 0.38 0.10186725594287101
0.24 0 0.39 0.11787942050285964
0.24 0 0.4 0.13243601616960235
0.24 0 0.41000000000000003 0.14249925034154157
0.24 0 0.42 0.20729258910743956
0.24 0 0.43 0.26073093373002915
0.24 0 0.44 0.39745563981567067
0.24 0 0.45 0.44286472582673203
0.24 0 0.46 0.4152149145194288
0.24 0 0.47000000000000003 0.537336215627485
0.24 0 0.48 0.7603550729411597
0.24 0 0.49 0.8993364786611042
0.24 0 0.5 0.8269262055033145
0.25 0 0.0 1.990723536263606
0.25 0 0.01 1.833008448280594
0.25 0 0.02 1.3698394520349013
0.25 0 0.03 0.9916594577545633
0.25 0 0.04 0.8210419251938204
0.25 0 0.05 0.782045078451573
0.25 0 0.06 0.5605640536177503
0.25 0 0.07 0.5730945122052477
0.25 0 0.08 0.803437361545162
0.25 0 0.09 1.0047992727777104
0.25 0 0.1 1.1066692750710228
0.25 0 0.11 1.3740267279305984
0.25 0 0.12 1.1388224995577043
0.25 0 0.13 0.8027394492388007
0.25 0 0.14 0.47175525145181585
0.25 0 0.15 0.4261694287118005
0.25 0 0.16 0.2941153414822309
0.25 0 0.17 0.3249843466275111
0.25 0 0.18 0.3177031965715737
0.25 0 0.19 0.3151410125196518
0.25 0 0.2 0.24594685128132449
0.25 0 0.21 0.2296685460058
0.25 0 0.22 0.23589010743087
0.25 0 0.23 0.35089057511248634
0.25 0 0.24 0.3289845405012741
0.25 0 0.25 0.2860010002351521
0.25 0 0.26 0.2162635296080163
0.25 0 0.27 0.2684927494348284
0.25 0 0.28 0.2430625869290307
0.25 0 0.29 0.25782500588039076
0.25 0 0.3 0.30743348344985205
0.25 0 0.31 0.3074606919119528
0.25 0 0.32 0.277629269276427
0.25 0 0.33 0.29901647575542717
0.25 0 0.34 0.3117735997367554
0.25 0 0.35000000000000003 0.26123231711171
0.25 0 0.36 0.19397807268861092
0.25 0 0.37 0.15498468802028034
0.25 0 0.38 0.1073175739810075
0.25 0 0.39 0.07803089422570965
0.25 0 0.4 0.08435556698264748
0.25 0 0.41000000000000003 0.09694041874559159
0.25 0 0.42 0.15470054609756717
0.25 0 0.43 0.1721237792854054
0.25 0 0.44 0.2507768160360314
0.25 0 0.45 0.4286993056624015
0.25 0 0.46 0.8950283897296732
0.25 0 0.47000000000000003 1.0742168650646016
0.25 0 0.48 1.1155027896971683
0.25 0 0.49 1.0516114505573664
0.25 0 0.5 1.124742898925891
0.26 0 0.0 0.7906959569551537
0.26 0 0.01 0.8345675004712528
0.26 0 0.02 0.8860303873991222
0.26 0 0.03 0.7772671159196458
0.26 0 0.04 0.6217628374386892
0.26 0 0.05 0.41445919377860757
0.26 0 0.06 0.49277582627416283
0.26 0 0.07 0.49880014874308465
0.26 0 0.08 0.5222926934788413
0.26 0 0.09 0.37749060778143906
0.26 0 0.1 0.36882389045682135
0.26 0 0.11 0.24709310717027233
0.26 0 0.12 0.2660115786641586
0.26 0 0.13 0.35092629275379694
0.26 0 0.14 0.3416060527713511
0.26 0 0.15 0.23341847772307925
0.26 0 0.16 0.23462797442263303
0.26 0 0.17 0.20020741036640743
0.26 0 0.18 0.1720949592078662
0.26 0 0.19 0.1476563713595137
0.26 0 0.2 0.1752714599575405
0.26 0 0.21 0.16332313688558805
0.26 0 0.22 0.17730580382656344
0.26 0 0.23 0.2237917100827689
0.26 0 0.24 0.2664611558443942
0.26 0 0.25 0.35956583108026274
0.26 0 0.26 0.2968705481608719
0.26 0 0.27 0.17870339217894898
0.26 0 0.28 0.12387873394211955
0.26 0 0.29 0.12760259495539744
0.26 0 0.3 0.1414133713459154
0.26 0 0.31 0.2022627269751616
0.26 0 0.32 0.2548652067125472
0.26 0 0.33 0.21497770333474286
0.26 0 0.34 0.1263096297958661
0.26 0 0.35000000000000003 0.15098307759691218
0.26 0 0.36 0.1241250386090499
0.26 0 0.37 0.10737907845429544
0.26 0 0.38 0.08635405362363517
0.26 0 0.39 0.08681903091474058
0.26 0 0.4 0.06719849275303494
0.26 0 0.41000000000000003 0.0738616688693926
0.26 0 0.42 0.09139768392718442
0.26 0 0.43 0.1306575979820555
0.26 0 0.44 0.1507321760873911
0.26 0 0.45 0.20161520165933317
0.26 0 0.46 0.19263005866308006
0.26 0 0.47000000000000003 0.3122230059509043
0.26 0 0.48 0.41049472402964204
0.26 0 0.49 0.4581799021949057
0.26 0 0.5 0.5048842812135251
0.27 0 0.0 0.37484996927957165
0.27 0 0.01 0.33472314439140344
0.27 0 0.02 0.2287272885098007
0.27 0 0.03 0.2579427212967652
0.27 0 0.04 0.2687666089864529
0.27 0 0.05 0.2582677870465403
0.27 0 0.06 0.18284943001877085
0.27 0 0.07 0.15472738639083616
0.27 0 0.08 0.159045543572766
0.27 0 0.09 0.16002032718989267
0.27 0 0.1 0.16237848002527067
0.27 0 0.11 0.18871337867592486
0.27 0 0.12 0.15860612355734635
0.27 0 0.13 0.1432044597733142
0.27 0 0.14 0.15095239499265847
0.27 0 0.15 0.14054853605636644
0.27 0 0.16 0.1171412254157148
0.27 0 0.17 0.09951496019698847
0.27 0 0.18 0.1288715110047963
0.27 0 0.19 0.12044835931133376
0.27 0 0.2 0.1359073483498746
0.27 0 0.21 0.16061565737003275
0.27 0 0.22 0.2435564685293816
0.27 0 0.23 0.30026756577264757
0.27 0 0.24 0.31043905589299375
0.27 0 0.25 0.25591325156279987
0.27 0 0.26 0.30394379431997437
0.27 0 0.27 0.28130985868530034
0.27 0 0.28 0.28743993825420794
0.27 0 0.29 0.2146063722163203
0.27 0 0.3 0.2457040423902727
0.27 0 0.31 0.19895731923128956
0.27 0 0.32 0.18877630819915334
0.27 0 0.33 0.15888824509857694
0.27 0 0.34 0.11585097951173641
0.27 0 0.35000000000000003 0.07573414230474504
0.27 0 0.36 0.08182225075180301
0.27 0 0.37 0.09178705843226755
0.27 0 0.38 0.09352408410289405
0.27 0 0.39 0.07366721126591783
0.27 0 0.4 0.08998336659245605
0.27 0 0.41000000000000003 0.10325829825426168
0.27 0 0.42 0.11387009058976541
0.27 0 0.43 0.11745151912397639
0.27 0 0.44 0.12728551237942282
0.27 0 0.45 0.18748391174710524
0.27 0 0.46 0.21925882945622907
0.27 0 0.47000000000000003 0.2297352510028797
0.27 0 0.48 0.22823573598774904
0.27 0 0.49 0.2801017611325993
0.27 0 0.5 0.3406595142054696
0.28 0 0.0 0.27474048082839875
0.28 0 0.01 0.3085469498967852
0.28 0 0.02 0.2537449172020462
0.28 0 0.03 0.21009339453996592
0.28 0 0.04 0.170795881085059
0.28 0 0.05 0.14872377848675072
0.28 0 0.06 0.15690241204377608
0.28 0 0.07 0.1413024219960446
0.28 0 0.08 0.0857780273654455
0.28 0 0.09 0.0715780597594761
0.28 0 0.1 0.05796010292967582
0.28 0 0.11 0.0662446883825044
0.28 0 0.12 0.07536785022348505
0.28 0 0.13 0.11687075349681711
0.28 0 0.14 0.10104205711365521
0.28 0 0.15 0.11909014444066085
0.28 0 0.16 0.16978855065687895
0.28 0 0.17 0.199574058294622
0.28 0 0.18 0.17023678198328868
0.28 0 0.19 0.23463969549093439
0.28 0 0.2 0.2336552073400152
0.28 0 0.21 0.21757060755744936
0.28 0 0.22 0.16462117771435597
0.28 0 0.23 0.20182457227442596
0.28 0 0.24 0.2151065829102604
0.28 0 0.25 0.2937379183034244
0.28 0 0.26 0.302731545823721
0.28 0 0.27 0.2518745112222801
0.28 0 0.28 0.24118195857876715
0.28 0 0.29 0.24250108169405213
0.28 0 0.3 0.21745353636034595
0.28 0 0.31 0.25623442501651217
0.28 0 0.32 0.2805878786548296
0.28 0 0.33 0.26183177835874133
0.28 0 0.34 0.2740787569463686
0.28 0 0.35000000000000003 0.3501994502923549
0.28 0 0.36 0.34006553106965004
0.28 0 0.37 0.2619112099312009
0.28 0 0.38 0.3314692113664494
0.28 0 0.39 0.2640235944762546
0.28 0 0.4 0.20586113669534745
0.28 0 0.41000000000000003 0.19221713761294595
0.28 0 0.42 0.2607614025636272
0.28 0 0.43 0.2762211843374824
0.28 0 0.44 0.2915275645632024
0.28 0 0.45 0.2406484563849947
0.28 0 0.46 0.23009358591791373
0.28 0 0.47000000000000003 0.2261963343958053
0.28 0 0.48 0.32417389548012837
0.28 0 0.49 0.31759327250239155
0.28 0 0.5 0.5128082736932298
0.29 0 0.0 0.16781947515994833
0.29 0 0.01 0.11071442627188287
0.29 0 0.02 0.1324485479094262
0.29 0 0.03 0.14977392680375615
0.29 0 0.04 0.2109351957581596
0.29 0 0.05 0.18182664199155169
0.29 0 0.06 0.19736448564239373
0.29 0 0.07 0.16376303667224446
0.29 0 0.08 0.14596543526947423
0.29 0 0.09 0.10255788867484528
0.29 0 0.1 0.09357864429136437
0.29 0 0.11 0.09831774619615236
0.29 0 0.12 0.12470777800396335
0.29 0 0.13 0.14550340519039592
0.29 0 0.14 0.21243064449512922
0.29 0 0.15 0.19083552210345608
0.29 0 0.16 0.1953447639017098
0.29 0 0.17 0.2183598432146772
0.29 0 0.18 0.2714918543471948
0.29 0 0.19 0.26187201630959506
0.29 0 0.2 0.2689625428609873
0.29 0 0.21 0.39686322418967507
0.29 0 0.22 0.4552983834291356
0.29 0 0.23 0.41731594827444624
0.29 0 0.24 0.35201122929971523
0.29 0 0.25 0.35503550214397195
0.29 0 0.26 0.4126026673169004
0.29 0 0.27 0.4735034503922057
0.29 0 0.28 0.4540343601537501
0.29 0 0.29 0.49962527052401523
0.29 0 0.3 0.4490525469492337
0.29 0 0.31 0.5062591494169442
0.29 0 0.32 0.4517132419133493
0.29 0 0.33 0.5822557948527091
0.29 0 0.34 0.5296473015288364
0.29 0 0.35000000000000003 0.590917018367695
0.29 0 0.36 0.6584741598155026
0.29 0 0.37 0.6992211984656481
0.29 0 0.38 0.5403137684210741
0.29 0 0.39 0.64671717153254
0.29 0 0.4 0.7861807553501791
0.29 0 0.41000000000000003 0.8927724602039796
0.29 0 0.42 0.5556799683785415
0.29 0 0.43 0.5308006076895647
0.29 0 0.44 0.4996115866167715
0.29 0 0.45 0.5813940845441405
0.29 0 0.46 0.5359037143271488
0.29 0 0.47000000000000003 0.43861955362304306
0.29 0 0.48 0.3736675587389018
0.29 0 0.49 0.3827720460094821
0.29 0 0.5 0.4555124597563121
0.3 0 0.0 0.3025813728250622
0.3 0 0.01 0.3680369808874036
0.3 0 0.02 0.3104162375279416
0.3 0 0.03 0.28659607264786396
0.3 0 0.04 0.25682050683488516
0.3 0 0.05 0.24218666119303398
0.3 0 0.06 0.2690877470624515
0.3 0 0.07 0.32677308462878824
0.3 0 0.08 0.2865873561682816
0.3 0 0.09 0.2917299178579353
0.3 0 0.1 0.2641869117607698
0.3 0 0.11 0.2547665147710484
0.3 0 0.12 0.3525363009280097
0.3 0 0.13 0.3964397282762411
0.3 0 0.14 0.3896910812736604
0.3 0 0.15 0.3597324351661327
0.3 0 0.16 0.44877625937255744
0.3 0 0.17 0.38993637497499306
0.3 0 0.18 0.48759206089346996
0.3 0 0.19 0.8035131686826635
0.3 0 0.2 0.9456610817294135
0.3 0 0.21 0.6653559897516026
0.3 0 0.22 0.6886686311410403
0.3 0 0.23 0.6486321378583567
0.3 0 0.24 0.8713120928491604
0.3 0 0.25 1.0180739518191404
0.3 0 0.26 1.462124479808719
0.3 0 0.27 1.2379850030039463
0.3 0 0.28 1.3084211944726578
0.3 0 0.29 1.1662515217513645
0.3 0 0.3 1.0843374497859302
0.3 0 0.31 0.9942584110269577
0.3 0 0.32 0.8418768754798036
0.3 0 0.33 0.528981066297947
0.3 0 0.34 0.5927839818488705
0.3 0 0.35000000000000003 0.6607828723777521
0.3 0 0.36 0.7278520231390769
0.3 0 0.37 0.7373313280155149
0.3 0 0.38 0.9388383904269494
0.3 0 0.39 0.804295848003696
0.3 0 0.4 0.6648571915908911
0.3 0 0.41000000000000003 0.9230768816773584
0.3 0 0.42 1.0150091872252225
0.3 0 0.43 0.9108008681768835
0.3 0 0.44 0.8554842125999819
0.3 0 0.45 0.8859910597811868
0.3 0 0.46 0.8563113903700108
0.3 0 0.47000000000000003 0.8833888205570062
0.3 0 0.48 0.7833935442176156
0.3 0 0.49 0.7235845339422339
0.3 0 0.5 0.6563366979078565
#STOP
