#MEDIUM_PROPERTIES_DISTRIBUTED
$MSH_TYPE
	 GROUNDWATER_FLOW	
$MMP_TYPE
	 PERMEABILITY	
$DIS_TYPE
	 NEAREST_VALUE	
;hj
$CONVERSION_FACTOR
2e-8;2e-6;2e-13
$DATA
0.0 0 0.0 2.1879318385645377
0.0 0 0.01 1.835513049968993
0.0 0 0.02 1.909038013436535
0.0 0 0.03 1.6425351436723243
0.0 0 0.04 1.4523381307446535
0.0 0 0.05 1.248635462305493
0.0 0 0.06 1.3073505193031842
0.0 0 0.07 1.254414610584825
0.0 0 0.08 0.8658965206890695
0.0 0 0.09 0.9770718418418993
0.0 0 0.1 0.9127177895839399
0.0 0 0.11 0.9284168733480868
0.0 0 0.12 1.3926811362000895
0.0 0 0.13 1.5042670093210815
0.0 0 0.14 1.5796019524277773
0.0 0 0.15 1.5088940377845643
0.0 0 0.16 1.8657101132160452
0.0 0 0.17 2.469431919673947
0.0 0 0.18 2.4865638487909365
0.0 0 0.19 2.617862486930295
0.0 0 0.2 2.584698776285654
0.0 0 0.21 3.2910561522976933
0.0 0 0.22 3.7329400724618624
0.0 0 0.23 4.364085314428839
0.0 0 0.24 4.804455086628332
0.0 0 0.25 3.148617595536746
0.0 0 0.26 3.503427412631958
0.0 0 0.27 4.050045679131967
0.0 0 0.28 3.7320086886469483
0.0 0 0.29 4.137331889323429
0.0 0 0.3 3.9820108237700653
0.0 0 0.31 4.2786421687094105
0.0 0 0.32 4.148188345044146
0.0 0 0.33 4.767793543333393
0.0 0 0.34 6.211643019542357
0.0 0 0.35000000000000003 7.38105189761595
0.0 0 0.36 9.50671236678399
0.0 0 0.37 9.260961276600138
0.0 0 0.38 10.099357953828555
0.0 0 0.39 9.015020752185734
0.0 0 0.4 8.391379920370468
0.0 0 0.41000000000000003 10.835330318493718
0.0 0 0.42 8.074798632877433
0.0 0 0.43 7.060019405308707
0.0 0 0.44 6.971814336257489
0.0 0 0.45 6.292867986547765
0.0 0 0.46 7.389244795610646
0.0 0 0.47000000000000003 7.925916751265222
0.0 0 0.48 7.890337510352443
0.0 0 0.49 5.518499995480196
0.0 0 0.5 4.2259685789820525
0.01 0 0.0 0.5385278689796497
0.01 0 0.01 0.5078669023018454
0.01 0 0.02 0.6434011322946259
0.01 0 0.03 0.583336888500249
0.01 0 0.04 0.6539660430181082
0.01 0 0.05 0.5135153572800748
0.01 0 0.06 0.42714304031050454
0.01 0 0.07 0.6228731009540788
0.01 0 0.08 0.9016993557741269
0.01 0 0.09 1.1684681583072798
0.01 0 0.1 1.0234847805378577
0.01 0 0.11 0.8833276139699404
0.01 0 0.12 0.7592688700349798
0.01 0 0.13 0.8516503024686473
0.01 0 0.14 1.2895459050465305
0.01 0 0.15 1.2741910209472267
0.01 0 0.16 1.2880889222676966
0.01 0 0.17 1.1551849553059794
0.01 0 0.18 1.3560177889753102
0.01 0 0.19 2.1432093519058086
0.01 0 0.2 2.1090030747052557
0.01 0 0.21 2.6174998746988036
0.01 0 0.22 3.069731634767631
0.01 0 0.23 3.2438799238783584
0.01 0 0.24 4.137222600087206
0.01 0 0.25 4.322445392310883
0.01 0 0.26 3.7959039283897003
0.01 0 0.27 2.817428948029254
0.01 0 0.28 3.0842453016353755
0.01 0 0.29 3.24100807806648
0.01 0 0.3 3.0125200167260675
0.01 0 0.31 3.879141022921969
0.01 0 0.32 4.121299073061987
0.01 0 0.33 5.264070291262917
0.01 0 0.34 5.59793888825337
0.01 0 0.35000000000000003 5.52766320766904
0.01 0 0.36 7.41872240195621
0.01 0 0.37 6.860911718831405
0.01 0 0.38 7.589525540463276
0.01 0 0.39 8.426342619423883
0.01 0 0.4 7.078510006015807
0.01 0 0.41000000000000003 5.990000291524862
0.01 0 0.42 5.502607049982752
0.01 0 0.43 5.54647799919421
0.01 0 0.44 3.8223724413375484
0.01 0 0.45 3.417359329803847
0.01 0 0.46 3.39275186637877
0.01 0 0.47000000000000003 2.9957541664237284
0.01 0 0.48 4.01378298482577
0.01 0 0.49 4.456879406702435
0.01 0 0.5 5.180506002612706
0.02 0 0.0 1.08316370531775
0.02 0 0.01 0.7399421181395581
0.02 0 0.02 0.5851753663074476
0.02 0 0.03 0.5946876251489546
0.02 0 0.04 0.7513683491707093
0.02 0 0.05 0.8445420324399181
0.02 0 0.06 1.1075194047176293
0.02 0 0.07 0.9397351179501644
0.02 0 0.08 0.7202012546577219
0.02 0 0.09 0.8329153144601728
0.02 0 0.1 0.8577362752142518
0.02 0 0.11 1.1343937172480616
0.02 0 0.12 1.1516543604383533
0.02 0 0.13 1.08339574862969
0.02 0 0.14 1.2908433554163579
0.02 0 0.15 1.1821302763121633
0.02 0 0.16 1.3120342957980478
0.02 0 0.17 1.2497266384015486
0.02 0 0.18 1.0070308400282142
0.02 0 0.19 0.9146817277832511
0.02 0 0.2 1.079498149544607
0.02 0 0.21 1.5455949107592473
0.02 0 0.22 1.6287180621911397
0.02 0 0.23 2.262470075723188
0.02 0 0.24 2.618038149513094
0.02 0 0.25 2.387847440151401
0.02 0 0.26 2.8355013260737287
0.02 0 0.27 2.601581162710715
0.02 0 0.28 3.236552071542963
0.02 0 0.29 4.104726665522282
0.02 0 0.3 4.127595080215812
0.02 0 0.31 3.863438064256594
0.02 0 0.32 2.494252368899772
0.02 0 0.33 2.177764416054907
0.02 0 0.34 2.4817479862946943
0.02 0 0.35000000000000003 3.1215638080664556
0.02 0 0.36 3.356632586710282
0.02 0 0.37 3.2985970111433804
0.02 0 0.38 4.113729725780651
0.02 0 0.39 3.8912371506884442
0.02 0 0.4 4.832844436865646
0.02 0 0.41000000000000003 4.9105253490306335
0.02 0 0.42 2.988892491544327
0.02 0 0.43 2.627844508252999
0.02 0 0.44 2.3990798949023655
0.02 0 0.45 2.9371301452904266
0.02 0 0.46 3.6657983569103414
0.02 0 0.47000000000000003 3.4774708556079323
0.02 0 0.48 3.0987710696271273
0.02 0 0.49 2.1849084714254157
0.02 0 0.5 2.1508438607684277
0.03 0 0.0 1.547010225269419
0.03 0 0.01 1.982082942055915
0.03 0 0.02 1.507554389566638
0.03 0 0.03 1.0471663098162851
0.03 0 0.04 1.2388979682901695
0.03 0 0.05 1.1463740356714551
0.03 0 0.06 1.1180860442892444
0.03 0 0.07 0.9440062783785911
0.03 0 0.08 0.8274408073947256
0.03 0 0.09 0.8960512515807246
0.03 0 0.1 0.9234902566136748
0.03 0 0.11 1.1629147147675467
0.03 0 0.12 1.1151478301899491
0.03 0 0.13 0.960304805016351
0.03 0 0.14 0.8615863119195781
0.03 0 0.15 1.0645308083112008
0.03 0 0.16 1.6273106836101257
0.03 0 0.17 1.4421430868543939
0.03 0 0.18 1.4859841659294972
0.03 0 0.19 1.2391873303038783
0.03 0 0.2 0.9405935222184325
0.03 0 0.21 1.385700232748856
0.03 0 0.22 1.8275722365397835
0.03 0 0.23 2.0205493530153698
0.03 0 0.24 1.6965784809900424
0.03 0 0.25 1.5487808155864133
0.03 0 0.26 1.8204661268226852
0.03 0 0.27 1.7655574598511032
0.03 0 0.28 1.6792592025999227
0.03 0 0.29 1.2528066159552822
0.03 0 0.3 1.1167888616168766
0.03 0 0.31 1.1072621622544485
0.03 0 0.32 1.220390375760718
0.03 0 0.33 1.6329854746323884
0.03 0 0.34 1.1503609269306827
0.03 0 0.35000000000000003 1.0256740344853348
0.03 0 0.36 1.174534548716998
0.03 0 0.37 1.0805692268408829
0.03 0 0.38 1.2829988425798486
0.03 0 0.39 1.3895842600144503
0.03 0 0.4 1.6092727853094553
0.03 0 0.41000000000000003 1.7402519917600627
0.03 0 0.42 1.9491227468307164
0.03 0 0.43 2.284708008122265
0.03 0 0.44 2.047584922119584
0.03 0 0.45 2.0949262724613336
0.03 0 0.46 1.9417073182939362
0.03 0 0.47000000000000003 2.386885589046127
0.03 0 0.48 3.026620738398134
0.03 0 0.49 3.01637644858273
0.03 0 0.5 3.9470826033653075
0.04 0 0.0 0.6865252747320789
0.04 0 0.01 0.856219220896515
0.04 0 0.02 1.0261321048616332
0.04 0 0.03 1.0924239033153078
0.04 0 0.04 0.9474610667547947
0.04 0 0.05 0.7623450635246817
0.04 0 0.06 0.8131560589343805
0.04 0 0.07 0.7371188976758587
0.04 0 0.08 0.8131457184681302
0.04 0 0.09 0.8274486739620154
0.04 0 0.1 0.8514683843741195
0.04 0 0.11 1.0452068996918484
0.04 0 0.12 0.792816664880342
0.04 0 0.13 0.7651126480086026
0.04 0 0.14 0.6921022678845038
0.04 0 0.15 0.5486526539015545
0.04 0 0.16 0.6938378011465838
0.04 0 0.17 0.8809537232989578
0.04 0 0.18 1.1273551556960428
0.04 0 0.19 1.2182792155445656
0.04 0 0.2 1.3532699216998658
0.04 0 0.21 1.353658399505605
0.04 0 0.22 1.2894759937347007
0.04 0 0.23 1.8017261542072465
0.04 0 0.24 1.8864616188547279
0.04 0 0.25 2.069185862989467
0.04 0 0.26 2.187621450833226
0.04 0 0.27 2.2464503618371596
0.04 0 0.28 2.9564400381739073
0.04 0 0.29 2.1816897858464115
0.04 0 0.3 1.715389410550746
0.04 0 0.31 1.592521293532778
0.04 0 0.32 1.4133464049332147
0.04 0 0.33 1.7943873496896467
0.04 0 0.34 2.2671988988828202
0.04 0 0.35000000000000003 2.587490250813999
0.04 0 0.36 2.3205117074141937
0.04 0 0.37 2.7995874869428907
0.04 0 0.38 3.5287241304788415
0.04 0 0.39 3.0104993001447515
0.04 0 0.4 3.268114638028775
0.04 0 0.41000000000000003 3.037618129704773
0.04 0 0.42 3.323172180853443
0.04 0 0.43 3.620834254096833
0.04 0 0.44 2.8859742911908706
0.04 0 0.45 2.8008055163708088
0.04 0 0.46 1.9021072366947696
0.04 0 0.47000000000000003 1.5740271347656742
0.04 0 0.48 1.9888192913466118
0.04 0 0.49 2.2700864585218423
0.04 0 0.5 2.3135791749510064
0.05 0 0.0 0.4433998264483557
0.05 0 0.01 0.437360760587103
0.05 0 0.02 0.3352809646844779
0.05 0 0.03 0.33473342990106625
0.05 0 0.04 0.3186569068082098
0.05 0 0.05 0.2866815418248193
0.05 0 0.06 0.3176360094420425
0.05 0 0.07 0.2515377235049753
0.05 0 0.08 0.2738665820904731
0.05 0 0.09 0.3127972762831446
0.05 0 0.1 0.3061579467929733
0.05 0 0.11 0.36094163941184065
0.05 0 0.12 0.42713755386712005
0.05 0 0.13 0.4904121785763925
0.05 0 0.14 0.44434812071634705
0.05 0 0.15 0.5833385476741985
0.05 0 0.16 0.7674591846677977
0.05 0 0.17 0.7903177353622597
0.05 0 0.18 1.0192688097532718
0.05 0 0.19 0.9170849014201164
0.05 0 0.2 0.9955031025465064
0.05 0 0.21 1.2478800091739048
0.05 0 0.22 1.5701196665037058
0.05 0 0.23 2.6944840199156737
0.05 0 0.24 3.166098675415366
0.05 0 0.25 3.5200409703601903
0.05 0 0.26 3.5323941955986484
0.05 0 0.27 3.0166521412657468
0.05 0 0.28 2.854751561242498
0.05 0 0.29 2.902539521948213
0.05 0 0.3 3.2984878227909604
0.05 0 0.31 2.4529106058127215
0.05 0 0.32 2.312471231285112
0.05 0 0.33 2.623105400288134
0.05 0 0.34 2.405672724099967
0.05 0 0.35000000000000003 2.9435720298133874
0.05 0 0.36 2.3626456249103085
0.05 0 0.37 1.8027909568181653
0.05 0 0.38 1.7232561066349288
0.05 0 0.39 1.7100378901352606
0.05 0 0.4 2.157891309272555
0.05 0 0.41000000000000003 1.879099409289863
0.05 0 0.42 1.4862260743246776
0.05 0 0.43 1.1770247882111244
0.05 0 0.44 0.9937315104918597
0.05 0 0.45 0.9756916310788325
0.05 0 0.46 0.993895606118297
0.05 0 0.47000000000000003 1.3795675933687832
0.05 0 0.48 1.321362893469359
0.05 0 0.49 1.4369694643242266
0.05 0 0.5 1.9258085980713784
0.06 0 0.0 0.29256446498232386
0.06 0 0.01 0.30531572578869065
0.06 0 0.02 0.32065674990460946
0.06 0 0.03 0.44358837376102095
0.06 0 0.04 0.47161481956810447
0.06 0 0.05 0.38040019749793774
0.06 0 0.06 0.32040392567676673
0.06 0 0.07 0.332657204331754
0.06 0 0.08 0.4549538883628369
0.06 0 0.09 0.4539034110458225
0.06 0 0.1 0.5358655082508809
0.06 0 0.11 0.4972254810515989
0.06 0 0.12 0.38405880755554367
0.06 0 0.13 0.5570792891922005
0.06 0 0.14 0.6132925904495538
0.06 0 0.15 0.5502599522836419
0.06 0 0.16 0.46971537286206166
0.06 0 0.17 0.45749437736831855
0.06 0 0.18 0.6586152258599924
0.06 0 0.19 0.8540358045082551
0.06 0 0.2 1.1818090989700847
0.06 0 0.21 1.2725652384898916
0.06 0 0.22 1.2439820654151819
0.06 0 0.23 1.336566078249944
0.06 0 0.24 1.6410591479353498
0.06 0 0.25 2.5868663503183296
0.06 0 0.26 2.33621552073555
0.06 0 0.27 2.3483148772735225
0.06 0 0.28 2.5087452397989725
0.06 0 0.29 1.8186036339982676
0.06 0 0.3 1.8811753448015902
0.06 0 0.31 1.6174137945778158
0.06 0 0.32 1.1079263105696486
0.06 0 0.33 0.7023068565753181
0.06 0 0.34 0.5396749038134002
0.06 0 0.35000000000000003 0.6645254784691137
0.06 0 0.36 0.752064406636281
0.06 0 0.37 0.8465641495181453
0.06 0 0.38 0.7141005983637507
0.06 0 0.39 0.613171915412345
0.06 0 0.4 0.6222149451090783
0.06 0 0.41000000000000003 0.6445538431954664
0.06 0 0.42 0.9846663094977197
0.06 0 0.43 0.8860988133788675
0.06 0 0.44 0.7242271867339369
0.06 0 0.45 0.7735643668362351
0.06 0 0.46 0.6067823077841656
0.06 0 0.47000000000000003 0.6060083865633743
0.06 0 0.48 0.6284860266420325
0.06 0 0.49 0.6706699079015607
0.06 0 0.5 0.6865512746748537
0.07 0 0.0 0.8175020304700492
0.07 0 0.01 0.6966668505580819
0.07 0 0.02 0.6167844466555544
0.07 0 0.03 0.8023129939289536
0.07 0 0.04 0.8165761551482018
0.07 0 0.05 1.0731428213116454
0.07 0 0.06 1.1081958348379826
0.07 0 0.07 0.6947973576306016
0.07 0 0.08 0.6237177588802694
0.07 0 0.09 0.5707968426606347
0.07 0 0.1 0.6410797114412611
0.07 0 0.11 0.7807655731256812
0.07 0 0.12 0.9302245795237434
0.07 0 0.13 1.0686963406342087
0.07 0 0.14 1.0737422558976093
0.07 0 0.15 1.2874062973722344
0.07 0 0.16 1.0306581658954568
0.07 0 0.17 0.8039617380246399
0.07 0 0.18 0.7104955393616689
0.07 0 0.19 0.663110738961221
0.07 0 0.2 0.9023542183046539
0.07 0 0.21 0.7965336869100135
0.07 0 0.22 0.7765702266561924
0.07 0 0.23 0.8860676660057091
0.07 0 0.24 0.8012299743521946
0.07 0 0.25 0.9969092434599159
0.07 0 0.26 1.1313072270238402
0.07 0 0.27 1.1898982214919618
0.07 0 0.28 1.254768515730818
0.07 0 0.29 1.622886910877446
0.07 0 0.3 1.992096730031625
0.07 0 0.31 1.5051130063194542
0.07 0 0.32 1.2960785121077822
0.07 0 0.33 0.9070318518102226
0.07 0 0.34 0.746579214841813
0.07 0 0.35000000000000003 0.8440664525053201
0.07 0 0.36 0.857164535686661
0.07 0 0.37 1.0570309818776649
0.07 0 0.38 0.764580239753065
0.07 0 0.39 0.535212699905264
0.07 0 0.4 0.5510355205121915
0.07 0 0.41000000000000003 0.49918364005684374
0.07 0 0.42 0.5167390613329321
0.07 0 0.43 0.5058287570651746
0.07 0 0.44 0.4960869452873019
0.07 0 0.45 0.43628576713937783
0.07 0 0.46 0.49959647543167407
0.07 0 0.47000000000000003 0.6684498997495125
0.07 0 0.48 0.49551505576608496
0.07 0 0.49 0.4322828737757797
0.07 0 0.5 0.40145768560602046
0.08 0 0.0 0.9978657833648921
0.08 0 0.01 1.2767898536409497
0.08 0 0.02 1.0105456487287925
0.08 0 0.03 0.9542711081838697
0.08 0 0.04 0.9056069811471723
0.08 0 0.05 0.9380902702222164
0.08 0 0.06 0.9297634810823487
0.08 0 0.07 1.076085123210513
0.08 0 0.08 1.049602651856104
0.08 0 0.09 0.8273938724012125
0.08 0 0.1 1.115878519320982
0.08 0 0.11 1.2838006571645164
0.08 0 0.12 1.3620033913924756
0.08 0 0.13 1.1773963488596637
0.08 0 0.14 0.800920358906641
0.08 0 0.15 0.9062570046168864
0.08 0 0.16 0.9757092043169813
0.08 0 0.17 1.1819319288710795
0.08 0 0.18 1.265350608384807
0.08 0 0.19 0.8810506071880505
0.08 0 0.2 0.7524004644790924
0.08 0 0.21 0.8239242437200455
0.08 0 0.22 1.074653277440802
0.08 0 0.23 0.9731118386914294
0.08 0 0.24 0.9230408870784927
0.08 0 0.25 0.9585122942373382
0.08 0 0.26 0.7783799155540179
0.08 0 0.27 0.9269450319651221
0.08 0 0.28 0.8329959099676634
0.08 0 0.29 0.6872814561777333
0.08 0 0.3 0.6770045738451734
0.08 0 0.31 0.601317449742065
0.08 0 0.32 0.764276063323707
0.08 0 0.33 0.8054316244175319
0.08 0 0.34 0.8213449163069467
0.08 0 0.35000000000000003 0.9044147125301003
0.08 0 0.36 0.8853728151566843
0.08 0 0.37 0.9556004230819468
0.08 0 0.38 0.9911039006602244
0.08 0 0.39 1.1923132176951303
0.08 0 0.4 1.0184371535149601
0.08 0 0.41000000000000003 0.9515435335914526
0.08 0 0.42 1.1554014811843285
0.08 0 0.43 0.9086402232863723
0.08 0 0.44 0.8935013305288719
0.08 0 0.45 0.7527645363259112
0.08 0 0.46 0.6045282909048406
0.08 0 0.47000000000000003 0.705616568941478
0.08 0 0.48 0.7952161567474684
0.08 0 0.49 1.0426330901153245
0.08 0 0.5 1.0534203138374818
0.09 0 0.0 0.531872324785663
0.09 0 0.01 0.4576509894866126
0.09 0 0.02 0.5250751657088866
0.09 0 0.03 0.5339623724327511
0.09 0 0.04 0.41918871368501814
0.09 0 0.05 0.5682391796573756
0.09 0 0.06 0.6269535327534542
0.09 0 0.07 0.7295012670185097
0.09 0 0.08 0.9584250004844778
0.09 0 0.09 0.9506992507567127
0.09 0 0.1 0.994380837729785
0.09 0 0.11 0.9359969694793447
0.09 0 0.12 1.241068798818684
0.09 0 0.13 1.6904996027531642
0.09 0 0.14 1.721142954749737
0.09 0 0.15 1.554167445977358
0.09 0 0.16 1.286441724587414
0.09 0 0.17 1.3561651999772737
0.09 0 0.18 1.0704491739714552
0.09 0 0.19 0.9444223022790257
0.09 0 0.2 0.8089789459910842
0.09 0 0.21 0.4812548123313221
0.09 0 0.22 0.5714410669328357
0.09 0 0.23 0.732931976594247
0.09 0 0.24 0.7624492111797811
0.09 0 0.25 0.7413765908963291
0.09 0 0.26 0.6549465985205077
0.09 0 0.27 0.7615197777354754
0.09 0 0.28 0.7883036745453396
0.09 0 0.29 0.896908313618385
0.09 0 0.3 0.9395740797278157
0.09 0 0.31 0.8796114210308533
0.09 0 0.32 0.8831266764432834
0.09 0 0.33 0.8042154495408204
0.09 0 0.34 0.9687437067965832
0.09 0 0.35000000000000003 0.8292170394200961
0.09 0 0.36 0.8364728002905575
0.09 0 0.37 1.3655393782852558
0.09 0 0.38 1.4716580503251777
0.09 0 0.39 1.7296100075826144
0.09 0 0.4 1.7130424064999743
0.09 0 0.41000000000000003 1.3590821314839456
0.09 0 0.42 1.1566130621393043
0.09 0 0.43 1.047783257653069
0.09 0 0.44 1.1754837150458586
0.09 0 0.45 0.9484138466613224
0.09 0 0.46 0.7590590599485091
0.09 0 0.47000000000000003 0.656953708231785
0.09 0 0.48 0.7036924941750183
0.09 0 0.49 0.9334651959712598
0.09 0 0.5 0.7875921660119473
0.1 0 0.0 0.5563507425847055
0.1 0 0.01 0.48998335263894066
0.1 0 0.02 0.35371358981931855
0.1 0 0.03 0.3201097992238449
0.1 0 0.04 0.35155405615545426
0.1 0 0.05 0.46820276850179393
0.1 0 0.06 0.4838781727401354
0.1 0 0.07 0.4984340185914458
0.1 0 0.08 0.41887890076223055
0.1 0 0.09 0.41279371056646197
0.1 0 0.1 0.5020527303302535
0.1 0 0.11 0.49538374949088393
0.1 0 0.12 0.5516579433668323
0.1 0 0.13 0.42772310803980973
0.1 0 0.14 0.4403250478394101
0.1 0 0.15 0.629038492216264
0.1 0 0.16 0.6111996261485195
0.1 0 0.17 0.7056154995383287
0.1 0 0.18 0.6601717012328012
0.1 0 0.19 0.5527743584178603
0.1 0 0.2 0.5320563464120132
0.1 0 0.21 0.5805808216667352
0.1 0 0.22 0.7339973821933717
0.1 0 0.23 0.8104699960658941
0.1 0 0.24 1.1288344238184942
0.1 0 0.25 1.1253447879512049
0.1 0 0.26 0.9087628699397902
0.1 0 0.27 0.8961731440134434
0.1 0 0.28 0.8570065091520372
0.1 0 0.29 1.2531365792461773
0.1 0 0.3 1.3551517981721686
0.1 0 0.31 1.326440555546465
0.1 0 0.32 1.6817169410573714
0.1 0 0.33 1.5728177755224868
0.1 0 0.34 1.7588970249195928
0.1 0 0.35000000000000003 1.7541853289263492
0.1 0 0.36 1.3505567446978999
0.1 0 0.37 0.9815282610154418
0.1 0 0.38 0.9811616394154516
0.1 0 0.39 1.4112163358627752
0.1 0 0.4 1.4041659480051216
0.1 0 0.41000000000000003 1.4812229485629071
0.1 0 0.42 1.224163137725542
0.1 0 0.43 0.8924218660276247
0.1 0 0.44 0.9866739153244884
0.1 0 0.45 1.0504576677940907
0.1 0 0.46 1.4614253806777822
0.1 0 0.47000000000000003 1.4107379551471217
0.1 0 0.48 1.0896311160976044
0.1 0 0.49 1.3546771855190707
0.1 0 0.5 1.5130736031975052
0.11 0 0.0 0.2243513103727043
0.11 0 0.01 0.23452571597383223
0.11 0 0.02 0.35528559791022735
0.11 0 0.03 0.40405439671054977
0.11 0 0.04 0.4299747156592995
0.11 0 0.05 0.49956623128604244
0.11 0 0.06 0.4524206792427311
0.11 0 0.07 0.5085802762163903
0.11 0 0.08 0.4200646191925189
0.11 0 0.09 0.40111094088963334
0.11 0 0.1 0.4802803698484116
0.11 0 0.11 0.41568905122491406
0.11 0 0.12 0.4175243824527586
0.11 0 0.13 0.3863335429950113
0.11 0 0.14 0.3371841859227424
0.11 0 0.15 0.28844078901004583
0.11 0 0.16 0.3385338851892922
0.11 0 0.17 0.4731882157179158
0.11 0 0.18 0.46685400809854916
0.11 0 0.19 0.6539449952140027
0.11 0 0.2 0.8039438587550447
0.11 0 0.21 0.8643819592130876
0.11 0 0.22 0.972133400535779
0.11 0 0.23 0.7898515427347488
0.11 0 0.24 0.9493439623913855
0.11 0 0.25 1.1727184191169746
0.11 0 0.26 1.4942728129928076
0.11 0 0.27 1.9329566043858126
0.11 0 0.28 1.524749819701658
0.11 0 0.29 1.202670394343729
0.11 0 0.3 1.0636185264593059
0.11 0 0.31 1.1479306006905963
0.11 0 0.32 0.9454829959419732
0.11 0 0.33 0.7470049103339309
0.11 0 0.34 0.8126956158800449
0.11 0 0.35000000000000003 0.7618419643523927
0.11 0 0.36 1.1742941301258325
0.11 0 0.37 1.6572040133878108
0.11 0 0.38 1.5934801791823539
0.11 0 0.39 1.6695455187571289
0.11 0 0.4 1.4630851463261598
0.11 0 0.41000000000000003 1.8780082858851552
0.11 0 0.42 2.4988950586283263
0.11 0 0.43 2.8617793431827883
0.11 0 0.44 3.013945790014527
0.11 0 0.45 2.277218142078368
0.11 0 0.46 1.8701576546600038
0.11 0 0.47000000000000003 1.6406392018992302
0.11 0 0.48 1.9213720683332076
0.11 0 0.49 1.8034717806945386
0.11 0 0.5 1.498834569315911
0.12 0 0.0 0.11534161032644218
0.12 0 0.01 0.13478731070771188
0.12 0 0.02 0.1959079401663281
0.12 0 0.03 0.22138779422643756
0.12 0 0.04 0.23989275912560049
0.12 0 0.05 0.2533920824815604
0.12 0 0.06 0.23365447738806555
0.12 0 0.07 0.2730915283895791
0.12 0 0.08 0.3012194589432009
0.12 0 0.09 0.3403503136678364
0.12 0 0.1 0.31244053829903023
0.12 0 0.11 0.3727609101497175
0.12 0 0.12 0.5499135907257074
0.12 0 0.13 0.5485586635718143
0.12 0 0.14 0.7367672105972459
0.12 0 0.15 0.6925863374970468
0.12 0 0.16 0.5016850593519862
0.12 0 0.17 0.5345441112923395
0.12 0 0.18 0.574812212842734
0.12 0 0.19 0.6659712043323455
0.12 0 0.2 0.5516704377735817
0.12 0 0.21 0.47524351052745334
0.12 0 0.22 0.5141306486309396
0.12 0 0.23 0.5906035949179068
0.12 0 0.24 0.8398929011914429
0.12 0 0.25 1.048094992883738
0.12 0 0.26 1.4235899568777253
0.12 0 0.27 1.4031522007595805
0.12 0 0.28 1.4622069654086227
0.12 0 0.29 2.0668664913348067
0.12 0 0.3 1.734650578336283
0.12 0 0.31 1.8861087287532248
0.12 0 0.32 2.117427887376631
0.12 0 0.33 1.7614641883592215
0.12 0 0.34 1.6074106070614476
0.12 0 0.35000000000000003 1.4422140379182924
0.12 0 0.36 1.6374841002611618
0.12 0 0.37 1.5395871967799637
0.12 0 0.38 1.4279716794365742
0.12 0 0.39 1.44646707861924
0.12 0 0.4 1.4983617547786119
0.12 0 0.41000000000000003 2.0379827909639947
0.12 0 0.42 2.394529692669189
0.12 0 0.43 3.3088552403422082
0.12 0 0.44 3.1402842658237557
0.12 0 0.45 2.3120746775628986
0.12 0 0.46 2.825376514972143
0.12 0 0.47000000000000003 2.6326626078116853
0.12 0 0.48 2.779139067443231
0.12 0 0.49 3.2651409468363157
0.12 0 0.5 3.0135344954974723
0.13 0 0.0 0.12122556528119778
0.13 0 0.01 0.11012674080478146
0.13 0 0.02 0.12654998690243874
0.13 0 0.03 0.13566903972894892
0.13 0 0.04 0.17705225493384588
0.13 0 0.05 0.16503073855716152
0.13 0 0.06 0.16866648044124724
0.13 0 0.07 0.222624171294326
0.13 0 0.08 0.2085099438742881
0.13 0 0.09 0.29240556232351717
0.13 0 0.1 0.38000309797572296
0.13 0 0.11 0.38870584548944
0.13 0 0.12 0.4243748258795683
0.13 0 0.13 0.4261832048702041
0.13 0 0.14 0.4983311964574743
0.13 0 0.15 0.5480220793358708
0.13 0 0.16 0.7365777939055071
0.13 0 0.17 0.8659398052862642
0.13 0 0.18 0.9092460143631699
0.13 0 0.19 1.1323260044908816
0.13 0 0.2 1.0160542884883585
0.13 0 0.21 0.9902991499192626
0.13 0 0.22 0.7143466803584643
0.13 0 0.23 0.5291809695443073
0.13 0 0.24 0.6261236198704313
0.13 0 0.25 0.5485772227448972
0.13 0 0.26 0.5852601573266084
0.13 0 0.27 0.6198859766295362
0.13 0 0.28 0.5429818114166574
0.13 0 0.29 0.5163828073072994
0.13 0 0.3 0.4983679771975699
0.13 0 0.31 0.5203704339126995
0.13 0 0.32 0.4286321284444895
0.13 0 0.33 0.4790568064068821
0.13 0 0.34 0.5377569614572701
0.13 0 0.35000000000000003 0.48088521194970885
0.13 0 0.36 0.5455642870999193
0.13 0 0.37 0.5162506603240644
0.13 0 0.38 0.6484946203827382
0.13 0 0.39 0.7404104125628012
0.13 0 0.4 0.7237438222358497
0.13 0 0.41000000000000003 1.0506382031508088
0.13 0 0.42 1.150186249155019
0.13 0 0.43 1.3407340025504138
0.13 0 0.44 1.687319482335904
0.13 0 0.45 1.8002681429814111
0.13 0 0.46 1.6814790600785636
0.13 0 0.47000000000000003 1.6115879857267688
0.13 0 0.48 2.155502412908001
0.13 0 0.49 2.1925585711477225
0.13 0 0.5 2.7847227169744406
0.14 0 0.0 0.1304148409244251
0.14 0 0.01 0.12190629531726233
0.14 0 0.02 0.1529373504379793
0.14 0 0.03 0.13961652867309696
0.14 0 0.04 0.17526695298809145
0.14 0 0.05 0.22269928636115313
0.14 0 0.06 0.25546939172862115
0.14 0 0.07 0.3113206562639322
0.14 0 0.08 0.3845593413004038
0.14 0 0.09 0.4114962119331133
0.14 0 0.1 0.2993907839614917
0.14 0 0.11 0.3700873462541837
0.14 0 0.12 0.5574744175153474
0.14 0 0.13 0.7883993998221063
0.14 0 0.14 1.109798221659313
0.14 0 0.15 0.8304465183963807
0.14 0 0.16 0.6301376948180689
0.14 0 0.17 0.4329390312487094
0.14 0 0.18 0.3440566442784141
0.14 0 0.19 0.4141488500419975
0.14 0 0.2 0.36067705508471043
0.14 0 0.21 0.3363208444051825
0.14 0 0.22 0.34170796460049807
0.14 0 0.23 0.3735770853283662
0.14 0 0.24 0.39670800581686305
0.14 0 0.25 0.43603939535720804
0.14 0 0.26 0.5345479743622895
0.14 0 0.27 0.406832746331573
0.14 0 0.28 0.43255470548965363
0.14 0 0.29 0.5678475048357227
0.14 0 0.3 0.662371180113212
0.14 0 0.31 0.8609299244832515
0.14 0 0.32 0.635002884359419
0.14 0 0.33 0.47273088151329384
0.14 0 0.34 0.3891372579743677
0.14 0 0.35000000000000003 0.3768548809403083
0.14 0 0.36 0.5588987172060291
0.14 0 0.37 0.6433213876314174
0.14 0 0.38 0.6467447244801757
0.14 0 0.39 0.5723945418034555
0.14 0 0.4 0.5586106946909515
0.14 0 0.41000000000000003 0.5147131683647402
0.14 0 0.42 0.461821916109962
0.14 0 0.43 0.6098101447144691
0.14 0 0.44 0.560711493284831
0.14 0 0.45 0.6210443223029241
0.14 0 0.46 0.8048111950118273
0.14 0 0.47000000000000003 0.7790020919602432
0.14 0 0.48 0.9318574911898484
0.14 0 0.49 0.8427701307910008
0.14 0 0.5 0.7667370559471066
0.15 0 0.0 0.6791321884642616
0.15 0 0.01 0.6947916181414858
0.15 0 0.02 0.506222599334426
0.15 0 0.03 0.42261679227166604
0.15 0 0.04 0.5019417060554769
0.15 0 0.05 0.48990525336680246
0.15 0 0.06 0.6203125801688391
0.15 0 0.07 0.5090374912951858
0.15 0 0.08 0.3148960553885229
0.15 0 0.09 0.3363577459791246
0.15 0 0.1 0.3498445764959686
0.15 0 0.11 0.39609428076065256
0.15 0 0.12 0.36199323951187223
0.15 0 0.13 0.326596719941183
0.15 0 0.14 0.3748666313163593
0.15 0 0.15 0.4045263792818528
0.15 0 0.16 0.5277106352069848
0.15 0 0.17 0.5957495360367429
0.15 0 0.18 0.6515701319427946
0.15 0 0.19 0.6016583273207373
0.15 0 0.2 0.6118393558035633
0.15 0 0.21 0.843261902336106
0.15 0 0.22 0.7074381865377379
0.15 0 0.23 0.7570132309657801
0.15 0 0.24 0.8134945788028629
0.15 0 0.25 0.6336620762646463
0.15 0 0.26 0.7159194695178456
0.15 0 0.27 0.842416864360256
0.15 0 0.28 1.0807626691085104
0.15 0 0.29 1.094531023382853
0.15 0 0.3 1.0281821169804306
0.15 0 0.31 1.1453975298709924
0.15 0 0.32 1.1131784076471503
0.15 0 0.33 1.1727359959372339
0.15 0 0.34 0.9899969676687921
0.15 0 0.35000000000000003 0.8929554654565237
0.15 0 0.36 0.6988803801588335
0.15 0 0.37 0.5332279427941131
0.15 0 0.38 0.7109064960311586
0.15 0 0.39 0.6309638886050398
0.15 0 0.4 0.5683018577523427
0.15 0 0.41000000000000003 0.5893742500520028
0.15 0 0.42 0.4487712318617126
0.15 0 0.43 0.4070705772185449
0.15 0 0.44 0.39591644669159265
0.15 0 0.45 0.46248816279367844
0.15 0 0.46 0.4151478200141917
0.15 0 0.47000000000000003 0.30506721948339705
0.15 0 0.48 0.2687599605049737
0.15 0 0.49 0.2651284219631756
0.15 0 0.5 0.3870406435828778
0.16 0 0.0 0.3437825775190722
0.16 0 0.01 0.5398993165894844
0.16 0 0.02 0.7135985130199093
0.16 0 0.03 0.5983983545612256
0.16 0 0.04 0.6040284021587148
0.16 0 0.05 0.6104599188971077
0.16 0 0.06 0.7225758483547821
0.16 0 0.07 0.6689133463220314
0.16 0 0.08 0.5372109586907301
0.16 0 0.09 0.41203300269126897
0.16 0 0.1 0.34872734407921796
0.16 0 0.11 0.45762825622464687
0.16 0 0.12 0.5013558924369921
0.16 0 0.13 0.5697337511559112
0.16 0 0.14 0.5292648925690466
0.16 0 0.15 0.5273538441617825
0.16 0 0.16 0.8591366916631658
0.16 0 0.17 0.8884308663286288
0.16 0 0.18 0.9462115352827711
0.16 0 0.19 0.9871325036240586
0.16 0 0.2 0.8490486557630857
0.16 0 0.21 0.9493999357569295
0.16 0 0.22 1.006944652499435
0.16 0 0.23 1.0535550869445303
0.16 0 0.24 0.9361696751125794
0.16 0 0.25 1.0781428294697704
0.16 0 0.26 1.3978848598092493
0.16 0 0.27 1.4632817530768052
0.16 0 0.28 1.764527787256316
0.16 0 0.29 1.4809865329626035
0.16 0 0.3 1.3853629190171968
0.16 0 0.31 1.3324530433353678
0.16 0 0.32 1.1516858078186252
0.16 0 0.33 1.4183687891547314
0.16 0 0.34 1.1099555490362032
0.16 0 0.35000000000000003 0.8861732692333272
0.16 0 0.36 0.9546037709822929
0.16 0 0.37 1.0084185347535608
0.16 0 0.38 1.166814123274303
0.16 0 0.39 1.1873426341854503
0.16 0 0.4 1.1918096592115925
0.16 0 0.41000000000000003 0.9082839926582201
0.16 0 0.42 0.9332304015599628
0.16 0 0.43 1.228145474789342
0.16 0 0.44 1.097149004203292
0.16 0 0.45 1.1011830671566532
0.16 0 0.46 0.892863648361495
0.16 0 0.47000000000000003 0.8544695121815074
0.16 0 0.48 0.8975628831858236
0.16 0 0.49 0.7223869516401682
0.16 0 0.5 0.8787481542139131
0.17 0 0.0 0.41962019223562674
0.17 0 0.01 0.5725997915496286
0.17 0 0.02 0.5679282387527479
0.17 0 0.03 0.6178624835506882
0.17 0 0.04 0.5264032688015574
0.17 0 0.05 0.3908748149709231
0.17 0 0.06 0.5199543117044453
0.17 0 0.07 0.6824905282428757
0.17 0 0.08 0.9763031241179239
0.17 0 0.09 0.9348006842863545
0.17 0 0.1 0.6742152615077642
0.17 0 0.11 0.7325242257442507
0.17 0 0.12 0.7081978894285578
0.17 0 0.13 0.8874429606108453
0.17 0 0.14 1.0841783486800844
0.17 0 0.15 0.958868108049048
0.17 0 0.16 0.9071328796132165
0.17 0 0.17 1.0873810827051662
0.17 0 0.18 1.5156449518514703
0.17 0 0.19 1.157923585079487
0.17 0 0.2 0.8895919037626686
0.17 0 0.21 0.76973704270427
0.17 0 0.22 0.6557415416828573
0.17 0 0.23 0.9044955066146386
0.17 0 0.24 0.9482463362869599
0.17 0 0.25 0.9439473058654609
0.17 0 0.26 0.8458632920893012
0.17 0 0.27 0.6696516670178918
0.17 0 0.28 0.8385672383348488
0.17 0 0.29 0.9071995504509986
0.17 0 0.3 1.0343857527558356
0.17 0 0.31 1.3391175407389095
0.17 0 0.32 1.754610308971927
0.17 0 0.33 2.0616415877792638
0.17 0 0.34 1.931023528071112
0.17 0 0.35000000000000003 1.9807277034015502
0.17 0 0.36 1.2735651256877676
0.17 0 0.37 1.0140119107640289
0.17 0 0.38 1.239233709016585
0.17 0 0.39 1.2999686895792424
0.17 0 0.4 1.7365583479476911
0.17 0 0.41000000000000003 1.6445239061048162
0.17 0 0.42 1.4677155890097875
0.17 0 0.43 1.4876921997418877
0.17 0 0.44 1.2987589232534442
0.17 0 0.45 1.3544319172979304
0.17 0 0.46 1.140763501760725
0.17 0 0.47000000000000003 1.0527547849726222
0.17 0 0.48 1.1921912994100188
0.17 0 0.49 1.5623906945037598
0.17 0 0.5 1.7357280019527697
0.18 0 0.0 0.27158348662490084
0.18 0 0.01 0.29298066204937734
0.18 0 0.02 0.2880756121339195
0.18 0 0.03 0.3883837579631939
0.18 0 0.04 0.539467648627206
0.18 0 0.05 0.5586213801349922
0.18 0 0.06 0.5449781609236181
0.18 0 0.07 0.43600549592930304
0.18 0 0.08 0.5284546330317441
0.18 0 0.09 0.7358578354268707
0.18 0 0.1 0.8593716996483115
0.18 0 0.11 0.719544951779343
0.18 0 0.12 0.5522713767364452
0.18 0 0.13 0.6505372882582799
0.18 0 0.14 0.6721659289597188
0.18 0 0.15 0.934335098554863
0.18 0 0.16 1.0813187955945656
0.18 0 0.17 0.7405627564090915
0.18 0 0.18 0.8425991130069042
0.18 0 0.19 1.0534390576100503
0.18 0 0.2 1.29272238586217
0.18 0 0.21 1.217702970543263
0.18 0 0.22 0.9227205947028111
0.18 0 0.23 0.9177880513567127
0.18 0 0.24 0.9427594601257916
0.18 0 0.25 1.2756217857895649
0.18 0 0.26 1.576562316992422
0.18 0 0.27 1.6961195323988532
0.18 0 0.28 1.4999879370364613
0.18 0 0.29 1.1804966693494936
0.18 0 0.3 1.3861133998403679
0.18 0 0.31 1.0610696917318105
0.18 0 0.32 0.9085274570048216
0.18 0 0.33 1.0745537934497162
0.18 0 0.34 0.9183596806349548
0.18 0 0.35000000000000003 0.9970992094322385
0.18 0 0.36 1.0835104824911619
0.18 0 0.37 1.203997906947002
0.18 0 0.38 1.2277173697716448
0.18 0 0.39 1.187524764588924
0.18 0 0.4 1.4149024236816075
0.18 0 0.41000000000000003 1.2918467124967434
0.18 0 0.42 1.1596264414269546
0.18 0 0.43 0.9306670055257736
0.18 0 0.44 0.9228499749433081
0.18 0 0.45 1.0126924606433778
0.18 0 0.46 0.7732482825903831
0.18 0 0.47000000000000003 0.8043284042932942
0.18 0 0.48 0.6276991225800306
0.18 0 0.49 0.5376272658812647
0.18 0 0.5 0.8484494225319138
0.19 0 0.0 0.49524135159334043
0.19 0 0.01 0.5791385161684034
0.19 0 0.02 0.5713420844590951
0.19 0 0.03 0.6289501008610376
0.19 0 0.04 0.5746142431068365
0.19 0 0.05 0.5980545185463558
0.19 0 0.06 0.6139105388746745
0.19 0 0.07 0.588642921054848
0.19 0 0.08 0.7303319644697538
0.19 0 0.09 0.5570556786337031
0.19 0 0.1 0.5432239644771041
0.19 0 0.11 0.683320480849341
0.19 0 0.12 0.6572963212504024
0.19 0 0.13 0.7696264688679327
0.19 0 0.14 0.7567842915153097
0.19 0 0.15 0.6793815314004632
0.19 0 0.16 0.511061154042727
0.19 0 0.17 0.38988515792004824
0.19 0 0.18 0.35653845544563595
0.19 0 0.19 0.33626839280222787
0.19 0 0.2 0.4642823921913512
0.19 0 0.21 0.4900322185098799
0.19 0 0.22 0.4637771653438943
0.19 0 0.23 0.42622810754287893
0.19 0 0.24 0.3836797695035816
0.19 0 0.25 0.6250595123140504
0.19 0 0.26 0.716392853389723
0.19 0 0.27 0.6964169961979381
0.19 0 0.28 0.7668633762212721
0.19 0 0.29 0.7271519118731641
0.19 0 0.3 0.9578741169800942
0.19 0 0.31 1.2289455949076813
0.19 0 0.32 1.2691011204163432
0.19 0 0.33 0.8784540319314881
0.19 0 0.34 0.6828534157963299
0.19 0 0.35000000000000003 0.7800046398028748
0.19 0 0.36 0.7962808570048432
0.19 0 0.37 1.0180601759458117
0.19 0 0.38 0.9331148780731998
0.19 0 0.39 0.7888058216319221
0.19 0 0.4 0.8662515354920115
0.19 0 0.41000000000000003 0.9427164064506702
0.19 0 0.42 1.628556898024369
0.19 0 0.43 1.8396794316015448
0.19 0 0.44 1.4234744038668705
0.19 0 0.45 1.3645523147555656
0.19 0 0.46 1.2811272439333663
0.19 0 0.47000000000000003 1.2986923152271188
0.19 0 0.48 1.0693428788229327
0.19 0 0.49 0.8029477581109502
0.19 0 0.5 0.4670548382916149
0.2 0 0.0 0.5503274854002095
0.2 0 0.01 0.665150188423476
0.2 0 0.02 0.7391337502735333
0.2 0 0.03 1.048942454685224
0.2 0 0.04 0.9092599390703221
0.2 0 0.05 0.8396442898427087
0.2 0 0.06 0.8443152403796668
0.2 0 0.07 0.6477195688741253
0.2 0 0.08 0.5991075748387359
0.2 0 0.09 0.5788626095111593
0.2 0 0.1 0.5590634207271674
0.2 0 0.11 0.4179270595921712
0.2 0 0.12 0.4105357534776752
0.2 0 0.13 0.4608383973831797
0.2 0 0.14 0.376142491730259
0.2 0 0.15 0.4383822631766512
0.2 0 0.16 0.47742923642774815
0.2 0 0.17 0.6045333069595143
0.2 0 0.18 0.7873236908847677
0.2 0 0.19 0.7290029570781202
0.2 0 0.2 0.8193598275691475
0.2 0 0.21 0.6285484678566055
0.2 0 0.22 0.45019553970509735
0.2 0 0.23 0.3745101379976686
0.2 0 0.24 0.27848970243099425
0.2 0 0.25 0.25032244907566736
0.2 0 0.26 0.2909117872471567
0.2 0 0.27 0.4760667490651327
0.2 0 0.28 0.5043680074359472
0.2 0 0.29 0.47548330703787256
0.2 0 0.3 0.5410873730821014
0.2 0 0.31 0.49260122349279944
0.2 0 0.32 0.6805649169818152
0.2 0 0.33 0.8323131950652327
0.2 0 0.34 0.9059314471501482
0.2 0 0.35000000000000003 1.0179420617787485
0.2 0 0.36 0.8533099355060595
0.2 0 0.37 0.9458280168148442
0.2 0 0.38 0.8922772566200771
0.2 0 0.39 0.7499156396325493
0.2 0 0.4 0.6992230874009533
0.2 0 0.41000000000000003 0.6884366920027801
0.2 0 0.42 0.7770350225450758
0.2 0 0.43 0.8152208570460252
0.2 0 0.44 1.1154504001217729
0.2 0 0.45 1.0019972728285802
0.2 0 0.46 0.7385392684137985
0.2 0 0.47000000000000003 0.783998198893346
0.2 0 0.48 0.6746574982969518
0.2 0 0.49 0.8018125775628054
0.2 0 0.5 0.8996363419471927
0.21 0 0.0 0.4018366298056975
0.21 0 0.01 0.4819292291290838
0.21 0 0.02 0.5088771634642862
0.21 0 0.03 0.536115153969702
0.21 0 0.04 0.5409357155872653
0.21 0 0.05 0.6532429220460189
0.21 0 0.06 0.5738453156311413
0.21 0 0.07 0.5832320598706653
0.21 0 0.08 0.5704600902224612
0.21 0 0.09 0.3774955040568636
0.21 0 0.1 0.40554050255010776
0.21 0 0.11 0.394491297803299
0.21 0 0.12 0.37615106467326886
0.21 0 0.13 0.41076738369979415
0.21 0 0.14 0.4037475389832074
0.21 0 0.15 0.4564965476489606
0.21 0 0.16 0.38304075367631063
0.21 0 0.17 0.33671353481177513
0.21 0 0.18 0.31493503557751845
0.21 0 0.19 0.29842687816985564
0.21 0 0.2 0.30988285306970315
0.21 0 0.21 0.3087271764508181
0.21 0 0.22 0.40437944162723394
0.21 0 0.23 0.3448740605489766
0.21 0 0.24 0.29649567898823814
0.21 0 0.25 0.3096407349496986
0.21 0 0.26 0.2084214149719562
0.21 0 0.27 0.20937696545468978
0.21 0 0.28 0.23479960186877807
0.21 0 0.29 0.2339474695471689
0.21 0 0.3 0.22028284794832878
0.21 0 0.31 0.1945107653248551
0.21 0 0.32 0.24281039928148773
0.21 0 0.33 0.26699538627981884
0.21 0 0.34 0.2883421298016147
0.21 0 0.35000000000000003 0.2789584360449393
0.21 0 0.36 0.268736722002578
0.21 0 0.37 0.3130989623292191
0.21 0 0.38 0.3439105043824289
0.21 0 0.39 0.5625004598775282
0.21 0 0.4 0.5825026482025976
0.21 0 0.41000000000000003 0.4524258300921583
0.21 0 0.42 0.5470203164341715
0.21 0 0.43 0.5553135031598896
0.21 0 0.44 0.7190791829180747
0.21 0 0.45 1.0037558682998071
0.21 0 0.46 1.2018519204695737
0.21 0 0.47000000000000003 1.1597764290462245
0.21 0 0.48 0.9136275193292702
0.21 0 0.49 1.0090565038281811
0.21 0 0.5 1.0661390552118055
0.22 0 0.0 0.6716811894333741
0.22 0 0.01 0.6193996906094335
0.22 0 0.02 0.6054119057826445
0.22 0 0.03 0.6237001790972291
0.22 0 0.04 0.42540736014721886
0.22 0 0.05 0.4708779326840396
0.22 0 0.06 0.6177414499115719
0.22 0 0.07 0.8217603184806902
0.22 0 0.08 0.8979462048199145
0.22 0 0.09 0.7219568058135
0.22 0 0.1 0.6025513925916604
0.22 0 0.11 0.485734977506548
0.22 0 0.12 0.57677786084086
0.22 0 0.13 0.6585401642775491
0.22 0 0.14 0.7267108880318455
0.22 0 0.15 0.8172603228862395
0.22 0 0.16 0.7725961538748236
0.22 0 0.17 1.0568379691817655
0.22 0 0.18 0.9358778153374313
0.22 0 0.19 0.6963724603694244
0.22 0 0.2 0.6335655903495732
0.22 0 0.21 0.4237337803000341
0.22 0 0.22 0.37792059856082905
0.22 0 0.23 0.3629017779877894
0.22 0 0.24 0.3318685877172294
0.22 0 0.25 0.27142852536273415
0.22 0 0.26 0.2190773054215969
0.22 0 0.27 0.22671133492244466
0.22 0 0.28 0.22308577603680918
0.22 0 0.29 0.32093558223383944
0.22 0 0.3 0.404033856634853
0.22 0 0.31 0.4093773237193842
0.22 0 0.32 0.428999088993631
0.22 0 0.33 0.33678743410391826
0.22 0 0.34 0.37732364978934857
0.22 0 0.35000000000000003 0.3228562793764745
0.22 0 0.36 0.21720579461534448
0.22 0 0.37 0.2112968885342772
0.22 0 0.38 0.19483706494745814
0.22 0 0.39 0.23055931856016706
0.22 0 0.4 0.28208000369575903
0.22 0 0.41000000000000003 0.30236107744140445
0.22 0 0.42 0.2422530824491784
0.22 0 0.43 0.194937916466525
0.22 0 0.44 0.23320532019565998
0.22 0 0.45 0.21961306919201112
0.22 0 0.46 0.2553606162563409
0.22 0 0.47000000000000003 0.2875279414956497
0.22 0 0.48 0.272450142250963
0.22 0 0.49 0.31064272338030685
0.22 0 0.5 0.2739956704782425
0.23 0 0.0 0.2559296434311875
0.23 0 0.01 0.24944095745173747
0.23 0 0.02 0.24371952420947418
0.23 0 0.03 0.25923425536343375
0.23 0 0.04 0.364724361731172
0.23 0 0.05 0.4839610906973884
0.23 0 0.06 0.3641263469553676
0.23 0 0.07 0.3475579638828166
0.23 0 0.08 0.32582853510104204
0.23 0 0.09 0.3448871483125658
0.23 0 0.1 0.41542403361930547
0.23 0 0.11 0.35952547666703666
0.23 0 0.12 0.40254945844527196
0.23 0 0.13 0.3743927050490817
0.23 0 0.14 0.4011464990628648
0.23 0 0.15 0.5749228662080536
0.23 0 0.16 0.5474131169703979
0.23 0 0.17 0.49034235677164084
0.23 0 0.18 0.4619068726853385
0.23 0 0.19 0.5333286194563106
0.23 0 0.2 0.5474958608134737
0.23 0 0.21 0.6229066250454123
0.23 0 0.22 0.8066794213888691
0.23 0 0.23 0.5883053016659017
0.23 0 0.24 0.5043473373371514
0.23 0 0.25 0.44005378315818455
0.23 0 0.26 0.4126693633424183
0.23 0 0.27 0.4863748461807553
0.23 0 0.28 0.39905401313091676
0.23 0 0.29 0.38736534693008395
0.23 0 0.3 0.31909722531820756
0.23 0 0.31 0.25213742309047427
0.23 0 0.32 0.2817848045747885
0.23 0 0.33 0.2925809480625353
0.23 0 0.34 0.29428278634970306
0.23 0 0.35000000000000003 0.26520529149260363
0.23 0 0.36 0.3014678289319497
0.23 0 0.37 0.2864338756572267
0.23 0 0.38 0.2632182642170587
0.23 0 0.39 0.3585076852560039
0.23 0 0.4 0.3179798387773346
0.23 0 0.41000000000000003 0.2946454387200197
0.23 0 0.42 0.26327579531463297
0.23 0 0.43 0.2375424994164675
0.23 0 0.44 0.343694576117662
0.23 0 0.45 0.41606123576852744
0.23 0 0.46 0.4880096639546058
0.23 0 0.47000000000000003 0.40891714903315635
0.23 0 0.48 0.2786666274466861
0.23 0 0.49 0.25973582863743694
0.23 0 0.5 0.2856965411370415
0.24 0 0.0 0.42127429645987774
0.24 0 0.01 0.37776437363436827
0.24 0 0.02 0.46337820978931016
0.24 0 0.03 0.3888967890850399
0.24 0 0.04 0.27867959715161267
0.24 0 0.05 0.2809449608771981
0.24 0 0.06 0.2779728145169713
0.24 0 0.07 0.35596443507082415
0.24 0 0.08 0.3679201830985
0.24 0 0.09 0.38187115610797556
0.24 0 0.1 0.4312340709351221
0.24 0 0.11 0.3984565673684464
0.24 0 0.12 0.36205483900888386
0.24 0 0.13 0.2988090810414867
0.24 0 0.14 0.32815176505155685
0.24 0 0.15 0.3163067524983913
0.24 0 0.16 0.34029479507354726
0.24 0 0.17 0.4275056901522928
0.24 0 0.18 0.3060643201822032
0.24 0 0.19 0.3030982816705098
0.24 0 0.2 0.3096033115698506
0.24 0 0.21 0.2494892866148585
0.24 0 0.22 0.21564004443593834
0.24 0 0.23 0.1622518538933746
0.24 0 0.24 0.1572452544865402
0.24 0 0.25 0.14203072517684906
0.24 0 0.26 0.13666633060002464
0.24 0 0.27 0.13937110256769522
0.24 0 0.28 0.1219326517995443
0.24 0 0.29 0.11844648402903532
0.24 0 0.3 0.11514211517054036
0.24 0 0.31 0.17419274556971234
0.24 0 0.32 0.2071561985200598
0.24 0 0.33 0.1920239591739594
0.24 0 0.34 0.23491185410792972
0.24 0 0.35000000000000003 0.1789759561631627
0.24 0 0.36 0.16533051914417662
0.24 0 0.37 0.19069957925742095
0.24 0 0.38 0.18889350974183802
0.24 0 0.39 0.19291029714529825
0.24 0 0.4 0.19583482841132113
0.24 0 0.41000000000000003 0.2942318393607378
0.24 0 0.42 0.37556727549329544
0.24 0 0.43 0.36488642188146003
0.24 0 0.44 0.29152021473345074
0.24 0 0.45 0.21920972040190262
0.24 0 0.46 0.2368365156476708
0.24 0 0.47000000000000003 0.22858871260791389
0.24 0 0.48 0.28247697339743355
0.24 0 0.49 0.2599797130545103
0.24 0 0.5 0.15822777472227856
0.25 0 0.0 0.2374660926214315
0.25 0 0.01 0.26213875647304313
0.25 0 0.02 0.41922683833492713
0.25 0 0.03 0.5214817018652766
0.25 0 0.04 0.5347209883172905
0.25 0 0.05 0.42051569076355727
0.25 0 0.06 0.326231588551441
0.25 0 0.07 0.35052175089546306
0.25 0 0.08 0.35862387771028664
0.25 0 0.09 0.43809210894855855
0.25 0 0.1 0.3295736652282423
0.25 0 0.11 0.2394233399718341
0.25 0 0.12 0.2792473785657818
0.25 0 0.13 0.23036592614388138
0.25 0 0.14 0.22238868999486017
0.25 0 0.15 0.22062764480255012
0.25 0 0.16 0.21535260595040653
0.25 0 0.17 0.24854717613036081
0.25 0 0.18 0.2674218327929687
0.25 0 0.19 0.28533010980287377
0.25 0 0.2 0.21143952995973217
0.25 0 0.21 0.17337940972849106
0.25 0 0.22 0.14644547940987168
0.25 0 0.23 0.12530384494800437
0.25 0 0.24 0.14041390175287383
0.25 0 0.25 0.12932029788298602
0.25 0 0.26 0.17043203897334605
0.25 0 0.27 0.1949618882029089
0.25 0 0.28 0.17675802571738156
0.25 0 0.29 0.21460056514457745
0.25 0 0.3 0.17796866965672764
0.25 0 0.31 0.16088346995530506
0.25 0 0.32 0.1787445752680436
0.25 0 0.33 0.21249111300972046
0.25 0 0.34 0.24918750118540098
0.25 0 0.35000000000000003 0.24047353774946892
0.25 0 0.36 0.23276072169553663
0.25 0 0.37 0.15558610477472887
0.25 0 0.38 0.12954328684362826
0.25 0 0.39 0.12312457909677152
0.25 0 0.4 0.10034231868143238
0.25 0 0.41000000000000003 0.10641746169995735
0.25 0 0.42 0.09263776247295401
0.25 0 0.43 0.1093947273886379
0.25 0 0.44 0.1210617097389405
0.25 0 0.45 0.09058644158689377
0.25 0 0.46 0.09551301933807611
0.25 0 0.47000000000000003 0.09565844004297246
0.25 0 0.48 0.10516717011631752
0.25 0 0.49 0.12181791007951412
0.25 0 0.5 0.13219060448073977
0.26 0 0.0 0.9530230288588919
0.26 0 0.01 0.5264343580275694
0.26 0 0.02 0.44776485550322837
0.26 0 0.03 0.42266091017452606
0.26 0 0.04 0.5602118592508907
0.26 0 0.05 0.4670542833992172
0.26 0 0.06 0.3024730695652974
0.26 0 0.07 0.2833956592425084
0.26 0 0.08 0.24860244056908806
0.26 0 0.09 0.29952868769250995
0.26 0 0.1 0.32675595792451045
0.26 0 0.11 0.24422966964524778
0.26 0 0.12 0.15834893675276726
0.26 0 0.13 0.1528134099688055
0.26 0 0.14 0.23787042379861442
0.26 0 0.15 0.23175442451267386
0.26 0 0.16 0.21389621868278144
0.26 0 0.17 0.17110862279730732
0.26 0 0.18 0.13836482566957795
0.26 0 0.19 0.1880201187176304
0.26 0 0.2 0.22603520789444806
0.26 0 0.21 0.30622779771373165
0.26 0 0.22 0.2905324190312807
0.26 0 0.23 0.21022168071424946
0.26 0 0.24 0.22215149749001997
0.26 0 0.25 0.20263736800179072
0.26 0 0.26 0.18347145182967547
0.26 0 0.27 0.16576044708076904
0.26 0 0.28 0.1680390633245562
0.26 0 0.29 0.15550642461769665
0.26 0 0.3 0.1470271644399509
0.26 0 0.31 0.20113364532852054
0.26 0 0.32 0.1669748828503611
0.26 0 0.33 0.13429924766644594
0.26 0 0.34 0.11075109562957812
0.26 0 0.35000000000000003 0.07861743564433542
0.26 0 0.36 0.07608916188301626
0.26 0 0.37 0.058916842282420064
0.26 0 0.38 0.057204568219498896
0.26 0 0.39 0.06189194613704463
0.26 0 0.4 0.05869453163144683
0.26 0 0.41000000000000003 0.06955799431827135
0.26 0 0.42 0.071868409971002
0.26 0 0.43 0.07491737917999139
0.26 0 0.44 0.07714061734823731
0.26 0 0.45 0.1036176945696345
0.26 0 0.46 0.12079243197148096
0.26 0 0.47000000000000003 0.09456495845215315
0.26 0 0.48 0.10611009872230574
0.26 0 0.49 0.09463144601190235
0.26 0 0.5 0.09158198884492927
0.27 0 0.0 0.995522919744391
0.27 0 0.01 1.037539941926522
0.27 0 0.02 1.0756423966369422
0.27 0 0.03 0.7762166665044954
0.27 0 0.04 0.6638768174768176
0.27 0 0.05 0.6701581627305767
0.27 0 0.06 0.7932547026459681
0.27 0 0.07 0.6646126831965091
0.27 0 0.08 0.46903205687529054
0.27 0 0.09 0.43012766226759513
0.27 0 0.1 0.32639979153732607
0.27 0 0.11 0.40498894723465084
0.27 0 0.12 0.4678214872430909
0.27 0 0.13 0.35019062876201723
0.27 0 0.14 0.3278818834372782
0.27 0 0.15 0.29458030890483594
0.27 0 0.16 0.3387166434665794
0.27 0 0.17 0.3467168080039434
0.27 0 0.18 0.3136977911159515
0.27 0 0.19 0.31840695045759404
0.27 0 0.2 0.2801046304619088
0.27 0 0.21 0.27543378174195676
0.27 0 0.22 0.24703503209180375
0.27 0 0.23 0.2631103002136429
0.27 0 0.24 0.24451499995706089
0.27 0 0.25 0.22080712298541402
0.27 0 0.26 0.31751488378524384
0.27 0 0.27 0.30758484029803956
0.27 0 0.28 0.36132715522389675
0.27 0 0.29 0.5042690617106612
0.27 0 0.3 0.47346545415938723
0.27 0 0.31 0.43590765248687885
0.27 0 0.32 0.34206641114145997
0.27 0 0.33 0.33833585716106157
0.27 0 0.34 0.34804896540981994
0.27 0 0.35000000000000003 0.3719576678949812
0.27 0 0.36 0.44235986870890126
0.27 0 0.37 0.38503266761146065
0.27 0 0.38 0.3110607897702353
0.27 0 0.39 0.21176755649520904
0.27 0 0.4 0.2207493254394004
0.27 0 0.41000000000000003 0.25402979517526497
0.27 0 0.42 0.2114173476726078
0.27 0 0.43 0.24866082255271416
0.27 0 0.44 0.2037934409499822
0.27 0 0.45 0.17798870383290116
0.27 0 0.46 0.23993684140977972
0.27 0 0.47000000000000003 0.26984157956363575
0.27 0 0.48 0.23987732776576326
0.27 0 0.49 0.1526688808276204
0.27 0 0.5 0.13872744150760938
0.28 0 0.0 0.8751692505426735
0.28 0 0.01 0.8950523468515942
0.28 0 0.02 0.7914533175440679
0.28 0 0.03 0.7467508016397472
0.28 0 0.04 1.0058756526936867
0.28 0 0.05 0.7904361392527888
0.28 0 0.06 0.7268269473127605
0.28 0 0.07 0.7115157690234343
0.28 0 0.08 0.5420997691866013
0.28 0 0.09 0.477586264091279
0.28 0 0.1 0.429639724224023
0.28 0 0.11 0.49932798435236514
0.28 0 0.12 0.49775705290561806
0.28 0 0.13 0.4621326266875335
0.28 0 0.14 0.399045877414237
0.28 0 0.15 0.3104040644246206
0.28 0 0.16 0.3241638589013655
0.28 0 0.17 0.2889700884694437
0.28 0 0.18 0.310298206518798
0.28 0 0.19 0.2869395654379723
0.28 0 0.2 0.25071074099832774
0.28 0 0.21 0.4176642219185651
0.28 0 0.22 0.49081711738185824
0.28 0 0.23 0.4507575781037754
0.28 0 0.24 0.3509052824840122
0.28 0 0.25 0.22627553988490084
0.28 0 0.26 0.2009093953411063
0.28 0 0.27 0.21552324365064787
0.28 0 0.28 0.2732286576562086
0.28 0 0.29 0.23697463287511422
0.28 0 0.3 0.19537174022831885
0.28 0 0.31 0.1862645676965084
0.28 0 0.32 0.1769646791557545
0.28 0 0.33 0.24533916449514803
0.28 0 0.34 0.2540851234008746
0.28 0 0.35000000000000003 0.2747368258705659
0.28 0 0.36 0.29723395982888245
0.28 0 0.37 0.26929858936789436
0.28 0 0.38 0.4192303396828831
0.28 0 0.39 0.5075135035950756
0.28 0 0.4 0.4642217661916829
0.28 0 0.41000000000000003 0.4246858780379162
0.28 0 0.42 0.39939254529248297
0.28 0 0.43 0.4721269846194592
0.28 0 0.44 0.5567944577636624
0.28 0 0.45 0.6989002197438673
0.28 0 0.46 0.5133316238370549
0.28 0 0.47000000000000003 0.3527937897599245
0.28 0 0.48 0.33279378587599195
0.28 0 0.49 0.2679873781992329
0.28 0 0.5 0.2702820974169816
0.29 0 0.0 1.4423421106138066
0.29 0 0.01 1.4401379321238164
0.29 0 0.02 1.4196698110249322
0.29 0 0.03 1.0213754157893835
0.29 0 0.04 0.771670274658477
0.29 0 0.05 0.713685506036801
0.29 0 0.06 0.8697909791717309
0.29 0 0.07 0.8312822972954332
0.29 0 0.08 0.9835152238491703
0.29 0 0.09 1.07737206272565
0.29 0 0.1 0.8054762655390882
0.29 0 0.11 0.7288811393240423
0.29 0 0.12 0.5524735663143094
0.29 0 0.13 0.5541926966986808
0.29 0 0.14 0.5516014757639985
0.29 0 0.15 0.4796574093101118
0.29 0 0.16 0.6308871008233657
0.29 0 0.17 0.6208651292428659
0.29 0 0.18 0.5672729805158032
0.29 0 0.19 0.495770114195448
0.29 0 0.2 0.3518842723246544
0.29 0 0.21 0.23379007075959943
0.29 0 0.22 0.18973499005629396
0.29 0 0.23 0.25172912200710446
0.29 0 0.24 0.22144672001553023
0.29 0 0.25 0.18197945690496198
0.29 0 0.26 0.16637682094213535
0.29 0 0.27 0.13318062921375348
0.29 0 0.28 0.16282180320662726
0.29 0 0.29 0.17141913538979148
0.29 0 0.3 0.1979912189011789
0.29 0 0.31 0.2273844517442039
0.29 0 0.32 0.20471639876382644
0.29 0 0.33 0.26637405865883135
0.29 0 0.34 0.2942287763763067
0.29 0 0.35000000000000003 0.26295361464711037
0.29 0 0.36 0.20884696358544322
0.29 0 0.37 0.18264535996094408
0.29 0 0.38 0.17377897803600578
0.29 0 0.39 0.1616064212626031
0.29 0 0.4 0.24459772515283162
0.29 0 0.41000000000000003 0.2511754655624947
0.29 0 0.42 0.2038192936514083
0.29 0 0.43 0.19226521029138013
0.29 0 0.44 0.15553226598436268
0.29 0 0.45 0.191146349890999
0.29 0 0.46 0.21102025582191547
0.29 0 0.47000000000000003 0.2276041747264171
0.29 0 0.48 0.26521929195958865
0.29 0 0.49 0.24559791937340564
0.29 0 0.5 0.27373149513387574
0.3 0 0.0 0.573856500395216
0.3 0 0.01 0.6215796697326511
0.3 0 0.02 0.5017371910142996
0.3 0 0.03 0.5609795092017489
0.3 0 0.04 0.6414381096708721
0.3 0 0.05 0.5466545577395935
0.3 0 0.06 0.6508073308377367
0.3 0 0.07 0.6244343138156411
0.3 0 0.08 0.6352386437924016
0.3 0 0.09 0.6153740718756869
0.3 0 0.1 0.5262473961446699
0.3 0 0.11 0.5493951266078123
0.3 0 0.12 0.45474355384913084
0.3 0 0.13 0.39272207709014073
0.3 0 0.14 0.3398369785751455
0.3 0 0.15 0.3387343200235602
0.3 0 0.16 0.32585013145455116
0.3 0 0.17 0.2823443448743835
0.3 0 0.18 0.3335433500654862
0.3 0 0.19 0.26053573960994625
0.3 0 0.2 0.24695439244430525
0.3 0 0.21 0.3021702603437337
0.3 0 0.22 0.26534821240804024
0.3 0 0.23 0.2911585318957255
0.3 0 0.24 0.26736693272166234
0.3 0 0.25 0.22154327592580908
0.3 0 0.26 0.16036131790098676
0.3 0 0.27 0.11266520143978602
0.3 0 0.28 0.11815711054166116
0.3 0 0.29 0.12089934051537443
0.3 0 0.3 0.13085360229947196
0.3 0 0.31 0.12159131592214267
0.3 0 0.32 0.13056406736794096
0.3 0 0.33 0.15262263395494993
0.3 0 0.34 0.1505011512170922
0.3 0 0.35000000000000003 0.22004942636714284
0.3 0 0.36 0.19558654668888162
0.3 0 0.37 0.1452388903814108
0.3 0 0.38 0.15569918023501025
0.3 0 0.39 0.13759474147070538
0.3 0 0.4 0.13555602697180205
0.3 0 0.41000000000000003 0.12308049013149334
0.3 0 0.42 0.12239130011061225
0.3 0 0.43 0.11898791289285907
0.3 0 0.44 0.10996540117947959
0.3 0 0.45 0.14251370837643854
0.3 0 0.46 0.1772314147130555
0.3 0 0.47000000000000003 0.23200775416657873
0.3 0 0.48 0.219975696773885
0.3 0 0.49 0.20925845489421555
0.3 0 0.5 0.23019007487191243
#STOP
