#MEDIUM_PROPERTIES_DISTRIBUTED
$MSH_TYPE
	 GROUNDWATER_FLOW	
$MMP_TYPE
	 PERMEABILITY	
$DIS_TYPE
	 NEAREST_VALUE	
;hj
$CONVERSION_FACTOR
2e-8;2e-6;2e-13
$DATA
0.0 0 0.0 0.004701384524860217
0.0 0 0.01 0.00293467494787627
0.0 0 0.02 0.003710621722216222
0.0 0 0.03 0.003039264630369126
0.0 0 0.04 0.001567151572916383
0.0 0 0.05 0.0026937786127070795
0.0 0 0.06 0.0105158294767743
0.0 0 0.07 0.016088034778944
0.0 0 0.08 0.02517799005301511
0.0 0 0.09 0.04526641076179955
0.0 0 0.1 0.046230466916156385
0.0 0 0.11 0.04042288094232518
0.0 0 0.12 0.03447702222246838
0.0 0 0.13 0.06282738936213593
0.0 0 0.14 0.0572905165974963
0.0 0 0.15 0.05324144927564167
0.0 0 0.16 0.03954355808973498
0.0 0 0.17 0.024528993558214567
0.0 0 0.18 0.028628841985964968
0.0 0 0.19 0.02558138000680583
0.0 0 0.2 0.01751842447431096
0.0 0 0.21 0.012979238233608345
0.0 0 0.22 0.018149047049414047
0.0 0 0.23 0.014863622938570974
0.0 0 0.24 0.04313752694071938
0.0 0 0.25 0.1667576146434311
0.0 0 0.26 0.1464529375107937
0.0 0 0.27 0.1524851539746503
0.0 0 0.28 0.14020286328441717
0.0 0 0.29 0.11793564550233719
0.0 0 0.3 0.14285190871179418
0.0 0 0.31 0.29809662416819876
0.0 0 0.32 0.5826469311426828
0.0 0 0.33 1.0575689317997992
0.0 0 0.34 0.8565947652619875
0.0 0 0.35000000000000003 0.41848308464053247
0.0 0 0.36 0.18136190966967547
0.0 0 0.37 0.13918706040110482
0.0 0 0.38 0.19220579014121128
0.0 0 0.39 0.23012941577519494
0.0 0 0.4 0.5406667105940781
0.0 0 0.41000000000000003 0.4673710948299868
0.0 0 0.42 0.23139292869026964
0.0 0 0.43 0.19084798290560892
0.0 0 0.44 0.5224019988346582
0.0 0 0.45 2.001137948652012
0.0 0 0.46 5.821835652951888
0.0 0 0.47000000000000003 17.09730316893963
0.0 0 0.48 17.2352248655374
0.0 0 0.49 16.73890814248017
0.0 0 0.5 18.75674444584793
0.01 0 0.0 0.010520953796848354
0.01 0 0.01 0.007892330094969298
0.01 0 0.02 0.01655238974755378
0.01 0 0.03 0.05341387214183878
0.01 0 0.04 0.047181955077144434
0.01 0 0.05 0.08350702765586031
0.01 0 0.06 0.0698276357593431
0.01 0 0.07 0.04368337538632321
0.01 0 0.08 0.04793771716879494
0.01 0 0.09 0.06192609158226321
0.01 0 0.1 0.08361134844893385
0.01 0 0.11 0.11050845524312927
0.01 0 0.12 0.11179547634757105
0.01 0 0.13 0.08223510559890547
0.01 0 0.14 0.12704621324414395
0.01 0 0.15 0.12070788773642624
0.01 0 0.16 0.12000375323855736
0.01 0 0.17 0.27813720107996187
0.01 0 0.18 0.6172843548375011
0.01 0 0.19 0.34124428272428875
0.01 0 0.2 0.20223533152810025
0.01 0 0.21 0.29241951582439124
0.01 0 0.22 0.2043494871315443
0.01 0 0.23 0.13725845760097094
0.01 0 0.24 0.20242240504522976
0.01 0 0.25 0.3298977988763593
0.01 0 0.26 0.24489358328271693
0.01 0 0.27 0.5325646234862127
0.01 0 0.28 1.0476327996479242
0.01 0 0.29 1.0923216015226545
0.01 0 0.3 0.814040327536148
0.01 0 0.31 0.39143407457186474
0.01 0 0.32 0.4875143252115296
0.01 0 0.33 0.34628183723305245
0.01 0 0.34 0.35296739014875445
0.01 0 0.35000000000000003 0.5206045794247022
0.01 0 0.36 0.5365803441121837
0.01 0 0.37 0.3385134551252923
0.01 0 0.38 0.13523554069813984
0.01 0 0.39 0.0756650675151726
0.01 0 0.4 0.11436486754486389
0.01 0 0.41000000000000003 0.28729520095784494
0.01 0 0.42 0.3328335208911224
0.01 0 0.43 0.7846706194854786
0.01 0 0.44 0.9558273292601658
0.01 0 0.45 0.41989657942246755
0.01 0 0.46 0.7906562131875791
0.01 0 0.47000000000000003 4.953587394109086
0.01 0 0.48 12.010827475786417
0.01 0 0.49 21.675277554605625
0.01 0 0.5 35.438715835819565
0.02 0 0.0 0.0413434368951872
0.02 0 0.01 0.05093018833285406
0.02 0 0.02 0.07057552705542457
0.02 0 0.03 0.05016785290581286
0.02 0 0.04 0.055468137284483035
0.02 0 0.05 0.10687693485874902
0.02 0 0.06 0.07281559926321828
0.02 0 0.07 0.03374950343193005
0.02 0 0.08 0.03343439373888028
0.02 0 0.09 0.02049756772402329
0.02 0 0.1 0.03772442960717556
0.02 0 0.11 0.09618311590440484
0.02 0 0.12 0.16723611448474807
0.02 0 0.13 0.23093796012084117
0.02 0 0.14 0.22134704281949139
0.02 0 0.15 0.2099916043564829
0.02 0 0.16 0.1735073624189686
0.02 0 0.17 0.20752330611258984
0.02 0 0.18 0.14202939377655763
0.02 0 0.19 0.12066529506080537
0.02 0 0.2 0.10123939996273962
0.02 0 0.21 0.1807021718366833
0.02 0 0.22 0.31437165132418604
0.02 0 0.23 0.22073702750145566
0.02 0 0.24 0.4146609078580532
0.02 0 0.25 0.5456328175905792
0.02 0 0.26 0.5163941867294329
0.02 0 0.27 0.8310239372668091
0.02 0 0.28 1.5118000894431969
0.02 0 0.29 1.6809011162995025
0.02 0 0.3 2.441756271187412
0.02 0 0.31 2.7477047839731674
0.02 0 0.32 1.87424296153993
0.02 0 0.33 1.37434381274929
0.02 0 0.34 0.9873795089309748
0.02 0 0.35000000000000003 0.8956483778742046
0.02 0 0.36 0.9853620534668689
0.02 0 0.37 1.5033048805729197
0.02 0 0.38 0.6408502305812751
0.02 0 0.39 0.46882478925637566
0.02 0 0.4 0.5956900969916314
0.02 0 0.41000000000000003 0.26948100567211886
0.02 0 0.42 0.21727025678632247
0.02 0 0.43 0.6137055069876969
0.02 0 0.44 1.4763134490140126
0.02 0 0.45 1.3488284506401829
0.02 0 0.46 3.1923946636002336
0.02 0 0.47000000000000003 3.8941547057879697
0.02 0 0.48 4.454152726608499
0.02 0 0.49 8.268419438547374
0.02 0 0.5 8.790063585700265
0.03 0 0.0 0.14378595755365334
0.03 0 0.01 0.13972084558852882
0.03 0 0.02 0.3271735036675352
0.03 0 0.03 0.38141482687209394
0.03 0 0.04 0.2684285360963334
0.03 0 0.05 0.22329305344541764
0.03 0 0.06 0.17705425354702226
0.03 0 0.07 0.176316804110927
0.03 0 0.08 0.14192389028075492
0.03 0 0.09 0.14425767535035958
0.03 0 0.1 0.12220608589981286
0.03 0 0.11 0.11955457681004032
0.03 0 0.12 0.11244213324285778
0.03 0 0.13 0.21672058341931405
0.03 0 0.14 0.41988167533101073
0.03 0 0.15 0.3777132861540987
0.03 0 0.16 0.3234510633352189
0.03 0 0.17 0.3788562399746464
0.03 0 0.18 0.3942415465060936
0.03 0 0.19 0.26638891169691425
0.03 0 0.2 0.4378514881498149
0.03 0 0.21 0.5435223601231437
0.03 0 0.22 0.2718745893206184
0.03 0 0.23 0.1859517068700354
0.03 0 0.24 0.41346727327623506
0.03 0 0.25 0.35381199023211496
0.03 0 0.26 0.3777837628019795
0.03 0 0.27 1.508052026229359
0.03 0 0.28 1.8281979138159152
0.03 0 0.29 3.2614963297323034
0.03 0 0.3 3.911670940890863
0.03 0 0.31 2.5371298656933323
0.03 0 0.32 2.2694575639927472
0.03 0 0.33 2.5629557831535923
0.03 0 0.34 2.2185998478770843
0.03 0 0.35000000000000003 1.885599341498459
0.03 0 0.36 1.579698862754155
0.03 0 0.37 0.4024603287095259
0.03 0 0.38 0.22001282753984286
0.03 0 0.39 0.28826182633599945
0.03 0 0.4 0.34498953723294423
0.03 0 0.41000000000000003 0.2750772678121866
0.03 0 0.42 0.3318385017272167
0.03 0 0.43 0.3690329817689325
0.03 0 0.44 0.18328747229687845
0.03 0 0.45 0.1658447282235525
0.03 0 0.46 0.35205812374962886
0.03 0 0.47000000000000003 0.7227086955214748
0.03 0 0.48 0.8543891458159617
0.03 0 0.49 1.2565270296902216
0.03 0 0.5 1.1613405513717474
0.04 0 0.0 0.0900122981316254
0.04 0 0.01 0.09937606908870533
0.04 0 0.02 0.1581500075266052
0.04 0 0.03 0.21218097310562756
0.04 0 0.04 0.31428488675274224
0.04 0 0.05 0.7709829007006856
0.04 0 0.06 1.0246613021516626
0.04 0 0.07 2.968376752314281
0.04 0 0.08 4.26841919947229
0.04 0 0.09 1.7491819850145336
0.04 0 0.1 1.5679937145689038
0.04 0 0.11 1.165358120932564
0.04 0 0.12 0.5258189707258518
0.04 0 0.13 0.5208630584073464
0.04 0 0.14 1.277865886058125
0.04 0 0.15 0.7271422926463923
0.04 0 0.16 0.7015406780633786
0.04 0 0.17 0.9405430568279602
0.04 0 0.18 0.4689635526751554
0.04 0 0.19 0.3651269566685091
0.04 0 0.2 0.3864517230863035
0.04 0 0.21 0.45537296969800034
0.04 0 0.22 0.28509074644985277
0.04 0 0.23 0.2621245005259365
0.04 0 0.24 0.21634696439994414
0.04 0 0.25 0.17764100375854838
0.04 0 0.26 0.2616521551647181
0.04 0 0.27 0.3745861469461281
0.04 0 0.28 0.5840701762354177
0.04 0 0.29 1.1561041591718275
0.04 0 0.3 1.2458381000245682
0.04 0 0.31 0.9051802640358992
0.04 0 0.32 1.2834784517165725
0.04 0 0.33 0.7213499397765103
0.04 0 0.34 0.47541293728932227
0.04 0 0.35000000000000003 0.5483858811008793
0.04 0 0.36 0.7440874757854264
0.04 0 0.37 0.7073262959410177
0.04 0 0.38 0.3517634870554408
0.04 0 0.39 0.20968870492810304
0.04 0 0.4 0.09211145245918528
0.04 0 0.41000000000000003 0.048035180359064254
0.04 0 0.42 0.04371036404892137
0.04 0 0.43 0.1273201642975052
0.04 0 0.44 0.09436237842577593
0.04 0 0.45 0.05424468636973938
0.04 0 0.46 0.12481331945398182
0.04 0 0.47000000000000003 0.12363188429227182
0.04 0 0.48 0.16720336048011186
0.04 0 0.49 0.3782091760152265
0.04 0 0.5 0.781875198865723
0.05 0 0.0 0.011843642144715442
0.05 0 0.01 0.027138764650339667
0.05 0 0.02 0.06789358675992933
0.05 0 0.03 0.11668158344348496
0.05 0 0.04 0.273384932692958
0.05 0 0.05 0.30960991117423037
0.05 0 0.06 0.4307899197952064
0.05 0 0.07 0.4125912668447378
0.05 0 0.08 0.34581948064672513
0.05 0 0.09 0.7718470271125929
0.05 0 0.1 2.6830906233756187
0.05 0 0.11 2.2033571672117134
0.05 0 0.12 1.1729083402960674
0.05 0 0.13 1.3383184571279187
0.05 0 0.14 0.7626906525357298
0.05 0 0.15 0.7212370656318762
0.05 0 0.16 1.0454070246641263
0.05 0 0.17 0.5901791762931419
0.05 0 0.18 0.1406182795358697
0.05 0 0.19 0.05160978618227187
0.05 0 0.2 0.02172579990934028
0.05 0 0.21 0.020644221502883083
0.05 0 0.22 0.02818749042756285
0.05 0 0.23 0.033362996152652605
0.05 0 0.24 0.06103642972472456
0.05 0 0.25 0.04045584321234421
0.05 0 0.26 0.055840422162025664
0.05 0 0.27 0.09875649049972468
0.05 0 0.28 0.16022149697897595
0.05 0 0.29 0.29011896975052975
0.05 0 0.3 0.2863442883246438
0.05 0 0.31 0.22559023604736955
0.05 0 0.32 0.20855355281806667
0.05 0 0.33 0.30365241061536186
0.05 0 0.34 0.23032539454760526
0.05 0 0.35000000000000003 0.25827532345578386
0.05 0 0.36 0.2183838036769178
0.05 0 0.37 0.1164629573066888
0.05 0 0.38 0.1278164495247157
0.05 0 0.39 0.23889661372190316
0.05 0 0.4 0.25656342458623266
0.05 0 0.41000000000000003 0.1567365697706192
0.05 0 0.42 0.14366072806973484
0.05 0 0.43 0.06858236104203455
0.05 0 0.44 0.03932470194052091
0.05 0 0.45 0.05662346184023123
0.05 0 0.46 0.06744183246347707
0.05 0 0.47000000000000003 0.03190440862118498
0.05 0 0.48 0.036158120368475176
0.05 0 0.49 0.037718144121280744
0.05 0 0.5 0.038939120029130275
0.06 0 0.0 0.03398201335445832
0.06 0 0.01 0.02432334440032045
0.06 0 0.02 0.045485204564913444
0.06 0 0.03 0.06864201742578757
0.06 0 0.04 0.06273134431742101
0.06 0 0.05 0.10136821521769136
0.06 0 0.06 0.2869976692639413
0.06 0 0.07 0.665538155759852
0.06 0 0.08 0.788726892094645
0.06 0 0.09 2.0205458943487917
0.06 0 0.1 3.5757398809732908
0.06 0 0.11 4.092590315543583
0.06 0 0.12 5.128400095482883
0.06 0 0.13 13.642105103097508
0.06 0 0.14 10.517048857515386
0.06 0 0.15 1.4962874852135526
0.06 0 0.16 0.5187225931928533
0.06 0 0.17 0.22258651862076734
0.06 0 0.18 0.16505894517804692
0.06 0 0.19 0.16359326230740925
0.06 0 0.2 0.26146678449795474
0.06 0 0.21 0.24290737479705565
0.06 0 0.22 0.11696268649181928
0.06 0 0.23 0.10353469005569517
0.06 0 0.24 0.09628389102603599
0.06 0 0.25 0.0957168243305381
0.06 0 0.26 0.10903398940556142
0.06 0 0.27 0.09087591326287062
0.06 0 0.28 0.0703484103150507
0.06 0 0.29 0.09983369568320087
0.06 0 0.3 0.05313087966300172
0.06 0 0.31 0.05943649753893833
0.06 0 0.32 0.13769636790611564
0.06 0 0.33 0.07037988821353715
0.06 0 0.34 0.03107601519619899
0.06 0 0.35000000000000003 0.03551491863103184
0.06 0 0.36 0.03649191482863965
0.06 0 0.37 0.021434564233301614
0.06 0 0.38 0.04695372449005947
0.06 0 0.39 0.055279108822681715
0.06 0 0.4 0.033054958334385064
0.06 0 0.41000000000000003 0.022119119082682295
0.06 0 0.42 0.015981965092120298
0.06 0 0.43 0.014193302995137888
0.06 0 0.44 0.008425540298542698
0.06 0 0.45 0.014985588924917694
0.06 0 0.46 0.023682294534706747
0.06 0 0.47000000000000003 0.027737842297450462
0.06 0 0.48 0.027239203895265827
0.06 0 0.49 0.02034686904150125
0.06 0 0.5 0.020137442095142222
0.07 0 0.0 0.03356893550844132
0.07 0 0.01 0.04669741072831168
0.07 0 0.02 0.08445102274579627
0.07 0 0.03 0.20678079878988645
0.07 0 0.04 0.6201026497768592
0.07 0 0.05 1.8237710114646348
0.07 0 0.06 3.473687206066142
0.07 0 0.07 4.920128984999667
0.07 0 0.08 6.874214765705723
0.07 0 0.09 10.054532133960299
0.07 0 0.1 15.311325441761126
0.07 0 0.11 6.257294399691287
0.07 0 0.12 4.210993173581765
0.07 0 0.13 5.459466894005001
0.07 0 0.14 4.199211007361047
0.07 0 0.15 5.384621401121584
0.07 0 0.16 16.999324109369166
0.07 0 0.17 12.680003722070099
0.07 0 0.18 3.984660045442228
0.07 0 0.19 1.575572445440296
0.07 0 0.2 0.4097268879624854
0.07 0 0.21 0.3634378881777449
0.07 0 0.22 0.37440811067579616
0.07 0 0.23 0.38999442412452884
0.07 0 0.24 0.34966386339820404
0.07 0 0.25 0.33272212497928577
0.07 0 0.26 0.228327992059232
0.07 0 0.27 0.10681487472480584
0.07 0 0.28 0.15281336851732868
0.07 0 0.29 0.12630030008367338
0.07 0 0.3 0.08540202837166215
0.07 0 0.31 0.0810376011921451
0.07 0 0.32 0.06862701756879656
0.07 0 0.33 0.024946514089439598
0.07 0 0.34 0.015405730278402195
0.07 0 0.35000000000000003 0.02007617845398374
0.07 0 0.36 0.01452221894528954
0.07 0 0.37 0.012256891123205254
0.07 0 0.38 0.009369768145002306
0.07 0 0.39 0.010658006874863544
0.07 0 0.4 0.016864080360074203
0.07 0 0.41000000000000003 0.026275953708207882
0.07 0 0.42 0.031441531564195546
0.07 0 0.43 0.034662912441695705
0.07 0 0.44 0.019391595514641282
0.07 0 0.45 0.010478772398575949
0.07 0 0.46 0.006953230757290758
0.07 0 0.47000000000000003 0.005315892179886899
0.07 0 0.48 0.00918421740671287
0.07 0 0.49 0.006970784632828703
0.07 0 0.5 0.01270726903947424
0.08 0 0.0 0.15219583107273923
0.08 0 0.01 0.21395729342727646
0.08 0 0.02 0.43529590424377207
0.08 0 0.03 0.39341972754990656
0.08 0 0.04 0.32839194333808086
0.08 0 0.05 0.7128680352100658
0.08 0 0.06 2.6542334632223055
0.08 0 0.07 1.9021604766397016
0.08 0 0.08 1.9057865397364135
0.08 0 0.09 3.2737530001976856
0.08 0 0.1 1.851471039370592
0.08 0 0.11 1.0146024350921958
0.08 0 0.12 1.4173177647481758
0.08 0 0.13 1.8635115063549852
0.08 0 0.14 0.4472608280270605
0.08 0 0.15 0.2907883284725712
0.08 0 0.16 0.2614429645455384
0.08 0 0.17 0.19597410673524585
0.08 0 0.18 0.26369650940504
0.08 0 0.19 0.2541915477297498
0.08 0 0.2 0.24170792914336148
0.08 0 0.21 0.14327104486628245
0.08 0 0.22 0.05388811679899786
0.08 0 0.23 0.042228751162780784
0.08 0 0.24 0.12181250879249038
0.08 0 0.25 0.2280414636251734
0.08 0 0.26 0.3026349941541692
0.08 0 0.27 0.28711394700897075
0.08 0 0.28 0.20719022578264593
0.08 0 0.29 0.08118173041733759
0.08 0 0.3 0.028672315585721333
0.08 0 0.31 0.04567300153053531
0.08 0 0.32 0.0609852805211035
0.08 0 0.33 0.044850204189151394
0.08 0 0.34 0.04310002533658901
0.08 0 0.35000000000000003 0.07045122481958634
0.08 0 0.36 0.039167108617725835
0.08 0 0.37 0.05650256332290674
0.08 0 0.38 0.3163977575001455
0.08 0 0.39 0.5171040678028569
0.08 0 0.4 0.4198511220470199
0.08 0 0.41000000000000003 0.12586735697454893
0.08 0 0.42 0.04422704531830069
0.08 0 0.43 0.02129600489171726
0.08 0 0.44 0.02460789022672919
0.08 0 0.45 0.03663433989037673
0.08 0 0.46 0.028716266371782116
0.08 0 0.47000000000000003 0.02363492263718196
0.08 0 0.48 0.01328993883256686
0.08 0 0.49 0.009911150883782352
0.08 0 0.5 0.018689827570047446
0.09 0 0.0 0.20142298621196378
0.09 0 0.01 0.20140915738877632
0.09 0 0.02 0.401625221093662
0.09 0 0.03 0.4632649371671788
0.09 0 0.04 0.3856897475867575
0.09 0 0.05 0.7051119142577984
0.09 0 0.06 0.7382726238315259
0.09 0 0.07 0.9586268543505571
0.09 0 0.08 1.5332593303062263
0.09 0 0.09 1.9666574759208353
0.09 0 0.1 1.2116952925377138
0.09 0 0.11 0.6449548528953567
0.09 0 0.12 0.5890518342467409
0.09 0 0.13 0.5654992382658711
0.09 0 0.14 0.3770265748184087
0.09 0 0.15 0.3226460835600112
0.09 0 0.16 0.33002470704018666
0.09 0 0.17 0.15237853173111007
0.09 0 0.18 0.13504179989568713
0.09 0 0.19 0.10339234079831043
0.09 0 0.2 0.1420983671448721
0.09 0 0.21 0.23676154645606126
0.09 0 0.22 0.18340734440973686
0.09 0 0.23 0.18348573746999003
0.09 0 0.24 0.17778464997192783
0.09 0 0.25 0.17944237676694627
0.09 0 0.26 0.09067899281403517
0.09 0 0.27 0.09922285730743473
0.09 0 0.28 0.11472538608820625
0.09 0 0.29 0.051969405666902446
0.09 0 0.3 0.027224548379087433
0.09 0 0.31 0.03883719792269859
0.09 0 0.32 0.059492515213905355
0.09 0 0.33 0.045888775035737114
0.09 0 0.34 0.09977734151303008
0.09 0 0.35000000000000003 0.14435036250855282
0.09 0 0.36 0.10006394968189194
0.09 0 0.37 0.07812126712856346
0.09 0 0.38 0.07084805014769552
0.09 0 0.39 0.08089188302671185
0.09 0 0.4 0.13680052554692962
0.09 0 0.41000000000000003 0.16251178585478684
0.09 0 0.42 0.19220370006333032
0.09 0 0.43 0.15634736097360288
0.09 0 0.44 0.021199364984766534
0.09 0 0.45 0.005586475040040432
0.09 0 0.46 0.0039663784353060685
0.09 0 0.47000000000000003 0.005606373591917607
0.09 0 0.48 0.0048071224977715085
0.09 0 0.49 0.003984496361541417
0.09 0 0.5 0.006399483404789931
0.1 0 0.0 0.7012160843968925
0.1 0 0.01 0.7638245712414657
0.1 0 0.02 0.6302958861603852
0.1 0 0.03 0.40934896078927463
0.1 0 0.04 0.5737656639956028
0.1 0 0.05 1.5730632401199862
0.1 0 0.06 1.5107620451399169
0.1 0 0.07 0.7993882696752822
0.1 0 0.08 1.1778313631284696
0.1 0 0.09 1.3194481206946431
0.1 0 0.1 1.539943994844421
0.1 0 0.11 1.513427353177843
0.1 0 0.12 2.317137348671572
0.1 0 0.13 1.3626100560198753
0.1 0 0.14 0.6234417042688924
0.1 0 0.15 1.065297281917693
0.1 0 0.16 1.0355470770875639
0.1 0 0.17 1.0358356231623267
0.1 0 0.18 1.2445073928041785
0.1 0 0.19 1.2782141225888033
0.1 0 0.2 1.3760361685718248
0.1 0 0.21 1.3610717541395154
0.1 0 0.22 0.554496791882591
0.1 0 0.23 0.4472149557321191
0.1 0 0.24 0.4615961867717582
0.1 0 0.25 0.15866443458836388
0.1 0 0.26 0.07439865761094083
0.1 0 0.27 0.059324414973006
0.1 0 0.28 0.038060535446192846
0.1 0 0.29 0.015821889882803242
0.1 0 0.3 0.02284424602067453
0.1 0 0.31 0.030811061475132823
0.1 0 0.32 0.021178802136214647
0.1 0 0.33 0.016108470215411702
0.1 0 0.34 0.02715775941613152
0.1 0 0.35000000000000003 0.05130195008880728
0.1 0 0.36 0.05549079984709116
0.1 0 0.37 0.14483855604198703
0.1 0 0.38 0.14067131246885867
0.1 0 0.39 0.09691818434860275
0.1 0 0.4 0.06420459752530269
0.1 0 0.41000000000000003 0.04349166848646741
0.1 0 0.42 0.05694517821898531
0.1 0 0.43 0.06410767218784559
0.1 0 0.44 0.053657607722636474
0.1 0 0.45 0.02073458499027001
0.1 0 0.46 0.008044934651714521
0.1 0 0.47000000000000003 0.00306492917619227
0.1 0 0.48 0.001577826270340261
0.1 0 0.49 0.002550004767917767
0.1 0 0.5 0.013397518984663646
0.11 0 0.0 6.493564297854793
0.11 0 0.01 9.349605571449944
0.11 0 0.02 13.09410658989082
0.11 0 0.03 3.6665904061505734
0.11 0 0.04 2.4909947103328127
0.11 0 0.05 4.231203812413117
0.11 0 0.06 4.504376477083569
0.11 0 0.07 5.648284774346937
0.11 0 0.08 7.255847247669333
0.11 0 0.09 3.8277433034035138
0.11 0 0.1 1.0595313084822833
0.11 0 0.11 0.38817383472336686
0.11 0 0.12 0.21662383601245025
0.11 0 0.13 0.28181682256526946
0.11 0 0.14 0.35678728085725686
0.11 0 0.15 0.6305996792156549
0.11 0 0.16 0.8521045852328131
0.11 0 0.17 1.4917855967263276
0.11 0 0.18 2.0872942476522427
0.11 0 0.19 1.544723452803722
0.11 0 0.2 2.0923347543310737
0.11 0 0.21 0.9218967805362503
0.11 0 0.22 0.3485450976619394
0.11 0 0.23 0.2099184938136868
0.11 0 0.24 0.14771836299115407
0.11 0 0.25 0.06328106054430699
0.11 0 0.26 0.048582664170278164
0.11 0 0.27 0.11396243666978098
0.11 0 0.28 0.13371871992416454
0.11 0 0.29 0.0768287631927042
0.11 0 0.3 0.03573451151914004
0.11 0 0.31 0.034700921865180055
0.11 0 0.32 0.019463893360425092
0.11 0 0.33 0.01769965320120833
0.11 0 0.34 0.04960335790691734
0.11 0 0.35000000000000003 0.059178066793376165
0.11 0 0.36 0.039496302406810464
0.11 0 0.37 0.05057862796579656
0.11 0 0.38 0.07257135034908706
0.11 0 0.39 0.09794305467775755
0.11 0 0.4 0.11899910098997483
0.11 0 0.41000000000000003 0.0434592408558561
0.11 0 0.42 0.03186548463669488
0.11 0 0.43 0.016393537314557314
0.11 0 0.44 0.0072171226782617726
0.11 0 0.45 0.015673699855380342
0.11 0 0.46 0.04991712264869795
0.11 0 0.47000000000000003 0.04591358393545145
0.11 0 0.48 0.01801509352263887
0.11 0 0.49 0.022763604026986125
0.11 0 0.5 0.013616946191550539
0.12 0 0.0 2.0652797002183276
0.12 0 0.01 7.506110731969489
0.12 0 0.02 11.238437595477146
0.12 0 0.03 11.391449663412567
0.12 0 0.04 13.990272281413715
0.12 0 0.05 12.46045350005083
0.12 0 0.06 4.001263736307923
0.12 0 0.07 3.7420228951728185
0.12 0 0.08 3.3447781524739972
0.12 0 0.09 3.3136418892501425
0.12 0 0.1 4.120678469602732
0.12 0 0.11 3.442693976368219
0.12 0 0.12 3.6667754171684646
0.12 0 0.13 1.5611417996546277
0.12 0 0.14 0.7655961835926426
0.12 0 0.15 0.5224297736887156
0.12 0 0.16 0.5164671975817509
0.12 0 0.17 0.7738630679318064
0.12 0 0.18 1.0241623059928582
0.12 0 0.19 0.8140264720238027
0.12 0 0.2 0.9418963697464305
0.12 0 0.21 1.0264722265571529
0.12 0 0.22 0.7518157749294527
0.12 0 0.23 1.3923094055290572
0.12 0 0.24 1.2590734787900015
0.12 0 0.25 0.49789384832184125
0.12 0 0.26 0.25582795539384223
0.12 0 0.27 0.17115438966832283
0.12 0 0.28 0.05046488510445019
0.12 0 0.29 0.03542459543574595
0.12 0 0.3 0.061518589358343416
0.12 0 0.31 0.04394801692698985
0.12 0 0.32 0.03016913789964013
0.12 0 0.33 0.02008582531803849
0.12 0 0.34 0.024307451994827145
0.12 0 0.35000000000000003 0.03035060380551858
0.12 0 0.36 0.07410681073786342
0.12 0 0.37 0.0673032850487103
0.12 0 0.38 0.01740807751880039
0.12 0 0.39 0.009619158263653156
0.12 0 0.4 0.004207887383056029
0.12 0 0.41000000000000003 0.006245985372277983
0.12 0 0.42 0.034369933287842824
0.12 0 0.43 0.07935036775651523
0.12 0 0.44 0.04112258475408418
0.12 0 0.45 0.023828111587612225
0.12 0 0.46 0.010973439993351437
0.12 0 0.47000000000000003 0.00574556607846372
0.12 0 0.48 0.009142023792579303
0.12 0 0.49 0.022581617756026594
0.12 0 0.5 0.032389986118827006
0.13 0 0.0 0.5150580431023581
0.13 0 0.01 1.258094818878267
0.13 0 0.02 2.065530854103405
0.13 0 0.03 1.802824854029898
0.13 0 0.04 4.0678609134068
0.13 0 0.05 5.950849863629146
0.13 0 0.06 3.7273409414145204
0.13 0 0.07 3.078724239431664
0.13 0 0.08 4.407390363845732
0.13 0 0.09 4.291457282802271
0.13 0 0.1 3.934125422691538
0.13 0 0.11 2.1917419929627324
0.13 0 0.12 1.638742996274563
0.13 0 0.13 1.3130006338478177
0.13 0 0.14 0.9970603718312222
0.13 0 0.15 0.8975384255533121
0.13 0 0.16 0.7279918145344398
0.13 0 0.17 0.8322442471553958
0.13 0 0.18 0.3183212475189579
0.13 0 0.19 0.4238802559515563
0.13 0 0.2 1.3443752005175267
0.13 0 0.21 1.064798674593817
0.13 0 0.22 0.5925790934151711
0.13 0 0.23 0.5764126426266373
0.13 0 0.24 0.3050275621070257
0.13 0 0.25 0.10248368919912111
0.13 0 0.26 0.18817977602366265
0.13 0 0.27 0.1973702399664867
0.13 0 0.28 0.12649932366452563
0.13 0 0.29 0.10406592851444313
0.13 0 0.3 0.07244009713360566
0.13 0 0.31 0.04875908652258537
0.13 0 0.32 0.02351883800053037
0.13 0 0.33 0.012710254469672078
0.13 0 0.34 0.010065113766033845
0.13 0 0.35000000000000003 0.0071931869057719365
0.13 0 0.36 0.004254434440354364
0.13 0 0.37 0.00821464798624181
0.13 0 0.38 0.021554579455058162
0.13 0 0.39 0.05273106574024543
0.13 0 0.4 0.05234829763281544
0.13 0 0.41000000000000003 0.04249188045078329
0.13 0 0.42 0.047221662351286664
0.13 0 0.43 0.03667109327071457
0.13 0 0.44 0.07685179875516587
0.13 0 0.45 0.16781688594361563
0.13 0 0.46 0.19840316969649044
0.13 0 0.47000000000000003 0.06055305630156889
0.13 0 0.48 0.02604369605702086
0.13 0 0.49 0.02319037126296781
0.13 0 0.5 0.014963112526602314
0.14 0 0.0 2.0066185069071416
0.14 0 0.01 3.0307048165459007
0.14 0 0.02 2.8107709317660223
0.14 0 0.03 2.08011980326806
0.14 0 0.04 4.0924607230067105
0.14 0 0.05 3.1496104162444154
0.14 0 0.06 2.8594148240655
0.14 0 0.07 5.724414459293352
0.14 0 0.08 3.3174891195182195
0.14 0 0.09 3.1079560636265082
0.14 0 0.1 2.123084408720964
0.14 0 0.11 1.1277566360564695
0.14 0 0.12 1.1873311269422113
0.14 0 0.13 1.3677456649980968
0.14 0 0.14 0.6234742320049899
0.14 0 0.15 0.44807573481112356
0.14 0 0.16 0.8772940626178524
0.14 0 0.17 1.142141913933413
0.14 0 0.18 1.5231421513287078
0.14 0 0.19 2.366240169383161
0.14 0 0.2 2.48091619216286
0.14 0 0.21 0.9986324429493242
0.14 0 0.22 0.7437258690836387
0.14 0 0.23 0.7022947173526773
0.14 0 0.24 0.5291151558600259
0.14 0 0.25 0.3327252973416399
0.14 0 0.26 0.19409941126277283
0.14 0 0.27 0.14703479525975963
0.14 0 0.28 0.11614077240804253
0.14 0 0.29 0.13623649186456552
0.14 0 0.3 0.10816270363541582
0.14 0 0.31 0.14514722198856633
0.14 0 0.32 0.11091469575212796
0.14 0 0.33 0.08645502155760963
0.14 0 0.34 0.0988546709178584
0.14 0 0.35000000000000003 0.07529170444768446
0.14 0 0.36 0.09484497526057957
0.14 0 0.37 0.06344747621191557
0.14 0 0.38 0.08215058134480616
0.14 0 0.39 0.14389940991994477
0.14 0 0.4 0.09779653531157732
0.14 0 0.41000000000000003 0.09021536443451625
0.14 0 0.42 0.19659109476569497
0.14 0 0.43 0.11036674014298675
0.14 0 0.44 0.045170301783133686
0.14 0 0.45 0.09430304796271882
0.14 0 0.46 0.10184382281774786
0.14 0 0.47000000000000003 0.08761477487964212
0.14 0 0.48 0.13613816055693392
0.14 0 0.49 0.13234944951019528
0.14 0 0.5 0.047103836259837835
0.15 0 0.0 0.824834904666333
0.15 0 0.01 1.7122310816167157
0.15 0 0.02 2.091913074265329
0.15 0 0.03 4.618585870504295
0.15 0 0.04 8.132702377146517
0.15 0 0.05 6.246982481226878
0.15 0 0.06 2.4547066395443053
0.15 0 0.07 0.9406326317539566
0.15 0 0.08 0.5264548455267365
0.15 0 0.09 0.6588409755089143
0.15 0 0.1 0.5791448010269908
0.15 0 0.11 0.5808254761100274
0.15 0 0.12 1.3344363343745687
0.15 0 0.13 0.8328282132257923
0.15 0 0.14 0.7908971113238303
0.15 0 0.15 1.429462343826965
0.15 0 0.16 2.702009944381382
0.15 0 0.17 2.229601145634525
0.15 0 0.18 1.4156370903912139
0.15 0 0.19 2.5686174872108127
0.15 0 0.2 3.8389357986155246
0.15 0 0.21 3.116573935846022
0.15 0 0.22 2.419263362566476
0.15 0 0.23 3.6603606247615366
0.15 0 0.24 1.2238272389950495
0.15 0 0.25 0.5108447162061901
0.15 0 0.26 0.809126582612189
0.15 0 0.27 0.6457144085738119
0.15 0 0.28 0.5785711285793906
0.15 0 0.29 0.7670826050985641
0.15 0 0.3 0.7645913226750144
0.15 0 0.31 0.5744427753655669
0.15 0 0.32 0.527419592436121
0.15 0 0.33 0.3170820282291025
0.15 0 0.34 0.28231574265806697
0.15 0 0.35000000000000003 0.2815042819873304
0.15 0 0.36 0.23690774285558153
0.15 0 0.37 0.1929218663594564
0.15 0 0.38 0.24329858715501035
0.15 0 0.39 0.25680698105495514
0.15 0 0.4 0.1264175781238412
0.15 0 0.41000000000000003 0.2507504206723374
0.15 0 0.42 0.28115922306262003
0.15 0 0.43 0.19021845159758358
0.15 0 0.44 0.27965813434917863
0.15 0 0.45 0.4566754019810834
0.15 0 0.46 0.382028990794154
0.15 0 0.47000000000000003 0.27783979906395806
0.15 0 0.48 0.22201089649734607
0.15 0 0.49 0.06993908361239638
0.15 0 0.5 0.045743979248848175
0.16 0 0.0 0.8568570218940975
0.16 0 0.01 0.7195794715452627
0.16 0 0.02 0.2953669776723171
0.16 0 0.03 0.12327751266989923
0.16 0 0.04 0.19574618667449706
0.16 0 0.05 0.20197501994811426
0.16 0 0.06 0.30070715382659635
0.16 0 0.07 0.37411284296796743
0.16 0 0.08 0.5802928787814176
0.16 0 0.09 1.0164720206486206
0.16 0 0.1 1.068881804212528
0.16 0 0.11 1.1231205805171414
0.16 0 0.12 1.4566559885689851
0.16 0 0.13 1.3208223730555793
0.16 0 0.14 0.5384530562138492
0.16 0 0.15 0.43425469939213396
0.16 0 0.16 0.3747291836927887
0.16 0 0.17 0.20421399791745934
0.16 0 0.18 0.1474594181445155
0.16 0 0.19 0.3489315977174153
0.16 0 0.2 0.38829069282230866
0.16 0 0.21 0.2037332023658442
0.16 0 0.22 0.31814981229013783
0.16 0 0.23 0.5197680195450962
0.16 0 0.24 0.5764532194305065
0.16 0 0.25 0.6529920784300396
0.16 0 0.26 0.9379399414135036
0.16 0 0.27 0.7068028290828738
0.16 0 0.28 0.8951896096204007
0.16 0 0.29 0.6051893438483259
0.16 0 0.3 0.615076703937122
0.16 0 0.31 2.787137630034281
0.16 0 0.32 2.821780859123394
0.16 0 0.33 2.7266929001390423
0.16 0 0.34 3.2519611599199107
0.16 0 0.35000000000000003 1.490897916463762
0.16 0 0.36 0.3513398172850761
0.16 0 0.37 0.3504883089288756
0.16 0 0.38 0.8539131879834433
0.16 0 0.39 0.9419714418963477
0.16 0 0.4 0.9984536993699152
0.16 0 0.41000000000000003 1.3267362673747418
0.16 0 0.42 1.2701396330228178
0.16 0 0.43 0.5653440718897338
0.16 0 0.44 0.6334064119039856
0.16 0 0.45 0.972994716335294
0.16 0 0.46 0.9611767215015334
0.16 0 0.47000000000000003 0.8114628520128703
0.16 0 0.48 0.9830332684105992
0.16 0 0.49 1.066691384895184
0.16 0 0.5 0.7485910657210043
0.17 0 0.0 0.1983641463967937
0.17 0 0.01 0.11457575172050637
0.17 0 0.02 0.06208822191011284
0.17 0 0.03 0.08306287498941363
0.17 0 0.04 0.11053547217230485
0.17 0 0.05 0.09414670853696155
0.17 0 0.06 0.14114995233716165
0.17 0 0.07 0.18491837474190947
0.17 0 0.08 0.16964705239742
0.17 0 0.09 0.24839421363946979
0.17 0 0.1 0.12109422566158265
0.17 0 0.11 0.2352926169015204
0.17 0 0.12 1.0694375370600082
0.17 0 0.13 1.1473298216050352
0.17 0 0.14 0.9380258914548805
0.17 0 0.15 1.1525663060500233
0.17 0 0.16 0.590835097324496
0.17 0 0.17 0.17116117617389937
0.17 0 0.18 0.31501312543285104
0.17 0 0.19 0.3717377699864768
0.17 0 0.2 0.25886045639764976
0.17 0 0.21 0.2693257474460431
0.17 0 0.22 0.37013013080558627
0.17 0 0.23 0.4064281592756732
0.17 0 0.24 0.28983620020604733
0.17 0 0.25 0.41553515412312064
0.17 0 0.26 0.6152835592973316
0.17 0 0.27 1.204129803061426
0.17 0 0.28 2.0227142718727915
0.17 0 0.29 2.7223756527531924
0.17 0 0.3 4.376635577634901
0.17 0 0.31 6.677988537782174
0.17 0 0.32 4.273433258826048
0.17 0 0.33 3.587755730808037
0.17 0 0.34 4.491878864258061
0.17 0 0.35000000000000003 3.103110365623192
0.17 0 0.36 2.182711243618208
0.17 0 0.37 1.0943246335307923
0.17 0 0.38 1.167925650973207
0.17 0 0.39 1.0007762108005278
0.17 0 0.4 1.5063290215245826
0.17 0 0.41000000000000003 6.599213135108312
0.17 0 0.42 11.803283436749975
0.17 0 0.43 6.974065612429634
0.17 0 0.44 3.9917124553339787
0.17 0 0.45 3.386438772303455
0.17 0 0.46 1.4045990639934356
0.17 0 0.47000000000000003 1.5081855018606978
0.17 0 0.48 1.2466415939890743
0.17 0 0.49 0.7761062696205662
0.17 0 0.5 0.9088796346294724
0.18 0 0.0 0.548921493950937
0.18 0 0.01 0.6038006825848625
0.18 0 0.02 0.358909269075855
0.18 0 0.03 0.25252900773583226
0.18 0 0.04 0.23830375105461066
0.18 0 0.05 0.38247286786484036
0.18 0 0.06 0.44329916576679884
0.18 0 0.07 0.38981403289361205
0.18 0 0.08 0.7595254403878916
0.18 0 0.09 0.553728585452051
0.18 0 0.1 0.2867172647638664
0.18 0 0.11 0.43898249632134206
0.18 0 0.12 1.0096559516047972
0.18 0 0.13 1.107431297007769
0.18 0 0.14 2.8849231767338774
0.18 0 0.15 8.488689049642947
0.18 0 0.16 7.564446335847097
0.18 0 0.17 3.3326164307861688
0.18 0 0.18 1.325401396639647
0.18 0 0.19 0.8291810164706256
0.18 0 0.2 0.45283392586088683
0.18 0 0.21 0.37944778765430864
0.18 0 0.22 0.6156927741843207
0.18 0 0.23 1.5336065154427871
0.18 0 0.24 1.4645246314271168
0.18 0 0.25 2.08175733978209
0.18 0 0.26 3.169035410573624
0.18 0 0.27 2.0236034784651027
0.18 0 0.28 1.6463871504677787
0.18 0 0.29 1.0062442173392805
0.18 0 0.3 1.986265111622645
0.18 0 0.31 2.0419586868197834
0.18 0 0.32 0.6594920643759512
0.18 0 0.33 0.44697006006435525
0.18 0 0.34 0.5355034677031721
0.18 0 0.35000000000000003 0.31127283904906383
0.18 0 0.36 0.20332785753073704
0.18 0 0.37 0.5439574477705624
0.18 0 0.38 0.6195742005765648
0.18 0 0.39 0.3585975317729733
0.18 0 0.4 0.38784751655358723
0.18 0 0.41000000000000003 0.7885057258872321
0.18 0 0.42 0.9729263033734549
0.18 0 0.43 1.9374019843260102
0.18 0 0.44 6.851709550994131
0.18 0 0.45 10.0987693714204
0.18 0 0.46 8.573922563244523
0.18 0 0.47000000000000003 6.918470073917581
0.18 0 0.48 8.08644071302087
0.18 0 0.49 9.347712161363452
0.18 0 0.5 8.183184549439355
0.19 0 0.0 1.5759812311088468
0.19 0 0.01 3.338005323250337
0.19 0 0.02 2.3138702822913277
0.19 0 0.03 0.9474446047832422
0.19 0 0.04 0.5672615132956249
0.19 0 0.05 0.2315838979084046
0.19 0 0.06 0.20295100827121568
0.19 0 0.07 0.25403290076085633
0.19 0 0.08 0.4904113792789179
0.19 0 0.09 0.5295767423853417
0.19 0 0.1 0.4140341824102142
0.19 0 0.11 0.691252552570745
0.19 0 0.12 0.6704600256103309
0.19 0 0.13 0.5609375972099079
0.19 0 0.14 0.5967121984686211
0.19 0 0.15 0.953171267848331
0.19 0 0.16 0.5555555001037827
0.19 0 0.17 0.5235249552520862
0.19 0 0.18 0.8697959450270437
0.19 0 0.19 0.7483367902947505
0.19 0 0.2 0.7502708938967471
0.19 0 0.21 0.5952916877215033
0.19 0 0.22 0.45410656614868083
0.19 0 0.23 0.2187716691831724
0.19 0 0.24 0.17711629763002396
0.19 0 0.25 0.18710442360368484
0.19 0 0.26 0.20695188592894226
0.19 0 0.27 0.335949050505285
0.19 0 0.28 0.3136531069674825
0.19 0 0.29 0.14802090504520315
0.19 0 0.3 0.16122524929239546
0.19 0 0.31 0.19091639473154864
0.19 0 0.32 0.10427659779152518
0.19 0 0.33 0.21026190605736708
0.19 0 0.34 0.17725756521836486
0.19 0 0.35000000000000003 0.04188695707832591
0.19 0 0.36 0.016097847286786957
0.19 0 0.37 0.02181472382610589
0.19 0 0.38 0.044202860017342006
0.19 0 0.39 0.07431193002464533
0.19 0 0.4 0.19717651458369564
0.19 0 0.41000000000000003 0.31470621653784003
0.19 0 0.42 0.5157735857104612
0.19 0 0.43 0.6239388183537686
0.19 0 0.44 1.4828868868212086
0.19 0 0.45 3.097735085694165
0.19 0 0.46 3.3403046828198457
0.19 0 0.47000000000000003 3.902850763334505
0.19 0 0.48 3.3665387673115
0.19 0 0.49 6.583042496950559
0.19 0 0.5 9.37610259488313
0.2 0 0.0 1.6531220135067883
0.2 0 0.01 1.5785145953483453
0.2 0 0.02 0.8520457029828783
0.2 0 0.03 0.7170972601596294
0.2 0 0.04 0.6897472018742862
0.2 0 0.05 0.8241572917993579
0.2 0 0.06 0.5399272877123233
0.2 0 0.07 0.6297573185138908
0.2 0 0.08 1.0317167723803777
0.2 0 0.09 0.840820965505593
0.2 0 0.1 0.5974546091163931
0.2 0 0.11 1.2185253060764298
0.2 0 0.12 1.0576343783357123
0.2 0 0.13 0.35250200463126874
0.2 0 0.14 0.4794539070386207
0.2 0 0.15 0.6754173111177478
0.2 0 0.16 0.6008322982875662
0.2 0 0.17 0.6720934341554353
0.2 0 0.18 0.7972217456288174
0.2 0 0.19 0.4697188509472291
0.2 0 0.2 0.4469089767905577
0.2 0 0.21 0.49252321151344924
0.2 0 0.22 1.021825548012642
0.2 0 0.23 2.777284130223395
0.2 0 0.24 1.9915316332518365
0.2 0 0.25 1.5132857073653958
0.2 0 0.26 0.6611132740744338
0.2 0 0.27 0.30720663644657287
0.2 0 0.28 0.15617104807270962
0.2 0 0.29 0.20663623327870134
0.2 0 0.3 0.38981123307854887
0.2 0 0.31 0.16291695406422663
0.2 0 0.32 0.07277893577862199
0.2 0 0.33 0.06753754903709627
0.2 0 0.34 0.07346359458622455
0.2 0 0.35000000000000003 0.05587724497821212
0.2 0 0.36 0.08178998977754769
0.2 0 0.37 0.05250419686466382
0.2 0 0.38 0.009511733441768129
0.2 0 0.39 0.002731591327598112
0.2 0 0.4 0.003717312842906836
0.2 0 0.41000000000000003 0.013534996296889243
0.2 0 0.42 0.0360007606838416
0.2 0 0.43 0.07841044995383255
0.2 0 0.44 0.0791599012432195
0.2 0 0.45 0.056527557814553424
0.2 0 0.46 0.04617911894382358
0.2 0 0.47000000000000003 0.08040323014262024
0.2 0 0.48 0.1442142364043392
0.2 0 0.49 0.3570563554660294
0.2 0 0.5 0.4253908865955511
0.21 0 0.0 0.4286969916707217
0.21 0 0.01 0.7775455767462753
0.21 0 0.02 0.3453222857007969
0.21 0 0.03 0.2848102288388034
0.21 0 0.04 0.3818823296897069
0.21 0 0.05 0.29109266313165133
0.21 0 0.06 0.19535206816193895
0.21 0 0.07 0.21215023309649939
0.21 0 0.08 0.2992438195144698
0.21 0 0.09 0.20207829926990184
0.21 0 0.1 0.28416426440363574
0.21 0 0.11 0.33426790747378077
0.21 0 0.12 0.3514320077500556
0.21 0 0.13 0.45018311772745123
0.21 0 0.14 0.9091709961125342
0.21 0 0.15 1.599021079279541
0.21 0 0.16 1.7179755369234584
0.21 0 0.17 2.512590358771495
0.21 0 0.18 1.7029384117472928
0.21 0 0.19 1.7802681145559658
0.21 0 0.2 1.2594935284931188
0.21 0 0.21 0.466308762114887
0.21 0 0.22 0.3395341459192495
0.21 0 0.23 0.5193173240655234
0.21 0 0.24 0.88572558699242
0.21 0 0.25 1.508150267379018
0.21 0 0.26 3.3848193406545986
0.21 0 0.27 4.351180375176158
0.21 0 0.28 2.178796752323028
0.21 0 0.29 1.0106764786478006
0.21 0 0.3 1.4170525040420416
0.21 0 0.31 0.7047983400148763
0.21 0 0.32 0.4623074850975026
0.21 0 0.33 0.802183706774212
0.21 0 0.34 0.41369586021892435
0.21 0 0.35000000000000003 0.15505249628556467
0.21 0 0.36 0.13676055423354347
0.21 0 0.37 0.18805152033731182
0.21 0 0.38 0.12672605445696872
0.21 0 0.39 0.13155604452982111
0.21 0 0.4 0.0662400856649308
0.21 0 0.41000000000000003 0.0319507863289753
0.21 0 0.42 0.027283343988440182
0.21 0 0.43 0.024123848918522758
0.21 0 0.44 0.06686719764506377
0.21 0 0.45 0.12694344113620515
0.21 0 0.46 0.09633422219824866
0.21 0 0.47000000000000003 0.03781744096057146
0.21 0 0.48 0.03734512822404907
0.21 0 0.49 0.06391211110787914
0.21 0 0.5 0.08443731584660472
0.22 0 0.0 2.3496479689851126
0.22 0 0.01 1.8180966436198582
0.22 0 0.02 0.6293433031564818
0.22 0 0.03 0.3762204458425754
0.22 0 0.04 0.2681250186608093
0.22 0 0.05 0.07088804180161958
0.22 0 0.06 0.02844397945687765
0.22 0 0.07 0.030183021235945573
0.22 0 0.08 0.029349901784719936
0.22 0 0.09 0.029325697893388195
0.22 0 0.1 0.06537152458238925
0.22 0 0.11 0.29348895275225023
0.22 0 0.12 0.35826734185797937
0.22 0 0.13 0.3250331812966117
0.22 0 0.14 0.3616737176569173
0.22 0 0.15 0.3091970796576043
0.22 0 0.16 0.3138650903030139
0.22 0 0.17 0.8478812800151833
0.22 0 0.18 1.607647125660193
0.22 0 0.19 2.054111546385512
0.22 0 0.2 2.9445882825025995
0.22 0 0.21 2.24768222151767
0.22 0 0.22 5.481836624226849
0.22 0 0.23 7.628685066545949
0.22 0 0.24 4.917397282347362
0.22 0 0.25 3.5507234345634333
0.22 0 0.26 3.3502750638571657
0.22 0 0.27 3.108099558823516
0.22 0 0.28 2.0407880504466966
0.22 0 0.29 2.953786943260393
0.22 0 0.3 2.012126389767389
0.22 0 0.31 0.9062272783503619
0.22 0 0.32 0.6623723235473025
0.22 0 0.33 0.6646702890976599
0.22 0 0.34 0.45226763905406536
0.22 0 0.35000000000000003 0.4953275827156832
0.22 0 0.36 0.7579279323774526
0.22 0 0.37 0.5207189204370094
0.22 0 0.38 0.4282509473213715
0.22 0 0.39 0.30847412220394277
0.22 0 0.4 0.24869741090892464
0.22 0 0.41000000000000003 0.23868469003377574
0.22 0 0.42 0.1856812829339847
0.22 0 0.43 0.08617803309010665
0.22 0 0.44 0.07072662582177168
0.22 0 0.45 0.05771085873787742
0.22 0 0.46 0.0544959381273611
0.22 0 0.47000000000000003 0.08032828340950157
0.22 0 0.48 0.06145132485683329
0.22 0 0.49 0.04723311204620011
0.22 0 0.5 0.01137920909854251
0.23 0 0.0 0.15322355857164935
0.23 0 0.01 0.16594342349398758
0.23 0 0.02 0.15966429160207435
0.23 0 0.03 0.47794520520091827
0.23 0 0.04 0.674381651235867
0.23 0 0.05 0.31881575931560757
0.23 0 0.06 0.11333597660585616
0.23 0 0.07 0.11414536711661244
0.23 0 0.08 0.08226685235926498
0.23 0 0.09 0.0770090505802348
0.23 0 0.1 0.1349734423792164
0.23 0 0.11 0.18160540968644118
0.23 0 0.12 0.18259009551155397
0.23 0 0.13 0.11808282004248878
0.23 0 0.14 0.14207818649388118
0.23 0 0.15 0.17389999122725616
0.23 0 0.16 0.3875790085435269
0.23 0 0.17 0.5248333488331057
0.23 0 0.18 0.8237866542310746
0.23 0 0.19 3.3233635124805643
0.23 0 0.2 3.7543184867605914
0.23 0 0.21 3.68766230155528
0.23 0 0.22 11.442449341011546
0.23 0 0.23 18.57125842831898
0.23 0 0.24 13.506139619103372
0.23 0 0.25 32.16760876958446
0.23 0 0.26 41.344679434278724
0.23 0 0.27 17.009425725109008
0.23 0 0.28 5.219235423962363
0.23 0 0.29 3.265568152060962
0.23 0 0.3 2.533872773262623
0.23 0 0.31 0.9302536139437407
0.23 0 0.32 0.5651708467269276
0.23 0 0.33 0.3746553299231597
0.23 0 0.34 0.254174168151001
0.23 0 0.35000000000000003 0.14022143886698155
0.23 0 0.36 0.15156172365715023
0.23 0 0.37 0.10378811022002749
0.23 0 0.38 0.053980869976481945
0.23 0 0.39 0.05200426447505642
0.23 0 0.4 0.04658881254928916
0.23 0 0.41000000000000003 0.09180572611511502
0.23 0 0.42 0.0954775553542851
0.23 0 0.43 0.08027326947797146
0.23 0 0.44 0.070880444596957
0.23 0 0.45 0.04890155998664745
0.23 0 0.46 0.019054272284709156
0.23 0 0.47000000000000003 0.0088462538399583
0.23 0 0.48 0.013590775166379316
0.23 0 0.49 0.011588684558292707
0.23 0 0.5 0.005698224773008223
0.24 0 0.0 0.1168609558057133
0.24 0 0.01 0.04951632793885192
0.24 0 0.02 0.04175890503117122
0.24 0 0.03 0.1562243782192059
0.24 0 0.04 0.23934541254908515
0.24 0 0.05 0.18853406624688407
0.24 0 0.06 0.481786412568697
0.24 0 0.07 0.5708464402609927
0.24 0 0.08 0.40976102269683495
0.24 0 0.09 0.3518881731427314
0.24 0 0.1 0.33740042063869435
0.24 0 0.11 0.2580948697058573
0.24 0 0.12 0.1927502024785077
0.24 0 0.13 0.13376492936694523
0.24 0 0.14 0.12057195015045201
0.24 0 0.15 0.10955808407878753
0.24 0 0.16 0.07904550796789482
0.24 0 0.17 0.13034801676035318
0.24 0 0.18 0.27591985467809493
0.24 0 0.19 1.1831605649304606
0.24 0 0.2 2.1827511003252047
0.24 0 0.21 3.149925217909894
0.24 0 0.22 4.6687489652959915
0.24 0 0.23 2.756437465790915
0.24 0 0.24 2.2037786323250947
0.24 0 0.25 2.6145898766150766
0.24 0 0.26 6.223302393447619
0.24 0 0.27 6.200646657206714
0.24 0 0.28 4.334344253457101
0.24 0 0.29 3.0439452917366707
0.24 0 0.3 1.0341965823289578
0.24 0 0.31 0.2535997141287699
0.24 0 0.32 0.16016099422180205
0.24 0 0.33 0.19673735031097586
0.24 0 0.34 0.13744774720283917
0.24 0 0.35000000000000003 0.16462910746427895
0.24 0 0.36 0.13630432849070837
0.24 0 0.37 0.129969464905668
0.24 0 0.38 0.25056924700492217
0.24 0 0.39 0.2235009511418154
0.24 0 0.4 0.09122149395375949
0.24 0 0.41000000000000003 0.07704412666167434
0.24 0 0.42 0.03300966333562692
0.24 0 0.43 0.01295541607729886
0.24 0 0.44 0.0364848440066686
0.24 0 0.45 0.055222477987189086
0.24 0 0.46 0.07004480678589006
0.24 0 0.47000000000000003 0.10326008658194184
0.24 0 0.48 0.12946626656820195
0.24 0 0.49 0.07114972501166836
0.24 0 0.5 0.035949412999912715
0.25 0 0.0 0.2128957860353958
0.25 0 0.01 0.16205012497570503
0.25 0 0.02 0.34862718728349673
0.25 0 0.03 0.8454319762742767
0.25 0 0.04 1.248734444998281
0.25 0 0.05 1.1299009598962457
0.25 0 0.06 1.117215268775606
0.25 0 0.07 0.9567995285852104
0.25 0 0.08 0.3833598716619046
0.25 0 0.09 0.215192321041775
0.25 0 0.1 0.18527102107069468
0.25 0 0.11 0.35222880860750205
0.25 0 0.12 0.23631011223436824
0.25 0 0.13 0.17505082909816785
0.25 0 0.14 0.24003985884672382
0.25 0 0.15 0.2524031015858862
0.25 0 0.16 0.31336437050668775
0.25 0 0.17 0.2585812391892698
0.25 0 0.18 0.3337792882694447
0.25 0 0.19 0.3920983106125515
0.25 0 0.2 0.28361676815991765
0.25 0 0.21 0.6382566517871358
0.25 0 0.22 4.215862811681528
0.25 0 0.23 3.701863215228563
0.25 0 0.24 2.1511599987626786
0.25 0 0.25 3.034196293439983
0.25 0 0.26 1.6820397905767903
0.25 0 0.27 0.8913956601238956
0.25 0 0.28 1.282864998257469
0.25 0 0.29 2.14668305462777
0.25 0 0.3 0.8792301029559136
0.25 0 0.31 0.4843864651074582
0.25 0 0.32 0.30359921477047086
0.25 0 0.33 0.25414728682007737
0.25 0 0.34 0.29772728923018604
0.25 0 0.35000000000000003 0.24536679452965077
0.25 0 0.36 0.24138766005055862
0.25 0 0.37 0.19713423915454242
0.25 0 0.38 0.18455710066414074
0.25 0 0.39 0.10561106596171918
0.25 0 0.4 0.2548617671524799
0.25 0 0.41000000000000003 0.6543088621569104
0.25 0 0.42 0.344545274259194
0.25 0 0.43 0.30399382575069134
0.25 0 0.44 0.2852608284388958
0.25 0 0.45 0.16498138933670017
0.25 0 0.46 0.14707909682456374
0.25 0 0.47000000000000003 0.26645854071219677
0.25 0 0.48 0.2550848536085625
0.25 0 0.49 0.1576908681275369
0.25 0 0.5 0.08156468031556076
0.26 0 0.0 0.15510849155878526
0.26 0 0.01 0.147540012858782
0.26 0 0.02 0.16132039961715233
0.26 0 0.03 0.25994720238469027
0.26 0 0.04 0.1467432174386381
0.26 0 0.05 0.1388911620631986
0.26 0 0.06 0.20749722590464473
0.26 0 0.07 0.15008789448528861
0.26 0 0.08 0.12867312459323882
0.26 0 0.09 0.21597662500716966
0.26 0 0.1 0.2536472697574301
0.26 0 0.11 0.25527541467335146
0.26 0 0.12 0.4092633475166017
0.26 0 0.13 0.4162624124807171
0.26 0 0.14 0.6205014041917498
0.26 0 0.15 0.694535298010065
0.26 0 0.16 0.4510332078225286
0.26 0 0.17 0.19478706360113893
0.26 0 0.18 0.3089053434946187
0.26 0 0.19 0.7115800628598923
0.26 0 0.2 0.6099286585863084
0.26 0 0.21 2.0091737037575967
0.26 0 0.22 2.876233351065047
0.26 0 0.23 1.4170861129656058
0.26 0 0.24 1.1303297422113283
0.26 0 0.25 1.17517819057111
0.26 0 0.26 0.6340128567095393
0.26 0 0.27 0.4241126360739907
0.26 0 0.28 0.4528772368284428
0.26 0 0.29 0.362751100109599
0.26 0 0.3 0.3945756781192464
0.26 0 0.31 0.17177861835596178
0.26 0 0.32 0.08147486600318955
0.26 0 0.33 0.05902795079744769
0.26 0 0.34 0.03264225968023271
0.26 0 0.35000000000000003 0.02151345860640869
0.26 0 0.36 0.034284805712161096
0.26 0 0.37 0.06113604731764353
0.26 0 0.38 0.06483535524080983
0.26 0 0.39 0.054749101823841184
0.26 0 0.4 0.05614324944731741
0.26 0 0.41000000000000003 0.0811235768144598
0.26 0 0.42 0.0331469701418212
0.26 0 0.43 0.029752107936630558
0.26 0 0.44 0.0507852516183798
0.26 0 0.45 0.051542815821220916
0.26 0 0.46 0.04812556733531091
0.26 0 0.47000000000000003 0.07545403843575507
0.26 0 0.48 0.17933334510098534
0.26 0 0.49 0.10143158688692658
0.26 0 0.5 0.0835794605858994
0.27 0 0.0 0.18768186502947226
0.27 0 0.01 0.11137882874410213
0.27 0 0.02 0.18260247165528112
0.27 0 0.03 0.19514194182683087
0.27 0 0.04 0.12050354694088174
0.27 0 0.05 0.11736013486951657
0.27 0 0.06 0.20154681414678352
0.27 0 0.07 0.19177670250362813
0.27 0 0.08 0.35798235164169284
0.27 0 0.09 0.23999610232615184
0.27 0 0.1 0.10859511838054776
0.27 0 0.11 0.10014277844960488
0.27 0 0.12 0.04567410755440512
0.27 0 0.13 0.06664028665558315
0.27 0 0.14 0.22177352361914535
0.27 0 0.15 0.2992871576412056
0.27 0 0.16 0.20379877815941844
0.27 0 0.17 0.3014087929688888
0.27 0 0.18 0.31920323671704254
0.27 0 0.19 0.17203202962028113
0.27 0 0.2 0.12743368317787318
0.27 0 0.21 0.16571937393860978
0.27 0 0.22 0.12583130687747923
0.27 0 0.23 0.050284763219988586
0.27 0 0.24 0.04317140163650675
0.27 0 0.25 0.0309900926039564
0.27 0 0.26 0.02197785008293001
0.27 0 0.27 0.014545605242196955
0.27 0 0.28 0.01543768301600028
0.27 0 0.29 0.012211974005379038
0.27 0 0.3 0.007627650305775067
0.27 0 0.31 0.00872389008948002
0.27 0 0.32 0.010398255494068226
0.27 0 0.33 0.010593960185925105
0.27 0 0.34 0.004018993169146344
0.27 0 0.35000000000000003 0.0026521092293471916
0.27 0 0.36 0.00218321583668061
0.27 0 0.37 0.003716216405496158
0.27 0 0.38 0.006756694794339508
0.27 0 0.39 0.006742908427629477
0.27 0 0.4 0.01637383276296958
0.27 0 0.41000000000000003 0.012725507247970865
0.27 0 0.42 0.0050695051506321614
0.27 0 0.43 0.007720768616074729
0.27 0 0.44 0.013652041332518104
0.27 0 0.45 0.008324482822500881
0.27 0 0.46 0.01433579068811561
0.27 0 0.47000000000000003 0.028450442937272263
0.27 0 0.48 0.027748296424256504
0.27 0 0.49 0.046439918167207696
0.27 0 0.5 0.08299179309338604
0.28 0 0.0 0.12906563321772516
0.28 0 0.01 0.20016804266030414
0.28 0 0.02 0.3060365366941881
0.28 0 0.03 0.33533197432102446
0.28 0 0.04 0.38001377162839706
0.28 0 0.05 0.3564074944278992
0.28 0 0.06 0.1888797309518569
0.28 0 0.07 0.16020288272252003
0.28 0 0.08 0.12323756909068878
0.28 0 0.09 0.06812373365921696
0.28 0 0.1 0.05816511832940681
0.28 0 0.11 0.11019359921512449
0.28 0 0.12 0.08340406354280908
0.28 0 0.13 0.081507784786885
0.28 0 0.14 0.10719511390469101
0.28 0 0.15 0.09458628239521576
0.28 0 0.16 0.09198631783886572
0.28 0 0.17 0.054343971720409195
0.28 0 0.18 0.05208635103697777
0.28 0 0.19 0.017962608366318644
0.28 0 0.2 0.007992687270490061
0.28 0 0.21 0.013721469409120779
0.28 0 0.22 0.018664479732880726
0.28 0 0.23 0.01367967948312013
0.28 0 0.24 0.013830047680692965
0.28 0 0.25 0.014035318945866078
0.28 0 0.26 0.005475102983257138
0.28 0 0.27 0.005443066519333186
0.28 0 0.28 0.005590026541771895
0.28 0 0.29 0.005870886664321692
0.28 0 0.3 0.007891305992165882
0.28 0 0.31 0.005940679434334053
0.28 0 0.32 0.005071335686796744
0.28 0 0.33 0.00887839570490575
0.28 0 0.34 0.012724785367109828
0.28 0 0.35000000000000003 0.01339964087439263
0.28 0 0.36 0.021864632845429673
0.28 0 0.37 0.011531658436029608
0.28 0 0.38 0.0029451961265007072
0.28 0 0.39 0.001497696640684054
0.28 0 0.4 0.0031345461420282995
0.28 0 0.41000000000000003 0.0024360591426612
0.28 0 0.42 0.0014699796432713775
0.28 0 0.43 0.0036083787731847664
0.28 0 0.44 0.0035284454987689123
0.28 0 0.45 0.0032360893664712073
0.28 0 0.46 0.004293156979949235
0.28 0 0.47000000000000003 0.009042783447067685
0.28 0 0.48 0.013217820804827737
0.28 0 0.49 0.018894822487148334
0.28 0 0.5 0.03779497198791165
0.29 0 0.0 0.11294864764526227
0.29 0 0.01 0.10816927251096964
0.29 0 0.02 0.10116135445113836
0.29 0 0.03 0.1159286666299709
0.29 0 0.04 0.053076214298442004
0.29 0 0.05 0.048952585002586535
0.29 0 0.06 0.06341088788761988
0.29 0 0.07 0.07033394789033949
0.29 0 0.08 0.11208810253031957
0.29 0 0.09 0.06381300421323738
0.29 0 0.1 0.043994516645868634
0.29 0 0.11 0.028575609976439043
0.29 0 0.12 0.022477352024739525
0.29 0 0.13 0.044582077197180575
0.29 0 0.14 0.16162412441486596
0.29 0 0.15 0.24851780806002563
0.29 0 0.16 0.19451907439987612
0.29 0 0.17 0.17568313843701208
0.29 0 0.18 0.10368451082255271
0.29 0 0.19 0.051326217146564754
0.29 0 0.2 0.03832326198588307
0.29 0 0.21 0.03401249886069023
0.29 0 0.22 0.009863846165985242
0.29 0 0.23 0.007136395657857568
0.29 0 0.24 0.01017889612976748
0.29 0 0.25 0.011240734449930928
0.29 0 0.26 0.016683515028576974
0.29 0 0.27 0.020634403325273023
0.29 0 0.28 0.015719805870917706
0.29 0 0.29 0.014352641680249295
0.29 0 0.3 0.02942183693989939
0.29 0 0.31 0.023538218891625454
0.29 0 0.32 0.03309283694626463
0.29 0 0.33 0.024619609406678535
0.29 0 0.34 0.0050977680228509615
0.29 0 0.35000000000000003 0.002465803921017048
0.29 0 0.36 0.0020142140493992107
0.29 0 0.37 0.0036068523120699903
0.29 0 0.38 0.007226975319580789
0.29 0 0.39 0.013295996866257412
0.29 0 0.4 0.007904306683284632
0.29 0 0.41000000000000003 0.0017939136207327732
0.29 0 0.42 0.0006648712665385784
0.29 0 0.43 0.00082506098747545
0.29 0 0.44 0.0010935697639983084
0.29 0 0.45 0.001234770797610849
0.29 0 0.46 0.001959437144607427
0.29 0 0.47000000000000003 0.001879692732542047
0.29 0 0.48 0.0024521091596401414
0.29 0 0.49 0.003707843741089899
0.29 0 0.5 0.006899393556575864
0.3 0 0.0 0.16964370974413778
0.3 0 0.01 0.13578068836668272
0.3 0 0.02 0.1564288279407178
0.3 0 0.03 0.16791265514596646
0.3 0 0.04 0.19783956381169332
0.3 0 0.05 0.11669614194921818
0.3 0 0.06 0.07225623368846744
0.3 0 0.07 0.07652936039890003
0.3 0 0.08 0.05468888388478796
0.3 0 0.09 0.023333843510839045
0.3 0 0.1 0.0517037965507219
0.3 0 0.11 0.07290986115525928
0.3 0 0.12 0.016133282513869935
0.3 0 0.13 0.01381023741772265
0.3 0 0.14 0.0096425509722363
0.3 0 0.15 0.00551979640934295
0.3 0 0.16 0.006677199647232621
0.3 0 0.17 0.014758367578059864
0.3 0 0.18 0.015893819715817895
0.3 0 0.19 0.009066059277907145
0.3 0 0.2 0.007756593345983677
0.3 0 0.21 0.005899357320317193
0.3 0 0.22 0.006654558110753928
0.3 0 0.23 0.0058468528533766745
0.3 0 0.24 0.007387913218515003
0.3 0 0.25 0.007733621813670698
0.3 0 0.26 0.0064289234652303694
0.3 0 0.27 0.004714258683566469
0.3 0 0.28 0.0029107200590950634
0.3 0 0.29 0.0029207760133376256
0.3 0 0.3 0.0022163615285649245
0.3 0 0.31 0.0019413621501088915
0.3 0 0.32 0.003780010110052406
0.3 0 0.33 0.007085151021471959
0.3 0 0.34 0.003816093416776773
0.3 0 0.35000000000000003 0.0028245616358508366
0.3 0 0.36 0.002008472625828469
0.3 0 0.37 0.0010407537150368008
0.3 0 0.38 0.0007494092568043165
0.3 0 0.39 0.001584038006077915
0.3 0 0.4 0.005982845584160352
0.3 0 0.41000000000000003 0.005597126979384341
0.3 0 0.42 0.009716779550759655
0.3 0 0.43 0.009242113076187688
0.3 0 0.44 0.002548488513001847
0.3 0 0.45 0.0012600642191766462
0.3 0 0.46 0.0018586274966014955
0.3 0 0.47000000000000003 0.0029180544455413462
0.3 0 0.48 0.0036347197423161146
0.3 0 0.49 0.006413216456646593
0.3 0 0.5 0.005992423902957666
#STOP
